118
1
0.04378077 0.4283207 2.942119
0.03840021 0.7373009 2.943065
0.03253985 1.041229 2.931497
0.02671489 1.177231 2.898281
-0.1467669 0.9310742 2.929526
-0.1781889 0.6656937 2.935333
-0.1723406 0.4614131 2.877871
-0.1536932 0.3980283 2.874124
0.211845 0.9390485 2.927543
0.2580396 0.6770993 2.94618
0.2702201 0.4722424 2.892652
0.2545666 0.4298686 2.886325
-0.03653441 0.4322422 2.911345
-0.05248693 0.1425834 2.942595
-0.008010654 -0.215248 3.078882
-0.00951596 -0.2439881 3.003913
0.1229739 0.4377218 2.905135
0.152194 0.1424454 2.952518
0.1340481 -0.210802 3.091401
0.1410442 -0.241651 3.01385
0.03401509 0.9659162 2.93668
-0.1552805 0.3485142 2.870511
-0.1197312 0.4086555 2.857204
0.2552454 0.3524759 2.891064
0.2869039 0.4285531 2.876001
2
0.04397771 0.4283742 2.942562
0.03845015 0.737395 2.943319
0.03254375 1.041343 2.931646
0.02655848 1.177335 2.898519
-0.1467238 0.9309598 2.929693
-0.1779532 0.6655662 2.93562
-0.1719 0.4612473 2.87827
-0.153097 0.3979509 2.874856
0.2118335 0.9391828 2.927592
0.2581942 0.6773605 2.946359
0.2702792 0.4724794 2.892923
0.254802 0.4299057 2.887011
-0.03630243 0.4322528 2.911916
-0.05245114 0.1426775 2.942739
-0.008009225 -0.2152702 3.078962
-0.00951066 -0.2440211 3.003904
0.1231466 0.4377863 2.905463
0.1522274 0.1424671 2.95266
0.1340457 -0.2108574 3.091433
0.1410076 -0.241672 3.01389
0.03402625 0.9660248 2.936849
-0.1547989 0.3481405 2.872285
-0.1195341 0.4087685 2.857235
0.255955 0.3526673 2.891819
0.2884529 0.4288324 2.879666
3
0.04397771 0.4283742 2.942562
0.03845015 0.737395 2.943319
0.03254375 1.041343 2.931646
0.02655848 1.177335 2.898519
-0.1467238 0.9309598 2.929693
-0.1779532 0.6655662 2.93562
-0.1719 0.4612473 2.87827
-0.153097 0.3979509 2.874856
0.2118335 0.9391828 2.927592
0.2581942 0.6773605 2.946359
0.2702792 0.4724794 2.892923
0.254802 0.4299057 2.887011
-0.03630243 0.4322528 2.911916
-0.05245114 0.1426775 2.942739
-0.008009225 -0.2152702 3.078962
-0.00951066 -0.2440211 3.003904
0.1231466 0.4377863 2.905463
0.1522274 0.1424671 2.95266
0.1340457 -0.2108574 3.091433
0.1410076 -0.241672 3.01389
0.03402625 0.9660248 2.936849
-0.1547989 0.3481405 2.872285
-0.1195341 0.4087685 2.857235
0.255955 0.3526673 2.891819
0.2884529 0.4288324 2.879666
4
0.04421422 0.4284253 2.943014
0.0385155 0.7374843 2.943576
0.03255153 1.041448 2.93179
0.02642656 1.177435 2.898767
-0.1466589 0.930847 2.929866
-0.177677 0.6654476 2.935938
-0.1714727 0.4611064 2.878659
-0.1526927 0.3978266 2.875132
0.2118248 0.939312 2.92764
0.2583541 0.6776119 2.946543
0.2703471 0.4727076 2.893196
0.2550035 0.4299006 2.887284
-0.03603975 0.4322574 2.912467
-0.05239303 0.1427808 2.942897
-0.008000955 -0.2153525 3.079065
-0.00955032 -0.2441499 3.00383
0.1233641 0.4378556 2.905818
0.152264 0.1424902 2.952807
0.1340378 -0.210916 3.091466
0.1409705 -0.2416943 3.013931
0.03404312 0.9661263 2.937014
-0.1545458 0.3480918 2.872643
-0.1193919 0.4088575 2.857236
0.2564623 0.3523012 2.892165
0.2902336 0.4333554 2.881058
5
0.04421422 0.4284253 2.943014
0.0385155 0.7374843 2.943576
0.03255153 1.041448 2.93179
0.02642656 1.177435 2.898767
-0.1466589 0.930847 2.929866
-0.177677 0.6654476 2.935938
-0.1714727 0.4611064 2.878659
-0.1526927 0.3978266 2.875132
0.2118248 0.939312 2.92764
0.2583541 0.6776119 2.946543
0.2703471 0.4727076 2.893196
0.2550035 0.4299006 2.887284
-0.03603975 0.4322574 2.912467
-0.05239303 0.1427808 2.942897
-0.008000955 -0.2153525 3.079065
-0.00955032 -0.2441499 3.00383
0.1233641 0.4378556 2.905818
0.152264 0.1424902 2.952807
0.1340378 -0.210916 3.091466
0.1409705 -0.2416943 3.013931
0.03404312 0.9661263 2.937014
-0.1545458 0.3480918 2.872643
-0.1193919 0.4088575 2.857236
0.2564623 0.3523012 2.892165
0.2902336 0.4333554 2.881058
6
0.04448158 0.4284769 2.943472
0.03863535 0.7375735 2.943867
0.03261789 1.041551 2.931966
0.02631811 1.177525 2.898989
-0.1465787 0.9307339 2.930043
-0.1773839 0.6653271 2.936269
-0.171046 0.4609688 2.879041
-0.1523152 0.3978461 2.875373
0.2118379 0.9394705 2.927709
0.2585526 0.6778657 2.946733
0.2704132 0.4729243 2.893457
0.2552284 0.4299015 2.88746
-0.03574489 0.4322596 2.913013
-0.05231411 0.1428862 2.943065
-0.007994576 -0.2154054 3.079164
-0.009600621 -0.244247 3.003759
0.1236086 0.4379301 2.906183
0.1523115 0.1425145 2.952941
0.1340304 -0.2109686 3.091496
0.1409362 -0.2417156 3.013964
0.03411857 0.9662269 2.937215
-0.1548052 0.3485149 2.873071
-0.1192944 0.4089243 2.857233
0.2568902 0.3524999 2.892422
0.2909975 0.4346967 2.88185
7
0.04448158 0.4284769 2.943472
0.03863535 0.7375735 2.943867
0.03261789 1.041551 2.931966
0.02631811 1.177525 2.898989
-0.1465787 0.9307339 2.930043
-0.1773839 0.6653271 2.936269
-0.171046 0.4609688 2.879041
-0.1523152 0.3978461 2.875373
0.2118379 0.9394705 2.927709
0.2585526 0.6778657 2.946733
0.2704132 0.4729243 2.893457
0.2552284 0.4299015 2.88746
-0.03574489 0.4322596 2.913013
-0.05231411 0.1428862 2.943065
-0.007994576 -0.2154054 3.079164
-0.009600621 -0.244247 3.003759
0.1236086 0.4379301 2.906183
0.1523115 0.1425145 2.952941
0.1340304 -0.2109686 3.091496
0.1409362 -0.2417156 3.013964
0.03411857 0.9662269 2.937215
-0.1548052 0.3485149 2.873071
-0.1192944 0.4089243 2.857233
0.2568902 0.3524999 2.892422
0.2909975 0.4346967 2.88185
8
0.04478826 0.4285145 2.943924
0.03878856 0.7376577 2.944162
0.03270662 1.041653 2.932144
0.02623754 1.1776 2.899186
-0.1464648 0.9306386 2.930224
-0.1770886 0.6652049 2.936597
-0.1705681 0.460832 2.879408
-0.1515678 0.3998261 2.876002
0.2118579 0.9396318 2.927778
0.2587625 0.6781108 2.946916
0.2705025 0.4731339 2.893708
0.2554975 0.4298666 2.887616
-0.03542566 0.4322567 2.913522
-0.05221792 0.1429981 2.943232
-0.007992391 -0.2154488 3.079256
-0.009667036 -0.2443403 3.003667
0.123905 0.4379861 2.906569
0.1523654 0.1425372 2.953077
0.1340153 -0.2110321 3.091527
0.1408958 -0.241742 3.014013
0.0342191 0.9663259 2.937418
-0.1538161 0.3478259 2.874074
-0.1181555 0.4102285 2.856864
0.2571645 0.3523082 2.892576
0.2917209 0.4363255 2.881402
9
0.04478826 0.4285145 2.943924
0.03878856 0.7376577 2.944162
0.03270662 1.041653 2.932144
0.02623754 1.1776 2.899186
-0.1464648 0.9306386 2.930224
-0.1770886 0.6652049 2.936597
-0.1705681 0.460832 2.879408
-0.1515678 0.3998261 2.876002
0.2118579 0.9396318 2.927778
0.2587625 0.6781108 2.946916
0.2705025 0.4731339 2.893708
0.2554975 0.4298666 2.887616
-0.03542566 0.4322567 2.913522
-0.05221792 0.1429981 2.943232
-0.007992391 -0.2154488 3.079256
-0.009667036 -0.2443403 3.003667
0.123905 0.4379861 2.906569
0.1523654 0.1425372 2.953077
0.1340153 -0.2110321 3.091527
0.1408958 -0.241742 3.014013
0.0342191 0.9663259 2.937418
-0.1538161 0.3478259 2.874074
-0.1181555 0.4102285 2.856864
0.2571645 0.3523082 2.892576
0.2917209 0.4363255 2.881402
10
0.04507784 0.4285452 2.944336
0.03894251 0.7377322 2.94444
0.0327987 1.041745 2.932312
0.02618213 1.177667 2.899376
-0.1463111 0.9305319 2.930414
-0.1767962 0.6650953 2.936913
-0.1700198 0.4606993 2.879808
-0.1508393 0.401821 2.876626
0.2119309 0.9398654 2.927902
0.2590075 0.6783332 2.947095
0.2706179 0.4733178 2.893954
0.2558416 0.4298157 2.887756
-0.03513283 0.4322534 2.913968
-0.05209307 0.1431143 2.943409
-0.007990854 -0.2154846 3.079341
-0.009744082 -0.244423 3.003568
0.1241938 0.4380314 2.906935
0.1524387 0.1425686 2.953237
0.1340045 -0.2110763 3.091592
0.1408594 -0.2417671 3.014057
0.03432289 0.9664149 2.93761
-0.1521729 0.3470306 2.875325
-0.1167292 0.4112603 2.856242
0.2576361 0.3519391 2.892195
0.2920191 0.43619 2.880172
11
0.04507784 0.4285452 2.944336
0.03894251 0.7377322 2.94444
0.0327987 1.041745 2.932312
0.02618213 1.177667 2.899376
-0.1463111 0.9305319 2.930414
-0.1767962 0.6650953 2.936913
-0.1700198 0.4606993 2.879808
-0.1508393 0.401821 2.876626
0.2119309 0.9398654 2.927902
0.2590075 0.6783332 2.947095
0.2706179 0.4733178 2.893954
0.2558416 0.4298157 2.887756
-0.03513283 0.4322534 2.913968
-0.05209307 0.1431143 2.943409
-0.007990854 -0.2154846 3.079341
-0.009744082 -0.244423 3.003568
0.1241938 0.4380314 2.906935
0.1524387 0.1425686 2.953237
0.1340045 -0.2110763 3.091592
0.1408594 -0.2417671 3.014057
0.03432289 0.9664149 2.93761
-0.1521729 0.3470306 2.875325
-0.1167292 0.4112603 2.856242
0.2576361 0.3519391 2.892195
0.2920191 0.43619 2.880172
12
0.04544628 0.4285667 2.944766
0.03915914 0.737799 2.944743
0.03292903 1.041831 2.932497
0.02615457 1.177722 2.89955
-0.146109 0.9304234 2.930612
-0.1764789 0.6649971 2.93723
-0.1693076 0.4605787 2.880232
-0.1500696 0.4032542 2.87689
0.2120322 0.9401128 2.92804
0.259319 0.6785504 2.947279
0.2707533 0.4734853 2.894188
0.2562182 0.4297551 2.887899
-0.03477122 0.4322537 2.914419
-0.05193849 0.1432291 2.943583
-0.007994994 -0.2154996 3.079419
-0.009780717 -0.2444561 3.003526
0.1245672 0.4380572 2.907329
0.1525386 0.1426009 2.953422
0.133996 -0.2111259 3.091642
0.1408327 -0.241788 3.01409
0.0344712 0.966498 2.937822
-0.1513002 0.3466774 2.875422
-0.1154723 0.4126658 2.855912
0.2577786 0.3516306 2.892208
0.2916711 0.4309067 2.877059
13
0.04544628 0.4285667 2.944766
0.03915914 0.737799 2.944743
0.03292903 1.041831 2.932497
0.02615457 1.177722 2.89955
-0.146109 0.9304234 2.930612
-0.1764789 0.6649971 2.93723
-0.1693076 0.4605787 2.880232
-0.1500696 0.4032542 2.87689
0.2120322 0.9401128 2.92804
0.259319 0.6785504 2.947279
0.2707533 0.4734853 2.894188
0.2562182 0.4297551 2.887899
-0.03477122 0.4322537 2.914419
-0.05193849 0.1432291 2.943583
-0.007994994 -0.2154996 3.079419
-0.009780717 -0.2444561 3.003526
0.1245672 0.4380572 2.907329
0.1525386 0.1426009 2.953422
0.133996 -0.2111259 3.091642
0.1408327 -0.241788 3.01409
0.0344712 0.966498 2.937822
-0.1513002 0.3466774 2.875422
-0.1154723 0.4126658 2.855912
0.2577786 0.3516306 2.892208
0.2916711 0.4309067 2.877059
14
0.04584712 0.4285762 2.945177
0.03942293 0.7378535 2.945054
0.03310093 1.041908 2.932699
0.02615543 1.177769 2.899706
-0.1458568 0.9303038 2.930849
-0.1761185 0.664939 2.937551
-0.1684588 0.4605163 2.880674
-0.1491791 0.4046286 2.877147
0.2122316 0.9403878 2.928208
0.2597422 0.6787854 2.947475
0.2709018 0.4736483 2.894416
0.2566312 0.4297472 2.887959
-0.03438494 0.4322485 2.914833
-0.05177907 0.1433377 2.943752
-0.007997429 -0.2155127 3.079484
-0.00980775 -0.2444751 3.003497
0.1249778 0.4380681 2.907718
0.1526677 0.1426393 2.953618
0.1340007 -0.2111813 3.091678
0.1408127 -0.2418042 3.014119
0.03466384 0.9665709 2.938051
-0.1508279 0.3463076 2.875821
-0.1136537 0.4135571 2.856488
0.2586631 0.3518585 2.892386
0.2917137 0.4299062 2.876218
15
0.04584712 0.4285762 2.945177
0.03942293 0.7378535 2.945054
0.03310093 1.041908 2.932699
0.02615543 1.177769 2.899706
-0.1458568 0.9303038 2.930849
-0.1761185 0.664939 2.937551
-0.1684588 0.4605163 2.880674
-0.1491791 0.4046286 2.877147
0.2122316 0.9403878 2.928208
0.2597422 0.6787854 2.947475
0.2709018 0.4736483 2.894416
0.2566312 0.4297472 2.887959
-0.03438494 0.4322485 2.914833
-0.05177907 0.1433377 2.943752
-0.007997429 -0.2155127 3.079484
-0.00980775 -0.2444751 3.003497
0.1249778 0.4380681 2.907718
0.1526677 0.1426393 2.953618
0.1340007 -0.2111813 3.091678
0.1408127 -0.2418042 3.014119
0.03466384 0.9665709 2.938051
-0.1508279 0.3463076 2.875821
-0.1136537 0.4135571 2.856488
0.2586631 0.3518585 2.892386
0.2917137 0.4299062 2.876218
16
0.04627834 0.4285823 2.945573
0.03972774 0.7379062 2.945355
0.03331568 1.041987 2.932887
0.0261889 1.177805 2.899855
-0.1454904 0.930219 2.931188
-0.1756407 0.6648322 2.937901
-0.1676334 0.4603988 2.881087
-0.148452 0.4057123 2.877224
0.2124608 0.940645 2.928369
0.2603202 0.6790133 2.947709
0.2711 0.4737987 2.894634
0.2571323 0.4296131 2.888082
-0.0339758 0.4322529 2.915216
-0.05160818 0.143442 2.943912
-0.008000564 -0.2155231 3.079545
-0.009829386 -0.2444879 3.003476
0.1254278 0.4380638 2.908109
0.1528192 0.1426803 2.953817
0.1340017 -0.2112166 3.091726
0.1408015 -0.2418139 3.014137
0.03489954 0.9666452 2.938267
-0.150151 0.3460546 2.875536
-0.112805 0.4141536 2.856348
0.2590797 0.3517205 2.892162
0.2914622 0.4273716 2.874766
17
0.04627834 0.4285823 2.945573
0.03972774 0.7379062 2.945355
0.03331568 1.041987 2.932887
0.0261889 1.177805 2.899855
-0.1454904 0.930219 2.931188
-0.1756407 0.6648322 2.937901
-0.1676334 0.4603988 2.881087
-0.148452 0.4057123 2.877224
0.2124608 0.940645 2.928369
0.2603202 0.6790133 2.947709
0.2711 0.4737987 2.894634
0.2571323 0.4296131 2.888082
-0.0339758 0.4322529 2.915216
-0.05160818 0.143442 2.943912
-0.008000564 -0.2155231 3.079545
-0.009829386 -0.2444879 3.003476
0.1254278 0.4380638 2.908109
0.1528192 0.1426803 2.953817
0.1340017 -0.2112166 3.091726
0.1408015 -0.2418139 3.014137
0.03489954 0.9666452 2.938267
-0.150151 0.3460546 2.875536
-0.112805 0.4141536 2.856348
0.2590797 0.3517205 2.892162
0.2914622 0.4273716 2.874766
18
0.04673962 0.4285791 2.945935
0.04010683 0.7379591 2.945651
0.03363467 1.042084 2.933087
0.0263049 1.17783 2.899993
-0.1450299 0.9301549 2.931576
-0.1750544 0.6647474 2.93829
-0.1667772 0.460333 2.881425
-0.1475862 0.4068238 2.877096
0.2127432 0.9408835 2.928523
0.2609732 0.6792415 2.947915
0.2713558 0.4739505 2.894854
0.2575084 0.4295568 2.888137
-0.0335418 0.4322544 2.915557
-0.05142308 0.1435443 2.944053
-0.008003668 -0.2155382 3.079599
-0.009850924 -0.2445036 3.003457
0.1259108 0.4380462 2.908478
0.1530154 0.1427346 2.954012
0.1340095 -0.211257 3.091756
0.1407937 -0.2418198 3.014148
0.03523353 0.9667326 2.938493
-0.1493222 0.3458093 2.875872
-0.1103247 0.4093435 2.854832
0.2594306 0.3515484 2.892185
0.2906896 0.4211769 2.872262
19
0.04673962 0.4285791 2.945935
0.04010683 0.7379591 2.945651
0.03363467 1.042084 2.933087
0.0263049 1.17783 2.899993
-0.1450299 0.9301549 2.931576
-0.1750544 0.6647474 2.93829
-0.1667772 0.460333 2.881425
-0.1475862 0.4068238 2.877096
0.2127432 0.9408835 2.928523
0.2609732 0.6792415 2.947915
0.2713558 0.4739505 2.894854
0.2575084 0.4295568 2.888137
-0.0335418 0.4322544 2.915557
-0.05142308 0.1435443 2.944053
-0.008003668 -0.2155382 3.079599
-0.009850924 -0.2445036 3.003457
0.1259108 0.4380462 2.908478
0.1530154 0.1427346 2.954012
0.1340095 -0.211257 3.091756
0.1407937 -0.2418198 3.014148
0.03523353 0.9667326 2.938493
-0.1493222 0.3458093 2.875872
-0.1103247 0.4093435 2.854832
0.2594306 0.3515484 2.892185
0.2906896 0.4211769 2.872262
20
0.04725341 0.4285667 2.946279
0.04058965 0.7379964 2.945961
0.03409183 1.042165 2.933324
0.02660181 1.177804 2.900176
-0.1444556 0.9300905 2.93198
-0.1743689 0.6646357 2.938679
-0.165929 0.46025 2.881711
-0.146856 0.4077481 2.877192
0.2131707 0.941107 2.928703
0.2616961 0.6794462 2.94811
0.2717535 0.4740998 2.895113
0.2581067 0.4293509 2.888273
-0.03307396 0.432261 2.915865
-0.05123203 0.1436428 2.944176
-0.008004587 -0.2155474 3.079637
-0.009866941 -0.2445031 3.003452
0.1264688 0.4380033 2.908843
0.1532891 0.1428125 2.954207
0.1340049 -0.2112933 3.091786
0.1407885 -0.2418239 3.014156
0.03569908 0.9668037 2.938751
-0.1484469 0.3455424 2.876022
-0.1091947 0.4102789 2.854682
0.2603707 0.3511181 2.89218
0.2912957 0.418757 2.87199
21
0.04725341 0.4285667 2.946279
0.04058965 0.7379964 2.945961
0.03409183 1.042165 2.933324
0.02660181 1.177804 2.900176
-0.1444556 0.9300905 2.93198
-0.1743689 0.6646357 2.938679
-0.165929 0.46025 2.881711
-0.146856 0.4077481 2.877192
0.2131707 0.941107 2.928703
0.2616961 0.6794462 2.94811
0.2717535 0.4740998 2.895113
0.2581067 0.4293509 2.888273
-0.03307396 0.432261 2.915865
-0.05123203 0.1436428 2.944176
-0.008004587 -0.2155474 3.079637
-0.009866941 -0.2445031 3.003452
0.1264688 0.4380033 2.908843
0.1532891 0.1428125 2.954207
0.1340049 -0.2112933 3.091786
0.1407885 -0.2418239 3.014156
0.03569908 0.9668037 2.938751
-0.1484469 0.3455424 2.876022
-0.1091947 0.4102789 2.854682
0.2603707 0.3511181 2.89218
0.2912957 0.418757 2.87199
22
0.04781074 0.4285661 2.946598
0.04119712 0.7380397 2.946272
0.03475889 1.042249 2.933576
0.0272992 1.177684 2.900437
-0.1437761 0.9300829 2.932449
-0.1734685 0.6644845 2.939047
-0.165089 0.4601288 2.881985
-0.1461329 0.4085567 2.877263
0.213767 0.9413188 2.928882
0.2625454 0.6796724 2.948299
0.2723152 0.4742798 2.895389
0.2594151 0.4293527 2.888629
-0.03256213 0.4322725 2.916156
-0.05101282 0.1437409 2.944293
-0.008001886 -0.2155523 3.079661
-0.00988156 -0.244487 3.003461
0.1270701 0.437984 2.909173
0.1536341 0.1429041 2.954412
0.133996 -0.2113333 3.091809
0.1407848 -0.2418265 3.014162
0.03635344 0.9668786 2.939023
-0.1471334 0.3452917 2.876165
-0.1083496 0.4120213 2.854548
0.2618102 0.3514546 2.892641
0.2941288 0.4224465 2.874385
23
0.04781074 0.4285661 2.946598
0.04119712 0.7380397 2.946272
0.03475889 1.042249 2.933576
0.0272992 1.177684 2.900437
-0.1437761 0.9300829 2.932449
-0.1734685 0.6644845 2.939047
-0.165089 0.4601288 2.881985
-0.1461329 0.4085567 2.877263
0.213767 0.9413188 2.928882
0.2625454 0.6796724 2.948299
0.2723152 0.4742798 2.895389
0.2594151 0.4293527 2.888629
-0.03256213 0.4322725 2.916156
-0.05101282 0.1437409 2.944293
-0.008001886 -0.2155523 3.079661
-0.00988156 -0.244487 3.003461
0.1270701 0.437984 2.909173
0.1536341 0.1429041 2.954412
0.133996 -0.2113333 3.091809
0.1407848 -0.2418265 3.014162
0.03635344 0.9668786 2.939023
-0.1471334 0.3452917 2.876165
-0.1083496 0.4120213 2.854548
0.2618102 0.3514546 2.892641
0.2941288 0.4224465 2.874385
24
0.04850565 0.4285988 2.946921
0.04198894 0.7380836 2.946605
0.03565591 1.042296 2.933868
0.02837527 1.177482 2.900705
-0.1428775 0.9301429 2.932928
-0.1722602 0.6643911 2.939476
-0.1643097 0.4600687 2.882231
-0.1449951 0.4100129 2.877387
0.2145734 0.941523 2.929086
0.2635948 0.6799177 2.948522
0.2731121 0.4744889 2.895726
0.2605323 0.429401 2.888909
-0.03192299 0.4323063 2.916461
-0.05076639 0.1438398 2.944393
-0.007995753 -0.2155637 3.079678
-0.009895599 -0.2444767 3.003467
0.1278136 0.4380123 2.909495
0.1541324 0.1430066 2.954668
0.1339609 -0.2113832 3.091828
0.1407818 -0.2418288 3.014167
0.03722668 0.9669262 2.93933
-0.1464624 0.3450938 2.876325
-0.1074635 0.4136106 2.854687
0.2629205 0.351861 2.89304
0.2950324 0.4231092 2.874653
25
0.04850565 0.4285988 2.946921
0.04198894 0.7380836 2.946605
0.03565591 1.042296 2.933868
0.02837527 1.177482 2.900705
-0.1428775 0.9301429 2.932928
-0.1722602 0.6643911 2.939476
-0.1643097 0.4600687 2.882231
-0.1449951 0.4100129 2.877387
0.2145734 0.941523 2.929086
0.2635948 0.6799177 2.948522
0.2731121 0.4744889 2.895726
0.2605323 0.429401 2.888909
-0.03192299 0.4323063 2.916461
-0.05076639 0.1438398 2.944393
-0.007995753 -0.2155637 3.079678
-0.009895599 -0.2444767 3.003467
0.1278136 0.4380123 2.909495
0.1541324 0.1430066 2.954668
0.1339609 -0.2113832 3.091828
0.1407818 -0.2418288 3.014167
0.03722668 0.9669262 2.93933
-0.1464624 0.3450938 2.876325
-0.1074635 0.4136106 2.854687
0.2629205 0.351861 2.89304
0.2950324 0.4231092 2.874653
26
0.04935509 0.4286579 2.947278
0.04306461 0.7381546 2.946951
0.03702904 1.042375 2.934114
0.03016433 1.177283 2.900826
-0.1414367 0.9302441 2.933445
-0.1708041 0.6643162 2.939941
-0.1634866 0.4600247 2.882475
-0.14388 0.4112373 2.877475
0.2156802 0.9417297 2.929321
0.2649158 0.6802024 2.948832
0.274083 0.4747365 2.896107
0.2617569 0.4292276 2.889296
-0.03112915 0.4323612 2.916812
-0.05049957 0.1439355 2.944449
-0.007993611 -0.2155834 3.079676
-0.009904224 -0.2444743 3.003466
0.1287009 0.4380735 2.909833
0.1547049 0.143127 2.954926
0.1339214 -0.211458 3.091841
0.1407712 -0.2418445 3.014185
0.03852151 0.9670046 2.93961
-0.144382 0.3450734 2.876009
-0.1070426 0.4153956 2.854777
0.2639289 0.351549 2.89281
0.2968715 0.4265222 2.875611
27
0.04935509 0.4286579 2.947278
0.04306461 0.7381546 2.946951
0.03702904 1.042375 2.934114
0.03016433 1.177283 2.900826
-0.1414367 0.9302441 2.933445
-0.1708041 0.6643162 2.939941
-0.1634866 0.4600247 2.882475
-0.14388 0.4112373 2.877475
0.2156802 0.9417297 2.929321
0.2649158 0.6802024 2.948832
0.274083 0.4747365 2.896107
0.2617569 0.4292276 2.889296
-0.03112915 0.4323612 2.916812
-0.05049957 0.1439355 2.944449
-0.007993611 -0.2155834 3.079676
-0.009904224 -0.2444743 3.003466
0.1287009 0.4380735 2.909833
0.1547049 0.143127 2.954926
0.1339214 -0.211458 3.091841
0.1407712 -0.2418445 3.014185
0.03852151 0.9670046 2.93961
-0.144382 0.3450734 2.876009
-0.1070426 0.4153956 2.854777
0.2639289 0.351549 2.89281
0.2968715 0.4265222 2.875611
28
0.0505054 0.4287819 2.947698
0.04472033 0.7383076 2.947355
0.0393328 1.042553 2.934371
0.03277518 1.177138 2.900807
-0.1391313 0.9305143 2.933983
-0.1690253 0.664418 2.940444
-0.1626033 0.4600946 2.882743
-0.143099 0.4120762 2.877745
0.217436 0.9419653 2.92968
0.2666087 0.6806003 2.949304
0.2752672 0.4750801 2.896613
0.2635663 0.4302866 2.89006
-0.03003673 0.4324827 2.917219
-0.05019332 0.1440232 2.944436
-0.007915203 -0.2157337 3.079432
-0.009907779 -0.2444764 3.003458
0.1298735 0.4381969 2.910236
0.1552972 0.143247 2.95517
0.1339671 -0.2115877 3.091767
0.1407628 -0.2418572 3.014198
0.04065479 0.9671785 2.939919
-0.1429202 0.3458142 2.875459
-0.1067083 0.4160757 2.854856
0.264402 0.3517453 2.892823
0.2995851 0.430712 2.876828
29
0.0505054 0.4287819 2.947698
0.04472033 0.7383076 2.947355
0.0393328 1.042553 2.934371
0.03277518 1.177138 2.900807
-0.1391313 0.9305143 2.933983
-0.1690253 0.664418 2.940444
-0.1626033 0.4600946 2.882743
-0.143099 0.4120762 2.877745
0.217436 0.9419653 2.92968
0.2666087 0.6806003 2.949304
0.2752672 0.4750801 2.896613
0.2635663 0.4302866 2.89006
-0.03003673 0.4324827 2.917219
-0.05019332 0.1440232 2.944436
-0.007915203 -0.2157337 3.079432
-0.009907779 -0.2444764 3.003458
0.1298735 0.4381969 2.910236
0.1552972 0.143247 2.95517
0.1339671 -0.2115877 3.091767
0.1407628 -0.2418572 3.014198
0.04065479 0.9671785 2.939919
-0.1429202 0.3458142 2.875459
-0.1067083 0.4160757 2.854856
0.264402 0.3517453 2.892823
0.2995851 0.430712 2.876828
30
0.05185623 0.428952 2.948119
0.04687925 0.7385151 2.947727
0.04254785 1.042783 2.934512
0.0365371 1.176914 2.90069
-0.1362168 0.9308093 2.934561
-0.1669223 0.6645104 2.94096
-0.1618629 0.4601437 2.883002
-0.1426886 0.412818 2.878046
0.2200481 0.9420876 2.929885
0.2693574 0.6812952 2.949952
0.2765907 0.4755785 2.897152
0.265633 0.4312717 2.890358
-0.02871564 0.4326668 2.917628
-0.04972686 0.1441391 2.944167
-0.007828251 -0.2161608 3.078611
-0.009998094 -0.2445487 3.003209
0.1312104 0.4383514 2.91064
0.15603 0.1434217 2.955391
0.1340022 -0.2117478 3.091632
0.1407588 -0.24187 3.014198
0.04358957 0.967406 2.940138
-0.1424115 0.3463332 2.87517
-0.1066258 0.4159534 2.85509
0.2675093 0.3545298 2.891865
0.3016427 0.4341669 2.877591
31
0.05185623 0.428952 2.948119
0.04687925 0.7385151 2.947727
0.04254785 1.042783 2.934512
0.0365371 1.176914 2.90069
-0.1362168 0.9308093 2.934561
-0.1669223 0.6645104 2.94096
-0.1618629 0.4601437 2.883002
-0.1426886 0.412818 2.878046
0.2200481 0.9420876 2.929885
0.2693574 0.6812952 2.949952
0.2765907 0.4755785 2.897152
0.265633 0.4312717 2.890358
-0.02871564 0.4326668 2.917628
-0.04972686 0.1441391 2.944167
-0.007828251 -0.2161608 3.078611
-0.009998094 -0.2445487 3.003209
0.1312104 0.4383514 2.91064
0.15603 0.1434217 2.955391
0.1340022 -0.2117478 3.091632
0.1407588 -0.24187 3.014198
0.04358957 0.967406 2.940138
-0.1424115 0.3463332 2.87517
-0.1066258 0.4159534 2.85509
0.2675093 0.3545298 2.891865
0.3016427 0.4341669 2.877591
32
0.05392697 0.4293694 2.94907
0.05053553 0.7389663 2.948866
0.04836981 1.043182 2.935732
0.04136844 1.176774 2.900706
-0.1321831 0.9311694 2.936112
-0.1627741 0.6640814 2.942762
-0.1611799 0.4599508 2.883904
-0.1430987 0.4139887 2.881925
0.2244997 0.9426227 2.930835
0.2731284 0.6825528 2.951435
0.2790406 0.476654 2.898661
0.2683885 0.4325027 2.892474
-0.02660672 0.4331963 2.918574
-0.0492291 0.1443264 2.943686
-0.007822495 -0.2166135 3.077707
-0.0100532 -0.2445918 3.003047
0.1331871 0.438659 2.91156
0.1569428 0.1436621 2.955689
0.1340038 -0.2119199 3.091503
0.1407558 -0.2418814 3.0142
0.04882459 0.9678298 2.941348
-0.1445931 0.3470442 2.877458
-0.1066292 0.4148316 2.861106
0.2688304 0.3549791 2.893158
0.3102218 0.4540178 2.89034
33
0.05392697 0.4293694 2.94907
0.05053553 0.7389663 2.948866
0.04836981 1.043182 2.935732
0.04136844 1.176774 2.900706
-0.1321831 0.9311694 2.936112
-0.1627741 0.6640814 2.942762
-0.1611799 0.4599508 2.883904
-0.1430987 0.4139887 2.881925
0.2244997 0.9426227 2.930835
0.2731284 0.6825528 2.951435
0.2790406 0.476654 2.898661
0.2683885 0.4325027 2.892474
-0.02660672 0.4331963 2.918574
-0.0492291 0.1443264 2.943686
-0.007822495 -0.2166135 3.077707
-0.0100532 -0.2445918 3.003047
0.1331871 0.438659 2.91156
0.1569428 0.1436621 2.955689
0.1340038 -0.2119199 3.091503
0.1407558 -0.2418814 3.0142
0.04882459 0.9678298 2.941348
-0.1445931 0.3470442 2.877458
-0.1066292 0.4148316 2.861106
0.2688304 0.3549791 2.893158
0.3102218 0.4540178 2.89034
34
0.05652238 0.4299827 2.95033
0.05523955 0.7395354 2.95045
0.05569029 1.043511 2.93755
0.04675061 1.176753 2.900901
-0.1266938 0.9317505 2.938696
-0.1579181 0.6636618 2.945622
-0.1605427 0.4594672 2.887258
-0.1456542 0.4086742 2.88916
0.2297621 0.9431108 2.93201
0.2770839 0.6838391 2.953196
0.2823189 0.477898 2.90074
0.2714448 0.4335627 2.894492
-0.02388909 0.4340882 2.919968
-0.04833846 0.1453772 2.939679
-0.008137177 -0.2173183 3.07533
-0.01014094 -0.2446879 3.002745
0.1356359 0.4390329 2.91269
0.158111 0.1439719 2.956033
0.134004 -0.2121049 3.09137
0.1407533 -0.2418924 3.014201
0.05546619 0.9682392 2.943116
-0.1456821 0.3501133 2.884949
-0.1069865 0.4123854 2.86588
0.2717602 0.3567692 2.895183
0.3135521 0.4581478 2.89256
35
0.05652238 0.4299827 2.95033
0.05523955 0.7395354 2.95045
0.05569029 1.043511 2.93755
0.04675061 1.176753 2.900901
-0.1266938 0.9317505 2.938696
-0.1579181 0.6636618 2.945622
-0.1605427 0.4594672 2.887258
-0.1456542 0.4086742 2.88916
0.2297621 0.9431108 2.93201
0.2770839 0.6838391 2.953196
0.2823189 0.477898 2.90074
0.2714448 0.4335627 2.894492
-0.02388909 0.4340882 2.919968
-0.04833846 0.1453772 2.939679
-0.008137177 -0.2173183 3.07533
-0.01014094 -0.2446879 3.002745
0.1356359 0.4390329 2.91269
0.158111 0.1439719 2.956033
0.134004 -0.2121049 3.09137
0.1407533 -0.2418924 3.014201
0.05546619 0.9682392 2.943116
-0.1456821 0.3501133 2.884949
-0.1069865 0.4123854 2.86588
0.2717602 0.3567692 2.895183
0.3135521 0.4581478 2.89256
36
0.05975481 0.4308647 2.952078
0.0603952 0.7402152 2.952374
0.06270544 1.043825 2.939499
0.05308994 1.176728 2.9016
-0.1198232 0.9322631 2.942571
-0.1518183 0.662085 2.95104
-0.1604458 0.4568093 2.899025
-0.1505226 0.4089761 2.903601
0.2359888 0.9436699 2.933658
0.2824257 0.6850207 2.955398
0.2859305 0.478956 2.902943
0.2747493 0.4343552 2.896666
-0.02052787 0.435463 2.92191
-0.0476237 0.1481333 2.928992
-0.008987973 -0.217402 3.071212
-0.01063221 -0.244752 3.001363
0.138727 0.4394839 2.914267
0.1598045 0.1445408 2.956384
0.1339351 -0.212251 3.091302
0.1407485 -0.2418991 3.014204
0.06204374 0.9686574 2.945069
-0.1575114 0.3507107 2.904391
-0.1106503 0.4063817 2.876647
0.2742361 0.3567299 2.897601
0.3168191 0.4525219 2.890166
37
0.05975481 0.4308647 2.952078
0.0603952 0.7402152 2.952374
0.06270544 1.043825 2.939499
0.05308994 1.176728 2.9016
-0.1198232 0.9322631 2.942571
-0.1518183 0.662085 2.95104
-0.1604458 0.4568093 2.899025
-0.1505226 0.4089761 2.903601
0.2359888 0.9436699 2.933658
0.2824257 0.6850207 2.955398
0.2859305 0.478956 2.902943
0.2747493 0.4343552 2.896666
-0.02052787 0.435463 2.92191
-0.0476237 0.1481333 2.928992
-0.008987973 -0.217402 3.071212
-0.01063221 -0.244752 3.001363
0.138727 0.4394839 2.914267
0.1598045 0.1445408 2.956384
0.1339351 -0.212251 3.091302
0.1407485 -0.2418991 3.014204
0.06204374 0.9686574 2.945069
-0.1575114 0.3507107 2.904391
-0.1106503 0.4063817 2.876647
0.2742361 0.3567299 2.897601
0.3168191 0.4525219 2.890166
38
0.06476178 0.4324549 2.954957
0.06677384 0.7411533 2.955041
0.0699934 1.044096 2.941877
0.06057237 1.176495 2.903096
-0.1123827 0.9328475 2.947453
-0.1447801 0.660388 2.960564
-0.1608917 0.4541687 2.916953
-0.1552118 0.4109803 2.922865
0.2434375 0.9445384 2.935585
0.2883878 0.6861896 2.957568
0.2914092 0.4800979 2.905906
0.278965 0.4351128 2.899346
-0.01508314 0.4380111 2.925503
-0.04851129 0.153934 2.908628
-0.01076604 -0.2161582 3.061985
-0.01327403 -0.2442631 2.994778
0.1432582 0.4402671 2.916555
0.1619716 0.1453834 2.956785
0.1338618 -0.2124541 3.091299
0.1407049 -0.2419318 3.014312
0.06915003 0.9690918 2.947521
-0.1681009 0.35185 2.927391
-0.1155858 0.4084223 2.890985
0.2772022 0.3562764 2.900962
0.3194173 0.4532907 2.890914
39
0.06476178 0.4324549 2.954957
0.06677384 0.7411533 2.955041
0.0699934 1.044096 2.941877
0.06057237 1.176495 2.903096
-0.1123827 0.9328475 2.947453
-0.1447801 0.660388 2.960564
-0.1608917 0.4541687 2.916953
-0.1552118 0.4109803 2.922865
0.2434375 0.9445384 2.935585
0.2883878 0.6861896 2.957568
0.2914092 0.4800979 2.905906
0.278965 0.4351128 2.899346
-0.01508314 0.4380111 2.925503
-0.04851129 0.153934 2.908628
-0.01076604 -0.2161582 3.061985
-0.01327403 -0.2442631 2.994778
0.1432582 0.4402671 2.916555
0.1619716 0.1453834 2.956785
0.1338618 -0.2124541 3.091299
0.1407049 -0.2419318 3.014312
0.06915003 0.9690918 2.947521
-0.1681009 0.35185 2.927391
-0.1155858 0.4084223 2.890985
0.2772022 0.3562764 2.900962
0.3194173 0.4532907 2.890914
40
0.07121652 0.4341488 2.958676
0.07402109 0.7419128 2.958208
0.07748048 1.044044 2.94451
0.06755719 1.176061 2.904558
-0.1042783 0.9328032 2.952392
-0.1382277 0.6590484 2.971675
-0.1615123 0.4523187 2.935913
-0.1594764 0.4110071 2.947659
0.2508298 0.9451148 2.937148
0.2944395 0.6872732 2.959608
0.2969973 0.4811154 2.90893
0.2851056 0.4361054 2.902879
-0.007978615 0.4409461 2.930432
-0.05215408 0.1718181 2.864616
-0.01940358 -0.1867634 3.017691
-0.02227081 -0.2253068 2.928015
0.1490378 0.4409093 2.919293
0.1645986 0.1464126 2.957293
0.1339717 -0.2126236 3.091475
0.1406149 -0.241964 3.014485
0.07662003 0.9692281 2.95028
-0.1716135 0.3505907 2.951705
-0.1217791 0.4092268 2.907877
0.2833792 0.3575726 2.905773
0.3242592 0.4521672 2.891338
41
0.07121652 0.4341488 2.958676
0.07402109 0.7419128 2.958208
0.07748048 1.044044 2.94451
0.06755719 1.176061 2.904558
-0.1042783 0.9328032 2.952392
-0.1382277 0.6590484 2.971675
-0.1615123 0.4523187 2.935913
-0.1594764 0.4110071 2.947659
0.2508298 0.9451148 2.937148
0.2944395 0.6872732 2.959608
0.2969973 0.4811154 2.90893
0.2851056 0.4361054 2.902879
-0.007978615 0.4409461 2.930432
-0.05215408 0.1718181 2.864616
-0.01940358 -0.1867634 3.017691
-0.02227081 -0.2253068 2.928015
0.1490378 0.4409093 2.919293
0.1645986 0.1464126 2.957293
0.1339717 -0.2126236 3.091475
0.1406149 -0.241964 3.014485
0.07662003 0.9692281 2.95028
-0.1716135 0.3505907 2.951705
-0.1217791 0.4092268 2.907877
0.2833792 0.3575726 2.905773
0.3242592 0.4521672 2.891338
42
0.07713149 0.4354022 2.962094
0.08035465 0.7423447 2.960911
0.08387243 1.043799 2.946598
0.07338453 1.175523 2.905955
-0.09583382 0.932768 2.958146
-0.1310699 0.6579831 2.987431
-0.1590228 0.4502929 2.968851
-0.1607556 0.4091428 2.961777
0.2574897 0.9449813 2.938295
0.30177 0.6876496 2.961374
0.3018798 0.4814195 2.911326
0.290485 0.4357939 2.905954
-0.001614694 0.4433228 2.935054
-0.05490049 0.1886659 2.8266
-0.02315101 -0.188953 2.996182
-0.02901258 -0.2256033 2.915668
0.1544999 0.4411623 2.921727
0.1669621 0.1472611 2.957764
0.1344147 -0.2125753 3.092023
0.1405077 -0.2419884 3.014668
0.08302303 0.9691384 2.952511
-0.1706495 0.3509787 2.967019
-0.12664 0.4138113 2.927015
0.2873742 0.3566608 2.908804
0.3309354 0.4449804 2.89243
43
0.07713149 0.4354022 2.962094
0.08035465 0.7423447 2.960911
0.08387243 1.043799 2.946598
0.07338453 1.175523 2.905955
-0.09583382 0.932768 2.958146
-0.1310699 0.6579831 2.987431
-0.1590228 0.4502929 2.968851
-0.1607556 0.4091428 2.961777
0.2574897 0.9449813 2.938295
0.30177 0.6876496 2.961374
0.3018798 0.4814195 2.911326
0.290485 0.4357939 2.905954
-0.001614694 0.4433228 2.935054
-0.05490049 0.1886659 2.8266
-0.02315101 -0.188953 2.996182
-0.02901258 -0.2256033 2.915668
0.1544999 0.4411623 2.921727
0.1669621 0.1472611 2.957764
0.1344147 -0.2125753 3.092023
0.1405077 -0.2419884 3.014668
0.08302303 0.9691384 2.952511
-0.1706495 0.3509787 2.967019
-0.12664 0.4138113 2.927015
0.2873742 0.3566608 2.908804
0.3309354 0.4449804 2.89243
44
0.08196467 0.4363213 2.96561
0.08559095 0.7425058 2.963553
0.08945942 1.043305 2.948625
0.07847323 1.174754 2.907372
-0.08782504 0.9329004 2.964486
-0.1255523 0.6580757 3.003098
-0.1519607 0.4497273 2.997958
-0.1599913 0.4130396 2.980559
0.2625849 0.9445227 2.939056
0.308085 0.6874214 2.962736
0.3077549 0.4810225 2.913945
0.2965799 0.4337601 2.909919
0.003577784 0.4452898 2.940081
-0.05640711 0.2054054 2.797037
-0.03287664 -0.200335 2.954183
-0.04250485 -0.224026 2.894456
0.1589139 0.4411867 2.924054
0.1688869 0.1479878 2.958074
0.1348965 -0.2124459 3.092596
0.1403919 -0.241986 3.014836
0.08851875 0.968805 2.954676
-0.169268 0.353852 2.996842
-0.1289157 0.4195376 2.944435
0.2903273 0.3555215 2.912166
0.3345136 0.4416144 2.891777
45
0.08196467 0.4363213 2.96561
0.08559095 0.7425058 2.963553
0.08945942 1.043305 2.948625
0.07847323 1.174754 2.907372
-0.08782504 0.9329004 2.964486
-0.1255523 0.6580757 3.003098
-0.1519607 0.4497273 2.997958
-0.1599913 0.4130396 2.980559
0.2625849 0.9445227 2.939056
0.308085 0.6874214 2.962736
0.3077549 0.4810225 2.913945
0.2965799 0.4337601 2.909919
0.003577784 0.4452898 2.940081
-0.05640711 0.2054054 2.797037
-0.03287664 -0.200335 2.954183
-0.04250485 -0.224026 2.894456
0.1589139 0.4411867 2.924054
0.1688869 0.1479878 2.958074
0.1348965 -0.2124459 3.092596
0.1403919 -0.241986 3.014836
0.08851875 0.968805 2.954676
-0.169268 0.353852 2.996842
-0.1289157 0.4195376 2.944435
0.2903273 0.3555215 2.912166
0.3345136 0.4416144 2.891777
46
0.08526082 0.437034 2.968761
0.08969556 0.7426466 2.9659
0.09533899 1.042911 2.95068
0.08250871 1.174111 2.908535
-0.08160933 0.9334869 2.969964
-0.120544 0.6584359 3.017444
-0.149641 0.449421 3.008595
-0.1573766 0.4209054 3.00122
0.2665978 0.9440814 2.939556
0.3140659 0.6871055 2.963797
0.3144328 0.4804373 2.916586
0.3037426 0.4316555 2.914433
0.007020127 0.4468933 2.945083
-0.05775383 0.2174511 2.774184
-0.04061481 -0.1948133 2.919699
-0.05541408 -0.2152099 2.863656
0.161931 0.4411862 2.925895
0.1700276 0.1486117 2.958259
0.1353808 -0.212334 3.093098
0.1402984 -0.2419717 3.015026
0.09379458 0.9685549 2.956797
-0.1642022 0.3611034 3.015576
-0.1355368 0.4189519 2.972591
0.3025051 0.3526729 2.916935
0.3408409 0.4362132 2.89262
47
0.08526082 0.437034 2.968761
0.08969556 0.7426466 2.9659
0.09533899 1.042911 2.95068
0.08250871 1.174111 2.908535
-0.08160933 0.9334869 2.969964
-0.120544 0.6584359 3.017444
-0.149641 0.449421 3.008595
-0.1573766 0.4209054 3.00122
0.2665978 0.9440814 2.939556
0.3140659 0.6871055 2.963797
0.3144328 0.4804373 2.916586
0.3037426 0.4316555 2.914433
0.007020127 0.4468933 2.945083
-0.05775383 0.2174511 2.774184
-0.04061481 -0.1948133 2.919699
-0.05541408 -0.2152099 2.863656
0.161931 0.4411862 2.925895
0.1700276 0.1486117 2.958259
0.1353808 -0.212334 3.093098
0.1402984 -0.2419717 3.015026
0.09379458 0.9685549 2.956797
-0.1642022 0.3611034 3.015576
-0.1355368 0.4189519 2.972591
0.3025051 0.3526729 2.916935
0.3408409 0.4362132 2.89262
48
0.0874109 0.4376175 2.971064
0.092646 0.7428069 2.967632
0.1001356 1.042675 2.952202
0.08597644 1.173639 2.909446
-0.0768463 0.9341031 2.974358
-0.1165809 0.6595368 3.029254
-0.1466469 0.4495968 3.016896
-0.15295 0.4339116 3.02297
0.2700748 0.9435389 2.939724
0.3198292 0.6868285 2.964168
0.3211533 0.4799114 2.918473
0.3113416 0.4270201 2.918017
0.009054803 0.448208 2.948784
-0.05921396 0.2366829 2.749901
-0.04639154 -0.1701302 2.875391
-0.06503894 -0.187156 2.822103
0.1639807 0.4411981 2.927191
0.1706647 0.1494306 2.95842
0.1358558 -0.2122777 3.093513
0.1402364 -0.2419606 3.015167
0.09799147 0.9684323 2.958387
-0.1582117 0.3833962 3.034621
-0.1383762 0.4280912 2.996208
0.3105951 0.350945 2.920964
0.3475791 0.4327294 2.89452
49
0.0874109 0.4376175 2.971064
0.092646 0.7428069 2.967632
0.1001356 1.042675 2.952202
0.08597644 1.173639 2.909446
-0.0768463 0.9341031 2.974358
-0.1165809 0.6595368 3.029254
-0.1466469 0.4495968 3.016896
-0.15295 0.4339116 3.02297
0.2700748 0.9435389 2.939724
0.3198292 0.6868285 2.964168
0.3211533 0.4799114 2.918473
0.3113416 0.4270201 2.918017
0.009054803 0.448208 2.948784
-0.05921396 0.2366829 2.749901
-0.04639154 -0.1701302 2.875391
-0.06503894 -0.187156 2.822103
0.1639807 0.4411981 2.927191
0.1706647 0.1494306 2.95842
0.1358558 -0.2122777 3.093513
0.1402364 -0.2419606 3.015167
0.09799147 0.9684323 2.958387
-0.1582117 0.3833962 3.034621
-0.1383762 0.4280912 2.996208
0.3105951 0.350945 2.920964
0.3475791 0.4327294 2.89452
50
0.08885367 0.4381296 2.972661
0.09493706 0.7430285 2.968929
0.1045288 1.042598 2.953469
0.08898759 1.173293 2.91035
-0.07293845 0.9347547 2.977985
-0.1118469 0.6620643 3.039524
-0.1430922 0.4507664 3.023159
-0.1452006 0.4629837 3.044217
0.2728317 0.9431815 2.939708
0.3250737 0.6867573 2.963968
0.3281293 0.4796228 2.919816
0.3194688 0.4247594 2.919927
0.01027621 0.4493256 2.951378
-0.06536916 0.2772932 2.719105
-0.04695621 -0.1378696 2.836612
-0.06906325 -0.1542778 2.782104
0.1654152 0.4412555 2.928052
0.1705271 0.1507441 2.95891
0.1363161 -0.2124617 3.093832
0.1401793 -0.2419627 3.015395
0.1017375 0.9684541 2.959679
-0.145617 0.4329035 3.047764
-0.1329757 0.4754064 3.018171
0.3165711 0.3500001 2.923706
0.3540453 0.4305387 2.895053
51
0.08885367 0.4381296 2.972661
0.09493706 0.7430285 2.968929
0.1045288 1.042598 2.953469
0.08898759 1.173293 2.91035
-0.07293845 0.9347547 2.977985
-0.1118469 0.6620643 3.039524
-0.1430922 0.4507664 3.023159
-0.1452006 0.4629837 3.044217
0.2728317 0.9431815 2.939708
0.3250737 0.6867573 2.963968
0.3281293 0.4796228 2.919816
0.3194688 0.4247594 2.919927
0.01027621 0.4493256 2.951378
-0.06536916 0.2772932 2.719105
-0.04695621 -0.1378696 2.836612
-0.06906325 -0.1542778 2.782104
0.1654152 0.4412555 2.928052
0.1705271 0.1507441 2.95891
0.1363161 -0.2124617 3.093832
0.1401793 -0.2419627 3.015395
0.1017375 0.9684541 2.959679
-0.145617 0.4329035 3.047764
-0.1329757 0.4754064 3.018171
0.3165711 0.3500001 2.923706
0.3540453 0.4305387 2.895053
52
0.09065604 0.4388187 2.973457
0.09746028 0.7433944 2.969948
0.1082979 1.042653 2.954716
0.09133326 1.173077 2.911057
-0.06975231 0.9354403 2.980943
-0.1078765 0.6658064 3.047851
-0.1404264 0.46119 3.051094
-0.1400339 0.4821131 3.058437
0.2751943 0.9429463 2.939494
0.329915 0.6871197 2.963267
0.3345825 0.4798633 2.920603
0.3272369 0.4226077 2.920535
0.01164197 0.4502189 2.95291
-0.07284044 0.3254527 2.695901
-0.04562863 -0.08689055 2.799634
-0.06389407 -0.1016128 2.745904
0.1679958 0.4417703 2.927642
0.1692979 0.1533096 2.960562
0.136854 -0.2131165 3.09402
0.1401364 -0.2419657 3.015608
0.1051598 0.9685945 2.960872
-0.1333787 0.486904 3.055779
-0.1288145 0.5025712 3.031331
0.3232729 0.3488652 2.927909
0.3604364 0.4281901 2.892799
53
0.09065604 0.4388187 2.973457
0.09746028 0.7433944 2.969948
0.1082979 1.042653 2.954716
0.09133326 1.173077 2.911057
-0.06975231 0.9354403 2.980943
-0.1078765 0.6658064 3.047851
-0.1404264 0.46119 3.051094
-0.1400339 0.4821131 3.058437
0.2751943 0.9429463 2.939494
0.329915 0.6871197 2.963267
0.3345825 0.4798633 2.920603
0.3272369 0.4226077 2.920535
0.01164197 0.4502189 2.95291
-0.07284044 0.3254527 2.695901
-0.04562863 -0.08689055 2.799634
-0.06389407 -0.1016128 2.745904
0.1679958 0.4417703 2.927642
0.1692979 0.1533096 2.960562
0.136854 -0.2131165 3.09402
0.1401364 -0.2419657 3.015608
0.1051598 0.9685945 2.960872
-0.1333787 0.486904 3.055779
-0.1288145 0.5025712 3.031331
0.3232729 0.3488652 2.927909
0.3604364 0.4281901 2.892799
54
0.0925343 0.4396704 2.973683
0.09969748 0.7438395 2.970614
0.1109998 1.042761 2.955613
0.09330928 1.172936 2.911617
-0.06692481 0.936423 2.983542
-0.1044493 0.6703113 3.054425
-0.139551 0.46537 3.061061
-0.1400627 0.4741668 3.069265
0.2773326 0.9428649 2.939177
0.334884 0.688194 2.961986
0.3394988 0.4806287 2.920921
0.3334672 0.4208084 2.920329
0.01292767 0.4510909 2.953882
-0.07764478 0.3650362 2.682535
-0.04447991 -0.01903383 2.757596
-0.05926773 -0.03746008 2.669847
0.1706999 0.4425274 2.926559
0.1672542 0.1574766 2.964226
0.137418 -0.2144742 3.093998
0.1401016 -0.2419692 3.01581
0.1077377 0.9687828 2.961727
-0.1324919 0.485841 3.060875
-0.1308717 0.4897969 3.039132
0.3288912 0.3464176 2.930355
0.3667591 0.4255942 2.893594
55
0.0925343 0.4396704 2.973683
0.09969748 0.7438395 2.970614
0.1109998 1.042761 2.955613
0.09330928 1.172936 2.911617
-0.06692481 0.936423 2.983542
-0.1044493 0.6703113 3.054425
-0.139551 0.46537 3.061061
-0.1400627 0.4741668 3.069265
0.2773326 0.9428649 2.939177
0.334884 0.688194 2.961986
0.3394988 0.4806287 2.920921
0.3334672 0.4208084 2.920329
0.01292767 0.4510909 2.953882
-0.07764478 0.3650362 2.682535
-0.04447991 -0.01903383 2.757596
-0.05926773 -0.03746008 2.669847
0.1706999 0.4425274 2.926559
0.1672542 0.1574766 2.964226
0.137418 -0.2144742 3.093998
0.1401016 -0.2419692 3.01581
0.1077377 0.9687828 2.961727
-0.1324919 0.485841 3.060875
-0.1308717 0.4897969 3.039132
0.3288912 0.3464176 2.930355
0.3667591 0.4255942 2.893594
56
0.0940015 0.4404795 2.97373
0.1016314 0.7443143 2.971089
0.1135445 1.042925 2.956368
0.09499508 1.172861 2.91202
-0.06444752 0.9374611 2.985767
-0.1015478 0.6743796 3.058826
-0.1390055 0.4687285 3.067667
-0.1408674 0.464272 3.075622
0.2793105 0.9428507 2.938689
0.3390999 0.6892628 2.960668
0.3432268 0.4813763 2.920897
0.3381112 0.4194912 2.919369
0.0138801 0.4519192 2.954595
-0.08221388 0.4155347 2.671255
-0.04524806 0.04132666 2.717454
-0.05823309 0.02622533 2.605524
0.1728144 0.4432399 2.925514
0.1619775 0.1745877 2.967627
0.1384821 -0.2168763 3.093648
0.1400759 -0.2419713 3.015993
0.1101514 0.9690315 2.962421
-0.1340841 0.4740599 3.06275
-0.1327817 0.4751795 3.041965
0.3326707 0.3457225 2.931833
0.3705465 0.407905 2.899116
57
0.0940015 0.4404795 2.97373
0.1016314 0.7443143 2.971089
0.1135445 1.042925 2.956368
0.09499508 1.172861 2.91202
-0.06444752 0.9374611 2.985767
-0.1015478 0.6743796 3.058826
-0.1390055 0.4687285 3.067667
-0.1408674 0.464272 3.075622
0.2793105 0.9428507 2.938689
0.3390999 0.6892628 2.960668
0.3432268 0.4813763 2.920897
0.3381112 0.4194912 2.919369
0.0138801 0.4519192 2.954595
-0.08221388 0.4155347 2.671255
-0.04524806 0.04132666 2.717454
-0.05823309 0.02622533 2.605524
0.1728144 0.4432399 2.925514
0.1619775 0.1745877 2.967627
0.1384821 -0.2168763 3.093648
0.1400759 -0.2419713 3.015993
0.1101514 0.9690315 2.962421
-0.1340841 0.4740599 3.06275
-0.1327817 0.4751795 3.041965
0.3326707 0.3457225 2.931833
0.3705465 0.407905 2.899116
58
0.09521279 0.441297 2.973598
0.1034779 0.7448693 2.97136
0.1160991 1.043161 2.956931
0.09643967 1.172812 2.912286
-0.06244504 0.9383382 2.987399
-0.09910893 0.6775786 3.061633
-0.1386025 0.4713614 3.072169
-0.1417249 0.4546902 3.07889
0.2811311 0.9429131 2.938098
0.3427084 0.6903979 2.959314
0.3462457 0.4822396 2.920496
0.3413176 0.4187855 2.918155
0.0146056 0.4526556 2.955052
-0.08361599 0.4370431 2.665709
-0.04295019 0.04608367 2.683104
-0.05548891 0.04119564 2.602551
0.1746248 0.4440684 2.924411
0.158689 0.1845689 2.969262
0.1391982 -0.2181233 3.09347
0.1400537 -0.2419956 3.016208
0.1125821 0.9693611 2.962912
-0.136171 0.4599075 3.062751
-0.1341612 0.4625241 3.042217
0.3348554 0.3455277 2.932163
0.3747981 0.4089315 2.8986
59
0.09521279 0.441297 2.973598
0.1034779 0.7448693 2.97136
0.1160991 1.043161 2.956931
0.09643967 1.172812 2.912286
-0.06244504 0.9383382 2.987399
-0.09910893 0.6775786 3.061633
-0.1386025 0.4713614 3.072169
-0.1417249 0.4546902 3.07889
0.2811311 0.9429131 2.938098
0.3427084 0.6903979 2.959314
0.3462457 0.4822396 2.920496
0.3413176 0.4187855 2.918155
0.0146056 0.4526556 2.955052
-0.08361599 0.4370431 2.665709
-0.04295019 0.04608367 2.683104
-0.05548891 0.04119564 2.602551
0.1746248 0.4440684 2.924411
0.158689 0.1845689 2.969262
0.1391982 -0.2181233 3.09347
0.1400537 -0.2419956 3.016208
0.1125821 0.9693611 2.962912
-0.136171 0.4599075 3.062751
-0.1341612 0.4625241 3.042217
0.3348554 0.3455277 2.932163
0.3747981 0.4089315 2.8986
60
0.09729405 0.4424864 2.972768
0.1056425 0.745524 2.971329
0.1181195 1.043371 2.957313
0.09773816 1.172792 2.91247
-0.06067999 0.939122 2.988672
-0.0970088 0.6806563 3.063244
-0.1383605 0.4739034 3.075103
-0.1425319 0.4469896 3.080173
0.2828056 0.9430372 2.937406
0.3457747 0.6915141 2.95786
0.3486142 0.4830997 2.919905
0.3435671 0.4184541 2.91668
0.01579507 0.4534435 2.955033
-0.08377649 0.4578646 2.660521
-0.04250449 0.07450803 2.65174
-0.0565644 0.07494696 2.566494
0.1776396 0.445614 2.922357
0.1568046 0.1893907 2.970494
0.1396589 -0.2188132 3.093385
0.1400423 -0.242011 3.016383
0.1146606 0.96967 2.963214
-0.1380523 0.4482896 3.061956
-0.1351057 0.4529008 3.041302
0.3365164 0.3453763 2.932485
0.3782844 0.4081124 2.899183
61
0.09729405 0.4424864 2.972768
0.1056425 0.745524 2.971329
0.1181195 1.043371 2.957313
0.09773816 1.172792 2.91247
-0.06067999 0.939122 2.988672
-0.0970088 0.6806563 3.063244
-0.1383605 0.4739034 3.075103
-0.1425319 0.4469896 3.080173
0.2828056 0.9430372 2.937406
0.3457747 0.6915141 2.95786
0.3486142 0.4830997 2.919905
0.3435671 0.4184541 2.91668
0.01579507 0.4534435 2.955033
-0.08377649 0.4578646 2.660521
-0.04250449 0.07450803 2.65174
-0.0565644 0.07494696 2.566494
0.1776396 0.445614 2.922357
0.1568046 0.1893907 2.970494
0.1396589 -0.2188132 3.093385
0.1400423 -0.242011 3.016383
0.1146606 0.96967 2.963214
-0.1380523 0.4482896 3.061956
-0.1351057 0.4529008 3.041302
0.3365164 0.3453763 2.932485
0.3782844 0.4081124 2.899183
62
0.09955172 0.4436785 2.971622
0.1078364 0.746182 2.971044
0.1197737 1.043566 2.957536
0.09901225 1.172775 2.912479
-0.05917826 0.9398005 2.989563
-0.09519106 0.6831981 3.06394
-0.1381859 0.4761839 3.076801
-0.1431212 0.4409198 3.080292
0.284283 0.9431754 2.936648
0.348639 0.6928117 2.955911
0.3504782 0.4840563 2.919063
0.3446814 0.4184273 2.914521
0.01719819 0.45417 2.954601
-0.08338359 0.4724852 2.656389
-0.042664 0.09169081 2.632224
-0.05686095 0.09533252 2.550913
0.1806208 0.4471787 2.920297
0.1556274 0.1924226 2.971296
0.1399792 -0.2192251 3.093332
0.1400386 -0.2420053 3.016499
0.1164687 0.9699622 2.963341
-0.1394017 0.4394495 3.06089
-0.135678 0.4458076 3.039994
0.3370433 0.3447371 2.931857
0.3782384 0.4079369 2.897403
63
0.09955172 0.4436785 2.971622
0.1078364 0.746182 2.971044
0.1197737 1.043566 2.957536
0.09901225 1.172775 2.912479
-0.05917826 0.9398005 2.989563
-0.09519106 0.6831981 3.06394
-0.1381859 0.4761839 3.076801
-0.1431212 0.4409198 3.080292
0.284283 0.9431754 2.936648
0.348639 0.6928117 2.955911
0.3504782 0.4840563 2.919063
0.3446814 0.4184273 2.914521
0.01719819 0.45417 2.954601
-0.08338359 0.4724852 2.656389
-0.042664 0.09169081 2.632224
-0.05686095 0.09533252 2.550913
0.1806208 0.4471787 2.920297
0.1556274 0.1924226 2.971296
0.1399792 -0.2192251 3.093332
0.1400386 -0.2420053 3.016499
0.1164687 0.9699622 2.963341
-0.1394017 0.4394495 3.06089
-0.135678 0.4458076 3.039994
0.3370433 0.3447371 2.931857
0.3782384 0.4079369 2.897403
64
0.1019728 0.4448389 2.970315
0.1101348 0.7468497 2.970524
0.1212602 1.043767 2.957594
0.1003377 1.172776 2.912246
-0.05791821 0.9403903 2.990169
-0.09373812 0.6852385 3.064038
-0.1380833 0.4782192 3.077537
-0.1435817 0.4362713 3.079788
0.2856654 0.9433655 2.935827
0.3509269 0.6941463 2.954061
0.3519338 0.485189 2.917946
0.3447844 0.4182979 2.911556
0.018878 0.454807 2.953916
-0.08214539 0.484565 2.65331
-0.04322316 0.1076027 2.620905
-0.05702521 0.1131846 2.539394
0.1835735 0.4487635 2.918252
0.1548337 0.194517 2.97185
0.1401966 -0.2195058 3.093292
0.1400383 -0.2420007 3.016582
0.1181872 0.9702609 2.963275
-0.1403866 0.4329996 3.059862
-0.1360293 0.4406644 3.038633
0.3353336 0.3421114 2.929845
0.3728845 0.4002214 2.894407
65
0.1019728 0.4448389 2.970315
0.1101348 0.7468497 2.970524
0.1212602 1.043767 2.957594
0.1003377 1.172776 2.912246
-0.05791821 0.9403903 2.990169
-0.09373812 0.6852385 3.064038
-0.1380833 0.4782192 3.077537
-0.1435817 0.4362713 3.079788
0.2856654 0.9433655 2.935827
0.3509269 0.6941463 2.954061
0.3519338 0.485189 2.917946
0.3447844 0.4182979 2.911556
0.018878 0.454807 2.953916
-0.08214539 0.484565 2.65331
-0.04322316 0.1076027 2.620905
-0.05702521 0.1131846 2.539394
0.1835735 0.4487635 2.918252
0.1548337 0.194517 2.97185
0.1401966 -0.2195058 3.093292
0.1400383 -0.2420007 3.016582
0.1181872 0.9702609 2.963275
-0.1403866 0.4329996 3.059862
-0.1360293 0.4406644 3.038633
0.3353336 0.3421114 2.929845
0.3728845 0.4002214 2.894407
66
0.1037182 0.4457629 2.969248
0.1119156 0.7473884 2.970035
0.1224821 1.043947 2.957557
0.1015826 1.172771 2.911923
-0.05682696 0.9409056 2.990535
-0.09235744 0.6875492 3.063154
-0.1379264 0.4805633 3.076895
-0.1433928 0.4349306 3.078506
0.2868536 0.9435319 2.935046
0.3525433 0.6951721 2.952637
0.3529463 0.4861228 2.916702
0.343681 0.4182187 2.908451
0.02009795 0.4553469 2.953322
-0.07961392 0.4992404 2.650922
-0.04414706 0.118465 2.613469
-0.05761239 0.1252829 2.531401
0.1856326 0.4499638 2.916675
0.1542267 0.1959571 2.97226
0.1403639 -0.2197372 3.093252
0.1400631 -0.2420328 3.016616
0.1195824 0.9705192 2.963133
-0.1405809 0.4306252 3.058996
-0.135562 0.4389345 3.03709
0.3331428 0.341743 2.924519
0.3706699 0.4098334 2.888187
67
0.1037182 0.4457629 2.969248
0.1119156 0.7473884 2.970035
0.1224821 1.043947 2.957557
0.1015826 1.172771 2.911923
-0.05682696 0.9409056 2.990535
-0.09235744 0.6875492 3.063154
-0.1379264 0.4805633 3.076895
-0.1433928 0.4349306 3.078506
0.2868536 0.9435319 2.935046
0.3525433 0.6951721 2.952637
0.3529463 0.4861228 2.916702
0.343681 0.4182187 2.908451
0.02009795 0.4553469 2.953322
-0.07961392 0.4992404 2.650922
-0.04414706 0.118465 2.613469
-0.05761239 0.1252829 2.531401
0.1856326 0.4499638 2.916675
0.1542267 0.1959571 2.97226
0.1403639 -0.2197372 3.093252
0.1400631 -0.2420328 3.016616
0.1195824 0.9705192 2.963133
-0.1405809 0.4306252 3.058996
-0.135562 0.4389345 3.03709
0.3331428 0.341743 2.924519
0.3706699 0.4098334 2.888187
68
0.1050361 0.446521 2.96837
0.1133316 0.7478475 2.969559
0.123501 1.044114 2.957427
0.1027957 1.172749 2.911527
-0.05559884 0.9414666 2.990558
-0.09114609 0.6903548 3.061348
-0.1378342 0.4833119 3.075345
-0.14312 0.4349495 3.076416
0.2879511 0.9436859 2.934243
0.3537281 0.6960533 2.951396
0.3536011 0.4868413 2.91544
0.3422351 0.4184919 2.905499
0.021064 0.4558176 2.95277
-0.07795878 0.5081142 2.649612
-0.04468246 0.1255605 2.609033
-0.05801065 0.133173 2.526337
0.1871208 0.4508915 2.915479
0.1537836 0.1966985 2.972535
0.140486 -0.2198896 3.093218
0.1400875 -0.2420633 3.016632
0.1207394 0.9707537 2.962913
-0.1406558 0.4294605 3.057757
-0.1348885 0.4387051 3.035033
0.3323507 0.3414871 2.922906
0.3693656 0.4120924 2.885988
69
0.1050361 0.446521 2.96837
0.1133316 0.7478475 2.969559
0.123501 1.044114 2.957427
0.1027957 1.172749 2.911527
-0.05559884 0.9414666 2.990558
-0.09114609 0.6903548 3.061348
-0.1378342 0.4833119 3.075345
-0.14312 0.4349495 3.076416
0.2879511 0.9436859 2.934243
0.3537281 0.6960533 2.951396
0.3536011 0.4868413 2.91544
0.3422351 0.4184919 2.905499
0.021064 0.4558176 2.95277
-0.07795878 0.5081142 2.649612
-0.04468246 0.1255605 2.609033
-0.05801065 0.133173 2.526337
0.1871208 0.4508915 2.915479
0.1537836 0.1966985 2.972535
0.140486 -0.2198896 3.093218
0.1400875 -0.2420633 3.016632
0.1207394 0.9707537 2.962913
-0.1406558 0.4294605 3.057757
-0.1348885 0.4387051 3.035033
0.3323507 0.3414871 2.922906
0.3693656 0.4120924 2.885988
70
0.1060084 0.4471555 2.967648
0.1144744 0.7482573 2.969111
0.1244567 1.044306 2.957218
0.1039743 1.172715 2.911036
-0.05440512 0.9419949 2.990349
-0.09005877 0.6934717 3.058784
-0.1378374 0.486388 3.072974
-0.1429465 0.4356104 3.073826
0.2890207 0.9438426 2.933418
0.3545533 0.6967373 2.950441
0.3538844 0.4873279 2.914049
0.3396546 0.4190499 2.902368
0.0218065 0.4562446 2.952249
-0.07680023 0.5137298 2.648845
-0.04467361 0.130612 2.610843
-0.058559 0.1380065 2.524555
0.1881817 0.4516166 2.91458
0.1534751 0.1967722 2.97266
0.1405161 -0.2199761 3.093159
0.140114 -0.2420904 3.016634
0.1217807 0.9710004 2.962633
-0.1407325 0.4290823 3.056163
-0.1342731 0.4392307 3.032685
0.330169 0.3414801 2.920014
0.3679322 0.4259439 2.88222
71
0.1060084 0.4471555 2.967648
0.1144744 0.7482573 2.969111
0.1244567 1.044306 2.957218
0.1039743 1.172715 2.911036
-0.05440512 0.9419949 2.990349
-0.09005877 0.6934717 3.058784
-0.1378374 0.486388 3.072974
-0.1429465 0.4356104 3.073826
0.2890207 0.9438426 2.933418
0.3545533 0.6967373 2.950441
0.3538844 0.4873279 2.914049
0.3396546 0.4190499 2.902368
0.0218065 0.4562446 2.952249
-0.07680023 0.5137298 2.648845
-0.04467361 0.130612 2.610843
-0.058559 0.1380065 2.524555
0.1881817 0.4516166 2.91458
0.1534751 0.1967722 2.97266
0.1405161 -0.2199761 3.093159
0.140114 -0.2420904 3.016634
0.1217807 0.9710004 2.962633
-0.1407325 0.4290823 3.056163
-0.1342731 0.4392307 3.032685
0.330169 0.3414801 2.920014
0.3679322 0.4259439 2.88222
72
0.1071919 0.4477564 2.966905
0.1157215 0.7486506 2.968572
0.1253886 1.044495 2.956916
0.1050794 1.17268 2.910531
-0.05337623 0.9424422 2.990076
-0.08928723 0.6959944 3.056517
-0.1378365 0.4890915 3.070588
-0.1427788 0.4366026 3.071275
0.2900548 0.9439517 2.932609
0.3551144 0.6972531 2.949689
0.3538485 0.4876084 2.912693
0.3370687 0.4191514 2.900189
0.02296986 0.4566588 2.951561
-0.07571873 0.5173632 2.648499
-0.04369929 0.1330161 2.621737
-0.05942992 0.138088 2.530075
0.1892564 0.4522627 2.913805
0.1532959 0.1961082 2.972703
0.1405011 -0.2200059 3.093093
0.1401419 -0.2421185 3.016626
0.1228285 0.9712389 2.962254
-0.1407518 0.4292559 3.054518
-0.1337348 0.4399698 3.03059
0.3282939 0.3415186 2.917808
0.3669899 0.4301856 2.881045
73
0.1071919 0.4477564 2.966905
0.1157215 0.7486506 2.968572
0.1253886 1.044495 2.956916
0.1050794 1.17268 2.910531
-0.05337623 0.9424422 2.990076
-0.08928723 0.6959944 3.056517
-0.1378365 0.4890915 3.070588
-0.1427788 0.4366026 3.071275
0.2900548 0.9439517 2.932609
0.3551144 0.6972531 2.949689
0.3538485 0.4876084 2.912693
0.3370687 0.4191514 2.900189
0.02296986 0.4566588 2.951561
-0.07571873 0.5173632 2.648499
-0.04369929 0.1330161 2.621737
-0.05942992 0.138088 2.530075
0.1892564 0.4522627 2.913805
0.1532959 0.1961082 2.972703
0.1405011 -0.2200059 3.093093
0.1401419 -0.2421185 3.016626
0.1228285 0.9712389 2.962254
-0.1407518 0.4292559 3.054518
-0.1337348 0.4399698 3.03059
0.3282939 0.3415186 2.917808
0.3669899 0.4301856 2.881045
74
0.1084029 0.4483093 2.966172
0.1168638 0.749 2.968026
0.1261807 1.044661 2.956599
0.1062203 1.172663 2.90996
-0.05254396 0.942806 2.989799
-0.0887311 0.6979746 3.05456
-0.1378602 0.4913978 3.068298
-0.1425769 0.4381041 3.068698
0.29099 0.9440347 2.931898
0.3554824 0.6976253 2.949104
0.3534471 0.4878658 2.911411
0.3342241 0.4193661 2.898633
0.02428998 0.4570433 2.950762
-0.07425661 0.5186345 2.648706
-0.04080218 0.1227105 2.647079
-0.05968352 0.1214728 2.56003
0.1902641 0.4528413 2.913142
0.1532322 0.1951897 2.972677
0.1404561 -0.2200013 3.093027
0.1401719 -0.2421426 3.016612
0.123734 0.9714479 2.961864
-0.1406873 0.4301379 3.052726
-0.1331211 0.4415283 3.028337
0.3264153 0.3418066 2.916318
0.3647128 0.4317069 2.881683
75
0.1084029 0.4483093 2.966172
0.1168638 0.749 2.968026
0.1261807 1.044661 2.956599
0.1062203 1.172663 2.90996
-0.05254396 0.942806 2.989799
-0.0887311 0.6979746 3.05456
-0.1378602 0.4913978 3.068298
-0.1425769 0.4381041 3.068698
0.29099 0.9440347 2.931898
0.3554824 0.6976253 2.949104
0.3534471 0.4878658 2.911411
0.3342241 0.4193661 2.898633
0.02428998 0.4570433 2.950762
-0.07425661 0.5186345 2.648706
-0.04080218 0.1227105 2.647079
-0.05968352 0.1214728 2.56003
0.1902641 0.4528413 2.913142
0.1532322 0.1951897 2.972677
0.1404561 -0.2200013 3.093027
0.1401719 -0.2421426 3.016612
0.123734 0.9714479 2.961864
-0.1406873 0.4301379 3.052726
-0.1331211 0.4415283 3.028337
0.3264153 0.3418066 2.916318
0.3647128 0.4317069 2.881683
76
0.1099654 0.4488901 2.965307
0.1179945 0.7493263 2.96742
0.1268535 1.044806 2.956258
0.1073385 1.172628 2.909332
-0.05180562 0.9431142 2.989465
-0.08835819 0.6993945 3.053007
-0.1378702 0.4932117 3.066255
-0.1423835 0.439537 3.066411
0.291903 0.9440987 2.931226
0.3557085 0.697899 2.948638
0.3528547 0.4881007 2.91023
0.3314134 0.419607 2.897393
0.02605799 0.457473 2.949671
-0.07062063 0.5092896 2.650621
-0.04031196 0.1037178 2.679614
-0.06057355 0.09617332 2.595256
0.191528 0.4534295 2.912486
0.1532895 0.1935871 2.972759
0.1403914 -0.2199681 3.092961
0.1401992 -0.2421609 3.016585
0.1245251 0.9716321 2.961449
-0.1405842 0.4311782 3.051048
-0.1326287 0.4428317 3.026512
0.3225616 0.3424549 2.912642
0.3619435 0.4322069 2.8801
77
0.1099654 0.4488901 2.965307
0.1179945 0.7493263 2.96742
0.1268535 1.044806 2.956258
0.1073385 1.172628 2.909332
-0.05180562 0.9431142 2.989465
-0.08835819 0.6993945 3.053007
-0.1378702 0.4932117 3.066255
-0.1423835 0.439537 3.066411
0.291903 0.9440987 2.931226
0.3557085 0.697899 2.948638
0.3528547 0.4881007 2.91023
0.3314134 0.419607 2.897393
0.02605799 0.457473 2.949671
-0.07062063 0.5092896 2.650621
-0.04031196 0.1037178 2.679614
-0.06057355 0.09617332 2.595256
0.191528 0.4534295 2.912486
0.1532895 0.1935871 2.972759
0.1403914 -0.2199681 3.092961
0.1401992 -0.2421609 3.016585
0.1245251 0.9716321 2.961449
-0.1405842 0.4311782 3.051048
-0.1326287 0.4428317 3.026512
0.3225616 0.3424549 2.912642
0.3619435 0.4322069 2.8801
78
0.1112688 0.4493465 2.964572
0.1189827 0.7496093 2.966843
0.1274651 1.044957 2.955883
0.1083876 1.172578 2.908743
-0.05116577 0.9433525 2.989076
-0.08817057 0.7003631 3.051684
-0.1379255 0.4945738 3.064385
-0.1422707 0.4407468 3.064379
0.2926839 0.9441157 2.930644
0.3558021 0.6981114 2.948249
0.3520364 0.4882881 2.909081
0.3294252 0.4196683 2.896767
0.02756891 0.4578145 2.948688
-0.06495961 0.4808048 2.653601
-0.0435881 0.07654332 2.708135
-0.06100733 0.06600256 2.636823
0.1925635 0.4538889 2.911969
0.1534908 0.1913989 2.973139
0.1403067 -0.2199659 3.092881
0.1402229 -0.242181 3.016554
0.1252401 0.9718124 2.96101
-0.1405226 0.4321645 3.04948
-0.1322695 0.4439021 3.024988
0.3206156 0.3427348 2.911548
0.3579876 0.4286084 2.880093
79
0.1112688 0.4493465 2.964572
0.1189827 0.7496093 2.966843
0.1274651 1.044957 2.955883
0.1083876 1.172578 2.908743
-0.05116577 0.9433525 2.989076
-0.08817057 0.7003631 3.051684
-0.1379255 0.4945738 3.064385
-0.1422707 0.4407468 3.064379
0.2926839 0.9441157 2.930644
0.3558021 0.6981114 2.948249
0.3520364 0.4882881 2.909081
0.3294252 0.4196683 2.896767
0.02756891 0.4578145 2.948688
-0.06495961 0.4808048 2.653601
-0.0435881 0.07654332 2.708135
-0.06100733 0.06600256 2.636823
0.1925635 0.4538889 2.911969
0.1534908 0.1913989 2.973139
0.1403067 -0.2199659 3.092881
0.1402229 -0.242181 3.016554
0.1252401 0.9718124 2.96101
-0.1405226 0.4321645 3.04948
-0.1322695 0.4439021 3.024988
0.3206156 0.3427348 2.911548
0.3579876 0.4286084 2.880093
80
0.1124447 0.4497124 2.963877
0.1198712 0.7498512 2.966234
0.1280064 1.0451 2.955418
0.1094054 1.172541 2.908078
-0.0504756 0.9435636 2.988239
-0.0881088 0.700981 3.050359
-0.1383598 0.4957021 3.061888
-0.1427345 0.4407823 3.062173
0.2933726 0.9440921 2.930078
0.355749 0.6982605 2.947871
0.3510527 0.4884334 2.908043
0.3276133 0.4197088 2.896224
0.02897926 0.4581087 2.947697
-0.06118084 0.4533871 2.658698
-0.04438888 0.04329088 2.74301
-0.05864228 0.02932622 2.677923
0.1934681 0.4542442 2.911522
0.1537168 0.1894308 2.973583
0.140242 -0.2201242 3.092815
0.1402322 -0.242301 3.016639
0.1258775 0.9719777 2.960496
-0.1409602 0.4321522 3.047733
-0.1324249 0.4441057 3.023202
0.3178512 0.3418058 2.910903
0.3565198 0.4281397 2.879468
81
0.1124447 0.4497124 2.963877
0.1198712 0.7498512 2.966234
0.1280064 1.0451 2.955418
0.1094054 1.172541 2.908078
-0.0504756 0.9435636 2.988239
-0.0881088 0.700981 3.050359
-0.1383598 0.4957021 3.061888
-0.1427345 0.4407823 3.062173
0.2933726 0.9440921 2.930078
0.355749 0.6982605 2.947871
0.3510527 0.4884334 2.908043
0.3276133 0.4197088 2.896224
0.02897926 0.4581087 2.947697
-0.06118084 0.4533871 2.658698
-0.04438888 0.04329088 2.74301
-0.05864228 0.02932622 2.677923
0.1934681 0.4542442 2.911522
0.1537168 0.1894308 2.973583
0.140242 -0.2201242 3.092815
0.1402322 -0.242301 3.016639
0.1258775 0.9719777 2.960496
-0.1409602 0.4321522 3.047733
-0.1324249 0.4441057 3.023202
0.3178512 0.3418058 2.910903
0.3565198 0.4281397 2.879468
82
0.1135047 0.4499887 2.963222
0.1206476 0.7500429 2.965603
0.1284522 1.045225 2.954825
0.1103259 1.172531 2.907344
-0.04987701 0.9437223 2.987148
-0.08822145 0.7013241 3.048797
-0.1389657 0.4965607 3.059324
-0.1436153 0.4400544 3.059773
0.293988 0.9440406 2.929487
0.3554818 0.6982303 2.947438
0.3500257 0.4884903 2.907148
0.3261649 0.4198385 2.895961
0.03034608 0.4583367 2.946633
-0.05794088 0.4216056 2.666936
-0.04067988 0.01015866 2.777163
-0.05352911 -0.005398396 2.721105
0.194241 0.4545098 2.911154
0.1539676 0.1877287 2.974048
0.1401791 -0.2202094 3.092708
0.140243 -0.2423285 3.016673
0.1264175 0.972116 2.959887
-0.141774 0.431516 3.045732
-0.1329701 0.4436848 3.021214
0.316455 0.3418794 2.910133
0.3555405 0.4278486 2.879436
83
0.1135047 0.4499887 2.963222
0.1206476 0.7500429 2.965603
0.1284522 1.045225 2.954825
0.1103259 1.172531 2.907344
-0.04987701 0.9437223 2.987148
-0.08822145 0.7013241 3.048797
-0.1389657 0.4965607 3.059324
-0.1436153 0.4400544 3.059773
0.293988 0.9440406 2.929487
0.3554818 0.6982303 2.947438
0.3500257 0.4884903 2.907148
0.3261649 0.4198385 2.895961
0.03034608 0.4583367 2.946633
-0.05794088 0.4216056 2.666936
-0.04067988 0.01015866 2.777163
-0.05352911 -0.005398396 2.721105
0.194241 0.4545098 2.911154
0.1539676 0.1877287 2.974048
0.1401791 -0.2202094 3.092708
0.140243 -0.2423285 3.016673
0.1264175 0.972116 2.959887
-0.141774 0.431516 3.045732
-0.1329701 0.4436848 3.021214
0.316455 0.3418794 2.910133
0.3555405 0.4278486 2.879436
84
0.1143672 0.4501956 2.962668
0.1212818 0.7502086 2.964973
0.1287621 1.045379 2.954021
0.1111262 1.172614 2.906444
-0.04940166 0.9438441 2.985799
-0.08954444 0.6989849 3.045389
-0.1401209 0.4959197 3.056284
-0.1452612 0.4375921 3.056637
0.2944925 0.9439985 2.928838
0.355043 0.6981363 2.946986
0.3490484 0.4885454 2.906405
0.3248655 0.4200074 2.895918
0.03148333 0.4585244 2.945693
-0.05539962 0.3819736 2.677843
-0.03531479 -0.01938575 2.814724
-0.04770819 -0.03788878 2.762288
0.1948599 0.4547052 2.910863
0.1543065 0.1859487 2.974674
0.1401016 -0.2203163 3.092582
0.1402546 -0.242346 3.016694
0.1268307 0.9722679 2.959138
-0.1433147 0.4293155 3.042945
-0.1342474 0.4417224 3.018468
0.3151741 0.3420887 2.909457
0.3545358 0.4285075 2.88014
85
0.1143672 0.4501956 2.962668
0.1212818 0.7502086 2.964973
0.1287621 1.045379 2.954021
0.1111262 1.172614 2.906444
-0.04940166 0.9438441 2.985799
-0.08954444 0.6989849 3.045389
-0.1401209 0.4959197 3.056284
-0.1452612 0.4375921 3.056637
0.2944925 0.9439985 2.928838
0.355043 0.6981363 2.946986
0.3490484 0.4885454 2.906405
0.3248655 0.4200074 2.895918
0.03148333 0.4585244 2.945693
-0.05539962 0.3819736 2.677843
-0.03531479 -0.01938575 2.814724
-0.04770819 -0.03788878 2.762288
0.1948599 0.4547052 2.910863
0.1543065 0.1859487 2.974674
0.1401016 -0.2203163 3.092582
0.1402546 -0.242346 3.016694
0.1268307 0.9722679 2.959138
-0.1433147 0.4293155 3.042945
-0.1342474 0.4417224 3.018468
0.3151741 0.3420887 2.909457
0.3545358 0.4285075 2.88014
86
0.1147902 0.4503296 2.962346
0.121717 0.7503399 2.964372
0.1290056 1.04554 2.952839
0.1117905 1.172723 2.905378
-0.04913228 0.943968 2.983968
-0.09084868 0.6969305 3.042068
-0.1413423 0.4951221 3.053131
-0.1453875 0.4561991 3.041189
0.2949796 0.9438896 2.927925
0.3544497 0.6979973 2.946578
0.3481371 0.4886082 2.905818
0.3238351 0.4203062 2.896127
0.03204735 0.4587264 2.945041
-0.05417707 0.3549851 2.687651
-0.03175008 -0.02515612 2.834952
-0.04331565 -0.05870116 2.750142
0.1951615 0.4548114 2.910707
0.1547481 0.1832452 2.97579
0.1400017 -0.2204679 3.092436
0.140268 -0.2423587 3.016705
0.1271457 0.9724139 2.958163
-0.1446409 0.4625906 3.019593
-0.1380186 0.4715933 3.000821
0.314534 0.3431968 2.909477
0.3539179 0.4283633 2.880234
87
0.1147902 0.4503296 2.962346
0.121717 0.7503399 2.964372
0.1290056 1.04554 2.952839
0.1117905 1.172723 2.905378
-0.04913228 0.943968 2.983968
-0.09084868 0.6969305 3.042068
-0.1413423 0.4951221 3.053131
-0.1453875 0.4561991 3.041189
0.2949796 0.9438896 2.927925
0.3544497 0.6979973 2.946578
0.3481371 0.4886082 2.905818
0.3238351 0.4203062 2.896127
0.03204735 0.4587264 2.945041
-0.05417707 0.3549851 2.687651
-0.03175008 -0.02515612 2.834952
-0.04331565 -0.05870116 2.750142
0.1951615 0.4548114 2.910707
0.1547481 0.1832452 2.97579
0.1400017 -0.2204679 3.092436
0.140268 -0.2423587 3.016705
0.1271457 0.9724139 2.958163
-0.1446409 0.4625906 3.019593
-0.1380186 0.4715933 3.000821
0.314534 0.3431968 2.909477
0.3539179 0.4283633 2.880234
88
0.1149259 0.4504265 2.962121
0.1219623 0.7504477 2.963821
0.129145 1.045711 2.95147
0.1122977 1.172833 2.904389
-0.04908009 0.9440937 2.981792
-0.09385427 0.6912983 3.037139
-0.1435136 0.4920393 3.048669
-0.1462706 0.4604359 3.032645
0.2953612 0.9437935 2.927062
0.3537277 0.6977568 2.94616
0.3471704 0.4885705 2.905435
0.3226166 0.4206389 2.897064
0.03226329 0.458931 2.944562
-0.05389536 0.3264973 2.700272
-0.02306542 -0.07967995 2.881486
-0.03365291 -0.1092194 2.817076
0.1950273 0.4547392 2.91075
0.1552427 0.1795305 2.977418
0.139876 -0.2206664 3.092274
0.1402865 -0.2423684 3.016713
0.1273322 0.972559 2.957083
-0.1503536 0.4566014 3.007274
-0.1396168 0.4761766 2.993473
0.3136928 0.344389 2.909864
0.3523847 0.4277783 2.880178
89
0.1149259 0.4504265 2.962121
0.1219623 0.7504477 2.963821
0.129145 1.045711 2.95147
0.1122977 1.172833 2.904389
-0.04908009 0.9440937 2.981792
-0.09385427 0.6912983 3.037139
-0.1435136 0.4920393 3.048669
-0.1462706 0.4604359 3.032645
0.2953612 0.9437935 2.927062
0.3537277 0.6977568 2.94616
0.3471704 0.4885705 2.905435
0.3226166 0.4206389 2.897064
0.03226329 0.458931 2.944562
-0.05389536 0.3264973 2.700272
-0.02306542 -0.07967995 2.881486
-0.03365291 -0.1092194 2.817076
0.1950273 0.4547392 2.91075
0.1552427 0.1795305 2.977418
0.139876 -0.2206664 3.092274
0.1402865 -0.2423684 3.016713
0.1273322 0.972559 2.957083
-0.1503536 0.4566014 3.007274
-0.1396168 0.4761766 2.993473
0.3136928 0.344389 2.909864
0.3523847 0.4277783 2.880178
90
0.1144157 0.4504814 2.961945
0.121888 0.7505557 2.963042
0.128994 1.045953 2.949087
0.1126222 1.172999 2.903076
-0.04968195 0.9441063 2.978166
-0.09799895 0.684243 3.030584
-0.1466129 0.487464 3.042907
-0.1479275 0.4592246 3.019566
0.2955803 0.9437135 2.925958
0.3529093 0.6974932 2.945677
0.3462665 0.4885107 2.905124
0.321184 0.4209991 2.897918
0.03190028 0.4592353 2.94402
-0.05376089 0.2814369 2.720334
-0.01810799 -0.1288324 2.917047
-0.03222622 -0.1578134 2.859162
0.1940373 0.454414 2.911081
0.1555846 0.1767161 2.978244
0.13978 -0.2207259 3.092167
0.1403032 -0.2423729 3.016719
0.1272082 0.9727516 2.955258
-0.1578517 0.4298269 2.981147
-0.1392792 0.4771537 2.979052
0.3130888 0.3452488 2.910396
0.350905 0.4259199 2.881158
91
0.1144157 0.4504814 2.961945
0.121888 0.7505557 2.963042
0.128994 1.045953 2.949087
0.1126222 1.172999 2.903076
-0.04968195 0.9441063 2.978166
-0.09799895 0.684243 3.030584
-0.1466129 0.487464 3.042907
-0.1479275 0.4592246 3.019566
0.2955803 0.9437135 2.925958
0.3529093 0.6974932 2.945677
0.3462665 0.4885107 2.905124
0.321184 0.4209991 2.897918
0.03190028 0.4592353 2.94402
-0.05376089 0.2814369 2.720334
-0.01810799 -0.1288324 2.917047
-0.03222622 -0.1578134 2.859162
0.1940373 0.454414 2.911081
0.1555846 0.1767161 2.978244
0.13978 -0.2207259 3.092167
0.1403032 -0.2423729 3.016719
0.1272082 0.9727516 2.955258
-0.1578517 0.4298269 2.981147
-0.1392792 0.4771537 2.979052
0.3130888 0.3452488 2.910396
0.350905 0.4259199 2.881158
92
0.1130294 0.4504316 2.961934
0.1213068 0.750625 2.962042
0.1283485 1.046161 2.946218
0.1126397 1.173227 2.90138
-0.05093924 0.9439276 2.973915
-0.1014836 0.6796752 3.025247
-0.1493863 0.4836102 3.037477
-0.1495342 0.4537455 3.003175
0.2956305 0.9436949 2.924816
0.3520791 0.6972384 2.945203
0.3454001 0.4884355 2.904929
0.3200311 0.4216152 2.898751
0.03093189 0.4595589 2.94355
-0.04751502 0.2344118 2.753727
-0.01484334 -0.1764945 2.958085
-0.02873427 -0.2033589 2.906289
0.1919112 0.4537783 2.911801
0.1558247 0.1745283 2.978332
0.1397097 -0.2206476 3.092099
0.1403207 -0.2423732 3.016721
0.1265883 0.9729121 2.952989
-0.1614863 0.3899311 2.97549
-0.1377 0.4628875 2.962594
0.3123605 0.348334 2.909735
0.3493089 0.4244511 2.88104
93
0.1130294 0.4504316 2.961934
0.1213068 0.750625 2.962042
0.1283485 1.046161 2.946218
0.1126397 1.173227 2.90138
-0.05093924 0.9439276 2.973915
-0.1014836 0.6796752 3.025247
-0.1493863 0.4836102 3.037477
-0.1495342 0.4537455 3.003175
0.2956305 0.9436949 2.924816
0.3520791 0.6972384 2.945203
0.3454001 0.4884355 2.904929
0.3200311 0.4216152 2.898751
0.03093189 0.4595589 2.94355
-0.04751502 0.2344118 2.753727
-0.01484334 -0.1764945 2.958085
-0.02873427 -0.2033589 2.906289
0.1919112 0.4537783 2.911801
0.1558247 0.1745283 2.978332
0.1397097 -0.2206476 3.092099
0.1403207 -0.2423732 3.016721
0.1265883 0.9729121 2.952989
-0.1614863 0.3899311 2.97549
-0.1377 0.4628875 2.962594
0.3123605 0.348334 2.909735
0.3493089 0.4244511 2.88104
94
0.1108848 0.4502441 2.961906
0.1198931 0.7506242 2.960557
0.1269367 1.046344 2.942664
0.1123508 1.173451 2.899692
-0.0532582 0.9435371 2.96859
-0.1047024 0.6761985 3.02024
-0.1541226 0.4748113 3.017133
-0.1512001 0.4431683 2.989383
0.2953843 0.9436032 2.923502
0.3511001 0.6969859 2.944853
0.3445073 0.4883558 2.904836
0.3190059 0.4220931 2.89973
0.02919661 0.4598734 2.942937
-0.04457679 0.2121096 2.772078
-0.01309844 -0.2001787 2.983962
-0.02771118 -0.227892 2.932207
0.1891588 0.4529334 2.912581
0.1560206 0.1722042 2.977534
0.1396648 -0.2203095 3.092095
0.1402954 -0.2423398 3.016704
0.1251779 0.9730396 2.950006
-0.1625974 0.368081 2.972138
-0.1352697 0.448255 2.951212
0.3118905 0.3506722 2.909478
0.3486053 0.4239295 2.881475
95
0.1108848 0.4502441 2.961906
0.1198931 0.7506242 2.960557
0.1269367 1.046344 2.942664
0.1123508 1.173451 2.899692
-0.0532582 0.9435371 2.96859
-0.1047024 0.6761985 3.02024
-0.1541226 0.4748113 3.017133
-0.1512001 0.4431683 2.989383
0.2953843 0.9436032 2.923502
0.3511001 0.6969859 2.944853
0.3445073 0.4883558 2.904836
0.3190059 0.4220931 2.89973
0.02919661 0.4598734 2.942937
-0.04457679 0.2121096 2.772078
-0.01309844 -0.2001787 2.983962
-0.02771118 -0.227892 2.932207
0.1891588 0.4529334 2.912581
0.1560206 0.1722042 2.977534
0.1396648 -0.2203095 3.092095
0.1402954 -0.2423398 3.016704
0.1251779 0.9730396 2.950006
-0.1625974 0.368081 2.972138
-0.1352697 0.448255 2.951212
0.3118905 0.3506722 2.909478
0.3486053 0.4239295 2.881475
96
0.1080043 0.449871 2.961267
0.1175573 0.7504896 2.95837
0.1250259 1.04642 2.939152
0.1109129 1.173717 2.897162
-0.05677514 0.9426764 2.961765
-0.1096189 0.6719518 3.012782
-0.1559972 0.4567968 2.986492
-0.1529489 0.4247775 2.974417
0.2947547 0.9434282 2.921954
0.3490839 0.6958118 2.944577
0.3435173 0.4877025 2.904793
0.3178959 0.4220099 2.900387
0.02634117 0.4600746 2.941287
-0.03850435 0.1828991 2.809168
-0.01064935 -0.2115838 3.014697
-0.02700598 -0.2453683 2.95207
0.1861821 0.4520048 2.912897
0.1563346 0.168417 2.972798
0.1396421 -0.2188461 3.092443
0.1402322 -0.2422828 3.016667
0.1231578 0.9730625 2.946773
-0.1619513 0.3531137 2.971213
-0.134614 0.4298158 2.937108
0.3106029 0.3501327 2.911051
0.3479751 0.4235968 2.882051
97
0.1080043 0.449871 2.961267
0.1175573 0.7504896 2.95837
0.1250259 1.04642 2.939152
0.1109129 1.173717 2.897162
-0.05677514 0.9426764 2.961765
-0.1096189 0.6719518 3.012782
-0.1559972 0.4567968 2.986492
-0.1529489 0.4247775 2.974417
0.2947547 0.9434282 2.921954
0.3490839 0.6958118 2.944577
0.3435173 0.4877025 2.904793
0.3178959 0.4220099 2.900387
0.02634117 0.4600746 2.941287
-0.03850435 0.1828991 2.809168
-0.01064935 -0.2115838 3.014697
-0.02700598 -0.2453683 2.95207
0.1861821 0.4520048 2.912897
0.1563346 0.168417 2.972798
0.1396421 -0.2188461 3.092443
0.1402322 -0.2422828 3.016667
0.1231578 0.9730625 2.946773
-0.1619513 0.3531137 2.971213
-0.134614 0.4298158 2.937108
0.3106029 0.3501327 2.911051
0.3479751 0.4235968 2.882051
98
0.104545 0.4492916 2.959881
0.1138299 0.750154 2.955172
0.1212937 1.046352 2.934812
0.1087038 1.173953 2.894436
-0.06133481 0.9421667 2.955316
-0.1145497 0.6684937 3.004282
-0.156227 0.452659 2.972646
-0.1536558 0.4166197 2.963081
0.2931904 0.9433084 2.919876
0.3461941 0.6939989 2.944204
0.3421911 0.4864994 2.904885
0.3167223 0.4223292 2.901305
0.02238504 0.4598706 2.938001
-0.03422922 0.1595144 2.845665
-0.00822737 -0.2298592 3.039092
-0.02070523 -0.2586811 2.98275
0.1831565 0.4511077 2.912839
0.1569615 0.1621755 2.965842
0.1395992 -0.216655 3.092986
0.1400466 -0.2422545 3.016773
0.1194237 0.9729296 2.942608
-0.1580387 0.3424689 2.963233
-0.1314364 0.4213804 2.927257
0.3096825 0.3507279 2.91101
0.3471963 0.4232282 2.88406
99
0.104545 0.4492916 2.959881
0.1138299 0.750154 2.955172
0.1212937 1.046352 2.934812
0.1087038 1.173953 2.894436
-0.06133481 0.9421667 2.955316
-0.1145497 0.6684937 3.004282
-0.156227 0.452659 2.972646
-0.1536558 0.4166197 2.963081
0.2931904 0.9433084 2.919876
0.3461941 0.6939989 2.944204
0.3421911 0.4864994 2.904885
0.3167223 0.4223292 2.901305
0.02238504 0.4598706 2.938001
-0.03422922 0.1595144 2.845665
-0.00822737 -0.2298592 3.039092
-0.02070523 -0.2586811 2.98275
0.1831565 0.4511077 2.912839
0.1569615 0.1621755 2.965842
0.1395992 -0.216655 3.092986
0.1400466 -0.2422545 3.016773
0.1194237 0.9729296 2.942608
-0.1580387 0.3424689 2.963233
-0.1314364 0.4213804 2.927257
0.3096825 0.3507279 2.91101
0.3471963 0.4232282 2.88406
100
0.09907145 0.4477929 2.957105
0.1083914 0.7492409 2.950957
0.1164308 1.045988 2.930219
0.1055501 1.17415 2.891511
-0.06709609 0.9412205 2.949134
-0.11974 0.6652628 2.995409
-0.156574 0.449962 2.961874
-0.1547323 0.4101157 2.953024
0.2888722 0.9427274 2.916104
0.3416736 0.6911134 2.943691
0.3404076 0.4844776 2.904935
0.3152846 0.4216239 2.901747
0.01666356 0.4584263 2.933126
-0.03106873 0.1387818 2.887814
-0.007293669 -0.2392069 3.053657
-0.01711997 -0.2637514 2.999123
0.1783495 0.449649 2.911882
0.1580576 0.156574 2.959539
0.1394992 -0.2146302 3.093409
0.1398142 -0.2422276 3.016929
0.1144235 0.9724407 2.937986
-0.1559907 0.3353235 2.957499
-0.128318 0.4127595 2.915218
0.3091581 0.3510822 2.911146
0.3453442 0.4226875 2.885043
101
0.09907145 0.4477929 2.957105
0.1083914 0.7492409 2.950957
0.1164308 1.045988 2.930219
0.1055501 1.17415 2.891511
-0.06709609 0.9412205 2.949134
-0.11974 0.6652628 2.995409
-0.156574 0.449962 2.961874
-0.1547323 0.4101157 2.953024
0.2888722 0.9427274 2.916104
0.3416736 0.6911134 2.943691
0.3404076 0.4844776 2.904935
0.3152846 0.4216239 2.901747
0.01666356 0.4584263 2.933126
-0.03106873 0.1387818 2.887814
-0.007293669 -0.2392069 3.053657
-0.01711997 -0.2637514 2.999123
0.1783495 0.449649 2.911882
0.1580576 0.156574 2.959539
0.1394992 -0.2146302 3.093409
0.1398142 -0.2422276 3.016929
0.1144235 0.9724407 2.937986
-0.1559907 0.3353235 2.957499
-0.128318 0.4127595 2.915218
0.3091581 0.3510822 2.911146
0.3453442 0.4226875 2.885043
102
0.09354004 0.4456367 2.954094
0.1022234 0.7477354 2.94656
0.1097579 1.045182 2.925108
0.1012206 1.174262 2.888394
-0.07440963 0.9398376 2.942811
-0.1263812 0.6621131 2.985161
-0.1575633 0.4480644 2.95358
-0.1557078 0.4075643 2.943996
0.2839365 0.9420631 2.912607
0.3360702 0.6878626 2.943148
0.3378088 0.4818904 2.904959
0.3138209 0.4216187 2.902361
0.0109703 0.4558249 2.928037
-0.03085416 0.1238649 2.92757
-0.007636795 -0.2420601 3.067839
-0.01474784 -0.2647974 3.009701
0.1733821 0.4479052 2.910694
0.1600931 0.1530409 2.954137
0.1392764 -0.212962 3.093667
0.1396556 -0.2422023 3.017023
0.1079216 0.9714588 2.93296
-0.1538864 0.3318292 2.948185
-0.126383 0.4095449 2.907613
0.3075266 0.3503315 2.911674
0.3438484 0.4243723 2.886227
103
0.09354004 0.4456367 2.954094
0.1022234 0.7477354 2.94656
0.1097579 1.045182 2.925108
0.1012206 1.174262 2.888394
-0.07440963 0.9398376 2.942811
-0.1263812 0.6621131 2.985161
-0.1575633 0.4480644 2.95358
-0.1557078 0.4075643 2.943996
0.2839365 0.9420631 2.912607
0.3360702 0.6878626 2.943148
0.3378088 0.4818904 2.904959
0.3138209 0.4216187 2.902361
0.0109703 0.4558249 2.928037
-0.03085416 0.1238649 2.92757
-0.007636795 -0.2420601 3.067839
-0.01474784 -0.2647974 3.009701
0.1733821 0.4479052 2.910694
0.1600931 0.1530409 2.954137
0.1392764 -0.212962 3.093667
0.1396556 -0.2422023 3.017023
0.1079216 0.9714588 2.93296
-0.1538864 0.3318292 2.948185
-0.126383 0.4095449 2.907613
0.3075266 0.3503315 2.911674
0.3438484 0.4243723 2.886227
104
0.0878768 0.4430202 2.950782
0.09511973 0.7458186 2.941923
0.1009855 1.044122 2.919582
0.09468696 1.174437 2.884508
-0.0831571 0.9381801 2.936332
-0.1329541 0.6594062 2.975579
-0.1585716 0.4466528 2.947269
-0.1567896 0.4059274 2.93616
0.2770119 0.9415361 2.90899
0.3279801 0.6831054 2.942286
0.3344837 0.4780788 2.904867
0.3116381 0.4215504 2.902575
0.005230573 0.4520418 2.922877
-0.03126942 0.1181544 2.949442
-0.00808959 -0.2428474 3.07699
-0.01272038 -0.2644366 3.016727
0.1681007 0.446205 2.909053
0.1620027 0.1506935 2.95055
0.1390538 -0.2118696 3.093773
0.1395124 -0.2421819 3.017112
0.09963573 0.9701694 2.92758
-0.1533529 0.3286371 2.944748
-0.1254254 0.4047508 2.90128
0.3054257 0.349467 2.910747
0.3419101 0.4252187 2.886509
105
0.0878768 0.4430202 2.950782
0.09511973 0.7458186 2.941923
0.1009855 1.044122 2.919582
0.09468696 1.174437 2.884508
-0.0831571 0.9381801 2.936332
-0.1329541 0.6594062 2.975579
-0.1585716 0.4466528 2.947269
-0.1567896 0.4059274 2.93616
0.2770119 0.9415361 2.90899
0.3279801 0.6831054 2.942286
0.3344837 0.4780788 2.904867
0.3116381 0.4215504 2.902575
0.005230573 0.4520418 2.922877
-0.03126942 0.1181544 2.949442
-0.00808959 -0.2428474 3.07699
-0.01272038 -0.2644366 3.016727
0.1681007 0.446205 2.909053
0.1620027 0.1506935 2.95055
0.1390538 -0.2118696 3.093773
0.1395124 -0.2421819 3.017112
0.09963573 0.9701694 2.92758
-0.1533529 0.3286371 2.944748
-0.1254254 0.4047508 2.90128
0.3054257 0.349467 2.910747
0.3419101 0.4252187 2.886509
106
0.08306672 0.4408203 2.947923
0.08917169 0.7444233 2.938305
0.09383404 1.043617 2.915563
0.08734556 1.174891 2.880785
-0.0918617 0.9362555 2.930854
-0.1384132 0.6574452 2.968119
-0.1601009 0.4458421 2.940989
-0.1577856 0.4049735 2.927991
0.2687003 0.9413167 2.905326
0.3205781 0.6796986 2.941534
0.3305005 0.474856 2.904615
0.3083917 0.421363 2.902372
0.0006542508 0.4487764 2.918892
-0.03304581 0.1182172 2.9677
-0.008766955 -0.2411853 3.08273
-0.01142255 -0.2613654 3.02024
0.1632512 0.4449689 2.90734
0.1634563 0.1491936 2.948095
0.1388479 -0.211166 3.093787
0.1394392 -0.2422602 3.016977
0.09281813 0.9694341 2.923601
-0.1541828 0.3282174 2.936993
-0.1243621 0.4019999 2.896618
0.3018803 0.3481869 2.909657
0.3351179 0.4218748 2.887828
107
0.08306672 0.4408203 2.947923
0.08917169 0.7444233 2.938305
0.09383404 1.043617 2.915563
0.08734556 1.174891 2.880785
-0.0918617 0.9362555 2.930854
-0.1384132 0.6574452 2.968119
-0.1601009 0.4458421 2.940989
-0.1577856 0.4049735 2.927991
0.2687003 0.9413167 2.905326
0.3205781 0.6796986 2.941534
0.3305005 0.474856 2.904615
0.3083917 0.421363 2.902372
0.0006542508 0.4487764 2.918892
-0.03304581 0.1182172 2.9677
-0.008766955 -0.2411853 3.08273
-0.01142255 -0.2613654 3.02024
0.1632512 0.4449689 2.90734
0.1634563 0.1491936 2.948095
0.1388479 -0.211166 3.093787
0.1394392 -0.2422602 3.016977
0.09281813 0.9694341 2.923601
-0.1541828 0.3282174 2.936993
-0.1243621 0.4019999 2.896618
0.3018803 0.3481869 2.909657
0.3351179 0.4218748 2.887828
108
0.07853559 0.4389484 2.945374
0.08309809 0.7432781 2.934963
0.08612117 1.043331 2.911631
0.07979411 1.175376 2.877121
-0.09959252 0.9349639 2.926452
-0.1435925 0.6567268 2.961256
-0.1622837 0.4460815 2.934864
-0.1586685 0.4042699 2.921075
0.2599365 0.9412156 2.901725
0.3130456 0.676972 2.940275
0.324726 0.4716521 2.904179
0.3014258 0.4221562 2.900816
-0.0033445 0.4459904 2.915775
-0.03564495 0.1217336 2.980091
-0.009645738 -0.237928 3.0858
-0.01083189 -0.2571121 3.02082
0.1583091 0.4441059 2.905508
0.1646173 0.148225 2.94633
0.1386504 -0.210665 3.093719
0.1393789 -0.2423141 3.016781
0.08553379 0.968923 2.919778
-0.1554556 0.32921 2.93081
-0.1235223 0.4009475 2.892581
0.2979827 0.3487667 2.908937
0.3263516 0.4200512 2.88692
109
0.07853559 0.4389484 2.945374
0.08309809 0.7432781 2.934963
0.08612117 1.043331 2.911631
0.07979411 1.175376 2.877121
-0.09959252 0.9349639 2.926452
-0.1435925 0.6567268 2.961256
-0.1622837 0.4460815 2.934864
-0.1586685 0.4042699 2.921075
0.2599365 0.9412156 2.901725
0.3130456 0.676972 2.940275
0.324726 0.4716521 2.904179
0.3014258 0.4221562 2.900816
-0.0033445 0.4459904 2.915775
-0.03564495 0.1217336 2.980091
-0.009645738 -0.237928 3.0858
-0.01083189 -0.2571121 3.02082
0.1583091 0.4441059 2.905508
0.1646173 0.148225 2.94633
0.1386504 -0.210665 3.093719
0.1393789 -0.2423141 3.016781
0.08553379 0.968923 2.919778
-0.1554556 0.32921 2.93081
-0.1235223 0.4009475 2.892581
0.2979827 0.3487667 2.908937
0.3263516 0.4200512 2.88692
110
0.07427663 0.4374594 2.943206
0.0772071 0.7424542 2.93209
0.07863701 1.043259 2.908186
0.07110284 1.175539 2.873645
-0.1061723 0.934088 2.92287
-0.1478453 0.6566228 2.956153
-0.1648466 0.446924 2.929332
-0.1598588 0.4042693 2.914988
0.251565 0.9413916 2.898286
0.3047763 0.6760858 2.938467
0.3158814 0.4699305 2.90384
0.2915624 0.4232081 2.899089
-0.006843093 0.4437306 2.913504
-0.03806511 0.1260249 2.986759
-0.01040963 -0.2344736 3.086832
-0.01075003 -0.2531028 3.019817
0.1532802 0.4436414 2.903562
0.1655098 0.1477226 2.944941
0.1384732 -0.2103065 3.093614
0.1393295 -0.242365 3.016567
0.07844251 0.9686611 2.916449
-0.1570899 0.3322159 2.922233
-0.1229195 0.3997159 2.889348
0.2865574 0.3512071 2.902553
0.3169426 0.4198053 2.888403
111
0.07427663 0.4374594 2.943206
0.0772071 0.7424542 2.93209
0.07863701 1.043259 2.908186
0.07110284 1.175539 2.873645
-0.1061723 0.934088 2.92287
-0.1478453 0.6566228 2.956153
-0.1648466 0.446924 2.929332
-0.1598588 0.4042693 2.914988
0.251565 0.9413916 2.898286
0.3047763 0.6760858 2.938467
0.3158814 0.4699305 2.90384
0.2915624 0.4232081 2.899089
-0.006843093 0.4437306 2.913504
-0.03806511 0.1260249 2.986759
-0.01040963 -0.2344736 3.086832
-0.01075003 -0.2531028 3.019817
0.1532802 0.4436414 2.903562
0.1655098 0.1477226 2.944941
0.1384732 -0.2103065 3.093614
0.1393295 -0.242365 3.016567
0.07844251 0.9686611 2.916449
-0.1570899 0.3322159 2.922233
-0.1229195 0.3997159 2.889348
0.2865574 0.3512071 2.902553
0.3169426 0.4198053 2.888403
112
0.06983608 0.4362736 2.941162
0.07204319 0.7418529 2.929729
0.07301997 1.043167 2.905646
0.06294882 1.175788 2.870766
-0.1122671 0.9333974 2.920161
-0.1518579 0.6570354 2.9521
-0.1678771 0.4483334 2.92386
-0.1612118 0.4043193 2.910137
0.2441481 0.9417681 2.895282
0.2967632 0.6763619 2.936455
0.3059453 0.4695168 2.903238
0.2800437 0.4238 2.896529
-0.0104713 0.4417467 2.911661
-0.04045607 0.1311205 2.988597
-0.01108197 -0.2310888 3.087009
-0.010912 -0.2497789 3.018168
0.1480708 0.4435476 2.901443
0.1660497 0.1475653 2.943684
0.1383209 -0.2100835 3.093486
0.1392768 -0.24241 3.016484
0.07292059 0.9684502 2.913935
-0.1582381 0.3328634 2.917347
-0.1242291 0.4022067 2.885145
0.2738835 0.3527788 2.898966
0.3059114 0.4204903 2.8883
113
0.06983608 0.4362736 2.941162
0.07204319 0.7418529 2.929729
0.07301997 1.043167 2.905646
0.06294882 1.175788 2.870766
-0.1122671 0.9333974 2.920161
-0.1518579 0.6570354 2.9521
-0.1678771 0.4483334 2.92386
-0.1612118 0.4043193 2.910137
0.2441481 0.9417681 2.895282
0.2967632 0.6763619 2.936455
0.3059453 0.4695168 2.903238
0.2800437 0.4238 2.896529
-0.0104713 0.4417467 2.911661
-0.04045607 0.1311205 2.988597
-0.01108197 -0.2310888 3.087009
-0.010912 -0.2497789 3.018168
0.1480708 0.4435476 2.901443
0.1660497 0.1475653 2.943684
0.1383209 -0.2100835 3.093486
0.1392768 -0.24241 3.016484
0.07292059 0.9684502 2.913935
-0.1582381 0.3328634 2.917347
-0.1242291 0.4022067 2.885145
0.2738835 0.3527788 2.898966
0.3059114 0.4204903 2.8883
114
0.06435432 0.4352756 2.939155
0.06554133 0.7413703 2.927563
0.06583966 1.043073 2.903429
0.05570453 1.175939 2.86834
-0.1183537 0.932842 2.918329
-0.1559878 0.657666 2.948801
-0.1704181 0.4494543 2.919748
-0.1627871 0.4021117 2.904978
0.2377324 0.9417175 2.892715
0.2904204 0.6767719 2.934672
0.2959423 0.4694847 2.902341
0.2673387 0.4222906 2.894592
-0.01510909 0.4398558 2.910111
-0.04289272 0.1361999 2.985885
-0.01162948 -0.2276109 3.087021
-0.01109178 -0.2471505 3.016565
0.1419417 0.4437103 2.89917
0.1651399 0.1493571 2.940548
0.138381 -0.2096339 3.093364
0.1392349 -0.242452 3.016418
0.06587585 0.9682731 2.911721
-0.1604519 0.3338673 2.911237
-0.1251337 0.4017315 2.881418
0.2661163 0.3542133 2.898196
0.2943389 0.4247452 2.890571
115
0.06435432 0.4352756 2.939155
0.06554133 0.7413703 2.927563
0.06583966 1.043073 2.903429
0.05570453 1.175939 2.86834
-0.1183537 0.932842 2.918329
-0.1559878 0.657666 2.948801
-0.1704181 0.4494543 2.919748
-0.1627871 0.4021117 2.904978
0.2377324 0.9417175 2.892715
0.2904204 0.6767719 2.934672
0.2959423 0.4694847 2.902341
0.2673387 0.4222906 2.894592
-0.01510909 0.4398558 2.910111
-0.04289272 0.1361999 2.985885
-0.01162948 -0.2276109 3.087021
-0.01109178 -0.2471505 3.016565
0.1419417 0.4437103 2.89917
0.1651399 0.1493571 2.940548
0.138381 -0.2096339 3.093364
0.1392349 -0.242452 3.016418
0.06587585 0.9682731 2.911721
-0.1604519 0.3338673 2.911237
-0.1251337 0.4017315 2.881418
0.2661163 0.3542133 2.898196
0.2943389 0.4247452 2.890571
116
0.05846138 0.4344866 2.937374
0.05972729 0.7410191 2.925963
0.06028021 1.042984 2.901983
0.04932031 1.175942 2.866354
-0.1233622 0.9325631 2.917238
-0.1603465 0.6587657 2.946216
-0.1733031 0.4508621 2.916232
-0.1648679 0.399854 2.90115
0.232233 0.9415396 2.890537
0.2839024 0.6775708 2.932485
0.2877041 0.4697799 2.901363
0.2586576 0.4256482 2.893157
-0.02027601 0.4383285 2.908927
-0.04682237 0.1404682 2.976345
-0.01186221 -0.2234295 3.087337
-0.01128313 -0.2453915 3.01515
0.135628 0.4438371 2.897002
0.1634093 0.1509416 2.937496
0.1384853 -0.2091957 3.093225
0.1392074 -0.2424864 3.016353
0.06023906 0.9681318 2.910239
-0.1626329 0.3333995 2.908345
-0.1265842 0.3979603 2.877259
0.2554626 0.3575549 2.895157
0.2831148 0.4239913 2.890502
117
0.05846138 0.4344866 2.937374
0.05972729 0.7410191 2.925963
0.06028021 1.042984 2.901983
0.04932031 1.175942 2.866354
-0.1233622 0.9325631 2.917238
-0.1603465 0.6587657 2.946216
-0.1733031 0.4508621 2.916232
-0.1648679 0.399854 2.90115
0.232233 0.9415396 2.890537
0.2839024 0.6775708 2.932485
0.2877041 0.4697799 2.901363
0.2586576 0.4256482 2.893157
-0.02027601 0.4383285 2.908927
-0.04682237 0.1404682 2.976345
-0.01186221 -0.2234295 3.087337
-0.01128313 -0.2453915 3.01515
0.135628 0.4438371 2.897002
0.1634093 0.1509416 2.937496
0.1384853 -0.2091957 3.093225
0.1392074 -0.2424864 3.016353
0.06023906 0.9681318 2.910239
-0.1626329 0.3333995 2.908345
-0.1265842 0.3979603 2.877259
0.2554626 0.3575549 2.895157
0.2831148 0.4239913 2.890502
118
0.05309086 0.4338373 2.935903
0.0546563 0.7407012 2.924741
0.05564785 1.042847 2.900952
0.04322219 1.175603 2.864659
-0.1282101 0.931994 2.916567
-0.1641343 0.6597371 2.944427
-0.1767666 0.4522564 2.913079
-0.167611 0.398339 2.898107
0.2275758 0.9413255 2.888791
0.2777233 0.6785063 2.930202
0.281192 0.4702237 2.900195
0.253109 0.4281535 2.891909
-0.02504927 0.4371558 2.907973
-0.05336218 0.143665 2.958991
-0.01184936 -0.2178199 3.087833
-0.01150366 -0.2441352 3.013891
0.1299475 0.4438176 2.895211
0.1611302 0.1518318 2.934603
0.138622 -0.2087318 3.093073
0.1391803 -0.2425159 3.016284
0.05548535 0.9679604 2.909167
-0.16787 0.3345914 2.90414
-0.1289126 0.3967426 2.874818
0.2476046 0.3586749 2.891807
0.2759968 0.4233987 2.889216
