115
1
0.2097795 0.6309707 3.011294
0.2216682 0.9620796 2.998698
0.2322344 1.286737 2.971961
0.2327034 1.42807 2.928736
0.03916634 1.189197 2.99909
-0.01119054 0.9131362 3.014877
-0.02823454 0.6694956 2.966306
-0.01470497 0.6066296 2.967305
0.4146232 1.166369 2.96157
0.4562314 0.8972545 2.990396
0.4567207 0.6584224 2.933353
0.4265651 0.5877223 2.922691
0.120111 0.6386923 2.979573
0.117365 0.2533393 3.097404
0.1050849 -0.1524535 3.214312
0.09488526 -0.1803299 3.11648
0.2939436 0.6329149 2.964418
0.3021317 0.25485 3.08594
0.2929293 -0.1556109 3.211255
0.3092121 -0.1888284 3.103649
0.2297529 1.206536 2.98111
-0.007367215 0.5198539 2.973684
-0.06900342 0.6036446 2.967954
0.425029 0.5012122 2.923748
0.3767855 0.6019158 2.89735
2
0.2097795 0.6309707 3.011294
0.2216682 0.9620796 2.998698
0.2322344 1.286737 2.971961
0.2327034 1.42807 2.928736
0.03916634 1.189197 2.99909
-0.01119054 0.9131362 3.014877
-0.02823454 0.6694956 2.966306
-0.01470497 0.6066296 2.967305
0.4146232 1.166369 2.96157
0.4562314 0.8972545 2.990396
0.4567207 0.6584224 2.933353
0.4265651 0.5877223 2.922691
0.120111 0.6386923 2.979573
0.117365 0.2533393 3.097404
0.1050849 -0.1524535 3.214312
0.09488526 -0.1803299 3.11648
0.2939436 0.6329149 2.964418
0.3021317 0.25485 3.08594
0.2929293 -0.1556109 3.211255
0.3092121 -0.1888284 3.103649
0.2297529 1.206536 2.98111
-0.007367215 0.5198539 2.973684
-0.06900342 0.6036446 2.967954
0.425029 0.5012122 2.923748
0.3767855 0.6019158 2.89735
3
0.2097055 0.6309823 3.011351
0.221588 0.9621601 2.998845
0.2321274 1.286877 2.972368
0.2324611 1.428276 2.929144
0.039142 1.18918 2.999294
-0.01118221 0.9130942 3.014986
-0.02833337 0.6691521 2.96765
-0.01487791 0.6063951 2.969516
0.4144678 1.166386 2.961853
0.4560928 0.8969293 2.990285
0.4560188 0.6574 2.933399
0.4261734 0.5876442 2.924629
0.1200352 0.6387017 2.979643
0.1173452 0.2533223 3.097415
0.1051064 -0.1527511 3.214385
0.09536488 -0.1804568 3.117182
0.2938697 0.6329247 2.964474
0.3021327 0.2548442 3.085941
0.2930096 -0.1555172 3.211354
0.3090026 -0.1887447 3.103796
0.2296581 1.206666 2.981439
-0.003221216 0.5182979 2.976001
-0.06816734 0.6004604 2.96988
0.4244502 0.5006197 2.926162
0.3765404 0.6016507 2.897268
4
0.2097055 0.6309823 3.011351
0.221588 0.9621601 2.998845
0.2321274 1.286877 2.972368
0.2324611 1.428276 2.929144
0.039142 1.18918 2.999294
-0.01118221 0.9130942 3.014986
-0.02833337 0.6691521 2.96765
-0.01487791 0.6063951 2.969516
0.4144678 1.166386 2.961853
0.4560928 0.8969293 2.990285
0.4560188 0.6574 2.933399
0.4261734 0.5876442 2.924629
0.1200352 0.6387017 2.979643
0.1173452 0.2533223 3.097415
0.1051064 -0.1527511 3.214385
0.09536488 -0.1804568 3.117182
0.2938697 0.6329247 2.964474
0.3021327 0.2548442 3.085941
0.2930096 -0.1555172 3.211354
0.3090026 -0.1887447 3.103796
0.2296581 1.206666 2.981439
-0.003221216 0.5182979 2.976001
-0.06816734 0.6004604 2.96988
0.4244502 0.5006197 2.926162
0.3765404 0.6016507 2.897268
5
0.2096225 0.6309956 3.011418
0.221489 0.962249 2.999017
0.2319916 1.287023 2.972791
0.232232 1.428469 2.92951
0.0390929 1.189137 2.999519
-0.01118515 0.9130356 3.015133
-0.02835065 0.669219 2.968914
-0.01493346 0.60621 2.970962
0.4142941 1.16641 2.962145
0.4559065 0.8965372 2.990278
0.4554237 0.6565245 2.933637
0.4258021 0.5880613 2.926785
0.1199452 0.6387106 2.979735
0.1173179 0.2532839 3.097447
0.105153 -0.1520623 3.214168
0.09514993 -0.1798679 3.116563
0.2937897 0.6329373 2.964534
0.3021335 0.2548378 3.085943
0.2930884 -0.1553772 3.211428
0.3089023 -0.1886407 3.103827
0.2295369 1.206803 2.98179
0.004785601 0.5086724 2.975128
-0.06800678 0.600076 2.970925
0.4241623 0.5008602 2.929625
0.3763323 0.600896 2.897401
6
0.2096225 0.6309956 3.011418
0.221489 0.962249 2.999017
0.2319916 1.287023 2.972791
0.232232 1.428469 2.92951
0.0390929 1.189137 2.999519
-0.01118515 0.9130356 3.015133
-0.02835065 0.669219 2.968914
-0.01493346 0.60621 2.970962
0.4142941 1.16641 2.962145
0.4559065 0.8965372 2.990278
0.4554237 0.6565245 2.933637
0.4258021 0.5880613 2.926785
0.1199452 0.6387106 2.979735
0.1173179 0.2532839 3.097447
0.105153 -0.1520623 3.214168
0.09514993 -0.1798679 3.116563
0.2937897 0.6329373 2.964534
0.3021335 0.2548378 3.085943
0.2930884 -0.1553772 3.211428
0.3089023 -0.1886407 3.103827
0.2295369 1.206803 2.98179
0.004785601 0.5086724 2.975128
-0.06800678 0.600076 2.970925
0.4241623 0.5008602 2.929625
0.3763323 0.600896 2.897401
7
0.2095252 0.6310096 3.011502
0.2213655 0.9623449 2.999219
0.2318226 1.287171 2.973222
0.2320213 1.428639 2.929834
0.03904546 1.189092 2.999732
-0.01120355 0.9129531 3.015375
-0.02833215 0.6695928 2.970449
-0.01510059 0.6058097 2.972482
0.4141191 1.166435 2.96242
0.4556704 0.8960864 2.990366
0.4549731 0.6559311 2.93415
0.4258011 0.5883487 2.929346
0.1198477 0.63872 2.979839
0.1172837 0.2532345 3.09749
0.1051986 -0.151483 3.213981
0.09480624 -0.1793732 3.116006
0.2936883 0.6329501 2.964617
0.3021319 0.2548234 3.085952
0.2931193 -0.1552197 3.211436
0.308817 -0.1885226 3.10374
0.2293843 1.206944 2.982161
0.005875678 0.5072088 2.976397
-0.06779942 0.5999317 2.971473
0.4240859 0.5007542 2.933336
0.3762435 0.6006196 2.897447
8
0.2095252 0.6310096 3.011502
0.2213655 0.9623449 2.999219
0.2318226 1.287171 2.973222
0.2320213 1.428639 2.929834
0.03904546 1.189092 2.999732
-0.01120355 0.9129531 3.015375
-0.02833215 0.6695928 2.970449
-0.01510059 0.6058097 2.972482
0.4141191 1.166435 2.96242
0.4556704 0.8960864 2.990366
0.4549731 0.6559311 2.93415
0.4258011 0.5883487 2.929346
0.1198477 0.63872 2.979839
0.1172837 0.2532345 3.09749
0.1051986 -0.151483 3.213981
0.09480624 -0.1793732 3.116006
0.2936883 0.6329501 2.964617
0.3021319 0.2548234 3.085952
0.2931193 -0.1552197 3.211436
0.308817 -0.1885226 3.10374
0.2293843 1.206944 2.982161
0.005875678 0.5072088 2.976397
-0.06779942 0.5999317 2.971473
0.4240859 0.5007542 2.933336
0.3762435 0.6006196 2.897447
9
0.2094235 0.6310263 3.011593
0.2212323 0.9624427 2.999425
0.2316414 1.287312 2.973623
0.2318287 1.428786 2.930113
0.03895611 1.189015 2.999994
-0.01122933 0.9128543 3.015659
-0.02830544 0.6700367 2.971865
-0.01524866 0.6056229 2.973459
0.4139287 1.16647 2.962695
0.4553775 0.8955565 2.990554
0.4545359 0.6552913 2.934906
0.4259664 0.5882629 2.93168
0.1197422 0.6387353 2.979957
0.1172461 0.2531926 3.097538
0.1052398 -0.151209 3.213906
0.09489691 -0.1791303 3.115807
0.2935857 0.6329638 2.964703
0.3021306 0.2548068 3.085967
0.2930714 -0.1548851 3.211417
0.308778 -0.1882444 3.103607
0.2292196 1.20708 2.982513
0.009073369 0.5038933 2.976332
-0.06770657 0.5997383 2.971924
0.4244833 0.5008305 2.934879
0.3757442 0.5930105 2.897948
10
0.2094235 0.6310263 3.011593
0.2212323 0.9624427 2.999425
0.2316414 1.287312 2.973623
0.2318287 1.428786 2.930113
0.03895611 1.189015 2.999994
-0.01122933 0.9128543 3.015659
-0.02830544 0.6700367 2.971865
-0.01524866 0.6056229 2.973459
0.4139287 1.16647 2.962695
0.4553775 0.8955565 2.990554
0.4545359 0.6552913 2.934906
0.4259664 0.5882629 2.93168
0.1197422 0.6387353 2.979957
0.1172461 0.2531926 3.097538
0.1052398 -0.151209 3.213906
0.09489691 -0.1791303 3.115807
0.2935857 0.6329638 2.964703
0.3021306 0.2548068 3.085967
0.2930714 -0.1548851 3.211417
0.308778 -0.1882444 3.103607
0.2292196 1.20708 2.982513
0.009073369 0.5038933 2.976332
-0.06770657 0.5997383 2.971924
0.4244833 0.5008305 2.934879
0.3757442 0.5930105 2.897948
11
0.2093249 0.6310439 3.011684
0.2210999 0.9625369 2.999624
0.2314576 1.28744 2.973988
0.231651 1.428919 2.930356
0.03886512 1.188938 3.000246
-0.01127497 0.9127336 3.01598
-0.0282829 0.6705363 2.973102
-0.01546844 0.6051956 2.974468
0.4137222 1.16652 2.962969
0.4550956 0.8950616 2.990761
0.4541256 0.6543852 2.93606
0.4261033 0.5884316 2.933882
0.1196398 0.6387501 2.980075
0.1171916 0.2531436 3.0976
0.1052697 -0.1511075 3.213877
0.09501141 -0.1790219 3.115778
0.2934867 0.6329809 2.964788
0.3021284 0.2547899 3.085984
0.2930419 -0.1545903 3.211397
0.3087362 -0.1879938 3.103497
0.2290534 1.207207 2.982839
0.01114496 0.5021181 2.97703
-0.06756366 0.594347 2.973369
0.4244762 0.5011895 2.935583
0.3756691 0.5930898 2.898757
12
0.2093249 0.6310439 3.011684
0.2210999 0.9625369 2.999624
0.2314576 1.28744 2.973988
0.231651 1.428919 2.930356
0.03886512 1.188938 3.000246
-0.01127497 0.9127336 3.01598
-0.0282829 0.6705363 2.973102
-0.01546844 0.6051956 2.974468
0.4137222 1.16652 2.962969
0.4550956 0.8950616 2.990761
0.4541256 0.6543852 2.93606
0.4261033 0.5884316 2.933882
0.1196398 0.6387501 2.980075
0.1171916 0.2531436 3.0976
0.1052697 -0.1511075 3.213877
0.09501141 -0.1790219 3.115778
0.2934867 0.6329809 2.964788
0.3021284 0.2547899 3.085984
0.2930419 -0.1545903 3.211397
0.3087362 -0.1879938 3.103497
0.2290534 1.207207 2.982839
0.01114496 0.5021181 2.97703
-0.06756366 0.594347 2.973369
0.4244762 0.5011895 2.935583
0.3756691 0.5930898 2.898757
13
0.2092197 0.631069 3.011782
0.2209593 0.962634 2.999824
0.2312697 1.28756 2.974318
0.231486 1.429035 2.930567
0.03877316 1.188866 3.000479
-0.01135525 0.9126139 3.016329
-0.02824491 0.670787 2.974046
-0.0156314 0.6049719 2.974939
0.413518 1.166581 2.963245
0.4548322 0.8946099 2.990972
0.453777 0.653548 2.937187
0.4263197 0.5885054 2.93542
0.1195282 0.6387794 2.980209
0.1171219 0.2531028 3.097663
0.1053016 -0.151125 3.213895
0.09525744 -0.178989 3.115968
0.2933847 0.6330014 2.964875
0.3021263 0.2547744 3.086
0.2930364 -0.1540668 3.211287
0.308538 -0.1875446 3.103166
0.2288815 1.207326 2.983141
0.0115974 0.501999 2.977381
-0.06756999 0.5932976 2.973567
0.4242494 0.5007436 2.938293
0.3755647 0.5843354 2.899252
14
0.2092197 0.631069 3.011782
0.2209593 0.962634 2.999824
0.2312697 1.28756 2.974318
0.231486 1.429035 2.930567
0.03877316 1.188866 3.000479
-0.01135525 0.9126139 3.016329
-0.02824491 0.670787 2.974046
-0.0156314 0.6049719 2.974939
0.413518 1.166581 2.963245
0.4548322 0.8946099 2.990972
0.453777 0.653548 2.937187
0.4263197 0.5885054 2.93542
0.1195282 0.6387794 2.980209
0.1171219 0.2531028 3.097663
0.1053016 -0.151125 3.213895
0.09525744 -0.178989 3.115968
0.2933847 0.6330014 2.964875
0.3021263 0.2547744 3.086
0.2930364 -0.1540668 3.211287
0.308538 -0.1875446 3.103166
0.2288815 1.207326 2.983141
0.0115974 0.501999 2.977381
-0.06756999 0.5932976 2.973567
0.4242494 0.5007436 2.938293
0.3755647 0.5843354 2.899252
15
0.2091214 0.6310942 3.011875
0.2208266 0.962725 3.000008
0.2310892 1.28767 2.974612
0.2313187 1.429146 2.93076
0.03868509 1.188795 3.000692
-0.0114412 0.9125119 3.016659
-0.0282235 0.6709601 2.974766
-0.01570617 0.6048539 2.975249
0.4133061 1.166637 2.963525
0.454556 0.8941296 2.99121
0.4534748 0.6528313 2.938215
0.4265854 0.5890039 2.937032
0.1194253 0.6388083 2.980334
0.117035 0.2530546 3.097736
0.1053373 -0.1511453 3.213913
0.09545638 -0.1789655 3.116127
0.2932897 0.6330227 2.964957
0.3021242 0.2547613 3.086015
0.2930335 -0.1534774 3.211135
0.3083588 -0.1870413 3.102737
0.2287173 1.207437 2.983413
0.01257945 0.5013045 2.977362
-0.06698789 0.5898715 2.973176
0.4255712 0.5007915 2.941634
0.3754087 0.579863 2.900696
16
0.2091214 0.6310942 3.011875
0.2208266 0.962725 3.000008
0.2310892 1.28767 2.974612
0.2313187 1.429146 2.93076
0.03868509 1.188795 3.000692
-0.0114412 0.9125119 3.016659
-0.0282235 0.6709601 2.974766
-0.01570617 0.6048539 2.975249
0.4133061 1.166637 2.963525
0.454556 0.8941296 2.99121
0.4534748 0.6528313 2.938215
0.4265854 0.5890039 2.937032
0.1194253 0.6388083 2.980334
0.117035 0.2530546 3.097736
0.1053373 -0.1511453 3.213913
0.09545638 -0.1789655 3.116127
0.2932897 0.6330227 2.964957
0.3021242 0.2547613 3.086015
0.2930335 -0.1534774 3.211135
0.3083588 -0.1870413 3.102737
0.2287173 1.207437 2.983413
0.01257945 0.5013045 2.977362
-0.06698789 0.5898715 2.973176
0.4255712 0.5007915 2.941634
0.3754087 0.579863 2.900696
17
0.209028 0.6311209 3.011966
0.220698 0.9628119 3.000185
0.2309124 1.287769 2.974884
0.2311651 1.429246 2.930928
0.03852997 1.188726 3.000936
-0.01152914 0.9124154 3.016979
-0.0281891 0.6713179 2.975327
-0.01555465 0.6050418 2.974615
0.4130911 1.166713 2.963809
0.4543026 0.8936903 2.991453
0.4532204 0.6525043 2.939141
0.4266155 0.5894729 2.937993
0.1193291 0.6388373 2.980454
0.1169416 0.2529974 3.097824
0.1053786 -0.1510815 3.213906
0.09538119 -0.1788783 3.116149
0.2931982 0.6330476 2.965038
0.3021227 0.2547487 3.08603
0.2930351 -0.1533009 3.211099
0.3082672 -0.1868819 3.102644
0.2285566 1.207538 2.983665
0.01335389 0.5008212 2.977193
-0.06663407 0.5921369 2.971164
0.4257788 0.500932 2.942699
0.3749643 0.5872341 2.902385
18
0.209028 0.6311209 3.011966
0.220698 0.9628119 3.000185
0.2309124 1.287769 2.974884
0.2311651 1.429246 2.930928
0.03852997 1.188726 3.000936
-0.01152914 0.9124154 3.016979
-0.0281891 0.6713179 2.975327
-0.01555465 0.6050418 2.974615
0.4130911 1.166713 2.963809
0.4543026 0.8936903 2.991453
0.4532204 0.6525043 2.939141
0.4266155 0.5894729 2.937993
0.1193291 0.6388373 2.980454
0.1169416 0.2529974 3.097824
0.1053786 -0.1510815 3.213906
0.09538119 -0.1788783 3.116149
0.2931982 0.6330476 2.965038
0.3021227 0.2547487 3.08603
0.2930351 -0.1533009 3.211099
0.3082672 -0.1868819 3.102644
0.2285566 1.207538 2.983665
0.01335389 0.5008212 2.977193
-0.06663407 0.5921369 2.971164
0.4257788 0.500932 2.942699
0.3749643 0.5872341 2.902385
19
0.2089429 0.6311465 3.012048
0.2205782 0.9628931 3.000346
0.2307416 1.287864 2.975126
0.231018 1.429346 2.931078
0.03835854 1.188651 3.001176
-0.01171112 0.9125481 3.017387
-0.02780377 0.6732743 2.973978
-0.01202701 0.6075273 2.966911
0.4128865 1.166798 2.964087
0.4540735 0.8933088 2.991673
0.4529956 0.652308 2.939868
0.4263888 0.5899683 2.938175
0.1192428 0.6388621 2.980563
0.1168494 0.252943 3.097912
0.1054275 -0.1510282 3.213918
0.09536611 -0.1788106 3.11618
0.2931161 0.6330761 2.965107
0.3021215 0.2547442 3.086037
0.2931253 -0.1530544 3.211126
0.3082191 -0.186668 3.10263
0.2284029 1.207633 2.983892
0.01964999 0.502614 2.967245
-0.06104165 0.5964153 2.959388
0.4250953 0.5012789 2.943819
0.374818 0.5925308 2.902523
20
0.2089429 0.6311465 3.012048
0.2205782 0.9628931 3.000346
0.2307416 1.287864 2.975126
0.231018 1.429346 2.931078
0.03835854 1.188651 3.001176
-0.01171112 0.9125481 3.017387
-0.02780377 0.6732743 2.973978
-0.01202701 0.6075273 2.966911
0.4128865 1.166798 2.964087
0.4540735 0.8933088 2.991673
0.4529956 0.652308 2.939868
0.4263888 0.5899683 2.938175
0.1192428 0.6388621 2.980563
0.1168494 0.252943 3.097912
0.1054275 -0.1510282 3.213918
0.09536611 -0.1788106 3.11618
0.2931161 0.6330761 2.965107
0.3021215 0.2547442 3.086037
0.2931253 -0.1530544 3.211126
0.3082191 -0.186668 3.10263
0.2284029 1.207633 2.983892
0.01964999 0.502614 2.967245
-0.06104165 0.5964153 2.959388
0.4250953 0.5012789 2.943819
0.374818 0.5925308 2.902523
21
0.2088874 0.6311738 3.012094
0.2204682 0.962971 3.000488
0.2305599 1.28796 2.975359
0.2308542 1.429445 2.931221
0.03810581 1.188547 3.001439
-0.01194387 0.9129527 3.017841
-0.02554187 0.6788985 2.965196
0.007565833 0.6139194 2.936314
0.4126789 1.166902 2.96435
0.453866 0.8930412 2.991853
0.4524622 0.6525868 2.940163
0.4238752 0.5911869 2.935495
0.1191835 0.6388838 2.980631
0.1167528 0.2529017 3.097996
0.1054794 -0.1510012 3.213959
0.09534355 -0.1787496 3.116325
0.2930644 0.6331144 2.965141
0.30212 0.2547413 3.086042
0.2932453 -0.1527728 3.211163
0.3081311 -0.1864241 3.102617
0.2282485 1.207727 2.984103
0.03385738 0.521261 2.932512
-0.04281567 0.6110802 2.932117
0.4220719 0.5015621 2.942737
0.3732652 0.5883418 2.899361
22
0.2088874 0.6311738 3.012094
0.2204682 0.962971 3.000488
0.2305599 1.28796 2.975359
0.2308542 1.429445 2.931221
0.03810581 1.188547 3.001439
-0.01194387 0.9129527 3.017841
-0.02554187 0.6788985 2.965196
0.007565833 0.6139194 2.936314
0.4126789 1.166902 2.96435
0.453866 0.8930412 2.991853
0.4524622 0.6525868 2.940163
0.4238752 0.5911869 2.935495
0.1191835 0.6388838 2.980631
0.1167528 0.2529017 3.097996
0.1054794 -0.1510012 3.213959
0.09534355 -0.1787496 3.116325
0.2930644 0.6331144 2.965141
0.30212 0.2547413 3.086042
0.2932453 -0.1527728 3.211163
0.3081311 -0.1864241 3.102617
0.2282485 1.207727 2.984103
0.03385738 0.521261 2.932512
-0.04281567 0.6110802 2.932117
0.4220719 0.5015621 2.942737
0.3732652 0.5883418 2.899361
23
0.2089123 0.6312129 3.011994
0.2204016 0.9630245 3.000558
0.2303928 1.288041 2.975547
0.2306783 1.429538 2.931324
0.03782363 1.188438 3.001684
-0.01225565 0.9181161 3.017731
-0.004975539 0.7040076 2.92788
0.03351775 0.6464733 2.89652
0.4124606 1.167028 2.964522
0.4534421 0.893111 2.991858
0.4459755 0.6577145 2.932555
0.410315 0.5981119 2.917302
0.1191742 0.6388779 2.980618
0.1166679 0.2528527 3.098071
0.1055109 -0.1510477 3.213917
0.09534907 -0.1787299 3.116424
0.2931745 0.633278 2.964861
0.3021181 0.2547389 3.086046
0.2933268 -0.1526222 3.21109
0.3080846 -0.1862664 3.102524
0.2281139 1.207804 2.984262
0.05481574 0.5582796 2.879355
-0.0165975 0.6372991 2.893875
0.4005859 0.5056522 2.91796
0.3629063 0.5938784 2.887094
24
0.2089123 0.6312129 3.011994
0.2204016 0.9630245 3.000558
0.2303928 1.288041 2.975547
0.2306783 1.429538 2.931324
0.03782363 1.188438 3.001684
-0.01225565 0.9181161 3.017731
-0.004975539 0.7040076 2.92788
0.03351775 0.6464733 2.89652
0.4124606 1.167028 2.964522
0.4534421 0.893111 2.991858
0.4459755 0.6577145 2.932555
0.410315 0.5981119 2.917302
0.1191742 0.6388779 2.980618
0.1166679 0.2528527 3.098071
0.1055109 -0.1510477 3.213917
0.09534907 -0.1787299 3.116424
0.2931745 0.633278 2.964861
0.3021181 0.2547389 3.086046
0.2933268 -0.1526222 3.21109
0.3080846 -0.1862664 3.102524
0.2281139 1.207804 2.984262
0.05481574 0.5582796 2.879355
-0.0165975 0.6372991 2.893875
0.4005859 0.5056522 2.91796
0.3629063 0.5938784 2.887094
25
0.2089474 0.6312712 3.011835
0.220342 0.9630763 3.000611
0.2302317 1.28812 2.97572
0.2304713 1.42965 2.931431
0.03739705 1.188342 3.002014
-0.01422378 0.9310067 3.017095
0.01760479 0.7369331 2.891202
0.06998577 0.6767894 2.854336
0.4122306 1.167198 2.964686
0.4522536 0.8941029 2.991162
0.4328023 0.6676542 2.916189
0.3863033 0.6071677 2.891044
0.1191689 0.6388787 2.980564
0.1165862 0.2528076 3.09815
0.1055443 -0.1510743 3.213887
0.09535127 -0.1786992 3.116513
0.2932997 0.6334688 2.964513
0.3021066 0.2548135 3.086013
0.2936029 -0.1521301 3.211192
0.3080293 -0.1858641 3.102506
0.2279866 1.207878 2.984403
0.09149051 0.6046275 2.822851
0.02898466 0.6505529 2.86281
0.3729985 0.5143616 2.885463
0.3427462 0.6125736 2.864991
26
0.2089474 0.6312712 3.011835
0.220342 0.9630763 3.000611
0.2302317 1.28812 2.97572
0.2304713 1.42965 2.931431
0.03739705 1.188342 3.002014
-0.01422378 0.9310067 3.017095
0.01760479 0.7369331 2.891202
0.06998577 0.6767894 2.854336
0.4122306 1.167198 2.964686
0.4522536 0.8941029 2.991162
0.4328023 0.6676542 2.916189
0.3863033 0.6071677 2.891044
0.1191689 0.6388787 2.980564
0.1165862 0.2528076 3.09815
0.1055443 -0.1510743 3.213887
0.09535127 -0.1786992 3.116513
0.2932997 0.6334688 2.964513
0.3021066 0.2548135 3.086013
0.2936029 -0.1521301 3.211192
0.3080293 -0.1858641 3.102506
0.2279866 1.207878 2.984403
0.09149051 0.6046275 2.822851
0.02898466 0.6505529 2.86281
0.3729985 0.5143616 2.885463
0.3427462 0.6125736 2.864991
27
0.2088911 0.6313278 3.011644
0.2202565 0.963132 3.000658
0.2300515 1.288195 2.975905
0.2302031 1.429781 2.931577
0.0369936 1.188268 3.002328
-0.01794898 0.9439304 3.015472
0.05727325 0.7725222 2.851205
0.126981 0.7101477 2.825535
0.4120079 1.167382 2.964837
0.4476027 0.9038472 2.985571
0.3972773 0.6770961 2.879235
0.3508973 0.6191241 2.857189
0.1190975 0.6388881 2.98047
0.1165116 0.2527684 3.098233
0.1056108 -0.1510142 3.213869
0.09532104 -0.1785853 3.116625
0.2932792 0.6336112 2.964166
0.3020943 0.254846 3.086008
0.2938015 -0.1518382 3.21125
0.3079773 -0.1856151 3.102509
0.2278386 1.207949 2.984551
0.1511467 0.6599711 2.793282
0.07479779 0.6566453 2.861238
0.336204 0.5294867 2.843658
0.3101185 0.6417985 2.846857
28
0.2088911 0.6313278 3.011644
0.2202565 0.963132 3.000658
0.2300515 1.288195 2.975905
0.2302031 1.429781 2.931577
0.0369936 1.188268 3.002328
-0.01794898 0.9439304 3.015472
0.05727325 0.7725222 2.851205
0.126981 0.7101477 2.825535
0.4120079 1.167382 2.964837
0.4476027 0.9038472 2.985571
0.3972773 0.6770961 2.879235
0.3508973 0.6191241 2.857189
0.1190975 0.6388881 2.98047
0.1165116 0.2527684 3.098233
0.1056108 -0.1510142 3.213869
0.09532104 -0.1785853 3.116625
0.2932792 0.6336112 2.964166
0.3020943 0.254846 3.086008
0.2938015 -0.1518382 3.21125
0.3079773 -0.1856151 3.102509
0.2278386 1.207949 2.984551
0.1511467 0.6599711 2.793282
0.07479779 0.6566453 2.861238
0.336204 0.5294867 2.843658
0.3101185 0.6417985 2.846857
29
0.2087558 0.6313732 3.011521
0.2200891 0.9631982 3.000755
0.2297895 1.288272 2.976194
0.2297855 1.42995 2.931815
0.03664067 1.188235 3.00264
-0.02064372 0.9516067 3.012926
0.0951944 0.8194081 2.822474
0.1724173 0.7716088 2.809254
0.4118003 1.16756 2.964978
0.4425115 0.9166963 2.977957
0.3635187 0.6856694 2.844924
0.3147768 0.6406881 2.819557
0.1189635 0.6389222 2.980417
0.1164511 0.2527403 3.098336
0.1056522 -0.1509441 3.213887
0.0955233 -0.1784524 3.11684
0.2931347 0.6336714 2.96395
0.3019337 0.2546166 3.086341
0.2939105 -0.151688 3.211245
0.3079321 -0.1854197 3.102419
0.2276061 1.208025 2.984792
0.2093269 0.7404961 2.75228
0.1213974 0.6893488 2.849832
0.2907345 0.559963 2.790884
0.2944706 0.6746802 2.799954
30
0.2087558 0.6313732 3.011521
0.2200891 0.9631982 3.000755
0.2297895 1.288272 2.976194
0.2297855 1.42995 2.931815
0.03664067 1.188235 3.00264
-0.02064372 0.9516067 3.012926
0.0951944 0.8194081 2.822474
0.1724173 0.7716088 2.809254
0.4118003 1.16756 2.964978
0.4425115 0.9166963 2.977957
0.3635187 0.6856694 2.844924
0.3147768 0.6406881 2.819557
0.1189635 0.6389222 2.980417
0.1164511 0.2527403 3.098336
0.1056522 -0.1509441 3.213887
0.0955233 -0.1784524 3.11684
0.2931347 0.6336714 2.96395
0.3019337 0.2546166 3.086341
0.2939105 -0.151688 3.211245
0.3079321 -0.1854197 3.102419
0.2276061 1.208025 2.984792
0.2093269 0.7404961 2.75228
0.1213974 0.6893488 2.849832
0.2907345 0.559963 2.790884
0.2944706 0.6746802 2.799954
31
0.2085861 0.6314276 3.01141
0.2198728 0.9632739 3.000883
0.2294538 1.288343 2.976578
0.22928 1.430121 2.932147
0.03632286 1.188228 3.002928
-0.0243191 0.9578067 3.004539
0.133635 0.8707379 2.794444
0.2135371 0.8355696 2.797109
0.4115851 1.16775 2.965104
0.4367401 0.9272569 2.966118
0.3382285 0.7304552 2.80873
0.2675018 0.6743625 2.79378
0.1187908 0.638981 2.980368
0.1163969 0.2527152 3.09844
0.1057085 -0.1509639 3.213917
0.09571207 -0.1783928 3.117108
0.2929544 0.6337203 2.963764
0.3017664 0.2543468 3.086736
0.2940003 -0.1516168 3.211244
0.3079146 -0.1852783 3.102358
0.2273063 1.208101 2.985109
0.262294 0.8302943 2.723364
0.1766751 0.7413985 2.831067
0.2384762 0.606064 2.738615
0.2716103 0.7135662 2.746777
32
0.2085861 0.6314276 3.01141
0.2198728 0.9632739 3.000883
0.2294538 1.288343 2.976578
0.22928 1.430121 2.932147
0.03632286 1.188228 3.002928
-0.0243191 0.9578067 3.004539
0.133635 0.8707379 2.794444
0.2135371 0.8355696 2.797109
0.4115851 1.16775 2.965104
0.4367401 0.9272569 2.966118
0.3382285 0.7304552 2.80873
0.2675018 0.6743625 2.79378
0.1187908 0.638981 2.980368
0.1163969 0.2527152 3.09844
0.1057085 -0.1509639 3.213917
0.09571207 -0.1783928 3.117108
0.2929544 0.6337203 2.963764
0.3017664 0.2543468 3.086736
0.2940003 -0.1516168 3.211244
0.3079146 -0.1852783 3.102358
0.2273063 1.208101 2.985109
0.262294 0.8302943 2.723364
0.1766751 0.7413985 2.831067
0.2384762 0.606064 2.738615
0.2716103 0.7135662 2.746777
33
0.2085059 0.6315186 3.011379
0.2196461 0.9633883 3.001103
0.2289933 1.288422 2.97719
0.2286745 1.430306 2.932644
0.03606244 1.188228 3.003166
-0.02599571 0.9613313 2.990949
0.1751887 0.9199241 2.778994
0.2549136 0.9021387 2.790269
0.4113307 1.16797 2.965219
0.4333166 0.9335835 2.955289
0.2716147 0.7492624 2.760067
0.2099506 0.7106097 2.771043
0.1186907 0.6390761 2.980386
0.1163297 0.2527145 3.098562
0.1057659 -0.1510196 3.21396
0.09589041 -0.1783473 3.117447
0.2928892 0.6338062 2.963685
0.3016103 0.2540878 3.08713
0.2940673 -0.151639 3.211278
0.3079538 -0.1852053 3.102424
0.22692 1.208197 2.985608
0.3107938 0.9066158 2.725004
0.2401986 0.8072083 2.816471
0.1857115 0.6670092 2.711335
0.2301287 0.7553005 2.697733
34
0.2085059 0.6315186 3.011379
0.2196461 0.9633883 3.001103
0.2289933 1.288422 2.97719
0.2286745 1.430306 2.932644
0.03606244 1.188228 3.003166
-0.02599571 0.9613313 2.990949
0.1751887 0.9199241 2.778994
0.2549136 0.9021387 2.790269
0.4113307 1.16797 2.965219
0.4333166 0.9335835 2.955289
0.2716147 0.7492624 2.760067
0.2099506 0.7106097 2.771043
0.1186907 0.6390761 2.980386
0.1163297 0.2527145 3.098562
0.1057659 -0.1510196 3.21396
0.09589041 -0.1783473 3.117447
0.2928892 0.6338062 2.963685
0.3016103 0.2540878 3.08713
0.2940673 -0.151639 3.211278
0.3079538 -0.1852053 3.102424
0.22692 1.208197 2.985608
0.3107938 0.9066158 2.725004
0.2401986 0.8072083 2.816471
0.1857115 0.6670092 2.711335
0.2301287 0.7553005 2.697733
35
0.2083909 0.6316988 3.011431
0.2193008 0.9635753 3.001512
0.2282925 1.2885 2.978155
0.2280502 1.430487 2.93321
0.03588296 1.188235 3.003316
-0.02369464 0.9625193 2.969036
0.1918718 0.9594032 2.770814
0.2594977 0.9538175 2.795889
0.4109462 1.168336 2.965294
0.4292146 0.939285 2.930112
0.2539376 0.8092 2.733029
0.1721913 0.7756205 2.743494
0.1185876 0.6392153 2.980441
0.1162617 0.2527234 3.098724
0.105831 -0.1510848 3.213976
0.0959316 -0.178337 3.117597
0.2927283 0.6340441 2.963775
0.301469 0.2538691 3.087506
0.2941198 -0.1516987 3.2113
0.3080358 -0.185165 3.102486
0.2263267 1.208317 2.986418
0.3185775 0.9868507 2.723623
0.2344576 0.8605754 2.776184
0.1398039 0.7561877 2.686413
0.2132242 0.7383391 2.774615
36
0.2083909 0.6316988 3.011431
0.2193008 0.9635753 3.001512
0.2282925 1.2885 2.978155
0.2280502 1.430487 2.93321
0.03588296 1.188235 3.003316
-0.02369464 0.9625193 2.969036
0.1918718 0.9594032 2.770814
0.2594977 0.9538175 2.795889
0.4109462 1.168336 2.965294
0.4292146 0.939285 2.930112
0.2539376 0.8092 2.733029
0.1721913 0.7756205 2.743494
0.1185876 0.6392153 2.980441
0.1162617 0.2527234 3.098724
0.105831 -0.1510848 3.213976
0.0959316 -0.178337 3.117597
0.2927283 0.6340441 2.963775
0.301469 0.2538691 3.087506
0.2941198 -0.1516987 3.2113
0.3080358 -0.185165 3.102486
0.2263267 1.208317 2.986418
0.3185775 0.9868507 2.723623
0.2344576 0.8605754 2.776184
0.1398039 0.7561877 2.686413
0.2132242 0.7383391 2.774615
37
0.2082517 0.6319269 3.01155
0.2188901 0.963785 3.002039
0.2274952 1.288537 2.979284
0.2274317 1.430653 2.933831
0.03579423 1.188236 3.003363
-0.01928043 0.9630688 2.943232
0.1952915 1.01542 2.760484
0.2628984 1.008346 2.793602
0.4104487 1.168804 2.965292
0.4006823 0.9394854 2.879738
0.202018 0.8622447 2.698999
0.1442546 0.8631724 2.724067
0.1184864 0.6393675 2.980513
0.1161924 0.2527393 3.09889
0.1058822 -0.151143 3.213989
0.09595332 -0.1783235 3.117723
0.2924911 0.634385 2.964036
0.3013424 0.2536644 3.087858
0.2941636 -0.151995 3.211389
0.3082623 -0.1853054 3.102821
0.22564 1.208415 2.987387
0.3155784 1.045935 2.72558
0.2459434 0.9512248 2.741441
0.1019777 0.866694 2.671716
0.1639158 0.8033064 2.769759
38
0.2082517 0.6319269 3.01155
0.2188901 0.963785 3.002039
0.2274952 1.288537 2.979284
0.2274317 1.430653 2.933831
0.03579423 1.188236 3.003363
-0.01928043 0.9630688 2.943232
0.1952915 1.01542 2.760484
0.2628984 1.008346 2.793602
0.4104487 1.168804 2.965292
0.4006823 0.9394854 2.879738
0.202018 0.8622447 2.698999
0.1442546 0.8631724 2.724067
0.1184864 0.6393675 2.980513
0.1161924 0.2527393 3.09889
0.1058822 -0.151143 3.213989
0.09595332 -0.1783235 3.117723
0.2924911 0.634385 2.964036
0.3013424 0.2536644 3.087858
0.2941636 -0.151995 3.211389
0.3082623 -0.1853054 3.102821
0.22564 1.208415 2.987387
0.3155784 1.045935 2.72558
0.2459434 0.9512248 2.741441
0.1019777 0.866694 2.671716
0.1639158 0.8033064 2.769759
39
0.2080939 0.6322959 3.011769
0.2184782 0.9640334 3.002631
0.2267574 1.288557 2.980395
0.2267816 1.430823 2.934595
0.03584979 1.188183 3.002958
-0.0122876 0.9635965 2.916678
0.1638733 1.020526 2.721588
0.241224 1.029773 2.76589
0.4098673 1.169405 2.965176
0.3573747 0.9477497 2.832945
0.1355748 0.9314992 2.681823
0.1034023 0.9689045 2.703331
0.1183922 0.6396481 2.980682
0.1160595 0.2527223 3.099137
0.1059446 -0.1512045 3.213999
0.09594055 -0.1783075 3.117807
0.2922162 0.6348607 2.964394
0.301238 0.2535114 3.088162
0.2942144 -0.1522502 3.211455
0.3084494 -0.1854419 3.10303
0.2249927 1.208506 2.988364
0.3036134 1.088533 2.73781
0.2599269 0.9711512 2.724381
0.06455126 0.9788321 2.679891
0.09446432 0.9633633 2.767863
40
0.2080939 0.6322959 3.011769
0.2184782 0.9640334 3.002631
0.2267574 1.288557 2.980395
0.2267816 1.430823 2.934595
0.03584979 1.188183 3.002958
-0.0122876 0.9635965 2.916678
0.1638733 1.020526 2.721588
0.241224 1.029773 2.76589
0.4098673 1.169405 2.965176
0.3573747 0.9477497 2.832945
0.1355748 0.9314992 2.681823
0.1034023 0.9689045 2.703331
0.1183922 0.6396481 2.980682
0.1160595 0.2527223 3.099137
0.1059446 -0.1512045 3.213999
0.09594055 -0.1783075 3.117807
0.2922162 0.6348607 2.964394
0.301238 0.2535114 3.088162
0.2942144 -0.1522502 3.211455
0.3084494 -0.1854419 3.10303
0.2249927 1.208506 2.988364
0.3036134 1.088533 2.73781
0.2599269 0.9711512 2.724381
0.06455126 0.9788321 2.679891
0.09446432 0.9633633 2.767863
41
0.2079078 0.632691 3.012031
0.2180663 0.9642801 3.003242
0.2260982 1.288565 2.981435
0.226151 1.43096 2.935422
0.03600825 1.188282 3.001947
-0.007414864 0.9642515 2.902422
0.1652716 1.05964 2.71458
0.2376535 1.052707 2.756295
0.4006877 1.168827 2.952977
0.3881375 0.9417818 2.837968
0.1404634 1.013862 2.706591
0.1006447 1.049908 2.709909
0.1182801 0.6399632 2.980919
0.1159208 0.252704 3.099408
0.1060096 -0.1513503 3.214006
0.09601923 -0.178366 3.117888
0.2919051 0.6353484 2.964762
0.3011655 0.2534043 3.088402
0.2943407 -0.152493 3.21147
0.3085655 -0.1855683 3.103171
0.224398 1.208584 2.989298
0.3185697 1.148654 2.748439
0.2762101 1.007641 2.715336
0.0549462 1.075367 2.689097
0.04877593 1.037623 2.787957
42
0.2079078 0.632691 3.012031
0.2180663 0.9642801 3.003242
0.2260982 1.288565 2.981435
0.226151 1.43096 2.935422
0.03600825 1.188282 3.001947
-0.007414864 0.9642515 2.902422
0.1652716 1.05964 2.71458
0.2376535 1.052707 2.756295
0.4006877 1.168827 2.952977
0.3881375 0.9417818 2.837968
0.1404634 1.013862 2.706591
0.1006447 1.049908 2.709909
0.1182801 0.6399632 2.980919
0.1159208 0.252704 3.099408
0.1060096 -0.1513503 3.214006
0.09601923 -0.178366 3.117888
0.2919051 0.6353484 2.964762
0.3011655 0.2534043 3.088402
0.2943407 -0.152493 3.21147
0.3085655 -0.1855683 3.103171
0.224398 1.208584 2.989298
0.3185697 1.148654 2.748439
0.2762101 1.007641 2.715336
0.0549462 1.075367 2.689097
0.04877593 1.037623 2.787957
43
0.2076902 0.6333007 3.012383
0.21771 0.9645265 3.003805
0.225588 1.28855 2.982298
0.225422 1.431088 2.936385
0.03605909 1.18855 3.001029
-0.003998519 0.9654122 2.892652
0.1713504 1.066232 2.721893
0.1893146 1.081672 2.733703
0.3962976 1.169181 2.94718
0.3938052 0.9423189 2.832865
0.15621 1.057127 2.717365
0.1231078 1.105024 2.715102
0.1181649 0.6404683 2.98128
0.1158192 0.2527315 3.099635
0.1060658 -0.1514827 3.214011
0.09609213 -0.1784235 3.11795
0.2915461 0.6360623 2.965166
0.3011052 0.2533256 3.088607
0.2944676 -0.1528836 3.211525
0.30869 -0.185855 3.103332
0.2239207 1.208642 2.99009
0.1952073 1.100528 2.716285
0.2577952 1.048696 2.70866
0.0644388 1.144889 2.695601
0.08406929 1.077857 2.756004
44
0.2076902 0.6333007 3.012383
0.21771 0.9645265 3.003805
0.225588 1.28855 2.982298
0.225422 1.431088 2.936385
0.03605909 1.18855 3.001029
-0.003998519 0.9654122 2.892652
0.1713504 1.066232 2.721893
0.1893146 1.081672 2.733703
0.3962976 1.169181 2.94718
0.3938052 0.9423189 2.832865
0.15621 1.057127 2.717365
0.1231078 1.105024 2.715102
0.1181649 0.6404683 2.98128
0.1158192 0.2527315 3.099635
0.1060658 -0.1514827 3.214011
0.09609213 -0.1784235 3.11795
0.2915461 0.6360623 2.965166
0.3011052 0.2533256 3.088607
0.2944676 -0.1528836 3.211525
0.30869 -0.185855 3.103332
0.2239207 1.208642 2.99009
0.1952073 1.100528 2.716285
0.2577952 1.048696 2.70866
0.0644388 1.144889 2.695601
0.08406929 1.077857 2.756004
45
0.2074845 0.6339037 3.012754
0.2173979 0.9647535 3.004317
0.2251782 1.288533 2.983006
0.224789 1.431195 2.937227
0.03667183 1.190126 2.996516
0.01084748 0.973821 2.865875
0.1832587 1.077514 2.71932
0.2107583 1.097162 2.744432
0.3938833 1.169708 2.943946
0.404048 0.9422218 2.83792
0.1470696 1.127788 2.718572
0.1408386 1.130142 2.754248
0.1180527 0.6409992 2.981705
0.1157263 0.2527858 3.09985
0.1061494 -0.1515975 3.214004
0.09613314 -0.1784759 3.117948
0.291224 0.6367255 2.965541
0.3010554 0.2532666 3.088789
0.2946001 -0.1533811 3.211419
0.3087188 -0.1862404 3.103198
0.2235294 1.208687 2.990751
0.285765 1.169595 2.769592
0.305984 1.033022 2.746242
0.07515067 1.200194 2.716151
0.08629949 1.076925 2.793948
46
0.2074845 0.6339037 3.012754
0.2173979 0.9647535 3.004317
0.2251782 1.288533 2.983006
0.224789 1.431195 2.937227
0.03667183 1.190126 2.996516
0.01084748 0.973821 2.865875
0.1832587 1.077514 2.71932
0.2107583 1.097162 2.744432
0.3938833 1.169708 2.943946
0.404048 0.9422218 2.83792
0.1470696 1.127788 2.718572
0.1408386 1.130142 2.754248
0.1180527 0.6409992 2.981705
0.1157263 0.2527858 3.09985
0.1061494 -0.1515975 3.214004
0.09613314 -0.1784759 3.117948
0.291224 0.6367255 2.965541
0.3010554 0.2532666 3.088789
0.2946001 -0.1533811 3.211419
0.3087188 -0.1862404 3.103198
0.2235294 1.208687 2.990751
0.285765 1.169595 2.769592
0.305984 1.033022 2.746242
0.07515067 1.200194 2.716151
0.08629949 1.076925 2.793948
47
0.2072877 0.634425 3.013122
0.217124 0.9649502 3.004776
0.2248503 1.288515 2.983581
0.2242538 1.431287 2.937967
0.03988208 1.192341 2.982461
0.01608323 0.9754817 2.8551
0.1954718 1.079716 2.72469
0.2082825 1.107417 2.743441
0.3923109 1.170252 2.941862
0.410042 0.9433496 2.839264
0.2131115 1.102045 2.735725
0.1617067 1.164327 2.746563
0.1179316 0.6414419 2.982114
0.1156144 0.2527756 3.100145
0.1062363 -0.1517148 3.213973
0.09607741 -0.1785339 3.117833
0.2909371 0.637302 2.965909
0.3010169 0.2532287 3.088946
0.2947143 -0.1537299 3.211375
0.3087788 -0.1864959 3.103184
0.2232094 1.208722 2.991299
0.2261386 1.140353 2.74488
0.2842902 1.068046 2.740426
0.0842364 1.22825 2.723687
0.1354276 1.115973 2.776587
48
0.2072877 0.634425 3.013122
0.217124 0.9649502 3.004776
0.2248503 1.288515 2.983581
0.2242538 1.431287 2.937967
0.03988208 1.192341 2.982461
0.01608323 0.9754817 2.8551
0.1954718 1.079716 2.72469
0.2082825 1.107417 2.743441
0.3923109 1.170252 2.941862
0.410042 0.9433496 2.839264
0.2131115 1.102045 2.735725
0.1617067 1.164327 2.746563
0.1179316 0.6414419 2.982114
0.1156144 0.2527756 3.100145
0.1062363 -0.1517148 3.213973
0.09607741 -0.1785339 3.117833
0.2909371 0.637302 2.965909
0.3010169 0.2532287 3.088946
0.2947143 -0.1537299 3.211375
0.3087788 -0.1864959 3.103184
0.2232094 1.208722 2.991299
0.2261386 1.140353 2.74488
0.2842902 1.068046 2.740426
0.0842364 1.22825 2.723687
0.1354276 1.115973 2.776587
49
0.2071459 0.6348442 3.01348
0.2168917 0.9651158 3.005195
0.2245794 1.288496 2.984063
0.2237838 1.431359 2.938636
0.04210179 1.193631 2.973251
0.01896501 0.9765353 2.848719
0.1995438 1.083472 2.725181
0.2199207 1.114513 2.749761
0.3912167 1.170819 2.940408
0.4130218 0.9443962 2.839383
0.217991 1.137542 2.742891
0.168467 1.163689 2.770271
0.1178438 0.6417894 2.982529
0.1154924 0.2528221 3.100417
0.1063224 -0.1517604 3.213921
0.09596406 -0.1785513 3.117588
0.2907363 0.6377649 2.966244
0.3009833 0.2532141 3.089082
0.2948728 -0.1539906 3.21131
0.3088082 -0.1866731 3.103124
0.2229419 1.208748 2.991768
0.2706119 1.174584 2.777687
0.3054555 1.055916 2.756887
0.09110573 1.249136 2.738078
0.1152681 1.105329 2.788684
50
0.2071459 0.6348442 3.01348
0.2168917 0.9651158 3.005195
0.2245794 1.288496 2.984063
0.2237838 1.431359 2.938636
0.04210179 1.193631 2.973251
0.01896501 0.9765353 2.848719
0.1995438 1.083472 2.725181
0.2199207 1.114513 2.749761
0.3912167 1.170819 2.940408
0.4130218 0.9443962 2.839383
0.217991 1.137542 2.742891
0.168467 1.163689 2.770271
0.1178438 0.6417894 2.982529
0.1154924 0.2528221 3.100417
0.1063224 -0.1517604 3.213921
0.09596406 -0.1785513 3.117588
0.2907363 0.6377649 2.966244
0.3009833 0.2532141 3.089082
0.2948728 -0.1539906 3.21131
0.3088082 -0.1866731 3.103124
0.2229419 1.208748 2.991768
0.2706119 1.174584 2.777687
0.3054555 1.055916 2.756887
0.09110573 1.249136 2.738078
0.1152681 1.105329 2.788684
51
0.20703 0.6351652 3.01378
0.2167008 0.9652504 3.00555
0.2243695 1.288479 2.984446
0.2233896 1.431417 2.939192
0.04371376 1.194361 2.966971
0.02094563 0.9772228 2.844231
0.2024711 1.085811 2.725748
0.2293307 1.118878 2.754238
0.3904638 1.171494 2.939396
0.4148853 0.9454641 2.839329
0.239224 1.122659 2.751806
0.1735461 1.162447 2.778688
0.1177653 0.6420368 2.982861
0.1153803 0.2528803 3.100665
0.1064248 -0.1518919 3.213835
0.09581736 -0.1786576 3.117263
0.2905806 0.6381267 2.966527
0.3009545 0.2532089 3.089201
0.2950312 -0.1542752 3.211205
0.3088468 -0.1868759 3.102992
0.2227305 1.208766 2.992147
0.2921974 1.185945 2.787378
0.315539 1.050328 2.762281
0.1002835 1.249653 2.745816
0.1148027 1.099689 2.789379
52
0.20703 0.6351652 3.01378
0.2167008 0.9652504 3.00555
0.2243695 1.288479 2.984446
0.2233896 1.431417 2.939192
0.04371376 1.194361 2.966971
0.02094563 0.9772228 2.844231
0.2024711 1.085811 2.725748
0.2293307 1.118878 2.754238
0.3904638 1.171494 2.939396
0.4148853 0.9454641 2.839329
0.239224 1.122659 2.751806
0.1735461 1.162447 2.778688
0.1177653 0.6420368 2.982861
0.1153803 0.2528803 3.100665
0.1064248 -0.1518919 3.213835
0.09581736 -0.1786576 3.117263
0.2905806 0.6381267 2.966527
0.3009545 0.2532089 3.089201
0.2950312 -0.1542752 3.211205
0.3088468 -0.1868759 3.102992
0.2227305 1.208766 2.992147
0.2921974 1.185945 2.787378
0.315539 1.050328 2.762281
0.1002835 1.249653 2.745816
0.1148027 1.099689 2.789379
53
0.206936 0.6354094 3.014029
0.2165583 0.9653525 3.005846
0.2242459 1.288459 2.984751
0.2230451 1.431465 2.939701
0.04475334 1.194774 2.963002
0.02200079 0.9772843 2.841744
0.2045407 1.086881 2.726501
0.2364065 1.119746 2.756962
0.3899901 1.172139 2.938737
0.4160687 0.9464289 2.839511
0.2385982 1.120918 2.74872
0.1775178 1.147856 2.780089
0.1176961 0.6422147 2.983119
0.1152892 0.2529624 3.100871
0.1065165 -0.1520437 3.213784
0.09578893 -0.1787593 3.117125
0.2904632 0.6384005 2.966767
0.300933 0.2532125 3.089305
0.2951713 -0.1545168 3.211127
0.3088601 -0.1870376 3.102929
0.2225964 1.208772 2.992453
0.3041014 1.187965 2.791318
0.3205768 1.04459 2.764628
0.106178 1.23319 2.746469
0.1165222 1.086054 2.790956
54
0.206936 0.6354094 3.014029
0.2165583 0.9653525 3.005846
0.2242459 1.288459 2.984751
0.2230451 1.431465 2.939701
0.04475334 1.194774 2.963002
0.02200079 0.9772843 2.841744
0.2045407 1.086881 2.726501
0.2364065 1.119746 2.756962
0.3899901 1.172139 2.938737
0.4160687 0.9464289 2.839511
0.2385982 1.120918 2.74872
0.1775178 1.147856 2.780089
0.1176961 0.6422147 2.983119
0.1152892 0.2529624 3.100871
0.1065165 -0.1520437 3.213784
0.09578893 -0.1787593 3.117125
0.2904632 0.6384005 2.966767
0.300933 0.2532125 3.089305
0.2951713 -0.1545168 3.211127
0.3088601 -0.1870376 3.102929
0.2225964 1.208772 2.992453
0.3041014 1.187965 2.791318
0.3205768 1.04459 2.764628
0.106178 1.23319 2.746469
0.1165222 1.086054 2.790956
55
0.2068559 0.6356084 3.014244
0.2164397 0.9654379 3.006103
0.2241542 1.288441 2.985008
0.2227604 1.431508 2.940122
0.04538634 1.195072 2.960534
0.02225025 0.9769266 2.841272
0.2059414 1.086886 2.727302
0.2432269 1.115665 2.758126
0.3898053 1.172781 2.938392
0.4170345 0.947312 2.840045
0.2405574 1.079104 2.724422
0.1760405 1.117208 2.769246
0.1176327 0.6423538 2.983325
0.1152032 0.2530286 3.101049
0.1066582 -0.1512837 3.213422
0.0948665 -0.1783662 3.115084
0.2903642 0.6386287 2.966994
0.3009175 0.2532221 3.089396
0.2952918 -0.1547145 3.211062
0.3088713 -0.1871615 3.102897
0.2224927 1.208776 2.992712
0.3156759 1.178221 2.788557
0.3205656 1.033689 2.762085
0.1083163 1.192961 2.731526
0.1197348 1.066553 2.789971
56
0.2068559 0.6356084 3.014244
0.2164397 0.9654379 3.006103
0.2241542 1.288441 2.985008
0.2227604 1.431508 2.940122
0.04538634 1.195072 2.960534
0.02225025 0.9769266 2.841272
0.2059414 1.086886 2.727302
0.2432269 1.115665 2.758126
0.3898053 1.172781 2.938392
0.4170345 0.947312 2.840045
0.2405574 1.079104 2.724422
0.1760405 1.117208 2.769246
0.1176327 0.6423538 2.983325
0.1152032 0.2530286 3.101049
0.1066582 -0.1512837 3.213422
0.0948665 -0.1783662 3.115084
0.2903642 0.6386287 2.966994
0.3009175 0.2532221 3.089396
0.2952918 -0.1547145 3.211062
0.3088713 -0.1871615 3.102897
0.2224927 1.208776 2.992712
0.3156759 1.178221 2.788557
0.3205656 1.033689 2.762085
0.1083163 1.192961 2.731526
0.1197348 1.066553 2.789971
57
0.2067706 0.635803 3.01445
0.2163282 0.96553 3.006351
0.2240821 1.288431 2.985245
0.2225255 1.431546 2.940481
0.0458138 1.195298 2.958829
0.02148739 0.9761075 2.843338
0.2059498 1.084939 2.72719
0.2140678 1.094632 2.735308
0.3896146 1.173055 2.93799
0.4196859 0.9475231 2.842441
0.2350531 1.058845 2.715339
0.1805157 1.084078 2.737186
0.1175614 0.6425076 2.983531
0.1151266 0.253103 3.101197
0.1067684 -0.1509821 3.213215
0.09427108 -0.1782358 3.113969
0.2902661 0.6388341 2.9672
0.3009003 0.2532318 3.089493
0.2953914 -0.1549212 3.210985
0.308885 -0.1872972 3.102831
0.2224058 1.208788 2.992955
0.2303472 1.096672 2.716919
0.2726851 1.033484 2.730357
0.1112749 1.133843 2.705175
0.13091 1.053679 2.752559
58
0.2067706 0.635803 3.01445
0.2163282 0.96553 3.006351
0.2240821 1.288431 2.985245
0.2225255 1.431546 2.940481
0.0458138 1.195298 2.958829
0.02148739 0.9761075 2.843338
0.2059498 1.084939 2.72719
0.2140678 1.094632 2.735308
0.3896146 1.173055 2.93799
0.4196859 0.9475231 2.842441
0.2350531 1.058845 2.715339
0.1805157 1.084078 2.737186
0.1175614 0.6425076 2.983531
0.1151266 0.253103 3.101197
0.1067684 -0.1509821 3.213215
0.09427108 -0.1782358 3.113969
0.2902661 0.6388341 2.9672
0.3009003 0.2532318 3.089493
0.2953914 -0.1549212 3.210985
0.308885 -0.1872972 3.102831
0.2224058 1.208788 2.992955
0.2303472 1.096672 2.716919
0.2726851 1.033484 2.730357
0.1112749 1.133843 2.705175
0.13091 1.053679 2.752559
59
0.2066775 0.6360574 3.014655
0.2162225 0.9656423 3.006587
0.2240235 1.288429 2.985454
0.222337 1.43158 2.94078
0.04598313 1.195294 2.959574
0.01469056 0.9733378 2.857821
0.1913522 1.05977 2.706311
0.2111944 1.065776 2.723126
0.3899017 1.173346 2.938095
0.4220332 0.9477898 2.844814
0.2278331 1.038857 2.712515
0.174918 1.039339 2.714097
0.1174937 0.6427315 2.983753
0.1150187 0.2532652 3.101294
0.1068592 -0.1507518 3.213088
0.09387982 -0.1781066 3.113282
0.2901525 0.6390893 2.967385
0.3008884 0.2532509 3.089562
0.2954461 -0.1551177 3.210969
0.3089542 -0.1874288 3.102893
0.2223317 1.208807 2.993173
0.2649207 1.073184 2.724984
0.2595332 1.006563 2.711145
0.1093494 1.059589 2.687693
0.1175679 1.021186 2.756671
60
0.2066775 0.6360574 3.014655
0.2162225 0.9656423 3.006587
0.2240235 1.288429 2.985454
0.222337 1.43158 2.94078
0.04598313 1.195294 2.959574
0.01469056 0.9733378 2.857821
0.1913522 1.05977 2.706311
0.2111944 1.065776 2.723126
0.3899017 1.173346 2.938095
0.4220332 0.9477898 2.844814
0.2278331 1.038857 2.712515
0.174918 1.039339 2.714097
0.1174937 0.6427315 2.983753
0.1150187 0.2532652 3.101294
0.1068592 -0.1507518 3.213088
0.09387982 -0.1781066 3.113282
0.2901525 0.6390893 2.967385
0.3008884 0.2532509 3.089562
0.2954461 -0.1551177 3.210969
0.3089542 -0.1874288 3.102893
0.2223317 1.208807 2.993173
0.2649207 1.073184 2.724984
0.2595332 1.006563 2.711145
0.1093494 1.059589 2.687693
0.1175679 1.021186 2.756671
61
0.206603 0.6364615 3.014793
0.2161332 0.9657746 3.006783
0.2239785 1.28843 2.985632
0.2221885 1.431614 2.941024
0.04577784 1.194611 2.962417
0.007711094 0.9698969 2.872188
0.1600614 1.008419 2.688198
0.1726674 1.004291 2.693934
0.3916455 1.174168 2.940509
0.4264591 0.9470627 2.850615
0.2176686 0.9982163 2.712443
0.1829322 0.9847915 2.695675
0.1174599 0.6430719 2.983902
0.1149253 0.2534229 3.101367
0.106949 -0.1505654 3.212983
0.09357139 -0.177997 3.112739
0.2900425 0.6395227 2.967501
0.3008807 0.2532745 3.089624
0.2954894 -0.1552252 3.210945
0.3089736 -0.1874924 3.102897
0.2222718 1.208829 2.993358
0.208772 0.9932204 2.675451
0.1700189 0.9764841 2.661644
0.1219716 0.9772684 2.661313
0.156289 1.010568 2.735731
62
0.206603 0.6364615 3.014793
0.2161332 0.9657746 3.006783
0.2239785 1.28843 2.985632
0.2221885 1.431614 2.941024
0.04577784 1.194611 2.962417
0.007711094 0.9698969 2.872188
0.1600614 1.008419 2.688198
0.1726674 1.004291 2.693934
0.3916455 1.174168 2.940509
0.4264591 0.9470627 2.850615
0.2176686 0.9982163 2.712443
0.1829322 0.9847915 2.695675
0.1174599 0.6430719 2.983902
0.1149253 0.2534229 3.101367
0.106949 -0.1505654 3.212983
0.09357139 -0.177997 3.112739
0.2900425 0.6395227 2.967501
0.3008807 0.2532745 3.089624
0.2954894 -0.1552252 3.210945
0.3089736 -0.1874924 3.102897
0.2222718 1.208829 2.993358
0.208772 0.9932204 2.675451
0.1700189 0.9764841 2.661644
0.1219716 0.9772684 2.661313
0.156289 1.010568 2.735731
63
0.2065504 0.6368567 3.014915
0.2160568 0.9659124 3.006967
0.2239393 1.288437 2.985805
0.2220791 1.43165 2.941226
0.04530779 1.193672 2.966983
-0.001695709 0.9652904 2.893538
0.1565468 0.9430705 2.709923
0.1796632 0.9341027 2.694279
0.3939996 1.174836 2.944281
0.4280763 0.9472641 2.854155
0.2146762 0.9472601 2.723483
0.1977315 0.9229321 2.696537
0.1174613 0.643416 2.984013
0.1148416 0.2535851 3.101423
0.1070009 -0.1503756 3.212896
0.09336082 -0.1778464 3.112387
0.289952 0.6399564 2.967642
0.3008741 0.2533076 3.089677
0.2955208 -0.1552249 3.210913
0.3090537 -0.1874681 3.102859
0.2222193 1.208858 2.993537
0.2419275 0.9084889 2.68976
0.1377499 0.9123806 2.633381
0.14708 0.886744 2.652659
0.1853513 0.9776169 2.729635
64
0.2065504 0.6368567 3.014915
0.2160568 0.9659124 3.006967
0.2239393 1.288437 2.985805
0.2220791 1.43165 2.941226
0.04530779 1.193672 2.966983
-0.001695709 0.9652904 2.893538
0.1565468 0.9430705 2.709923
0.1796632 0.9341027 2.694279
0.3939996 1.174836 2.944281
0.4280763 0.9472641 2.854155
0.2146762 0.9472601 2.723483
0.1977315 0.9229321 2.696537
0.1174613 0.643416 2.984013
0.1148416 0.2535851 3.101423
0.1070009 -0.1503756 3.212896
0.09336082 -0.1778464 3.112387
0.289952 0.6399564 2.967642
0.3008741 0.2533076 3.089677
0.2955208 -0.1552249 3.210913
0.3090537 -0.1874681 3.102859
0.2222193 1.208858 2.993537
0.2419275 0.9084889 2.68976
0.1377499 0.9123806 2.633381
0.14708 0.886744 2.652659
0.1853513 0.9776169 2.729635
65
0.2065229 0.6372005 3.015009
0.216 0.9660383 3.007128
0.2239126 1.288446 2.985961
0.2220027 1.431681 2.941384
0.04482591 1.192834 2.971858
-0.009591206 0.9616725 2.913814
0.1601008 0.9045243 2.743567
0.2009791 0.8889591 2.713067
0.3965933 1.175165 2.948545
0.4280654 0.9469318 2.860706
0.2243598 0.8574203 2.723336
0.2122772 0.8425333 2.709286
0.1174841 0.6437154 2.984081
0.1147624 0.2537521 3.101465
0.1070452 -0.150279 3.212836
0.09326601 -0.1777688 3.112155
0.2898958 0.6403288 2.967766
0.3008667 0.2533343 3.089722
0.2955666 -0.1552241 3.210933
0.3091168 -0.187462 3.102863
0.2221811 1.208887 2.993697
0.2541282 0.8559946 2.690144
0.1506198 0.8362088 2.62891
0.1756304 0.7868672 2.653157
0.1830894 0.8906684 2.771144
66
0.2065229 0.6372005 3.015009
0.216 0.9660383 3.007128
0.2239126 1.288446 2.985961
0.2220027 1.431681 2.941384
0.04482591 1.192834 2.971858
-0.009591206 0.9616725 2.913814
0.1601008 0.9045243 2.743567
0.2009791 0.8889591 2.713067
0.3965933 1.175165 2.948545
0.4280654 0.9469318 2.860706
0.2243598 0.8574203 2.723336
0.2122772 0.8425333 2.709286
0.1174841 0.6437154 2.984081
0.1147624 0.2537521 3.101465
0.1070452 -0.150279 3.212836
0.09326601 -0.1777688 3.112155
0.2898958 0.6403288 2.967766
0.3008667 0.2533343 3.089722
0.2955666 -0.1552241 3.210933
0.3091168 -0.187462 3.102863
0.2221811 1.208887 2.993697
0.2541282 0.8559946 2.690144
0.1506198 0.8362088 2.62891
0.1756304 0.7868672 2.653157
0.1830894 0.8906684 2.771144
67
0.2065201 0.6374589 3.015078
0.2159527 0.9661514 3.00727
0.2238747 1.288458 2.986124
0.2219496 1.431706 2.941512
0.04360905 1.191657 2.977809
-0.01906041 0.9585866 2.935295
0.2044063 0.863777 2.756974
0.2493617 0.8400753 2.734901
0.3990317 1.175323 2.952863
0.4209998 0.9368634 2.869664
0.2474244 0.7838106 2.723051
0.2336677 0.7585552 2.726029
0.1175206 0.6439365 2.984123
0.1147132 0.2538638 3.101507
0.1070834 -0.1502224 3.212788
0.09318762 -0.1777214 3.111979
0.2898727 0.6406134 2.967863
0.3008625 0.2533598 3.089765
0.29561 -0.155178 3.211012
0.3090969 -0.1874416 3.102885
0.2221395 1.208915 2.993855
0.3075925 0.8326342 2.722642
0.2088691 0.794298 2.669679
0.2083761 0.6871417 2.669784
0.1945696 0.7883789 2.795493
68
0.2065201 0.6374589 3.015078
0.2159527 0.9661514 3.00727
0.2238747 1.288458 2.986124
0.2219496 1.431706 2.941512
0.04360905 1.191657 2.977809
-0.01906041 0.9585866 2.935295
0.2044063 0.863777 2.756974
0.2493617 0.8400753 2.734901
0.3990317 1.175323 2.952863
0.4209998 0.9368634 2.869664
0.2474244 0.7838106 2.723051
0.2336677 0.7585552 2.726029
0.1175206 0.6439365 2.984123
0.1147132 0.2538638 3.101507
0.1070834 -0.1502224 3.212788
0.09318762 -0.1777214 3.111979
0.2898727 0.6406134 2.967863
0.3008625 0.2533598 3.089765
0.29561 -0.155178 3.211012
0.3090969 -0.1874416 3.102885
0.2221395 1.208915 2.993855
0.3075925 0.8326342 2.722642
0.2088691 0.794298 2.669679
0.2083761 0.6871417 2.669784
0.1945696 0.7883789 2.795493
69
0.206504 0.6375991 3.015138
0.2159109 0.9662444 3.007392
0.2238414 1.288473 2.986261
0.2219194 1.431731 2.941605
0.04216928 1.190729 2.9832
-0.02390287 0.9568369 2.948306
0.2188216 0.8036291 2.773635
0.2733142 0.7812988 2.752735
0.4009086 1.175298 2.956286
0.4259643 0.933575 2.915219
0.3153272 0.7402399 2.764716
0.256368 0.6829629 2.756412
0.1175373 0.6440691 2.984161
0.1146724 0.2539641 3.101542
0.1071219 -0.1506291 3.212871
0.09345731 -0.1779446 3.112674
0.2898336 0.6407551 2.967954
0.3008648 0.2533732 3.089817
0.2956496 -0.1544714 3.210878
0.3088427 -0.1868801 3.102264
0.2221031 1.208943 2.993992
0.3101051 0.7261911 2.722248
0.2273826 0.7075511 2.676527
0.2421249 0.6086158 2.695607
0.2071006 0.687186 2.821055
70
0.206504 0.6375991 3.015138
0.2159109 0.9662444 3.007392
0.2238414 1.288473 2.986261
0.2219194 1.431731 2.941605
0.04216928 1.190729 2.9832
-0.02390287 0.9568369 2.948306
0.2188216 0.8036291 2.773635
0.2733142 0.7812988 2.752735
0.4009086 1.175298 2.956286
0.4259643 0.933575 2.915219
0.3153272 0.7402399 2.764716
0.256368 0.6829629 2.756412
0.1175373 0.6440691 2.984161
0.1146724 0.2539641 3.101542
0.1071219 -0.1506291 3.212871
0.09345731 -0.1779446 3.112674
0.2898336 0.6407551 2.967954
0.3008648 0.2533732 3.089817
0.2956496 -0.1544714 3.210878
0.3088427 -0.1868801 3.102264
0.2221031 1.208943 2.993992
0.3101051 0.7261911 2.722248
0.2273826 0.7075511 2.676527
0.2421249 0.6086158 2.695607
0.2071006 0.687186 2.821055
71
0.2064712 0.6376818 3.015176
0.2158728 0.9663049 3.007472
0.2238193 1.288483 2.986344
0.2219035 1.43175 2.941673
0.04096819 1.189904 2.987253
-0.02699372 0.9555575 2.95792
0.1804589 0.784677 2.794082
0.2471587 0.7593969 2.787002
0.4023168 1.175156 2.958919
0.4278195 0.9320294 2.938195
0.3506479 0.6846907 2.78845
0.2821081 0.6290154 2.784461
0.1175338 0.6441566 2.984179
0.1146425 0.2540536 3.101576
0.1071886 -0.1509462 3.21295
0.09343575 -0.1781452 3.113122
0.2897508 0.6407799 2.968035
0.3008579 0.253371 3.089887
0.2956886 -0.1539279 3.210773
0.3086841 -0.1864495 3.101754
0.2220759 1.208961 2.99408
0.2475912 0.7233173 2.735537
0.1769447 0.7420417 2.732852
0.2774381 0.5573864 2.727718
0.2306756 0.5947139 2.842573
72
0.2064712 0.6376818 3.015176
0.2158728 0.9663049 3.007472
0.2238193 1.288483 2.986344
0.2219035 1.43175 2.941673
0.04096819 1.189904 2.987253
-0.02699372 0.9555575 2.95792
0.1804589 0.784677 2.794082
0.2471587 0.7593969 2.787002
0.4023168 1.175156 2.958919
0.4278195 0.9320294 2.938195
0.3506479 0.6846907 2.78845
0.2821081 0.6290154 2.784461
0.1175338 0.6441566 2.984179
0.1146425 0.2540536 3.101576
0.1071886 -0.1509462 3.21295
0.09343575 -0.1781452 3.113122
0.2897508 0.6407799 2.968035
0.3008579 0.253371 3.089887
0.2956886 -0.1539279 3.210773
0.3086841 -0.1864495 3.101754
0.2220759 1.208961 2.99408
0.2475912 0.7233173 2.735537
0.1769447 0.7420417 2.732852
0.2774381 0.5573864 2.727718
0.2306756 0.5947139 2.842573
73
0.2062713 0.6376433 3.015152
0.2158226 0.9663442 3.007521
0.2238034 1.288489 2.986397
0.2218972 1.431765 2.941719
0.0404372 1.189532 2.989104
-0.02886227 0.9549668 2.966519
0.1171984 0.7617098 2.829595
0.1849605 0.7589566 2.835561
0.4033733 1.174961 2.960871
0.4286719 0.9311557 2.949988
0.387997 0.6868771 2.828313
0.3262967 0.6043027 2.806619
0.1173715 0.6442202 2.984115
0.1146257 0.2541302 3.101603
0.1072434 -0.151545 3.213108
0.09304115 -0.1785036 3.114088
0.2894551 0.6404956 2.968033
0.3008497 0.2533591 3.089961
0.2957137 -0.1537143 3.210766
0.3084358 -0.1863278 3.101411
0.2220539 1.208973 2.994136
0.1761779 0.7202591 2.75911
0.1185084 0.6970301 2.841194
0.3163081 0.5173804 2.77302
0.2815105 0.614483 2.817091
74
0.2062713 0.6376433 3.015152
0.2158226 0.9663442 3.007521
0.2238034 1.288489 2.986397
0.2218972 1.431765 2.941719
0.0404372 1.189532 2.989104
-0.02886227 0.9549668 2.966519
0.1171984 0.7617098 2.829595
0.1849605 0.7589566 2.835561
0.4033733 1.174961 2.960871
0.4286719 0.9311557 2.949988
0.387997 0.6868771 2.828313
0.3262967 0.6043027 2.806619
0.1173715 0.6442202 2.984115
0.1146257 0.2541302 3.101603
0.1072434 -0.151545 3.213108
0.09304115 -0.1785036 3.114088
0.2894551 0.6404956 2.968033
0.3008497 0.2533591 3.089961
0.2957137 -0.1537143 3.210766
0.3084358 -0.1863278 3.101411
0.2220539 1.208973 2.994136
0.1761779 0.7202591 2.75911
0.1185084 0.6970301 2.841194
0.3163081 0.5173804 2.77302
0.2815105 0.614483 2.817091
75
0.2059888 0.6374683 3.015074
0.2157678 0.9663638 3.007546
0.223792 1.288496 2.986429
0.2219103 1.431778 2.941733
0.0399215 1.189158 2.990706
-0.02932754 0.9544486 2.975816
0.07078598 0.7447015 2.858398
0.1460733 0.7520221 2.863761
0.4042325 1.174705 2.962325
0.4294405 0.9305632 2.957849
0.4082193 0.650907 2.852942
0.3566543 0.5712622 2.839739
0.117095 0.644183 2.98398
0.1146677 0.2541522 3.101664
0.1072909 -0.1521008 3.213258
0.09271981 -0.1788553 3.114897
0.289123 0.6400431 2.967981
0.3008336 0.2533214 3.090047
0.2957394 -0.1535096 3.210752
0.3082321 -0.186215 3.101047
0.2220376 1.208981 2.994172
0.1489509 0.6841045 2.804436
0.0766757 0.6819618 2.858938
0.3521335 0.4872531 2.816247
0.3107167 0.5849227 2.851196
76
0.2059888 0.6374683 3.015074
0.2157678 0.9663638 3.007546
0.223792 1.288496 2.986429
0.2219103 1.431778 2.941733
0.0399215 1.189158 2.990706
-0.02932754 0.9544486 2.975816
0.07078598 0.7447015 2.858398
0.1460733 0.7520221 2.863761
0.4042325 1.174705 2.962325
0.4294405 0.9305632 2.957849
0.4082193 0.650907 2.852942
0.3566543 0.5712622 2.839739
0.117095 0.644183 2.98398
0.1146677 0.2541522 3.101664
0.1072909 -0.1521008 3.213258
0.09271981 -0.1788553 3.114897
0.289123 0.6400431 2.967981
0.3008336 0.2533214 3.090047
0.2957394 -0.1535096 3.210752
0.3082321 -0.186215 3.101047
0.2220376 1.208981 2.994172
0.1489509 0.6841045 2.804436
0.0766757 0.6819618 2.858938
0.3521335 0.4872531 2.816247
0.3107167 0.5849227 2.851196
77
0.2056507 0.6371517 3.014868
0.215694 0.966352 3.007509
0.2237827 1.288505 2.986411
0.2220296 1.431797 2.941531
0.03946006 1.188859 2.992011
-0.02914741 0.9541844 2.982931
0.02520706 0.7294493 2.88897
0.09519303 0.7016447 2.881886
0.4048815 1.174457 2.963373
0.430462 0.9287826 2.963938
0.4240339 0.6491024 2.88555
0.380369 0.5644541 2.873669
0.116715 0.6439973 2.983688
0.1147227 0.2541238 3.101754
0.1073333 -0.1521401 3.213248
0.09235381 -0.1788701 3.114856
0.2887995 0.6394913 2.967808
0.3008218 0.2533071 3.090106
0.2957765 -0.1533083 3.210757
0.3080941 -0.1860923 3.100783
0.2220182 1.208986 2.994164
0.1073416 0.6140134 2.835234
0.0227302 0.6361528 2.940939
0.3809326 0.4780017 2.866265
0.3340381 0.5844123 2.865773
78
0.2056507 0.6371517 3.014868
0.215694 0.966352 3.007509
0.2237827 1.288505 2.986411
0.2220296 1.431797 2.941531
0.03946006 1.188859 2.992011
-0.02914741 0.9541844 2.982931
0.02520706 0.7294493 2.88897
0.09519303 0.7016447 2.881886
0.4048815 1.174457 2.963373
0.430462 0.9287826 2.963938
0.4240339 0.6491024 2.88555
0.380369 0.5644541 2.873669
0.116715 0.6439973 2.983688
0.1147227 0.2541238 3.101754
0.1073333 -0.1521401 3.213248
0.09235381 -0.1788701 3.114856
0.2887995 0.6394913 2.967808
0.3008218 0.2533071 3.090106
0.2957765 -0.1533083 3.210757
0.3080941 -0.1860923 3.100783
0.2220182 1.208986 2.994164
0.1073416 0.6140134 2.835234
0.0227302 0.6361528 2.940939
0.3809326 0.4780017 2.866265
0.3340381 0.5844123 2.865773
79
0.2057967 0.6366172 3.014364
0.2156904 0.966289 3.007359
0.223785 1.288513 2.986323
0.2222109 1.431805 2.941185
0.03901529 1.188596 2.993091
-0.02734529 0.9538635 2.989708
0.004288612 0.7212948 2.90515
0.05451124 0.6621609 2.897259
0.4053677 1.17425 2.964129
0.4321273 0.9249664 2.96939
0.4346001 0.641089 2.905629
0.4035461 0.5565685 2.904961
0.1167215 0.643471 2.983103
0.1147841 0.2540763 3.101851
0.1073695 -0.1522909 3.213273
0.09223419 -0.1789632 3.114989
0.2891893 0.638874 2.967268
0.3008143 0.2533018 3.090149
0.2958156 -0.1529454 3.210762
0.3078007 -0.1858165 3.100543
0.2220147 1.208981 2.994083
0.07035396 0.5583574 2.865881
-0.002173685 0.5935234 2.967992
0.4102789 0.4659157 2.91501
0.3562571 0.5732056 2.878098
80
0.2057967 0.6366172 3.014364
0.2156904 0.966289 3.007359
0.223785 1.288513 2.986323
0.2222109 1.431805 2.941185
0.03901529 1.188596 2.993091
-0.02734529 0.9538635 2.989708
0.004288612 0.7212948 2.90515
0.05451124 0.6621609 2.897259
0.4053677 1.17425 2.964129
0.4321273 0.9249664 2.96939
0.4346001 0.641089 2.905629
0.4035461 0.5565685 2.904961
0.1167215 0.643471 2.983103
0.1147841 0.2540763 3.101851
0.1073695 -0.1522909 3.213273
0.09223419 -0.1789632 3.114989
0.2891893 0.638874 2.967268
0.3008143 0.2533018 3.090149
0.2958156 -0.1529454 3.210762
0.3078007 -0.1858165 3.100543
0.2220147 1.208981 2.994083
0.07035396 0.5583574 2.865881
-0.002173685 0.5935234 2.967992
0.4102789 0.4659157 2.91501
0.3562571 0.5732056 2.878098
81
0.2067573 0.6356813 3.013511
0.2158209 0.966143 3.007043
0.2237954 1.288519 2.986121
0.2224763 1.4318 2.940599
0.03850259 1.188299 2.994044
-0.02391451 0.9514902 2.995997
-0.01039952 0.7128617 2.920161
0.02122206 0.6368713 2.913101
0.4057314 1.174074 2.964678
0.434437 0.9189008 2.974721
0.4437539 0.6392074 2.924885
0.4178848 0.5569236 2.929019
0.1176183 0.6422726 2.982163
0.1148821 0.2539753 3.10197
0.1073974 -0.1524409 3.213294
0.09214058 -0.1790588 3.115093
0.2903722 0.63811 2.966381
0.3008068 0.2532798 3.090198
0.2958484 -0.1525668 3.210737
0.307769 -0.1855176 3.100285
0.2220345 1.208963 2.993893
0.03383557 0.5198646 2.896739
-0.01699309 0.624581 2.916233
0.4273908 0.4640146 2.948904
0.3669218 0.5689359 2.885278
82
0.2067573 0.6356813 3.013511
0.2158209 0.966143 3.007043
0.2237954 1.288519 2.986121
0.2224763 1.4318 2.940599
0.03850259 1.188299 2.994044
-0.02391451 0.9514902 2.995997
-0.01039952 0.7128617 2.920161
0.02122206 0.6368713 2.913101
0.4057314 1.174074 2.964678
0.434437 0.9189008 2.974721
0.4437539 0.6392074 2.924885
0.4178848 0.5569236 2.929019
0.1176183 0.6422726 2.982163
0.1148821 0.2539753 3.10197
0.1073974 -0.1524409 3.213294
0.09214058 -0.1790588 3.115093
0.2903722 0.63811 2.966381
0.3008068 0.2532798 3.090198
0.2958484 -0.1525668 3.210737
0.307769 -0.1855176 3.100285
0.2220345 1.208963 2.993893
0.03383557 0.5198646 2.896739
-0.01699309 0.624581 2.916233
0.4273908 0.4640146 2.948904
0.3669218 0.5689359 2.885278
83
0.2076957 0.6348097 3.012709
0.2160404 0.965925 3.006569
0.2238709 1.288492 2.985614
0.2227886 1.431742 2.939739
0.03801146 1.187984 2.994848
-0.02017758 0.9466616 3.001853
-0.02297362 0.7028854 2.937338
0.001368549 0.6196826 2.92759
0.4060399 1.173884 2.965062
0.4377495 0.9104126 2.980243
0.4499559 0.6381634 2.938089
0.4279267 0.5604758 2.945967
0.1184737 0.6411749 2.981325
0.1149822 0.253864 3.102085
0.1074199 -0.15257 3.21331
0.09206501 -0.1791424 3.115167
0.2915279 0.6374173 2.965515
0.3008057 0.2532678 3.090227
0.2958667 -0.1522917 3.210744
0.3078394 -0.1853045 3.100141
0.2221257 1.208897 2.993441
0.01753462 0.5040573 2.920528
-0.04431589 0.6080582 2.93973
0.4305752 0.4664019 2.966154
0.3744892 0.5619534 2.890078
84
0.2076957 0.6348097 3.012709
0.2160404 0.965925 3.006569
0.2238709 1.288492 2.985614
0.2227886 1.431742 2.939739
0.03801146 1.187984 2.994848
-0.02017758 0.9466616 3.001853
-0.02297362 0.7028854 2.937338
0.001368549 0.6196826 2.92759
0.4060399 1.173884 2.965062
0.4377495 0.9104126 2.980243
0.4499559 0.6381634 2.938089
0.4279267 0.5604758 2.945967
0.1184737 0.6411749 2.981325
0.1149822 0.253864 3.102085
0.1074199 -0.15257 3.21331
0.09206501 -0.1791424 3.115167
0.2915279 0.6374173 2.965515
0.3008057 0.2532678 3.090227
0.2958667 -0.1522917 3.210744
0.3078394 -0.1853045 3.100141
0.2221257 1.208897 2.993441
0.01753462 0.5040573 2.920528
-0.04431589 0.6080582 2.93973
0.4305752 0.4664019 2.966154
0.3744892 0.5619534 2.890078
85
0.2084954 0.6340737 3.012041
0.2162742 0.9656903 3.006044
0.2239922 1.288436 2.98476
0.2231035 1.431679 2.938741
0.03759991 1.187718 2.995467
-0.01707832 0.9410062 3.006923
-0.03104619 0.6942359 2.953657
-0.01148564 0.5998232 2.943119
0.406283 1.1737 2.96533
0.4410816 0.9027352 2.985353
0.4556268 0.6369866 2.952265
0.4370515 0.5689218 2.962791
0.1191644 0.6402692 2.980667
0.1150606 0.2538053 3.102151
0.1074137 -0.1531136 3.213456
0.09227156 -0.1795271 3.11585
0.2925183 0.6368459 2.964782
0.300805 0.2532611 3.090246
0.2958798 -0.1521447 3.21078
0.3078195 -0.1852063 3.100068
0.2222583 1.208798 2.992737
0.003044762 0.4842426 2.947925
-0.05981885 0.5993575 2.948125
0.4414732 0.4694603 2.985202
0.381795 0.5578443 2.898109
86
0.2084954 0.6340737 3.012041
0.2162742 0.9656903 3.006044
0.2239922 1.288436 2.98476
0.2231035 1.431679 2.938741
0.03759991 1.187718 2.995467
-0.01707832 0.9410062 3.006923
-0.03104619 0.6942359 2.953657
-0.01148564 0.5998232 2.943119
0.406283 1.1737 2.96533
0.4410816 0.9027352 2.985353
0.4556268 0.6369866 2.952265
0.4370515 0.5689218 2.962791
0.1191644 0.6402692 2.980667
0.1150606 0.2538053 3.102151
0.1074137 -0.1531136 3.213456
0.09227156 -0.1795271 3.11585
0.2925183 0.6368459 2.964782
0.300805 0.2532611 3.090246
0.2958798 -0.1521447 3.21078
0.3078195 -0.1852063 3.100068
0.2222583 1.208798 2.992737
0.003044762 0.4842426 2.947925
-0.05981885 0.5993575 2.948125
0.4414732 0.4694603 2.985202
0.381795 0.5578443 2.898109
87
0.2091347 0.6334913 3.011585
0.216497 0.9654679 3.005551
0.2241136 1.288358 2.983812
0.2234557 1.431587 2.937565
0.03716135 1.187421 2.996041
-0.01448401 0.9324687 3.012887
-0.03592001 0.6859711 2.967459
-0.01947861 0.5900572 2.954425
0.4064819 1.173524 2.965507
0.4439934 0.8971272 2.989683
0.4600708 0.6379492 2.963527
0.4437922 0.5766706 2.975059
0.1197059 0.6395609 2.980232
0.1151002 0.2537796 3.102186
0.1074039 -0.1534417 3.213555
0.09236001 -0.1797449 3.116337
0.2933043 0.6364028 2.964277
0.3008045 0.2532562 3.09026
0.2959139 -0.1521182 3.210857
0.308134 -0.1851407 3.10035
0.2223937 1.208683 2.991981
-0.008554604 0.4761753 2.971494
-0.06887545 0.6016867 2.95311
0.4499188 0.4750819 2.997975
0.3877341 0.5600108 2.905452
88
0.2091347 0.6334913 3.011585
0.216497 0.9654679 3.005551
0.2241136 1.288358 2.983812
0.2234557 1.431587 2.937565
0.03716135 1.187421 2.996041
-0.01448401 0.9324687 3.012887
-0.03592001 0.6859711 2.967459
-0.01947861 0.5900572 2.954425
0.4064819 1.173524 2.965507
0.4439934 0.8971272 2.989683
0.4600708 0.6379492 2.963527
0.4437922 0.5766706 2.975059
0.1197059 0.6395609 2.980232
0.1151002 0.2537796 3.102186
0.1074039 -0.1534417 3.213555
0.09236001 -0.1797449 3.116337
0.2933043 0.6364028 2.964277
0.3008045 0.2532562 3.09026
0.2959139 -0.1521182 3.210857
0.308134 -0.1851407 3.10035
0.2223937 1.208683 2.991981
-0.008554604 0.4761753 2.971494
-0.06887545 0.6016867 2.95311
0.4499188 0.4750819 2.997975
0.3877341 0.5600108 2.905452
89
0.2096147 0.6330386 3.011277
0.2166999 0.9652649 3.005103
0.2242301 1.288277 2.982852
0.2237878 1.431495 2.936357
0.03682693 1.187204 2.996484
-0.0130636 0.9264945 3.016982
-0.03879246 0.6804071 2.978259
-0.02596871 0.5847707 2.969493
0.4066498 1.173348 2.965607
0.4465548 0.8931002 2.993335
0.4641711 0.6412653 2.973601
0.4505903 0.581468 2.984726
0.1201185 0.6390107 2.979924
0.1151314 0.2537597 3.102212
0.1073835 -0.1536975 3.213649
0.09246225 -0.1799064 3.116781
0.2938685 0.6360649 2.963964
0.3008054 0.2532493 3.090269
0.2959031 -0.1522295 3.210976
0.3086346 -0.1851747 3.100823
0.2225234 1.208569 2.991225
-0.01124801 0.471359 2.987169
-0.07934716 0.5949789 2.973832
0.459782 0.4839157 3.007041
0.3959665 0.5653382 2.919929
90
0.2096147 0.6330386 3.011277
0.2166999 0.9652649 3.005103
0.2242301 1.288277 2.982852
0.2237878 1.431495 2.936357
0.03682693 1.187204 2.996484
-0.0130636 0.9264945 3.016982
-0.03879246 0.6804071 2.978259
-0.02596871 0.5847707 2.969493
0.4066498 1.173348 2.965607
0.4465548 0.8931002 2.993335
0.4641711 0.6412653 2.973601
0.4505903 0.581468 2.984726
0.1201185 0.6390107 2.979924
0.1151314 0.2537597 3.102212
0.1073835 -0.1536975 3.213649
0.09246225 -0.1799064 3.116781
0.2938685 0.6360649 2.963964
0.3008054 0.2532493 3.090269
0.2959031 -0.1522295 3.210976
0.3086346 -0.1851747 3.100823
0.2225234 1.208569 2.991225
-0.01124801 0.471359 2.987169
-0.07934716 0.5949789 2.973832
0.459782 0.4839157 3.007041
0.3959665 0.5653382 2.919929
91
0.2099542 0.6326824 3.011076
0.2168815 0.9650778 3.004701
0.2243671 1.288182 2.981912
0.224079 1.431386 2.935194
0.03651846 1.186979 2.996865
-0.01263796 0.920626 3.020684
-0.04058039 0.6758395 2.986754
-0.03104616 0.584691 2.981914
0.4067927 1.173169 2.965644
0.4486038 0.8903407 2.996207
0.4671641 0.6438196 2.980437
0.4548624 0.5841355 2.990802
0.1204008 0.6385912 2.979728
0.1151551 0.2537443 3.10223
0.1073659 -0.1539027 3.213738
0.09253636 -0.1800289 3.117191
0.2942705 0.6357955 2.96376
0.300806 0.2532423 3.090274
0.2958935 -0.1522653 3.211042
0.3090241 -0.1851368 3.101202
0.2226614 1.208448 2.990485
-0.009976953 0.4780396 2.995135
-0.08481824 0.5929086 2.982863
0.4657315 0.4878552 3.014796
0.4002337 0.5736275 2.929025
92
0.2099542 0.6326824 3.011076
0.2168815 0.9650778 3.004701
0.2243671 1.288182 2.981912
0.224079 1.431386 2.935194
0.03651846 1.186979 2.996865
-0.01263796 0.920626 3.020684
-0.04058039 0.6758395 2.986754
-0.03104616 0.584691 2.981914
0.4067927 1.173169 2.965644
0.4486038 0.8903407 2.996207
0.4671641 0.6438196 2.980437
0.4548624 0.5841355 2.990802
0.1204008 0.6385912 2.979728
0.1151551 0.2537443 3.10223
0.1073659 -0.1539027 3.213738
0.09253636 -0.1800289 3.117191
0.2942705 0.6357955 2.96376
0.300806 0.2532423 3.090274
0.2958935 -0.1522653 3.211042
0.3090241 -0.1851368 3.101202
0.2226614 1.208448 2.990485
-0.009976953 0.4780396 2.995135
-0.08481824 0.5929086 2.982863
0.4657315 0.4878552 3.014796
0.4002337 0.5736275 2.929025
93
0.2102262 0.6324012 3.010955
0.217044 0.9649133 3.004349
0.2244984 1.2881 2.981044
0.2243736 1.43124 2.933957
0.03625687 1.186777 2.997177
-0.01264233 0.9160626 3.023645
-0.04218291 0.6725858 2.993429
-0.03535842 0.5866635 2.992832
0.4069173 1.17299 2.965639
0.4504699 0.8886278 2.998764
0.4692243 0.6460823 2.985256
0.4581162 0.5857462 2.995113
0.120621 0.6382692 2.979606
0.1151746 0.2537339 3.102242
0.1073481 -0.1540722 3.213816
0.09266349 -0.180132 3.117537
0.2945967 0.6355784 2.963644
0.3008072 0.2532343 3.090275
0.2958183 -0.1525078 3.211138
0.3092803 -0.1852837 3.101664
0.2227935 1.20834 2.989802
-0.00548379 0.4801414 2.998932
-0.08924825 0.5888905 2.993085
0.4694063 0.4899613 3.01996
0.4031451 0.5740182 2.934812
94
0.2102262 0.6324012 3.010955
0.217044 0.9649133 3.004349
0.2244984 1.2881 2.981044
0.2243736 1.43124 2.933957
0.03625687 1.186777 2.997177
-0.01264233 0.9160626 3.023645
-0.04218291 0.6725858 2.993429
-0.03535842 0.5866635 2.992832
0.4069173 1.17299 2.965639
0.4504699 0.8886278 2.998764
0.4692243 0.6460823 2.985256
0.4581162 0.5857462 2.995113
0.120621 0.6382692 2.979606
0.1151746 0.2537339 3.102242
0.1073481 -0.1540722 3.213816
0.09266349 -0.180132 3.117537
0.2945967 0.6355784 2.963644
0.3008072 0.2532343 3.090275
0.2958183 -0.1525078 3.211138
0.3092803 -0.1852837 3.101664
0.2227935 1.20834 2.989802
-0.00548379 0.4801414 2.998932
-0.08924825 0.5888905 2.993085
0.4694063 0.4899613 3.01996
0.4031451 0.5740182 2.934812
95
0.210434 0.6321768 3.010888
0.2171841 0.9647696 3.004045
0.2246083 1.288025 2.980263
0.2246362 1.431103 2.93284
0.03599681 1.186567 2.997495
-0.01280308 0.9130192 3.025723
-0.04343935 0.6705234 2.998278
-0.03887198 0.5907796 3.001754
0.4070259 1.172822 2.965606
0.4521742 0.8873453 3.001095
0.4707729 0.6470407 2.988494
0.4604432 0.5868545 2.997902
0.1207899 0.638014 2.97953
0.1151999 0.2537161 3.102244
0.1073315 -0.1541799 3.213879
0.09272301 -0.1802069 3.11775
0.294843 0.6354071 2.963592
0.3008085 0.2532263 3.090274
0.2957329 -0.1526518 3.211194
0.3094536 -0.185368 3.101955
0.2229067 1.208242 2.989184
-0.03134511 0.5059525 3.015395
-0.09328542 0.6127941 3.006337
0.471653 0.4915213 3.023382
0.4049644 0.575036 2.93871
96
0.210434 0.6321768 3.010888
0.2171841 0.9647696 3.004045
0.2246083 1.288025 2.980263
0.2246362 1.431103 2.93284
0.03599681 1.186567 2.997495
-0.01280308 0.9130192 3.025723
-0.04343935 0.6705234 2.998278
-0.03887198 0.5907796 3.001754
0.4070259 1.172822 2.965606
0.4521742 0.8873453 3.001095
0.4707729 0.6470407 2.988494
0.4604432 0.5868545 2.997902
0.1207899 0.638014 2.97953
0.1151999 0.2537161 3.102244
0.1073315 -0.1541799 3.213879
0.09272301 -0.1802069 3.11775
0.294843 0.6354071 2.963592
0.3008085 0.2532263 3.090274
0.2957329 -0.1526518 3.211194
0.3094536 -0.185368 3.101955
0.2229067 1.208242 2.989184
-0.03134511 0.5059525 3.015395
-0.09328542 0.6127941 3.006337
0.471653 0.4915213 3.023382
0.4049644 0.575036 2.93871
97
0.2106232 0.6319877 3.010871
0.2173104 0.9646455 3.003781
0.2246988 1.287966 2.979573
0.2248635 1.430999 2.931857
0.03580584 1.186403 2.997735
-0.01320181 0.9103983 3.027586
-0.0444705 0.6689488 3.002169
-0.04219136 0.5957504 3.009166
0.4071224 1.172665 2.965554
0.4536735 0.8867548 3.002953
0.471862 0.6477865 2.990736
0.461474 0.5879039 2.998197
0.120938 0.6378044 2.979494
0.1152264 0.2536911 3.102237
0.1073146 -0.1542989 3.213935
0.09279998 -0.1802884 3.117978
0.2950726 0.6352621 2.963609
0.3008109 0.2532188 3.090268
0.2956488 -0.1527715 3.211209
0.3095838 -0.185443 3.102127
0.2230056 1.208161 2.988633
-0.04567001 0.5170249 3.028167
-0.09538227 0.6204056 3.012721
0.4724574 0.4939792 3.021608
0.4061504 0.5761934 2.940755
98
0.2106232 0.6319877 3.010871
0.2173104 0.9646455 3.003781
0.2246988 1.287966 2.979573
0.2248635 1.430999 2.931857
0.03580584 1.186403 2.997735
-0.01320181 0.9103983 3.027586
-0.0444705 0.6689488 3.002169
-0.04219136 0.5957504 3.009166
0.4071224 1.172665 2.965554
0.4536735 0.8867548 3.002953
0.471862 0.6477865 2.990736
0.461474 0.5879039 2.998197
0.120938 0.6378044 2.979494
0.1152264 0.2536911 3.102237
0.1073146 -0.1542989 3.213935
0.09279998 -0.1802884 3.117978
0.2950726 0.6352621 2.963609
0.3008109 0.2532188 3.090268
0.2956488 -0.1527715 3.211209
0.3095838 -0.185443 3.102127
0.2230056 1.208161 2.988633
-0.04567001 0.5170249 3.028167
-0.09538227 0.6204056 3.012721
0.4724574 0.4939792 3.021608
0.4061504 0.5761934 2.940755
99
0.210765 0.6318437 3.010875
0.2174177 0.9645401 3.003552
0.2247732 1.287919 2.97897
0.2250469 1.43091 2.931031
0.03564288 1.186259 2.997937
-0.0138233 0.9081606 3.029278
-0.04573175 0.6677641 3.005625
-0.04410758 0.5981901 3.013457
0.407217 1.17252 2.965495
0.4548418 0.8864502 3.004372
0.4725983 0.6487868 2.991985
0.4597211 0.5891575 2.993435
0.1210399 0.6376596 2.97947
0.115249 0.2536797 3.102195
0.1072963 -0.1543489 3.213981
0.09283542 -0.1803285 3.118124
0.2952508 0.6351445 2.96366
0.3008191 0.2532189 3.090233
0.2955814 -0.1529186 3.211241
0.3097872 -0.1855342 3.10239
0.2230889 1.208093 2.988143
-0.05078111 0.5211179 3.033528
-0.09643227 0.62001 3.017772
0.4716872 0.4958265 3.018635
0.4063655 0.57639 2.940088
100
0.210765 0.6318437 3.010875
0.2174177 0.9645401 3.003552
0.2247732 1.287919 2.97897
0.2250469 1.43091 2.931031
0.03564288 1.186259 2.997937
-0.0138233 0.9081606 3.029278
-0.04573175 0.6677641 3.005625
-0.04410758 0.5981901 3.013457
0.407217 1.17252 2.965495
0.4548418 0.8864502 3.004372
0.4725983 0.6487868 2.991985
0.4597211 0.5891575 2.993435
0.1210399 0.6376596 2.97947
0.115249 0.2536797 3.102195
0.1072963 -0.1543489 3.213981
0.09283542 -0.1803285 3.118124
0.2952508 0.6351445 2.96366
0.3008191 0.2532189 3.090233
0.2955814 -0.1529186 3.211241
0.3097872 -0.1855342 3.10239
0.2230889 1.208093 2.988143
-0.05078111 0.5211179 3.033528
-0.09643227 0.62001 3.017772
0.4716872 0.4958265 3.018635
0.4063655 0.57639 2.940088
101
0.2108913 0.6317264 3.010914
0.2175102 0.9644518 3.003359
0.224829 1.287885 2.978462
0.2251946 1.430839 2.930354
0.03551744 1.186148 2.998104
-0.01438755 0.9065374 3.030594
-0.04664741 0.6669811 3.008101
-0.04483177 0.6009507 3.016073
0.4073013 1.172394 2.965436
0.4557329 0.8863341 3.005447
0.4729185 0.6499476 2.992153
0.4558336 0.5899341 2.98559
0.121129 0.6375454 2.979476
0.1152795 0.2536689 3.10214
0.1072808 -0.154378 3.214019
0.09285184 -0.1803566 3.118237
0.2954077 0.6350498 2.963753
0.3008246 0.2532373 3.090152
0.2955234 -0.1529361 3.211235
0.3100182 -0.1855366 3.102511
0.2231564 1.20804 2.987725
-0.05432756 0.5245311 3.036952
-0.09649393 0.622429 3.021246
0.4608409 0.4999645 2.995824
0.4051163 0.5828785 2.938413
102
0.2108913 0.6317264 3.010914
0.2175102 0.9644518 3.003359
0.224829 1.287885 2.978462
0.2251946 1.430839 2.930354
0.03551744 1.186148 2.998104
-0.01438755 0.9065374 3.030594
-0.04664741 0.6669811 3.008101
-0.04483177 0.6009507 3.016073
0.4073013 1.172394 2.965436
0.4557329 0.8863341 3.005447
0.4729185 0.6499476 2.992153
0.4558336 0.5899341 2.98559
0.121129 0.6375454 2.979476
0.1152795 0.2536689 3.10214
0.1072808 -0.154378 3.214019
0.09285184 -0.1803566 3.118237
0.2954077 0.6350498 2.963753
0.3008246 0.2532373 3.090152
0.2955234 -0.1529361 3.211235
0.3100182 -0.1855366 3.102511
0.2231564 1.20804 2.987725
-0.05432756 0.5245311 3.036952
-0.09649393 0.622429 3.021246
0.4608409 0.4999645 2.995824
0.4051163 0.5828785 2.938413
103
0.2110026 0.6316304 3.010983
0.2175901 0.9643784 3.003195
0.2248723 1.287863 2.978035
0.2253114 1.430782 2.929793
0.03541352 1.186055 2.998245
-0.01489288 0.9053637 3.031618
-0.0474012 0.6664786 3.009904
-0.04497213 0.6034542 3.017134
0.4073785 1.172281 2.965378
0.4564586 0.8865194 3.006271
0.4725756 0.6515929 2.990242
0.4496534 0.5900468 2.975559
0.1212039 0.6374553 2.979502
0.1153123 0.2536103 3.102056
0.1072558 -0.154432 3.214056
0.0929782 -0.1804398 3.118276
0.2955498 0.6349739 2.96389
0.3008317 0.2532625 3.090035
0.2954549 -0.1546686 3.21175
0.3107535 -0.1867314 3.104967
0.2232121 1.208001 2.98737
-0.05429313 0.5255895 3.036624
-0.09646069 0.6239102 3.022987
0.4551177 0.4997319 2.985645
0.4034512 0.5839058 2.935396
104
0.2110026 0.6316304 3.010983
0.2175901 0.9643784 3.003195
0.2248723 1.287863 2.978035
0.2253114 1.430782 2.929793
0.03541352 1.186055 2.998245
-0.01489288 0.9053637 3.031618
-0.0474012 0.6664786 3.009904
-0.04497213 0.6034542 3.017134
0.4073785 1.172281 2.965378
0.4564586 0.8865194 3.006271
0.4725756 0.6515929 2.990242
0.4496534 0.5900468 2.975559
0.1212039 0.6374553 2.979502
0.1153123 0.2536103 3.102056
0.1072558 -0.154432 3.214056
0.0929782 -0.1804398 3.118276
0.2955498 0.6349739 2.96389
0.3008317 0.2532625 3.090035
0.2954549 -0.1546686 3.21175
0.3107535 -0.1867314 3.104967
0.2232121 1.208001 2.98737
-0.05429313 0.5255895 3.036624
-0.09646069 0.6239102 3.022987
0.4551177 0.4997319 2.985645
0.4034512 0.5839058 2.935396
105
0.2110968 0.6315532 3.011059
0.2176601 0.9643177 3.003054
0.2249082 1.287855 2.977676
0.2253998 1.430745 2.929342
0.0353277 1.185976 2.998361
-0.01532325 0.9045423 3.032385
-0.0479036 0.6661358 3.011116
-0.04436862 0.6050685 3.016495
0.4074474 1.172181 2.965321
0.4569735 0.8867474 3.006834
0.470416 0.6526318 2.985251
0.4433535 0.5901155 2.965241
0.1212659 0.6373859 2.979538
0.1153396 0.2535344 3.10195
0.1072305 -0.1544661 3.214082
0.09306543 -0.1805147 3.118278
0.2956689 0.6349137 2.964031
0.3008547 0.2533388 3.089775
0.295398 -0.1554746 3.212005
0.311011 -0.1873377 3.106132
0.2232601 1.207975 2.987064
-0.05089395 0.5244868 3.035832
-0.09500394 0.6230965 3.021983
0.4460861 0.4992794 2.969805
0.399231 0.5844817 2.929526
106
0.2110968 0.6315532 3.011059
0.2176601 0.9643177 3.003054
0.2249082 1.287855 2.977676
0.2253998 1.430745 2.929342
0.0353277 1.185976 2.998361
-0.01532325 0.9045423 3.032385
-0.0479036 0.6661358 3.011116
-0.04436862 0.6050685 3.016495
0.4074474 1.172181 2.965321
0.4569735 0.8867474 3.006834
0.470416 0.6526318 2.985251
0.4433535 0.5901155 2.965241
0.1212659 0.6373859 2.979538
0.1153396 0.2535344 3.10195
0.1072305 -0.1544661 3.214082
0.09306543 -0.1805147 3.118278
0.2956689 0.6349137 2.964031
0.3008547 0.2533388 3.089775
0.295398 -0.1554746 3.212005
0.311011 -0.1873377 3.106132
0.2232601 1.207975 2.987064
-0.05089395 0.5244868 3.035832
-0.09500394 0.6230965 3.021983
0.4460861 0.4992794 2.969805
0.399231 0.5844817 2.929526
107
0.2111715 0.6314932 3.011136
0.2177206 0.9642676 3.002932
0.2249383 1.287854 2.977375
0.2254536 1.430721 2.928998
0.03525997 1.18591 2.998457
-0.01569224 0.9039835 3.032958
-0.04830507 0.6660013 3.011925
-0.04255267 0.6061585 3.013817
0.4075113 1.172088 2.965263
0.457324 0.886996 3.007183
0.4667813 0.6528571 2.978021
0.4368158 0.5900497 2.954311
0.1213121 0.6373361 2.979578
0.1153108 0.2535202 3.101602
0.107216 -0.1544354 3.214126
0.09317901 -0.1805989 3.11826
0.2957641 0.634866 2.964165
0.3009346 0.2535705 3.089234
0.2953385 -0.1559062 3.212173
0.3111245 -0.1877324 3.106887
0.2233011 1.207958 2.986802
-0.04535913 0.5238374 3.028014
-0.0927458 0.6246145 3.019279
0.4328876 0.4972978 2.953864
0.3953696 0.5835163 2.919204
108
0.2111715 0.6314932 3.011136
0.2177206 0.9642676 3.002932
0.2249383 1.287854 2.977375
0.2254536 1.430721 2.928998
0.03525997 1.18591 2.998457
-0.01569224 0.9039835 3.032958
-0.04830507 0.6660013 3.011925
-0.04255267 0.6061585 3.013817
0.4075113 1.172088 2.965263
0.457324 0.886996 3.007183
0.4667813 0.6528571 2.978021
0.4368158 0.5900497 2.954311
0.1213121 0.6373361 2.979578
0.1153108 0.2535202 3.101602
0.107216 -0.1544354 3.214126
0.09317901 -0.1805989 3.11826
0.2957641 0.634866 2.964165
0.3009346 0.2535705 3.089234
0.2953385 -0.1559062 3.212173
0.3111245 -0.1877324 3.106887
0.2233011 1.207958 2.986802
-0.04535913 0.5238374 3.028014
-0.0927458 0.6246145 3.019279
0.4328876 0.4972978 2.953864
0.3953696 0.5835163 2.919204
109
0.2112109 0.6314427 3.011218
0.2177666 0.9642246 3.002826
0.2249591 1.287858 2.977111
0.2254899 1.430704 2.928717
0.03520222 1.18585 2.998537
-0.01600312 0.9035959 3.03338
-0.04852423 0.6660832 3.012185
-0.03904794 0.608216 3.007388
0.4075612 1.171988 2.965185
0.4574278 0.8873793 3.00717
0.4618853 0.6528826 2.96845
0.4299915 0.5897299 2.943681
0.1213344 0.6373 2.979632
0.1152632 0.2534651 3.10113
0.1072071 -0.1543547 3.214177
0.09329436 -0.1806729 3.118241
0.2958089 0.6348193 2.964295
0.3010493 0.2538099 3.088467
0.2952752 -0.1561272 3.212304
0.3112357 -0.1880219 3.107467
0.2233313 1.207948 2.986568
-0.03747403 0.5220656 3.01844
-0.08792771 0.6248628 3.012559
0.4229296 0.4961563 2.944008
0.3821062 0.5665195 2.903282
110
0.2112109 0.6314427 3.011218
0.2177666 0.9642246 3.002826
0.2249591 1.287858 2.977111
0.2254899 1.430704 2.928717
0.03520222 1.18585 2.998537
-0.01600312 0.9035959 3.03338
-0.04852423 0.6660832 3.012185
-0.03904794 0.608216 3.007388
0.4075612 1.171988 2.965185
0.4574278 0.8873793 3.00717
0.4618853 0.6528826 2.96845
0.4299915 0.5897299 2.943681
0.1213344 0.6373 2.979632
0.1152632 0.2534651 3.10113
0.1072071 -0.1543547 3.214177
0.09329436 -0.1806729 3.118241
0.2958089 0.6348193 2.964295
0.3010493 0.2538099 3.088467
0.2952752 -0.1561272 3.212304
0.3112357 -0.1880219 3.107467
0.2233313 1.207948 2.986568
-0.03747403 0.5220656 3.01844
-0.08792771 0.6248628 3.012559
0.4229296 0.4961563 2.944008
0.3821062 0.5665195 2.903282
111
0.2112116 0.6314059 3.011308
0.2177981 0.964192 3.002734
0.2249725 1.287869 2.976886
0.2255052 1.430703 2.928485
0.03514915 1.185794 2.998607
-0.01624706 0.9033394 3.033694
-0.04735039 0.6667765 3.009754
-0.03421693 0.6106132 2.999016
0.4076052 1.171891 2.965103
0.4570752 0.8879892 3.006469
0.4548517 0.6511422 2.956008
0.4233471 0.5899841 2.933924
0.1213163 0.6372849 2.979699
0.1151332 0.253495 3.100066
0.1072179 -0.1540792 3.214269
0.09336647 -0.1807182 3.118238
0.2958123 0.6347795 2.964428
0.3012031 0.2540549 3.08756
0.295211 -0.1565549 3.21252
0.3114022 -0.1884824 3.108384
0.223352 1.207946 2.986365
-0.02815465 0.5220721 3.001919
-0.08085691 0.6144208 3.000518
0.4146003 0.4964535 2.934966
0.3761549 0.569114 2.895234
112
0.2112116 0.6314059 3.011308
0.2177981 0.964192 3.002734
0.2249725 1.287869 2.976886
0.2255052 1.430703 2.928485
0.03514915 1.185794 2.998607
-0.01624706 0.9033394 3.033694
-0.04735039 0.6667765 3.009754
-0.03421693 0.6106132 2.999016
0.4076052 1.171891 2.965103
0.4570752 0.8879892 3.006469
0.4548517 0.6511422 2.956008
0.4233471 0.5899841 2.933924
0.1213163 0.6372849 2.979699
0.1151332 0.253495 3.100066
0.1072179 -0.1540792 3.214269
0.09336647 -0.1807182 3.118238
0.2958123 0.6347795 2.964428
0.3012031 0.2540549 3.08756
0.295211 -0.1565549 3.21252
0.3114022 -0.1884824 3.108384
0.223352 1.207946 2.986365
-0.02815465 0.5220721 3.001919
-0.08085691 0.6144208 3.000518
0.4146003 0.4964535 2.934966
0.3761549 0.569114 2.895234
113
0.2111914 0.6313818 3.011407
0.2178199 0.9641683 3.002655
0.2249747 1.287893 2.976677
0.2254977 1.430716 2.928288
0.03510252 1.185745 2.998668
-0.01644894 0.903181 3.033916
-0.04582693 0.6675535 3.006713
-0.02805199 0.6098996 2.989689
0.4076407 1.171802 2.96501
0.455776 0.8894234 3.004598
0.4495278 0.6518475 2.946814
0.4179952 0.5904037 2.926136
0.1212752 0.637293 2.979792
0.114903 0.2537148 3.098162
0.1072496 -0.1535494 3.214418
0.09340083 -0.1807447 3.118236
0.2957919 0.6347468 2.964561
0.3013696 0.2542431 3.086664
0.2951016 -0.157259 3.212749
0.311863 -0.1892358 3.10922
0.2233614 1.207956 2.986176
-0.02277142 0.5216234 2.991358
-0.07692998 0.6125536 2.995468
0.4098542 0.4964278 2.929372
0.3698402 0.5725327 2.888164
114
0.2111914 0.6313818 3.011407
0.2178199 0.9641683 3.002655
0.2249747 1.287893 2.976677
0.2254977 1.430716 2.928288
0.03510252 1.185745 2.998668
-0.01644894 0.903181 3.033916
-0.04582693 0.6675535 3.006713
-0.02805199 0.6098996 2.989689
0.4076407 1.171802 2.96501
0.455776 0.8894234 3.004598
0.4495278 0.6518475 2.946814
0.4179952 0.5904037 2.926136
0.1212752 0.637293 2.979792
0.114903 0.2537148 3.098162
0.1072496 -0.1535494 3.214418
0.09340083 -0.1807447 3.118236
0.2957919 0.6347468 2.964561
0.3013696 0.2542431 3.086664
0.2951016 -0.157259 3.212749
0.311863 -0.1892358 3.10922
0.2233614 1.207956 2.986176
-0.02277142 0.5216234 2.991358
-0.07692998 0.6125536 2.995468
0.4098542 0.4964278 2.929372
0.3698402 0.5725327 2.888164
115
0.2111232 0.6313675 3.011526
0.2178255 0.9641525 3.002581
0.2249569 1.287933 2.976475
0.2254674 1.430748 2.928118
0.03505886 1.185705 2.998711
-0.01659445 0.9031206 3.034046
-0.0431674 0.6685743 3.00228
-0.02319994 0.6089233 2.982075
0.4076639 1.171718 2.964886
0.453748 0.8915775 3.001483
0.4455386 0.6530514 2.939944
0.4140575 0.590952 2.919923
0.1211819 0.6373219 2.979913
0.1147027 0.2538843 3.096423
0.1072778 -0.1530653 3.214545
0.09342052 -0.1807697 3.118228
0.2957231 0.6347175 2.964702
0.3015364 0.2543729 3.085818
0.2949716 -0.157836 3.212925
0.3122309 -0.1898953 3.109849
0.2233503 1.207981 2.985991
-0.01521548 0.5150386 2.987692
-0.07261723 0.6099795 2.985815
0.406673 0.4964112 2.925224
0.3658288 0.5755937 2.881251
