133
1
0.03158725 0.4065323 2.813864
0.00233807 0.7170715 2.819278
-0.02283527 1.021664 2.811072
-0.01732349 1.147022 2.774785
-0.2059781 0.9200572 2.791849
-0.2390324 0.6533329 2.792202
-0.2031279 0.437008 2.767156
-0.1917107 0.3839752 2.758678
0.1846679 0.9422125 2.827374
0.2530506 0.6966497 2.836489
0.2487087 0.4807192 2.784982
0.2400719 0.4310738 2.775111
-0.05532761 0.409334 2.773761
-0.05030414 0.08478332 2.837304
-0.04436854 -0.3402157 2.952828
-0.06798328 -0.3655659 2.86078
0.1175659 0.4190307 2.782221
0.1392971 0.08724264 2.861481
0.1703288 -0.3368888 2.958492
0.2110142 -0.3540588 2.870409
-0.01691584 0.9463287 2.815511
-0.1794234 0.3186305 2.752783
-0.150767 0.3922029 2.737076
0.2413832 0.3642761 2.772871
0.2714311 0.4348807 2.749458
2
0.03158725 0.4065323 2.813864
0.00233807 0.7170715 2.819278
-0.02283527 1.021664 2.811072
-0.01732349 1.147022 2.774785
-0.2059781 0.9200572 2.791849
-0.2390324 0.6533329 2.792202
-0.2031279 0.437008 2.767156
-0.1917107 0.3839752 2.758678
0.1846679 0.9422125 2.827374
0.2530506 0.6966497 2.836489
0.2487087 0.4807192 2.784982
0.2400719 0.4310738 2.775111
-0.05532761 0.409334 2.773761
-0.05030414 0.08478332 2.837304
-0.04436854 -0.3402157 2.952828
-0.06798328 -0.3655659 2.86078
0.1175659 0.4190307 2.782221
0.1392971 0.08724264 2.861481
0.1703288 -0.3368888 2.958492
0.2110142 -0.3540588 2.870409
-0.01691584 0.9463287 2.815511
-0.1794234 0.3186305 2.752783
-0.150767 0.3922029 2.737076
0.2413832 0.3642761 2.772871
0.2714311 0.4348807 2.749458
3
0.03166697 0.4066106 2.813648
0.002899964 0.7171445 2.819001
-0.02175817 1.021691 2.81078
-0.01613439 1.147211 2.773737
-0.2052543 0.9203333 2.79158
-0.2387909 0.6537008 2.791967
-0.2030464 0.4372797 2.767085
-0.1916243 0.3840802 2.758594
0.1856758 0.9418806 2.827201
0.2532464 0.6966189 2.836315
0.2487084 0.4807089 2.784966
0.24013 0.4312729 2.775103
-0.05527383 0.4094594 2.773472
-0.05016296 0.08498867 2.837203
-0.04438138 -0.3400889 2.952813
-0.06790814 -0.3654433 2.860766
0.1176702 0.4190715 2.782058
0.1394264 0.08750469 2.861386
0.1703216 -0.3368544 2.95853
0.2110356 -0.3540446 2.870489
-0.01593579 0.9463667 2.815216
-0.1794567 0.3186915 2.752713
-0.1500012 0.3891608 2.736884
0.2414915 0.3637723 2.773112
0.2715194 0.4358246 2.749859
4
0.03166697 0.4066106 2.813648
0.002899964 0.7171445 2.819001
-0.02175817 1.021691 2.81078
-0.01613439 1.147211 2.773737
-0.2052543 0.9203333 2.79158
-0.2387909 0.6537008 2.791967
-0.2030464 0.4372797 2.767085
-0.1916243 0.3840802 2.758594
0.1856758 0.9418806 2.827201
0.2532464 0.6966189 2.836315
0.2487084 0.4807089 2.784966
0.24013 0.4312729 2.775103
-0.05527383 0.4094594 2.773472
-0.05016296 0.08498867 2.837203
-0.04438138 -0.3400889 2.952813
-0.06790814 -0.3654433 2.860766
0.1176702 0.4190715 2.782058
0.1394264 0.08750469 2.861386
0.1703216 -0.3368544 2.95853
0.2110356 -0.3540446 2.870489
-0.01593579 0.9463667 2.815216
-0.1794567 0.3186915 2.752713
-0.1500012 0.3891608 2.736884
0.2414915 0.3637723 2.773112
0.2715194 0.4358246 2.749859
5
0.03176628 0.4066921 2.813411
0.00347305 0.7172095 2.818705
-0.0207944 1.021704 2.810485
-0.01522966 1.147343 2.772919
-0.204573 0.9205769 2.791321
-0.2385396 0.6540408 2.791712
-0.2029409 0.437538 2.766995
-0.1915021 0.3841988 2.758388
0.1865826 0.9415638 2.827012
0.2534496 0.6965816 2.836136
0.2492966 0.4702093 2.784041
0.2404145 0.4294493 2.774761
-0.05520269 0.4095912 2.773177
-0.05001837 0.08529232 2.837029
-0.04439117 -0.3398221 2.952783
-0.06804273 -0.3654004 2.859995
0.1178011 0.4191078 2.781864
0.1395552 0.087759 2.861286
0.1701913 -0.3350753 2.958173
0.2108835 -0.3527061 2.868361
-0.01503545 0.94639 2.814915
-0.1793369 0.3187702 2.75245
-0.1494877 0.387205 2.736773
0.2420537 0.364125 2.772466
0.2716508 0.4350552 2.750539
6
0.03176628 0.4066921 2.813411
0.00347305 0.7172095 2.818705
-0.0207944 1.021704 2.810485
-0.01522966 1.147343 2.772919
-0.204573 0.9205769 2.791321
-0.2385396 0.6540408 2.791712
-0.2029409 0.437538 2.766995
-0.1915021 0.3841988 2.758388
0.1865826 0.9415638 2.827012
0.2534496 0.6965816 2.836136
0.2492966 0.4702093 2.784041
0.2404145 0.4294493 2.774761
-0.05520269 0.4095912 2.773177
-0.05001837 0.08529232 2.837029
-0.04439117 -0.3398221 2.952783
-0.06804273 -0.3654004 2.859995
0.1178011 0.4191078 2.781864
0.1395552 0.087759 2.861286
0.1701913 -0.3350753 2.958173
0.2108835 -0.3527061 2.868361
-0.01503545 0.94639 2.814915
-0.1793369 0.3187702 2.75245
-0.1494877 0.387205 2.736773
0.2420537 0.364125 2.772466
0.2716508 0.4350552 2.750539
7
0.03190327 0.4067795 2.81315
0.004009063 0.7172719 2.818422
-0.02001517 1.021717 2.810234
-0.01450939 1.147439 2.77224
-0.2039244 0.9207994 2.791026
-0.2382748 0.6543173 2.791458
-0.2028278 0.4377481 2.766889
-0.1913171 0.3843755 2.758106
0.1873702 0.9412876 2.826838
0.2536664 0.6965326 2.835951
0.2495133 0.468438 2.783813
0.2405459 0.4291543 2.774617
-0.05509266 0.4097295 2.772866
-0.04989811 0.08554585 2.836869
-0.04439534 -0.3396978 2.952786
-0.06812216 -0.3654513 2.859437
0.1179685 0.4191455 2.781644
0.1396699 0.08796532 2.861198
0.1700771 -0.333499 2.957857
0.2105849 -0.3515593 2.866366
-0.01428978 0.9464121 2.814655
-0.1791668 0.3188568 2.752282
-0.1492443 0.3865839 2.736618
0.2421899 0.3637117 2.772742
0.2716647 0.4348744 2.750599
8
0.03190327 0.4067795 2.81315
0.004009063 0.7172719 2.818422
-0.02001517 1.021717 2.810234
-0.01450939 1.147439 2.77224
-0.2039244 0.9207994 2.791026
-0.2382748 0.6543173 2.791458
-0.2028278 0.4377481 2.766889
-0.1913171 0.3843755 2.758106
0.1873702 0.9412876 2.826838
0.2536664 0.6965326 2.835951
0.2495133 0.468438 2.783813
0.2405459 0.4291543 2.774617
-0.05509266 0.4097295 2.772866
-0.04989811 0.08554585 2.836869
-0.04439534 -0.3396978 2.952786
-0.06812216 -0.3654513 2.859437
0.1179685 0.4191455 2.781644
0.1396699 0.08796532 2.861198
0.1700771 -0.333499 2.957857
0.2105849 -0.3515593 2.866366
-0.01428978 0.9464121 2.814655
-0.1791668 0.3188568 2.752282
-0.1492443 0.3865839 2.736618
0.2421899 0.3637117 2.772742
0.2716647 0.4348744 2.750599
9
0.03206309 0.4068528 2.812889
0.004594353 0.7173089 2.818133
-0.0192088 1.021705 2.809979
-0.01394389 1.147502 2.771706
-0.2033117 0.9209821 2.790728
-0.2380146 0.6545774 2.791209
-0.2026956 0.4379572 2.76678
-0.1911331 0.3845193 2.757922
0.1880509 0.9410399 2.82668
0.2538856 0.6964771 2.835775
0.2498049 0.4675226 2.78361
0.2406559 0.4289873 2.77458
-0.05496436 0.4098521 2.772567
-0.04979258 0.08577528 2.836718
-0.04438839 -0.3397237 2.952801
-0.06824216 -0.3656191 2.858992
0.1181656 0.4191655 2.781417
0.1397504 0.08809322 2.861146
0.1699934 -0.3322287 2.957612
0.2102707 -0.350642 2.864755
-0.01350959 0.9464075 2.814391
-0.1791092 0.3189476 2.752121
-0.1492134 0.3867836 2.736341
0.2422678 0.3634392 2.772772
0.2716855 0.4345317 2.750718
10
0.03206309 0.4068528 2.812889
0.004594353 0.7173089 2.818133
-0.0192088 1.021705 2.809979
-0.01394389 1.147502 2.771706
-0.2033117 0.9209821 2.790728
-0.2380146 0.6545774 2.791209
-0.2026956 0.4379572 2.76678
-0.1911331 0.3845193 2.757922
0.1880509 0.9410399 2.82668
0.2538856 0.6964771 2.835775
0.2498049 0.4675226 2.78361
0.2406559 0.4289873 2.77458
-0.05496436 0.4098521 2.772567
-0.04979258 0.08577528 2.836718
-0.04438839 -0.3397237 2.952801
-0.06824216 -0.3656191 2.858992
0.1181656 0.4191655 2.781417
0.1397504 0.08809322 2.861146
0.1699934 -0.3322287 2.957612
0.2102707 -0.350642 2.864755
-0.01350959 0.9464075 2.814391
-0.1791092 0.3189476 2.752121
-0.1492134 0.3867836 2.736341
0.2422678 0.3634392 2.772772
0.2716855 0.4345317 2.750718
11
0.03226129 0.4069218 2.812605
0.005211001 0.7173293 2.817815
-0.01843637 1.021672 2.809691
-0.01349965 1.147538 2.771275
-0.2027744 0.921133 2.790461
-0.2377707 0.6548069 2.790978
-0.2025283 0.4381724 2.76662
-0.1909387 0.3846371 2.757645
0.1886508 0.940821 2.826536
0.2541068 0.6964288 2.835602
0.2502327 0.4674572 2.783365
0.2407822 0.4289374 2.77441
-0.0547935 0.4099686 2.77224
-0.04969838 0.08598412 2.836573
-0.04437812 -0.3397339 2.952797
-0.06822468 -0.3657112 2.858736
0.1183949 0.419181 2.781175
0.1398251 0.08820507 2.861095
0.1699517 -0.3314188 2.957493
0.210084 -0.3500534 2.863833
-0.01274839 0.9463829 2.814096
-0.1785122 0.3193328 2.750816
-0.1494457 0.3890005 2.735327
0.2423483 0.363152 2.772625
0.2713763 0.4337788 2.749473
12
0.03226129 0.4069218 2.812605
0.005211001 0.7173293 2.817815
-0.01843637 1.021672 2.809691
-0.01349965 1.147538 2.771275
-0.2027744 0.921133 2.790461
-0.2377707 0.6548069 2.790978
-0.2025283 0.4381724 2.76662
-0.1909387 0.3846371 2.757645
0.1886508 0.940821 2.826536
0.2541068 0.6964288 2.835602
0.2502327 0.4674572 2.783365
0.2407822 0.4289374 2.77441
-0.0547935 0.4099686 2.77224
-0.04969838 0.08598412 2.836573
-0.04437812 -0.3397339 2.952797
-0.06822468 -0.3657112 2.858736
0.1183949 0.419181 2.781175
0.1398251 0.08820507 2.861095
0.1699517 -0.3314188 2.957493
0.210084 -0.3500534 2.863833
-0.01274839 0.9463829 2.814096
-0.1785122 0.3193328 2.750816
-0.1494457 0.3890005 2.735327
0.2423483 0.363152 2.772625
0.2713763 0.4337788 2.749473
13
0.032458 0.406983 2.812336
0.005763769 0.7173438 2.817529
-0.01778864 1.021644 2.809442
-0.01306202 1.147595 2.770819
-0.202279 0.9212679 2.790204
-0.2375218 0.6550369 2.79075
-0.2023543 0.4383937 2.766453
-0.1908069 0.3847009 2.75751
0.1891744 0.9406238 2.826407
0.2543451 0.6963386 2.835421
0.2506804 0.4678976 2.783126
0.2409457 0.4291091 2.774359
-0.05462003 0.4100767 2.771934
-0.04962055 0.0861771 2.83643
-0.04436651 -0.3397668 2.952794
-0.0681976 -0.3658152 2.858522
0.1186208 0.4191885 2.780944
0.13989 0.08829758 2.861053
0.1699314 -0.3309468 2.957448
0.2099697 -0.3497211 2.863317
-0.01210186 0.9463598 2.813839
-0.1784488 0.3194312 2.750551
-0.1495597 0.3899154 2.735105
0.2426878 0.3633336 2.772499
0.2714466 0.4340892 2.749393
14
0.03266451 0.4070393 2.812068
0.006294731 0.717347 2.817259
-0.01718654 1.021601 2.809214
-0.01266466 1.147623 2.770398
-0.2017881 0.9213828 2.789946
-0.2372129 0.6553637 2.790467
-0.2021591 0.4386947 2.766261
-0.1906401 0.3847486 2.757353
0.1896355 0.940444 2.826291
0.2546124 0.6962403 2.835234
0.251151 0.4687861 2.782953
0.2411971 0.429599 2.77431
-0.05443737 0.4101763 2.771637
-0.04953389 0.08635661 2.836295
-0.04435606 -0.3397972 2.952785
-0.06814259 -0.3659134 2.858303
0.118855 0.4191927 2.78071
0.1399576 0.08837972 2.861012
0.1699191 -0.3306214 2.957428
0.2099003 -0.3494987 2.862966
-0.01149803 0.9463232 2.813603
-0.1782665 0.3194327 2.750455
-0.1496014 0.3904694 2.7349
0.2429817 0.3635294 2.772239
0.2714836 0.4343942 2.749425
15
0.03266451 0.4070393 2.812068
0.006294731 0.717347 2.817259
-0.01718654 1.021601 2.809214
-0.01266466 1.147623 2.770398
-0.2017881 0.9213828 2.789946
-0.2372129 0.6553637 2.790467
-0.2021591 0.4386947 2.766261
-0.1906401 0.3847486 2.757353
0.1896355 0.940444 2.826291
0.2546124 0.6962403 2.835234
0.251151 0.4687861 2.782953
0.2411971 0.429599 2.77431
-0.05443737 0.4101763 2.771637
-0.04953389 0.08635661 2.836295
-0.04435606 -0.3397972 2.952785
-0.06814259 -0.3659134 2.858303
0.118855 0.4191927 2.78071
0.1399576 0.08837972 2.861012
0.1699191 -0.3306214 2.957428
0.2099003 -0.3494987 2.862966
-0.01149803 0.9463232 2.813603
-0.1782665 0.3194327 2.750455
-0.1496014 0.3904694 2.7349
0.2429817 0.3635294 2.772239
0.2714836 0.4343942 2.749425
16
0.03266451 0.4070393 2.812068
0.006294731 0.717347 2.817259
-0.01718654 1.021601 2.809214
-0.01266466 1.147623 2.770398
-0.2017881 0.9213828 2.789946
-0.2372129 0.6553637 2.790467
-0.2021591 0.4386947 2.766261
-0.1906401 0.3847486 2.757353
0.1896355 0.940444 2.826291
0.2546124 0.6962403 2.835234
0.251151 0.4687861 2.782953
0.2411971 0.429599 2.77431
-0.05443737 0.4101763 2.771637
-0.04953389 0.08635661 2.836295
-0.04435606 -0.3397972 2.952785
-0.06814259 -0.3659134 2.858303
0.118855 0.4191927 2.78071
0.1399576 0.08837972 2.861012
0.1699191 -0.3306214 2.957428
0.2099003 -0.3494987 2.862966
-0.01149803 0.9463232 2.813603
-0.1782665 0.3194327 2.750455
-0.1496014 0.3904694 2.7349
0.2429817 0.3635294 2.772239
0.2714836 0.4343942 2.749425
17
0.03286498 0.4070863 2.81182
0.00680558 0.7173434 2.817011
-0.01658818 1.021558 2.809002
-0.01229685 1.147642 2.77001
-0.2013392 0.9214779 2.789713
-0.2369168 0.6556604 2.790204
-0.2019059 0.4390014 2.766059
-0.1905073 0.384814 2.757162
0.1900403 0.9402865 2.826187
0.254887 0.696137 2.835062
0.2515741 0.4698332 2.78282
0.2413497 0.4298309 2.774197
-0.05425752 0.4102629 2.771361
-0.04942607 0.08648954 2.836183
-0.04433955 -0.3398424 2.952773
-0.0680372 -0.3660267 2.858059
0.1190798 0.419191 2.780493
0.1400194 0.08844885 2.860978
0.1699113 -0.3304434 2.957422
0.2098514 -0.3493908 2.862747
-0.01090499 0.9462858 2.813385
-0.1785502 0.3196911 2.749506
-0.1496411 0.3909008 2.734791
0.2433223 0.3638521 2.771943
0.2714778 0.4344057 2.749374
18
0.03286498 0.4070863 2.81182
0.00680558 0.7173434 2.817011
-0.01658818 1.021558 2.809002
-0.01229685 1.147642 2.77001
-0.2013392 0.9214779 2.789713
-0.2369168 0.6556604 2.790204
-0.2019059 0.4390014 2.766059
-0.1905073 0.384814 2.757162
0.1900403 0.9402865 2.826187
0.254887 0.696137 2.835062
0.2515741 0.4698332 2.78282
0.2413497 0.4298309 2.774197
-0.05425752 0.4102629 2.771361
-0.04942607 0.08648954 2.836183
-0.04433955 -0.3398424 2.952773
-0.0680372 -0.3660267 2.858059
0.1190798 0.419191 2.780493
0.1400194 0.08844885 2.860978
0.1699113 -0.3304434 2.957422
0.2098514 -0.3493908 2.862747
-0.01090499 0.9462858 2.813385
-0.1785502 0.3196911 2.749506
-0.1496411 0.3909008 2.734791
0.2433223 0.3638521 2.771943
0.2714778 0.4344057 2.749374
19
0.03305172 0.407126 2.811593
0.007253052 0.717339 2.816801
-0.01607227 1.021529 2.80884
-0.01197153 1.147657 2.769691
-0.2009096 0.9215674 2.789501
-0.2366245 0.6559168 2.789974
-0.2016618 0.4392634 2.765893
-0.1903563 0.3848266 2.757127
0.1904539 0.9401302 2.826116
0.2551604 0.6960281 2.834904
0.2519403 0.4708792 2.782722
0.241508 0.4300527 2.774205
-0.05409105 0.410338 2.771114
-0.04931191 0.08660781 2.836085
-0.04433702 -0.339896 2.952777
-0.0678274 -0.3660909 2.858038
0.1192902 0.4191858 2.780293
0.1400807 0.08850011 2.86095
0.1699248 -0.3304864 2.957491
0.2098367 -0.3494674 2.862775
-0.01039264 0.9462581 2.813213
-0.1785794 0.3196189 2.749868
-0.1496591 0.3911366 2.734702
0.2441548 0.3643562 2.771468
0.2714514 0.434662 2.74949
20
0.03305172 0.407126 2.811593
0.007253052 0.717339 2.816801
-0.01607227 1.021529 2.80884
-0.01197153 1.147657 2.769691
-0.2009096 0.9215674 2.789501
-0.2366245 0.6559168 2.789974
-0.2016618 0.4392634 2.765893
-0.1903563 0.3848266 2.757127
0.1904539 0.9401302 2.826116
0.2551604 0.6960281 2.834904
0.2519403 0.4708792 2.782722
0.241508 0.4300527 2.774205
-0.05409105 0.410338 2.771114
-0.04931191 0.08660781 2.836085
-0.04433702 -0.339896 2.952777
-0.0678274 -0.3660909 2.858038
0.1192902 0.4191858 2.780293
0.1400807 0.08850011 2.86095
0.1699248 -0.3304864 2.957491
0.2098367 -0.3494674 2.862775
-0.01039264 0.9462581 2.813213
-0.1785794 0.3196189 2.749868
-0.1496591 0.3911366 2.734702
0.2441548 0.3643562 2.771468
0.2714514 0.434662 2.74949
21
0.03322693 0.4071567 2.811393
0.007641451 0.7173309 2.816621
-0.01563799 1.021501 2.808699
-0.01169694 1.147647 2.76945
-0.2005322 0.9216366 2.789324
-0.23634 0.6561177 2.789794
-0.2014386 0.4394696 2.765742
-0.1902367 0.3848309 2.757091
0.1908229 0.939986 2.826055
0.2554398 0.6959021 2.834761
0.2523186 0.4718891 2.78276
0.2416124 0.4301368 2.774201
-0.053937 0.410399 2.7709
-0.04917702 0.08674227 2.835976
-0.04433912 -0.3399237 2.952789
-0.0675345 -0.3660794 2.858214
0.1194902 0.4191764 2.780115
0.1401386 0.08854597 2.860925
0.1699433 -0.3304898 2.957556
0.2098034 -0.349513 2.862768
-0.009958821 0.9462308 2.813065
-0.1781716 0.3195287 2.74984
-0.1497344 0.391652 2.734697
0.2445555 0.3640958 2.771526
0.2714493 0.4346934 2.749481
22
0.0333868 0.4071825 2.811216
0.007982289 0.7173247 2.816467
-0.01526105 1.021482 2.80858
-0.0114617 1.147634 2.769249
-0.2001732 0.9217018 2.789176
-0.2360688 0.656296 2.789633
-0.2012268 0.4396537 2.765602
-0.1901365 0.3848363 2.757054
0.1911979 0.9398435 2.825997
0.2557412 0.6957206 2.834613
0.2525586 0.4726308 2.78278
0.241703 0.4302084 2.774196
-0.05379708 0.4104514 2.770712
-0.04902836 0.08689619 2.835857
-0.04434467 -0.3399497 2.952805
-0.06726047 -0.3660594 2.858425
0.1196739 0.4191661 2.779958
0.1401941 0.08858545 2.860902
0.1699649 -0.3305989 2.957633
0.2097943 -0.3496321 2.862894
-0.009582079 0.9462117 2.812939
-0.1781706 0.319429 2.750245
-0.1497538 0.3918254 2.734652
0.2447308 0.3637601 2.771568
0.2714452 0.4347261 2.749475
23
0.0333868 0.4071825 2.811216
0.007982289 0.7173247 2.816467
-0.01526105 1.021482 2.80858
-0.0114617 1.147634 2.769249
-0.2001732 0.9217018 2.789176
-0.2360688 0.656296 2.789633
-0.2012268 0.4396537 2.765602
-0.1901365 0.3848363 2.757054
0.1911979 0.9398435 2.825997
0.2557412 0.6957206 2.834613
0.2525586 0.4726308 2.78278
0.241703 0.4302084 2.774196
-0.05379708 0.4104514 2.770712
-0.04902836 0.08689619 2.835857
-0.04434467 -0.3399497 2.952805
-0.06726047 -0.3660594 2.858425
0.1196739 0.4191661 2.779958
0.1401941 0.08858545 2.860902
0.1699649 -0.3305989 2.957633
0.2097943 -0.3496321 2.862894
-0.009582079 0.9462117 2.812939
-0.1781706 0.319429 2.750245
-0.1497538 0.3918254 2.734652
0.2447308 0.3637601 2.771568
0.2714452 0.4347261 2.749475
24
0.0333868 0.4071825 2.811216
0.007982289 0.7173247 2.816467
-0.01526105 1.021482 2.80858
-0.0114617 1.147634 2.769249
-0.2001732 0.9217018 2.789176
-0.2360688 0.656296 2.789633
-0.2012268 0.4396537 2.765602
-0.1901365 0.3848363 2.757054
0.1911979 0.9398435 2.825997
0.2557412 0.6957206 2.834613
0.2525586 0.4726308 2.78278
0.241703 0.4302084 2.774196
-0.05379708 0.4104514 2.770712
-0.04902836 0.08689619 2.835857
-0.04434467 -0.3399497 2.952805
-0.06726047 -0.3660594 2.858425
0.1196739 0.4191661 2.779958
0.1401941 0.08858545 2.860902
0.1699649 -0.3305989 2.957633
0.2097943 -0.3496321 2.862894
-0.009582079 0.9462117 2.812939
-0.1781706 0.319429 2.750245
-0.1497538 0.3918254 2.734652
0.2447308 0.3637601 2.771568
0.2714452 0.4347261 2.749475
25
0.0335524 0.4072033 2.811059
0.008304067 0.7173134 2.816329
-0.01491817 1.021458 2.808467
-0.01125206 1.147616 2.769079
-0.1998454 0.9217547 2.78904
-0.2357939 0.6564971 2.789491
-0.2010366 0.4398496 2.765479
-0.1899823 0.3848188 2.757063
0.1915739 0.9397087 2.825941
0.2560461 0.6955289 2.834469
0.252766 0.4732406 2.782799
0.2418091 0.4302636 2.774211
-0.05365182 0.410495 2.77054
-0.04890073 0.0870458 2.835727
-0.04434607 -0.3399486 2.952816
-0.06717672 -0.3660679 2.858454
0.1198657 0.4191548 2.779825
0.1402791 0.08864161 2.860855
0.1699943 -0.3309975 2.957752
0.2098591 -0.3499705 2.86336
-0.009237682 0.9461883 2.812823
-0.1781424 0.319425 2.750252
-0.1497463 0.3921273 2.734624
0.2449588 0.3635285 2.771491
0.2714473 0.4347178 2.749543
26
0.0335524 0.4072033 2.811059
0.008304067 0.7173134 2.816329
-0.01491817 1.021458 2.808467
-0.01125206 1.147616 2.769079
-0.1998454 0.9217547 2.78904
-0.2357939 0.6564971 2.789491
-0.2010366 0.4398496 2.765479
-0.1899823 0.3848188 2.757063
0.1915739 0.9397087 2.825941
0.2560461 0.6955289 2.834469
0.252766 0.4732406 2.782799
0.2418091 0.4302636 2.774211
-0.05365182 0.410495 2.77054
-0.04890073 0.0870458 2.835727
-0.04434607 -0.3399486 2.952816
-0.06717672 -0.3660679 2.858454
0.1198657 0.4191548 2.779825
0.1402791 0.08864161 2.860855
0.1699943 -0.3309975 2.957752
0.2098591 -0.3499705 2.86336
-0.009237682 0.9461883 2.812823
-0.1781424 0.319425 2.750252
-0.1497463 0.3921273 2.734624
0.2449588 0.3635285 2.771491
0.2714473 0.4347178 2.749543
27
0.03371461 0.4072191 2.810925
0.008622628 0.7173021 2.816196
-0.0145342 1.021442 2.8083
-0.01086408 1.147593 2.768535
-0.1995 0.9217856 2.788864
-0.2355313 0.6566409 2.789376
-0.2008572 0.4399911 2.765374
-0.1898165 0.384804 2.757095
0.1919464 0.9395761 2.825862
0.2563823 0.6952789 2.83428
0.2529122 0.4736682 2.782806
0.2419316 0.4303237 2.774205
-0.05350948 0.41053 2.770392
-0.04878297 0.08718622 2.835602
-0.0443477 -0.3399416 2.952812
-0.06714915 -0.3660782 2.85843
0.1200533 0.4191427 2.779715
0.1404063 0.08872242 2.860757
0.1700151 -0.3314067 2.957879
0.2099733 -0.3503169 2.863894
-0.008867747 0.9461703 2.812673
-0.1782574 0.3192285 2.751316
-0.1497554 0.3923475 2.734618
0.2451987 0.3631837 2.771638
0.2710716 0.4330176 2.748402
28
0.03386202 0.4072161 2.810832
0.008913724 0.7172824 2.816071
-0.01413168 1.021411 2.808014
-0.01044345 1.147579 2.767785
-0.1991294 0.9218048 2.788645
-0.2352847 0.6567752 2.78928
-0.2006919 0.4401195 2.765305
-0.1894348 0.3848144 2.757488
0.192359 0.9394271 2.825689
0.2567228 0.694979 2.834091
0.2530259 0.4739642 2.782831
0.2422319 0.4303212 2.774706
-0.05338502 0.4105419 2.770294
-0.04867334 0.08732156 2.835472
-0.04434685 -0.3399308 2.95281
-0.06717071 -0.3661032 2.858353
0.120229 0.4191159 2.779639
0.1405867 0.08880475 2.860603
0.1700261 -0.3318462 2.958013
0.2101179 -0.3507052 2.864457
-0.008499086 0.9461383 2.812458
-0.1780052 0.3191148 2.75189
-0.1497201 0.3924453 2.734654
0.2454896 0.3626254 2.772409
0.2715239 0.432907 2.749329
29
0.03386202 0.4072161 2.810832
0.008913724 0.7172824 2.816071
-0.01413168 1.021411 2.808014
-0.01044345 1.147579 2.767785
-0.1991294 0.9218048 2.788645
-0.2352847 0.6567752 2.78928
-0.2006919 0.4401195 2.765305
-0.1894348 0.3848144 2.757488
0.192359 0.9394271 2.825689
0.2567228 0.694979 2.834091
0.2530259 0.4739642 2.782831
0.2422319 0.4303212 2.774706
-0.05338502 0.4105419 2.770294
-0.04867334 0.08732156 2.835472
-0.04434685 -0.3399308 2.95281
-0.06717071 -0.3661032 2.858353
0.120229 0.4191159 2.779639
0.1405867 0.08880475 2.860603
0.1700261 -0.3318462 2.958013
0.2101179 -0.3507052 2.864457
-0.008499086 0.9461383 2.812458
-0.1780052 0.3191148 2.75189
-0.1497201 0.3924453 2.734654
0.2454896 0.3626254 2.772409
0.2715239 0.432907 2.749329
30
0.03386202 0.4072161 2.810832
0.008913724 0.7172824 2.816071
-0.01413168 1.021411 2.808014
-0.01044345 1.147579 2.767785
-0.1991294 0.9218048 2.788645
-0.2352847 0.6567752 2.78928
-0.2006919 0.4401195 2.765305
-0.1894348 0.3848144 2.757488
0.192359 0.9394271 2.825689
0.2567228 0.694979 2.834091
0.2530259 0.4739642 2.782831
0.2422319 0.4303212 2.774706
-0.05338502 0.4105419 2.770294
-0.04867334 0.08732156 2.835472
-0.04434685 -0.3399308 2.95281
-0.06717071 -0.3661032 2.858353
0.120229 0.4191159 2.779639
0.1405867 0.08880475 2.860603
0.1700261 -0.3318462 2.958013
0.2101179 -0.3507052 2.864457
-0.008499086 0.9461383 2.812458
-0.1780052 0.3191148 2.75189
-0.1497201 0.3924453 2.734654
0.2454896 0.3626254 2.772409
0.2715239 0.432907 2.749329
31
0.03400775 0.4071997 2.81078
0.009210547 0.7172537 2.815922
-0.01346981 1.021369 2.807024
-0.009341803 1.14741 2.765111
-0.1985683 0.9218448 2.788152
-0.2350436 0.6569159 2.789199
-0.2005164 0.4402559 2.7653
-0.1886589 0.3850697 2.75864
0.1928437 0.9392635 2.825365
0.2570342 0.694649 2.83391
0.2531175 0.4741734 2.782866
0.2426031 0.4303644 2.775162
-0.05326301 0.41054 2.770234
-0.04856854 0.08746506 2.835234
-0.04431772 -0.3399191 2.952758
-0.06721081 -0.3661309 2.858264
0.1204051 0.4190756 2.779608
0.1412154 0.08890395 2.859785
0.1699958 -0.3324004 2.958095
0.210398 -0.3513825 2.86492
-0.007964403 0.9460905 2.811847
-0.1773536 0.3189023 2.753443
-0.1495538 0.3946668 2.735531
0.2460656 0.3627966 2.772864
0.2731696 0.4304122 2.750807
32
0.03400775 0.4071997 2.81078
0.009210547 0.7172537 2.815922
-0.01346981 1.021369 2.807024
-0.009341803 1.14741 2.765111
-0.1985683 0.9218448 2.788152
-0.2350436 0.6569159 2.789199
-0.2005164 0.4402559 2.7653
-0.1886589 0.3850697 2.75864
0.1928437 0.9392635 2.825365
0.2570342 0.694649 2.83391
0.2531175 0.4741734 2.782866
0.2426031 0.4303644 2.775162
-0.05326301 0.41054 2.770234
-0.04856854 0.08746506 2.835234
-0.04431772 -0.3399191 2.952758
-0.06721081 -0.3661309 2.858264
0.1204051 0.4190756 2.779608
0.1412154 0.08890395 2.859785
0.1699958 -0.3324004 2.958095
0.210398 -0.3513825 2.86492
-0.007964403 0.9460905 2.811847
-0.1773536 0.3189023 2.753443
-0.1495538 0.3946668 2.735531
0.2460656 0.3627966 2.772864
0.2731696 0.4304122 2.750807
33
0.03415115 0.4071501 2.810789
0.009533687 0.717189 2.815709
-0.01237553 1.021169 2.804641
-0.007601735 1.146952 2.760435
-0.1976014 0.9218513 2.78691
-0.234741 0.6570118 2.789129
-0.2002158 0.4403603 2.76568
-0.1877342 0.3848948 2.761194
0.1935012 0.9390586 2.824692
0.2573063 0.6942484 2.833735
0.2526044 0.4532489 2.786812
0.2436758 0.4216444 2.777552
-0.0531535 0.41052 2.770207
-0.04853724 0.08759401 2.834674
-0.04425947 -0.3398129 2.952684
-0.06732246 -0.3661741 2.858046
0.1206049 0.4189679 2.779699
0.1429415 0.08862347 2.857003
0.1697491 -0.3326171 2.958011
0.2107762 -0.3522373 2.8653
-0.007130225 0.9459148 2.810383
-0.1776213 0.3182175 2.757343
-0.1494172 0.3952106 2.736044
0.2459507 0.362464 2.774761
0.2743316 0.4247819 2.753409
34
0.03415115 0.4071501 2.810789
0.009533687 0.717189 2.815709
-0.01237553 1.021169 2.804641
-0.007601735 1.146952 2.760435
-0.1976014 0.9218513 2.78691
-0.234741 0.6570118 2.789129
-0.2002158 0.4403603 2.76568
-0.1877342 0.3848948 2.761194
0.1935012 0.9390586 2.824692
0.2573063 0.6942484 2.833735
0.2526044 0.4532489 2.786812
0.2436758 0.4216444 2.777552
-0.0531535 0.41052 2.770207
-0.04853724 0.08759401 2.834674
-0.04425947 -0.3398129 2.952684
-0.06732246 -0.3661741 2.858046
0.1206049 0.4189679 2.779699
0.1429415 0.08862347 2.857003
0.1697491 -0.3326171 2.958011
0.2107762 -0.3522373 2.8653
-0.007130225 0.9459148 2.810383
-0.1776213 0.3182175 2.757343
-0.1494172 0.3952106 2.736044
0.2459507 0.362464 2.774761
0.2743316 0.4247819 2.753409
35
0.03438698 0.4068202 2.811177
0.009925646 0.7169839 2.815364
-0.01085268 1.02028 2.799849
-0.005142563 1.144957 2.752185
-0.1956726 0.9211437 2.783901
-0.2343549 0.6570023 2.789093
-0.1994578 0.4402471 2.767472
-0.186416 0.3836198 2.765558
0.1944144 0.9386173 2.823173
0.2576017 0.6935287 2.833573
0.252385 0.442713 2.788863
0.2446665 0.4153153 2.780091
-0.05297727 0.4102945 2.770396
-0.04903639 0.08723002 2.832841
-0.0441404 -0.3393429 2.952502
-0.06750017 -0.3662212 2.857641
0.1209229 0.4184818 2.780443
0.1478065 0.08661547 2.847897
0.1688941 -0.3307393 2.958054
0.2111129 -0.353075 2.865347
-0.005952212 0.9452135 2.807365
-0.1767489 0.3175636 2.75949
-0.1486779 0.3954521 2.73792
0.2462423 0.3618718 2.777893
0.2751313 0.4213958 2.754454
36
0.03438698 0.4068202 2.811177
0.009925646 0.7169839 2.815364
-0.01085268 1.02028 2.799849
-0.005142563 1.144957 2.752185
-0.1956726 0.9211437 2.783901
-0.2343549 0.6570023 2.789093
-0.1994578 0.4402471 2.767472
-0.186416 0.3836198 2.765558
0.1944144 0.9386173 2.823173
0.2576017 0.6935287 2.833573
0.252385 0.442713 2.788863
0.2446665 0.4153153 2.780091
-0.05297727 0.4102945 2.770396
-0.04903639 0.08723002 2.832841
-0.0441404 -0.3393429 2.952502
-0.06750017 -0.3662212 2.857641
0.1209229 0.4184818 2.780443
0.1478065 0.08661547 2.847897
0.1688941 -0.3307393 2.958054
0.2111129 -0.353075 2.865347
-0.005952212 0.9452135 2.807365
-0.1767489 0.3175636 2.75949
-0.1486779 0.3954521 2.73792
0.2462423 0.3618718 2.777893
0.2751313 0.4213958 2.754454
37
0.0350875 0.4042253 2.813782
0.01083421 0.7154761 2.814426
-0.008321146 1.016297 2.790849
-0.001139958 1.137839 2.736492
-0.1918251 0.9174908 2.776533
-0.233534 0.6563401 2.789216
-0.1982645 0.4383589 2.771585
-0.1852337 0.3794678 2.771734
0.1962451 0.9358033 2.817901
0.2580221 0.6898486 2.833442
0.2525509 0.4352691 2.790752
0.2462739 0.4079375 2.784006
-0.05230146 0.4079413 2.77235
-0.05123365 0.08524173 2.825468
-0.04389642 -0.3374088 2.952161
-0.06771016 -0.3662832 2.857214
0.12163 0.4156504 2.783881
0.1539057 0.08394707 2.835245
0.167754 -0.328524 2.957348
0.211659 -0.3543572 2.865103
-0.00384923 0.9419085 2.801138
-0.1760007 0.3154152 2.762333
-0.1480453 0.3960543 2.741915
0.2495139 0.3587753 2.780442
0.2768908 0.4172363 2.758654
38
0.0350875 0.4042253 2.813782
0.01083421 0.7154761 2.814426
-0.008321146 1.016297 2.790849
-0.001139958 1.137839 2.736492
-0.1918251 0.9174908 2.776533
-0.233534 0.6563401 2.789216
-0.1982645 0.4383589 2.771585
-0.1852337 0.3794678 2.771734
0.1962451 0.9358033 2.817901
0.2580221 0.6898486 2.833442
0.2525509 0.4352691 2.790752
0.2462739 0.4079375 2.784006
-0.05230146 0.4079413 2.77235
-0.05123365 0.08524173 2.825468
-0.04389642 -0.3374088 2.952161
-0.06771016 -0.3662832 2.857214
0.12163 0.4156504 2.783881
0.1539057 0.08394707 2.835245
0.167754 -0.328524 2.957348
0.211659 -0.3543572 2.865103
-0.00384923 0.9419085 2.801138
-0.1760007 0.3154152 2.762333
-0.1480453 0.3960543 2.741915
0.2495139 0.3587753 2.780442
0.2768908 0.4172363 2.758654
39
0.03633726 0.3938125 2.82288
0.01343343 0.7068464 2.811894
-0.002923391 1.000908 2.772602
0.004969175 1.118477 2.711125
-0.18783 0.9084349 2.766375
-0.2305924 0.6465356 2.790715
-0.1963803 0.4269357 2.781379
-0.1851778 0.3679454 2.781759
0.1988366 0.9293734 2.809318
0.2590505 0.6811251 2.833432
0.2529075 0.4304592 2.792197
0.2477296 0.3973217 2.7894
-0.05098523 0.3976477 2.78036
-0.05557955 0.08112029 2.812519
-0.04355818 -0.33377 2.951035
-0.06923731 -0.366592 2.854953
0.1227586 0.4053885 2.794102
0.1602531 0.08111064 2.821961
0.1666229 -0.3245684 2.955594
0.211986 -0.3552314 2.860346
0.0008055703 0.928432 2.787553
-0.1774793 0.3047571 2.770169
-0.147467 0.3825472 2.751496
0.245726 0.3317584 2.792695
0.2778398 0.4063594 2.764915
40
0.03633726 0.3938125 2.82288
0.01343343 0.7068464 2.811894
-0.002923391 1.000908 2.772602
0.004969175 1.118477 2.711125
-0.18783 0.9084349 2.766375
-0.2305924 0.6465356 2.790715
-0.1963803 0.4269357 2.781379
-0.1851778 0.3679454 2.781759
0.1988366 0.9293734 2.809318
0.2590505 0.6811251 2.833432
0.2529075 0.4304592 2.792197
0.2477296 0.3973217 2.7894
-0.05098523 0.3976477 2.78036
-0.05557955 0.08112029 2.812519
-0.04355818 -0.33377 2.951035
-0.06923731 -0.366592 2.854953
0.1227586 0.4053885 2.794102
0.1602531 0.08111064 2.821961
0.1666229 -0.3245684 2.955594
0.211986 -0.3552314 2.860346
0.0008055703 0.928432 2.787553
-0.1774793 0.3047571 2.770169
-0.147467 0.3825472 2.751496
0.245726 0.3317584 2.792695
0.2778398 0.4063594 2.764915
41
0.03832323 0.3706659 2.838584
0.01886531 0.6813533 2.807834
0.004154115 0.9740468 2.752266
0.01060213 1.098574 2.690804
-0.1809538 0.8823212 2.748777
-0.2270245 0.6247885 2.79294
-0.1982163 0.3970996 2.798151
-0.1899364 0.3411749 2.798195
0.2050704 0.9072918 2.79355
0.2634063 0.6416576 2.835934
0.2560073 0.4167956 2.796149
0.2505994 0.3781117 2.797205
-0.04902934 0.3752656 2.794714
-0.06188072 0.07325366 2.796604
-0.04306054 -0.3288945 2.949596
-0.07040972 -0.3668266 2.853254
0.1246951 0.3821459 2.811104
0.1655477 0.07827943 2.811732
0.1661335 -0.3244802 2.95316
0.2130215 -0.3574672 2.859025
0.007656065 0.9015334 2.770373
-0.183047 0.2775977 2.785281
-0.1520308 0.3556049 2.767933
0.2409317 0.2970254 2.799867
0.2843719 0.3848619 2.779259
42
0.03832323 0.3706659 2.838584
0.01886531 0.6813533 2.807834
0.004154115 0.9740468 2.752266
0.01060213 1.098574 2.690804
-0.1809538 0.8823212 2.748777
-0.2270245 0.6247885 2.79294
-0.1982163 0.3970996 2.798151
-0.1899364 0.3411749 2.798195
0.2050704 0.9072918 2.79355
0.2634063 0.6416576 2.835934
0.2560073 0.4167956 2.796149
0.2505994 0.3781117 2.797205
-0.04902934 0.3752656 2.794714
-0.06188072 0.07325366 2.796604
-0.04306054 -0.3288945 2.949596
-0.07040972 -0.3668266 2.853254
0.1246951 0.3821459 2.811104
0.1655477 0.07827943 2.811732
0.1661335 -0.3244802 2.95316
0.2130215 -0.3574672 2.859025
0.007656065 0.9015334 2.770373
-0.183047 0.2775977 2.785281
-0.1520308 0.3556049 2.767933
0.2409317 0.2970254 2.799867
0.2843719 0.3848619 2.779259
43
0.03961028 0.3389534 2.855145
0.02377421 0.6447013 2.804099
0.01011906 0.9377254 2.73324
0.01686206 1.061126 2.668037
-0.1752175 0.8487089 2.732176
-0.2254847 0.5914495 2.794861
-0.1990292 0.3448871 2.813531
-0.1945844 0.299661 2.812535
0.2114099 0.8732905 2.777658
0.2681127 0.6029846 2.837705
0.2654545 0.3914767 2.802741
0.2590812 0.3439564 2.806585
-0.04770897 0.3438298 2.810306
-0.07080793 0.0522586 2.779893
-0.04253207 -0.322093 2.947292
-0.07163084 -0.3670672 2.851632
0.1259064 0.350993 2.828647
0.17491 0.06426623 2.797623
0.1653301 -0.321349 2.950602
0.2138385 -0.3592507 2.8581
0.013453 0.8651735 2.754285
-0.1858978 0.2375404 2.793287
-0.1557302 0.3134985 2.781994
0.2469378 0.2675838 2.80803
0.2896676 0.3476917 2.784621
44
0.03961028 0.3389534 2.855145
0.02377421 0.6447013 2.804099
0.01011906 0.9377254 2.73324
0.01686206 1.061126 2.668037
-0.1752175 0.8487089 2.732176
-0.2254847 0.5914495 2.794861
-0.1990292 0.3448871 2.813531
-0.1945844 0.299661 2.812535
0.2114099 0.8732905 2.777658
0.2681127 0.6029846 2.837705
0.2654545 0.3914767 2.802741
0.2590812 0.3439564 2.806585
-0.04770897 0.3438298 2.810306
-0.07080793 0.0522586 2.779893
-0.04253207 -0.322093 2.947292
-0.07163084 -0.3670672 2.851632
0.1259064 0.350993 2.828647
0.17491 0.06426623 2.797623
0.1653301 -0.321349 2.950602
0.2138385 -0.3592507 2.8581
0.013453 0.8651735 2.754285
-0.1858978 0.2375404 2.793287
-0.1557302 0.3134985 2.781994
0.2469378 0.2675838 2.80803
0.2896676 0.3476917 2.784621
45
0.040104 0.3028968 2.86962
0.02748521 0.6019333 2.801285
0.01532325 0.8933482 2.716624
0.0225883 1.018233 2.648625
-0.1683996 0.8071254 2.716036
-0.2227258 0.545967 2.794748
-0.2005383 0.3115566 2.823626
-0.1974088 0.2718356 2.823738
0.2166046 0.8275661 2.76152
0.2728619 0.557453 2.838611
0.2755305 0.3489645 2.81196
0.2711276 0.2916897 2.815993
-0.04764337 0.3066897 2.825814
-0.08312619 0.01889511 2.762967
-0.0421576 -0.3131797 2.942762
-0.07361338 -0.3678744 2.848911
0.1267766 0.3172731 2.842165
0.187028 0.03610318 2.783577
0.1646648 -0.3162314 2.946348
0.2142564 -0.3604726 2.857397
0.01834755 0.8211145 2.740474
-0.1919418 0.2124508 2.80209
-0.1577695 0.2861872 2.79293
0.2531955 0.2138963 2.811803
0.302057 0.2960373 2.790259
46
0.040104 0.3028968 2.86962
0.02748521 0.6019333 2.801285
0.01532325 0.8933482 2.716624
0.0225883 1.018233 2.648625
-0.1683996 0.8071254 2.716036
-0.2227258 0.545967 2.794748
-0.2005383 0.3115566 2.823626
-0.1974088 0.2718356 2.823738
0.2166046 0.8275661 2.76152
0.2728619 0.557453 2.838611
0.2755305 0.3489645 2.81196
0.2711276 0.2916897 2.815993
-0.04764337 0.3066897 2.825814
-0.08312619 0.01889511 2.762967
-0.0421576 -0.3131797 2.942762
-0.07361338 -0.3678744 2.848911
0.1267766 0.3172731 2.842165
0.187028 0.03610318 2.783577
0.1646648 -0.3162314 2.946348
0.2142564 -0.3604726 2.857397
0.01834755 0.8211145 2.740474
-0.1919418 0.2124508 2.80209
-0.1577695 0.2861872 2.79293
0.2531955 0.2138963 2.811803
0.302057 0.2960373 2.790259
47
0.04151579 0.2617324 2.885277
0.02994308 0.553863 2.800803
0.01774731 0.8402303 2.702128
0.02591871 0.9604338 2.63936
-0.163119 0.7592724 2.703647
-0.2222534 0.5143436 2.794341
-0.2045999 0.2754916 2.835843
-0.204744 0.2388931 2.837426
0.218828 0.7803124 2.747428
0.2793043 0.5187978 2.837078
0.2884435 0.3071254 2.827391
0.2873127 0.2588573 2.823884
-0.04728949 0.2659428 2.842169
-0.09532771 -0.01883245 2.746501
-0.0428604 -0.3033709 2.935177
-0.07570302 -0.3687237 2.845752
0.1292542 0.2761986 2.85743
0.2002044 -0.00150477 2.768332
0.164477 -0.3078592 2.941363
0.2145702 -0.3613705 2.856963
0.02083367 0.7693267 2.729216
-0.2041276 0.1836798 2.817603
-0.1648065 0.2513343 2.80701
0.2726097 0.1885215 2.820776
0.3167538 0.26504 2.799815
48
0.04151579 0.2617324 2.885277
0.02994308 0.553863 2.800803
0.01774731 0.8402303 2.702128
0.02591871 0.9604338 2.63936
-0.163119 0.7592724 2.703647
-0.2222534 0.5143436 2.794341
-0.2045999 0.2754916 2.835843
-0.204744 0.2388931 2.837426
0.218828 0.7803124 2.747428
0.2793043 0.5187978 2.837078
0.2884435 0.3071254 2.827391
0.2873127 0.2588573 2.823884
-0.04728949 0.2659428 2.842169
-0.09532771 -0.01883245 2.746501
-0.0428604 -0.3033709 2.935177
-0.07570302 -0.3687237 2.845752
0.1292542 0.2761986 2.85743
0.2002044 -0.00150477 2.768332
0.164477 -0.3078592 2.941363
0.2145702 -0.3613705 2.856963
0.02083367 0.7693267 2.729216
-0.2041276 0.1836798 2.817603
-0.1648065 0.2513343 2.80701
0.2726097 0.1885215 2.820776
0.3167538 0.26504 2.799815
49
0.04310853 0.2307103 2.898193
0.031745 0.5085354 2.801177
0.01917125 0.7851998 2.687556
0.02995388 0.9125722 2.625767
-0.1602309 0.7127824 2.693803
-0.2227144 0.4577249 2.797199
-0.2090376 0.2370948 2.849332
-0.211542 0.2026953 2.850402
0.2209036 0.7273543 2.733614
0.2874347 0.4694767 2.834996
0.300474 0.2564226 2.840732
0.3005638 0.2054292 2.834421
-0.04673002 0.2357353 2.85498
-0.1028828 -0.044448 2.733772
-0.04350791 -0.2985268 2.926804
-0.07613762 -0.3690236 2.844049
0.1319131 0.2446672 2.870721
0.2106359 -0.02953865 2.7544
0.165251 -0.3015198 2.935197
0.2148298 -0.3620081 2.856647
0.02236557 0.7166616 2.718432
-0.2147412 0.1453373 2.84005
-0.1715151 0.2153114 2.814578
0.2894183 0.1617897 2.826526
0.3289112 0.2054657 2.808194
50
0.04310853 0.2307103 2.898193
0.031745 0.5085354 2.801177
0.01917125 0.7851998 2.687556
0.02995388 0.9125722 2.625767
-0.1602309 0.7127824 2.693803
-0.2227144 0.4577249 2.797199
-0.2090376 0.2370948 2.849332
-0.211542 0.2026953 2.850402
0.2209036 0.7273543 2.733614
0.2874347 0.4694767 2.834996
0.300474 0.2564226 2.840732
0.3005638 0.2054292 2.834421
-0.04673002 0.2357353 2.85498
-0.1028828 -0.044448 2.733772
-0.04350791 -0.2985268 2.926804
-0.07613762 -0.3690236 2.844049
0.1319131 0.2446672 2.870721
0.2106359 -0.02953865 2.7544
0.165251 -0.3015198 2.935197
0.2148298 -0.3620081 2.856647
0.02236557 0.7166616 2.718432
-0.2147412 0.1453373 2.84005
-0.1715151 0.2153114 2.814578
0.2894183 0.1617897 2.826526
0.3289112 0.2054657 2.808194
51
0.04615223 0.1918593 2.914681
0.03389927 0.4582597 2.802638
0.02035744 0.727118 2.674833
0.03258875 0.8553205 2.607184
-0.1575522 0.6605789 2.684124
-0.2234568 0.4135858 2.799731
-0.2155223 0.1978206 2.859578
-0.2180894 0.1613642 2.861218
0.2218064 0.6750649 2.721383
0.2931885 0.4216943 2.834668
0.3091013 0.2077999 2.854973
0.3100122 0.1732059 2.845488
-0.04585429 0.195763 2.874629
-0.1114263 -0.06885023 2.716504
-0.04548102 -0.2940266 2.917069
-0.0764203 -0.369289 2.842744
0.1368477 0.2074261 2.884643
0.221341 -0.05793747 2.738556
0.1669288 -0.2946104 2.927578
0.2150289 -0.3624924 2.85643
0.02379129 0.6601775 2.709105
-0.2211363 0.1110008 2.857589
-0.1778911 0.1802741 2.819426
0.3059758 0.1252439 2.8372
0.3418318 0.1787359 2.826993
52
0.04615223 0.1918593 2.914681
0.03389927 0.4582597 2.802638
0.02035744 0.727118 2.674833
0.03258875 0.8553205 2.607184
-0.1575522 0.6605789 2.684124
-0.2234568 0.4135858 2.799731
-0.2155223 0.1978206 2.859578
-0.2180894 0.1613642 2.861218
0.2218064 0.6750649 2.721383
0.2931885 0.4216943 2.834668
0.3091013 0.2077999 2.854973
0.3100122 0.1732059 2.845488
-0.04585429 0.195763 2.874629
-0.1114263 -0.06885023 2.716504
-0.04548102 -0.2940266 2.917069
-0.0764203 -0.369289 2.842744
0.1368477 0.2074261 2.884643
0.221341 -0.05793747 2.738556
0.1669288 -0.2946104 2.927578
0.2150289 -0.3624924 2.85643
0.02379129 0.6601775 2.709105
-0.2211363 0.1110008 2.857589
-0.1778911 0.1802741 2.819426
0.3059758 0.1252439 2.8372
0.3418318 0.1787359 2.826993
53
0.04792917 0.1502795 2.957572
0.03592614 0.4104387 2.817444
0.02314363 0.6707166 2.664568
0.03725155 0.7986608 2.591127
-0.1543908 0.6078302 2.678704
-0.2245105 0.3582687 2.803763
-0.221389 0.150951 2.865155
-0.2241732 0.1175877 2.868184
0.2230489 0.6189662 2.709479
0.2997458 0.3673778 2.832306
0.3151818 0.1546019 2.870071
0.3156114 0.1405727 2.856704
-0.04331127 0.1548777 2.918563
-0.1157842 -0.07716692 2.702571
-0.04669504 -0.2936323 2.911004
-0.07666854 -0.3695376 2.842109
0.137903 0.1657315 2.926591
0.2281495 -0.06827859 2.725187
0.1682279 -0.2919343 2.922549
0.2152145 -0.3629065 2.856387
0.02625503 0.6071227 2.705247
-0.2238657 0.07255447 2.873099
-0.1870346 0.1366776 2.820314
0.319919 0.08601683 2.85166
0.3503789 0.144572 2.846626
54
0.04792917 0.1502795 2.957572
0.03592614 0.4104387 2.817444
0.02314363 0.6707166 2.664568
0.03725155 0.7986608 2.591127
-0.1543908 0.6078302 2.678704
-0.2245105 0.3582687 2.803763
-0.221389 0.150951 2.865155
-0.2241732 0.1175877 2.868184
0.2230489 0.6189662 2.709479
0.2997458 0.3673778 2.832306
0.3151818 0.1546019 2.870071
0.3156114 0.1405727 2.856704
-0.04331127 0.1548777 2.918563
-0.1157842 -0.07716692 2.702571
-0.04669504 -0.2936323 2.911004
-0.07666854 -0.3695376 2.842109
0.137903 0.1657315 2.926591
0.2281495 -0.06827859 2.725187
0.1682279 -0.2919343 2.922549
0.2152145 -0.3629065 2.856387
0.02625503 0.6071227 2.705247
-0.2238657 0.07255447 2.873099
-0.1870346 0.1366776 2.820314
0.319919 0.08601683 2.85166
0.3503789 0.144572 2.846626
55
0.04053629 0.1091084 2.989211
0.03182824 0.3636729 2.828691
0.02294162 0.6172665 2.655665
0.0384029 0.7409282 2.578935
-0.1502689 0.5574442 2.67694
-0.2277723 0.3063215 2.803656
-0.2228108 0.1091142 2.873917
-0.2276244 0.09430289 2.871256
0.2218429 0.5619662 2.700392
0.3077699 0.3264681 2.8291
0.3194247 0.1159095 2.876016
0.3193982 0.09657053 2.869051
-0.04974505 0.1180897 2.952308
-0.1345244 -0.02573173 2.652973
-0.06455038 -0.3642178 2.884246
-0.07449038 -0.3827808 2.860085
0.1297394 0.1202503 2.956085
0.2605946 0.000269033 2.671035
0.1684309 -0.2931329 2.921365
0.2154465 -0.3632817 2.856456
0.02502307 0.5541312 2.701323
-0.2241698 0.03010946 2.888263
-0.1970661 0.08863381 2.827776
0.3212714 0.03950506 2.869719
0.3513742 0.1025487 2.858526
56
0.04053629 0.1091084 2.989211
0.03182824 0.3636729 2.828691
0.02294162 0.6172665 2.655665
0.0384029 0.7409282 2.578935
-0.1502689 0.5574442 2.67694
-0.2277723 0.3063215 2.803656
-0.2228108 0.1091142 2.873917
-0.2276244 0.09430289 2.871256
0.2218429 0.5619662 2.700392
0.3077699 0.3264681 2.8291
0.3194247 0.1159095 2.876016
0.3193982 0.09657053 2.869051
-0.04974505 0.1180897 2.952308
-0.1345244 -0.02573173 2.652973
-0.06455038 -0.3642178 2.884246
-0.07449038 -0.3827808 2.860085
0.1297394 0.1202503 2.956085
0.2605946 0.000269033 2.671035
0.1684309 -0.2931329 2.921365
0.2154465 -0.3632817 2.856456
0.02502307 0.5541312 2.701323
-0.2241698 0.03010946 2.888263
-0.1970661 0.08863381 2.827776
0.3212714 0.03950506 2.869719
0.3513742 0.1025487 2.858526
57
0.04084656 0.08265579 3.007708
0.03218301 0.3385032 2.831413
0.02509271 0.5799948 2.637095
0.04257935 0.689847 2.566598
-0.1468649 0.513315 2.673633
-0.2310024 0.2789205 2.802562
-0.2245716 0.04638436 2.869101
-0.2328183 0.04369939 2.874694
0.2207754 0.5230147 2.691919
0.312973 0.2978013 2.822873
0.3209328 0.07122526 2.875999
0.3222215 0.06205805 2.874739
-0.0488741 0.08916567 2.972919
-0.1458228 0.01000147 2.62806
-0.05777612 -0.3504063 2.89757
-0.07536952 -0.3831475 2.859534
0.1295293 0.09596372 2.972617
0.2705436 0.03033665 2.643828
0.1685855 -0.2944485 2.920311
0.2156509 -0.363563 2.856478
0.02655763 0.5215706 2.690763
-0.223927 -0.009061839 2.892773
-0.2067795 0.03187968 2.839824
0.3226968 0.004917549 2.877002
0.3538969 0.0635381 2.866762
58
0.04084656 0.08265579 3.007708
0.03218301 0.3385032 2.831413
0.02509271 0.5799948 2.637095
0.04257935 0.689847 2.566598
-0.1468649 0.513315 2.673633
-0.2310024 0.2789205 2.802562
-0.2245716 0.04638436 2.869101
-0.2328183 0.04369939 2.874694
0.2207754 0.5230147 2.691919
0.312973 0.2978013 2.822873
0.3209328 0.07122526 2.875999
0.3222215 0.06205805 2.874739
-0.0488741 0.08916567 2.972919
-0.1458228 0.01000147 2.62806
-0.05777612 -0.3504063 2.89757
-0.07536952 -0.3831475 2.859534
0.1295293 0.09596372 2.972617
0.2705436 0.03033665 2.643828
0.1685855 -0.2944485 2.920311
0.2156509 -0.363563 2.856478
0.02655763 0.5215706 2.690763
-0.223927 -0.009061839 2.892773
-0.2067795 0.03187968 2.839824
0.3226968 0.004917549 2.877002
0.3538969 0.0635381 2.866762
59
0.04466079 0.05295042 3.022741
0.05192265 0.2970788 2.839566
0.0581368 0.5401217 2.637416
0.04601076 0.6420214 2.55972
-0.142545 0.4639001 2.672589
-0.2336088 0.2571521 2.798091
-0.2279522 0.03704816 2.863903
-0.239084 0.005722674 2.870934
0.2210458 0.4825214 2.685095
0.3175208 0.2565868 2.813776
0.3214725 0.04584557 2.878145
0.3236969 0.03916607 2.878672
-0.04551354 0.06001607 2.987904
-0.1507121 0.03830063 2.621151
-0.05509279 -0.3426883 2.904178
-0.07721211 -0.3829691 2.857428
0.1334599 0.06790377 2.987332
0.2697185 0.05880648 2.631009
0.1681751 -0.2978929 2.920828
0.2158113 -0.3637581 2.856454
0.05646812 0.4804766 2.692096
-0.2262134 -0.04505367 2.888819
-0.2096886 0.005600143 2.843643
0.3239401 -0.03750348 2.887466
0.355256 0.03322246 2.868079
60
0.04466079 0.05295042 3.022741
0.05192265 0.2970788 2.839566
0.0581368 0.5401217 2.637416
0.04601076 0.6420214 2.55972
-0.142545 0.4639001 2.672589
-0.2336088 0.2571521 2.798091
-0.2279522 0.03704816 2.863903
-0.239084 0.005722674 2.870934
0.2210458 0.4825214 2.685095
0.3175208 0.2565868 2.813776
0.3214725 0.04584557 2.878145
0.3236969 0.03916607 2.878672
-0.04551354 0.06001607 2.987904
-0.1507121 0.03830063 2.621151
-0.05509279 -0.3426883 2.904178
-0.07721211 -0.3829691 2.857428
0.1334599 0.06790377 2.987332
0.2697185 0.05880648 2.631009
0.1681751 -0.2978929 2.920828
0.2158113 -0.3637581 2.856454
0.05646812 0.4804766 2.692096
-0.2262134 -0.04505367 2.888819
-0.2096886 0.005600143 2.843643
0.3239401 -0.03750348 2.887466
0.355256 0.03322246 2.868079
61
0.04616237 0.02743561 3.025775
0.04925355 0.2576966 2.830893
0.05087451 0.4983318 2.622217
0.04807574 0.6097406 2.555709
-0.1413273 0.4346532 2.670247
-0.2354444 0.2401311 2.790083
-0.2349136 0.01413237 2.858489
-0.2452456 -0.02044273 2.866027
0.2221126 0.4514101 2.681742
0.3184043 0.2374041 2.809554
0.3225359 0.03144563 2.879897
0.3264836 -0.007749947 2.881639
-0.04497054 0.03394679 2.989674
-0.1478161 0.02640684 2.621819
-0.05254555 -0.3318503 2.910342
-0.07782247 -0.3817024 2.856788
0.1358449 0.0434394 2.991652
0.2566147 0.01446815 2.640729
0.169164 -0.2963984 2.91749
0.2159681 -0.3639105 2.856448
0.05025531 0.4379665 2.677345
-0.2346239 -0.08237191 2.883253
-0.2134802 -0.01719694 2.843683
0.3290709 -0.07541947 2.896687
0.3527747 0.005630955 2.87133
62
0.04616237 0.02743561 3.025775
0.04925355 0.2576966 2.830893
0.05087451 0.4983318 2.622217
0.04807574 0.6097406 2.555709
-0.1413273 0.4346532 2.670247
-0.2354444 0.2401311 2.790083
-0.2349136 0.01413237 2.858489
-0.2452456 -0.02044273 2.866027
0.2221126 0.4514101 2.681742
0.3184043 0.2374041 2.809554
0.3225359 0.03144563 2.879897
0.3264836 -0.007749947 2.881639
-0.04497054 0.03394679 2.989674
-0.1478161 0.02640684 2.621819
-0.05254555 -0.3318503 2.910342
-0.07782247 -0.3817024 2.856788
0.1358449 0.0434394 2.991652
0.2566147 0.01446815 2.640729
0.169164 -0.2963984 2.91749
0.2159681 -0.3639105 2.856448
0.05025531 0.4379665 2.677345
-0.2346239 -0.08237191 2.883253
-0.2134802 -0.01719694 2.843683
0.3290709 -0.07541947 2.896687
0.3527747 0.005630955 2.87133
63
0.04065986 -0.01697186 3.013261
0.04437079 0.2240958 2.821585
0.04582805 0.465827 2.614166
0.04995273 0.5681152 2.553975
-0.1405733 0.4029457 2.667354
-0.2386137 0.1891124 2.778623
-0.250426 -0.01841215 2.852448
-0.2561998 -0.06279559 2.861085
0.2240147 0.4186759 2.678651
0.3175217 0.2219141 2.800337
0.3240717 -0.01709385 2.864964
0.3291866 -0.04935736 2.88173
-0.05085446 -0.006493527 2.975842
-0.1489969 0.02601297 2.613089
-0.05197149 -0.3251787 2.912787
-0.07848846 -0.3811637 2.855768
0.1313233 -0.002640634 2.981379
0.2596091 0.01723965 2.631352
0.1697894 -0.2993594 2.914178
0.2161908 -0.3640581 2.85649
0.04532109 0.405046 2.668611
-0.248191 -0.1215784 2.87699
-0.2249497 -0.05021363 2.843478
0.3365703 -0.1112751 2.906845
0.3503678 -0.01584106 2.870299
64
0.04065986 -0.01697186 3.013261
0.04437079 0.2240958 2.821585
0.04582805 0.465827 2.614166
0.04995273 0.5681152 2.553975
-0.1405733 0.4029457 2.667354
-0.2386137 0.1891124 2.778623
-0.250426 -0.01841215 2.852448
-0.2561998 -0.06279559 2.861085
0.2240147 0.4186759 2.678651
0.3175217 0.2219141 2.800337
0.3240717 -0.01709385 2.864964
0.3291866 -0.04935736 2.88173
-0.05085446 -0.006493527 2.975842
-0.1489969 0.02601297 2.613089
-0.05197149 -0.3251787 2.912787
-0.07848846 -0.3811637 2.855768
0.1313233 -0.002640634 2.981379
0.2596091 0.01723965 2.631352
0.1697894 -0.2993594 2.914178
0.2161908 -0.3640581 2.85649
0.04532109 0.405046 2.668611
-0.248191 -0.1215784 2.87699
-0.2249497 -0.05021363 2.843478
0.3365703 -0.1112751 2.906845
0.3503678 -0.01584106 2.870299
65
0.01085147 0.02861287 3.066668
0.04540692 0.2301421 2.84443
0.07181835 0.4418742 2.615405
0.05200422 0.5421619 2.551987
-0.139652 0.3804981 2.664912
-0.239044 0.1619653 2.772676
-0.2571652 -0.03418217 2.850597
-0.2638731 -0.09131019 2.859026
0.2291219 0.3770228 2.678706
0.3109451 0.163993 2.802483
0.3286696 -0.06179023 2.861175
0.3303921 -0.07550376 2.880831
-0.08837616 0.04182328 3.024675
-0.1230213 0.007314192 2.675373
-0.05009245 -0.3284058 2.918692
-0.07907287 -0.3807544 2.85515
0.1101168 0.03695031 3.038476
0.2197912 -0.001904465 2.708224
0.1680803 -0.3133806 2.919721
0.2168046 -0.3643114 2.856627
0.05902139 0.3880498 2.671588
-0.2582984 -0.1554654 2.878861
-0.2339729 -0.08074472 2.842617
0.3395184 -0.1502119 2.91482
0.3461469 -0.06240067 2.869553
66
0.01085147 0.02861287 3.066668
0.04540692 0.2301421 2.84443
0.07181835 0.4418742 2.615405
0.05200422 0.5421619 2.551987
-0.139652 0.3804981 2.664912
-0.239044 0.1619653 2.772676
-0.2571652 -0.03418217 2.850597
-0.2638731 -0.09131019 2.859026
0.2291219 0.3770228 2.678706
0.3109451 0.163993 2.802483
0.3286696 -0.06179023 2.861175
0.3303921 -0.07550376 2.880831
-0.08837616 0.04182328 3.024675
-0.1230213 0.007314192 2.675373
-0.05009245 -0.3284058 2.918692
-0.07907287 -0.3807544 2.85515
0.1101168 0.03695031 3.038476
0.2197912 -0.001904465 2.708224
0.1680803 -0.3133806 2.919721
0.2168046 -0.3643114 2.856627
0.05902139 0.3880498 2.671588
-0.2582984 -0.1554654 2.878861
-0.2339729 -0.08074472 2.842617
0.3395184 -0.1502119 2.91482
0.3461469 -0.06240067 2.869553
67
-0.002667686 0.03439052 3.090673
0.03545291 0.2178538 2.851996
0.05793265 0.4043409 2.606641
0.05546994 0.5187765 2.550086
-0.1377991 0.3510393 2.662523
-0.2387457 0.1476814 2.767584
-0.2613325 -0.04375102 2.848274
-0.2691374 -0.11404 2.858322
0.2312409 0.3529457 2.678612
0.3075801 0.134525 2.803364
0.3304774 -0.07901368 2.859983
0.3356332 -0.1215199 2.882602
-0.104922 0.04927877 3.046645
-0.1104797 2.344535E-05 2.708016
-0.04906325 -0.3294566 2.921557
-0.0800191 -0.3794152 2.853378
0.09975524 0.04178929 3.065083
0.1914115 -0.02327088 2.742049
0.1685936 -0.3221625 2.920767
0.2179244 -0.3646752 2.855967
0.04953828 0.3617112 2.669565
-0.2656002 -0.1829182 2.881365
-0.2387134 -0.1059214 2.842789
0.3421268 -0.1846019 2.920729
0.3484377 -0.1033151 2.869258
68
-0.002667686 0.03439052 3.090673
0.03545291 0.2178538 2.851996
0.05793265 0.4043409 2.606641
0.05546994 0.5187765 2.550086
-0.1377991 0.3510393 2.662523
-0.2387457 0.1476814 2.767584
-0.2613325 -0.04375102 2.848274
-0.2691374 -0.11404 2.858322
0.2312409 0.3529457 2.678612
0.3075801 0.134525 2.803364
0.3304774 -0.07901368 2.859983
0.3356332 -0.1215199 2.882602
-0.104922 0.04927877 3.046645
-0.1104797 2.344535E-05 2.708016
-0.04906325 -0.3294566 2.921557
-0.0800191 -0.3794152 2.853378
0.09975524 0.04178929 3.065083
0.1914115 -0.02327088 2.742049
0.1685936 -0.3221625 2.920767
0.2179244 -0.3646752 2.855967
0.04953828 0.3617112 2.669565
-0.2656002 -0.1829182 2.881365
-0.2387134 -0.1059214 2.842789
0.3421268 -0.1846019 2.920729
0.3484377 -0.1033151 2.869258
69
-0.009884069 0.04295633 3.104549
0.02981171 0.2135715 2.857765
0.05380768 0.3876153 2.603517
0.05908646 0.5003921 2.549001
-0.13618 0.333392 2.661086
-0.2365334 0.1393177 2.759631
-0.2644769 -0.04900104 2.844375
-0.2720821 -0.1261686 2.856947
0.2336332 0.3281969 2.677919
0.3039097 0.08725507 2.807088
0.3400829 -0.1091511 2.871771
0.3378485 -0.1544192 2.884069
-0.1138498 0.05853212 3.059438
-0.1035812 -0.007041006 2.722161
-0.04918557 -0.3252888 2.920302
-0.08158226 -0.3761492 2.847506
0.09446445 0.04894996 3.079807
0.1750052 -0.05967682 2.765395
0.1672684 -0.3257262 2.919972
0.2191534 -0.3650592 2.854871
0.04590273 0.3479496 2.6688
-0.2696747 -0.1942476 2.879214
-0.2412012 -0.1194457 2.844234
0.3368112 -0.2192984 2.923978
0.3499459 -0.1579196 2.872674
70
-0.009884069 0.04295633 3.104549
0.02981171 0.2135715 2.857765
0.05380768 0.3876153 2.603517
0.05908646 0.5003921 2.549001
-0.13618 0.333392 2.661086
-0.2365334 0.1393177 2.759631
-0.2644769 -0.04900104 2.844375
-0.2720821 -0.1261686 2.856947
0.2336332 0.3281969 2.677919
0.3039097 0.08725507 2.807088
0.3400829 -0.1091511 2.871771
0.3378485 -0.1544192 2.884069
-0.1138498 0.05853212 3.059438
-0.1035812 -0.007041006 2.722161
-0.04918557 -0.3252888 2.920302
-0.08158226 -0.3761492 2.847506
0.09446445 0.04894996 3.079807
0.1750052 -0.05967682 2.765395
0.1672684 -0.3257262 2.919972
0.2191534 -0.3650592 2.854871
0.04590273 0.3479496 2.6688
-0.2696747 -0.1942476 2.879214
-0.2412012 -0.1194457 2.844234
0.3368112 -0.2192984 2.923978
0.3499459 -0.1579196 2.872674
71
-0.01316608 -0.044426 3.06054
0.0215366 0.1663656 2.844941
0.05191613 0.3744334 2.60236
0.06282287 0.4844582 2.549082
-0.1344921 0.3199177 2.659901
-0.2301194 0.09633358 2.754154
-0.2772903 -0.08360216 2.847666
-0.2751472 -0.1489446 2.857453
0.2360335 0.3127452 2.677483
0.3029541 0.06925626 2.807408
0.3527019 -0.1241685 2.872066
0.3390763 -0.1814962 2.882367
-0.1089328 -0.02703647 3.015331
-0.09883813 -0.01449902 2.691087
-0.05030277 -0.3155745 2.914466
-0.08520955 -0.374897 2.842094
0.08299208 -0.03800844 3.036881
0.1918784 -0.0811835 2.730675
0.1667877 -0.3157168 2.910765
0.2231853 -0.366628 2.85232
0.04332181 0.3248082 2.667568
-0.2787019 -0.2305769 2.896454
-0.2424051 -0.1357686 2.84551
0.3391857 -0.2415588 2.926183
0.3495577 -0.1794099 2.870908
72
-0.01316608 -0.044426 3.06054
0.0215366 0.1663656 2.844941
0.05191613 0.3744334 2.60236
0.06282287 0.4844582 2.549082
-0.1344921 0.3199177 2.659901
-0.2301194 0.09633358 2.754154
-0.2772903 -0.08360216 2.847666
-0.2751472 -0.1489446 2.857453
0.2360335 0.3127452 2.677483
0.3029541 0.06925626 2.807408
0.3527019 -0.1241685 2.872066
0.3390763 -0.1814962 2.882367
-0.1089328 -0.02703647 3.015331
-0.09883813 -0.01449902 2.691087
-0.05030277 -0.3155745 2.914466
-0.08520955 -0.374897 2.842094
0.08299208 -0.03800844 3.036881
0.1918784 -0.0811835 2.730675
0.1667877 -0.3157168 2.910765
0.2231853 -0.366628 2.85232
0.04332181 0.3248082 2.667568
-0.2787019 -0.2305769 2.896454
-0.2424051 -0.1357686 2.84551
0.3391857 -0.2415588 2.926183
0.3495577 -0.1794099 2.870908
73
0.0008954876 -0.08017782 3.060798
0.0205869 0.141192 2.839075
0.05017138 0.3646416 2.601964
0.06616582 0.4721799 2.549555
-0.1326271 0.3107979 2.659105
-0.2276525 0.07689991 2.752634
-0.2778918 -0.1088474 2.842297
-0.2761275 -0.1622213 2.856519
0.239485 0.2936053 2.677824
0.3052185 0.05347375 2.802873
0.353698 -0.1428149 2.855932
0.3393295 -0.1976377 2.879321
-0.09203697 -0.06070127 3.020511
-0.09765079 -0.01791363 2.690631
-0.05118014 -0.3133423 2.911219
-0.08850731 -0.37459 2.837055
0.09442976 -0.0756086 3.033041
0.2128078 -0.04354042 2.708643
0.1673127 -0.3152837 2.908485
0.2258084 -0.3676567 2.850586
0.04203271 0.3121768 2.667019
-0.2819577 -0.2484358 2.901408
-0.2419037 -0.1608324 2.845165
0.333578 -0.2471325 2.89682
0.3474588 -0.1968439 2.863975
74
0.0008954876 -0.08017782 3.060798
0.0205869 0.141192 2.839075
0.05017138 0.3646416 2.601964
0.06616582 0.4721799 2.549555
-0.1326271 0.3107979 2.659105
-0.2276525 0.07689991 2.752634
-0.2778918 -0.1088474 2.842297
-0.2761275 -0.1622213 2.856519
0.239485 0.2936053 2.677824
0.3052185 0.05347375 2.802873
0.353698 -0.1428149 2.855932
0.3393295 -0.1976377 2.879321
-0.09203697 -0.06070127 3.020511
-0.09765079 -0.01791363 2.690631
-0.05118014 -0.3133423 2.911219
-0.08850731 -0.37459 2.837055
0.09442976 -0.0756086 3.033041
0.2128078 -0.04354042 2.708643
0.1673127 -0.3152837 2.908485
0.2258084 -0.3676567 2.850586
0.04203271 0.3121768 2.667019
-0.2819577 -0.2484358 2.901408
-0.2419037 -0.1608324 2.845165
0.333578 -0.2471325 2.89682
0.3474588 -0.1968439 2.863975
75
0.02681513 -0.1167052 3.05028
0.02570326 0.1233493 2.836409
0.04882865 0.3567176 2.602618
0.06925226 0.4622305 2.550762
-0.1298955 0.3018805 2.658975
-0.2265062 0.06561823 2.751708
-0.275457 -0.1255333 2.836679
-0.2762257 -0.1725321 2.854218
0.2416269 0.2813583 2.678113
0.3108809 0.04441268 2.790913
0.3581848 -0.1494636 2.854265
0.3396806 -0.2099226 2.876266
-0.06406426 -0.09762084 3.014826
-0.09856573 -0.02075376 2.689492
-0.05196781 -0.3128093 2.908718
-0.08973915 -0.3742226 2.834931
0.1176187 -0.1108785 3.017943
0.2243973 -0.03176272 2.695457
0.1679951 -0.3143771 2.905878
0.2277256 -0.3684202 2.849303
0.04179116 0.3021468 2.66716
-0.2785925 -0.2578416 2.896762
-0.2393868 -0.1671126 2.835479
0.3338279 -0.2596111 2.887497
0.3484169 -0.2241386 2.862572
76
0.02681513 -0.1167052 3.05028
0.02570326 0.1233493 2.836409
0.04882865 0.3567176 2.602618
0.06925226 0.4622305 2.550762
-0.1298955 0.3018805 2.658975
-0.2265062 0.06561823 2.751708
-0.275457 -0.1255333 2.836679
-0.2762257 -0.1725321 2.854218
0.2416269 0.2813583 2.678113
0.3108809 0.04441268 2.790913
0.3581848 -0.1494636 2.854265
0.3396806 -0.2099226 2.876266
-0.06406426 -0.09762084 3.014826
-0.09856573 -0.02075376 2.689492
-0.05196781 -0.3128093 2.908718
-0.08973915 -0.3742226 2.834931
0.1176187 -0.1108785 3.017943
0.2243973 -0.03176272 2.695457
0.1679951 -0.3143771 2.905878
0.2277256 -0.3684202 2.849303
0.04179116 0.3021468 2.66716
-0.2785925 -0.2578416 2.896762
-0.2393868 -0.1671126 2.835479
0.3338279 -0.2596111 2.887497
0.3484169 -0.2241386 2.862572
77
0.03690261 -0.1321608 3.045914
0.03097804 0.1118043 2.834989
0.04875487 0.34989 2.604137
0.07200797 0.4543504 2.552133
-0.1274559 0.2949174 2.65943
-0.2257428 0.05797085 2.751002
-0.2722774 -0.1374168 2.830404
-0.2755508 -0.1803056 2.850237
0.2433003 0.2728103 2.678229
0.3147909 0.04048739 2.782357
0.3627065 -0.1519225 2.853874
0.3388157 -0.217474 2.867539
-0.05327871 -0.1130382 3.012405
-0.1016417 -0.02444913 2.688065
-0.05439784 -0.3132854 2.90591
-0.0907762 -0.374121 2.833138
0.126683 -0.1260098 3.011666
0.2315226 -0.02287743 2.687552
0.1688582 -0.315013 2.903458
0.229039 -0.369104 2.847735
0.04308062 0.2935096 2.667827
-0.2733734 -0.2623987 2.885875
-0.2368965 -0.1721189 2.827234
0.3386423 -0.2653073 2.876204
0.3474931 -0.2148409 2.847064
78
0.03690261 -0.1321608 3.045914
0.03097804 0.1118043 2.834989
0.04875487 0.34989 2.604137
0.07200797 0.4543504 2.552133
-0.1274559 0.2949174 2.65943
-0.2257428 0.05797085 2.751002
-0.2722774 -0.1374168 2.830404
-0.2755508 -0.1803056 2.850237
0.2433003 0.2728103 2.678229
0.3147909 0.04048739 2.782357
0.3627065 -0.1519225 2.853874
0.3388157 -0.217474 2.867539
-0.05327871 -0.1130382 3.012405
-0.1016417 -0.02444913 2.688065
-0.05439784 -0.3132854 2.90591
-0.0907762 -0.374121 2.833138
0.126683 -0.1260098 3.011666
0.2315226 -0.02287743 2.687552
0.1688582 -0.315013 2.903458
0.229039 -0.369104 2.847735
0.04308062 0.2935096 2.667827
-0.2733734 -0.2623987 2.885875
-0.2368965 -0.1721189 2.827234
0.3386423 -0.2653073 2.876204
0.3474931 -0.2148409 2.847064
79
0.04010268 -0.167844 3.014588
0.04461253 0.0774656 2.829442
0.06220101 0.3167835 2.627269
0.07564662 0.4397963 2.561805
-0.1253891 0.2899685 2.659935
-0.2251872 0.05248136 2.750518
-0.2688248 -0.1457936 2.824104
-0.2748678 -0.1852447 2.844447
0.2447225 0.2662526 2.678186
0.3184715 0.03807019 2.774039
0.3672438 -0.1511637 2.855219
0.3380601 -0.2215206 2.857916
-0.05121231 -0.1473466 2.983423
-0.1123082 -0.02325862 2.671128
-0.0573982 -0.3126767 2.900017
-0.09163756 -0.3743915 2.830196
0.1306815 -0.1620353 2.977936
0.2374297 -0.01717586 2.679168
0.1695806 -0.3152882 2.900676
0.2300454 -0.3695714 2.846141
0.05749837 0.2576025 2.681795
-0.2739314 -0.264707 2.873009
-0.2369774 -0.1777919 2.819016
0.345292 -0.2664201 2.867887
0.3468277 -0.2134147 2.837796
80
0.04010268 -0.167844 3.014588
0.04461253 0.0774656 2.829442
0.06220101 0.3167835 2.627269
0.07564662 0.4397963 2.561805
-0.1253891 0.2899685 2.659935
-0.2251872 0.05248136 2.750518
-0.2688248 -0.1457936 2.824104
-0.2748678 -0.1852447 2.844447
0.2447225 0.2662526 2.678186
0.3184715 0.03807019 2.774039
0.3672438 -0.1511637 2.855219
0.3380601 -0.2215206 2.857916
-0.05121231 -0.1473466 2.983423
-0.1123082 -0.02325862 2.671128
-0.0573982 -0.3126767 2.900017
-0.09163756 -0.3743915 2.830196
0.1306815 -0.1620353 2.977936
0.2374297 -0.01717586 2.679168
0.1695806 -0.3152882 2.900676
0.2300454 -0.3695714 2.846141
0.05749837 0.2576025 2.681795
-0.2739314 -0.264707 2.873009
-0.2369774 -0.1777919 2.819016
0.345292 -0.2664201 2.867887
0.3468277 -0.2134147 2.837796
81
0.04151451 -0.1809385 3.00364
0.04915785 0.06546338 2.827677
0.06828795 0.3030134 2.637529
0.07794796 0.4325037 2.566798
-0.1234298 0.2862129 2.660685
-0.2246418 0.04881882 2.750369
-0.2657642 -0.1508475 2.8192
-0.2736036 -0.1872786 2.839139
0.245997 0.2613115 2.678232
0.3207455 0.03664538 2.768907
0.3698465 -0.1530926 2.849875
0.3363107 -0.2273441 2.847038
-0.0502029 -0.1599246 2.973385
-0.1175288 -0.02359781 2.66262
-0.05918599 -0.3129875 2.89637
-0.09216612 -0.374724 2.828171
0.1323341 -0.175295 2.96598
0.240607 -0.01425325 2.674678
0.1699504 -0.3159508 2.898396
0.2307568 -0.3699095 2.844834
0.06341544 0.2435674 2.687554
-0.273847 -0.2603373 2.856743
-0.2365457 -0.1795595 2.815398
0.3425568 -0.2806386 2.861337
0.3472739 -0.2162662 2.833967
82
0.04151451 -0.1809385 3.00364
0.04915785 0.06546338 2.827677
0.06828795 0.3030134 2.637529
0.07794796 0.4325037 2.566798
-0.1234298 0.2862129 2.660685
-0.2246418 0.04881882 2.750369
-0.2657642 -0.1508475 2.8192
-0.2736036 -0.1872786 2.839139
0.245997 0.2613115 2.678232
0.3207455 0.03664538 2.768907
0.3698465 -0.1530926 2.849875
0.3363107 -0.2273441 2.847038
-0.0502029 -0.1599246 2.973385
-0.1175288 -0.02359781 2.66262
-0.05918599 -0.3129875 2.89637
-0.09216612 -0.374724 2.828171
0.1323341 -0.175295 2.96598
0.240607 -0.01425325 2.674678
0.1699504 -0.3159508 2.898396
0.2307568 -0.3699095 2.844834
0.06341544 0.2435674 2.687554
-0.273847 -0.2603373 2.856743
-0.2365457 -0.1795595 2.815398
0.3425568 -0.2806386 2.861337
0.3472739 -0.2162662 2.833967
83
0.0418588 -0.1875792 2.997129
0.05163588 0.05830343 2.826674
0.07094344 0.2966155 2.642651
0.07940686 0.4284396 2.569659
-0.1216838 0.2836919 2.661414
-0.2241127 0.04682821 2.75058
-0.2635423 -0.1538392 2.815521
-0.2726533 -0.1884592 2.834797
0.2470481 0.2578436 2.678296
0.3226406 0.03658046 2.764695
0.3739084 -0.1515425 2.848952
0.3354746 -0.2252744 2.836763
-0.05045866 -0.1658437 2.967259
-0.1205497 -0.02394496 2.657764
-0.06022187 -0.3136537 2.893714
-0.09254304 -0.3751003 2.826532
0.1330824 -0.1823614 2.959034
0.2427199 -0.01249851 2.671615
0.1702553 -0.3166665 2.896067
0.2313342 -0.3701415 2.843319
0.06614878 0.2365454 2.690507
-0.2727422 -0.2590395 2.850537
-0.236452 -0.182098 2.812341
0.3387845 -0.2587978 2.828701
0.3476091 -0.2150342 2.823737
84
0.0418588 -0.1875792 2.997129
0.05163588 0.05830343 2.826674
0.07094344 0.2966155 2.642651
0.07940686 0.4284396 2.569659
-0.1216838 0.2836919 2.661414
-0.2241127 0.04682821 2.75058
-0.2635423 -0.1538392 2.815521
-0.2726533 -0.1884592 2.834797
0.2470481 0.2578436 2.678296
0.3226406 0.03658046 2.764695
0.3739084 -0.1515425 2.848952
0.3354746 -0.2252744 2.836763
-0.05045866 -0.1658437 2.967259
-0.1205497 -0.02394496 2.657764
-0.06022187 -0.3136537 2.893714
-0.09254304 -0.3751003 2.826532
0.1330824 -0.1823614 2.959034
0.2427199 -0.01249851 2.671615
0.1702553 -0.3166665 2.896067
0.2313342 -0.3701415 2.843319
0.06614878 0.2365454 2.690507
-0.2727422 -0.2590395 2.850537
-0.236452 -0.182098 2.812341
0.3387845 -0.2587978 2.828701
0.3476091 -0.2150342 2.823737
85
0.03983742 -0.1864599 2.993445
0.05353427 0.0552996 2.826236
0.0728137 0.2936974 2.646236
0.08064777 0.4265316 2.57194
-0.1201403 0.2821841 2.662084
-0.2236137 0.04644361 2.751086
-0.2619497 -0.1551735 2.813052
-0.2714027 -0.1861409 2.830829
0.2478874 0.2555052 2.678352
0.3241396 0.03738432 2.761583
0.3753638 -0.1515021 2.846182
0.334216 -0.2247243 2.829445
-0.05321957 -0.1641058 2.963595
-0.1225171 -0.0241117 2.654548
-0.06076203 -0.3143305 2.89171
-0.0927991 -0.3754397 2.825272
0.1317907 -0.1818595 2.95525
0.2440096 -0.01153096 2.669462
0.1703547 -0.3171872 2.894215
0.2317035 -0.3701805 2.842251
0.06815195 0.2332306 2.692794
-0.2733575 -0.2564353 2.847215
-0.2357457 -0.1785312 2.807972
0.3351118 -0.2623044 2.825579
0.3478562 -0.2152876 2.818481
86
0.03983742 -0.1864599 2.993445
0.05353427 0.0552996 2.826236
0.0728137 0.2936974 2.646236
0.08064777 0.4265316 2.57194
-0.1201403 0.2821841 2.662084
-0.2236137 0.04644361 2.751086
-0.2619497 -0.1551735 2.813052
-0.2714027 -0.1861409 2.830829
0.2478874 0.2555052 2.678352
0.3241396 0.03738432 2.761583
0.3753638 -0.1515021 2.846182
0.334216 -0.2247243 2.829445
-0.05321957 -0.1641058 2.963595
-0.1225171 -0.0241117 2.654548
-0.06076203 -0.3143305 2.89171
-0.0927991 -0.3754397 2.825272
0.1317907 -0.1818595 2.95525
0.2440096 -0.01153096 2.669462
0.1703547 -0.3171872 2.894215
0.2317035 -0.3701805 2.842251
0.06815195 0.2332306 2.692794
-0.2733575 -0.2564353 2.847215
-0.2357457 -0.1785312 2.807972
0.3351118 -0.2623044 2.825579
0.3478562 -0.2152876 2.818481
87
0.03645083 -0.17695 2.992337
0.05478283 0.06087649 2.826299
0.07470745 0.3005484 2.648494
0.08264013 0.4308693 2.574019
-0.1175936 0.2836438 2.662843
-0.2226352 0.05003244 2.751826
-0.2599457 -0.1520776 2.811302
-0.2695301 -0.1817948 2.828589
0.2490686 0.255053 2.678431
0.3256001 0.0396266 2.759017
0.3386147 -0.1571712 2.808639
0.3333987 -0.2247624 2.825954
-0.05713445 -0.154481 2.961967
-0.1239723 -0.02400205 2.65191
-0.06126876 -0.3147956 2.890335
-0.09299317 -0.3757327 2.824357
0.1290805 -0.172824 2.954551
0.2446712 -0.01113413 2.667794
0.1703821 -0.3176067 2.892776
0.2319584 -0.370178 2.841495
0.06997404 0.2396939 2.69445
-0.2741739 -0.2512097 2.847935
-0.2339255 -0.1733697 2.808538
0.3303387 -0.2710697 2.835298
0.3482262 -0.2158366 2.815851
88
0.03645083 -0.17695 2.992337
0.05478283 0.06087649 2.826299
0.07470745 0.3005484 2.648494
0.08264013 0.4308693 2.574019
-0.1175936 0.2836438 2.662843
-0.2226352 0.05003244 2.751826
-0.2599457 -0.1520776 2.811302
-0.2695301 -0.1817948 2.828589
0.2490686 0.255053 2.678431
0.3256001 0.0396266 2.759017
0.3386147 -0.1571712 2.808639
0.3333987 -0.2247624 2.825954
-0.05713445 -0.154481 2.961967
-0.1239723 -0.02400205 2.65191
-0.06126876 -0.3147956 2.890335
-0.09299317 -0.3757327 2.824357
0.1290805 -0.172824 2.954551
0.2446712 -0.01113413 2.667794
0.1703821 -0.3176067 2.892776
0.2319584 -0.370178 2.841495
0.06997404 0.2396939 2.69445
-0.2741739 -0.2512097 2.847935
-0.2339255 -0.1733697 2.808538
0.3303387 -0.2710697 2.835298
0.3482262 -0.2158366 2.815851
89
0.03354365 -0.1619335 2.991404
0.05383202 0.08010007 2.825913
0.07158434 0.3304909 2.649291
0.08614132 0.4521264 2.57493
-0.1142994 0.2922907 2.663502
-0.2215396 0.05629606 2.752654
-0.2578436 -0.1457964 2.810596
-0.2671443 -0.1724369 2.826721
0.2522149 0.2683122 2.677954
0.3273466 0.04494784 2.757305
0.3326164 -0.1626676 2.80289
0.3324247 -0.2256455 2.827585
-0.0599403 -0.1407326 2.960255
-0.1250193 -0.02190629 2.648844
-0.06137213 -0.3157201 2.889041
-0.09316207 -0.3760801 2.823632
0.1261566 -0.1567989 2.954368
0.2451425 -0.01057293 2.666256
0.1705571 -0.3181443 2.89153
0.2321304 -0.3701379 2.840928
0.0675495 0.2669377 2.695137
-0.2714486 -0.2340749 2.848102
-0.2307066 -0.1594255 2.811987
0.3265896 -0.2750027 2.852619
0.3477219 -0.222796 2.821054
90
0.03354365 -0.1619335 2.991404
0.05383202 0.08010007 2.825913
0.07158434 0.3304909 2.649291
0.08614132 0.4521264 2.57493
-0.1142994 0.2922907 2.663502
-0.2215396 0.05629606 2.752654
-0.2578436 -0.1457964 2.810596
-0.2671443 -0.1724369 2.826721
0.2522149 0.2683122 2.677954
0.3273466 0.04494784 2.757305
0.3326164 -0.1626676 2.80289
0.3324247 -0.2256455 2.827585
-0.0599403 -0.1407326 2.960255
-0.1250193 -0.02190629 2.648844
-0.06137213 -0.3157201 2.889041
-0.09316207 -0.3760801 2.823632
0.1261566 -0.1567989 2.954368
0.2451425 -0.01057293 2.666256
0.1705571 -0.3181443 2.89153
0.2321304 -0.3701379 2.840928
0.0675495 0.2669377 2.695137
-0.2714486 -0.2340749 2.848102
-0.2307066 -0.1594255 2.811987
0.3265896 -0.2750027 2.852619
0.3477219 -0.222796 2.821054
91
0.05174359 -0.1274313 2.986598
0.06188552 0.1142335 2.823526
0.07150465 0.361855 2.648226
0.08783885 0.4863071 2.576519
-0.1087662 0.3207268 2.664668
-0.2167922 0.08844228 2.756086
-0.2568901 -0.1111612 2.81709
-0.2634338 -0.1555476 2.82775
0.2555965 0.3031947 2.676146
0.3293087 0.06031191 2.757725
0.3292356 -0.1637588 2.799874
0.3317045 -0.2219226 2.828595
-0.04046909 -0.1094099 2.952652
-0.1280204 -0.01700637 2.644665
-0.06142704 -0.3162587 2.888264
-0.09319755 -0.3763213 2.823164
0.1429656 -0.1194525 2.952091
0.2456435 -0.006014677 2.655996
0.1710858 -0.3184665 2.890544
0.2321151 -0.3701852 2.841047
0.06916476 0.2995643 2.69405
-0.2650603 -0.2093751 2.852985
-0.2283108 -0.1403292 2.811718
0.3317876 -0.2601771 2.863387
0.3512743 -0.1970466 2.817796
92
0.05174359 -0.1274313 2.986598
0.06188552 0.1142335 2.823526
0.07150465 0.361855 2.648226
0.08783885 0.4863071 2.576519
-0.1087662 0.3207268 2.664668
-0.2167922 0.08844228 2.756086
-0.2568901 -0.1111612 2.81709
-0.2634338 -0.1555476 2.82775
0.2555965 0.3031947 2.676146
0.3293087 0.06031191 2.757725
0.3292356 -0.1637588 2.799874
0.3317045 -0.2219226 2.828595
-0.04046909 -0.1094099 2.952652
-0.1280204 -0.01700637 2.644665
-0.06142704 -0.3162587 2.888264
-0.09319755 -0.3763213 2.823164
0.1429656 -0.1194525 2.952091
0.2456435 -0.006014677 2.655996
0.1710858 -0.3184665 2.890544
0.2321151 -0.3701852 2.841047
0.06916476 0.2995643 2.69405
-0.2650603 -0.2093751 2.852985
-0.2283108 -0.1403292 2.811718
0.3317876 -0.2601771 2.863387
0.3512743 -0.1970466 2.817796
93
0.06236252 -0.1039567 2.983302
0.06688179 0.1468375 2.821275
0.0686591 0.4028009 2.64742
0.08707408 0.5293959 2.579007
-0.1064864 0.3587389 2.665543
-0.2151292 0.1314736 2.756597
-0.2507474 -0.06979196 2.814868
-0.2578566 -0.1147988 2.825698
0.2579423 0.3431674 2.677579
0.3302209 0.1117104 2.760689
0.3278669 -0.1099105 2.800164
0.3318619 -0.1792375 2.826953
-0.02887894 -0.0879713 2.947742
-0.1315179 -0.008041093 2.64065
-0.06089791 -0.3165778 2.888618
-0.09306446 -0.3765665 2.823138
0.1523338 -0.09450719 2.950319
0.24603 0.0001638504 2.6474
0.1714209 -0.3192049 2.890815
0.231937 -0.3702694 2.842366
0.06839921 0.3390717 2.693051
-0.2590769 -0.1669382 2.845517
-0.2230891 -0.1082448 2.810646
0.3279819 -0.2255338 2.870787
0.3548122 -0.1514132 2.816262
94
0.06236252 -0.1039567 2.983302
0.06688179 0.1468375 2.821275
0.0686591 0.4028009 2.64742
0.08707408 0.5293959 2.579007
-0.1064864 0.3587389 2.665543
-0.2151292 0.1314736 2.756597
-0.2507474 -0.06979196 2.814868
-0.2578566 -0.1147988 2.825698
0.2579423 0.3431674 2.677579
0.3302209 0.1117104 2.760689
0.3278669 -0.1099105 2.800164
0.3318619 -0.1792375 2.826953
-0.02887894 -0.0879713 2.947742
-0.1315179 -0.008041093 2.64065
-0.06089791 -0.3165778 2.888618
-0.09306446 -0.3765665 2.823138
0.1523338 -0.09450719 2.950319
0.24603 0.0001638504 2.6474
0.1714209 -0.3192049 2.890815
0.231937 -0.3702694 2.842366
0.06839921 0.3390717 2.693051
-0.2590769 -0.1669382 2.845517
-0.2230891 -0.1082448 2.810646
0.3279819 -0.2255338 2.870787
0.3548122 -0.1514132 2.816262
95
0.06881987 -0.0751832 2.97758
0.07153831 0.1888516 2.818103
0.0716348 0.4513523 2.647912
0.08443972 0.5782797 2.579277
-0.1067322 0.3990525 2.665998
-0.2147744 0.1638321 2.758391
-0.2489494 -0.03683126 2.818184
-0.2534662 -0.07193237 2.82624
0.256629 0.3931922 2.676123
0.3280535 0.1507898 2.765601
0.3205029 -0.06775126 2.798494
0.3316339 -0.1360241 2.823601
-0.02048924 -0.06242562 2.940265
-0.1364408 0.0003258155 2.633916
-0.06030371 -0.316469 2.88872
-0.09276444 -0.3767891 2.823424
0.1564091 -0.06246546 2.946304
0.2479953 0.008360025 2.636976
0.1719961 -0.3194716 2.891508
0.2315592 -0.3701886 2.84397
0.0717243 0.3860033 2.692788
-0.252399 -0.1241657 2.841854
-0.2184524 -0.07935876 2.81123
0.3235124 -0.1726121 2.856136
0.3548079 -0.1010519 2.808738
96
0.06881987 -0.0751832 2.97758
0.07153831 0.1888516 2.818103
0.0716348 0.4513523 2.647912
0.08443972 0.5782797 2.579277
-0.1067322 0.3990525 2.665998
-0.2147744 0.1638321 2.758391
-0.2489494 -0.03683126 2.818184
-0.2534662 -0.07193237 2.82624
0.256629 0.3931922 2.676123
0.3280535 0.1507898 2.765601
0.3205029 -0.06775126 2.798494
0.3316339 -0.1360241 2.823601
-0.02048924 -0.06242562 2.940265
-0.1364408 0.0003258155 2.633916
-0.06030371 -0.316469 2.88872
-0.09276444 -0.3767891 2.823424
0.1564091 -0.06246546 2.946304
0.2479953 0.008360025 2.636976
0.1719961 -0.3194716 2.891508
0.2315592 -0.3701886 2.84397
0.0717243 0.3860033 2.692788
-0.252399 -0.1241657 2.841854
-0.2184524 -0.07935876 2.81123
0.3235124 -0.1726121 2.856136
0.3548079 -0.1010519 2.808738
97
0.07726849 -0.008651454 2.9914
0.07181319 0.2492914 2.826918
0.06478546 0.5042751 2.650695
0.07939116 0.6321117 2.583481
-0.1118996 0.4477273 2.667348
-0.2130212 0.2050872 2.767134
-0.2458009 -0.00270956 2.818273
-0.2500471 -0.03236806 2.825526
0.2525064 0.4438973 2.675129
0.3267258 0.1925265 2.769765
0.3180403 -0.02368326 2.795528
0.3309682 -0.089888 2.819873
-0.01247732 0.0008078367 2.952997
-0.1372294 0.003099105 2.633928
-0.05852764 -0.3156887 2.88999
-0.09227116 -0.3767205 2.824379
0.1651164 0.005656395 2.960674
0.2477132 0.01029971 2.63396
0.1725046 -0.319442 2.892254
0.2311137 -0.3701427 2.844594
0.06644196 0.4412561 2.697262
-0.2472488 -0.08154191 2.833162
-0.2157736 -0.0344043 2.807245
0.3214839 -0.1249973 2.848588
0.3537248 -0.05425668 2.800531
98
0.07726849 -0.008651454 2.9914
0.07181319 0.2492914 2.826918
0.06478546 0.5042751 2.650695
0.07939116 0.6321117 2.583481
-0.1118996 0.4477273 2.667348
-0.2130212 0.2050872 2.767134
-0.2458009 -0.00270956 2.818273
-0.2500471 -0.03236806 2.825526
0.2525064 0.4438973 2.675129
0.3267258 0.1925265 2.769765
0.3180403 -0.02368326 2.795528
0.3309682 -0.089888 2.819873
-0.01247732 0.0008078367 2.952997
-0.1372294 0.003099105 2.633928
-0.05852764 -0.3156887 2.88999
-0.09227116 -0.3767205 2.824379
0.1651164 0.005656395 2.960674
0.2477132 0.01029971 2.63396
0.1725046 -0.319442 2.892254
0.2311137 -0.3701427 2.844594
0.06644196 0.4412561 2.697262
-0.2472488 -0.08154191 2.833162
-0.2157736 -0.0344043 2.807245
0.3214839 -0.1249973 2.848588
0.3537248 -0.05425668 2.800531
99
0.08840333 0.03849453 2.999229
0.07644964 0.2983089 2.832843
0.06269476 0.5601841 2.654971
0.07279836 0.6832863 2.5889
-0.1155413 0.4817301 2.671547
-0.2130951 0.2330227 2.771884
-0.245019 0.02699533 2.8234
-0.2481931 -0.01226107 2.826966
0.2473709 0.4829929 2.67639
0.3258745 0.2301273 2.772887
0.3187455 0.004611248 2.794084
0.3300513 -0.05237628 2.818066
-0.003457827 0.04356491 2.960892
-0.1376019 0.005616487 2.636062
-0.0566659 -0.3152477 2.891832
-0.09134126 -0.3764372 2.826042
0.1781553 0.05566977 2.967846
0.2462923 0.0121025 2.631266
0.1728096 -0.3191894 2.893253
0.2304789 -0.3699546 2.845233
0.06617229 0.4943129 2.701832
-0.244322 -0.05317728 2.833878
-0.2147693 -0.01200742 2.807561
0.321766 -0.07324149 2.830473
0.3536187 -0.008459967 2.791264
100
0.08840333 0.03849453 2.999229
0.07644964 0.2983089 2.832843
0.06269476 0.5601841 2.654971
0.07279836 0.6832863 2.5889
-0.1155413 0.4817301 2.671547
-0.2130951 0.2330227 2.771884
-0.245019 0.02699533 2.8234
-0.2481931 -0.01226107 2.826966
0.2473709 0.4829929 2.67639
0.3258745 0.2301273 2.772887
0.3187455 0.004611248 2.794084
0.3300513 -0.05237628 2.818066
-0.003457827 0.04356491 2.960892
-0.1376019 0.005616487 2.636062
-0.0566659 -0.3152477 2.891832
-0.09134126 -0.3764372 2.826042
0.1781553 0.05566977 2.967846
0.2462923 0.0121025 2.631266
0.1728096 -0.3191894 2.893253
0.2304789 -0.3699546 2.845233
0.06617229 0.4943129 2.701832
-0.244322 -0.05317728 2.833878
-0.2147693 -0.01200742 2.807561
0.321766 -0.07324149 2.830473
0.3536187 -0.008459967 2.791264
101
0.0987832 0.08775084 3.003548
0.08123796 0.3506125 2.83917
0.06253286 0.6103989 2.661872
0.06757112 0.7370347 2.598931
-0.1186215 0.5285687 2.676787
-0.2119687 0.2783859 2.777837
-0.240715 0.06433471 2.820996
-0.2445991 0.02998438 2.828635
0.2401536 0.5333207 2.679497
0.321054 0.2855946 2.775953
0.3236713 0.06621656 2.803268
0.3267379 0.01720618 2.81429
0.00585492 0.08963339 2.96517
-0.1357775 0.008502774 2.64335
-0.05489146 -0.315621 2.894103
-0.0904936 -0.3760936 2.827421
0.1893262 0.1067504 2.971919
0.2423164 0.01413821 2.631318
0.1727054 -0.3188231 2.895006
0.2296973 -0.3696641 2.845854
0.0672472 0.5458891 2.708799
-0.2422245 -0.0127708 2.833621
-0.2105382 0.02875729 2.806546
0.3209778 -0.03072076 2.826029
0.3515804 0.04176681 2.785324
102
0.0987832 0.08775084 3.003548
0.08123796 0.3506125 2.83917
0.06253286 0.6103989 2.661872
0.06757112 0.7370347 2.598931
-0.1186215 0.5285687 2.676787
-0.2119687 0.2783859 2.777837
-0.240715 0.06433471 2.820996
-0.2445991 0.02998438 2.828635
0.2401536 0.5333207 2.679497
0.321054 0.2855946 2.775953
0.3236713 0.06621656 2.803268
0.3267379 0.01720618 2.81429
0.00585492 0.08963339 2.96517
-0.1357775 0.008502774 2.64335
-0.05489146 -0.315621 2.894103
-0.0904936 -0.3760936 2.827421
0.1893262 0.1067504 2.971919
0.2423164 0.01413821 2.631318
0.1727054 -0.3188231 2.895006
0.2296973 -0.3696641 2.845854
0.0672472 0.5458891 2.708799
-0.2422245 -0.0127708 2.833621
-0.2105382 0.02875729 2.806546
0.3209778 -0.03072076 2.826029
0.3515804 0.04176681 2.785324
103
0.07955631 0.1284299 2.991342
0.07114049 0.3956274 2.837244
0.05960099 0.6648824 2.668682
0.06147873 0.7908477 2.612515
-0.1236854 0.5807651 2.683378
-0.2105831 0.3173179 2.777189
-0.2338422 0.1079485 2.821802
-0.2420013 0.0750398 2.829143
0.2352805 0.581405 2.684941
0.3176049 0.3172789 2.779054
0.3259153 0.1003044 2.807209
0.3247812 0.04762936 2.812172
-0.01317817 0.1333445 2.953443
-0.1351227 0.008450318 2.644346
-0.05380989 -0.3152098 2.894967
-0.08997122 -0.3759515 2.828255
0.1703827 0.1436938 2.959022
0.2417385 0.0152693 2.631022
0.1737018 -0.3171036 2.897479
0.2290296 -0.3693889 2.846386
0.06221781 0.5986075 2.71328
-0.2424146 0.02126135 2.83183
-0.2042914 0.08056805 2.802962
0.3152098 0.01358853 2.816973
0.3503044 0.07035518 2.78396
104
0.07955631 0.1284299 2.991342
0.07114049 0.3956274 2.837244
0.05960099 0.6648824 2.668682
0.06147873 0.7908477 2.612515
-0.1236854 0.5807651 2.683378
-0.2105831 0.3173179 2.777189
-0.2338422 0.1079485 2.821802
-0.2420013 0.0750398 2.829143
0.2352805 0.581405 2.684941
0.3176049 0.3172789 2.779054
0.3259153 0.1003044 2.807209
0.3247812 0.04762936 2.812172
-0.01317817 0.1333445 2.953443
-0.1351227 0.008450318 2.644346
-0.05380989 -0.3152098 2.894967
-0.08997122 -0.3759515 2.828255
0.1703827 0.1436938 2.959022
0.2417385 0.0152693 2.631022
0.1737018 -0.3171036 2.897479
0.2290296 -0.3693889 2.846386
0.06221781 0.5986075 2.71328
-0.2424146 0.02126135 2.83183
-0.2042914 0.08056805 2.802962
0.3152098 0.01358853 2.816973
0.3503044 0.07035518 2.78396
105
0.0694899 0.1544645 2.981776
0.06458406 0.4328909 2.835261
0.05827616 0.7164258 2.677941
0.0560314 0.8454877 2.625855
-0.1265271 0.619832 2.689016
-0.2136076 0.3626358 2.778839
-0.225344 0.1526303 2.822118
-0.2334615 0.1242711 2.826471
0.2328346 0.6190758 2.690595
0.3157685 0.3516937 2.78523
0.3269728 0.1371768 2.80986
0.3211139 0.1136488 2.808001
-0.02325965 0.1614383 2.944177
-0.1350269 0.009271787 2.64515
-0.05199524 -0.314285 2.895899
-0.08954475 -0.3758312 2.828915
0.1605441 0.1674521 2.949008
0.2412008 0.01623443 2.631862
0.1743165 -0.3160159 2.899481
0.228401 -0.3691288 2.847058
0.05944462 0.645552 2.719177
-0.2360529 0.05471599 2.839024
-0.1986631 0.1052813 2.80606
0.3165664 0.05611183 2.810267
0.3497713 0.1240741 2.784446
106
0.0694899 0.1544645 2.981776
0.06458406 0.4328909 2.835261
0.05827616 0.7164258 2.677941
0.0560314 0.8454877 2.625855
-0.1265271 0.619832 2.689016
-0.2136076 0.3626358 2.778839
-0.225344 0.1526303 2.822118
-0.2334615 0.1242711 2.826471
0.2328346 0.6190758 2.690595
0.3157685 0.3516937 2.78523
0.3269728 0.1371768 2.80986
0.3211139 0.1136488 2.808001
-0.02325965 0.1614383 2.944177
-0.1350269 0.009271787 2.64515
-0.05199524 -0.314285 2.895899
-0.08954475 -0.3758312 2.828915
0.1605441 0.1674521 2.949008
0.2412008 0.01623443 2.631862
0.1743165 -0.3160159 2.899481
0.228401 -0.3691288 2.847058
0.05944462 0.645552 2.719177
-0.2360529 0.05471599 2.839024
-0.1986631 0.1052813 2.80606
0.3165664 0.05611183 2.810267
0.3497713 0.1240741 2.784446
107
0.0614434 0.1825202 2.97109
0.05832661 0.4752831 2.833086
0.05573563 0.7691702 2.686412
0.05106209 0.8968534 2.644288
-0.130097 0.667082 2.696471
-0.2133584 0.3969469 2.778843
-0.2211687 0.1858611 2.819901
-0.2256451 0.1610105 2.823664
0.2331901 0.6684141 2.700002
0.312783 0.3973568 2.789358
0.3248679 0.1829176 2.80626
0.3130974 0.1640664 2.80009
-0.03042911 0.1905415 2.934511
-0.1341085 0.01082589 2.648643
-0.05817854 -0.3685977 2.873254
-0.1017364 -0.3907034 2.850636
0.1518418 0.1939122 2.937196
0.2393054 0.0184878 2.636717
0.1889214 -0.3570957 2.872659
0.2318518 -0.3724796 2.857338
0.05605496 0.6967196 2.725141
-0.2259564 0.1005576 2.836911
-0.1829168 0.163987 2.794727
0.3157175 0.09872719 2.809631
0.3443947 0.163502 2.780949
108
0.0614434 0.1825202 2.97109
0.05832661 0.4752831 2.833086
0.05573563 0.7691702 2.686412
0.05106209 0.8968534 2.644288
-0.130097 0.667082 2.696471
-0.2133584 0.3969469 2.778843
-0.2211687 0.1858611 2.819901
-0.2256451 0.1610105 2.823664
0.2331901 0.6684141 2.700002
0.312783 0.3973568 2.789358
0.3248679 0.1829176 2.80626
0.3130974 0.1640664 2.80009
-0.03042911 0.1905415 2.934511
-0.1341085 0.01082589 2.648643
-0.05817854 -0.3685977 2.873254
-0.1017364 -0.3907034 2.850636
0.1518418 0.1939122 2.937196
0.2393054 0.0184878 2.636717
0.1889214 -0.3570957 2.872659
0.2318518 -0.3724796 2.857338
0.05605496 0.6967196 2.725141
-0.2259564 0.1005576 2.836911
-0.1829168 0.163987 2.794727
0.3157175 0.09872719 2.809631
0.3443947 0.163502 2.780949
109
0.05879249 0.211137 2.95946
0.05593055 0.5114604 2.831545
0.05337551 0.8154814 2.695445
0.04794146 0.9384674 2.661424
-0.1330089 0.7159839 2.703631
-0.2148978 0.4459418 2.781085
-0.2165713 0.2309089 2.81687
-0.2173785 0.200706 2.819589
0.2335673 0.7141626 2.70713
0.3076922 0.4452855 2.793011
0.3226334 0.2057692 2.803864
0.3101301 0.1854746 2.797257
-0.03202181 0.2192622 2.924854
-0.1321841 0.01557202 2.658467
-0.0644639 -0.3933015 2.857851
-0.1064064 -0.3994044 2.859581
0.1481505 0.2219577 2.923307
0.2358539 0.02062025 2.646236
0.196255 -0.3758757 2.85402
0.2351792 -0.3742597 2.864522
0.05397812 0.7388859 2.731179
-0.2156882 0.143681 2.83317
-0.1714098 0.2054291 2.789021
0.3048277 0.1368399 2.810129
0.3342824 0.1732781 2.782996
110
0.05879249 0.211137 2.95946
0.05593055 0.5114604 2.831545
0.05337551 0.8154814 2.695445
0.04794146 0.9384674 2.661424
-0.1330089 0.7159839 2.703631
-0.2148978 0.4459418 2.781085
-0.2165713 0.2309089 2.81687
-0.2173785 0.200706 2.819589
0.2335673 0.7141626 2.70713
0.3076922 0.4452855 2.793011
0.3226334 0.2057692 2.803864
0.3101301 0.1854746 2.797257
-0.03202181 0.2192622 2.924854
-0.1321841 0.01557202 2.658467
-0.0644639 -0.3933015 2.857851
-0.1064064 -0.3994044 2.859581
0.1481505 0.2219577 2.923307
0.2358539 0.02062025 2.646236
0.196255 -0.3758757 2.85402
0.2351792 -0.3742597 2.864522
0.05397812 0.7388859 2.731179
-0.2156882 0.143681 2.83317
-0.1714098 0.2054291 2.789021
0.3048277 0.1368399 2.810129
0.3342824 0.1732781 2.782996
111
0.05752368 0.2375841 2.948787
0.05360532 0.5473189 2.831152
0.04938394 0.8597286 2.706488
0.04323231 0.9829428 2.681113
-0.1355002 0.7558637 2.710337
-0.2144857 0.4795606 2.781374
-0.2146053 0.2471199 2.815942
-0.2128944 0.2186112 2.817064
0.2332193 0.7493789 2.714274
0.305249 0.4818092 2.792695
0.3171131 0.254149 2.79187
0.3049814 0.2313496 2.786221
-0.0322199 0.2468968 2.914985
-0.129711 0.02358868 2.670589
-0.06984866 -0.4065107 2.848315
-0.1061443 -0.4047444 2.864814
0.1459133 0.2465399 2.911858
0.2333221 0.02532182 2.659074
0.2017703 -0.3709415 2.838376
0.2143875 -0.3962907 2.784574
0.05047665 0.782114 2.739566
-0.207988 0.1804995 2.827653
-0.1673935 0.2231546 2.783337
0.2958272 0.1900219 2.792108
0.3304386 0.222236 2.768057
112
0.05752368 0.2375841 2.948787
0.05360532 0.5473189 2.831152
0.04938394 0.8597286 2.706488
0.04323231 0.9829428 2.681113
-0.1355002 0.7558637 2.710337
-0.2144857 0.4795606 2.781374
-0.2146053 0.2471199 2.815942
-0.2128944 0.2186112 2.817064
0.2332193 0.7493789 2.714274
0.305249 0.4818092 2.792695
0.3171131 0.254149 2.79187
0.3049814 0.2313496 2.786221
-0.0322199 0.2468968 2.914985
-0.129711 0.02358868 2.670589
-0.06984866 -0.4065107 2.848315
-0.1061443 -0.4047444 2.864814
0.1459133 0.2465399 2.911858
0.2333221 0.02532182 2.659074
0.2017703 -0.3709415 2.838376
0.2143875 -0.3962907 2.784574
0.05047665 0.782114 2.739566
-0.207988 0.1804995 2.827653
-0.1673935 0.2231546 2.783337
0.2958272 0.1900219 2.792108
0.3304386 0.222236 2.768057
113
0.05675736 0.2740593 2.936036
0.05069197 0.5897139 2.831064
0.04433656 0.9043367 2.716645
0.04022754 1.031501 2.693743
-0.1383591 0.7832522 2.716448
-0.2160685 0.5278137 2.785644
-0.2061807 0.2667879 2.809963
-0.2033473 0.2361969 2.811642
0.233421 0.7979784 2.720716
0.3034489 0.5325046 2.790598
0.3095017 0.3065361 2.783597
0.3031291 0.2795258 2.774233
-0.03072564 0.2810582 2.903712
-0.1266891 0.03630557 2.69452
-0.07585426 -0.3924849 2.835257
-0.08994775 -0.4089915 2.790056
0.1425636 0.284779 2.89736
0.2298912 0.03824192 2.683815
0.2036136 -0.3902807 2.840276
0.2305767 -0.3930294 2.837277
0.04609573 0.8255918 2.74731
-0.1810237 0.1841788 2.792134
-0.1587486 0.2426198 2.775932
0.295416 0.2304917 2.777719
0.3274341 0.2713197 2.750237
114
0.05675736 0.2740593 2.936036
0.05069197 0.5897139 2.831064
0.04433656 0.9043367 2.716645
0.04022754 1.031501 2.693743
-0.1383591 0.7832522 2.716448
-0.2160685 0.5278137 2.785644
-0.2061807 0.2667879 2.809963
-0.2033473 0.2361969 2.811642
0.233421 0.7979784 2.720716
0.3034489 0.5325046 2.790598
0.3095017 0.3065361 2.783597
0.3031291 0.2795258 2.774233
-0.03072564 0.2810582 2.903712
-0.1266891 0.03630557 2.69452
-0.07585426 -0.3924849 2.835257
-0.08994775 -0.4089915 2.790056
0.1425636 0.284779 2.89736
0.2298912 0.03824192 2.683815
0.2036136 -0.3902807 2.840276
0.2305767 -0.3930294 2.837277
0.04609573 0.8255918 2.74731
-0.1810237 0.1841788 2.792134
-0.1587486 0.2426198 2.775932
0.295416 0.2304917 2.777719
0.3274341 0.2713197 2.750237
115
0.05435339 0.30209 2.925913
0.04706718 0.6222025 2.830461
0.03927435 0.9411606 2.72452
0.03874714 1.062837 2.701191
-0.1438244 0.827872 2.72502
-0.2155491 0.5542319 2.787087
-0.1986122 0.3169024 2.798509
-0.1932428 0.2830893 2.798975
0.232496 0.8310229 2.724482
0.3021644 0.564207 2.789304
0.3037329 0.3349692 2.778239
0.300027 0.3095715 2.76584
-0.03160132 0.3099237 2.893806
-0.1205496 0.04676864 2.717459
-0.0764339 -0.4001334 2.843729
-0.09280927 -0.4165335 2.791405
0.1388613 0.3111253 2.887042
0.2275366 0.04976785 2.705585
0.2065059 -0.3958905 2.853368
0.2382789 -0.3979863 2.851569
0.0413197 0.8619448 2.753208
-0.1646783 0.2184611 2.774898
-0.1550598 0.2954108 2.779069
0.2923675 0.2675249 2.76611
0.3243808 0.3161697 2.729834
116
0.05435339 0.30209 2.925913
0.04706718 0.6222025 2.830461
0.03927435 0.9411606 2.72452
0.03874714 1.062837 2.701191
-0.1438244 0.827872 2.72502
-0.2155491 0.5542319 2.787087
-0.1986122 0.3169024 2.798509
-0.1932428 0.2830893 2.798975
0.232496 0.8310229 2.724482
0.3021644 0.564207 2.789304
0.3037329 0.3349692 2.778239
0.300027 0.3095715 2.76584
-0.03160132 0.3099237 2.893806
-0.1205496 0.04676864 2.717459
-0.0764339 -0.4001334 2.843729
-0.09280927 -0.4165335 2.791405
0.1388613 0.3111253 2.887042
0.2275366 0.04976785 2.705585
0.2065059 -0.3958905 2.853368
0.2382789 -0.3979863 2.851569
0.0413197 0.8619448 2.753208
-0.1646783 0.2184611 2.774898
-0.1550598 0.2954108 2.779069
0.2923675 0.2675249 2.76611
0.3243808 0.3161697 2.729834
117
0.05213985 0.3222584 2.91885
0.04495 0.647207 2.831278
0.03775314 0.9724323 2.734407
0.03677528 1.094809 2.711704
-0.1462653 0.8503131 2.730982
-0.2163465 0.5753183 2.789824
-0.1949581 0.3446904 2.791957
-0.1844304 0.3108053 2.790879
0.2315344 0.8616783 2.73141
0.3018129 0.5883569 2.788877
0.29829 0.3673234 2.771775
0.2974847 0.3330966 2.761404
-0.03279829 0.3299826 2.886994
-0.117095 0.05546045 2.739225
-0.07620022 -0.3978066 2.86446
-0.0934047 -0.4191849 2.792702
0.1357306 0.3308946 2.879663
0.2246872 0.05985114 2.72727
0.2071076 -0.3924154 2.875926
0.2423949 -0.3996295 2.85815
0.03955095 0.8913771 2.760551
-0.1569697 0.2341701 2.768129
-0.1502902 0.3231553 2.777017
0.2899045 0.2879734 2.758904
0.3212314 0.3462588 2.728293
118
0.05213985 0.3222584 2.91885
0.04495 0.647207 2.831278
0.03775314 0.9724323 2.734407
0.03677528 1.094809 2.711704
-0.1462653 0.8503131 2.730982
-0.2163465 0.5753183 2.789824
-0.1949581 0.3446904 2.791957
-0.1844304 0.3108053 2.790879
0.2315344 0.8616783 2.73141
0.3018129 0.5883569 2.788877
0.29829 0.3673234 2.771775
0.2974847 0.3330966 2.761404
-0.03279829 0.3299826 2.886994
-0.117095 0.05546045 2.739225
-0.07620022 -0.3978066 2.86446
-0.0934047 -0.4191849 2.792702
0.1357306 0.3308946 2.879663
0.2246872 0.05985114 2.72727
0.2071076 -0.3924154 2.875926
0.2423949 -0.3996295 2.85815
0.03955095 0.8913771 2.760551
-0.1569697 0.2341701 2.768129
-0.1502902 0.3231553 2.777017
0.2899045 0.2879734 2.758904
0.3212314 0.3462588 2.728293
119
0.05010743 0.3445507 2.917612
0.04323208 0.6713221 2.835583
0.03656967 0.9936594 2.74155
0.03559753 1.119119 2.718785
-0.1482911 0.874662 2.738778
-0.2165091 0.5924032 2.791811
-0.192321 0.3732415 2.78381
-0.1804426 0.3386392 2.78352
0.2314389 0.8870415 2.737723
0.3019229 0.6083637 2.788694
0.294517 0.3909837 2.767209
0.2939889 0.3543425 2.756728
-0.03408416 0.3522837 2.885539
-0.1078602 0.07019961 2.76148
-0.06834637 -0.3798307 2.892368
-0.09236676 -0.4076768 2.803876
0.1330671 0.3524654 2.878449
0.2175446 0.07574794 2.751992
0.2033777 -0.3844141 2.900735
0.243303 -0.3984585 2.861089
0.03822916 0.9135779 2.767225
-0.1526218 0.255323 2.766222
-0.147731 0.3507539 2.773857
0.2883639 0.3033776 2.755579
0.3165874 0.3676986 2.723645
120
0.05010743 0.3445507 2.917612
0.04323208 0.6713221 2.835583
0.03656967 0.9936594 2.74155
0.03559753 1.119119 2.718785
-0.1482911 0.874662 2.738778
-0.2165091 0.5924032 2.791811
-0.192321 0.3732415 2.78381
-0.1804426 0.3386392 2.78352
0.2314389 0.8870415 2.737723
0.3019229 0.6083637 2.788694
0.294517 0.3909837 2.767209
0.2939889 0.3543425 2.756728
-0.03408416 0.3522837 2.885539
-0.1078602 0.07019961 2.76148
-0.06834637 -0.3798307 2.892368
-0.09236676 -0.4076768 2.803876
0.1330671 0.3524654 2.878449
0.2175446 0.07574794 2.751992
0.2033777 -0.3844141 2.900735
0.243303 -0.3984585 2.861089
0.03822916 0.9135779 2.767225
-0.1526218 0.255323 2.766222
-0.147731 0.3507539 2.773857
0.2883639 0.3033776 2.755579
0.3165874 0.3676986 2.723645
121
0.05013225 0.361207 2.917907
0.04305914 0.6899065 2.839907
0.03607564 1.013964 2.749588
0.034453 1.139596 2.725859
-0.1493274 0.8875749 2.742847
-0.2165725 0.602754 2.793102
-0.1908877 0.3871539 2.779862
-0.1777136 0.3518206 2.780354
0.2312163 0.9068947 2.743513
0.3023828 0.626467 2.788635
0.2916951 0.4104503 2.764101
0.2903963 0.3744725 2.753216
-0.03402395 0.3683716 2.885809
-0.09814051 0.0815613 2.779336
-0.06303956 -0.3665507 2.908115
-0.09081855 -0.3950025 2.816683
0.133122 0.3693586 2.87862
0.2086378 0.08673059 2.773036
0.2000541 -0.3769142 2.913993
0.2423782 -0.3938624 2.860824
0.03784537 0.933498 2.774382
-0.1504469 0.2675092 2.764025
-0.1468011 0.3663518 2.771356
0.2868431 0.317912 2.754537
0.3129658 0.3905447 2.722173
122
0.05013225 0.361207 2.917907
0.04305914 0.6899065 2.839907
0.03607564 1.013964 2.749588
0.034453 1.139596 2.725859
-0.1493274 0.8875749 2.742847
-0.2165725 0.602754 2.793102
-0.1908877 0.3871539 2.779862
-0.1777136 0.3518206 2.780354
0.2312163 0.9068947 2.743513
0.3023828 0.626467 2.788635
0.2916951 0.4104503 2.764101
0.2903963 0.3744725 2.753216
-0.03402395 0.3683716 2.885809
-0.09814051 0.0815613 2.779336
-0.06303956 -0.3665507 2.908115
-0.09081855 -0.3950025 2.816683
0.133122 0.3693586 2.87862
0.2086378 0.08673059 2.773036
0.2000541 -0.3769142 2.913993
0.2423782 -0.3938624 2.860824
0.03784537 0.933498 2.774382
-0.1504469 0.2675092 2.764025
-0.1468011 0.3663518 2.771356
0.2868431 0.317912 2.754537
0.3129658 0.3905447 2.722173
123
0.05669183 0.3859912 2.889454
0.04368058 0.7034457 2.839982
0.03589065 1.02798 2.755973
0.03419667 1.155158 2.732796
-0.1500171 0.8965678 2.745874
-0.2166735 0.612392 2.794753
-0.1898469 0.3968142 2.777436
-0.1757869 0.3620669 2.777879
0.2310567 0.9253312 2.750493
0.3027802 0.6449323 2.789577
0.2885935 0.4293388 2.761055
0.286406 0.3959028 2.750931
-0.02931072 0.3934569 2.857471
-0.08724482 0.0935716 2.80064
-0.05860315 -0.3523234 2.925616
-0.08757284 -0.3795693 2.835045
0.1413503 0.3935711 2.849945
0.195938 0.09582612 2.801181
0.1946411 -0.3640083 2.927458
0.2377845 -0.3832541 2.857817
0.0377766 0.9465421 2.778897
-0.1489045 0.2761164 2.762515
-0.1457885 0.3762619 2.769906
0.2845443 0.3339023 2.755134
0.3100219 0.4112161 2.719201
124
0.05669183 0.3859912 2.889454
0.04368058 0.7034457 2.839982
0.03589065 1.02798 2.755973
0.03419667 1.155158 2.732796
-0.1500171 0.8965678 2.745874
-0.2166735 0.612392 2.794753
-0.1898469 0.3968142 2.777436
-0.1757869 0.3620669 2.777879
0.2310567 0.9253312 2.750493
0.3027802 0.6449323 2.789577
0.2885935 0.4293388 2.761055
0.286406 0.3959028 2.750931
-0.02931072 0.3934569 2.857471
-0.08724482 0.0935716 2.80064
-0.05860315 -0.3523234 2.925616
-0.08757284 -0.3795693 2.835045
0.1413503 0.3935711 2.849945
0.195938 0.09582612 2.801181
0.1946411 -0.3640083 2.927458
0.2377845 -0.3832541 2.857817
0.0377766 0.9465421 2.778897
-0.1489045 0.2761164 2.762515
-0.1457885 0.3762619 2.769906
0.2845443 0.3339023 2.755134
0.3100219 0.4112161 2.719201
125
0.05486592 0.4191453 2.847137
0.04395138 0.7252135 2.829387
0.03574851 1.038629 2.761765
0.03465055 1.169253 2.741793
-0.1541632 0.9326084 2.763078
-0.2146627 0.6597986 2.801016
-0.1898151 0.4446878 2.776293
-0.1815477 0.4043036 2.773154
0.2317819 0.9389499 2.756594
0.2986628 0.6891472 2.794353
0.2851575 0.4622217 2.761208
0.2829059 0.4111451 2.750256
-0.03309911 0.426084 2.813947
-0.06428636 0.09771948 2.826787
-0.04826811 -0.3377727 2.948207
-0.08386871 -0.3671857 2.847409
0.1414951 0.4267978 2.808707
0.1718271 0.09339723 2.830428
0.1862229 -0.35205 2.94439
0.2323233 -0.3726932 2.857877
0.0376886 0.9571945 2.782375
-0.16592 0.3290255 2.769629
-0.1469741 0.4133706 2.765091
0.2810875 0.3452659 2.755896
0.3073065 0.4211848 2.717549
126
0.05486592 0.4191453 2.847137
0.04395138 0.7252135 2.829387
0.03574851 1.038629 2.761765
0.03465055 1.169253 2.741793
-0.1541632 0.9326084 2.763078
-0.2146627 0.6597986 2.801016
-0.1898151 0.4446878 2.776293
-0.1815477 0.4043036 2.773154
0.2317819 0.9389499 2.756594
0.2986628 0.6891472 2.794353
0.2851575 0.4622217 2.761208
0.2829059 0.4111451 2.750256
-0.03309911 0.426084 2.813947
-0.06428636 0.09771948 2.826787
-0.04826811 -0.3377727 2.948207
-0.08386871 -0.3671857 2.847409
0.1414951 0.4267978 2.808707
0.1718271 0.09339723 2.830428
0.1862229 -0.35205 2.94439
0.2323233 -0.3726932 2.857877
0.0376886 0.9571945 2.782375
-0.16592 0.3290255 2.769629
-0.1469741 0.4133706 2.765091
0.2810875 0.3452659 2.755896
0.3073065 0.4211848 2.717549
127
0.05404777 0.4323419 2.830044
0.04396236 0.7362395 2.824114
0.03551066 1.04705 2.7678
0.03515583 1.178805 2.749669
-0.1556691 0.9458041 2.769393
-0.2138248 0.6787379 2.803555
-0.1898451 0.4630663 2.775832
-0.1841466 0.4242577 2.770554
0.2326779 0.9485062 2.762131
0.2970437 0.7055535 2.796328
0.2836312 0.4809774 2.761139
0.2801439 0.4226486 2.749091
-0.03475701 0.4391174 2.796083
-0.05581149 0.09977977 2.837218
-0.04569701 -0.2930859 2.945956
-0.05876114 -0.3251221 2.831425
0.1414894 0.4399778 2.792288
0.1630885 0.09305418 2.841679
0.1825753 -0.3454147 2.952053
0.2283607 -0.3666447 2.859631
0.03752627 0.9654377 2.785421
-0.1722064 0.3595267 2.771523
-0.1470266 0.4336915 2.763597
0.2771355 0.3561171 2.755888
0.305092 0.4305534 2.716016
128
0.05404777 0.4323419 2.830044
0.04396236 0.7362395 2.824114
0.03551066 1.04705 2.7678
0.03515583 1.178805 2.749669
-0.1556691 0.9458041 2.769393
-0.2138248 0.6787379 2.803555
-0.1898451 0.4630663 2.775832
-0.1841466 0.4242577 2.770554
0.2326779 0.9485062 2.762131
0.2970437 0.7055535 2.796328
0.2836312 0.4809774 2.761139
0.2801439 0.4226486 2.749091
-0.03475701 0.4391174 2.796083
-0.05581149 0.09977977 2.837218
-0.04569701 -0.2930859 2.945956
-0.05876114 -0.3251221 2.831425
0.1414894 0.4399778 2.792288
0.1630885 0.09305418 2.841679
0.1825753 -0.3454147 2.952053
0.2283607 -0.3666447 2.859631
0.03752627 0.9654377 2.785421
-0.1722064 0.3595267 2.771523
-0.1470266 0.4336915 2.763597
0.2771355 0.3561171 2.755888
0.305092 0.4305534 2.716016
129
0.05366908 0.439925 2.821047
0.043847 0.7429684 2.8211
0.03512486 1.052848 2.773819
0.03557771 1.185152 2.75724
-0.1566553 0.9538544 2.773493
-0.2134801 0.6882749 2.804829
-0.189636 0.4728025 2.775202
-0.1850138 0.4344419 2.768986
0.2335723 0.9548557 2.767659
0.2962301 0.7150779 2.797515
0.282669 0.4907174 2.760936
0.2777309 0.4297193 2.748858
-0.0355518 0.4465174 2.786799
-0.05067618 0.1007636 2.844004
-0.04321838 -0.3101263 2.956806
-0.05902411 -0.338017 2.856258
0.1415256 0.4476303 2.783551
0.1576206 0.09282179 2.848767
0.1807181 -0.3410083 2.956279
0.225561 -0.3624635 2.860069
0.0372845 0.9712834 2.788121
-0.175912 0.3741288 2.772048
-0.1469133 0.4432293 2.761903
0.2731385 0.3629061 2.75623
0.3036027 0.4363273 2.71565
130
0.05366908 0.439925 2.821047
0.043847 0.7429684 2.8211
0.03512486 1.052848 2.773819
0.03557771 1.185152 2.75724
-0.1566553 0.9538544 2.773493
-0.2134801 0.6882749 2.804829
-0.189636 0.4728025 2.775202
-0.1850138 0.4344419 2.768986
0.2335723 0.9548557 2.767659
0.2962301 0.7150779 2.797515
0.282669 0.4907174 2.760936
0.2777309 0.4297193 2.748858
-0.0355518 0.4465174 2.786799
-0.05067618 0.1007636 2.844004
-0.04321838 -0.3101263 2.956806
-0.05902411 -0.338017 2.856258
0.1415256 0.4476303 2.783551
0.1576206 0.09282179 2.848767
0.1807181 -0.3410083 2.956279
0.225561 -0.3624635 2.860069
0.0372845 0.9712834 2.788121
-0.175912 0.3741288 2.772048
-0.1469133 0.4432293 2.761903
0.2731385 0.3629061 2.75623
0.3036027 0.4363273 2.71565
131
0.05306467 0.4436286 2.815275
0.04373406 0.7474557 2.819126
0.03481669 1.056673 2.780238
0.03616119 1.189391 2.766416
-0.1573864 0.9591713 2.776861
-0.2132046 0.6946114 2.805759
-0.1896526 0.4788841 2.774984
-0.1857004 0.440908 2.76789
0.2344944 0.9586384 2.773787
0.2954933 0.7207459 2.799414
0.2819726 0.4973263 2.761011
0.2745239 0.4337683 2.750207
-0.03638298 0.450045 2.780782
-0.04733454 0.1006735 2.848497
-0.0417932 -0.3206065 2.963143
-0.06061423 -0.3467118 2.868126
0.1411741 0.4515128 2.777978
0.1538743 0.09199697 2.853399
0.1795323 -0.3383102 2.95953
0.2239231 -0.3600291 2.860739
0.0370707 0.9755627 2.79105
-0.1775149 0.3823247 2.772093
-0.1469773 0.4493012 2.760826
0.26957 0.366787 2.757139
0.3007051 0.4383156 2.721095
132
0.05306467 0.4436286 2.815275
0.04373406 0.7474557 2.819126
0.03481669 1.056673 2.780238
0.03616119 1.189391 2.766416
-0.1573864 0.9591713 2.776861
-0.2132046 0.6946114 2.805759
-0.1896526 0.4788841 2.774984
-0.1857004 0.440908 2.76789
0.2344944 0.9586384 2.773787
0.2954933 0.7207459 2.799414
0.2819726 0.4973263 2.761011
0.2745239 0.4337683 2.750207
-0.03638298 0.450045 2.780782
-0.04733454 0.1006735 2.848497
-0.0417932 -0.3206065 2.963143
-0.06061423 -0.3467118 2.868126
0.1411741 0.4515128 2.777978
0.1538743 0.09199697 2.853399
0.1795323 -0.3383102 2.95953
0.2239231 -0.3600291 2.860739
0.0370707 0.9755627 2.79105
-0.1775149 0.3823247 2.772093
-0.1469773 0.4493012 2.760826
0.26957 0.366787 2.757139
0.3007051 0.4383156 2.721095
133
0.05220472 0.4427866 2.813399
0.04355928 0.750222 2.817775
0.03425945 1.058767 2.787192
0.0365712 1.191418 2.775568
-0.1579026 0.9618168 2.780324
-0.2128755 0.6966512 2.806463
-0.1899382 0.4801176 2.775218
-0.1866174 0.4429277 2.767002
0.235214 0.9601358 2.780745
0.294675 0.7212198 2.802695
0.2811713 0.5002361 2.762312
0.2701278 0.434749 2.753735
-0.03721971 0.4489769 2.778746
-0.04557012 0.09959637 2.851001
-0.04120582 -0.3281236 2.964538
-0.06282637 -0.3525736 2.87326
0.1403142 0.4510105 2.776213
0.1517493 0.090681 2.855571
0.1786444 -0.3362485 2.96141
0.2227472 -0.3583326 2.86112
0.03667848 0.9784808 2.794788
-0.1789572 0.3838836 2.771268
-0.1471564 0.4533184 2.759915
0.2662759 0.3683217 2.758376
0.2962795 0.4333051 2.73004
