104
1
0.1852778 0.3368697 2.421239
0.1727023 0.6458822 2.414662
0.1592425 0.9483639 2.394546
0.174064 1.08643 2.346775
-0.009330465 0.8505879 2.409495
-0.05217176 0.6099564 2.410997
-0.03859487 0.3971762 2.375939
-0.02143028 0.3437465 2.366385
0.3502862 0.8310099 2.425227
0.3844777 0.5815767 2.425097
0.384019 0.3718165 2.377275
0.3692572 0.3355038 2.367918
0.09911051 0.3462874 2.383509
0.1029636 0.0298191 2.431806
0.136738 -0.3448362 2.499517
0.03998363 -0.3557117 2.487602
0.2649994 0.3461147 2.390051
0.2508851 0.02128815 2.440075
0.2260311 -0.3427959 2.508396
0.1878748 -0.355248 2.428158
0.1627454 0.8735148 2.401982
-0.01130853 0.2618362 2.36561
-0.06534784 0.3371683 2.369396
0.3632225 0.2690582 2.366297
0.409624 0.3395301 2.378613
2
0.1852778 0.3368697 2.421239
0.1727023 0.6458822 2.414662
0.1592425 0.9483639 2.394546
0.174064 1.08643 2.346775
-0.009330465 0.8505879 2.409495
-0.05217176 0.6099564 2.410997
-0.03859487 0.3971762 2.375939
-0.02143028 0.3437465 2.366385
0.3502862 0.8310099 2.425227
0.3844777 0.5815767 2.425097
0.384019 0.3718165 2.377275
0.3692572 0.3355038 2.367918
0.09911051 0.3462874 2.383509
0.1029636 0.0298191 2.431806
0.136738 -0.3448362 2.499517
0.03998363 -0.3557117 2.487602
0.2649994 0.3461147 2.390051
0.2508851 0.02128815 2.440075
0.2260311 -0.3427959 2.508396
0.1878748 -0.355248 2.428158
0.1627454 0.8735148 2.401982
-0.01130853 0.2618362 2.36561
-0.06534784 0.3371683 2.369396
0.3632225 0.2690582 2.366297
0.409624 0.3395301 2.378613
3
0.1851945 0.3368486 2.421187
0.1726396 0.6458409 2.414642
0.1591926 0.948333 2.394531
0.1739907 1.086431 2.346749
-0.009358439 0.8505566 2.409496
-0.0522517 0.6101094 2.410802
-0.03857294 0.397153 2.375757
-0.02160207 0.3438213 2.366096
0.3501863 0.831054 2.425085
0.3845114 0.5815198 2.425032
0.3840325 0.371771 2.377174
0.3693238 0.3366064 2.36787
0.09906762 0.3462653 2.383506
0.1029753 0.0298444 2.431752
0.1368637 -0.3450881 2.499501
0.03905974 -0.3558383 2.48893
0.26493 0.3461039 2.389949
0.2508773 0.02124747 2.440053
0.2259899 -0.342499 2.508283
0.1885549 -0.355194 2.426949
0.162694 0.8734814 2.401968
-0.01148991 0.2619063 2.365434
-0.06570863 0.3393065 2.367813
0.362813 0.2686471 2.366184
0.4096599 0.3395127 2.378752
4
0.1851945 0.3368486 2.421187
0.1726396 0.6458409 2.414642
0.1591926 0.948333 2.394531
0.1739907 1.086431 2.346749
-0.009358439 0.8505566 2.409496
-0.0522517 0.6101094 2.410802
-0.03857294 0.397153 2.375757
-0.02160207 0.3438213 2.366096
0.3501863 0.831054 2.425085
0.3845114 0.5815198 2.425032
0.3840325 0.371771 2.377174
0.3693238 0.3366064 2.36787
0.09906762 0.3462653 2.383506
0.1029753 0.0298444 2.431752
0.1368637 -0.3450881 2.499501
0.03905974 -0.3558383 2.48893
0.26493 0.3461039 2.389949
0.2508773 0.02124747 2.440053
0.2259899 -0.342499 2.508283
0.1885549 -0.355194 2.426949
0.162694 0.8734814 2.401968
-0.01148991 0.2619063 2.365434
-0.06570863 0.3393065 2.367813
0.362813 0.2686471 2.366184
0.4096599 0.3395127 2.378752
5
0.1851111 0.336827 2.421131
0.1725791 0.6458004 2.414619
0.1591467 0.9483031 2.394513
0.1739249 1.086432 2.346725
-0.009387189 0.8505269 2.409494
-0.05233585 0.6102363 2.410602
-0.03855879 0.3971289 2.375569
-0.02174955 0.3438327 2.365949
0.3500457 0.8311249 2.424901
0.3845353 0.5814565 2.424957
0.3840353 0.3717178 2.377052
0.3692922 0.3371181 2.367806
0.09902126 0.3462443 2.383494
0.1029897 0.02986922 2.4317
0.1369219 -0.3453954 2.49947
0.03826271 -0.356004 2.490125
0.2648637 0.3460906 2.389854
0.25087 0.0212088 2.440033
0.2259558 -0.3423737 2.508227
0.1892769 -0.3552728 2.426055
0.162646 0.8734489 2.401952
-0.01168197 0.2619404 2.365367
-0.06248506 0.3271873 2.363516
0.3626817 0.2681485 2.366442
0.4095196 0.3382205 2.378173
6
0.1851111 0.336827 2.421131
0.1725791 0.6458004 2.414619
0.1591467 0.9483031 2.394513
0.1739249 1.086432 2.346725
-0.009387189 0.8505269 2.409494
-0.05233585 0.6102363 2.410602
-0.03855879 0.3971289 2.375569
-0.02174955 0.3438327 2.365949
0.3500457 0.8311249 2.424901
0.3845353 0.5814565 2.424957
0.3840353 0.3717178 2.377052
0.3692922 0.3371181 2.367806
0.09902126 0.3462443 2.383494
0.1029897 0.02986922 2.4317
0.1369219 -0.3453954 2.49947
0.03826271 -0.356004 2.490125
0.2648637 0.3460906 2.389854
0.25087 0.0212088 2.440033
0.2259558 -0.3423737 2.508227
0.1892769 -0.3552728 2.426055
0.162646 0.8734489 2.401952
-0.01168197 0.2619404 2.365367
-0.06248506 0.3271873 2.363516
0.3626817 0.2681485 2.366442
0.4095196 0.3382205 2.378173
7
0.1850213 0.3368077 2.421063
0.1725166 0.6457601 2.41459
0.1591005 0.948272 2.394493
0.1738642 1.086434 2.346699
-0.009415424 0.8504994 2.409489
-0.05242747 0.6103566 2.410402
-0.03855591 0.3971044 2.375375
-0.02201462 0.3439816 2.365593
0.3499465 0.8311663 2.424764
0.3845444 0.5813873 2.42487
0.3840174 0.3716559 2.376883
0.3690678 0.3367954 2.367403
0.09896902 0.3462252 2.383469
0.1030074 0.02989572 2.431643
0.1370049 -0.345622 2.499418
0.03769027 -0.356135 2.490988
0.2647932 0.3460796 2.389751
0.2508627 0.0211726 2.440011
0.2259105 -0.3421269 2.508182
0.1901736 -0.355265 2.425085
0.1625974 0.8734155 2.401932
-0.01252489 0.2625487 2.364896
-0.06265746 0.3264494 2.36269
0.362888 0.2679986 2.366369
0.4094992 0.3380274 2.378118
8
0.1850213 0.3368077 2.421063
0.1725166 0.6457601 2.41459
0.1591005 0.948272 2.394493
0.1738642 1.086434 2.346699
-0.009415424 0.8504994 2.409489
-0.05242747 0.6103566 2.410402
-0.03855591 0.3971044 2.375375
-0.02201462 0.3439816 2.365593
0.3499465 0.8311663 2.424764
0.3845444 0.5813873 2.42487
0.3840174 0.3716559 2.376883
0.3690678 0.3367954 2.367403
0.09896902 0.3462252 2.383469
0.1030074 0.02989572 2.431643
0.1370049 -0.345622 2.499418
0.03769027 -0.356135 2.490988
0.2647932 0.3460796 2.389751
0.2508627 0.0211726 2.440011
0.2259105 -0.3421269 2.508182
0.1901736 -0.355265 2.425085
0.1625974 0.8734155 2.401932
-0.01252489 0.2625487 2.364896
-0.06265746 0.3264494 2.36269
0.362888 0.2679986 2.366369
0.4094992 0.3380274 2.378118
9
0.1849355 0.3367901 2.420996
0.1724574 0.645722 2.414562
0.1590574 0.9482422 2.394472
0.1738105 1.086436 2.346676
-0.009445105 0.8504711 2.409484
-0.05253066 0.6104636 2.410222
-0.03856023 0.3970771 2.375181
-0.02213499 0.3439931 2.365483
0.3498367 0.8312169 2.424621
0.3845386 0.5813102 2.424779
0.3839918 0.3715862 2.376709
0.3688568 0.3364052 2.367251
0.09891798 0.3462076 2.383442
0.1030295 0.02991644 2.431593
0.1370421 -0.3455028 2.499338
0.03713887 -0.3561639 2.490417
0.2647263 0.3460705 2.389655
0.2508572 0.02113842 2.43999
0.2258732 -0.3425672 2.508271
0.1911262 -0.3556907 2.425653
0.1625517 0.8733836 2.401911
-0.01282436 0.2624674 2.364907
-0.06405367 0.3261481 2.36494
0.363515 0.2679943 2.366354
0.4094305 0.3385231 2.378488
10
0.1848521 0.3367725 2.420931
0.1723995 0.6456847 2.414533
0.159016 0.9482126 2.394452
0.1737602 1.08644 2.346653
-0.0094776 0.8504401 2.409475
-0.05268298 0.6106335 2.410024
-0.03857005 0.3970439 2.374986
-0.02226722 0.3440425 2.365304
0.3497131 0.8312813 2.424471
0.384506 0.5812081 2.424666
0.3839311 0.3714922 2.376508
0.3684584 0.3357269 2.366885
0.0988677 0.3461913 2.383413
0.1030555 0.02993115 2.431549
0.1372695 -0.3454472 2.499468
0.03686208 -0.3561984 2.490628
0.2646605 0.346058 2.389561
0.2508482 0.02110331 2.439966
0.225846 -0.3429777 2.508365
0.1918112 -0.3560756 2.426205
0.1625074 0.8733521 2.401891
-0.01295397 0.2624654 2.364882
-0.06508759 0.3313592 2.364056
0.3629795 0.2673351 2.366253
0.4093941 0.3385062 2.378517
11
0.1848521 0.3367725 2.420931
0.1723995 0.6456847 2.414533
0.159016 0.9482126 2.394452
0.1737602 1.08644 2.346653
-0.0094776 0.8504401 2.409475
-0.05268298 0.6106335 2.410024
-0.03857005 0.3970439 2.374986
-0.02226722 0.3440425 2.365304
0.3497131 0.8312813 2.424471
0.384506 0.5812081 2.424666
0.3839311 0.3714922 2.376508
0.3684584 0.3357269 2.366885
0.0988677 0.3461913 2.383413
0.1030555 0.02993115 2.431549
0.1372695 -0.3454472 2.499468
0.03686208 -0.3561984 2.490628
0.2646605 0.346058 2.389561
0.2508482 0.02110331 2.439966
0.225846 -0.3429777 2.508365
0.1918112 -0.3560756 2.426205
0.1625074 0.8733521 2.401891
-0.01295397 0.2624654 2.364882
-0.06508759 0.3313592 2.364056
0.3629795 0.2673351 2.366253
0.4093941 0.3385062 2.378517
12
0.1848521 0.3367725 2.420931
0.1723995 0.6456847 2.414533
0.159016 0.9482126 2.394452
0.1737602 1.08644 2.346653
-0.0094776 0.8504401 2.409475
-0.05268298 0.6106335 2.410024
-0.03857005 0.3970439 2.374986
-0.02226722 0.3440425 2.365304
0.3497131 0.8312813 2.424471
0.384506 0.5812081 2.424666
0.3839311 0.3714922 2.376508
0.3684584 0.3357269 2.366885
0.0988677 0.3461913 2.383413
0.1030555 0.02993115 2.431549
0.1372695 -0.3454472 2.499468
0.03686208 -0.3561984 2.490628
0.2646605 0.346058 2.389561
0.2508482 0.02110331 2.439966
0.225846 -0.3429777 2.508365
0.1918112 -0.3560756 2.426205
0.1625074 0.8733521 2.401891
-0.01295397 0.2624654 2.364882
-0.06508759 0.3313592 2.364056
0.3629795 0.2673351 2.366253
0.4093941 0.3385062 2.378517
13
0.1847653 0.3367507 2.420864
0.1723438 0.6456482 2.414505
0.1589785 0.9481853 2.394434
0.1737124 1.086443 2.346632
-0.009517684 0.850403 2.409462
-0.05284232 0.6108106 2.409844
-0.03858608 0.3970117 2.374795
-0.02241581 0.3441046 2.365087
0.3495858 0.8313462 2.424323
0.3844622 0.5811054 2.424548
0.3838665 0.3713996 2.376305
0.3683558 0.335957 2.366818
0.09881417 0.3461727 2.383382
0.1030827 0.02994298 2.431507
0.1394004 -0.3495121 2.494248
0.03728796 -0.3585426 2.498739
0.2645912 0.3460402 2.389468
0.2508283 0.02107581 2.439938
0.2256612 -0.343388 2.50842
0.1928015 -0.3564448 2.426856
0.1624663 0.8733223 2.401872
-0.01327305 0.2625022 2.364882
-0.06541504 0.3321906 2.363958
0.3628702 0.2673407 2.366138
0.4093316 0.338594 2.378522
14
0.1847653 0.3367507 2.420864
0.1723438 0.6456482 2.414505
0.1589785 0.9481853 2.394434
0.1737124 1.086443 2.346632
-0.009517684 0.850403 2.409462
-0.05284232 0.6108106 2.409844
-0.03858608 0.3970117 2.374795
-0.02241581 0.3441046 2.365087
0.3495858 0.8313462 2.424323
0.3844622 0.5811054 2.424548
0.3838665 0.3713996 2.376305
0.3683558 0.335957 2.366818
0.09881417 0.3461727 2.383382
0.1030827 0.02994298 2.431507
0.1394004 -0.3495121 2.494248
0.03728796 -0.3585426 2.498739
0.2645912 0.3460402 2.389468
0.2508283 0.02107581 2.439938
0.2256612 -0.343388 2.50842
0.1928015 -0.3564448 2.426856
0.1624663 0.8733223 2.401872
-0.01327305 0.2625022 2.364882
-0.06541504 0.3321906 2.363958
0.3628702 0.2673407 2.366138
0.4093316 0.338594 2.378522
15
0.1846786 0.3367297 2.420797
0.1722893 0.6456133 2.414477
0.1589429 0.9481593 2.394417
0.1736702 1.086445 2.346612
-0.00956455 0.8503628 2.409445
-0.05301927 0.6109933 2.409672
-0.03860945 0.3969797 2.374609
-0.02256745 0.3441695 2.364932
0.3494892 0.8313848 2.424209
0.3844092 0.580997 2.424425
0.3837992 0.3713038 2.37611
0.3679865 0.3353226 2.36646
0.09876084 0.3461548 2.38335
0.1031216 0.02994074 2.431467
0.1392677 -0.3449946 2.492614
0.03578775 -0.3567322 2.481812
0.2645195 0.3460228 2.389374
0.2507998 0.02105036 2.439905
0.22553 -0.3435324 2.508447
0.193114 -0.3565657 2.427171
0.1624268 0.8732937 2.401853
-0.01354867 0.2627823 2.364699
-0.06559946 0.3325214 2.363814
0.3627712 0.2670002 2.366025
0.4092486 0.3386053 2.378525
16
0.1846786 0.3367297 2.420797
0.1722893 0.6456133 2.414477
0.1589429 0.9481593 2.394417
0.1736702 1.086445 2.346612
-0.00956455 0.8503628 2.409445
-0.05301927 0.6109933 2.409672
-0.03860945 0.3969797 2.374609
-0.02256745 0.3441695 2.364932
0.3494892 0.8313848 2.424209
0.3844092 0.580997 2.424425
0.3837992 0.3713038 2.37611
0.3679865 0.3353226 2.36646
0.09876084 0.3461548 2.38335
0.1031216 0.02994074 2.431467
0.1392677 -0.3449946 2.492614
0.03578775 -0.3567322 2.481812
0.2645195 0.3460228 2.389374
0.2507998 0.02105036 2.439905
0.22553 -0.3435324 2.508447
0.193114 -0.3565657 2.427171
0.1624268 0.8732937 2.401853
-0.01354867 0.2627823 2.364699
-0.06559946 0.3325214 2.363814
0.3627712 0.2670002 2.366025
0.4092486 0.3386053 2.378525
17
0.1845848 0.3367062 2.420718
0.1722342 0.6455789 2.414446
0.1589092 0.9481347 2.3944
0.1736317 1.086447 2.346595
-0.009626371 0.8503138 2.409416
-0.05320486 0.6111345 2.409515
-0.03865895 0.396929 2.374367
-0.02282455 0.3442324 2.364611
0.3494172 0.8314075 2.424124
0.3843593 0.5808979 2.424314
0.383735 0.3712161 2.375923
0.3678794 0.335418 2.366292
0.0986978 0.3461371 2.383303
0.1031704 0.02991631 2.431423
0.1392124 -0.3428376 2.491671
0.03502832 -0.3558147 2.473707
0.2644437 0.3460007 2.389275
0.2507684 0.02102707 2.439872
0.225555 -0.3441214 2.508397
0.1943139 -0.3571002 2.427742
0.162389 0.8732666 2.401835
-0.01340751 0.2630907 2.36409
-0.06654624 0.3354623 2.363792
0.3621134 0.2664698 2.365079
0.4091875 0.338878 2.37858
18
0.1845848 0.3367062 2.420718
0.1722342 0.6455789 2.414446
0.1589092 0.9481347 2.3944
0.1736317 1.086447 2.346595
-0.009626371 0.8503138 2.409416
-0.05320486 0.6111345 2.409515
-0.03865895 0.396929 2.374367
-0.02282455 0.3442324 2.364611
0.3494172 0.8314075 2.424124
0.3843593 0.5808979 2.424314
0.383735 0.3712161 2.375923
0.3678794 0.335418 2.366292
0.0986978 0.3461371 2.383303
0.1031704 0.02991631 2.431423
0.1392124 -0.3428376 2.491671
0.03502832 -0.3558147 2.473707
0.2644437 0.3460007 2.389275
0.2507684 0.02102707 2.439872
0.225555 -0.3441214 2.508397
0.1943139 -0.3571002 2.427742
0.162389 0.8732666 2.401835
-0.01340751 0.2630907 2.36409
-0.06654624 0.3354623 2.363792
0.3621134 0.2664698 2.365079
0.4091875 0.338878 2.37858
19
0.1844941 0.3366845 2.420642
0.1721818 0.6455466 2.414417
0.1588778 0.9481117 2.394384
0.1735967 1.086449 2.34658
-0.009686805 0.8502663 2.409385
-0.0534376 0.6113141 2.409354
-0.03887949 0.3968154 2.374056
-0.02371563 0.3443031 2.364771
0.3492917 0.8314548 2.424016
0.3843299 0.5808387 2.424225
0.3837069 0.3711689 2.37579
0.368346 0.3357613 2.366612
0.09863482 0.3461208 2.383256
0.103254 0.02981256 2.431375
0.1388768 -0.3419571 2.491582
0.03668638 -0.355511 2.468352
0.2643708 0.3459803 2.38918
0.2507327 0.02099962 2.439843
0.2255783 -0.3454904 2.508514
0.1933117 -0.3580599 2.429614
0.1623534 0.8732411 2.401818
-0.01477309 0.263455 2.364403
-0.06718268 0.336079 2.363871
0.3646953 0.265469 2.366292
0.4108265 0.3353448 2.37622
20
0.1844941 0.3366845 2.420642
0.1721818 0.6455466 2.414417
0.1588778 0.9481117 2.394384
0.1735967 1.086449 2.34658
-0.009686805 0.8502663 2.409385
-0.0534376 0.6113141 2.409354
-0.03887949 0.3968154 2.374056
-0.02371563 0.3443031 2.364771
0.3492917 0.8314548 2.424016
0.3843299 0.5808387 2.424225
0.3837069 0.3711689 2.37579
0.368346 0.3357613 2.366612
0.09863482 0.3461208 2.383256
0.103254 0.02981256 2.431375
0.1388768 -0.3419571 2.491582
0.03668638 -0.355511 2.468352
0.2643708 0.3459803 2.38918
0.2507327 0.02099962 2.439843
0.2255783 -0.3454904 2.508514
0.1933117 -0.3580599 2.429614
0.1623534 0.8732411 2.401818
-0.01477309 0.263455 2.364403
-0.06718268 0.336079 2.363871
0.3646953 0.265469 2.366292
0.4108265 0.3353448 2.37622
21
0.1844082 0.3366687 2.42057
0.1721321 0.6455183 2.414389
0.1588484 0.9480909 2.394369
0.1735637 1.086452 2.346568
-0.009746098 0.8502261 2.409353
-0.05392691 0.6116188 2.409118
-0.04777161 0.3968232 2.373998
-0.03806695 0.3438558 2.369035
0.3486849 0.8318313 2.42365
0.3846837 0.5807358 2.424159
0.3935522 0.3710487 2.377416
0.3819171 0.3391611 2.370198
0.09857187 0.3461066 2.383207
0.1033276 0.02971874 2.431329
0.1381795 -0.3415676 2.49207
0.03753495 -0.355334 2.46567
0.2643065 0.3459733 2.389104
0.2506956 0.0209746 2.439812
0.2255511 -0.3458088 2.50848
0.1930593 -0.3582644 2.430051
0.1623199 0.8732182 2.401802
-0.03207681 0.2638901 2.373221
-0.07885908 0.3374627 2.366952
0.3877521 0.2642978 2.367937
0.4282326 0.3370788 2.376388
22
0.1844082 0.3366687 2.42057
0.1721321 0.6455183 2.414389
0.1588484 0.9480909 2.394369
0.1735637 1.086452 2.346568
-0.009746098 0.8502261 2.409353
-0.05392691 0.6116188 2.409118
-0.04777161 0.3968232 2.373998
-0.03806695 0.3438558 2.369035
0.3486849 0.8318313 2.42365
0.3846837 0.5807358 2.424159
0.3935522 0.3710487 2.377416
0.3819171 0.3391611 2.370198
0.09857187 0.3461066 2.383207
0.1033276 0.02971874 2.431329
0.1381795 -0.3415676 2.49207
0.03753495 -0.355334 2.46567
0.2643065 0.3459733 2.389104
0.2506956 0.0209746 2.439812
0.2255511 -0.3458088 2.50848
0.1930593 -0.3582644 2.430051
0.1623199 0.8732182 2.401802
-0.03207681 0.2638901 2.373221
-0.07885908 0.3374627 2.366952
0.3877521 0.2642978 2.367937
0.4282326 0.3370788 2.376388
23
0.1842915 0.3366791 2.420461
0.1720798 0.6454971 2.414357
0.1588214 0.9480729 2.394355
0.1735335 1.086455 2.346558
-0.009787488 0.8502242 2.409322
-0.05968333 0.6153344 2.407832
-0.09260461 0.4085072 2.383481
-0.08947707 0.3540545 2.379148
0.347955 0.8322975 2.423206
0.3906694 0.581835 2.424444
0.4476606 0.3814566 2.37807
0.4384414 0.3552433 2.374582
0.09846467 0.3461186 2.383111
0.1033797 0.02965181 2.431281
0.1373812 -0.3413945 2.492645
0.03810981 -0.3552157 2.464079
0.2642267 0.3459896 2.389
0.2506657 0.02097461 2.43977
0.2260184 -0.3460327 2.508092
0.1930548 -0.3583061 2.43027
0.1622886 0.8731987 2.401786
-0.08424268 0.2739357 2.389787
-0.119771 0.3580932 2.373882
0.4454019 0.2766835 2.365835
0.4789905 0.3555169 2.380686
24
0.1842915 0.3366791 2.420461
0.1720798 0.6454971 2.414357
0.1588214 0.9480729 2.394355
0.1735335 1.086455 2.346558
-0.009787488 0.8502242 2.409322
-0.05968333 0.6153344 2.407832
-0.09260461 0.4085072 2.383481
-0.08947707 0.3540545 2.379148
0.347955 0.8322975 2.423206
0.3906694 0.581835 2.424444
0.4476606 0.3814566 2.37807
0.4384414 0.3552433 2.374582
0.09846467 0.3461186 2.383111
0.1033797 0.02965181 2.431281
0.1373812 -0.3413945 2.492645
0.03810981 -0.3552157 2.464079
0.2642267 0.3459896 2.389
0.2506657 0.02097461 2.43977
0.2260184 -0.3460327 2.508092
0.1930548 -0.3583061 2.43027
0.1622886 0.8731987 2.401786
-0.08424268 0.2739357 2.389787
-0.119771 0.3580932 2.373882
0.4454019 0.2766835 2.365835
0.4789905 0.3555169 2.380686
25
0.1841617 0.3367762 2.420335
0.1720258 0.6454971 2.414315
0.1587949 0.9480603 2.394334
0.1735051 1.086465 2.34655
-0.009787615 0.8504043 2.409302
-0.08110546 0.629252 2.409242
-0.1597385 0.4330036 2.400217
-0.1584369 0.3713268 2.396189
0.3471299 0.833223 2.423006
0.4238721 0.5962407 2.43114
0.5228198 0.4072014 2.401716
0.5179322 0.3755116 2.390299
0.09834041 0.3461916 2.383
0.1034168 0.02960296 2.431233
0.1363344 -0.3421658 2.493392
0.03785184 -0.3554669 2.465993
0.2641386 0.346121 2.38887
0.2506288 0.02098909 2.439721
0.2262309 -0.3462362 2.507805
0.1930725 -0.3583518 2.430575
0.1622577 0.8731871 2.401763
-0.1595822 0.2995435 2.414741
-0.1814999 0.3883684 2.3974
0.5289342 0.3016066 2.374464
0.5551858 0.3737147 2.418159
26
0.1841617 0.3367762 2.420335
0.1720258 0.6454971 2.414315
0.1587949 0.9480603 2.394334
0.1735051 1.086465 2.34655
-0.009787615 0.8504043 2.409302
-0.08110546 0.629252 2.409242
-0.1597385 0.4330036 2.400217
-0.1584369 0.3713268 2.396189
0.3471299 0.833223 2.423006
0.4238721 0.5962407 2.43114
0.5228198 0.4072014 2.401716
0.5179322 0.3755116 2.390299
0.09834041 0.3461916 2.383
0.1034168 0.02960296 2.431233
0.1363344 -0.3421658 2.493392
0.03785184 -0.3554669 2.465993
0.2641386 0.346121 2.38887
0.2506288 0.02098909 2.439721
0.2262309 -0.3462362 2.507805
0.1930725 -0.3583518 2.430575
0.1622577 0.8731871 2.401763
-0.1595822 0.2995435 2.414741
-0.1814999 0.3883684 2.3974
0.5289342 0.3016066 2.374464
0.5551858 0.3737147 2.418159
27
0.1839852 0.3370655 2.420129
0.1719476 0.6455604 2.414241
0.1587618 0.9480653 2.394305
0.17348 1.086479 2.346546
-0.009749389 0.8508529 2.409347
-0.1183896 0.6538815 2.416254
-0.2335292 0.4689687 2.416124
-0.2409741 0.4114455 2.414585
0.3464059 0.8344761 2.423013
0.4751464 0.6229439 2.440991
0.6036451 0.4451757 2.42112
0.6123494 0.4038044 2.416538
0.09814273 0.3464743 2.382745
0.1034647 0.02957033 2.431165
0.1357893 -0.3423693 2.493879
0.03768682 -0.3554921 2.466617
0.2640297 0.346442 2.388705
0.2505763 0.02108492 2.439607
0.2264819 -0.3464127 2.507545
0.1929858 -0.358387 2.430893
0.1622171 0.8731996 2.401727
-0.2558745 0.3434582 2.440915
-0.2614713 0.4118162 2.422559
0.6443667 0.3506056 2.440476
0.6295603 0.4152679 2.425099
28
0.1839852 0.3370655 2.420129
0.1719476 0.6455604 2.414241
0.1587618 0.9480653 2.394305
0.17348 1.086479 2.346546
-0.009749389 0.8508529 2.409347
-0.1183896 0.6538815 2.416254
-0.2335292 0.4689687 2.416124
-0.2409741 0.4114455 2.414585
0.3464059 0.8344761 2.423013
0.4751464 0.6229439 2.440991
0.6036451 0.4451757 2.42112
0.6123494 0.4038044 2.416538
0.09814273 0.3464743 2.382745
0.1034647 0.02957033 2.431165
0.1357893 -0.3423693 2.493879
0.03768682 -0.3554921 2.466617
0.2640297 0.346442 2.388705
0.2505763 0.02108492 2.439607
0.2264819 -0.3464127 2.507545
0.1929858 -0.358387 2.430893
0.1622171 0.8731996 2.401727
-0.2558745 0.3434582 2.440915
-0.2614713 0.4118162 2.422559
0.6443667 0.3506056 2.440476
0.6295603 0.4152679 2.425099
29
0.1837535 0.3376145 2.419853
0.171865 0.6456992 2.414139
0.1587397 0.9480861 2.394268
0.1734537 1.086502 2.346545
-0.009656545 0.8516322 2.409571
-0.1514381 0.6836333 2.423129
-0.3121298 0.5273722 2.42634
-0.3305853 0.4719629 2.431505
0.3461381 0.8361284 2.423528
0.5240736 0.6584899 2.452429
0.687569 0.5062913 2.453355
0.701405 0.4715161 2.446397
0.09787134 0.3470571 2.382361
0.103517 0.02954731 2.431091
0.1353031 -0.3427296 2.494335
0.03755158 -0.3556137 2.467623
0.2638901 0.3469793 2.388515
0.2505369 0.0212405 2.43946
0.2266607 -0.3465112 2.507281
0.1926965 -0.3583833 2.430948
0.1621853 0.8732359 2.401681
-0.3647597 0.4051184 2.467924
-0.3548095 0.4496558 2.447249
0.7595252 0.4169767 2.493132
0.7005667 0.5022421 2.457857
30
0.1837535 0.3376145 2.419853
0.171865 0.6456992 2.414139
0.1587397 0.9480861 2.394268
0.1734537 1.086502 2.346545
-0.009656545 0.8516322 2.409571
-0.1514381 0.6836333 2.423129
-0.3121298 0.5273722 2.42634
-0.3305853 0.4719629 2.431505
0.3461381 0.8361284 2.423528
0.5240736 0.6584899 2.452429
0.687569 0.5062913 2.453355
0.701405 0.4715161 2.446397
0.09787134 0.3470571 2.382361
0.103517 0.02954731 2.431091
0.1353031 -0.3427296 2.494335
0.03755158 -0.3556137 2.467623
0.2638901 0.3469793 2.388515
0.2505369 0.0212405 2.43946
0.2266607 -0.3465112 2.507281
0.1926965 -0.3583833 2.430948
0.1621853 0.8732359 2.401681
-0.3647597 0.4051184 2.467924
-0.3548095 0.4496558 2.447249
0.7595252 0.4169767 2.493132
0.7005667 0.5022421 2.457857
31
0.1834358 0.3386953 2.41941
0.1717561 0.6460202 2.413954
0.1587197 0.9481404 2.394207
0.1734269 1.08653 2.346545
-0.009628817 0.8525528 2.409922
-0.189523 0.7254303 2.432346
-0.3856252 0.6035461 2.437368
-0.3969893 0.5755918 2.440341
0.3464536 0.8383256 2.424644
0.5545821 0.7071419 2.459861
0.745559 0.5887038 2.465135
0.7938443 0.5495895 2.481834
0.09749287 0.3481536 2.381755
0.1035827 0.02953736 2.430995
0.1352594 -0.3448046 2.494968
0.03924072 -0.3567603 2.472553
0.2637035 0.3480424 2.388216
0.2505155 0.02167249 2.439179
0.2271923 -0.3469725 2.506954
0.1919932 -0.3586188 2.431493
0.1621518 0.873327 2.4016
-0.428262 0.5218756 2.438091
-0.391202 0.5975 2.436615
0.8451596 0.5098751 2.519755
0.7959902 0.5895283 2.521952
32
0.1834358 0.3386953 2.41941
0.1717561 0.6460202 2.413954
0.1587197 0.9481404 2.394207
0.1734269 1.08653 2.346545
-0.009628817 0.8525528 2.409922
-0.189523 0.7254303 2.432346
-0.3856252 0.6035461 2.437368
-0.3969893 0.5755918 2.440341
0.3464536 0.8383256 2.424644
0.5545821 0.7071419 2.459861
0.745559 0.5887038 2.465135
0.7938443 0.5495895 2.481834
0.09749287 0.3481536 2.381755
0.1035827 0.02953736 2.430995
0.1352594 -0.3448046 2.494968
0.03924072 -0.3567603 2.472553
0.2637035 0.3480424 2.388216
0.2505155 0.02167249 2.439179
0.2271923 -0.3469725 2.506954
0.1919932 -0.3586188 2.431493
0.1621518 0.873327 2.4016
-0.428262 0.5218756 2.438091
-0.391202 0.5975 2.436615
0.8451596 0.5098751 2.519755
0.7959902 0.5895283 2.521952
33
0.1830297 0.3404244 2.418787
0.1715886 0.6466597 2.41365
0.1586873 0.9482737 2.394101
0.1733861 1.086598 2.346551
-0.01031303 0.8537904 2.410667
-0.2289342 0.7753766 2.437115
-0.448503 0.6909682 2.445498
-0.4541563 0.6904063 2.442799
0.3479102 0.8417652 2.426527
0.5776361 0.76304 2.466217
0.777513 0.6712265 2.457532
0.8321375 0.6340255 2.47818
0.09701117 0.3499075 2.380867
0.1036582 0.02964559 2.430765
0.1349083 -0.3457339 2.495823
0.03972315 -0.3572482 2.475109
0.2634535 0.3497257 2.38783
0.2505111 0.02257664 2.438675
0.228086 -0.3473085 2.506484
0.1915176 -0.3587691 2.431875
0.1620967 0.8735406 2.401459
-0.4499791 0.6736256 2.414976
-0.4461403 0.7022505 2.437265
0.8675486 0.5940623 2.503783
0.8317524 0.6739939 2.503016
34
0.1830297 0.3404244 2.418787
0.1715886 0.6466597 2.41365
0.1586873 0.9482737 2.394101
0.1733861 1.086598 2.346551
-0.01031303 0.8537904 2.410667
-0.2289342 0.7753766 2.437115
-0.448503 0.6909682 2.445498
-0.4541563 0.6904063 2.442799
0.3479102 0.8417652 2.426527
0.5776361 0.76304 2.466217
0.777513 0.6712265 2.457532
0.8321375 0.6340255 2.47818
0.09701117 0.3499075 2.380867
0.1036582 0.02964559 2.430765
0.1349083 -0.3457339 2.495823
0.03972315 -0.3572482 2.475109
0.2634535 0.3497257 2.38783
0.2505111 0.02257664 2.438675
0.228086 -0.3473085 2.506484
0.1915176 -0.3587691 2.431875
0.1620967 0.8735406 2.401459
-0.4499791 0.6736256 2.414976
-0.4461403 0.7022505 2.437265
0.8675486 0.5940623 2.503783
0.8317524 0.6739939 2.503016
35
0.1826496 0.3430015 2.418201
0.1714262 0.6477705 2.413296
0.1586688 0.9485489 2.393956
0.1733201 1.086711 2.346569
-0.01267619 0.8558569 2.411873
-0.2456892 0.8054719 2.443963
-0.4721382 0.8068361 2.438765
-0.5271948 0.8129174 2.43317
0.3517037 0.8474599 2.429209
0.5911987 0.8127995 2.46929
0.8025444 0.7518378 2.450376
0.8676096 0.7118734 2.468128
0.09660203 0.352264 2.379949
0.1037095 0.03034291 2.430094
0.1346195 -0.3481227 2.496883
0.0387074 -0.3583423 2.483361
0.2631879 0.3525229 2.387603
0.2505274 0.02355905 2.438124
0.2290151 -0.3475878 2.506008
0.1910949 -0.358895 2.432171
0.1620537 0.8739619 2.40127
-0.5384617 0.8102015 2.399565
-0.5196353 0.8281263 2.425196
0.9313087 0.6674635 2.497962
0.8579111 0.6900221 2.527442
36
0.1826496 0.3430015 2.418201
0.1714262 0.6477705 2.413296
0.1586688 0.9485489 2.393956
0.1733201 1.086711 2.346569
-0.01267619 0.8558569 2.411873
-0.2456892 0.8054719 2.443963
-0.4721382 0.8068361 2.438765
-0.5271948 0.8129174 2.43317
0.3517037 0.8474599 2.429209
0.5911987 0.8127995 2.46929
0.8025444 0.7518378 2.450376
0.8676096 0.7118734 2.468128
0.09660203 0.352264 2.379949
0.1037095 0.03034291 2.430094
0.1346195 -0.3481227 2.496883
0.0387074 -0.3583423 2.483361
0.2631879 0.3525229 2.387603
0.2505274 0.02355905 2.438124
0.2290151 -0.3475878 2.506008
0.1910949 -0.358895 2.432171
0.1620537 0.8739619 2.40127
-0.5384617 0.8102015 2.399565
-0.5196353 0.8281263 2.425196
0.9313087 0.6674635 2.497962
0.8579111 0.6900221 2.527442
37
0.1820266 0.3471441 2.417994
0.1711367 0.6493841 2.412956
0.1586153 0.9489095 2.393773
0.1731877 1.086954 2.346645
-0.01788662 0.859901 2.413769
-0.2671733 0.8617799 2.445023
-0.5076196 0.8890888 2.436457
-0.5556412 0.8587602 2.4322
0.3563632 0.8546019 2.431357
0.6047482 0.8642906 2.469462
0.823011 0.82764 2.449562
0.8628443 0.8023714 2.439175
0.09603047 0.3558978 2.379451
0.1037311 0.03157359 2.429115
0.1343169 -0.3496913 2.497678
0.03791371 -0.3588831 2.489569
0.2626209 0.3570349 2.387707
0.2505974 0.02496163 2.437366
0.2295094 -0.3475609 2.50608
0.1905914 -0.3589635 2.432319
0.1619592 0.8745281 2.401044
-0.5548248 0.8540173 2.393907
-0.545625 0.8751033 2.422468
0.9137658 0.7809612 2.42035
0.8693835 0.808493 2.454066
38
0.1820266 0.3471441 2.417994
0.1711367 0.6493841 2.412956
0.1586153 0.9489095 2.393773
0.1731877 1.086954 2.346645
-0.01788662 0.859901 2.413769
-0.2671733 0.8617799 2.445023
-0.5076196 0.8890888 2.436457
-0.5556412 0.8587602 2.4322
0.3563632 0.8546019 2.431357
0.6047482 0.8642906 2.469462
0.823011 0.82764 2.449562
0.8628443 0.8023714 2.439175
0.09603047 0.3558978 2.379451
0.1037311 0.03157359 2.429115
0.1343169 -0.3496913 2.497678
0.03791371 -0.3588831 2.489569
0.2626209 0.3570349 2.387707
0.2505974 0.02496163 2.437366
0.2295094 -0.3475609 2.50608
0.1905914 -0.3589635 2.432319
0.1619592 0.8745281 2.401044
-0.5548248 0.8540173 2.393907
-0.545625 0.8751033 2.422468
0.9137658 0.7809612 2.42035
0.8693835 0.808493 2.454066
39
0.1811766 0.3526811 2.418564
0.1707159 0.6516389 2.41283
0.1585367 0.949357 2.393598
0.1729014 1.087363 2.346792
-0.02527301 0.8665445 2.415891
-0.2747772 0.9046708 2.443354
-0.5141566 0.9443455 2.433191
-0.5784318 0.9417982 2.42999
0.3606275 0.8616771 2.43279
0.6083243 0.8896139 2.468963
0.8226957 0.9013586 2.449601
0.8628676 0.8850464 2.43197
0.09538978 0.36074 2.379685
0.1036716 0.03320926 2.427892
0.1326269 -0.3354326 2.495485
0.1089206 -0.3505258 2.423324
0.2616528 0.3630369 2.388601
0.2508002 0.02668511 2.436323
0.229825 -0.3475007 2.50615
0.1905755 -0.3590657 2.432385
0.1618198 0.8752682 2.400845
-0.5787385 0.9446402 2.390163
-0.5689821 0.9540828 2.419948
0.9170768 0.8809874 2.414469
0.8525444 0.8938425 2.440122
40
0.1811766 0.3526811 2.418564
0.1707159 0.6516389 2.41283
0.1585367 0.949357 2.393598
0.1729014 1.087363 2.346792
-0.02527301 0.8665445 2.415891
-0.2747772 0.9046708 2.443354
-0.5141566 0.9443455 2.433191
-0.5784318 0.9417982 2.42999
0.3606275 0.8616771 2.43279
0.6083243 0.8896139 2.468963
0.8226957 0.9013586 2.449601
0.8628676 0.8850464 2.43197
0.09538978 0.36074 2.379685
0.1036716 0.03320926 2.427892
0.1326269 -0.3354326 2.495485
0.1089206 -0.3505258 2.423324
0.2616528 0.3630369 2.388601
0.2508002 0.02668511 2.436323
0.229825 -0.3475007 2.50615
0.1905755 -0.3590657 2.432385
0.1618198 0.8752682 2.400845
-0.5787385 0.9446402 2.390163
-0.5689821 0.9540828 2.419948
0.9170768 0.8809874 2.414469
0.8525444 0.8938425 2.440122
41
0.1799819 0.359069 2.419582
0.1700905 0.6545951 2.412867
0.1584121 0.9499523 2.393408
0.1725237 1.087841 2.34699
-0.03229929 0.8738096 2.417595
-0.3023869 0.9578651 2.441772
-0.5276206 0.9825003 2.431733
-0.584972 0.9886872 2.427766
0.3642462 0.8685591 2.433654
0.6053478 0.9347109 2.465599
0.8194155 0.9473819 2.443197
0.8558416 0.9484825 2.42629
0.09439652 0.3667593 2.38045
0.103617 0.03499422 2.426622
0.13292 -0.3393798 2.496435
0.06135327 -0.3512897 2.462607
0.2603729 0.3694854 2.389815
0.2513992 0.02948296 2.434634
0.2296364 -0.3477761 2.506256
0.1911796 -0.3596205 2.432182
0.1616012 0.876274 2.400649
-0.5594528 0.9878927 2.402387
-0.5551772 0.9985671 2.415339
0.9055717 0.9447877 2.385454
0.8517522 0.9648246 2.418109
42
0.1799819 0.359069 2.419582
0.1700905 0.6545951 2.412867
0.1584121 0.9499523 2.393408
0.1725237 1.087841 2.34699
-0.03229929 0.8738096 2.417595
-0.3023869 0.9578651 2.441772
-0.5276206 0.9825003 2.431733
-0.584972 0.9886872 2.427766
0.3642462 0.8685591 2.433654
0.6053478 0.9347109 2.465599
0.8194155 0.9473819 2.443197
0.8558416 0.9484825 2.42629
0.09439652 0.3667593 2.38045
0.103617 0.03499422 2.426622
0.13292 -0.3393798 2.496435
0.06135327 -0.3512897 2.462607
0.2603729 0.3694854 2.389815
0.2513992 0.02948296 2.434634
0.2296364 -0.3477761 2.506256
0.1911796 -0.3596205 2.432182
0.1616012 0.876274 2.400649
-0.5594528 0.9878927 2.402387
-0.5551772 0.9985671 2.415339
0.9055717 0.9447877 2.385454
0.8517522 0.9648246 2.418109
43
0.1786852 0.3651877 2.420872
0.1694882 0.657769 2.413151
0.1583277 0.9506384 2.393269
0.1720233 1.088396 2.34723
-0.0381772 0.8808294 2.418801
-0.3114886 0.9783762 2.441561
-0.5112126 1.072652 2.431397
-0.5740786 1.103855 2.430743
0.3669802 0.8750131 2.4341
0.6057328 0.9518756 2.465189
0.8139683 0.9895027 2.460709
0.8575445 0.9873968 2.427644
0.09334835 0.3725188 2.381478
0.1036236 0.03641309 2.425638
0.1329752 -0.3401983 2.496854
0.04796231 -0.3513893 2.47271
0.2589144 0.3757186 2.39132
0.2520395 0.03223778 2.433117
0.2296954 -0.3480127 2.506297
0.1917789 -0.3600844 2.431993
0.1614248 0.8774329 2.400544
-0.5680895 1.124122 2.409407
-0.5639125 1.128992 2.418781
0.8999555 0.983767 2.403435
0.8616985 0.9960324 2.413646
44
0.1786852 0.3651877 2.420872
0.1694882 0.657769 2.413151
0.1583277 0.9506384 2.393269
0.1720233 1.088396 2.34723
-0.0381772 0.8808294 2.418801
-0.3114886 0.9783762 2.441561
-0.5112126 1.072652 2.431397
-0.5740786 1.103855 2.430743
0.3669802 0.8750131 2.4341
0.6057328 0.9518756 2.465189
0.8139683 0.9895027 2.460709
0.8575445 0.9873968 2.427644
0.09334835 0.3725188 2.381478
0.1036236 0.03641309 2.425638
0.1329752 -0.3401983 2.496854
0.04796231 -0.3513893 2.47271
0.2589144 0.3757186 2.39132
0.2520395 0.03223778 2.433117
0.2296954 -0.3480127 2.506297
0.1917789 -0.3600844 2.431993
0.1614248 0.8774329 2.400544
-0.5680895 1.124122 2.409407
-0.5639125 1.128992 2.418781
0.8999555 0.983767 2.403435
0.8616985 0.9960324 2.413646
45
0.1776185 0.3704311 2.422056
0.1688794 0.6609387 2.413537
0.1582154 0.9514223 2.393157
0.171435 1.089018 2.347483
-0.04212912 0.8861803 2.419548
-0.2974155 0.989803 2.440351
-0.5027912 1.086137 2.430683
-0.5555657 1.087273 2.420708
0.3690054 0.8813546 2.434248
0.6041139 0.962248 2.464899
0.8088716 1.000331 2.45643
0.845425 1.002662 2.436701
0.09247115 0.3775775 2.382514
0.1036165 0.03765604 2.424809
0.1330415 -0.3404166 2.497081
0.03992804 -0.351536 2.476823
0.2577219 0.380964 2.39261
0.2524881 0.03414069 2.432034
0.22967 -0.3482354 2.506351
0.1924751 -0.3605329 2.431659
0.1612077 0.8787337 2.400492
-0.5455877 1.075583 2.409893
-0.5388381 1.075208 2.404645
0.8945357 1.000243 2.402583
0.8232899 1.022682 2.463739
46
0.1776185 0.3704311 2.422056
0.1688794 0.6609387 2.413537
0.1582154 0.9514223 2.393157
0.171435 1.089018 2.347483
-0.04212912 0.8861803 2.419548
-0.2974155 0.989803 2.440351
-0.5027912 1.086137 2.430683
-0.5555657 1.087273 2.420708
0.3690054 0.8813546 2.434248
0.6041139 0.962248 2.464899
0.8088716 1.000331 2.45643
0.845425 1.002662 2.436701
0.09247115 0.3775775 2.382514
0.1036165 0.03765604 2.424809
0.1330415 -0.3404166 2.497081
0.03992804 -0.351536 2.476823
0.2577219 0.380964 2.39261
0.2524881 0.03414069 2.432034
0.22967 -0.3482354 2.506351
0.1924751 -0.3605329 2.431659
0.1612077 0.8787337 2.400492
-0.5455877 1.075583 2.409893
-0.5388381 1.075208 2.404645
0.8945357 1.000243 2.402583
0.8232899 1.022682 2.463739
47
0.1766825 0.3746887 2.423137
0.1683341 0.6637608 2.413937
0.158112 0.9522236 2.393052
0.1708177 1.089615 2.347735
-0.04486514 0.8908691 2.420017
-0.2895699 0.9967538 2.43968
-0.4939549 1.089782 2.429203
-0.5467718 1.087211 2.411754
0.3702929 0.8860699 2.434261
0.5997063 0.9654592 2.464711
0.8027433 1.00123 2.455977
0.8449799 1.030185 2.433838
0.09164955 0.3819169 2.383606
0.1036136 0.03865329 2.424171
0.1330772 -0.3403633 2.497189
0.03634183 -0.3515507 2.478152
0.2567209 0.3850419 2.393663
0.2528535 0.03557255 2.431212
0.2295317 -0.3478814 2.506205
0.1939068 -0.3607267 2.429444
0.1610057 0.8800203 2.40046
-0.5383551 1.065647 2.394789
-0.5304442 1.071369 2.385255
0.8934404 0.999151 2.404872
0.8177316 1.024934 2.41994
48
0.1766825 0.3746887 2.423137
0.1683341 0.6637608 2.413937
0.158112 0.9522236 2.393052
0.1708177 1.089615 2.347735
-0.04486514 0.8908691 2.420017
-0.2895699 0.9967538 2.43968
-0.4939549 1.089782 2.429203
-0.5467718 1.087211 2.411754
0.3702929 0.8860699 2.434261
0.5997063 0.9654592 2.464711
0.8027433 1.00123 2.455977
0.8449799 1.030185 2.433838
0.09164955 0.3819169 2.383606
0.1036136 0.03865329 2.424171
0.1330772 -0.3403633 2.497189
0.03634183 -0.3515507 2.478152
0.2567209 0.3850419 2.393663
0.2528535 0.03557255 2.431212
0.2295317 -0.3478814 2.506205
0.1939068 -0.3607267 2.429444
0.1610057 0.8800203 2.40046
-0.5383551 1.065647 2.394789
-0.5304442 1.071369 2.385255
0.8934404 0.999151 2.404872
0.8177316 1.024934 2.41994
49
0.1758498 0.3780077 2.424085
0.1678694 0.6661536 2.41437
0.15804 0.9530081 2.392993
0.1702253 1.090147 2.347948
-0.04670243 0.8946447 2.420436
-0.2817993 0.9944673 2.438896
-0.4856772 1.076187 2.428237
-0.5339653 1.045976 2.401931
0.3710939 0.8896969 2.434201
0.594789 0.9624447 2.464624
0.7926956 0.9964458 2.4891
0.8245553 0.9935221 2.450466
0.09090668 0.3853225 2.384589
0.1035979 0.03951625 2.423683
0.1325125 -0.3331345 2.495878
0.07208341 -0.3520315 2.42254
0.2558367 0.388207 2.394565
0.2532472 0.03724542 2.430387
0.2292546 -0.3474283 2.50623
0.1950972 -0.3608252 2.427476
0.1608449 0.8812342 2.400489
-0.5326937 1.043231 2.385312
-0.5247597 1.047666 2.372268
0.884926 0.9869011 2.41373
0.8110211 1.009973 2.40757
50
0.1758498 0.3780077 2.424085
0.1678694 0.6661536 2.41437
0.15804 0.9530081 2.392993
0.1702253 1.090147 2.347948
-0.04670243 0.8946447 2.420436
-0.2817993 0.9944673 2.438896
-0.4856772 1.076187 2.428237
-0.5339653 1.045976 2.401931
0.3710939 0.8896969 2.434201
0.594789 0.9624447 2.464624
0.7926956 0.9964458 2.4891
0.8245553 0.9935221 2.450466
0.09090668 0.3853225 2.384589
0.1035979 0.03951625 2.423683
0.1325125 -0.3331345 2.495878
0.07208341 -0.3520315 2.42254
0.2558367 0.388207 2.394565
0.2532472 0.03724542 2.430387
0.2292546 -0.3474283 2.50623
0.1950972 -0.3608252 2.427476
0.1608449 0.8812342 2.400489
-0.5326937 1.043231 2.385312
-0.5247597 1.047666 2.372268
0.884926 0.9869011 2.41373
0.8110211 1.009973 2.40757
51
0.1751761 0.3804078 2.424826
0.1674938 0.6680754 2.414759
0.158006 0.9537948 2.392956
0.1696627 1.090619 2.348131
-0.04784993 0.8972227 2.420699
-0.2653366 0.9640729 2.436489
-0.4720314 1.021949 2.426062
-0.5239209 0.9816314 2.395124
0.3715711 0.8922458 2.434045
0.5922331 0.9467815 2.463764
0.7950877 0.9560136 2.472613
0.8250858 0.9581213 2.446584
0.09026836 0.387842 2.385426
0.1036003 0.04018552 2.423356
0.1363292 -0.343791 2.494343
0.04631168 -0.3562526 2.46844
0.2551453 0.3904659 2.395225
0.2536093 0.03879684 2.429673
0.2291507 -0.3466852 2.506195
0.1961005 -0.3605512 2.42578
0.1607284 0.8823693 2.400544
-0.5269096 0.9906533 2.378017
-0.5190753 0.9979935 2.358718
0.8795779 0.9478599 2.418643
0.8140402 0.9745091 2.39544
52
0.1751761 0.3804078 2.424826
0.1674938 0.6680754 2.414759
0.158006 0.9537948 2.392956
0.1696627 1.090619 2.348131
-0.04784993 0.8972227 2.420699
-0.2653366 0.9640729 2.436489
-0.4720314 1.021949 2.426062
-0.5239209 0.9816314 2.395124
0.3715711 0.8922458 2.434045
0.5922331 0.9467815 2.463764
0.7950877 0.9560136 2.472613
0.8250858 0.9581213 2.446584
0.09026836 0.387842 2.385426
0.1036003 0.04018552 2.423356
0.1363292 -0.343791 2.494343
0.04631168 -0.3562526 2.46844
0.2551453 0.3904659 2.395225
0.2536093 0.03879684 2.429673
0.2291507 -0.3466852 2.506195
0.1961005 -0.3605512 2.42578
0.1607284 0.8823693 2.400544
-0.5269096 0.9906533 2.378017
-0.5190753 0.9979935 2.358718
0.8795779 0.9478599 2.418643
0.8140402 0.9745091 2.39544
53
0.174668 0.382088 2.425377
0.1672038 0.6695234 2.415071
0.1579877 0.9545001 2.392926
0.1691739 1.091012 2.348285
-0.04859417 0.8990007 2.420858
-0.2808093 0.934076 2.434626
-0.4860693 0.9790453 2.417417
-0.5173846 0.9239722 2.387596
0.3718023 0.894102 2.433792
0.5809026 0.9045019 2.45685
0.7875727 0.9091086 2.468419
0.8193218 0.9052389 2.443457
0.08975997 0.3896337 2.386106
0.1036066 0.04072455 2.423141
0.1366317 -0.3448338 2.493974
0.04094093 -0.3571717 2.47143
0.2546361 0.392039 2.39569
0.2538896 0.03999376 2.429143
0.229122 -0.34601 2.506099
0.1968715 -0.3601709 2.424689
0.1606389 0.8833315 2.400598
-0.5251117 0.9193673 2.371623
-0.508118 0.9331219 2.342725
0.8832339 0.8895282 2.422772
0.8052726 0.9256581 2.383772
54
0.174668 0.382088 2.425377
0.1672038 0.6695234 2.415071
0.1579877 0.9545001 2.392926
0.1691739 1.091012 2.348285
-0.04859417 0.8990007 2.420858
-0.2808093 0.934076 2.434626
-0.4860693 0.9790453 2.417417
-0.5173846 0.9239722 2.387596
0.3718023 0.894102 2.433792
0.5809026 0.9045019 2.45685
0.7875727 0.9091086 2.468419
0.8193218 0.9052389 2.443457
0.08975997 0.3896337 2.386106
0.1036066 0.04072455 2.423141
0.1366317 -0.3448338 2.493974
0.04094093 -0.3571717 2.47143
0.2546361 0.392039 2.39569
0.2538896 0.03999376 2.429143
0.229122 -0.34601 2.506099
0.1968715 -0.3601709 2.424689
0.1606389 0.8833315 2.400598
-0.5251117 0.9193673 2.371623
-0.508118 0.9331219 2.342725
0.8832339 0.8895282 2.422772
0.8052726 0.9256581 2.383772
55
0.1742991 0.3832519 2.425779
0.1669865 0.670593 2.415314
0.1579769 0.9551181 2.3929
0.1687556 1.091337 2.348389
-0.04894039 0.9001945 2.420917
-0.286144 0.9111535 2.434399
-0.4911324 0.8745363 2.416906
-0.5395895 0.8303553 2.402915
0.3717059 0.8954192 2.43326
0.5736688 0.8755171 2.451895
0.7840105 0.851985 2.449389
0.8215013 0.8448662 2.434553
0.08937655 0.3908683 2.386627
0.103645 0.04107063 2.423057
0.137028 -0.3493921 2.494469
0.03583834 -0.3588445 2.490089
0.2542737 0.3931352 2.396021
0.2541172 0.04096132 2.428754
0.2289965 -0.3453811 2.506088
0.1963098 -0.3597307 2.423784
0.1605688 0.8841268 2.400646
-0.5500923 0.8245647 2.388485
-0.5271035 0.8422303 2.354869
0.8816355 0.8218777 2.414412
0.7997313 0.8704503 2.373375
56
0.1742991 0.3832519 2.425779
0.1669865 0.670593 2.415314
0.1579769 0.9551181 2.3929
0.1687556 1.091337 2.348389
-0.04894039 0.9001945 2.420917
-0.286144 0.9111535 2.434399
-0.4911324 0.8745363 2.416906
-0.5395895 0.8303553 2.402915
0.3717059 0.8954192 2.43326
0.5736688 0.8755171 2.451895
0.7840105 0.851985 2.449389
0.8215013 0.8448662 2.434553
0.08937655 0.3908683 2.386627
0.103645 0.04107063 2.423057
0.137028 -0.3493921 2.494469
0.03583834 -0.3588445 2.490089
0.2542737 0.3931352 2.396021
0.2541172 0.04096132 2.428754
0.2289965 -0.3453811 2.506088
0.1963098 -0.3597307 2.423784
0.1605688 0.8841268 2.400646
-0.5500923 0.8245647 2.388485
-0.5271035 0.8422303 2.354869
0.8816355 0.8218777 2.414412
0.7997313 0.8704503 2.373375
57
0.1740269 0.3840438 2.42607
0.1668224 0.6713616 2.4155
0.1579701 0.9556386 2.392882
0.1684072 1.091593 2.348452
-0.04844321 0.9003338 2.420751
-0.26363 0.8564218 2.434734
-0.4733943 0.8097802 2.416589
-0.5398155 0.8005682 2.406982
0.3711659 0.8960909 2.43234
0.5673172 0.8461906 2.447444
0.776583 0.7981261 2.445097
0.8071284 0.7862751 2.431634
0.08907411 0.3916871 2.387039
0.1036775 0.04134498 2.423079
0.136861 -0.3511369 2.494596
0.03315943 -0.3592655 2.498104
0.2540174 0.3938931 2.396247
0.2542624 0.04164118 2.428499
0.2288238 -0.3450053 2.506163
0.1959081 -0.3595085 2.423178
0.1605134 0.884766 2.400692
-0.5515344 0.7945638 2.392744
-0.5264058 0.8134587 2.35735
0.8695593 0.7565443 2.413122
0.7876745 0.8131413 2.373891
58
0.1740269 0.3840438 2.42607
0.1668224 0.6713616 2.4155
0.1579701 0.9556386 2.392882
0.1684072 1.091593 2.348452
-0.04844321 0.9003338 2.420751
-0.26363 0.8564218 2.434734
-0.4733943 0.8097802 2.416589
-0.5398155 0.8005682 2.406982
0.3711659 0.8960909 2.43234
0.5673172 0.8461906 2.447444
0.776583 0.7981261 2.445097
0.8071284 0.7862751 2.431634
0.08907411 0.3916871 2.387039
0.1036775 0.04134498 2.423079
0.136861 -0.3511369 2.494596
0.03315943 -0.3592655 2.498104
0.2540174 0.3938931 2.396247
0.2542624 0.04164118 2.428499
0.2288238 -0.3450053 2.506163
0.1959081 -0.3595085 2.423178
0.1605134 0.884766 2.400692
-0.5515344 0.7945638 2.392744
-0.5264058 0.8134587 2.35735
0.8695593 0.7565443 2.413122
0.7876745 0.8131413 2.373891
59
0.1738204 0.3845268 2.426297
0.1667123 0.6718702 2.415632
0.1579667 0.9559665 2.392892
0.1681554 1.091772 2.348459
-0.04687997 0.8990251 2.420453
-0.2431249 0.8129087 2.438693
-0.4466011 0.7271281 2.422113
-0.5178427 0.7234355 2.409761
0.3700117 0.8959606 2.430987
0.5607947 0.8194997 2.446251
0.7642498 0.7418886 2.4427
0.7808513 0.7295262 2.431358
0.08884653 0.3921581 2.387366
0.1037629 0.04151077 2.423289
0.1364072 -0.3522601 2.494648
0.03173127 -0.359372 2.503288
0.2538213 0.39437 2.396409
0.2543597 0.04215463 2.428337
0.2286128 -0.3460301 2.506483
0.1938003 -0.3600607 2.425317
0.160476 0.8851801 2.400744
-0.5300965 0.721814 2.396072
-0.5040988 0.740555 2.361799
0.8628979 0.6778647 2.439528
0.7871781 0.7495131 2.366997
60
0.1738204 0.3845268 2.426297
0.1667123 0.6718702 2.415632
0.1579667 0.9559665 2.392892
0.1681554 1.091772 2.348459
-0.04687997 0.8990251 2.420453
-0.2431249 0.8129087 2.438693
-0.4466011 0.7271281 2.422113
-0.5178427 0.7234355 2.409761
0.3700117 0.8959606 2.430987
0.5607947 0.8194997 2.446251
0.7642498 0.7418886 2.4427
0.7808513 0.7295262 2.431358
0.08884653 0.3921581 2.387366
0.1037629 0.04151077 2.423289
0.1364072 -0.3522601 2.494648
0.03173127 -0.359372 2.503288
0.2538213 0.39437 2.396409
0.2543597 0.04215463 2.428337
0.2286128 -0.3460301 2.506483
0.1938003 -0.3600607 2.425317
0.160476 0.8851801 2.400744
-0.5300965 0.721814 2.396072
-0.5040988 0.740555 2.361799
0.8628979 0.6778647 2.439528
0.7871781 0.7495131 2.366997
61
0.1736617 0.3845371 2.426486
0.1666259 0.6722063 2.415748
0.1579586 0.9561763 2.392908
0.1679603 1.091895 2.348417
-0.0440098 0.8962902 2.420234
-0.2244774 0.7705984 2.448668
-0.4158157 0.6514519 2.428107
-0.4430144 0.6605278 2.403867
0.3679812 0.8943985 2.429122
0.5532367 0.7814785 2.449513
0.7475706 0.6786562 2.444383
0.770982 0.6570801 2.440415
0.08865651 0.3921479 2.387686
0.1038615 0.04158952 2.423593
0.1358774 -0.3526766 2.494682
0.03012501 -0.3594654 2.504658
0.2536843 0.3943931 2.396488
0.254411 0.04256386 2.428238
0.2287167 -0.3458822 2.506515
0.1936018 -0.3598883 2.425483
0.1604438 0.8854506 2.400791
-0.4411362 0.6599242 2.381454
-0.4282913 0.6680923 2.363899
0.8383586 0.6216517 2.465994
0.7937811 0.6528444 2.398405
62
0.1736617 0.3845371 2.426486
0.1666259 0.6722063 2.415748
0.1579586 0.9561763 2.392908
0.1679603 1.091895 2.348417
-0.0440098 0.8962902 2.420234
-0.2244774 0.7705984 2.448668
-0.4158157 0.6514519 2.428107
-0.4430144 0.6605278 2.403867
0.3679812 0.8943985 2.429122
0.5532367 0.7814785 2.449513
0.7475706 0.6786562 2.444383
0.770982 0.6570801 2.440415
0.08865651 0.3921479 2.387686
0.1038615 0.04158952 2.423593
0.1358774 -0.3526766 2.494682
0.03012501 -0.3594654 2.504658
0.2536843 0.3943931 2.396488
0.254411 0.04256386 2.428238
0.2287167 -0.3458822 2.506515
0.1936018 -0.3598883 2.425483
0.1604438 0.8854506 2.400791
-0.4411362 0.6599242 2.381454
-0.4282913 0.6680923 2.363899
0.8383586 0.6216517 2.465994
0.7937811 0.6528444 2.398405
63
0.1737406 0.3836 2.426618
0.16657 0.6723917 2.415843
0.157953 0.9563329 2.39291
0.167792 1.091973 2.348262
-0.0377523 0.8903308 2.420212
-0.1913646 0.7271196 2.465318
-0.3743107 0.6036302 2.42677
-0.3679851 0.5958661 2.413339
0.3653273 0.891121 2.426994
0.5398991 0.7446829 2.452789
0.7209181 0.6176968 2.445615
0.7623413 0.578271 2.465007
0.08865618 0.3912747 2.388004
0.10392 0.04164554 2.423966
0.135507 -0.3519235 2.495021
0.03334892 -0.3594895 2.498526
0.2538329 0.3934252 2.396428
0.2544209 0.04287015 2.428197
0.228979 -0.3457937 2.506501
0.1933524 -0.3597347 2.425729
0.1604216 0.8856474 2.400817
-0.393227 0.5586116 2.379189
-0.3464989 0.6486586 2.349272
0.8137902 0.5492931 2.501895
0.7817037 0.5578513 2.438675
64
0.1737406 0.3836 2.426618
0.16657 0.6723917 2.415843
0.157953 0.9563329 2.39291
0.167792 1.091973 2.348262
-0.0377523 0.8903308 2.420212
-0.1913646 0.7271196 2.465318
-0.3743107 0.6036302 2.42677
-0.3679851 0.5958661 2.413339
0.3653273 0.891121 2.426994
0.5398991 0.7446829 2.452789
0.7209181 0.6176968 2.445615
0.7623413 0.578271 2.465007
0.08865618 0.3912747 2.388004
0.10392 0.04164554 2.423966
0.135507 -0.3519235 2.495021
0.03334892 -0.3594895 2.498526
0.2538329 0.3934252 2.396428
0.2544209 0.04287015 2.428197
0.228979 -0.3457937 2.506501
0.1933524 -0.3597347 2.425729
0.1604216 0.8856474 2.400817
-0.393227 0.5586116 2.379189
-0.3464989 0.6486586 2.349272
0.8137902 0.5492931 2.501895
0.7817037 0.5578513 2.438675
65
0.1740461 0.3816557 2.426835
0.166555 0.6723574 2.415922
0.1579507 0.9564483 2.392901
0.1676431 1.091995 2.34792
-0.03125714 0.8850477 2.420488
-0.1745347 0.7022893 2.46896
-0.3229779 0.5344819 2.423967
-0.3179937 0.5087674 2.414448
0.3626586 0.8874834 2.425485
0.5285712 0.6955325 2.460181
0.6947517 0.5495011 2.450424
0.7401408 0.5039371 2.494537
0.08887367 0.3894567 2.388411
0.1039487 0.04146249 2.424699
0.1351551 -0.3521306 2.495446
0.03326809 -0.3596445 2.498585
0.2542062 0.3914483 2.396438
0.2544018 0.04309322 2.428224
0.2290168 -0.3457628 2.506507
0.1931709 -0.3596571 2.425866
0.1604066 0.8857904 2.400831
-0.3580739 0.4488171 2.3943
-0.3057953 0.5626019 2.368822
0.7568662 0.4706751 2.540514
0.7350459 0.4936371 2.45477
66
0.1740461 0.3816557 2.426835
0.166555 0.6723574 2.415922
0.1579507 0.9564483 2.392901
0.1676431 1.091995 2.34792
-0.03125714 0.8850477 2.420488
-0.1745347 0.7022893 2.46896
-0.3229779 0.5344819 2.423967
-0.3179937 0.5087674 2.414448
0.3626586 0.8874834 2.425485
0.5285712 0.6955325 2.460181
0.6947517 0.5495011 2.450424
0.7401408 0.5039371 2.494537
0.08887367 0.3894567 2.388411
0.1039487 0.04146249 2.424699
0.1351551 -0.3521306 2.495446
0.03326809 -0.3596445 2.498585
0.2542062 0.3914483 2.396438
0.2544018 0.04309322 2.428224
0.2290168 -0.3457628 2.506507
0.1931709 -0.3596571 2.425866
0.1604066 0.8857904 2.400831
-0.3580739 0.4488171 2.3943
-0.3057953 0.5626019 2.368822
0.7568662 0.4706751 2.540514
0.7350459 0.4936371 2.45477
67
0.174438 0.3788624 2.427093
0.1666209 0.6719266 2.415964
0.1579753 0.9565102 2.392842
0.1675093 1.09197 2.347488
-0.02616831 0.8811229 2.421034
-0.1565091 0.6796178 2.468806
-0.2677804 0.4817352 2.421521
-0.2669329 0.4272447 2.416288
0.3599631 0.8836391 2.424516
0.514818 0.6570709 2.46531
0.6523575 0.4827977 2.463395
0.6816348 0.4444348 2.497755
0.08915659 0.3868585 2.388874
0.1039335 0.04117426 2.425532
0.1348681 -0.3522521 2.495789
0.03311709 -0.3598624 2.497974
0.2546904 0.3885837 2.396468
0.2543223 0.04320437 2.428353
0.229478 -0.3457457 2.506376
0.1930978 -0.3595364 2.426044
0.1604171 0.8858517 2.400811
-0.3132238 0.3593728 2.416411
-0.2770328 0.4432038 2.396261
0.7013136 0.3881997 2.557278
0.7025055 0.4390231 2.506406
68
0.174438 0.3788624 2.427093
0.1666209 0.6719266 2.415964
0.1579753 0.9565102 2.392842
0.1675093 1.09197 2.347488
-0.02616831 0.8811229 2.421034
-0.1565091 0.6796178 2.468806
-0.2677804 0.4817352 2.421521
-0.2669329 0.4272447 2.416288
0.3599631 0.8836391 2.424516
0.514818 0.6570709 2.46531
0.6523575 0.4827977 2.463395
0.6816348 0.4444348 2.497755
0.08915659 0.3868585 2.388874
0.1039335 0.04117426 2.425532
0.1348681 -0.3522521 2.495789
0.03311709 -0.3598624 2.497974
0.2546904 0.3885837 2.396468
0.2543223 0.04320437 2.428353
0.229478 -0.3457457 2.506376
0.1930978 -0.3595364 2.426044
0.1604171 0.8858517 2.400811
-0.3132238 0.3593728 2.416411
-0.2770328 0.4432038 2.396261
0.7013136 0.3881997 2.557278
0.7025055 0.4390231 2.506406
69
0.1748518 0.3758392 2.427336
0.1667377 0.6711208 2.415938
0.1580218 0.9564841 2.392683
0.167389 1.091879 2.346955
-0.02220776 0.8778418 2.421593
-0.1251461 0.6451989 2.46024
-0.2092442 0.4320275 2.425107
-0.213743 0.4041764 2.41704
0.3569466 0.8796626 2.423754
0.489207 0.6098348 2.470703
0.6057967 0.4202685 2.463804
0.6246589 0.3668058 2.514147
0.08946483 0.3838463 2.389368
0.103896 0.0407274 2.426514
0.1345383 -0.3508784 2.495841
0.03430456 -0.3594157 2.49192
0.2551913 0.3856389 2.39646
0.2542145 0.04325084 2.428543
0.229715 -0.3457499 2.506212
0.1932816 -0.3593939 2.426383
0.1604517 0.8857859 2.400712
-0.2491893 0.3259848 2.422728
-0.2348364 0.4202411 2.407064
0.6401633 0.3379077 2.559434
0.655423 0.3600598 2.546031
70
0.1748518 0.3758392 2.427336
0.1667377 0.6711208 2.415938
0.1580218 0.9564841 2.392683
0.167389 1.091879 2.346955
-0.02220776 0.8778418 2.421593
-0.1251461 0.6451989 2.46024
-0.2092442 0.4320275 2.425107
-0.213743 0.4041764 2.41704
0.3569466 0.8796626 2.423754
0.489207 0.6098348 2.470703
0.6057967 0.4202685 2.463804
0.6246589 0.3668058 2.514147
0.08946483 0.3838463 2.389368
0.103896 0.0407274 2.426514
0.1345383 -0.3508784 2.495841
0.03430456 -0.3594157 2.49192
0.2551913 0.3856389 2.39646
0.2542145 0.04325084 2.428543
0.229715 -0.3457499 2.506212
0.1932816 -0.3593939 2.426383
0.1604517 0.8857859 2.400712
-0.2491893 0.3259848 2.422728
-0.2348364 0.4202411 2.407064
0.6401633 0.3379077 2.559434
0.655423 0.3600598 2.546031
71
0.1752946 0.3726918 2.427631
0.1668572 0.6700613 2.415885
0.1580516 0.9563995 2.392469
0.1672714 1.091765 2.346397
-0.01881024 0.8750278 2.421966
-0.1078532 0.6307819 2.456413
-0.151236 0.4110442 2.428056
-0.1527589 0.3504977 2.417302
0.353672 0.8761487 2.423194
0.4608226 0.5859633 2.472183
0.5415089 0.3825726 2.46229
0.5407639 0.3739415 2.464561
0.0898032 0.3806082 2.389899
0.1037985 0.04010645 2.4276
0.1342857 -0.3504603 2.496118
0.03474153 -0.3593606 2.489676
0.2557167 0.3826733 2.396523
0.254074 0.04322652 2.428793
0.230015 -0.3456355 2.506033
0.1936752 -0.3591416 2.426718
0.1604768 0.8856308 2.400565
-0.1797079 0.2732015 2.437311
-0.1756139 0.3914613 2.414744
0.5690916 0.2920769 2.512087
0.5658792 0.3896812 2.480463
72
0.1752946 0.3726918 2.427631
0.1668572 0.6700613 2.415885
0.1580516 0.9563995 2.392469
0.1672714 1.091765 2.346397
-0.01881024 0.8750278 2.421966
-0.1078532 0.6307819 2.456413
-0.151236 0.4110442 2.428056
-0.1527589 0.3504977 2.417302
0.353672 0.8761487 2.423194
0.4608226 0.5859633 2.472183
0.5415089 0.3825726 2.46229
0.5407639 0.3739415 2.464561
0.0898032 0.3806082 2.389899
0.1037985 0.04010645 2.4276
0.1342857 -0.3504603 2.496118
0.03474153 -0.3593606 2.489676
0.2557167 0.3826733 2.396523
0.254074 0.04322652 2.428793
0.230015 -0.3456355 2.506033
0.1936752 -0.3591416 2.426718
0.1604768 0.8856308 2.400565
-0.1797079 0.2732015 2.437311
-0.1756139 0.3914613 2.414744
0.5690916 0.2920769 2.512087
0.5658792 0.3896812 2.480463
73
0.1757244 0.369612 2.427913
0.1669574 0.6688091 2.415789
0.1580446 0.9562478 2.392169
0.1671015 1.091595 2.345748
-0.01638226 0.8729699 2.422202
-0.08440667 0.61839 2.451763
-0.09843151 0.3943195 2.426232
-0.1019196 0.3570387 2.41101
0.3497814 0.8726268 2.422505
0.4172545 0.5761429 2.467079
0.4792852 0.3720289 2.462368
0.4689393 0.3576255 2.447078
0.09014281 0.3773162 2.390465
0.1036537 0.0392645 2.428827
0.1338785 -0.3501778 2.496426
0.03508746 -0.3593077 2.487999
0.2562189 0.3798505 2.39655
0.2539003 0.04307654 2.429124
0.2303747 -0.3454674 2.505832
0.1940899 -0.3588412 2.426963
0.1604746 0.8853763 2.400348
-0.1155334 0.2753457 2.421904
-0.1163772 0.3704933 2.410898
0.4802175 0.2800193 2.457528
0.4732775 0.3359798 2.46391
74
0.1757244 0.369612 2.427913
0.1669574 0.6688091 2.415789
0.1580446 0.9562478 2.392169
0.1671015 1.091595 2.345748
-0.01638226 0.8729699 2.422202
-0.08440667 0.61839 2.451763
-0.09843151 0.3943195 2.426232
-0.1019196 0.3570387 2.41101
0.3497814 0.8726268 2.422505
0.4172545 0.5761429 2.467079
0.4792852 0.3720289 2.462368
0.4689393 0.3576255 2.447078
0.09014281 0.3773162 2.390465
0.1036537 0.0392645 2.428827
0.1338785 -0.3501778 2.496426
0.03508746 -0.3593077 2.487999
0.2562189 0.3798505 2.39655
0.2539003 0.04307654 2.429124
0.2303747 -0.3454674 2.505832
0.1940899 -0.3588412 2.426963
0.1604746 0.8853763 2.400348
-0.1155334 0.2753457 2.421904
-0.1163772 0.3704933 2.410898
0.4802175 0.2800193 2.457528
0.4732775 0.3359798 2.46391
75
0.1761506 0.3667389 2.42822
0.1670244 0.6675135 2.415695
0.1579829 0.9560648 2.39183
0.166898 1.091425 2.345092
-0.01461672 0.8713513 2.422383
-0.05252742 0.5946149 2.448776
-0.05157952 0.367993 2.420938
-0.049541 0.3513223 2.406445
0.3442696 0.8682343 2.421189
0.3924181 0.5722513 2.464967
0.4259382 0.3625007 2.443171
0.4078962 0.3472252 2.427807
0.0904988 0.3741586 2.391115
0.1035146 0.03845253 2.429931
0.1335191 -0.3499562 2.496703
0.03560751 -0.3592484 2.486648
0.2567033 0.377267 2.396569
0.2536675 0.04254422 2.429681
0.2305166 -0.3453915 2.505671
0.1944441 -0.3586361 2.427067
0.1604325 0.8850709 2.400103
-0.05466281 0.2728757 2.408254
-0.05554762 0.3184783 2.395765
0.4089795 0.2583982 2.42803
0.4213026 0.3331694 2.431924
76
0.1761506 0.3667389 2.42822
0.1670244 0.6675135 2.415695
0.1579829 0.9560648 2.39183
0.166898 1.091425 2.345092
-0.01461672 0.8713513 2.422383
-0.05252742 0.5946149 2.448776
-0.05157952 0.367993 2.420938
-0.049541 0.3513223 2.406445
0.3442696 0.8682343 2.421189
0.3924181 0.5722513 2.464967
0.4259382 0.3625007 2.443171
0.4078962 0.3472252 2.427807
0.0904988 0.3741586 2.391115
0.1035146 0.03845253 2.429931
0.1335191 -0.3499562 2.496703
0.03560751 -0.3592484 2.486648
0.2567033 0.377267 2.396569
0.2536675 0.04254422 2.429681
0.2305166 -0.3453915 2.505671
0.1944441 -0.3586361 2.427067
0.1604325 0.8850709 2.400103
-0.05466281 0.2728757 2.408254
-0.05554762 0.3184783 2.395765
0.4089795 0.2583982 2.42803
0.4213026 0.3331694 2.431924
77
0.1765599 0.3641129 2.428656
0.1670234 0.6661884 2.415642
0.1577784 0.9558193 2.391422
0.1666484 1.091271 2.344473
-0.01332662 0.8701364 2.422477
-0.03647851 0.5842417 2.447632
-0.01359166 0.3602208 2.412055
0.008970769 0.335435 2.394481
0.3401712 0.8652236 2.420281
0.3763507 0.5689013 2.463989
0.3786069 0.3520991 2.436965
0.3636358 0.3503027 2.415756
0.09085972 0.3713223 2.391873
0.1034349 0.03742121 2.431087
0.1332312 -0.349758 2.49693
0.03610574 -0.359187 2.485436
0.2571515 0.3748884 2.396722
0.2533799 0.04166238 2.430395
0.2304249 -0.3455248 2.505467
0.1946753 -0.3586044 2.427078
0.160287 0.8846842 2.399822
0.0215525 0.2514568 2.391171
-0.01545954 0.3043624 2.38371
0.3702508 0.265873 2.4083
0.3502204 0.307015 2.411971
78
0.1765599 0.3641129 2.428656
0.1670234 0.6661884 2.415642
0.1577784 0.9558193 2.391422
0.1666484 1.091271 2.344473
-0.01332662 0.8701364 2.422477
-0.03647851 0.5842417 2.447632
-0.01359166 0.3602208 2.412055
0.008970769 0.335435 2.394481
0.3401712 0.8652236 2.420281
0.3763507 0.5689013 2.463989
0.3786069 0.3520991 2.436965
0.3636358 0.3503027 2.415756
0.09085972 0.3713223 2.391873
0.1034349 0.03742121 2.431087
0.1332312 -0.349758 2.49693
0.03610574 -0.359187 2.485436
0.2571515 0.3748884 2.396722
0.2533799 0.04166238 2.430395
0.2304249 -0.3455248 2.505467
0.1946753 -0.3586044 2.427078
0.160287 0.8846842 2.399822
0.0215525 0.2514568 2.391171
-0.01545954 0.3043624 2.38371
0.3702508 0.265873 2.4083
0.3502204 0.307015 2.411971
79
0.176935 0.3619689 2.42906
0.1670032 0.6649907 2.415608
0.1575164 0.9555665 2.391005
0.166362 1.09114 2.343901
-0.01237347 0.8691728 2.422513
-0.02659338 0.5784802 2.44678
-0.001285545 0.3618266 2.406468
0.0297448 0.3314436 2.390528
0.3371934 0.8631098 2.419656
0.3657467 0.5670628 2.463264
0.3507824 0.34757 2.430029
0.3279845 0.3343925 2.402956
0.09120353 0.3690165 2.392507
0.1033702 0.03636374 2.432119
0.1335471 -0.3494049 2.49722
0.03676327 -0.3591229 2.484497
0.257551 0.3729457 2.396914
0.2529314 0.04004708 2.43134
0.2302738 -0.3457149 2.505203
0.194702 -0.3585671 2.427167
0.1601032 0.8842874 2.399539
0.04168321 0.2560463 2.379594
0.008753728 0.289814 2.380236
0.3032781 0.2342014 2.382518
0.3062349 0.3181485 2.366141
80
0.176935 0.3619689 2.42906
0.1670032 0.6649907 2.415608
0.1575164 0.9555665 2.391005
0.166362 1.09114 2.343901
-0.01237347 0.8691728 2.422513
-0.02659338 0.5784802 2.44678
-0.001285545 0.3618266 2.406468
0.0297448 0.3314436 2.390528
0.3371934 0.8631098 2.419656
0.3657467 0.5670628 2.463264
0.3507824 0.34757 2.430029
0.3279845 0.3343925 2.402956
0.09120353 0.3690165 2.392507
0.1033702 0.03636374 2.432119
0.1335471 -0.3494049 2.49722
0.03676327 -0.3591229 2.484497
0.257551 0.3729457 2.396914
0.2529314 0.04004708 2.43134
0.2302738 -0.3457149 2.505203
0.194702 -0.3585671 2.427167
0.1601032 0.8842874 2.399539
0.04168321 0.2560463 2.379594
0.008753728 0.289814 2.380236
0.3032781 0.2342014 2.382518
0.3062349 0.3181485 2.366141
81
0.1772651 0.3602618 2.429444
0.166971 0.6639242 2.415606
0.1572307 0.9553179 2.390616
0.1659972 1.091004 2.343357
-0.0116721 0.8683936 2.422508
-0.01978692 0.5757965 2.446224
0.007838451 0.3641333 2.403054
0.04000746 0.335227 2.386464
0.3350592 0.8616637 2.419252
0.3587435 0.5671771 2.462559
0.3568661 0.3579705 2.438424
0.3138573 0.3311981 2.399257
0.09150241 0.3672382 2.393032
0.1033298 0.03546777 2.432945
0.1338851 -0.3492792 2.49753
0.03711192 -0.3591293 2.484634
0.2579063 0.3713486 2.397162
0.2525661 0.03854462 2.432184
0.2302865 -0.3458193 2.504848
0.1947591 -0.3584478 2.427156
0.1598998 0.8838969 2.399278
0.03785634 0.2773317 2.373114
-0.00255225 0.3243434 2.381721
0.3236715 0.2761751 2.402599
0.3225615 0.3620537 2.367641
82
0.1772651 0.3602618 2.429444
0.166971 0.6639242 2.415606
0.1572307 0.9553179 2.390616
0.1659972 1.091004 2.343357
-0.0116721 0.8683936 2.422508
-0.01978692 0.5757965 2.446224
0.007838451 0.3641333 2.403054
0.04000746 0.335227 2.386464
0.3350592 0.8616637 2.419252
0.3587435 0.5671771 2.462559
0.3568661 0.3579705 2.438424
0.3138573 0.3311981 2.399257
0.09150241 0.3672382 2.393032
0.1033298 0.03546777 2.432945
0.1338851 -0.3492792 2.49753
0.03711192 -0.3591293 2.484634
0.2579063 0.3713486 2.397162
0.2525661 0.03854462 2.432184
0.2302865 -0.3458193 2.504848
0.1947591 -0.3584478 2.427156
0.1598998 0.8838969 2.399278
0.03785634 0.2773317 2.373114
-0.00255225 0.3243434 2.381721
0.3236715 0.2761751 2.402599
0.3225615 0.3620537 2.367641
83
0.1775639 0.3588991 2.429756
0.1669258 0.6629869 2.415615
0.1568779 0.9550663 2.390248
0.1656114 1.090887 2.342884
-0.01117152 0.8677609 2.422485
-0.01613424 0.5763975 2.445994
0.0098642 0.3685467 2.400359
0.02506723 0.3461462 2.382814
0.3335202 0.8606486 2.418972
0.3550127 0.5692562 2.461789
0.3544207 0.3613926 2.440777
0.3145899 0.3303932 2.400784
0.09178197 0.365798 2.393449
0.1033405 0.03457214 2.433663
0.1342406 -0.3491821 2.497853
0.03784504 -0.3591433 2.484704
0.2582194 0.3700885 2.397374
0.2522921 0.03733997 2.432841
0.2302925 -0.3458914 2.504518
0.1947825 -0.3583265 2.427132
0.1596507 0.8835045 2.399035
0.03838564 0.2777372 2.368442
-0.002827772 0.3293898 2.374573
0.325123 0.2857946 2.403075
0.3226988 0.3707671 2.362336
84
0.1775639 0.3588991 2.429756
0.1669258 0.6629869 2.415615
0.1568779 0.9550663 2.390248
0.1656114 1.090887 2.342884
-0.01117152 0.8677609 2.422485
-0.01613424 0.5763975 2.445994
0.0098642 0.3685467 2.400359
0.02506723 0.3461462 2.382814
0.3335202 0.8606486 2.418972
0.3550127 0.5692562 2.461789
0.3544207 0.3613926 2.440777
0.3145899 0.3303932 2.400784
0.09178197 0.365798 2.393449
0.1033405 0.03457214 2.433663
0.1342406 -0.3491821 2.497853
0.03784504 -0.3591433 2.484704
0.2582194 0.3700885 2.397374
0.2522921 0.03733997 2.432841
0.2302925 -0.3458914 2.504518
0.1947825 -0.3583265 2.427132
0.1596507 0.8835045 2.399035
0.03838564 0.2777372 2.368442
-0.002827772 0.3293898 2.374573
0.325123 0.2857946 2.403075
0.3226988 0.3707671 2.362336
85
0.177846 0.3578203 2.429999
0.1668854 0.6621928 2.415632
0.156528 0.9548385 2.389934
0.165197 1.090776 2.342484
-0.01081568 0.8672505 2.422445
-0.01568867 0.5791923 2.446024
-0.001327477 0.3766717 2.398548
0.01128926 0.3517737 2.383336
0.3324123 0.8599231 2.418786
0.3543661 0.5725052 2.461205
0.3682609 0.3685768 2.44445
0.3283964 0.3318261 2.405535
0.09205656 0.3646541 2.393758
0.1033523 0.0337084 2.434273
0.1346102 -0.3491841 2.498161
0.04052627 -0.3591837 2.484263
0.2585051 0.3690945 2.397551
0.251989 0.03612323 2.433489
0.230242 -0.3458705 2.50437
0.1947968 -0.3581953 2.427075
0.1594042 0.8831447 2.398826
0.02709499 0.2808079 2.372154
-0.01903351 0.3382977 2.373437
0.331864 0.295784 2.407896
0.3284771 0.3816565 2.3617
86
0.177846 0.3578203 2.429999
0.1668854 0.6621928 2.415632
0.156528 0.9548385 2.389934
0.165197 1.090776 2.342484
-0.01081568 0.8672505 2.422445
-0.01568867 0.5791923 2.446024
-0.001327477 0.3766717 2.398548
0.01128926 0.3517737 2.383336
0.3324123 0.8599231 2.418786
0.3543661 0.5725052 2.461205
0.3682609 0.3685768 2.44445
0.3283964 0.3318261 2.405535
0.09205656 0.3646541 2.393758
0.1033523 0.0337084 2.434273
0.1346102 -0.3491841 2.498161
0.04052627 -0.3591837 2.484263
0.2585051 0.3690945 2.397551
0.251989 0.03612323 2.433489
0.230242 -0.3458705 2.50437
0.1947968 -0.3581953 2.427075
0.1594042 0.8831447 2.398826
0.02709499 0.2808079 2.372154
-0.01903351 0.3382977 2.373437
0.331864 0.295784 2.407896
0.3284771 0.3816565 2.3617
87
0.178328 0.3568264 2.430202
0.1668996 0.6614564 2.415642
0.1562003 0.9546215 2.389651
0.1647858 1.090682 2.342139
-0.01056668 0.8668344 2.422398
-0.02163549 0.5894821 2.444994
-0.02243733 0.3897161 2.397315
-0.01419041 0.3606563 2.385068
0.3316045 0.8593976 2.418652
0.3565909 0.5765242 2.460829
0.3802937 0.3736158 2.444972
0.3631889 0.3552995 2.418387
0.0925438 0.3635635 2.394005
0.1033542 0.03293279 2.434737
0.1354081 -0.3489586 2.498592
0.04248584 -0.3591966 2.484008
0.2589753 0.3682118 2.397703
0.2517481 0.03514073 2.434002
0.2299848 -0.3458644 2.504209
0.1948563 -0.358098 2.426928
0.1591752 0.8828014 2.398634
-0.007082375 0.282909 2.379481
-0.05246361 0.3650282 2.378152
0.3630509 0.2983164 2.428681
0.3385288 0.3877575 2.365127
88
0.178328 0.3568264 2.430202
0.1668996 0.6614564 2.415642
0.1562003 0.9546215 2.389651
0.1647858 1.090682 2.342139
-0.01056668 0.8668344 2.422398
-0.02163549 0.5894821 2.444994
-0.02243733 0.3897161 2.397315
-0.01419041 0.3606563 2.385068
0.3316045 0.8593976 2.418652
0.3565909 0.5765242 2.460829
0.3802937 0.3736158 2.444972
0.3631889 0.3552995 2.418387
0.0925438 0.3635635 2.394005
0.1033542 0.03293279 2.434737
0.1354081 -0.3489586 2.498592
0.04248584 -0.3591966 2.484008
0.2589753 0.3682118 2.397703
0.2517481 0.03514073 2.434002
0.2299848 -0.3458644 2.504209
0.1948563 -0.358098 2.426928
0.1591752 0.8828014 2.398634
-0.007082375 0.282909 2.379481
-0.05246361 0.3650282 2.378152
0.3630509 0.2983164 2.428681
0.3385288 0.3877575 2.365127
89
0.1788732 0.355965 2.430336
0.1669352 0.6608167 2.415654
0.1559042 0.9544311 2.389416
0.1643816 1.090598 2.341871
-0.01039688 0.8664679 2.422334
-0.02867165 0.5963233 2.443665
-0.04661378 0.3968303 2.397051
-0.03882881 0.3580849 2.388754
0.331018 0.8590162 2.418556
0.3616599 0.5808133 2.460669
0.3926402 0.3776586 2.440775
0.3927583 0.3525558 2.427446
0.09308524 0.3626303 2.394164
0.1033513 0.03227719 2.435085
0.1359165 -0.3480077 2.49877
0.04299953 -0.3587062 2.482398
0.2595125 0.3674411 2.397807
0.2516016 0.03428064 2.434435
0.2295853 -0.345755 2.504399
0.1950212 -0.3580666 2.426646
0.158969 0.8824965 2.398472
-0.04316214 0.2780342 2.394364
-0.07543769 0.3551687 2.375722
0.3847001 0.3012066 2.434631
0.3543798 0.3446221 2.374718
90
0.1788732 0.355965 2.430336
0.1669352 0.6608167 2.415654
0.1559042 0.9544311 2.389416
0.1643816 1.090598 2.341871
-0.01039688 0.8664679 2.422334
-0.02867165 0.5963233 2.443665
-0.04661378 0.3968303 2.397051
-0.03882881 0.3580849 2.388754
0.331018 0.8590162 2.418556
0.3616599 0.5808133 2.460669
0.3926402 0.3776586 2.440775
0.3927583 0.3525558 2.427446
0.09308524 0.3626303 2.394164
0.1033513 0.03227719 2.435085
0.1359165 -0.3480077 2.49877
0.04299953 -0.3587062 2.482398
0.2595125 0.3674411 2.397807
0.2516016 0.03428064 2.434435
0.2295853 -0.345755 2.504399
0.1950212 -0.3580666 2.426646
0.158969 0.8824965 2.398472
-0.04316214 0.2780342 2.394364
-0.07543769 0.3551687 2.375722
0.3847001 0.3012066 2.434631
0.3543798 0.3446221 2.374718
91
0.1793719 0.3552494 2.430388
0.1669746 0.6602623 2.41566
0.1556369 0.9542618 2.389221
0.1639806 1.090518 2.341654
-0.01028893 0.8661098 2.422233
-0.03802557 0.6031647 2.441491
-0.07516801 0.4029526 2.398279
-0.07871395 0.3611335 2.391077
0.3305881 0.8587324 2.418483
0.3684394 0.5847427 2.460297
0.4171474 0.3827927 2.437088
0.4210701 0.3526789 2.431973
0.09356689 0.361875 2.394243
0.103375 0.03174002 2.435336
0.1363314 -0.3467557 2.498846
0.04173515 -0.3579744 2.481075
0.2600204 0.3667818 2.397821
0.2515068 0.03363072 2.434763
0.229241 -0.3457363 2.504437
0.195186 -0.3580771 2.426359
0.1587814 0.882223 2.398335
-0.08146799 0.2759813 2.402623
-0.1050858 0.3762619 2.387195
0.4089529 0.2936047 2.440638
0.36717 0.3476509 2.378731
92
0.1793719 0.3552494 2.430388
0.1669746 0.6602623 2.41566
0.1556369 0.9542618 2.389221
0.1639806 1.090518 2.341654
-0.01028893 0.8661098 2.422233
-0.03802557 0.6031647 2.441491
-0.07516801 0.4029526 2.398279
-0.07871395 0.3611335 2.391077
0.3305881 0.8587324 2.418483
0.3684394 0.5847427 2.460297
0.4171474 0.3827927 2.437088
0.4210701 0.3526789 2.431973
0.09356689 0.361875 2.394243
0.103375 0.03174002 2.435336
0.1363314 -0.3467557 2.498846
0.04173515 -0.3579744 2.481075
0.2600204 0.3667818 2.397821
0.2515068 0.03363072 2.434763
0.229241 -0.3457363 2.504437
0.195186 -0.3580771 2.426359
0.1587814 0.882223 2.398335
-0.08146799 0.2759813 2.402623
-0.1050858 0.3762619 2.387195
0.4089529 0.2936047 2.440638
0.36717 0.3476509 2.378731
93
0.1798337 0.3546496 2.430362
0.1670271 0.6597413 2.415683
0.1553856 0.9540451 2.389179
0.1636117 1.090456 2.341493
-0.01023054 0.8657064 2.422081
-0.04902458 0.6108037 2.438316
-0.09119654 0.4075775 2.400134
-0.1056247 0.3641908 2.392463
0.3302712 0.8585196 2.418429
0.3776917 0.5884185 2.459971
0.4394562 0.3869906 2.436275
0.44657 0.3600197 2.435069
0.09400076 0.3612579 2.394252
0.1034084 0.03135855 2.435496
0.1365165 -0.3455758 2.49883
0.04013013 -0.3572619 2.479666
0.2605053 0.3662142 2.397748
0.2514721 0.03305481 2.435041
0.2290917 -0.3456648 2.504434
0.1953661 -0.3580113 2.426175
0.1586015 0.8819042 2.398303
-0.108433 0.2778402 2.40684
-0.127341 0.3873037 2.391779
0.4373857 0.292028 2.44325
0.3998004 0.3475575 2.391941
94
0.1798337 0.3546496 2.430362
0.1670271 0.6597413 2.415683
0.1553856 0.9540451 2.389179
0.1636117 1.090456 2.341493
-0.01023054 0.8657064 2.422081
-0.04902458 0.6108037 2.438316
-0.09119654 0.4075775 2.400134
-0.1056247 0.3641908 2.392463
0.3302712 0.8585196 2.418429
0.3776917 0.5884185 2.459971
0.4394562 0.3869906 2.436275
0.44657 0.3600197 2.435069
0.09400076 0.3612579 2.394252
0.1034084 0.03135855 2.435496
0.1365165 -0.3455758 2.49883
0.04013013 -0.3572619 2.479666
0.2605053 0.3662142 2.397748
0.2514721 0.03305481 2.435041
0.2290917 -0.3456648 2.504434
0.1953661 -0.3580113 2.426175
0.1586015 0.8819042 2.398303
-0.108433 0.2778402 2.40684
-0.127341 0.3873037 2.391779
0.4373857 0.292028 2.44325
0.3998004 0.3475575 2.391941
95
0.1802798 0.354148 2.430262
0.1670858 0.6592963 2.415701
0.1551661 0.9538499 2.389169
0.1632756 1.09041 2.341371
-0.01021708 0.8652547 2.421886
-0.05754259 0.6155494 2.4357
-0.1039312 0.4105673 2.401048
-0.1221676 0.3660508 2.39254
0.3300478 0.8583757 2.418399
0.3880766 0.5918337 2.459188
0.4560039 0.3903313 2.435343
0.4637559 0.3654433 2.434438
0.09440801 0.3607481 2.394194
0.1034394 0.0310988 2.435586
0.1365491 -0.343794 2.498668
0.03908678 -0.3562396 2.47586
0.2609887 0.3657356 2.397588
0.2514538 0.0326044 2.435255
0.2289452 -0.3457457 2.504577
0.1973154 -0.358308 2.425744
0.1584449 0.8816185 2.398293
-0.1253912 0.2792982 2.4091
-0.1403897 0.394785 2.393934
0.4540872 0.2909448 2.442929
0.4313779 0.372092 2.388705
96
0.1802798 0.354148 2.430262
0.1670858 0.6592963 2.415701
0.1551661 0.9538499 2.389169
0.1632756 1.09041 2.341371
-0.01021708 0.8652547 2.421886
-0.05754259 0.6155494 2.4357
-0.1039312 0.4105673 2.401048
-0.1221676 0.3660508 2.39254
0.3300478 0.8583757 2.418399
0.3880766 0.5918337 2.459188
0.4560039 0.3903313 2.435343
0.4637559 0.3654433 2.434438
0.09440801 0.3607481 2.394194
0.1034394 0.0310988 2.435586
0.1365491 -0.343794 2.498668
0.03908678 -0.3562396 2.47586
0.2609887 0.3657356 2.397588
0.2514538 0.0326044 2.435255
0.2289452 -0.3457457 2.504577
0.1973154 -0.358308 2.425744
0.1584449 0.8816185 2.398293
-0.1253912 0.2792982 2.4091
-0.1403897 0.394785 2.393934
0.4540872 0.2909448 2.442929
0.4313779 0.372092 2.388705
97
0.1806863 0.3537226 2.43011
0.1671455 0.6589143 2.415716
0.1549764 0.9536764 2.389192
0.1629721 1.090369 2.341291
-0.01022241 0.864764 2.421677
-0.06387548 0.6186141 2.433744
-0.1134043 0.4126236 2.401345
-0.1329928 0.3678367 2.39213
0.3299538 0.8583009 2.418417
0.3968065 0.5945352 2.458407
0.4679886 0.3930187 2.434644
0.4766606 0.3684786 2.433622
0.09477522 0.3603249 2.394101
0.1034701 0.03089872 2.435642
0.1366628 -0.3431511 2.498693
0.03879001 -0.3558661 2.474786
0.2614342 0.3653207 2.39735
0.2514708 0.03226827 2.435416
0.2289037 -0.3453423 2.504758
0.1985848 -0.3581131 2.425345
0.1583104 0.8813639 2.398303
-0.1384421 0.2820354 2.408259
-0.1509932 0.3958541 2.392766
0.4695823 0.2916972 2.441973
0.4548204 0.373824 2.396974
98
0.1806863 0.3537226 2.43011
0.1671455 0.6589143 2.415716
0.1549764 0.9536764 2.389192
0.1629721 1.090369 2.341291
-0.01022241 0.864764 2.421677
-0.06387548 0.6186141 2.433744
-0.1134043 0.4126236 2.401345
-0.1329928 0.3678367 2.39213
0.3299538 0.8583009 2.418417
0.3968065 0.5945352 2.458407
0.4679886 0.3930187 2.434644
0.4766606 0.3684786 2.433622
0.09477522 0.3603249 2.394101
0.1034701 0.03089872 2.435642
0.1366628 -0.3431511 2.498693
0.03879001 -0.3558661 2.474786
0.2614342 0.3653207 2.39735
0.2514708 0.03226827 2.435416
0.2289037 -0.3453423 2.504758
0.1985848 -0.3581131 2.425345
0.1583104 0.8813639 2.398303
-0.1384421 0.2820354 2.408259
-0.1509932 0.3958541 2.392766
0.4695823 0.2916972 2.441973
0.4548204 0.373824 2.396974
99
0.1811164 0.3533405 2.42986
0.1672228 0.6585793 2.41572
0.154827 0.9535321 2.389228
0.1626973 1.09034 2.341252
-0.01025053 0.8642778 2.421486
-0.0688938 0.6208338 2.432137
-0.1198376 0.4141177 2.401323
-0.1403919 0.3690832 2.391465
0.3301732 0.858255 2.418572
0.4030686 0.5962954 2.457598
0.4766607 0.3950209 2.434041
0.4860619 0.3700637 2.432921
0.09513649 0.3599601 2.393958
0.1035019 0.03074908 2.435655
0.1366903 -0.3426515 2.498699
0.03842852 -0.3555666 2.473933
0.2619469 0.3649341 2.396926
0.2515196 0.03197702 2.435553
0.2291434 -0.3449609 2.504839
0.1996398 -0.3578619 2.425126
0.1582071 0.8811468 2.398323
-0.1468241 0.2836333 2.407341
-0.1574961 0.3980615 2.392275
0.4799108 0.2907223 2.441571
0.4718519 0.3437697 2.413009
100
0.1811164 0.3533405 2.42986
0.1672228 0.6585793 2.41572
0.154827 0.9535321 2.389228
0.1626973 1.09034 2.341252
-0.01025053 0.8642778 2.421486
-0.0688938 0.6208338 2.432137
-0.1198376 0.4141177 2.401323
-0.1403919 0.3690832 2.391465
0.3301732 0.858255 2.418572
0.4030686 0.5962954 2.457598
0.4766607 0.3950209 2.434041
0.4860619 0.3700637 2.432921
0.09513649 0.3599601 2.393958
0.1035019 0.03074908 2.435655
0.1366903 -0.3426515 2.498699
0.03842852 -0.3555666 2.473933
0.2619469 0.3649341 2.396926
0.2515196 0.03197702 2.435553
0.2291434 -0.3449609 2.504839
0.1996398 -0.3578619 2.425126
0.1582071 0.8811468 2.398323
-0.1468241 0.2836333 2.407341
-0.1574961 0.3980615 2.392275
0.4799108 0.2907223 2.441571
0.4718519 0.3437697 2.413009
101
0.1815205 0.3530012 2.429548
0.167303 0.65829 2.415715
0.1547076 0.9534146 2.389273
0.1624559 1.090318 2.341231
-0.01027918 0.8637892 2.421285
-0.07287322 0.6226503 2.430754
-0.1242836 0.4153155 2.401214
-0.1453223 0.3700701 2.390339
0.3307697 0.8581665 2.418839
0.4084881 0.5981169 2.45654
0.4830323 0.3968852 2.433634
0.4929631 0.3713354 2.432145
0.09547469 0.3596422 2.393774
0.103551 0.03064821 2.435617
0.1366945 -0.3422959 2.498725
0.03805274 -0.3553669 2.473286
0.2624248 0.3645892 2.396419
0.2515844 0.03173146 2.435666
0.2292005 -0.3446313 2.504912
0.2005702 -0.3576626 2.42483
0.1581253 0.8809631 2.398348
-0.1522442 0.2866616 2.402806
-0.1628614 0.3860585 2.382194
0.489236 0.2908703 2.438188
0.4767378 0.3727385 2.4144
102
0.1815205 0.3530012 2.429548
0.167303 0.65829 2.415715
0.1547076 0.9534146 2.389273
0.1624559 1.090318 2.341231
-0.01027918 0.8637892 2.421285
-0.07287322 0.6226503 2.430754
-0.1242836 0.4153155 2.401214
-0.1453223 0.3700701 2.390339
0.3307697 0.8581665 2.418839
0.4084881 0.5981169 2.45654
0.4830323 0.3968852 2.433634
0.4929631 0.3713354 2.432145
0.09547469 0.3596422 2.393774
0.103551 0.03064821 2.435617
0.1366945 -0.3422959 2.498725
0.03805274 -0.3553669 2.473286
0.2624248 0.3645892 2.396419
0.2515844 0.03173146 2.435666
0.2292005 -0.3446313 2.504912
0.2005702 -0.3576626 2.42483
0.1581253 0.8809631 2.398348
-0.1522442 0.2866616 2.402806
-0.1628614 0.3860585 2.382194
0.489236 0.2908703 2.438188
0.4767378 0.3727385 2.4144
103
0.1819319 0.3526819 2.429155
0.1674022 0.6580169 2.415691
0.1546134 0.9533139 2.389319
0.1622414 1.090302 2.34123
-0.01028564 0.8632948 2.421093
-0.07575648 0.6238915 2.429716
-0.1274602 0.4161738 2.401118
-0.1477956 0.3713387 2.388006
0.3315735 0.8580241 2.419128
0.4126905 0.5991919 2.45558
0.4876875 0.3980938 2.433272
0.4975698 0.3720473 2.431082
0.09582102 0.35935 2.393511
0.103597 0.03059221 2.435536
0.136557 -0.3420951 2.498788
0.03776814 -0.355231 2.472868
0.2628997 0.3642625 2.395846
0.2516678 0.03151177 2.435764
0.2292531 -0.3443379 2.504991
0.1994321 -0.3571953 2.425529
0.1580639 0.8808019 2.398373
-0.1539554 0.288979 2.396866
-0.1644839 0.3785564 2.371984
0.4949603 0.2913846 2.432507
0.4800344 0.3769701 2.41401
104
0.1819319 0.3526819 2.429155
0.1674022 0.6580169 2.415691
0.1546134 0.9533139 2.389319
0.1622414 1.090302 2.34123
-0.01028564 0.8632948 2.421093
-0.07575648 0.6238915 2.429716
-0.1274602 0.4161738 2.401118
-0.1477956 0.3713387 2.388006
0.3315735 0.8580241 2.419128
0.4126905 0.5991919 2.45558
0.4876875 0.3980938 2.433272
0.4975698 0.3720473 2.431082
0.09582102 0.35935 2.393511
0.103597 0.03059221 2.435536
0.136557 -0.3420951 2.498788
0.03776814 -0.355231 2.472868
0.2628997 0.3642625 2.395846
0.2516678 0.03151177 2.435764
0.2292531 -0.3443379 2.504991
0.1994321 -0.3571953 2.425529
0.1580639 0.8808019 2.398373
-0.1539554 0.288979 2.396866
-0.1644839 0.3785564 2.371984
0.4949603 0.2913846 2.432507
0.4800344 0.3769701 2.41401
