130
1
-0.06992941 0.3077496 2.746404
-0.06963241 0.6126854 2.741069
-0.06922695 0.9123927 2.721806
-0.06029854 1.062064 2.712345
-0.2311669 0.8010695 2.721896
-0.2691356 0.5570893 2.723705
-0.2496009 0.3219424 2.663256
-0.2362979 0.2666227 2.651608
0.0969576 0.7957197 2.738184
0.1216175 0.5502692 2.744466
0.1093834 0.3101233 2.683036
0.0862185 0.241488 2.669752
-0.1439219 0.3173157 2.707227
-0.1575887 -0.01273167 2.729939
-0.1644283 -0.3852194 2.823983
-0.1697659 -0.4229642 2.674096
0.005810445 0.3155993 2.716036
0.01450544 -0.02597254 2.751469
0.004742599 -0.3816465 2.839626
0.01566255 -0.4196445 2.68753
-0.06941631 0.8381013 2.729091
-0.2370865 0.1930408 2.640314
-0.2633218 0.2499563 2.633484
0.09072854 0.1673772 2.661149
0.05430911 0.2457637 2.648861
2
-0.0699383 0.307739 2.746399
-0.06963632 0.6126739 2.741064
-0.06922413 0.9123867 2.721802
-0.06030066 1.062059 2.71234
-0.2311751 0.8010651 2.7219
-0.2691333 0.5570607 2.723717
-0.2495659 0.3218721 2.663243
-0.2362658 0.2665358 2.651601
0.09696038 0.7957126 2.738187
0.1216092 0.5502645 2.744464
0.109372 0.3100853 2.683034
0.0861769 0.2404325 2.6697
-0.143933 0.3173072 2.707224
-0.1575885 -0.01273537 2.72994
-0.1643386 -0.380791 2.82288
-0.1649218 -0.4195141 2.669488
0.005804939 0.3155886 2.71603
0.01450851 -0.02595281 2.751467
0.003530804 -0.4274542 2.851018
-0.01125919 -0.4551268 2.73778
-0.06941518 0.8380938 2.729086
-0.2367006 0.1927915 2.640171
-0.263211 0.249867 2.633027
0.0904525 0.1665441 2.661382
0.05387763 0.2389892 2.648395
3
-0.0699383 0.307739 2.746399
-0.06963632 0.6126739 2.741064
-0.06922413 0.9123867 2.721802
-0.06030066 1.062059 2.71234
-0.2311751 0.8010651 2.7219
-0.2691333 0.5570607 2.723717
-0.2495659 0.3218721 2.663243
-0.2362658 0.2665358 2.651601
0.09696038 0.7957126 2.738187
0.1216092 0.5502645 2.744464
0.109372 0.3100853 2.683034
0.0861769 0.2404325 2.6697
-0.143933 0.3173072 2.707224
-0.1575885 -0.01273537 2.72994
-0.1643386 -0.380791 2.82288
-0.1649218 -0.4195141 2.669488
0.005804939 0.3155886 2.71603
0.01450851 -0.02595281 2.751467
0.003530804 -0.4274542 2.851018
-0.01125919 -0.4551268 2.73778
-0.06941518 0.8380938 2.729086
-0.2367006 0.1927915 2.640171
-0.263211 0.249867 2.633027
0.0904525 0.1665441 2.661382
0.05387763 0.2389892 2.648395
4
-0.0699449 0.3077301 2.746395
-0.06963857 0.6126633 2.741059
-0.06921931 0.9123804 2.721799
-0.06030164 1.062053 2.712334
-0.2311811 0.8010625 2.721905
-0.2691261 0.5570185 2.723737
-0.2495295 0.3217997 2.663229
-0.236248 0.2664622 2.651584
0.09696349 0.7957056 2.738189
0.1215988 0.5502575 2.744463
0.1093612 0.3100505 2.683032
0.08616897 0.2400094 2.669694
-0.1439419 0.3173 2.70722
-0.1575883 -0.01273825 2.729942
-0.1653363 -0.4358283 2.836793
-0.1962597 -0.4631173 2.726496
0.00580172 0.3155794 2.716024
0.01451244 -0.02593327 2.751464
0.003918711 -0.4142243 2.847767
-0.009558992 -0.4447457 2.723223
-0.06941234 0.8380864 2.729082
-0.2366058 0.1926716 2.640088
-0.2631757 0.2498214 2.632721
0.09017307 0.1659866 2.661125
0.0538449 0.2375503 2.64822
5
-0.0699449 0.3077301 2.746395
-0.06963857 0.6126633 2.741059
-0.06921931 0.9123804 2.721799
-0.06030164 1.062053 2.712334
-0.2311811 0.8010625 2.721905
-0.2691261 0.5570185 2.723737
-0.2495295 0.3217997 2.663229
-0.236248 0.2664622 2.651584
0.09696349 0.7957056 2.738189
0.1215988 0.5502575 2.744463
0.1093612 0.3100505 2.683032
0.08616897 0.2400094 2.669694
-0.1439419 0.3173 2.70722
-0.1575883 -0.01273825 2.729942
-0.1653363 -0.4358283 2.836793
-0.1962597 -0.4631173 2.726496
0.00580172 0.3155794 2.716024
0.01451244 -0.02593327 2.751464
0.003918711 -0.4142243 2.847767
-0.009558992 -0.4447457 2.723223
-0.06941234 0.8380864 2.729082
-0.2366058 0.1926716 2.640088
-0.2631757 0.2498214 2.632721
0.09017307 0.1659866 2.661125
0.0538449 0.2375503 2.64822
6
-0.0699501 0.3077213 2.74639
-0.06963961 0.6126528 2.741053
-0.06921262 0.912374 2.721794
-0.0603019 1.062047 2.712328
-0.2311862 0.80106 2.721909
-0.2691161 0.5569708 2.723758
-0.2494913 0.3217193 2.66321
-0.2362345 0.2663926 2.651541
0.09696767 0.7956974 2.738192
0.1215882 0.5502501 2.744462
0.1093512 0.3100168 2.68303
0.0861459 0.2397158 2.669649
-0.1439494 0.3172931 2.707216
-0.1575857 -0.01275205 2.729946
-0.1657426 -0.4572968 2.842197
-0.1680693 -0.4773683 2.762539
0.005800087 0.31557 2.716018
0.01452857 -0.02597364 2.751466
0.002930057 -0.4510852 2.856946
-0.02847872 -0.4736528 2.762539
-0.06940791 0.8380789 2.729076
-0.2367287 0.1926026 2.64002
-0.2633072 0.2500829 2.63238
0.08977219 0.1656124 2.660847
0.05372188 0.238191 2.648445
7
-0.0699501 0.3077213 2.74639
-0.06963961 0.6126528 2.741053
-0.06921262 0.912374 2.721794
-0.0603019 1.062047 2.712328
-0.2311862 0.80106 2.721909
-0.2691161 0.5569708 2.723758
-0.2494913 0.3217193 2.66321
-0.2362345 0.2663926 2.651541
0.09696767 0.7956974 2.738192
0.1215882 0.5502501 2.744462
0.1093512 0.3100168 2.68303
0.0861459 0.2397158 2.669649
-0.1439494 0.3172931 2.707216
-0.1575857 -0.01275205 2.729946
-0.1657426 -0.4572968 2.842197
-0.1680693 -0.4773683 2.762539
0.005800087 0.31557 2.716018
0.01452857 -0.02597364 2.751466
0.002930057 -0.4510852 2.856946
-0.02847872 -0.4736528 2.762539
-0.06940791 0.8380789 2.729076
-0.2367287 0.1926026 2.64002
-0.2633072 0.2500829 2.63238
0.08977219 0.1656124 2.660847
0.05372188 0.238191 2.648445
8
-0.06995457 0.3077137 2.746385
-0.06964 0.6126429 2.741047
-0.06920479 0.9123676 2.72179
-0.06029999 1.062042 2.712321
-0.2311915 0.8010583 2.721914
-0.2691039 0.5569158 2.723779
-0.249453 0.3216379 2.663192
-0.236216 0.2662937 2.651517
0.09697217 0.7956891 2.738194
0.1215784 0.5502427 2.744461
0.109341 0.3099814 2.68303
0.08615085 0.2397657 2.669657
-0.1439559 0.317287 2.707212
-0.157582 -0.01277384 2.729952
-0.1651181 -0.4219971 2.833285
-0.1572459 -0.4511899 2.718248
0.00579846 0.3155623 2.716013
0.01454604 -0.02602174 2.751469
0.002559884 -0.4651194 2.860477
0.0321503 -0.4848053 2.784433
-0.06940264 0.8380716 2.729071
-0.2366474 0.1925107 2.639947
-0.2632973 0.2500825 2.632196
0.08969175 0.1658448 2.660556
0.05345526 0.2362752 2.648452
9
-0.06995457 0.3077137 2.746385
-0.06964 0.6126429 2.741047
-0.06920479 0.9123676 2.72179
-0.06029999 1.062042 2.712321
-0.2311915 0.8010583 2.721914
-0.2691039 0.5569158 2.723779
-0.249453 0.3216379 2.663192
-0.236216 0.2662937 2.651517
0.09697217 0.7956891 2.738194
0.1215784 0.5502427 2.744461
0.109341 0.3099814 2.68303
0.08615085 0.2397657 2.669657
-0.1439559 0.317287 2.707212
-0.157582 -0.01277384 2.729952
-0.1651181 -0.4219971 2.833285
-0.1572459 -0.4511899 2.718248
0.00579846 0.3155623 2.716013
0.01454604 -0.02602174 2.751469
0.002559884 -0.4651194 2.860477
0.0321503 -0.4848053 2.784433
-0.06940264 0.8380716 2.729071
-0.2366474 0.1925107 2.639947
-0.2632973 0.2500825 2.632196
0.08969175 0.1658448 2.660556
0.05345526 0.2362752 2.648452
10
-0.06995341 0.3077056 2.746376
-0.06963778 0.6126313 2.741038
-0.06919581 0.9123593 2.721781
-0.0602966 1.062038 2.712312
-0.2311949 0.8010565 2.721917
-0.2690916 0.5568618 2.723798
-0.2494162 0.3215596 2.663172
-0.2361935 0.2662326 2.651476
0.09697741 0.7956806 2.738196
0.1215703 0.5502362 2.744461
0.1093314 0.309948 2.683027
0.08617339 0.2399365 2.669591
-0.1439587 0.3172812 2.707205
-0.1575773 -0.01279626 2.729958
-0.1655841 -0.4464637 2.839466
-0.2148385 -0.4686132 2.74815
0.005805986 0.3155533 2.716002
0.01456185 -0.02604807 2.751465
0.003840485 -0.4190816 2.849047
0.03128609 -0.4491158 2.731094
-0.06939571 0.8380623 2.729062
-0.2366576 0.1924441 2.639871
-0.2637089 0.2516573 2.63291
0.08952051 0.1661581 2.660333
0.05339186 0.2356184 2.648442
11
-0.06995341 0.3077056 2.746376
-0.06963778 0.6126313 2.741038
-0.06919581 0.9123593 2.721781
-0.0602966 1.062038 2.712312
-0.2311949 0.8010565 2.721917
-0.2690916 0.5568618 2.723798
-0.2494162 0.3215596 2.663172
-0.2361935 0.2662326 2.651476
0.09697741 0.7956806 2.738196
0.1215703 0.5502362 2.744461
0.1093314 0.309948 2.683027
0.08617339 0.2399365 2.669591
-0.1439587 0.3172812 2.707205
-0.1575773 -0.01279626 2.729958
-0.1655841 -0.4464637 2.839466
-0.2148385 -0.4686132 2.74815
0.005805986 0.3155533 2.716002
0.01456185 -0.02604807 2.751465
0.003840485 -0.4190816 2.849047
0.03128609 -0.4491158 2.731094
-0.06939571 0.8380623 2.729062
-0.2366576 0.1924441 2.639871
-0.2637089 0.2516573 2.63291
0.08952051 0.1661581 2.660333
0.05339186 0.2356184 2.648442
12
-0.06995017 0.3076972 2.746365
-0.06963431 0.6126191 2.741027
-0.06918599 0.9123504 2.721772
-0.06029011 1.062034 2.7123
-0.2311976 0.8010547 2.721919
-0.2690779 0.5568015 2.723816
-0.2493809 0.3214838 2.663152
-0.2361767 0.2661504 2.651454
0.09698576 0.7956693 2.738197
0.1215615 0.5502287 2.744461
0.1093227 0.3099182 2.683025
0.08619063 0.2401448 2.669555
-0.1439603 0.3172757 2.707197
-0.1575755 -0.01280404 2.729959
-0.1648681 -0.4068258 2.82944
-0.1912352 -0.438751 2.701058
0.005817234 0.3155429 2.715987
0.01457625 -0.02606954 2.751461
0.003618869 -0.4277047 2.851192
0.01434822 -0.4521696 2.753846
-0.06938779 0.8380524 2.729052
-0.2366659 0.1921914 2.64031
-0.2635747 0.2443103 2.632767
0.08949344 0.1663566 2.660424
0.05350384 0.2357754 2.648154
13
-0.06995017 0.3076972 2.746365
-0.06963431 0.6126191 2.741027
-0.06918599 0.9123504 2.721772
-0.06029011 1.062034 2.7123
-0.2311976 0.8010547 2.721919
-0.2690779 0.5568015 2.723816
-0.2493809 0.3214838 2.663152
-0.2361767 0.2661504 2.651454
0.09698576 0.7956693 2.738197
0.1215615 0.5502287 2.744461
0.1093227 0.3099182 2.683025
0.08619063 0.2401448 2.669555
-0.1439603 0.3172757 2.707197
-0.1575755 -0.01280404 2.729959
-0.1648681 -0.4068258 2.82944
-0.1912352 -0.438751 2.701058
0.005817234 0.3155429 2.715987
0.01457625 -0.02606954 2.751461
0.003618869 -0.4277047 2.851192
0.01434822 -0.4521696 2.753846
-0.06938779 0.8380524 2.729052
-0.2366659 0.1921914 2.64031
-0.2635747 0.2443103 2.632767
0.08949344 0.1663566 2.660424
0.05350384 0.2357754 2.648154
14
-0.06993473 0.3076887 2.746348
-0.06962328 0.6126059 2.741014
-0.06916989 0.9123399 2.721762
-0.06027946 1.062029 2.712282
-0.2311994 0.8010537 2.721921
-0.2690627 0.5567408 2.723833
-0.2493386 0.3213886 2.663118
-0.2361602 0.2660591 2.651376
0.09699795 0.7956551 2.738197
0.1215521 0.5502207 2.744461
0.1093149 0.30989 2.683022
0.08624166 0.2403468 2.669506
-0.1439527 0.3172703 2.707181
-0.1575744 -0.01280959 2.72996
-0.1645552 -0.389585 2.82509
-0.178891 -0.4261176 2.679345
0.005844425 0.3155329 2.715966
0.01458517 -0.02607514 2.751457
0.003524018 -0.4314443 2.852123
0.02562639 -0.4544344 2.761973
-0.0693733 0.838041 2.729041
-0.2366095 0.1920901 2.640369
-0.2634634 0.2434041 2.632536
0.08957066 0.1665816 2.660419
0.05342828 0.2383701 2.648302
15
-0.06993473 0.3076887 2.746348
-0.06962328 0.6126059 2.741014
-0.06916989 0.9123399 2.721762
-0.06027946 1.062029 2.712282
-0.2311994 0.8010537 2.721921
-0.2690627 0.5567408 2.723833
-0.2493386 0.3213886 2.663118
-0.2361602 0.2660591 2.651376
0.09699795 0.7956551 2.738197
0.1215521 0.5502207 2.744461
0.1093149 0.30989 2.683022
0.08624166 0.2403468 2.669506
-0.1439527 0.3172703 2.707181
-0.1575744 -0.01280959 2.72996
-0.1645552 -0.389585 2.82509
-0.178891 -0.4261176 2.679345
0.005844425 0.3155329 2.715966
0.01458517 -0.02607514 2.751457
0.003524018 -0.4314443 2.852123
0.02562639 -0.4544344 2.761973
-0.0693733 0.838041 2.729041
-0.2366095 0.1920901 2.640369
-0.2634634 0.2434041 2.632536
0.08957066 0.1665816 2.660419
0.05342828 0.2383701 2.648302
16
-0.06991167 0.3076796 2.746326
-0.0696101 0.6125924 2.740999
-0.06915494 0.9123294 2.721749
-0.06026689 1.062023 2.712266
-0.2312006 0.8010529 2.721923
-0.2690473 0.5566824 2.723849
-0.2492912 0.3212706 2.663067
-0.2361395 0.2660045 2.651348
0.09701393 0.7956374 2.738197
0.1215432 0.5502129 2.744461
0.1093082 0.3098624 2.683018
0.08629389 0.240634 2.669468
-0.1439375 0.3172637 2.707162
-0.1575725 -0.01281182 2.729959
-0.1643754 -0.3796737 2.822588
-0.1715969 -0.418743 2.667322
0.00587914 0.3155231 2.715943
0.01459327 -0.02607844 2.751453
0.004436807 -0.3987393 2.843997
0.02051491 -0.4307141 2.717003
-0.06935866 0.8380294 2.729028
-0.2362945 0.1919585 2.640255
-0.263213 0.2435382 2.632277
0.08967287 0.1668873 2.660484
0.05398376 0.2441439 2.648615
17
-0.06991167 0.3076796 2.746326
-0.0696101 0.6125924 2.740999
-0.06915494 0.9123294 2.721749
-0.06026689 1.062023 2.712266
-0.2312006 0.8010529 2.721923
-0.2690473 0.5566824 2.723849
-0.2492912 0.3212706 2.663067
-0.2361395 0.2660045 2.651348
0.09701393 0.7956374 2.738197
0.1215432 0.5502129 2.744461
0.1093082 0.3098624 2.683018
0.08629389 0.240634 2.669468
-0.1439375 0.3172637 2.707162
-0.1575725 -0.01281182 2.729959
-0.1643754 -0.3796737 2.822588
-0.1715969 -0.418743 2.667322
0.00587914 0.3155231 2.715943
0.01459327 -0.02607844 2.751453
0.004436807 -0.3987393 2.843997
0.02051491 -0.4307141 2.717003
-0.06935866 0.8380294 2.729028
-0.2362945 0.1919585 2.640255
-0.263213 0.2435382 2.632277
0.08967287 0.1668873 2.660484
0.05398376 0.2441439 2.648615
18
-0.06986845 0.3076684 2.746299
-0.06959453 0.6125783 2.740981
-0.06914286 0.9123183 2.721732
-0.06024778 1.062017 2.712248
-0.2312014 0.8010523 2.721924
-0.2690321 0.5566263 2.723864
-0.249251 0.3211913 2.663027
-0.2361027 0.2659689 2.651325
0.09702975 0.7956205 2.738196
0.1215342 0.5502036 2.74446
0.1093038 0.3098387 2.683016
0.08638028 0.2409073 2.669443
-0.1439016 0.3172552 2.707136
-0.1575696 -0.01282023 2.729957
-0.165379 -0.4335886 2.836202
-0.1752942 -0.4639704 2.715151
0.005932256 0.3155117 2.715913
0.01460095 -0.02608025 2.751448
0.004867943 -0.3832638 2.84014
0.01766311 -0.4194683 2.695742
-0.06934498 0.8380173 2.72901
-0.23594 0.1919256 2.64026
-0.2627862 0.244447 2.633207
0.08971227 0.1673617 2.660173
0.05404935 0.2456402 2.648687
19
-0.06986845 0.3076684 2.746299
-0.06959453 0.6125783 2.740981
-0.06914286 0.9123183 2.721732
-0.06024778 1.062017 2.712248
-0.2312014 0.8010523 2.721924
-0.2690321 0.5566263 2.723864
-0.249251 0.3211913 2.663027
-0.2361027 0.2659689 2.651325
0.09702975 0.7956205 2.738196
0.1215342 0.5502036 2.74446
0.1093038 0.3098387 2.683016
0.08638028 0.2409073 2.669443
-0.1439016 0.3172552 2.707136
-0.1575696 -0.01282023 2.729957
-0.165379 -0.4335886 2.836202
-0.1752942 -0.4639704 2.715151
0.005932256 0.3155117 2.715913
0.01460095 -0.02608025 2.751448
0.004867943 -0.3832638 2.84014
0.01766311 -0.4194683 2.695742
-0.06934498 0.8380173 2.72901
-0.23594 0.1919256 2.64026
-0.2627862 0.244447 2.633207
0.08971227 0.1673617 2.660173
0.05404935 0.2456402 2.648687
20
-0.06982126 0.3076577 2.746271
-0.06957688 0.6125637 2.740962
-0.06912924 0.9123054 2.721712
-0.06021867 1.062005 2.712223
-0.231202 0.801052 2.721925
-0.2690162 0.5565771 2.723876
-0.2492135 0.3211176 2.66299
-0.236093 0.2659233 2.651328
0.09704371 0.7956058 2.738194
0.1215253 0.550194 2.74446
0.1093001 0.3098221 2.683013
0.08656446 0.2421861 2.669669
-0.1438603 0.3172475 2.707109
-0.1575662 -0.01282919 2.729955
-0.1657381 -0.4647133 2.844086
-0.2325811 -0.4815027 2.772825
0.005988113 0.3155008 2.715884
0.01460914 -0.02607992 2.751441
0.005117227 -0.3745969 2.837979
0.01605294 -0.413121 2.684031
-0.06932946 0.8380038 2.728991
-0.235708 0.1918347 2.640378
-0.2627022 0.2443763 2.633317
0.09027516 0.1687627 2.6605
0.05430836 0.2490159 2.648796
21
-0.06982126 0.3076577 2.746271
-0.06957688 0.6125637 2.740962
-0.06912924 0.9123054 2.721712
-0.06021867 1.062005 2.712223
-0.231202 0.801052 2.721925
-0.2690162 0.5565771 2.723876
-0.2492135 0.3211176 2.66299
-0.236093 0.2659233 2.651328
0.09704371 0.7956058 2.738194
0.1215253 0.550194 2.74446
0.1093001 0.3098221 2.683013
0.08656446 0.2421861 2.669669
-0.1438603 0.3172475 2.707109
-0.1575662 -0.01282919 2.729955
-0.1657381 -0.4647133 2.844086
-0.2325811 -0.4815027 2.772825
0.005988113 0.3155008 2.715884
0.01460914 -0.02607992 2.751441
0.005117227 -0.3745969 2.837979
0.01605294 -0.413121 2.684031
-0.06932946 0.8380038 2.728991
-0.235708 0.1918347 2.640378
-0.2627022 0.2443763 2.633317
0.09027516 0.1687627 2.6605
0.05430836 0.2490159 2.648796
22
-0.06978482 0.3076489 2.746253
-0.06956104 0.6125517 2.740948
-0.06911545 0.9122957 2.721699
-0.06017874 1.061993 2.712198
-0.2312023 0.8010519 2.721925
-0.2689998 0.5565269 2.72389
-0.2491866 0.3210529 2.662967
-0.2361304 0.2658879 2.651467
0.0970609 0.79559 2.738193
0.121512 0.5501758 2.744463
0.1092985 0.3098044 2.68301
0.08675954 0.2433566 2.669971
-0.143823 0.3172417 2.707086
-0.1575623 -0.01283694 2.729954
-0.1649355 -0.4261774 2.834389
-0.1977809 -0.453634 2.723401
0.006024223 0.315491 2.715872
0.01461706 -0.02607779 2.751433
0.005288343 -0.3695779 2.83673
0.01524652 -0.4094817 2.677121
-0.06931419 0.8379931 2.728977
-0.2358048 0.191629 2.640786
-0.2652297 0.262008 2.633294
0.09055267 0.1701138 2.66043
0.05433385 0.2499661 2.649173
23
-0.06978482 0.3076489 2.746253
-0.06956104 0.6125517 2.740948
-0.06911545 0.9122957 2.721699
-0.06017874 1.061993 2.712198
-0.2312023 0.8010519 2.721925
-0.2689998 0.5565269 2.72389
-0.2491866 0.3210529 2.662967
-0.2361304 0.2658879 2.651467
0.0970609 0.79559 2.738193
0.121512 0.5501758 2.744463
0.1092985 0.3098044 2.68301
0.08675954 0.2433566 2.669971
-0.143823 0.3172417 2.707086
-0.1575623 -0.01283694 2.729954
-0.1649355 -0.4261774 2.834389
-0.1977809 -0.453634 2.723401
0.006024223 0.315491 2.715872
0.01461706 -0.02607779 2.751433
0.005288343 -0.3695779 2.83673
0.01524652 -0.4094817 2.677121
-0.06931419 0.8379931 2.728977
-0.2358048 0.191629 2.640786
-0.2652297 0.262008 2.633294
0.09055267 0.1701138 2.66043
0.05433385 0.2499661 2.649173
24
-0.06975601 0.3076388 2.746244
-0.06954406 0.6125398 2.740936
-0.06909255 0.9122865 2.721684
-0.06013383 1.06198 2.712172
-0.2312015 0.8010526 2.721925
-0.2689778 0.5564566 2.72391
-0.2491787 0.3209617 2.662976
-0.2364639 0.2658476 2.652062
0.09708042 0.7955726 2.738192
0.1214999 0.5501509 2.744469
0.1093042 0.3097853 2.683012
0.08719371 0.2448955 2.670668
-0.143791 0.3172339 2.707072
-0.1575557 -0.01288418 2.729962
-0.1644214 -0.4003478 2.827865
-0.1759065 -0.4347006 2.691104
0.006051341 0.3154799 2.715869
0.01462429 -0.02609462 2.751431
0.005447857 -0.3662117 2.835904
0.01476517 -0.4070375 2.672536
-0.06929273 0.8379827 2.728963
-0.2368256 0.1911119 2.642003
-0.2690398 0.2722429 2.637939
0.09161998 0.1714082 2.661026
0.05485805 0.2482265 2.650222
25
-0.06975601 0.3076388 2.746244
-0.06954406 0.6125398 2.740936
-0.06909255 0.9122865 2.721684
-0.06013383 1.06198 2.712172
-0.2312015 0.8010526 2.721925
-0.2689778 0.5564566 2.72391
-0.2491787 0.3209617 2.662976
-0.2364639 0.2658476 2.652062
0.09708042 0.7955726 2.738192
0.1214999 0.5501509 2.744469
0.1093042 0.3097853 2.683012
0.08719371 0.2448955 2.670668
-0.143791 0.3172339 2.707072
-0.1575557 -0.01288418 2.729962
-0.1644214 -0.4003478 2.827865
-0.1759065 -0.4347006 2.691104
0.006051341 0.3154799 2.715869
0.01462429 -0.02609462 2.751431
0.005447857 -0.3662117 2.835904
0.01476517 -0.4070375 2.672536
-0.06929273 0.8379827 2.728963
-0.2368256 0.1911119 2.642003
-0.2690398 0.2722429 2.637939
0.09161998 0.1714082 2.661026
0.05485805 0.2482265 2.650222
26
-0.06973032 0.3076249 2.74625
-0.06952499 0.612527 2.740929
-0.06905887 0.912276 2.721671
-0.06008254 1.061966 2.712146
-0.2312001 0.8010537 2.721925
-0.2689732 0.5561631 2.724025
-0.2495628 0.3208254 2.663147
-0.2391875 0.2661032 2.653627
0.09710179 0.795554 2.738191
0.121494 0.5500591 2.744507
0.10954 0.3095308 2.683131
0.08879659 0.2442311 2.671857
-0.1437596 0.3172238 2.707074
-0.1575485 -0.0129612 2.729983
-0.1641544 -0.38695 2.824489
-0.1649857 -0.4246938 2.675066
0.006073122 0.3154622 2.715882
0.01463198 -0.02611226 2.751432
0.005556327 -0.3637246 2.835289
0.01438955 -0.4052148 2.669203
-0.06926385 0.8379711 2.728951
-0.2399278 0.1902611 2.643746
-0.2767308 0.2798308 2.639893
0.09379464 0.169698 2.663098
0.05603439 0.247685 2.652662
27
-0.06973032 0.3076249 2.74625
-0.06952499 0.612527 2.740929
-0.06905887 0.912276 2.721671
-0.06008254 1.061966 2.712146
-0.2312001 0.8010537 2.721925
-0.2689732 0.5561631 2.724025
-0.2495628 0.3208254 2.663147
-0.2391875 0.2661032 2.653627
0.09710179 0.795554 2.738191
0.121494 0.5500591 2.744507
0.10954 0.3095308 2.683131
0.08879659 0.2442311 2.671857
-0.1437596 0.3172238 2.707074
-0.1575485 -0.0129612 2.729983
-0.1641544 -0.38695 2.824489
-0.1649857 -0.4246938 2.675066
0.006073122 0.3154622 2.715882
0.01463198 -0.02611226 2.751432
0.005556327 -0.3637246 2.835289
0.01438955 -0.4052148 2.669203
-0.06926385 0.8379711 2.728951
-0.2399278 0.1902611 2.643746
-0.2767308 0.2798308 2.639893
0.09379464 0.169698 2.663098
0.05603439 0.247685 2.652662
28
-0.06968841 0.3075938 2.746299
-0.06949478 0.6125076 2.740931
-0.06900889 0.9122613 2.721657
-0.06002051 1.061953 2.712116
-0.2311956 0.8010635 2.721931
-0.269061 0.5556798 2.724272
-0.2538824 0.3187967 2.663909
-0.2488418 0.2622286 2.65788
0.09713567 0.7955273 2.738194
0.121895 0.5489942 2.745008
0.1116518 0.3076108 2.683945
0.09703783 0.2373807 2.677032
-0.1437035 0.3172001 2.707117
-0.1575455 -0.01302842 2.73001
-0.1647739 -0.4239042 2.833839
-0.1365171 -0.4482361 2.739518
0.006101795 0.3154235 2.715946
0.01464357 -0.02615053 2.751441
0.00558282 -0.3622923 2.834985
0.01385659 -0.4042225 2.667176
-0.06922106 0.8379549 2.728942
-0.2490739 0.1866116 2.646418
-0.2879067 0.2795027 2.63997
0.1049665 0.1588756 2.673193
0.06398764 0.2355589 2.664334
29
-0.06968841 0.3075938 2.746299
-0.06949478 0.6125076 2.740931
-0.06900889 0.9122613 2.721657
-0.06002051 1.061953 2.712116
-0.2311956 0.8010635 2.721931
-0.269061 0.5556798 2.724272
-0.2538824 0.3187967 2.663909
-0.2488418 0.2622286 2.65788
0.09713567 0.7955273 2.738194
0.121895 0.5489942 2.745008
0.1116518 0.3076108 2.683945
0.09703783 0.2373807 2.677032
-0.1437035 0.3172001 2.707117
-0.1575455 -0.01302842 2.73001
-0.1647739 -0.4239042 2.833839
-0.1365171 -0.4482361 2.739518
0.006101795 0.3154235 2.715946
0.01464357 -0.02615053 2.751441
0.00558282 -0.3622923 2.834985
0.01385659 -0.4042225 2.667176
-0.06922106 0.8379549 2.728942
-0.2490739 0.1866116 2.646418
-0.2879067 0.2795027 2.63997
0.1049665 0.1588756 2.673193
0.06398764 0.2355589 2.664334
30
-0.06962413 0.3075571 2.746369
-0.06945958 0.6124862 2.740935
-0.06895746 0.9122454 2.721644
-0.05995234 1.061937 2.71208
-0.2311895 0.8010762 2.721938
-0.2705401 0.5542216 2.724802
-0.295718 0.3223333 2.667194
-0.2896567 0.2583802 2.656774
0.09718645 0.7954925 2.738197
0.1235149 0.546918 2.74619
0.130344 0.3032508 2.689143
0.1321931 0.2293241 2.680824
-0.1436253 0.3171745 2.707173
-0.1575511 -0.01319146 2.730069
-0.1643929 -0.4037543 2.828772
-0.1354025 -0.4344374 2.709369
0.006154244 0.3153743 2.716045
0.01465444 -0.02618899 2.751452
0.005713541 -0.36255 2.835103
0.01349496 -0.404689 2.666493
-0.0691763 0.8379378 2.728933
-0.2848261 0.1839918 2.648114
-0.3249053 0.2804651 2.644611
0.1294948 0.1539779 2.682611
0.1042923 0.2153358 2.651154
31
-0.06962413 0.3075571 2.746369
-0.06945958 0.6124862 2.740935
-0.06895746 0.9122454 2.721644
-0.05995234 1.061937 2.71208
-0.2311895 0.8010762 2.721938
-0.2705401 0.5542216 2.724802
-0.295718 0.3223333 2.667194
-0.2896567 0.2583802 2.656774
0.09718645 0.7954925 2.738197
0.1235149 0.546918 2.74619
0.130344 0.3032508 2.689143
0.1321931 0.2293241 2.680824
-0.1436253 0.3171745 2.707173
-0.1575511 -0.01319146 2.730069
-0.1643929 -0.4037543 2.828772
-0.1354025 -0.4344374 2.709369
0.006154244 0.3153743 2.716045
0.01465444 -0.02618899 2.751452
0.005713541 -0.36255 2.835103
0.01349496 -0.404689 2.666493
-0.0691763 0.8379378 2.728933
-0.2848261 0.1839918 2.648114
-0.3249053 0.2804651 2.644611
0.1294948 0.1539779 2.682611
0.1042923 0.2153358 2.651154
32
-0.06950837 0.3075434 2.74647
-0.06940344 0.6124705 2.740945
-0.06889523 0.9122321 2.721627
-0.05984745 1.061926 2.712017
-0.2311756 0.8011481 2.721987
-0.2837505 0.5574023 2.726102
-0.339462 0.3324502 2.669234
-0.3414351 0.2665152 2.653693
0.09724226 0.795473 2.73821
0.1276115 0.5442789 2.748744
0.1672167 0.3042042 2.701013
0.1782666 0.2295766 2.68959
-0.1435034 0.3171665 2.707251
-0.1575554 -0.01323088 2.730089
-0.1642077 -0.3940006 2.826317
-0.1363085 -0.4278606 2.694262
0.006265882 0.3153571 2.716181
0.01464096 -0.02643968 2.751546
0.005819253 -0.3648177 2.835592
0.01304356 -0.4068742 2.667026
-0.06911879 0.8379239 2.728922
-0.3340295 0.191952 2.643743
-0.3695611 0.2794243 2.638311
0.1775312 0.1590854 2.696933
0.156419 0.2162565 2.653363
33
-0.06950837 0.3075434 2.74647
-0.06940344 0.6124705 2.740945
-0.06889523 0.9122321 2.721627
-0.05984745 1.061926 2.712017
-0.2311756 0.8011481 2.721987
-0.2837505 0.5574023 2.726102
-0.339462 0.3324502 2.669234
-0.3414351 0.2665152 2.653693
0.09724226 0.795473 2.73821
0.1276115 0.5442789 2.748744
0.1672167 0.3042042 2.701013
0.1782666 0.2295766 2.68959
-0.1435034 0.3171665 2.707251
-0.1575554 -0.01323088 2.730089
-0.1642077 -0.3940006 2.826317
-0.1363085 -0.4278606 2.694262
0.006265882 0.3153571 2.716181
0.01464096 -0.02643968 2.751546
0.005819253 -0.3648177 2.835592
0.01304356 -0.4068742 2.667026
-0.06911879 0.8379239 2.728922
-0.3340295 0.191952 2.643743
-0.3695611 0.2794243 2.638311
0.1775312 0.1590854 2.696933
0.156419 0.2162565 2.653363
34
-0.06939071 0.3075359 2.746577
-0.06933881 0.6124563 2.740954
-0.06878769 0.9122132 2.721583
-0.05969856 1.061902 2.711905
-0.2311562 0.8012754 2.722066
-0.3060369 0.5595495 2.7279
-0.3970305 0.3487476 2.668903
-0.400081 0.2846575 2.649021
0.0973045 0.7954547 2.738231
0.1417115 0.542696 2.755564
0.2213895 0.3107047 2.720535
0.2300988 0.2421873 2.700751
-0.143382 0.3171627 2.707333
-0.1575623 -0.01326521 2.730108
-0.1640804 -0.3872541 2.82462
-0.1382743 -0.4233975 2.683377
0.006381557 0.3153492 2.716325
0.01462485 -0.02666385 2.751635
0.005779913 -0.3669007 2.836065
0.01254753 -0.408813 2.667876
-0.06902976 0.8379072 2.728895
-0.395863 0.2149296 2.632163
-0.4166623 0.264326 2.635303
0.2355409 0.1738935 2.712429
0.2133543 0.2288756 2.659859
35
-0.06939071 0.3075359 2.746577
-0.06933881 0.6124563 2.740954
-0.06878769 0.9122132 2.721583
-0.05969856 1.061902 2.711905
-0.2311562 0.8012754 2.722066
-0.3060369 0.5595495 2.7279
-0.3970305 0.3487476 2.668903
-0.400081 0.2846575 2.649021
0.0973045 0.7954547 2.738231
0.1417115 0.542696 2.755564
0.2213895 0.3107047 2.720535
0.2300988 0.2421873 2.700751
-0.143382 0.3171627 2.707333
-0.1575623 -0.01326521 2.730108
-0.1640804 -0.3872541 2.82462
-0.1382743 -0.4233975 2.683377
0.006381557 0.3153492 2.716325
0.01462485 -0.02666385 2.751635
0.005779913 -0.3669007 2.836065
0.01254753 -0.408813 2.667876
-0.06902976 0.8379072 2.728895
-0.395863 0.2149296 2.632163
-0.4166623 0.264326 2.635303
0.2355409 0.1738935 2.712429
0.2133543 0.2288756 2.659859
36
-0.06927691 0.307544 2.746687
-0.06927417 0.6124449 2.740963
-0.06867817 0.9121944 2.721532
-0.05950884 1.061883 2.711745
-0.2311612 0.801452 2.722189
-0.3267626 0.5642399 2.729704
-0.4540895 0.3737728 2.665766
-0.4648234 0.305178 2.64937
0.09737247 0.7954494 2.73827
0.1640786 0.5451818 2.765606
0.2746098 0.3367315 2.732786
0.287653 0.2624299 2.714032
-0.1432687 0.3171767 2.707417
-0.1575699 -0.01328845 2.730123
-0.1639944 -0.3826551 2.823464
-0.1404056 -0.4204034 2.675712
0.006496128 0.315355 2.716473
0.01460187 -0.02684317 2.751714
0.005803349 -0.3694984 2.836656
0.01220632 -0.4111798 2.669178
-0.06893921 0.8378915 2.728865
-0.4786892 0.2356509 2.653683
-0.479724 0.3099281 2.648571
0.2970754 0.1945189 2.720634
0.2746878 0.2432171 2.671446
37
-0.06927691 0.307544 2.746687
-0.06927417 0.6124449 2.740963
-0.06867817 0.9121944 2.721532
-0.05950884 1.061883 2.711745
-0.2311612 0.801452 2.722189
-0.3267626 0.5642399 2.729704
-0.4540895 0.3737728 2.665766
-0.4648234 0.305178 2.64937
0.09737247 0.7954494 2.73827
0.1640786 0.5451818 2.765606
0.2746098 0.3367315 2.732786
0.287653 0.2624299 2.714032
-0.1432687 0.3171767 2.707417
-0.1575699 -0.01328845 2.730123
-0.1639944 -0.3826551 2.823464
-0.1404056 -0.4204034 2.675712
0.006496128 0.315355 2.716473
0.01460187 -0.02684317 2.751714
0.005803349 -0.3694984 2.836656
0.01220632 -0.4111798 2.669178
-0.06893921 0.8378915 2.728865
-0.4786892 0.2356509 2.653683
-0.479724 0.3099281 2.648571
0.2970754 0.1945189 2.720634
0.2746878 0.2432171 2.671446
38
-0.06912215 0.3075987 2.746819
-0.06918401 0.612446 2.740972
-0.06854571 0.9121788 2.721469
-0.05924893 1.061847 2.711533
-0.2311824 0.8016945 2.722361
-0.3563737 0.5863007 2.731714
-0.499604 0.4274865 2.668209
-0.5267265 0.3497893 2.645998
0.09750224 0.7954922 2.738383
0.1948059 0.5522573 2.780903
0.3258096 0.3679771 2.744825
0.3449987 0.2917651 2.726063
-0.1431341 0.3172183 2.707507
-0.1575821 -0.01330624 2.730137
-0.1639523 -0.3804193 2.822856
-0.1422242 -0.4192688 2.670528
0.006677005 0.3154358 2.716668
0.01457595 -0.02701784 2.751795
0.005831779 -0.3719334 2.837206
0.01198522 -0.4133658 2.670521
-0.0688252 0.8378808 2.728825
-0.5475859 0.285781 2.649863
-0.5354445 0.3536048 2.645986
0.3609355 0.2258891 2.730972
0.3290462 0.2823597 2.687222
39
-0.06912215 0.3075987 2.746819
-0.06918401 0.612446 2.740972
-0.06854571 0.9121788 2.721469
-0.05924893 1.061847 2.711533
-0.2311824 0.8016945 2.722361
-0.3563737 0.5863007 2.731714
-0.499604 0.4274865 2.668209
-0.5267265 0.3497893 2.645998
0.09750224 0.7954922 2.738383
0.1948059 0.5522573 2.780903
0.3258096 0.3679771 2.744825
0.3449987 0.2917651 2.726063
-0.1431341 0.3172183 2.707507
-0.1575821 -0.01330624 2.730137
-0.1639523 -0.3804193 2.822856
-0.1422242 -0.4192688 2.670528
0.006677005 0.3154358 2.716668
0.01457595 -0.02701784 2.751795
0.005831779 -0.3719334 2.837206
0.01198522 -0.4133658 2.670521
-0.0688252 0.8378808 2.728825
-0.5475859 0.285781 2.649863
-0.5354445 0.3536048 2.645986
0.3609355 0.2258891 2.730972
0.3290462 0.2823597 2.687222
40
-0.06896113 0.3076891 2.746972
-0.0690756 0.6124557 2.740978
-0.06830976 0.9121524 2.721327
-0.05884404 1.061839 2.711049
-0.2312218 0.8019758 2.722586
-0.3799178 0.6084682 2.731169
-0.5561553 0.4627441 2.66281
-0.5883723 0.3959433 2.64454
0.09773738 0.7956222 2.738601
0.2291369 0.5628187 2.796776
0.3698585 0.4065136 2.755287
0.4010268 0.3310483 2.730745
-0.1430022 0.3172863 2.707601
-0.1575983 -0.01331598 2.730152
-0.1639201 -0.3782575 2.822279
-0.144046 -0.4179406 2.666446
0.006876135 0.3155665 2.716912
0.01453874 -0.0270493 2.751853
0.005790172 -0.3734852 2.837553
0.01173621 -0.4147173 2.671482
-0.0686409 0.8378692 2.72874
-0.6167558 0.3342355 2.646875
-0.5958924 0.3992977 2.641718
0.424328 0.2654851 2.738906
0.4044877 0.339032 2.691824
41
-0.06896113 0.3076891 2.746972
-0.0690756 0.6124557 2.740978
-0.06830976 0.9121524 2.721327
-0.05884404 1.061839 2.711049
-0.2312218 0.8019758 2.722586
-0.3799178 0.6084682 2.731169
-0.5561553 0.4627441 2.66281
-0.5883723 0.3959433 2.64454
0.09773738 0.7956222 2.738601
0.2291369 0.5628187 2.796776
0.3698585 0.4065136 2.755287
0.4010268 0.3310483 2.730745
-0.1430022 0.3172863 2.707601
-0.1575983 -0.01331598 2.730152
-0.1639201 -0.3782575 2.822279
-0.144046 -0.4179406 2.666446
0.006876135 0.3155665 2.716912
0.01453874 -0.0270493 2.751853
0.005790172 -0.3734852 2.837553
0.01173621 -0.4147173 2.671482
-0.0686409 0.8378692 2.72874
-0.6167558 0.3342355 2.646875
-0.5958924 0.3992977 2.641718
0.424328 0.2654851 2.738906
0.4044877 0.339032 2.691824
42
-0.06877002 0.3078317 2.747165
-0.06895018 0.6124762 2.740984
-0.06805235 0.9121267 2.721165
-0.05839042 1.061834 2.710498
-0.2313122 0.8025143 2.72314
-0.3937817 0.6299073 2.730803
-0.592177 0.5210488 2.672632
-0.6355494 0.4637848 2.648896
0.09821987 0.7958686 2.739146
0.2471463 0.5696496 2.804209
0.4132369 0.4478115 2.764978
0.4520465 0.3778197 2.73723
-0.1428562 0.3173895 2.707709
-0.1576193 -0.01331926 2.730167
-0.164921 -0.4363768 2.836925
-0.1884861 -0.4669593 2.714121
0.007126738 0.3157715 2.717237
0.0144796 -0.0270006 2.751919
0.005001462 -0.4062974 2.845671
-0.04297236 -0.4199979 2.785391
-0.06843672 0.8378609 2.728641
-0.6754019 0.4045977 2.644453
-0.6442965 0.4567278 2.644258
0.4832442 0.3172092 2.742357
0.467611 0.3926475 2.699807
43
-0.06877002 0.3078317 2.747165
-0.06895018 0.6124762 2.740984
-0.06805235 0.9121267 2.721165
-0.05839042 1.061834 2.710498
-0.2313122 0.8025143 2.72314
-0.3937817 0.6299073 2.730803
-0.592177 0.5210488 2.672632
-0.6355494 0.4637848 2.648896
0.09821987 0.7958686 2.739146
0.2471463 0.5696496 2.804209
0.4132369 0.4478115 2.764978
0.4520465 0.3778197 2.73723
-0.1428562 0.3173895 2.707709
-0.1576193 -0.01331926 2.730167
-0.164921 -0.4363768 2.836925
-0.1884861 -0.4669593 2.714121
0.007126738 0.3157715 2.717237
0.0144796 -0.0270006 2.751919
0.005001462 -0.4062974 2.845671
-0.04297236 -0.4199979 2.785391
-0.06843672 0.8378609 2.728641
-0.6754019 0.4045977 2.644453
-0.6442965 0.4567278 2.644258
0.4832442 0.3172092 2.742357
0.467611 0.3926475 2.699807
44
-0.06853379 0.3080507 2.747416
-0.06880247 0.6125128 2.740993
-0.06778262 0.9121044 2.720988
-0.05786511 1.061857 2.709818
-0.2314315 0.803192 2.723849
-0.4029157 0.653062 2.730429
-0.610657 0.5868192 2.691021
-0.6758509 0.5288037 2.653475
0.09916127 0.7962648 2.740202
0.2688564 0.5829498 2.811146
0.4560766 0.4922653 2.779883
0.4840077 0.4470823 2.745354
-0.1426778 0.3175509 2.707861
-0.1576568 -0.01329037 2.730182
-0.1647173 -0.4246797 2.833934
-0.1858732 -0.4576212 2.701877
0.007429029 0.3160656 2.717622
0.01441776 -0.02694341 2.751985
0.005249919 -0.3981661 2.843695
-0.02348464 -0.4202307 2.75151
-0.06821745 0.8378583 2.72853
-0.7298872 0.4761646 2.639516
-0.6893486 0.5189033 2.644777
0.5022365 0.4068702 2.722792
0.4938008 0.4671101 2.711063
45
-0.06853379 0.3080507 2.747416
-0.06880247 0.6125128 2.740993
-0.06778262 0.9121044 2.720988
-0.05786511 1.061857 2.709818
-0.2314315 0.803192 2.723849
-0.4029157 0.653062 2.730429
-0.610657 0.5868192 2.691021
-0.6758509 0.5288037 2.653475
0.09916127 0.7962648 2.740202
0.2688564 0.5829498 2.811146
0.4560766 0.4922653 2.779883
0.4840077 0.4470823 2.745354
-0.1426778 0.3175509 2.707861
-0.1576568 -0.01329037 2.730182
-0.1647173 -0.4246797 2.833934
-0.1858732 -0.4576212 2.701877
0.007429029 0.3160656 2.717622
0.01441776 -0.02694341 2.751985
0.005249919 -0.3981661 2.843695
-0.02348464 -0.4202307 2.75151
-0.06821745 0.8378583 2.72853
-0.7298872 0.4761646 2.639516
-0.6893486 0.5189033 2.644777
0.5022365 0.4068702 2.722792
0.4938008 0.4671101 2.711063
46
-0.06829301 0.3083145 2.747677
-0.06864777 0.6125645 2.741
-0.06752282 0.9120895 2.720808
-0.05730061 1.061877 2.709041
-0.231603 0.803984 2.724665
-0.4075607 0.6722112 2.72928
-0.6319363 0.6369489 2.693156
-0.7164539 0.5844917 2.654654
0.1003056 0.7966855 2.741406
0.2834464 0.6004684 2.81247
0.4852242 0.539958 2.798447
0.5008711 0.5201174 2.761956
-0.142498 0.3177563 2.708016
-0.1577027 -0.01324111 2.730193
-0.1652495 -0.4557611 2.841706
-0.2058214 -0.4827417 2.731892
0.007737534 0.3164026 2.718023
0.01436205 -0.02681558 2.752053
0.005442423 -0.3922751 2.842313
-0.01099323 -0.4198091 2.729205
-0.06800129 0.8378635 2.728415
-0.7701348 0.5284542 2.640035
-0.7459341 0.5301737 2.64799
0.5147381 0.4936916 2.732564
0.501374 0.5398976 2.730571
47
-0.06829301 0.3083145 2.747677
-0.06864777 0.6125645 2.741
-0.06752282 0.9120895 2.720808
-0.05730061 1.061877 2.709041
-0.231603 0.803984 2.724665
-0.4075607 0.6722112 2.72928
-0.6319363 0.6369489 2.693156
-0.7164539 0.5844917 2.654654
0.1003056 0.7966855 2.741406
0.2834464 0.6004684 2.81247
0.4852242 0.539958 2.798447
0.5008711 0.5201174 2.761956
-0.142498 0.3177563 2.708016
-0.1577027 -0.01324111 2.730193
-0.1652495 -0.4557611 2.841706
-0.2058214 -0.4827417 2.731892
0.007737534 0.3164026 2.718023
0.01436205 -0.02681558 2.752053
0.005442423 -0.3922751 2.842313
-0.01099323 -0.4198091 2.729205
-0.06800129 0.8378635 2.728415
-0.7701348 0.5284542 2.640035
-0.7459341 0.5301737 2.64799
0.5147381 0.4936916 2.732564
0.501374 0.5398976 2.730571
48
-0.0680754 0.3085813 2.747918
-0.06849281 0.6126215 2.741005
-0.0672594 0.9120739 2.720623
-0.05665828 1.061889 2.70811
-0.2318669 0.8046911 2.72544
-0.4265633 0.7023806 2.726979
-0.6459409 0.6831288 2.700613
-0.7365254 0.6452407 2.658525
0.1019318 0.7971132 2.743009
0.2938453 0.620354 2.813052
0.5052807 0.5927978 2.811353
0.5082769 0.5800915 2.775985
-0.1423376 0.3179856 2.708153
-0.1577472 -0.01319241 2.730202
-0.1654792 -0.4699239 2.845196
-0.173294 -0.4912421 2.759999
0.008014689 0.3167216 2.718389
0.01430834 -0.02667899 2.752117
0.005636076 -0.3879806 2.841305
-0.0008797017 -0.4198271 2.71166
-0.06778035 0.8378701 2.728293
-0.7937931 0.5957665 2.641157
-0.7675183 0.5942384 2.645949
0.5093436 0.5732234 2.761784
0.5041656 0.6046147 2.748142
49
-0.0680754 0.3085813 2.747918
-0.06849281 0.6126215 2.741005
-0.0672594 0.9120739 2.720623
-0.05665828 1.061889 2.70811
-0.2318669 0.8046911 2.72544
-0.4265633 0.7023806 2.726979
-0.6459409 0.6831288 2.700613
-0.7365254 0.6452407 2.658525
0.1019318 0.7971132 2.743009
0.2938453 0.620354 2.813052
0.5052807 0.5927978 2.811353
0.5082769 0.5800915 2.775985
-0.1423376 0.3179856 2.708153
-0.1577472 -0.01319241 2.730202
-0.1654792 -0.4699239 2.845196
-0.173294 -0.4912421 2.759999
0.008014689 0.3167216 2.718389
0.01430834 -0.02667899 2.752117
0.005636076 -0.3879806 2.841305
-0.0008797017 -0.4198271 2.71166
-0.06778035 0.8378701 2.728293
-0.7937931 0.5957665 2.641157
-0.7675183 0.5942384 2.645949
0.5093436 0.5732234 2.761784
0.5041656 0.6046147 2.748142
50
-0.06786381 0.3089018 2.748171
-0.06834453 0.6126978 2.741012
-0.06703628 0.912071 2.720456
-0.05603739 1.06191 2.707153
-0.2326363 0.8053926 2.726307
-0.4381597 0.7193558 2.72666
-0.6559643 0.7241784 2.705915
-0.751783 0.7050163 2.664073
0.1039505 0.7974594 2.744916
0.3081301 0.6500658 2.816054
0.5197163 0.6278443 2.818745
0.5131876 0.6176778 2.788573
-0.1421845 0.3182648 2.708292
-0.1577993 -0.01310481 2.730198
-0.1646538 -0.4219083 2.833038
-0.1583517 -0.4524798 2.711932
0.008285556 0.3170945 2.718771
0.01425767 -0.02652765 2.752177
0.004954946 -0.4190491 2.849016
0.05587538 -0.4447041 2.749919
-0.06758764 0.8378881 2.728181
-0.8120053 0.6659625 2.638953
-0.7404182 0.6725075 2.665292
0.502678 0.6300703 2.783309
0.5139766 0.6403511 2.762372
51
-0.06786381 0.3089018 2.748171
-0.06834453 0.6126978 2.741012
-0.06703628 0.912071 2.720456
-0.05603739 1.06191 2.707153
-0.2326363 0.8053926 2.726307
-0.4381597 0.7193558 2.72666
-0.6559643 0.7241784 2.705915
-0.751783 0.7050163 2.664073
0.1039505 0.7974594 2.744916
0.3081301 0.6500658 2.816054
0.5197163 0.6278443 2.818745
0.5131876 0.6176778 2.788573
-0.1421845 0.3182648 2.708292
-0.1577993 -0.01310481 2.730198
-0.1646538 -0.4219083 2.833038
-0.1583517 -0.4524798 2.711932
0.008285556 0.3170945 2.718771
0.01425767 -0.02652765 2.752177
0.004954946 -0.4190491 2.849016
0.05587538 -0.4447041 2.749919
-0.06758764 0.8378881 2.728181
-0.8120053 0.6659625 2.638953
-0.7404182 0.6725075 2.665292
0.502678 0.6300703 2.783309
0.5139766 0.6403511 2.762372
52
-0.06761422 0.3093657 2.748506
-0.06817883 0.6128118 2.741036
-0.06683671 0.9120749 2.720308
-0.05544766 1.06193 2.70629
-0.2338339 0.8061349 2.72721
-0.4519229 0.7380784 2.726628
-0.6956865 0.7578322 2.692447
-0.7765505 0.7525463 2.663402
0.1067767 0.7976062 2.74765
0.3207736 0.6747387 2.817138
0.5279134 0.6421193 2.822328
0.5406808 0.6373777 2.797221
-0.1420054 0.3186429 2.708475
-0.1578548 -0.01298213 2.730186
-0.1642239 -0.3962927 2.826533
-0.1510972 -0.4318595 2.685899
0.008599873 0.3176506 2.719274
0.01421057 -0.02637333 2.752233
0.005243902 -0.4059482 2.845807
0.05184624 -0.4373094 2.723059
-0.06740923 0.8379145 2.728083
-0.8422738 0.7255982 2.646369
-0.8129784 0.7165695 2.661905
0.5319054 0.6619575 2.792598
0.5373199 0.6534558 2.773345
53
-0.06761422 0.3093657 2.748506
-0.06817883 0.6128118 2.741036
-0.06683671 0.9120749 2.720308
-0.05544766 1.06193 2.70629
-0.2338339 0.8061349 2.72721
-0.4519229 0.7380784 2.726628
-0.6956865 0.7578322 2.692447
-0.7765505 0.7525463 2.663402
0.1067767 0.7976062 2.74765
0.3207736 0.6747387 2.817138
0.5279134 0.6421193 2.822328
0.5406808 0.6373777 2.797221
-0.1420054 0.3186429 2.708475
-0.1578548 -0.01298213 2.730186
-0.1642239 -0.3962927 2.826533
-0.1510972 -0.4318595 2.685899
0.008599873 0.3176506 2.719274
0.01421057 -0.02637333 2.752233
0.005243902 -0.4059482 2.845807
0.05184624 -0.4373094 2.723059
-0.06740923 0.8379145 2.728083
-0.8422738 0.7255982 2.646369
-0.8129784 0.7165695 2.661905
0.5319054 0.6619575 2.792598
0.5373199 0.6534558 2.773345
54
-0.06740931 0.3102329 2.749105
-0.06801979 0.6129866 2.741083
-0.06666476 0.9120865 2.72017
-0.05493772 1.061953 2.705551
-0.2365001 0.8073778 2.728312
-0.4609978 0.7576374 2.726772
-0.7117168 0.7880623 2.691022
-0.7972544 0.7942726 2.665186
0.1098206 0.7979262 2.750661
0.329449 0.6936383 2.817326
0.53622 0.6724243 2.817781
0.5796521 0.6810343 2.802964
-0.1418441 0.3193316 2.70881
-0.157898 -0.01282341 2.730169
-0.164657 -0.4169512 2.831542
-0.1356831 -0.4420617 2.733368
0.008826857 0.3186903 2.720166
0.01416358 -0.02621625 2.752288
0.004636007 -0.4283071 2.851364
0.0641472 -0.4553786 2.74722
-0.06725348 0.8379505 2.727991
-0.8648787 0.7736054 2.656476
-0.8074219 0.7763835 2.674987
0.5662532 0.6972604 2.797932
0.569505 0.6856754 2.780793
55
-0.06740931 0.3102329 2.749105
-0.06801979 0.6129866 2.741083
-0.06666476 0.9120865 2.72017
-0.05493772 1.061953 2.705551
-0.2365001 0.8073778 2.728312
-0.4609978 0.7576374 2.726772
-0.7117168 0.7880623 2.691022
-0.7972544 0.7942726 2.665186
0.1098206 0.7979262 2.750661
0.329449 0.6936383 2.817326
0.53622 0.6724243 2.817781
0.5796521 0.6810343 2.802964
-0.1418441 0.3193316 2.70881
-0.157898 -0.01282341 2.730169
-0.164657 -0.4169512 2.831542
-0.1356831 -0.4420617 2.733368
0.008826857 0.3186903 2.720166
0.01416358 -0.02621625 2.752288
0.004636007 -0.4283071 2.851364
0.0641472 -0.4553786 2.74722
-0.06725348 0.8379505 2.727991
-0.8648787 0.7736054 2.656476
-0.8074219 0.7763835 2.674987
0.5662532 0.6972604 2.797932
0.569505 0.6856754 2.780793
56
-0.06729767 0.3114763 2.749953
-0.06788135 0.6132471 2.741162
-0.06653134 0.9121088 2.72004
-0.05448206 1.061967 2.704926
-0.2395701 0.8089058 2.729215
-0.4771517 0.7887619 2.726183
-0.7181503 0.8215392 2.688913
-0.8057582 0.8354725 2.667603
0.11294 0.7984045 2.753731
0.3347285 0.7076857 2.816589
0.5408612 0.688595 2.815323
0.5952317 0.6985082 2.8059
-0.141734 0.3203768 2.7093
-0.1579352 -0.01265681 2.730149
-0.1652843 -0.4497998 2.839621
-0.1725366 -0.4710793 2.75416
0.008907241 0.3201084 2.721407
0.01411905 -0.02605769 2.752338
0.005036351 -0.4070056 2.846202
0.04646778 -0.4399968 2.716315
-0.06713039 0.8379989 2.727907
-0.8736467 0.826476 2.663188
-0.8441273 0.8139434 2.680366
0.5826505 0.7129608 2.800671
0.583717 0.7002004 2.784403
57
-0.06729767 0.3114763 2.749953
-0.06788135 0.6132471 2.741162
-0.06653134 0.9121088 2.72004
-0.05448206 1.061967 2.704926
-0.2395701 0.8089058 2.729215
-0.4771517 0.7887619 2.726183
-0.7181503 0.8215392 2.688913
-0.8057582 0.8354725 2.667603
0.11294 0.7984045 2.753731
0.3347285 0.7076857 2.816589
0.5408612 0.688595 2.815323
0.5952317 0.6985082 2.8059
-0.141734 0.3203768 2.7093
-0.1579352 -0.01265681 2.730149
-0.1652843 -0.4497998 2.839621
-0.1725366 -0.4710793 2.75416
0.008907241 0.3201084 2.721407
0.01411905 -0.02605769 2.752338
0.005036351 -0.4070056 2.846202
0.04646778 -0.4399968 2.716315
-0.06713039 0.8379989 2.727907
-0.8736467 0.826476 2.663188
-0.8441273 0.8139434 2.680366
0.5826505 0.7129608 2.800671
0.583717 0.7002004 2.784403
58
-0.06732249 0.3132502 2.751095
-0.06773605 0.6137454 2.741345
-0.06641118 0.9121568 2.719929
-0.05405392 1.061992 2.704383
-0.2425389 0.810548 2.729883
-0.4864069 0.8054156 2.726531
-0.7220117 0.8573568 2.691156
-0.8126416 0.8716757 2.671808
0.115916 0.7990543 2.756658
0.337717 0.7218603 2.815132
0.5395735 0.7460546 2.807967
0.5612582 0.761322 2.7993
-0.1417166 0.3219533 2.710037
-0.1579704 -0.01245554 2.730124
-0.1656105 -0.4643682 2.843123
-0.1987962 -0.4824091 2.768729
0.008812032 0.3219983 2.722935
0.01407486 -0.02589167 2.752385
0.005211799 -0.3947222 2.843271
0.03594812 -0.4309539 2.699233
-0.06701057 0.8380911 2.727836
-0.8783212 0.8666297 2.670316
-0.8594875 0.8458573 2.683294
0.552951 0.7706075 2.794335
0.5520604 0.7598878 2.778067
59
-0.06732249 0.3132502 2.751095
-0.06773605 0.6137454 2.741345
-0.06641118 0.9121568 2.719929
-0.05405392 1.061992 2.704383
-0.2425389 0.810548 2.729883
-0.4864069 0.8054156 2.726531
-0.7220117 0.8573568 2.691156
-0.8126416 0.8716757 2.671808
0.115916 0.7990543 2.756658
0.337717 0.7218603 2.815132
0.5395735 0.7460546 2.807967
0.5612582 0.761322 2.7993
-0.1417166 0.3219533 2.710037
-0.1579704 -0.01245554 2.730124
-0.1656105 -0.4643682 2.843123
-0.1987962 -0.4824091 2.768729
0.008812032 0.3219983 2.722935
0.01407486 -0.02589167 2.752385
0.005211799 -0.3947222 2.843271
0.03594812 -0.4309539 2.699233
-0.06701057 0.8380911 2.727836
-0.8783212 0.8666297 2.670316
-0.8594875 0.8458573 2.683294
0.552951 0.7706075 2.794335
0.5520604 0.7598878 2.778067
60
-0.06740303 0.3151486 2.752251
-0.06760298 0.6143591 2.741573
-0.0663063 0.9122126 2.719827
-0.05368756 1.062022 2.703938
-0.2452044 0.8120227 2.730343
-0.5181412 0.8410113 2.731894
-0.7279733 0.8820445 2.694214
-0.8196005 0.9038457 2.67481
0.1186884 0.7998157 2.759374
0.3408296 0.7335767 2.814035
0.539192 0.7932816 2.799906
0.5587976 0.808147 2.780209
-0.1417339 0.3236967 2.710856
-0.1579973 -0.01218899 2.730078
-0.1648534 -0.4167461 2.831127
-0.1794811 -0.4463776 2.711502
0.008647822 0.3239522 2.724379
0.01403205 -0.02560608 2.752418
0.005262383 -0.3870544 2.841491
0.0293816 -0.4251962 2.689092
-0.06690102 0.8382016 2.727772
-0.8837849 0.897227 2.673104
-0.8693597 0.8723827 2.687098
0.5757912 0.8125594 2.749913
0.5488925 0.8097178 2.768875
61
-0.06740303 0.3151486 2.752251
-0.06760298 0.6143591 2.741573
-0.0663063 0.9122126 2.719827
-0.05368756 1.062022 2.703938
-0.2452044 0.8120227 2.730343
-0.5181412 0.8410113 2.731894
-0.7279733 0.8820445 2.694214
-0.8196005 0.9038457 2.67481
0.1186884 0.7998157 2.759374
0.3408296 0.7335767 2.814035
0.539192 0.7932816 2.799906
0.5587976 0.808147 2.780209
-0.1417339 0.3236967 2.710856
-0.1579973 -0.01218899 2.730078
-0.1648534 -0.4167461 2.831127
-0.1794811 -0.4463776 2.711502
0.008647822 0.3239522 2.724379
0.01403205 -0.02560608 2.752418
0.005262383 -0.3870544 2.841491
0.0293816 -0.4251962 2.689092
-0.06690102 0.8382016 2.727772
-0.8837849 0.897227 2.673104
-0.8693597 0.8723827 2.687098
0.5757912 0.8125594 2.749913
0.5488925 0.8097178 2.768875
62
-0.06747883 0.3171479 2.753379
-0.06749458 0.6151522 2.741855
-0.06622548 0.9122952 2.719731
-0.05337303 1.062047 2.703576
-0.247696 0.8136114 2.730711
-0.5294033 0.8550163 2.733896
-0.7276391 0.9104486 2.697706
-0.8183891 0.9319179 2.678519
0.1210402 0.8005961 2.761652
0.3423989 0.7432576 2.813205
0.5425759 0.8105645 2.797197
0.564225 0.8334653 2.767715
-0.141731 0.3256061 2.711697
-0.1580121 -0.01193995 2.730039
-0.165187 -0.4329854 2.835119
-0.2109022 -0.4598317 2.724426
0.00847889 0.3259388 2.725728
0.01399088 -0.02532561 2.752445
0.005230613 -0.3818307 2.840338
0.02504264 -0.4211893 2.68267
-0.0668101 0.8383641 2.727713
-0.8820152 0.9272557 2.676154
-0.8733197 0.8963163 2.69002
0.5901234 0.8347248 2.727083
0.5517715 0.8421214 2.757933
63
-0.06747883 0.3171479 2.753379
-0.06749458 0.6151522 2.741855
-0.06622548 0.9122952 2.719731
-0.05337303 1.062047 2.703576
-0.247696 0.8136114 2.730711
-0.5294033 0.8550163 2.733896
-0.7276391 0.9104486 2.697706
-0.8183891 0.9319179 2.678519
0.1210402 0.8005961 2.761652
0.3423989 0.7432576 2.813205
0.5425759 0.8105645 2.797197
0.564225 0.8334653 2.767715
-0.141731 0.3256061 2.711697
-0.1580121 -0.01193995 2.730039
-0.165187 -0.4329854 2.835119
-0.2109022 -0.4598317 2.724426
0.00847889 0.3259388 2.725728
0.01399088 -0.02532561 2.752445
0.005230613 -0.3818307 2.840338
0.02504264 -0.4211893 2.68267
-0.0668101 0.8383641 2.727713
-0.8820152 0.9272557 2.676154
-0.8733197 0.8963163 2.69002
0.5901234 0.8347248 2.727083
0.5517715 0.8421214 2.757933
64
-0.06754544 0.3191343 2.754389
-0.06739092 0.6160192 2.742139
-0.06615271 0.9123906 2.719635
-0.05309993 1.062073 2.703274
-0.2499644 0.8153023 2.730935
-0.5355117 0.8635816 2.734857
-0.7281165 0.9260445 2.699325
-0.8171747 0.9498408 2.680566
0.1230444 0.8014785 2.763553
0.3427436 0.75078 2.812465
0.5354533 0.8364764 2.796467
0.5648349 0.8475907 2.764293
-0.1417074 0.3275749 2.712507
-0.1580191 -0.01169464 2.73
-0.1654178 -0.4432091 2.837618
-0.2260846 -0.4684238 2.732344
0.008315367 0.3278506 2.726872
0.01395118 -0.02505395 2.752467
0.005177252 -0.3785051 2.839621
0.02220093 -0.4186441 2.678551
-0.06672391 0.8385533 2.727653
-0.8774732 0.9504331 2.673808
-0.8470873 0.9243915 2.696196
0.6308661 0.8677448 2.722459
0.5508642 0.860296 2.753507
65
-0.06754544 0.3191343 2.754389
-0.06739092 0.6160192 2.742139
-0.06615271 0.9123906 2.719635
-0.05309993 1.062073 2.703274
-0.2499644 0.8153023 2.730935
-0.5355117 0.8635816 2.734857
-0.7281165 0.9260445 2.699325
-0.8171747 0.9498408 2.680566
0.1230444 0.8014785 2.763553
0.3427436 0.75078 2.812465
0.5354533 0.8364764 2.796467
0.5648349 0.8475907 2.764293
-0.1417074 0.3275749 2.712507
-0.1580191 -0.01169464 2.73
-0.1654178 -0.4432091 2.837618
-0.2260846 -0.4684238 2.732344
0.008315367 0.3278506 2.726872
0.01395118 -0.02505395 2.752467
0.005177252 -0.3785051 2.839621
0.02220093 -0.4186441 2.678551
-0.06672391 0.8385533 2.727653
-0.8774732 0.9504331 2.673808
-0.8470873 0.9243915 2.696196
0.6308661 0.8677448 2.722459
0.5508642 0.860296 2.753507
66
-0.06756637 0.3209187 2.75523
-0.06725758 0.6169411 2.742427
-0.06606802 0.9125136 2.719538
-0.05286399 1.062098 2.703031
-0.2518221 0.8168613 2.731054
-0.5386873 0.8694368 2.735896
-0.7280619 0.9362247 2.700178
-0.8155635 0.9614463 2.682166
0.1245335 0.8022334 2.764956
0.3424968 0.7566942 2.811954
0.5333865 0.8480139 2.796011
0.5658116 0.8583603 2.761503
-0.1416471 0.3293377 2.713189
-0.1580163 -0.01148946 2.729971
-0.1655999 -0.4504404 2.839362
-0.2322662 -0.4747898 2.737035
0.008206028 0.3295846 2.727819
0.01391019 -0.02483523 2.752485
0.005115531 -0.3762441 2.839158
0.02024637 -0.4169193 2.675778
-0.06661744 0.8387915 2.727596
-0.8749782 0.9643216 2.673111
-0.8383341 0.9382627 2.69804
0.6505587 0.8826451 2.718365
0.560243 0.8760456 2.742327
67
-0.06756637 0.3209187 2.75523
-0.06725758 0.6169411 2.742427
-0.06606802 0.9125136 2.719538
-0.05286399 1.062098 2.703031
-0.2518221 0.8168613 2.731054
-0.5386873 0.8694368 2.735896
-0.7280619 0.9362247 2.700178
-0.8155635 0.9614463 2.682166
0.1245335 0.8022334 2.764956
0.3424968 0.7566942 2.811954
0.5333865 0.8480139 2.796011
0.5658116 0.8583603 2.761503
-0.1416471 0.3293377 2.713189
-0.1580163 -0.01148946 2.729971
-0.1655999 -0.4504404 2.839362
-0.2322662 -0.4747898 2.737035
0.008206028 0.3295846 2.727819
0.01391019 -0.02483523 2.752485
0.005115531 -0.3762441 2.839158
0.02024637 -0.4169193 2.675778
-0.06661744 0.8387915 2.727596
-0.8749782 0.9643216 2.673111
-0.8383341 0.9382627 2.69804
0.6505587 0.8826451 2.718365
0.560243 0.8760456 2.742327
68
-0.06762083 0.3224871 2.755952
-0.06713771 0.6179022 2.742738
-0.06597467 0.9126778 2.719451
-0.05266311 1.062122 2.702834
-0.2533377 0.8183018 2.731179
-0.5384156 0.8721946 2.736963
-0.724063 0.9423645 2.701454
-0.8120722 0.9673914 2.683614
0.1256631 0.8029083 2.766034
0.3418932 0.7609395 2.811613
0.530948 0.8540499 2.796162
0.56657 0.8655046 2.7596
-0.141622 0.3308999 2.713787
-0.1580092 -0.01130548 2.729947
-0.165764 -0.4569351 2.84097
-0.2356583 -0.4804128 2.741852
0.008068682 0.3311027 2.72862
0.01387011 -0.02465676 2.752513
0.005063716 -0.3750299 2.838896
0.01883855 -0.4160541 2.673904
-0.06649958 0.8390952 2.727555
-0.8699988 0.9709195 2.672211
-0.8331748 0.94525 2.699269
0.6601556 0.8904842 2.714133
0.5590368 0.8834264 2.740048
69
-0.06762083 0.3224871 2.755952
-0.06713771 0.6179022 2.742738
-0.06597467 0.9126778 2.719451
-0.05266311 1.062122 2.702834
-0.2533377 0.8183018 2.731179
-0.5384156 0.8721946 2.736963
-0.724063 0.9423645 2.701454
-0.8120722 0.9673914 2.683614
0.1256631 0.8029083 2.766034
0.3418932 0.7609395 2.811613
0.530948 0.8540499 2.796162
0.56657 0.8655046 2.7596
-0.141622 0.3308999 2.713787
-0.1580092 -0.01130548 2.729947
-0.165764 -0.4569351 2.84097
-0.2356583 -0.4804128 2.741852
0.008068682 0.3311027 2.72862
0.01387011 -0.02465676 2.752513
0.005063716 -0.3750299 2.838896
0.01883855 -0.4160541 2.673904
-0.06649958 0.8390952 2.727555
-0.8699988 0.9709195 2.672211
-0.8331748 0.94525 2.699269
0.6601556 0.8904842 2.714133
0.5590368 0.8834264 2.740048
70
-0.06767344 0.3238342 2.756543
-0.06702603 0.6188407 2.743045
-0.06587703 0.9128683 2.719375
-0.05248398 1.062155 2.702681
-0.254509 0.8194798 2.731269
-0.53552 0.8719743 2.737786
-0.7212026 0.9449844 2.702068
-0.8058344 0.9622541 2.684299
0.1265705 0.8035085 2.766906
0.3412703 0.7638098 2.811409
0.5282024 0.853945 2.796758
0.5687994 0.8636775 2.758551
-0.1416041 0.3322642 2.714274
-0.157995 -0.01112107 2.729937
-0.1651233 -0.4183176 2.832021
-0.1877406 -0.4514382 2.698328
0.007944168 0.3323977 2.729278
0.01383222 -0.02449587 2.752542
0.00500166 -0.3743612 2.838763
0.01774744 -0.4155984 2.672739
-0.06637611 0.8394377 2.727531
-0.8631407 0.9655696 2.670153
-0.804567 0.9316279 2.704804
0.6640962 0.8892266 2.712332
0.5679048 0.8793645 2.733389
71
-0.06767344 0.3238342 2.756543
-0.06702603 0.6188407 2.743045
-0.06587703 0.9128683 2.719375
-0.05248398 1.062155 2.702681
-0.254509 0.8194798 2.731269
-0.53552 0.8719743 2.737786
-0.7212026 0.9449844 2.702068
-0.8058344 0.9622541 2.684299
0.1265705 0.8035085 2.766906
0.3412703 0.7638098 2.811409
0.5282024 0.853945 2.796758
0.5687994 0.8636775 2.758551
-0.1416041 0.3322642 2.714274
-0.157995 -0.01112107 2.729937
-0.1651233 -0.4183176 2.832021
-0.1877406 -0.4514382 2.698328
0.007944168 0.3323977 2.729278
0.01383222 -0.02449587 2.752542
0.00500166 -0.3743612 2.838763
0.01774744 -0.4155984 2.672739
-0.06637611 0.8394377 2.727531
-0.8631407 0.9655696 2.670153
-0.804567 0.9316279 2.704804
0.6640962 0.8892266 2.712332
0.5679048 0.8793645 2.733389
72
-0.06772361 0.3249749 2.757039
-0.06693668 0.6197141 2.743342
-0.06578775 0.9130692 2.719311
-0.05232957 1.06219 2.702566
-0.2553853 0.8204107 2.731345
-0.5319748 0.8700329 2.738345
-0.7177445 0.9427062 2.701614
-0.796063 0.9411819 2.680652
0.1272497 0.8040054 2.767565
0.3405674 0.7656943 2.811278
0.5259487 0.8492801 2.797503
0.5676244 0.8547381 2.758391
-0.141594 0.3334245 2.714691
-0.1579766 -0.01093234 2.729942
-0.1650192 -0.3994526 2.827668
-0.164911 -0.4373377 2.677061
0.007833548 0.3334917 2.729825
0.01378939 -0.02429971 2.752582
0.004938998 -0.3742571 2.838719
0.0169192 -0.4155569 2.672155
-0.06626396 0.8397922 2.727523
-0.8555053 0.945124 2.662763
-0.794585 0.9126279 2.700526
0.6561956 0.8746952 2.711336
0.5550409 0.8596383 2.732465
73
-0.06772361 0.3249749 2.757039
-0.06693668 0.6197141 2.743342
-0.06578775 0.9130692 2.719311
-0.05232957 1.06219 2.702566
-0.2553853 0.8204107 2.731345
-0.5319748 0.8700329 2.738345
-0.7177445 0.9427062 2.701614
-0.796063 0.9411819 2.680652
0.1272497 0.8040054 2.767565
0.3405674 0.7656943 2.811278
0.5259487 0.8492801 2.797503
0.5676244 0.8547381 2.758391
-0.141594 0.3334245 2.714691
-0.1579766 -0.01093234 2.729942
-0.1650192 -0.3994526 2.827668
-0.164911 -0.4373377 2.677061
0.007833548 0.3334917 2.729825
0.01378939 -0.02429971 2.752582
0.004938998 -0.3742571 2.838719
0.0169192 -0.4155569 2.672155
-0.06626396 0.8397922 2.727523
-0.8555053 0.945124 2.662763
-0.794585 0.9126279 2.700526
0.6561956 0.8746952 2.711336
0.5550409 0.8596383 2.732465
74
-0.0678049 0.3259133 2.757455
-0.0668828 0.6205001 2.743621
-0.06570671 0.9132808 2.719259
-0.0521852 1.062226 2.702477
-0.2560353 0.8211275 2.731408
-0.5283089 0.8656555 2.738611
-0.7387699 0.9091887 2.689949
-0.8053219 0.9032578 2.672085
0.1277498 0.8043998 2.768051
0.3396944 0.7666305 2.811244
0.5256482 0.8339111 2.797803
0.5673531 0.8220065 2.746128
-0.1416278 0.3343984 2.715061
-0.1579535 -0.01077109 2.729956
-0.1648936 -0.3881618 2.824892
-0.1529119 -0.4285676 2.665146
0.007706672 0.334378 2.730265
0.01374779 -0.02411932 2.75262
0.003493477 -0.4277489 2.851882
0.05252013 -0.4573557 2.736556
-0.06616627 0.8401518 2.727529
-0.8667752 0.8978074 2.653215
-0.8040212 0.8781198 2.688878
0.6150141 0.823541 2.704012
0.5586735 0.8285555 2.726496
75
-0.0678049 0.3259133 2.757455
-0.0668828 0.6205001 2.743621
-0.06570671 0.9132808 2.719259
-0.0521852 1.062226 2.702477
-0.2560353 0.8211275 2.731408
-0.5283089 0.8656555 2.738611
-0.7387699 0.9091887 2.689949
-0.8053219 0.9032578 2.672085
0.1277498 0.8043998 2.768051
0.3396944 0.7666305 2.811244
0.5256482 0.8339111 2.797803
0.5673531 0.8220065 2.746128
-0.1416278 0.3343984 2.715061
-0.1579535 -0.01077109 2.729956
-0.1648936 -0.3881618 2.824892
-0.1529119 -0.4285676 2.665146
0.007706672 0.334378 2.730265
0.01374779 -0.02411932 2.75262
0.003493477 -0.4277489 2.851882
0.05252013 -0.4573557 2.736556
-0.06616627 0.8401518 2.727529
-0.8667752 0.8978074 2.653215
-0.8040212 0.8781198 2.688878
0.6150141 0.823541 2.704012
0.5586735 0.8285555 2.726496
76
-0.06787756 0.3266389 2.757792
-0.06685011 0.6211835 2.743876
-0.0656397 0.9135311 2.719219
-0.05205481 1.062263 2.702411
-0.2564889 0.8216615 2.731454
-0.500335 0.8315768 2.733447
-0.725045 0.8673182 2.687175
-0.796712 0.8604804 2.6658
0.1281165 0.8047088 2.768409
0.3373592 0.7637067 2.811547
0.5266021 0.8013336 2.796383
0.5510659 0.7860659 2.747671
-0.1416624 0.3351589 2.715366
-0.1579235 -0.01055256 2.729984
-0.1648294 -0.3816609 2.82331
-0.1460567 -0.4234969 2.658338
0.007598003 0.3350584 2.73062
0.01370879 -0.02393597 2.752662
0.003570412 -0.4204645 2.850097
0.04565435 -0.4512867 2.729039
-0.06608768 0.8405344 2.727551
-0.8582807 0.8495816 2.650892
-0.7970763 0.8359553 2.676449
0.5854201 0.7880699 2.693849
0.5473689 0.7924784 2.722502
77
-0.06787756 0.3266389 2.757792
-0.06685011 0.6211835 2.743876
-0.0656397 0.9135311 2.719219
-0.05205481 1.062263 2.702411
-0.2564889 0.8216615 2.731454
-0.500335 0.8315768 2.733447
-0.725045 0.8673182 2.687175
-0.796712 0.8604804 2.6658
0.1281165 0.8047088 2.768409
0.3373592 0.7637067 2.811547
0.5266021 0.8013336 2.796383
0.5510659 0.7860659 2.747671
-0.1416624 0.3351589 2.715366
-0.1579235 -0.01055256 2.729984
-0.1648294 -0.3816609 2.82331
-0.1460567 -0.4234969 2.658338
0.007598003 0.3350584 2.73062
0.01370879 -0.02393597 2.752662
0.003570412 -0.4204645 2.850097
0.04565435 -0.4512867 2.729039
-0.06608768 0.8405344 2.727551
-0.8582807 0.8495816 2.650892
-0.7970763 0.8359553 2.676449
0.5854201 0.7880699 2.693849
0.5473689 0.7924784 2.722502
78
-0.06793661 0.3271808 2.758054
-0.0668297 0.621745 2.744092
-0.06558466 0.9137681 2.719186
-0.05191938 1.062303 2.702353
-0.2568092 0.8220464 2.731488
-0.4815028 0.8057004 2.730721
-0.7076427 0.8264912 2.682875
-0.7849383 0.8127626 2.655459
0.12837 0.8049202 2.768662
0.333367 0.753114 2.811867
0.5274709 0.7475232 2.784349
0.5694892 0.7446486 2.757042
-0.1416918 0.3357309 2.71561
-0.1578933 -0.01034247 2.730019
-0.164791 -0.3773035 2.822241
-0.1414981 -0.4200792 2.653774
0.007511264 0.3355637 2.730891
0.01367319 -0.02376385 2.752704
0.003737162 -0.4100948 2.847563
0.03740446 -0.4428025 2.717881
-0.06602397 0.840883 2.727575
-0.8480791 0.7925503 2.648583
-0.8069635 0.7846284 2.661597
0.5964752 0.7502131 2.696134
0.5966912 0.7425612 2.706993
79
-0.06793661 0.3271808 2.758054
-0.0668297 0.621745 2.744092
-0.06558466 0.9137681 2.719186
-0.05191938 1.062303 2.702353
-0.2568092 0.8220464 2.731488
-0.4815028 0.8057004 2.730721
-0.7076427 0.8264912 2.682875
-0.7849383 0.8127626 2.655459
0.12837 0.8049202 2.768662
0.333367 0.753114 2.811867
0.5274709 0.7475232 2.784349
0.5694892 0.7446486 2.757042
-0.1416918 0.3357309 2.71561
-0.1578933 -0.01034247 2.730019
-0.164791 -0.3773035 2.822241
-0.1414981 -0.4200792 2.653774
0.007511264 0.3355637 2.730891
0.01367319 -0.02376385 2.752704
0.003737162 -0.4100948 2.847563
0.03740446 -0.4428025 2.717881
-0.06602397 0.840883 2.727575
-0.8480791 0.7925503 2.648583
-0.8069635 0.7846284 2.661597
0.5964752 0.7502131 2.696134
0.5966912 0.7425612 2.706993
80
-0.0679867 0.327569 2.758271
-0.06682485 0.6221962 2.74429
-0.06554677 0.9139882 2.719168
-0.05178712 1.062347 2.702302
-0.2570399 0.8223037 2.731517
-0.4632867 0.7720338 2.730673
-0.6774227 0.778245 2.693417
-0.7588292 0.762714 2.649969
0.1285204 0.8050802 2.768842
0.3276493 0.7357484 2.812551
0.5249713 0.6966083 2.781478
0.5438368 0.7155264 2.753995
-0.14172 0.3361322 2.715823
-0.1578655 -0.01014568 2.73006
-0.1647612 -0.3741795 2.821466
-0.1383447 -0.4175784 2.650618
0.007440584 0.3359327 2.731107
0.01362761 -0.02349679 2.752766
0.003833375 -0.4024866 2.845698
0.03079248 -0.4368075 2.708573
-0.06598055 0.8411953 2.727612
-0.8189052 0.737688 2.640758
-0.7891685 0.734108 2.651314
0.5729582 0.7240518 2.69008
0.5402682 0.7077476 2.700349
81
-0.0679867 0.327569 2.758271
-0.06682485 0.6221962 2.74429
-0.06554677 0.9139882 2.719168
-0.05178712 1.062347 2.702302
-0.2570399 0.8223037 2.731517
-0.4632867 0.7720338 2.730673
-0.6774227 0.778245 2.693417
-0.7588292 0.762714 2.649969
0.1285204 0.8050802 2.768842
0.3276493 0.7357484 2.812551
0.5249713 0.6966083 2.781478
0.5438368 0.7155264 2.753995
-0.14172 0.3361322 2.715823
-0.1578655 -0.01014568 2.73006
-0.1647612 -0.3741795 2.821466
-0.1383447 -0.4175784 2.650618
0.007440584 0.3359327 2.731107
0.01362761 -0.02349679 2.752766
0.003833375 -0.4024866 2.845698
0.03079248 -0.4368075 2.708573
-0.06598055 0.8411953 2.727612
-0.8189052 0.737688 2.640758
-0.7891685 0.734108 2.651314
0.5729582 0.7240518 2.69008
0.5402682 0.7077476 2.700349
82
-0.06805216 0.3278161 2.758485
-0.06683278 0.6225471 2.744488
-0.06551427 0.9142008 2.719177
-0.05162183 1.062372 2.702244
-0.2571889 0.8224425 2.731555
-0.4557504 0.7538751 2.731534
-0.658844 0.7314504 2.70024
-0.7407176 0.7064663 2.644221
0.1285749 0.8051919 2.768963
0.3221801 0.714426 2.813254
0.5210642 0.6635162 2.774932
0.5586191 0.6601452 2.756426
-0.1417658 0.3363921 2.716033
-0.1578553 -0.01003854 2.730111
-0.1641926 -0.3733039 2.82121
-0.1363754 -0.4168793 2.649385
0.007356917 0.3361637 2.731321
0.01357766 -0.02327405 2.752836
0.003899015 -0.3955097 2.84402
0.02545282 -0.4311334 2.700881
-0.06594636 0.8414795 2.727674
-0.7987975 0.6725851 2.63206
-0.769613 0.676589 2.649489
0.5907596 0.6687371 2.690882
0.5416617 0.6626013 2.703192
83
-0.06805216 0.3278161 2.758485
-0.06683278 0.6225471 2.744488
-0.06551427 0.9142008 2.719177
-0.05162183 1.062372 2.702244
-0.2571889 0.8224425 2.731555
-0.4557504 0.7538751 2.731534
-0.658844 0.7314504 2.70024
-0.7407176 0.7064663 2.644221
0.1285749 0.8051919 2.768963
0.3221801 0.714426 2.813254
0.5210642 0.6635162 2.774932
0.5586191 0.6601452 2.756426
-0.1417658 0.3363921 2.716033
-0.1578553 -0.01003854 2.730111
-0.1641926 -0.3733039 2.82121
-0.1363754 -0.4168793 2.649385
0.007356917 0.3361637 2.731321
0.01357766 -0.02327405 2.752836
0.003899015 -0.3955097 2.84402
0.02545282 -0.4311334 2.700881
-0.06594636 0.8414795 2.727674
-0.7987975 0.6725851 2.63206
-0.769613 0.676589 2.649489
0.5907596 0.6687371 2.690882
0.5416617 0.6626013 2.703192
84
-0.06813067 0.3279262 2.7587
-0.06684369 0.6227993 2.744656
-0.06548673 0.914389 2.71919
-0.05142051 1.062398 2.702179
-0.2569943 0.8221337 2.73162
-0.4339796 0.7187555 2.734927
-0.6313313 0.6857625 2.707852
-0.7090681 0.654076 2.645462
0.1283093 0.8051082 2.768921
0.3110631 0.6860844 2.813857
0.5167019 0.6445162 2.771497
0.5618004 0.6378688 2.75754
-0.1418337 0.3365129 2.716254
-0.1578449 -0.009940439 2.73017
-0.164156 -0.3719956 2.8208
-0.1358826 -0.4155551 2.648755
0.007269964 0.3362629 2.731525
0.01352984 -0.02307414 2.752909
0.003925821 -0.3908423 2.842903
0.0217023 -0.4273916 2.695437
-0.06591883 0.8417187 2.727736
-0.7659162 0.6076385 2.624682
-0.7127823 0.6388682 2.656476
0.5949798 0.6464831 2.691307
0.54008 0.6419579 2.704497
85
-0.06813067 0.3279262 2.7587
-0.06684369 0.6227993 2.744656
-0.06548673 0.914389 2.71919
-0.05142051 1.062398 2.702179
-0.2569943 0.8221337 2.73162
-0.4339796 0.7187555 2.734927
-0.6313313 0.6857625 2.707852
-0.7090681 0.654076 2.645462
0.1283093 0.8051082 2.768921
0.3110631 0.6860844 2.813857
0.5167019 0.6445162 2.771497
0.5618004 0.6378688 2.75754
-0.1418337 0.3365129 2.716254
-0.1578449 -0.009940439 2.73017
-0.164156 -0.3719956 2.8208
-0.1358826 -0.4155551 2.648755
0.007269964 0.3362629 2.731525
0.01352984 -0.02307414 2.752909
0.003925821 -0.3908423 2.842903
0.0217023 -0.4273916 2.695437
-0.06591883 0.8417187 2.727736
-0.7659162 0.6076385 2.624682
-0.7127823 0.6388682 2.656476
0.5949798 0.6464831 2.691307
0.54008 0.6419579 2.704497
86
-0.0682046 0.3278797 2.75893
-0.06685761 0.6229818 2.744803
-0.06546903 0.9145569 2.719208
-0.05122475 1.06242 2.702121
-0.2562522 0.8211597 2.731628
-0.4228116 0.7004423 2.737149
-0.6126849 0.6472796 2.7129
-0.6741203 0.6030504 2.648118
0.1275271 0.8046959 2.768594
0.3002312 0.655544 2.815753
0.5094846 0.6252748 2.766783
0.5622982 0.6171613 2.75571
-0.1419037 0.3364708 2.716494
-0.1578351 -0.009855209 2.730237
-0.1641658 -0.3713242 2.820529
-0.136366 -0.4146638 2.648974
0.007194222 0.336217 2.731743
0.01347615 -0.02284787 2.752991
0.003929043 -0.3874837 2.842119
0.01906151 -0.4246808 2.691561
-0.06590157 0.8419222 2.727795
-0.7205864 0.5473357 2.621598
-0.681177 0.5779283 2.648142
0.5966954 0.6266075 2.689479
0.5376031 0.6227999 2.704054
87
-0.0682046 0.3278797 2.75893
-0.06685761 0.6229818 2.744803
-0.06546903 0.9145569 2.719208
-0.05122475 1.06242 2.702121
-0.2562522 0.8211597 2.731628
-0.4228116 0.7004423 2.737149
-0.6126849 0.6472796 2.7129
-0.6741203 0.6030504 2.648118
0.1275271 0.8046959 2.768594
0.3002312 0.655544 2.815753
0.5094846 0.6252748 2.766783
0.5622982 0.6171613 2.75571
-0.1419037 0.3364708 2.716494
-0.1578351 -0.009855209 2.730237
-0.1641658 -0.3713242 2.820529
-0.136366 -0.4146638 2.648974
0.007194222 0.336217 2.731743
0.01347615 -0.02284787 2.752991
0.003929043 -0.3874837 2.842119
0.01906151 -0.4246808 2.691561
-0.06590157 0.8419222 2.727795
-0.7205864 0.5473357 2.621598
-0.681177 0.5779283 2.648142
0.5966954 0.6266075 2.689479
0.5376031 0.6227999 2.704054
88
-0.06828877 0.3276269 2.759229
-0.066874 0.6231031 2.744954
-0.06545518 0.9147021 2.719231
-0.05098244 1.062435 2.70206
-0.2548418 0.8195739 2.731635
-0.4070857 0.6725977 2.743835
-0.5879842 0.5968952 2.704577
-0.6368441 0.548055 2.649297
0.1264329 0.8041261 2.768088
0.2650358 0.6242256 2.810407
0.464867 0.570823 2.77643
0.4952688 0.5562374 2.751473
-0.1420032 0.3361834 2.716851
-0.1578273 -0.009771672 2.730311
-0.1642225 -0.3710268 2.820356
-0.1375032 -0.4140208 2.649764
0.007123106 0.3360007 2.731994
0.0134194 -0.02259234 2.753088
0.003901449 -0.3850803 2.841583
0.01716074 -0.4227275 2.688798
-0.06588877 0.8420892 2.727857
-0.6752139 0.4845854 2.615761
-0.653818 0.4955533 2.639564
0.5075214 0.54172 2.711623
0.4819147 0.5735325 2.706648
89
-0.06828877 0.3276269 2.759229
-0.066874 0.6231031 2.744954
-0.06545518 0.9147021 2.719231
-0.05098244 1.062435 2.70206
-0.2548418 0.8195739 2.731635
-0.4070857 0.6725977 2.743835
-0.5879842 0.5968952 2.704577
-0.6368441 0.548055 2.649297
0.1264329 0.8041261 2.768088
0.2650358 0.6242256 2.810407
0.464867 0.570823 2.77643
0.4952688 0.5562374 2.751473
-0.1420032 0.3361834 2.716851
-0.1578273 -0.009771672 2.730311
-0.1642225 -0.3710268 2.820356
-0.1375032 -0.4140208 2.649764
0.007123106 0.3360007 2.731994
0.0134194 -0.02259234 2.753088
0.003901449 -0.3850803 2.841583
0.01716074 -0.4227275 2.688798
-0.06588877 0.8420892 2.727857
-0.6752139 0.4845854 2.615761
-0.653818 0.4955533 2.639564
0.5075214 0.54172 2.711623
0.4819147 0.5735325 2.706648
90
-0.06837045 0.3272318 2.759536
-0.06688815 0.6231728 2.745097
-0.06544134 0.9148223 2.719254
-0.05073341 1.062446 2.70199
-0.2523983 0.817362 2.731536
-0.4002668 0.6553084 2.748009
-0.5642995 0.5423811 2.692038
-0.5968746 0.4928511 2.653403
0.125244 0.8035005 2.767509
0.2505795 0.6080941 2.808062
0.4283754 0.5163948 2.776001
0.4505317 0.4878612 2.733291
-0.1421095 0.3357682 2.717216
-0.1578244 -0.009678023 2.730403
-0.1643374 -0.3709108 2.820219
-0.1389304 -0.4134938 2.650797
0.007065015 0.3356327 2.73225
0.01336502 -0.02235138 2.753187
0.003065143 -0.4136867 2.848615
0.02190812 -0.4421203 2.734047
-0.06587619 0.8422208 2.727914
-0.6207131 0.4236742 2.620452
-0.6096449 0.4214402 2.639509
0.4653386 0.4564408 2.69821
0.4465915 0.5103943 2.70272
91
-0.06837045 0.3272318 2.759536
-0.06688815 0.6231728 2.745097
-0.06544134 0.9148223 2.719254
-0.05073341 1.062446 2.70199
-0.2523983 0.817362 2.731536
-0.4002668 0.6553084 2.748009
-0.5642995 0.5423811 2.692038
-0.5968746 0.4928511 2.653403
0.125244 0.8035005 2.767509
0.2505795 0.6080941 2.808062
0.4283754 0.5163948 2.776001
0.4505317 0.4878612 2.733291
-0.1421095 0.3357682 2.717216
-0.1578244 -0.009678023 2.730403
-0.1643374 -0.3709108 2.820219
-0.1389304 -0.4134938 2.650797
0.007065015 0.3356327 2.73225
0.01336502 -0.02235138 2.753187
0.003065143 -0.4136867 2.848615
0.02190812 -0.4421203 2.734047
-0.06587619 0.8422208 2.727914
-0.6207131 0.4236742 2.620452
-0.6096449 0.4214402 2.639509
0.4653386 0.4564408 2.69821
0.4465915 0.5103943 2.70272
92
-0.06845602 0.326697 2.759833
-0.06690463 0.6231904 2.745231
-0.06543066 0.9149135 2.719271
-0.05049197 1.062455 2.701923
-0.2498358 0.8152239 2.731465
-0.3924535 0.6311679 2.756161
-0.5360948 0.4917943 2.678729
-0.5521113 0.4401778 2.653197
0.1234792 0.8027761 2.766583
0.238435 0.5906742 2.806275
0.394277 0.4627189 2.764723
0.420071 0.4165208 2.71429
-0.1422209 0.335252 2.717576
-0.1578439 -0.009589085 2.730499
-0.165413 -0.422655 2.832952
-0.1957791 -0.4503865 2.718901
0.007006925 0.3350831 2.732488
0.01330118 -0.02207125 2.75329
0.003119613 -0.4074787 2.847137
0.01928116 -0.4374313 2.725882
-0.06586701 0.8423158 2.727957
-0.5616117 0.3711238 2.627681
-0.5532268 0.3677946 2.640993
0.4388668 0.3642394 2.69809
0.4149639 0.4194731 2.682368
93
-0.06845602 0.326697 2.759833
-0.06690463 0.6231904 2.745231
-0.06543066 0.9149135 2.719271
-0.05049197 1.062455 2.701923
-0.2498358 0.8152239 2.731465
-0.3924535 0.6311679 2.756161
-0.5360948 0.4917943 2.678729
-0.5521113 0.4401778 2.653197
0.1234792 0.8027761 2.766583
0.238435 0.5906742 2.806275
0.394277 0.4627189 2.764723
0.420071 0.4165208 2.71429
-0.1422209 0.335252 2.717576
-0.1578439 -0.009589085 2.730499
-0.165413 -0.422655 2.832952
-0.1957791 -0.4503865 2.718901
0.007006925 0.3350831 2.732488
0.01330118 -0.02207125 2.75329
0.003119613 -0.4074787 2.847137
0.01928116 -0.4374313 2.725882
-0.06586701 0.8423158 2.727957
-0.5616117 0.3711238 2.627681
-0.5532268 0.3677946 2.640993
0.4388668 0.3642394 2.69809
0.4149639 0.4194731 2.682368
94
-0.06860629 0.3259379 2.76024
-0.0669232 0.6231469 2.745382
-0.0654158 0.9149804 2.719283
-0.05026025 1.062462 2.701859
-0.2467294 0.8134353 2.731535
-0.3831305 0.612982 2.763099
-0.4969341 0.4446984 2.677097
-0.5011042 0.3844485 2.654029
0.1214666 0.8021873 2.765515
0.2276819 0.576537 2.80442
0.3568638 0.4170355 2.748403
0.389736 0.3604451 2.703148
-0.1424176 0.3344652 2.718135
-0.15789 -0.009441784 2.730637
-0.1653883 -0.4141442 2.830679
-0.1919156 -0.4431351 2.711414
0.006900552 0.3343502 2.732772
0.01323894 -0.02179388 2.75339
0.00319417 -0.4007266 2.845526
0.01689531 -0.4325095 2.716304
-0.06585553 0.8423837 2.727993
-0.4954897 0.3102133 2.64045
-0.495485 0.3258007 2.660974
0.4230317 0.3039917 2.695446
0.3801018 0.3523332 2.669447
95
-0.06860629 0.3259379 2.76024
-0.0669232 0.6231469 2.745382
-0.0654158 0.9149804 2.719283
-0.05026025 1.062462 2.701859
-0.2467294 0.8134353 2.731535
-0.3831305 0.612982 2.763099
-0.4969341 0.4446984 2.677097
-0.5011042 0.3844485 2.654029
0.1214666 0.8021873 2.765515
0.2276819 0.576537 2.80442
0.3568638 0.4170355 2.748403
0.389736 0.3604451 2.703148
-0.1424176 0.3344652 2.718135
-0.15789 -0.009441784 2.730637
-0.1653883 -0.4141442 2.830679
-0.1919156 -0.4431351 2.711414
0.006900552 0.3343502 2.732772
0.01323894 -0.02179388 2.75339
0.00319417 -0.4007266 2.845526
0.01689531 -0.4325095 2.716304
-0.06585553 0.8423837 2.727993
-0.4954897 0.3102133 2.64045
-0.495485 0.3258007 2.660974
0.4230317 0.3039917 2.695446
0.3801018 0.3523332 2.669447
96
-0.06874418 0.3251491 2.7606
-0.06694227 0.6230701 2.74552
-0.06540294 0.9150339 2.71929
-0.05004856 1.062469 2.701801
-0.2435744 0.8120236 2.731524
-0.3676551 0.5919135 2.76919
-0.4497724 0.4060887 2.672997
-0.4434108 0.3370165 2.65661
0.1191484 0.8016793 2.764264
0.2147329 0.5627476 2.801228
0.3283547 0.3893122 2.736601
0.3553287 0.3151252 2.695931
-0.1426071 0.3336687 2.71866
-0.1579421 -0.009303479 2.730778
-0.1652762 -0.4025656 2.827682
-0.1836665 -0.4338939 2.699151
0.006816216 0.3335512 2.732985
0.01317789 -0.02157151 2.753485
0.003188928 -0.3938898 2.843826
0.01489723 -0.4274755 2.706706
-0.0658464 0.8424344 2.72802
-0.4323098 0.264365 2.655717
-0.4330143 0.2889705 2.673268
0.3876703 0.244336 2.700455
0.3426738 0.2950723 2.655488
97
-0.06874418 0.3251491 2.7606
-0.06694227 0.6230701 2.74552
-0.06540294 0.9150339 2.71929
-0.05004856 1.062469 2.701801
-0.2435744 0.8120236 2.731524
-0.3676551 0.5919135 2.76919
-0.4497724 0.4060887 2.672997
-0.4434108 0.3370165 2.65661
0.1191484 0.8016793 2.764264
0.2147329 0.5627476 2.801228
0.3283547 0.3893122 2.736601
0.3553287 0.3151252 2.695931
-0.1426071 0.3336687 2.71866
-0.1579421 -0.009303479 2.730778
-0.1652762 -0.4025656 2.827682
-0.1836665 -0.4338939 2.699151
0.006816216 0.3335512 2.732985
0.01317789 -0.02157151 2.753485
0.003188928 -0.3938898 2.843826
0.01489723 -0.4274755 2.706706
-0.0658464 0.8424344 2.72802
-0.4323098 0.264365 2.655717
-0.4330143 0.2889705 2.673268
0.3876703 0.244336 2.700455
0.3426738 0.2950723 2.655488
98
-0.06893199 0.3242341 2.760969
-0.06699179 0.6228969 2.745687
-0.06539688 0.9150673 2.719296
-0.04985778 1.062475 2.701735
-0.2408103 0.8108934 2.731522
-0.3539954 0.576727 2.773261
-0.4016859 0.3757129 2.679811
-0.3837559 0.3019418 2.657657
0.1165069 0.8010957 2.7628
0.1948739 0.5494747 2.797119
0.292527 0.3671979 2.729523
0.3170218 0.2852474 2.697629
-0.142847 0.3327961 2.719214
-0.1579907 -0.009192888 2.730918
-0.1651902 -0.3937221 2.825451
-0.1763214 -0.4270833 2.688901
0.006681313 0.3325564 2.733174
0.01312287 -0.0213939 2.753574
0.003124041 -0.3885187 2.842486
0.01337808 -0.423497 2.699211
-0.06584322 0.8424658 2.728045
-0.3673719 0.2302478 2.65693
-0.3956511 0.2938538 2.658181
0.347997 0.2120829 2.708528
0.2987021 0.2868151 2.660674
99
-0.06893199 0.3242341 2.760969
-0.06699179 0.6228969 2.745687
-0.06539688 0.9150673 2.719296
-0.04985778 1.062475 2.701735
-0.2408103 0.8108934 2.731522
-0.3539954 0.576727 2.773261
-0.4016859 0.3757129 2.679811
-0.3837559 0.3019418 2.657657
0.1165069 0.8010957 2.7628
0.1948739 0.5494747 2.797119
0.292527 0.3671979 2.729523
0.3170218 0.2852474 2.697629
-0.142847 0.3327961 2.719214
-0.1579907 -0.009192888 2.730918
-0.1651902 -0.3937221 2.825451
-0.1763214 -0.4270833 2.688901
0.006681313 0.3325564 2.733174
0.01312287 -0.0213939 2.753574
0.003124041 -0.3885187 2.842486
0.01337808 -0.423497 2.699211
-0.06584322 0.8424658 2.728045
-0.3673719 0.2302478 2.65693
-0.3956511 0.2938538 2.658181
0.347997 0.2120829 2.708528
0.2987021 0.2868151 2.660674
100
-0.06909701 0.3233846 2.761289
-0.06703953 0.6226825 2.745854
-0.06539159 0.9150914 2.719301
-0.04968125 1.062476 2.701663
-0.2384561 0.8100447 2.73157
-0.3291033 0.5546539 2.777961
-0.3505184 0.3488369 2.688807
-0.333338 0.2800968 2.665063
0.1141563 0.8006394 2.761468
0.1793863 0.5413185 2.7946
0.2496054 0.3457384 2.724616
0.271485 0.2598003 2.69795
-0.1430598 0.3320084 2.719701
-0.1580476 -0.00910289 2.731074
-0.165129 -0.3870983 2.823791
-0.1704919 -0.422037 2.68094
0.006568136 0.3316129 2.733326
0.01307574 -0.02127731 2.753667
0.003039669 -0.3845206 2.841483
0.01230214 -0.4205203 2.693632
-0.06583977 0.8424834 2.728069
-0.3221491 0.212712 2.663444
-0.3403575 0.2612677 2.662655
0.2957186 0.1830098 2.708915
0.2508899 0.252291 2.657628
101
-0.06909701 0.3233846 2.761289
-0.06703953 0.6226825 2.745854
-0.06539159 0.9150914 2.719301
-0.04968125 1.062476 2.701663
-0.2384561 0.8100447 2.73157
-0.3291033 0.5546539 2.777961
-0.3505184 0.3488369 2.688807
-0.333338 0.2800968 2.665063
0.1141563 0.8006394 2.761468
0.1793863 0.5413185 2.7946
0.2496054 0.3457384 2.724616
0.271485 0.2598003 2.69795
-0.1430598 0.3320084 2.719701
-0.1580476 -0.00910289 2.731074
-0.165129 -0.3870983 2.823791
-0.1704919 -0.422037 2.68094
0.006568136 0.3316129 2.733326
0.01307574 -0.02127731 2.753667
0.003039669 -0.3845206 2.841483
0.01230214 -0.4205203 2.693632
-0.06583977 0.8424834 2.728069
-0.3221491 0.212712 2.663444
-0.3403575 0.2612677 2.662655
0.2957186 0.1830098 2.708915
0.2508899 0.252291 2.657628
102
-0.06924253 0.3226185 2.761564
-0.06708679 0.6224429 2.746018
-0.06538673 0.9151086 2.719305
-0.04952356 1.062476 2.701595
-0.2361477 0.8094838 2.731619
-0.2994771 0.54079 2.781968
-0.3056771 0.3355103 2.693442
-0.287203 0.2643765 2.670766
0.1118562 0.8002934 2.760209
0.1597037 0.5391521 2.791233
0.2012434 0.3386725 2.729086
0.2200745 0.2486783 2.699978
-0.143243 0.3313248 2.720109
-0.158116 -0.009027714 2.731245
-0.1650935 -0.3826085 2.822669
-0.1662281 -0.4186678 2.675236
0.006466123 0.330734 2.733461
0.01303162 -0.02118166 2.753762
0.002932434 -0.3817151 2.840777
0.01151563 -0.4184369 2.689621
-0.06583644 0.8424892 2.728095
-0.2801937 0.1930419 2.669457
-0.3111508 0.2638358 2.661947
0.2355241 0.1808843 2.701249
0.1988236 0.2455031 2.664177
103
-0.06924253 0.3226185 2.761564
-0.06708679 0.6224429 2.746018
-0.06538673 0.9151086 2.719305
-0.04952356 1.062476 2.701595
-0.2361477 0.8094838 2.731619
-0.2994771 0.54079 2.781968
-0.3056771 0.3355103 2.693442
-0.287203 0.2643765 2.670766
0.1118562 0.8002934 2.760209
0.1597037 0.5391521 2.791233
0.2012434 0.3386725 2.729086
0.2200745 0.2486783 2.699978
-0.143243 0.3313248 2.720109
-0.158116 -0.009027714 2.731245
-0.1650935 -0.3826085 2.822669
-0.1662281 -0.4186678 2.675236
0.006466123 0.330734 2.733461
0.01303162 -0.02118166 2.753762
0.002932434 -0.3817151 2.840777
0.01151563 -0.4184369 2.689621
-0.06583644 0.8424892 2.728095
-0.2801937 0.1930419 2.669457
-0.3111508 0.2638358 2.661947
0.2355241 0.1808843 2.701249
0.1988236 0.2455031 2.664177
104
-0.06938872 0.3217713 2.761811
-0.06714452 0.62214 2.746187
-0.06538292 0.9151198 2.719309
-0.04938619 1.062472 2.701534
-0.2341437 0.8091894 2.731662
-0.2817959 0.5342246 2.78232
-0.2578936 0.3105815 2.696616
-0.2415527 0.2538879 2.679818
0.1098458 0.7999171 2.759065
0.1453973 0.538709 2.788764
0.1638596 0.3151946 2.722975
0.1717184 0.2290125 2.697333
-0.1434035 0.330621 2.720469
-0.1582352 -0.009146019 2.73151
-0.1651006 -0.3793506 2.821858
-0.1631868 -0.4161864 2.671067
0.006338429 0.3297242 2.733577
0.01297449 -0.02116559 2.753888
0.002852108 -0.3796068 2.840249
0.01100205 -0.4168397 2.68667
-0.06583571 0.8424807 2.728123
-0.2424021 0.1772065 2.674714
-0.2768515 0.2664695 2.656434
0.1750301 0.1586928 2.692989
0.1513046 0.2227245 2.672963
105
-0.06938872 0.3217713 2.761811
-0.06714452 0.62214 2.746187
-0.06538292 0.9151198 2.719309
-0.04938619 1.062472 2.701534
-0.2341437 0.8091894 2.731662
-0.2817959 0.5342246 2.78232
-0.2578936 0.3105815 2.696616
-0.2415527 0.2538879 2.679818
0.1098458 0.7999171 2.759065
0.1453973 0.538709 2.788764
0.1638596 0.3151946 2.722975
0.1717184 0.2290125 2.697333
-0.1434035 0.330621 2.720469
-0.1582352 -0.009146019 2.73151
-0.1651006 -0.3793506 2.821858
-0.1631868 -0.4161864 2.671067
0.006338429 0.3297242 2.733577
0.01297449 -0.02116559 2.753888
0.002852108 -0.3796068 2.840249
0.01100205 -0.4168397 2.68667
-0.06583571 0.8424807 2.728123
-0.2424021 0.1772065 2.674714
-0.2768515 0.2664695 2.656434
0.1750301 0.1586928 2.692989
0.1513046 0.2227245 2.672963
106
-0.0694235 0.3209813 2.762022
-0.06719331 0.6218262 2.746357
-0.06538445 0.9151232 2.719322
-0.04927328 1.062466 2.701481
-0.2324186 0.8090242 2.731668
-0.265967 0.5330142 2.776817
-0.2381553 0.3110179 2.700137
-0.2151209 0.2475525 2.684617
0.1082475 0.7995875 2.758121
0.1352931 0.5388983 2.786086
0.139224 0.30452 2.720289
0.1281976 0.2201323 2.69863
-0.1434624 0.3299784 2.720762
-0.1583498 -0.009271332 2.731756
-0.1660362 -0.4275368 2.833563
-0.2167411 -0.4523812 2.727663
0.006332489 0.3287867 2.733692
0.0129119 -0.02117463 2.754015
0.002783109 -0.3780978 2.839874
0.01065284 -0.4156878 2.684536
-0.06584192 0.8424572 2.728165
-0.2135351 0.1719992 2.679316
-0.2464008 0.2582796 2.660355
0.1213258 0.1510378 2.69046
0.1026632 0.2289515 2.676081
107
-0.0694235 0.3209813 2.762022
-0.06719331 0.6218262 2.746357
-0.06538445 0.9151232 2.719322
-0.04927328 1.062466 2.701481
-0.2324186 0.8090242 2.731668
-0.265967 0.5330142 2.776817
-0.2381553 0.3110179 2.700137
-0.2151209 0.2475525 2.684617
0.1082475 0.7995875 2.758121
0.1352931 0.5388983 2.786086
0.139224 0.30452 2.720289
0.1281976 0.2201323 2.69863
-0.1434624 0.3299784 2.720762
-0.1583498 -0.009271332 2.731756
-0.1660362 -0.4275368 2.833563
-0.2167411 -0.4523812 2.727663
0.006332489 0.3287867 2.733692
0.0129119 -0.02117463 2.754015
0.002783109 -0.3780978 2.839874
0.01065284 -0.4156878 2.684536
-0.06584192 0.8424572 2.728165
-0.2135351 0.1719992 2.679316
-0.2464008 0.2582796 2.660355
0.1213258 0.1510378 2.69046
0.1026632 0.2289515 2.676081
108
-0.06931096 0.3201468 2.762215
-0.06721432 0.6214687 2.746543
-0.06539068 0.9151148 2.719348
-0.04918685 1.062459 2.701441
-0.2310523 0.8089498 2.731657
-0.2559288 0.5364314 2.769262
-0.2300678 0.3243788 2.703733
-0.2061173 0.2498385 2.68606
0.1070304 0.7992657 2.757378
0.1268772 0.5417045 2.781787
0.1122342 0.2931246 2.71346
0.08389223 0.2229294 2.699403
-0.1433718 0.3292661 2.721018
-0.1584614 -0.00978402 2.732198
-0.1657381 -0.4100582 2.829259
-0.1964733 -0.4395347 2.705394
0.006462221 0.3278571 2.73381
0.01286077 -0.02120076 2.754148
0.002715998 -0.376971 2.839611
0.01041288 -0.4148162 2.682981
-0.06585101 0.8424116 2.728225
-0.202156 0.1751102 2.681395
-0.2312822 0.2751892 2.666461
0.0799204 0.151886 2.68266
0.05697239 0.2215046 2.678229
109
-0.06931096 0.3201468 2.762215
-0.06721432 0.6214687 2.746543
-0.06539068 0.9151148 2.719348
-0.04918685 1.062459 2.701441
-0.2310523 0.8089498 2.731657
-0.2559288 0.5364314 2.769262
-0.2300678 0.3243788 2.703733
-0.2061173 0.2498385 2.68606
0.1070304 0.7992657 2.757378
0.1268772 0.5417045 2.781787
0.1122342 0.2931246 2.71346
0.08389223 0.2229294 2.699403
-0.1433718 0.3292661 2.721018
-0.1584614 -0.00978402 2.732198
-0.1657381 -0.4100582 2.829259
-0.1964733 -0.4395347 2.705394
0.006462221 0.3278571 2.73381
0.01286077 -0.02120076 2.754148
0.002715998 -0.376971 2.839611
0.01041288 -0.4148162 2.682981
-0.06585101 0.8424116 2.728225
-0.202156 0.1751102 2.681395
-0.2312822 0.2751892 2.666461
0.0799204 0.151886 2.68266
0.05697239 0.2215046 2.678229
110
-0.06918938 0.3194083 2.762364
-0.06723211 0.621124 2.746719
-0.06540297 0.9150999 2.719387
-0.04913741 1.062456 2.701422
-0.2300167 0.8089166 2.731654
-0.2507005 0.5400734 2.763827
-0.2166544 0.3163931 2.70343
-0.203398 0.2517867 2.685498
0.1059467 0.7989553 2.756684
0.1202402 0.5481817 2.776063
0.09560785 0.2938085 2.710579
0.0621774 0.2289889 2.698967
-0.14327 0.3286303 2.721227
-0.1585615 -0.01029675 2.732617
-0.165521 -0.3992027 2.826675
-0.182165 -0.4316607 2.691237
0.006600609 0.3270381 2.733881
0.01282508 -0.02126379 2.754295
0.00266574 -0.376188 2.839442
0.01023434 -0.4142055 2.681873
-0.06586555 0.8423558 2.728298
-0.2079336 0.1792526 2.683557
-0.2275915 0.2785018 2.668107
0.05511832 0.1673073 2.683374
0.03172135 0.2546686 2.671979
111
-0.06918938 0.3194083 2.762364
-0.06723211 0.621124 2.746719
-0.06540297 0.9150999 2.719387
-0.04913741 1.062456 2.701422
-0.2300167 0.8089166 2.731654
-0.2507005 0.5400734 2.763827
-0.2166544 0.3163931 2.70343
-0.203398 0.2517867 2.685498
0.1059467 0.7989553 2.756684
0.1202402 0.5481817 2.776063
0.09560785 0.2938085 2.710579
0.0621774 0.2289889 2.698967
-0.14327 0.3286303 2.721227
-0.1585615 -0.01029675 2.732617
-0.165521 -0.3992027 2.826675
-0.182165 -0.4316607 2.691237
0.006600609 0.3270381 2.733881
0.01282508 -0.02126379 2.754295
0.00266574 -0.376188 2.839442
0.01023434 -0.4142055 2.681873
-0.06586555 0.8423558 2.728298
-0.2079336 0.1792526 2.683557
-0.2275915 0.2785018 2.668107
0.05511832 0.1673073 2.683374
0.03172135 0.2546686 2.671979
112
-0.06907738 0.3187226 2.76249
-0.06727669 0.620779 2.746916
-0.06549493 0.9150933 2.719528
-0.04909961 1.062446 2.701417
-0.2292266 0.8089105 2.731671
-0.2485264 0.5431952 2.759905
-0.2184896 0.316237 2.70109
-0.2083076 0.2558998 2.683963
0.1051243 0.7987077 2.756148
0.1165575 0.5526884 2.772203
0.08674661 0.2952479 2.708688
0.05154434 0.2371526 2.697285
-0.1431685 0.3280148 2.721417
-0.1586344 -0.01078846 2.733021
-0.1653623 -0.3919057 2.824987
-0.1724454 -0.4263664 2.681661
0.006721096 0.3263073 2.733934
0.01280726 -0.02132819 2.754444
0.00263414 -0.3761283 2.839303
0.01013287 -0.414207 2.680992
-0.06594115 0.8422899 2.728453
-0.2138877 0.1841395 2.681216
-0.2378542 0.2789943 2.666314
0.0503113 0.1737247 2.683611
0.01792775 0.2604969 2.670809
113
-0.06907738 0.3187226 2.76249
-0.06727669 0.620779 2.746916
-0.06549493 0.9150933 2.719528
-0.04909961 1.062446 2.701417
-0.2292266 0.8089105 2.731671
-0.2485264 0.5431952 2.759905
-0.2184896 0.316237 2.70109
-0.2083076 0.2558998 2.683963
0.1051243 0.7987077 2.756148
0.1165575 0.5526884 2.772203
0.08674661 0.2952479 2.708688
0.05154434 0.2371526 2.697285
-0.1431685 0.3280148 2.721417
-0.1586344 -0.01078846 2.733021
-0.1653623 -0.3919057 2.824987
-0.1724454 -0.4263664 2.681661
0.006721096 0.3263073 2.733934
0.01280726 -0.02132819 2.754444
0.00263414 -0.3761283 2.839303
0.01013287 -0.414207 2.680992
-0.06594115 0.8422899 2.728453
-0.2138877 0.1841395 2.681216
-0.2378542 0.2789943 2.666314
0.0503113 0.1737247 2.683611
0.01792775 0.2604969 2.670809
114
-0.06898904 0.3181281 2.762563
-0.06733171 0.6204531 2.747104
-0.0656399 0.91508 2.719749
-0.04906866 1.062436 2.701416
-0.2286635 0.8088949 2.731718
-0.2484389 0.5458111 2.756983
-0.2266808 0.3165106 2.697188
-0.2220265 0.2604491 2.679952
0.1045038 0.7985097 2.755727
0.1142477 0.555083 2.769709
0.08357116 0.2973237 2.706141
0.05279469 0.2433803 2.693742
-0.1430817 0.3274699 2.721555
-0.1586866 -0.0112369 2.733382
-0.1652482 -0.3869141 2.823857
-0.1659923 -0.4227081 2.675177
0.006808668 0.3256903 2.733932
0.01279342 -0.02137218 2.754565
0.002656657 -0.3761691 2.839221
0.01008517 -0.4142893 2.680347
-0.06605543 0.8422088 2.728664
-0.2318839 0.1873275 2.675686
-0.2580637 0.281555 2.660633
0.0530808 0.1760545 2.683861
0.01964951 0.2638208 2.668257
115
-0.06898904 0.3181281 2.762563
-0.06733171 0.6204531 2.747104
-0.0656399 0.91508 2.719749
-0.04906866 1.062436 2.701416
-0.2286635 0.8088949 2.731718
-0.2484389 0.5458111 2.756983
-0.2266808 0.3165106 2.697188
-0.2220265 0.2604491 2.679952
0.1045038 0.7985097 2.755727
0.1142477 0.555083 2.769709
0.08357116 0.2973237 2.706141
0.05279469 0.2433803 2.693742
-0.1430817 0.3274699 2.721555
-0.1586866 -0.0112369 2.733382
-0.1652482 -0.3869141 2.823857
-0.1659923 -0.4227081 2.675177
0.006808668 0.3256903 2.733932
0.01279342 -0.02137218 2.754565
0.002656657 -0.3761691 2.839221
0.01008517 -0.4142893 2.680347
-0.06605543 0.8422088 2.728664
-0.2318839 0.1873275 2.675686
-0.2580637 0.281555 2.660633
0.0530808 0.1760545 2.683861
0.01964951 0.2638208 2.668257
116
-0.06891999 0.3175703 2.762581
-0.0673893 0.6201578 2.747274
-0.06581031 0.9150835 2.720004
-0.04903507 1.062427 2.701427
-0.2282452 0.8088737 2.731783
-0.2500571 0.5475857 2.754812
-0.2398115 0.3152432 2.688968
-0.2356175 0.261719 2.675379
0.1040519 0.7983514 2.755405
0.1125759 0.5561314 2.768104
0.08641796 0.3003921 2.703186
0.06419429 0.2441691 2.688989
-0.143008 0.3269555 2.721641
-0.1587192 -0.01162846 2.733698
-0.1651633 -0.3834649 2.823093
-0.1616574 -0.4201511 2.67075
0.006871404 0.3251187 2.733872
0.01280519 -0.02147376 2.754696
0.002755056 -0.3764925 2.839174
0.0101039 -0.414606 2.679875
-0.06618572 0.8421362 2.728892
-0.2485209 0.1866021 2.667758
-0.2787829 0.2914499 2.650711
0.06669489 0.1710676 2.682101
0.02662823 0.2634127 2.670355
117
-0.06891999 0.3175703 2.762581
-0.0673893 0.6201578 2.747274
-0.06581031 0.9150835 2.720004
-0.04903507 1.062427 2.701427
-0.2282452 0.8088737 2.731783
-0.2500571 0.5475857 2.754812
-0.2398115 0.3152432 2.688968
-0.2356175 0.261719 2.675379
0.1040519 0.7983514 2.755405
0.1125759 0.5561314 2.768104
0.08641796 0.3003921 2.703186
0.06419429 0.2441691 2.688989
-0.143008 0.3269555 2.721641
-0.1587192 -0.01162846 2.733698
-0.1651633 -0.3834649 2.823093
-0.1616574 -0.4201511 2.67075
0.006871404 0.3251187 2.733872
0.01280519 -0.02147376 2.754696
0.002755056 -0.3764925 2.839174
0.0101039 -0.414606 2.679875
-0.06618572 0.8421362 2.728892
-0.2485209 0.1866021 2.667758
-0.2787829 0.2914499 2.650711
0.06669489 0.1710676 2.682101
0.02662823 0.2634127 2.670355
118
-0.06884442 0.3170267 2.762564
-0.0674485 0.6198896 2.747429
-0.0660372 0.9151163 2.720303
-0.04892233 1.062429 2.701466
-0.2279296 0.8088536 2.731851
-0.252991 0.5488901 2.753206
-0.2498181 0.3134203 2.683163
-0.2474927 0.2588032 2.671779
0.1037235 0.7982246 2.755165
0.1118951 0.556295 2.766761
0.09356317 0.3025622 2.699642
0.07794488 0.2420401 2.685745
-0.1429166 0.3264277 2.721679
-0.1587275 -0.01190067 2.733956
-0.1651008 -0.3808672 2.822511
-0.158628 -0.4181684 2.667562
0.006931433 0.3245907 2.733795
0.0128213 -0.02154376 2.754788
0.00289581 -0.3770154 2.839116
0.01017384 -0.4150798 2.679518
-0.0663484 0.8420767 2.729141
-0.2586339 0.1818527 2.662525
-0.2942561 0.2822275 2.646535
0.08287212 0.1636501 2.682584
0.04147548 0.2486023 2.674206
119
-0.06884442 0.3170267 2.762564
-0.0674485 0.6198896 2.747429
-0.0660372 0.9151163 2.720303
-0.04892233 1.062429 2.701466
-0.2279296 0.8088536 2.731851
-0.252991 0.5488901 2.753206
-0.2498181 0.3134203 2.683163
-0.2474927 0.2588032 2.671779
0.1037235 0.7982246 2.755165
0.1118951 0.556295 2.766761
0.09356317 0.3025622 2.699642
0.07794488 0.2420401 2.685745
-0.1429166 0.3264277 2.721679
-0.1587275 -0.01190067 2.733956
-0.1651008 -0.3808672 2.822511
-0.158628 -0.4181684 2.667562
0.006931433 0.3245907 2.733795
0.0128213 -0.02154376 2.754788
0.00289581 -0.3770154 2.839116
0.01017384 -0.4150798 2.679518
-0.0663484 0.8420767 2.729141
-0.2586339 0.1818527 2.662525
-0.2942561 0.2822275 2.646535
0.08287212 0.1636501 2.682584
0.04147548 0.2486023 2.674206
120
-0.06875283 0.3164802 2.762485
-0.06750315 0.619645 2.747566
-0.06626067 0.9151524 2.7206
-0.04870979 1.062456 2.701553
-0.2276957 0.8088281 2.731915
-0.2563422 0.5498286 2.752125
-0.2563998 0.3122276 2.679435
-0.254869 0.256751 2.66925
0.1035073 0.7980705 2.754977
0.1123672 0.5554125 2.765335
0.1024958 0.3043227 2.695915
0.09290258 0.2378139 2.682972
-0.142798 0.3258554 2.721591
-0.1587088 -0.01204156 2.734141
-0.1659611 -0.4314522 2.834679
-0.1941139 -0.4559209 2.730572
0.006998908 0.3240938 2.733699
0.01284162 -0.02161454 2.754861
0.003022602 -0.3772661 2.839061
0.01026409 -0.4153048 2.679235
-0.06650805 0.8420225 2.729384
-0.2673561 0.1782812 2.658766
-0.3013021 0.2797669 2.64286
0.1002103 0.1578437 2.683414
0.05675797 0.2399213 2.679471
121
-0.06875283 0.3164802 2.762485
-0.06750315 0.619645 2.747566
-0.06626067 0.9151524 2.7206
-0.04870979 1.062456 2.701553
-0.2276957 0.8088281 2.731915
-0.2563422 0.5498286 2.752125
-0.2563998 0.3122276 2.679435
-0.254869 0.256751 2.66925
0.1035073 0.7980705 2.754977
0.1123672 0.5554125 2.765335
0.1024958 0.3043227 2.695915
0.09290258 0.2378139 2.682972
-0.142798 0.3258554 2.721591
-0.1587088 -0.01204156 2.734141
-0.1659611 -0.4314522 2.834679
-0.1941139 -0.4559209 2.730572
0.006998908 0.3240938 2.733699
0.01284162 -0.02161454 2.754861
0.003022602 -0.3772661 2.839061
0.01026409 -0.4153048 2.679235
-0.06650805 0.8420225 2.729384
-0.2673561 0.1782812 2.658766
-0.3013021 0.2797669 2.64286
0.1002103 0.1578437 2.683414
0.05675797 0.2399213 2.679471
122
-0.06864318 0.3159477 2.762368
-0.06755191 0.6194238 2.747691
-0.06649614 0.9152106 2.720955
-0.04825678 1.062469 2.701697
-0.227522 0.8088041 2.731973
-0.2600298 0.550523 2.751228
-0.2613042 0.311177 2.676717
-0.2597156 0.2551587 2.667741
0.1033857 0.7978904 2.754842
0.1140064 0.5533286 2.763661
0.1107737 0.3045357 2.692273
0.1055523 0.2349894 2.67996
-0.1426355 0.3252638 2.7214
-0.1586841 -0.01214437 2.734295
-0.1656608 -0.4151413 2.830805
-0.1823728 -0.4433489 2.711811
0.007073062 0.3236252 2.7336
0.01285198 -0.02171834 2.754926
0.003198632 -0.3775506 2.839052
0.01041588 -0.4155722 2.679059
-0.06667209 0.8419794 2.729658
-0.2732125 0.1759011 2.655428
-0.3089021 0.2659156 2.635145
0.1144668 0.1524031 2.683047
0.06688991 0.2359745 2.683042
123
-0.06864318 0.3159477 2.762368
-0.06755191 0.6194238 2.747691
-0.06649614 0.9152106 2.720955
-0.04825678 1.062469 2.701697
-0.227522 0.8088041 2.731973
-0.2600298 0.550523 2.751228
-0.2613042 0.311177 2.676717
-0.2597156 0.2551587 2.667741
0.1033857 0.7978904 2.754842
0.1140064 0.5533286 2.763661
0.1107737 0.3045357 2.692273
0.1055523 0.2349894 2.67996
-0.1426355 0.3252638 2.7214
-0.1586841 -0.01214437 2.734295
-0.1656608 -0.4151413 2.830805
-0.1823728 -0.4433489 2.711811
0.007073062 0.3236252 2.7336
0.01285198 -0.02171834 2.754926
0.003198632 -0.3775506 2.839052
0.01041588 -0.4155722 2.679059
-0.06667209 0.8419794 2.729658
-0.2732125 0.1759011 2.655428
-0.3089021 0.2659156 2.635145
0.1144668 0.1524031 2.683047
0.06688991 0.2359745 2.683042
124
-0.06851183 0.3154328 2.762201
-0.06759593 0.6192366 2.747794
-0.06676492 0.9153414 2.721305
-0.04757067 1.062556 2.701866
-0.2273918 0.8087803 2.732024
-0.2633689 0.5508986 2.75054
-0.2648434 0.3101484 2.674768
-0.2632207 0.2528508 2.666663
0.1033333 0.797694 2.754733
0.1165038 0.5506406 2.761685
0.1173128 0.3041545 2.689289
0.1142832 0.233886 2.677228
-0.1424319 0.3246648 2.721082
-0.158655 -0.01221907 2.734425
-0.165415 -0.4017891 2.82764
-0.172993 -0.4331262 2.696124
0.00715708 0.3231913 2.733494
0.01286048 -0.02181588 2.754975
0.003469342 -0.3778295 2.839045
0.01063727 -0.4158273 2.678936
-0.06684775 0.8419798 2.729915
-0.2765065 0.1727553 2.653727
-0.3117683 0.2621944 2.632654
0.1219992 0.1513866 2.680815
0.07445683 0.236023 2.685122
125
-0.06851183 0.3154328 2.762201
-0.06759593 0.6192366 2.747794
-0.06676492 0.9153414 2.721305
-0.04757067 1.062556 2.701866
-0.2273918 0.8087803 2.732024
-0.2633689 0.5508986 2.75054
-0.2648434 0.3101484 2.674768
-0.2632207 0.2528508 2.666663
0.1033333 0.797694 2.754733
0.1165038 0.5506406 2.761685
0.1173128 0.3041545 2.689289
0.1142832 0.233886 2.677228
-0.1424319 0.3246648 2.721082
-0.158655 -0.01221907 2.734425
-0.165415 -0.4017891 2.82764
-0.172993 -0.4331262 2.696124
0.00715708 0.3231913 2.733494
0.01286048 -0.02181588 2.754975
0.003469342 -0.3778295 2.839045
0.01063727 -0.4158273 2.678936
-0.06684775 0.8419798 2.729915
-0.2765065 0.1727553 2.653727
-0.3117683 0.2621944 2.632654
0.1219992 0.1513866 2.680815
0.07445683 0.236023 2.685122
126
-0.06837198 0.3149485 2.762017
-0.06763517 0.6190726 2.74789
-0.06707293 0.915556 2.721776
-0.04672209 1.06264 2.70207
-0.227296 0.8087558 2.732063
-0.2661945 0.5509632 2.749952
-0.2671581 0.3094868 2.673474
-0.2652976 0.2513276 2.66592
0.1033842 0.797428 2.754669
0.1189774 0.5483531 2.759928
0.1218928 0.3034913 2.687002
0.1215191 0.231161 2.674939
-0.1422161 0.3241 2.720718
-0.1586222 -0.0122714 2.734535
-0.1652387 -0.3923556 2.825421
-0.1663897 -0.4259145 2.684994
0.007248875 0.32278 2.733393
0.01286942 -0.02195733 2.755026
0.003851088 -0.377918 2.839077
0.01090141 -0.4159259 2.678868
-0.06704577 0.8420242 2.730242
-0.2781956 0.1703069 2.652845
-0.312457 0.2581942 2.632921
0.1289724 0.1487662 2.679317
0.0809536 0.2371565 2.687979
127
-0.06837198 0.3149485 2.762017
-0.06763517 0.6190726 2.74789
-0.06707293 0.915556 2.721776
-0.04672209 1.06264 2.70207
-0.227296 0.8087558 2.732063
-0.2661945 0.5509632 2.749952
-0.2671581 0.3094868 2.673474
-0.2652976 0.2513276 2.66592
0.1033842 0.797428 2.754669
0.1189774 0.5483531 2.759928
0.1218928 0.3034913 2.687002
0.1215191 0.231161 2.674939
-0.1422161 0.3241 2.720718
-0.1586222 -0.0122714 2.734535
-0.1652387 -0.3923556 2.825421
-0.1663897 -0.4259145 2.684994
0.007248875 0.32278 2.733393
0.01286942 -0.02195733 2.755026
0.003851088 -0.377918 2.839077
0.01090141 -0.4159259 2.678868
-0.06704577 0.8420242 2.730242
-0.2781956 0.1703069 2.652845
-0.312457 0.2581942 2.632921
0.1289724 0.1487662 2.679317
0.0809536 0.2371565 2.687979
128
-0.06818401 0.3144065 2.761768
-0.06766661 0.6189207 2.747972
-0.0673511 0.9157621 2.722208
-0.04578195 1.062739 2.702265
-0.2272232 0.8087096 2.732095
-0.2689511 0.5515707 2.749218
-0.2687297 0.3090326 2.672583
-0.2660015 0.2496107 2.665259
0.103508 0.7971229 2.754632
0.1212793 0.5464441 2.758347
0.1249733 0.3029031 2.685428
0.1261317 0.2296625 2.673162
-0.1419306 0.3234748 2.720236
-0.1585887 -0.01230912 2.734627
-0.1651118 -0.3858773 2.823903
-0.1618469 -0.4209774 2.677267
0.007370305 0.3223221 2.733274
0.01286815 -0.0221181 2.755069
0.003071933 -0.4217802 2.849411
-0.006781098 -0.4484517 2.735398
-0.0672278 0.8420739 2.730547
-0.2764769 0.1679814 2.652252
-0.3078197 0.2515621 2.634094
0.1330298 0.1480102 2.677458
0.08796208 0.2314983 2.685016
129
-0.06818401 0.3144065 2.761768
-0.06766661 0.6189207 2.747972
-0.0673511 0.9157621 2.722208
-0.04578195 1.062739 2.702265
-0.2272232 0.8087096 2.732095
-0.2689511 0.5515707 2.749218
-0.2687297 0.3090326 2.672583
-0.2660015 0.2496107 2.665259
0.103508 0.7971229 2.754632
0.1212793 0.5464441 2.758347
0.1249733 0.3029031 2.685428
0.1261317 0.2296625 2.673162
-0.1419306 0.3234748 2.720236
-0.1585887 -0.01230912 2.734627
-0.1651118 -0.3858773 2.823903
-0.1618469 -0.4209774 2.677267
0.007370305 0.3223221 2.733274
0.01286815 -0.0221181 2.755069
0.003071933 -0.4217802 2.849411
-0.006781098 -0.4484517 2.735398
-0.0672278 0.8420739 2.730547
-0.2764769 0.1679814 2.652252
-0.3078197 0.2515621 2.634094
0.1330298 0.1480102 2.677458
0.08796208 0.2314983 2.685016
130
-0.0679808 0.3138849 2.761475
-0.06769404 0.6187872 2.748043
-0.0676209 0.915979 2.722623
-0.04467766 1.0628 2.702468
-0.2271682 0.8086596 2.732119
-0.2709143 0.5518706 2.748655
-0.2698507 0.3087195 2.671948
-0.2654186 0.2475325 2.664936
0.1036975 0.796813 2.754646
0.1236319 0.5455523 2.756825
0.1270756 0.3024451 2.684337
0.1287263 0.2288178 2.672211
-0.1416249 0.3228838 2.719677
-0.158548 -0.01229492 2.7347
-0.1649665 -0.3776032 2.821959
-0.1570293 -0.4144707 2.668195
0.007499097 0.3218838 2.733142
0.01285934 -0.02216198 2.755078
0.00327672 -0.4143699 2.847636
-0.003916082 -0.4425602 2.727437
-0.06740513 0.8421372 2.73084
-0.270768 0.1638166 2.657511
-0.3025959 0.24311 2.639521
0.1338903 0.1477726 2.676343
0.09069777 0.2337821 2.685225
