125
1
0.05007183 0.4070982 2.843238
0.03809696 0.7200473 2.855666
0.02721051 1.027369 2.854907
0.03214529 1.159392 2.834876
-0.1614122 0.9255247 2.834825
-0.2144401 0.6697313 2.830492
-0.1774875 0.4453804 2.797005
-0.1681106 0.3935519 2.791155
0.2214991 0.9307351 2.857486
0.2834141 0.6774196 2.882284
0.2734055 0.461008 2.836413
0.2632703 0.4070789 2.824662
-0.03718392 0.4122525 2.804563
-0.03923171 0.0777327 2.884302
-0.04839975 -0.336599 2.96739
-0.07263756 -0.355768 2.869126
0.1361214 0.4170327 2.810677
0.1569814 0.08916952 2.888884
0.1820258 -0.3400123 2.9672
0.2181193 -0.3555058 2.870752
0.02986323 0.9512697 2.857517
-0.1541594 0.3255872 2.792278
-0.209114 0.3891674 2.78296
0.2609432 0.3392085 2.82321
0.2313303 0.4166367 2.799186
2
0.05006391 0.40717 2.84325
0.038174 0.7201793 2.855724
0.02739394 1.027621 2.855004
0.03252084 1.159952 2.835963
-0.1612285 0.9257657 2.83478
-0.2144704 0.6699992 2.830583
-0.177497 0.4452811 2.797092
-0.1682416 0.3937206 2.7912
0.2215656 0.9306971 2.857504
0.2834311 0.6773628 2.882315
0.2734242 0.4609318 2.836284
0.2633739 0.4070252 2.824123
-0.03720046 0.4124238 2.804529
-0.03919055 0.07818688 2.883901
-0.04839656 -0.3364688 2.96744
-0.07264798 -0.3557341 2.869142
0.1361149 0.4170535 2.810705
0.1570166 0.08924503 2.888775
0.1820018 -0.3399715 2.96725
0.218125 -0.355511 2.870756
0.03001814 0.9514862 2.857605
-0.1539634 0.3257616 2.792322
-0.2091212 0.3889868 2.782977
0.2607096 0.3393207 2.822202
0.2312386 0.4176264 2.798572
3
0.05006391 0.40717 2.84325
0.038174 0.7201793 2.855724
0.02739394 1.027621 2.855004
0.03252084 1.159952 2.835963
-0.1612285 0.9257657 2.83478
-0.2144704 0.6699992 2.830583
-0.177497 0.4452811 2.797092
-0.1682416 0.3937206 2.7912
0.2215656 0.9306971 2.857504
0.2834311 0.6773628 2.882315
0.2734242 0.4609318 2.836284
0.2633739 0.4070252 2.824123
-0.03720046 0.4124238 2.804529
-0.03919055 0.07818688 2.883901
-0.04839656 -0.3364688 2.96744
-0.07264798 -0.3557341 2.869142
0.1361149 0.4170535 2.810705
0.1570166 0.08924503 2.888775
0.1820018 -0.3399715 2.96725
0.218125 -0.355511 2.870756
0.03001814 0.9514862 2.857605
-0.1539634 0.3257616 2.792322
-0.2091212 0.3889868 2.782977
0.2607096 0.3393207 2.822202
0.2312386 0.4176264 2.798572
4
0.050061 0.4072613 2.843236
0.03826616 0.7203381 2.855756
0.02759399 1.027902 2.855073
0.0328388 1.160423 2.836861
-0.1610384 0.9260237 2.834725
-0.214488 0.670248 2.830651
-0.1775438 0.4453541 2.797152
-0.1685102 0.3940186 2.790957
0.2216603 0.9306478 2.857495
0.2834507 0.6773121 2.882318
0.2734473 0.4608543 2.836048
0.2634559 0.4070718 2.823066
-0.03721247 0.4126246 2.804449
-0.03913729 0.07888635 2.883217
-0.04838892 -0.336347 2.967515
-0.07235878 -0.3557479 2.86932
0.1361126 0.4170804 2.810718
0.1570472 0.08931608 2.888652
0.1819806 -0.3399288 2.967285
0.2181274 -0.3555129 2.870753
0.03019056 0.9517334 2.857665
-0.1536262 0.3257767 2.792411
-0.209524 0.3892743 2.78245
0.2604987 0.3394877 2.821198
0.2312054 0.4153173 2.795248
5
0.050061 0.4072613 2.843236
0.03826616 0.7203381 2.855756
0.02759399 1.027902 2.855073
0.0328388 1.160423 2.836861
-0.1610384 0.9260237 2.834725
-0.214488 0.670248 2.830651
-0.1775438 0.4453541 2.797152
-0.1685102 0.3940186 2.790957
0.2216603 0.9306478 2.857495
0.2834507 0.6773121 2.882318
0.2734473 0.4608543 2.836048
0.2634559 0.4070718 2.823066
-0.03721247 0.4126246 2.804449
-0.03913729 0.07888635 2.883217
-0.04838892 -0.336347 2.967515
-0.07235878 -0.3557479 2.86932
0.1361126 0.4170804 2.810718
0.1570472 0.08931608 2.888652
0.1819806 -0.3399288 2.967285
0.2181274 -0.3555129 2.870753
0.03019056 0.9517334 2.857665
-0.1536262 0.3257767 2.792411
-0.209524 0.3892743 2.78245
0.2604987 0.3394877 2.821198
0.2312054 0.4153173 2.795248
6
0.05005978 0.4073557 2.843217
0.03836288 0.7205034 2.855781
0.0277985 1.028188 2.855136
0.03313424 1.160838 2.837628
-0.1608587 0.9262642 2.834667
-0.2145046 0.6704996 2.830708
-0.1776222 0.4455731 2.797207
-0.1686386 0.3941882 2.790875
0.2217639 0.930602 2.857474
0.283474 0.6772613 2.8823
0.2734668 0.460778 2.835805
0.2635351 0.407076 2.822567
-0.03722119 0.4128245 2.804363
-0.03916294 0.07910162 2.882927
-0.0483733 -0.3363098 2.967545
-0.07228628 -0.3557611 2.86945
0.1361115 0.4171091 2.810726
0.1570794 0.08939292 2.888513
0.1819636 -0.3398848 2.967314
0.2181287 -0.3555138 2.870753
0.0303681 0.9519863 2.857718
-0.1534981 0.3258128 2.792425
-0.2098591 0.3903182 2.781615
0.2603969 0.3395173 2.820822
0.2311353 0.4148296 2.79403
7
0.05005978 0.4073557 2.843217
0.03836288 0.7205034 2.855781
0.0277985 1.028188 2.855136
0.03313424 1.160838 2.837628
-0.1608587 0.9262642 2.834667
-0.2145046 0.6704996 2.830708
-0.1776222 0.4455731 2.797207
-0.1686386 0.3941882 2.790875
0.2217639 0.930602 2.857474
0.283474 0.6772613 2.8823
0.2734668 0.460778 2.835805
0.2635351 0.407076 2.822567
-0.03722119 0.4128245 2.804363
-0.03916294 0.07910162 2.882927
-0.0483733 -0.3363098 2.967545
-0.07228628 -0.3557611 2.86945
0.1361115 0.4171091 2.810726
0.1570794 0.08939292 2.888513
0.1819636 -0.3398848 2.967314
0.2181287 -0.3555138 2.870753
0.0303681 0.9519863 2.857718
-0.1534981 0.3258128 2.792425
-0.2098591 0.3903182 2.781615
0.2603969 0.3395173 2.820822
0.2311353 0.4148296 2.79403
8
0.05005872 0.4074535 2.843193
0.03845894 0.7206733 2.855801
0.02799534 1.028472 2.855192
0.03339643 1.161188 2.838277
-0.1606809 0.9265066 2.834604
-0.2145142 0.6707233 2.830752
-0.1777075 0.4458618 2.797245
-0.1687053 0.3943873 2.790826
0.221879 0.9305567 2.857441
0.283504 0.6772083 2.882261
0.2734775 0.4607027 2.835547
0.2635441 0.4070589 2.82212
-0.03722864 0.413026 2.804276
-0.03919289 0.07925789 2.882689
-0.04835496 -0.3362334 2.967567
-0.07220557 -0.3557386 2.869512
0.1361106 0.4171392 2.810731
0.1571145 0.089476 2.888344
0.1819485 -0.3398446 2.967342
0.2181293 -0.3555239 2.870758
0.03054051 0.95224 2.857766
-0.1531941 0.3264093 2.79214
-0.2098976 0.3903924 2.781435
0.2604114 0.3396417 2.82031
0.2315887 0.4057428 2.793139
9
0.05005872 0.4074535 2.843193
0.03845894 0.7206733 2.855801
0.02799534 1.028472 2.855192
0.03339643 1.161188 2.838277
-0.1606809 0.9265066 2.834604
-0.2145142 0.6707233 2.830752
-0.1777075 0.4458618 2.797245
-0.1687053 0.3943873 2.790826
0.221879 0.9305567 2.857441
0.283504 0.6772083 2.882261
0.2734775 0.4607027 2.835547
0.2635441 0.4070589 2.82212
-0.03722864 0.413026 2.804276
-0.03919289 0.07925789 2.882689
-0.04835496 -0.3362334 2.967567
-0.07220557 -0.3557386 2.869512
0.1361106 0.4171392 2.810731
0.1571145 0.089476 2.888344
0.1819485 -0.3398446 2.967342
0.2181293 -0.3555239 2.870758
0.03054051 0.95224 2.857766
-0.1531941 0.3264093 2.79214
-0.2098976 0.3903924 2.781435
0.2604114 0.3396417 2.82031
0.2315887 0.4057428 2.793139
10
0.05006249 0.4075664 2.843156
0.03855757 0.7208517 2.85581
0.02817898 1.028743 2.855237
0.03363421 1.161499 2.838826
-0.1604659 0.9268166 2.834541
-0.2145243 0.6710094 2.830789
-0.1777955 0.4462098 2.797267
-0.1687782 0.3944992 2.790747
0.2220056 0.9305187 2.857395
0.2835392 0.6771573 2.882203
0.2735231 0.460633 2.835202
0.2635798 0.4070827 2.821651
-0.03722772 0.4132418 2.804174
-0.0392207 0.07937645 2.882491
-0.0483375 -0.3361633 2.967589
-0.07214106 -0.3557135 2.869574
0.1361122 0.4171778 2.810726
0.157153 0.08959364 2.888126
0.1819337 -0.3398068 2.967366
0.2181383 -0.3555435 2.870766
0.03070454 0.9524879 2.857802
-0.1530789 0.3265015 2.792109
-0.209642 0.3886464 2.781165
0.2602135 0.3400059 2.818938
0.2316596 0.4043202 2.792683
11
0.05006249 0.4075664 2.843156
0.03855757 0.7208517 2.85581
0.02817898 1.028743 2.855237
0.03363421 1.161499 2.838826
-0.1604659 0.9268166 2.834541
-0.2145243 0.6710094 2.830789
-0.1777955 0.4462098 2.797267
-0.1687782 0.3944992 2.790747
0.2220056 0.9305187 2.857395
0.2835392 0.6771573 2.882203
0.2735231 0.460633 2.835202
0.2635798 0.4070827 2.821651
-0.03722772 0.4132418 2.804174
-0.0392207 0.07937645 2.882491
-0.0483375 -0.3361633 2.967589
-0.07214106 -0.3557135 2.869574
0.1361122 0.4171778 2.810726
0.157153 0.08959364 2.888126
0.1819337 -0.3398068 2.967366
0.2181383 -0.3555435 2.870766
0.03070454 0.9524879 2.857802
-0.1530789 0.3265015 2.792109
-0.209642 0.3886464 2.781165
0.2602135 0.3400059 2.818938
0.2316596 0.4043202 2.792683
12
0.05006498 0.4076833 2.843116
0.03865465 0.7210326 2.855816
0.02836016 1.029013 2.855278
0.0338476 1.161757 2.83929
-0.1602487 0.9271334 2.834484
-0.2145289 0.6712961 2.830822
-0.1780028 0.446976 2.797355
-0.168953 0.3947354 2.790663
0.2221364 0.9304838 2.857346
0.2835776 0.6771121 2.882136
0.2735606 0.4605779 2.834858
0.2636259 0.4070513 2.821385
-0.03722766 0.4134594 2.804074
-0.03924515 0.07946713 2.882321
-0.04833009 -0.3364945 2.967689
-0.07136959 -0.3559912 2.870238
0.1361129 0.4172189 2.810718
0.1571872 0.08970054 2.887909
0.1819203 -0.3397655 2.967384
0.2181416 -0.3555594 2.870765
0.03086623 0.9527352 2.857835
-0.1530302 0.3273299 2.791584
-0.2099112 0.3894938 2.780586
0.2602203 0.3401293 2.818512
0.2316419 0.403729 2.792132
13
0.05006498 0.4076833 2.843116
0.03865465 0.7210326 2.855816
0.02836016 1.029013 2.855278
0.0338476 1.161757 2.83929
-0.1602487 0.9271334 2.834484
-0.2145289 0.6712961 2.830822
-0.1780028 0.446976 2.797355
-0.168953 0.3947354 2.790663
0.2221364 0.9304838 2.857346
0.2835776 0.6771121 2.882136
0.2735606 0.4605779 2.834858
0.2636259 0.4070513 2.821385
-0.03722766 0.4134594 2.804074
-0.03924515 0.07946713 2.882321
-0.04833009 -0.3364945 2.967689
-0.07136959 -0.3559912 2.870238
0.1361129 0.4172189 2.810718
0.1571872 0.08970054 2.887909
0.1819203 -0.3397655 2.967384
0.2181416 -0.3555594 2.870765
0.03086623 0.9527352 2.857835
-0.1530302 0.3273299 2.791584
-0.2099112 0.3894938 2.780586
0.2602203 0.3401293 2.818512
0.2316419 0.403729 2.792132
14
0.05006934 0.4077982 2.843069
0.0387443 0.7212062 2.855816
0.02851538 1.029264 2.855309
0.03404707 1.161973 2.839688
-0.1600201 0.9274558 2.83441
-0.214524 0.6715699 2.830848
-0.1781888 0.4477114 2.797437
-0.1690214 0.3950478 2.790586
0.2223026 0.9304277 2.857263
0.2836213 0.6770623 2.882037
0.2735885 0.4605222 2.834499
0.2636833 0.4068002 2.820731
-0.03722463 0.4136645 2.803974
-0.03924597 0.07954215 2.882154
-0.04831845 -0.3366852 2.967667
-0.07134331 -0.3561415 2.870522
0.1361149 0.4172606 2.810704
0.1572176 0.08979276 2.887697
0.1819071 -0.3397232 2.967396
0.2181352 -0.3555754 2.870743
0.03100761 0.9529673 2.857857
-0.1531771 0.3281021 2.791231
-0.2099678 0.3909461 2.780709
0.2599513 0.33966 2.81782
0.2314794 0.4060597 2.791524
15
0.05006934 0.4077982 2.843069
0.0387443 0.7212062 2.855816
0.02851538 1.029264 2.855309
0.03404707 1.161973 2.839688
-0.1600201 0.9274558 2.83441
-0.214524 0.6715699 2.830848
-0.1781888 0.4477114 2.797437
-0.1690214 0.3950478 2.790586
0.2223026 0.9304277 2.857263
0.2836213 0.6770623 2.882037
0.2735885 0.4605222 2.834499
0.2636833 0.4068002 2.820731
-0.03722463 0.4136645 2.803974
-0.03924597 0.07954215 2.882154
-0.04831845 -0.3366852 2.967667
-0.07134331 -0.3561415 2.870522
0.1361149 0.4172606 2.810704
0.1572176 0.08979276 2.887697
0.1819071 -0.3397232 2.967396
0.2181352 -0.3555754 2.870743
0.03100761 0.9529673 2.857857
-0.1531771 0.3281021 2.791231
-0.2099678 0.3909461 2.780709
0.2599513 0.33966 2.81782
0.2314794 0.4060597 2.791524
16
0.05008703 0.4079258 2.843011
0.03885271 0.721391 2.855808
0.02868827 1.029515 2.855337
0.03423844 1.162172 2.840038
-0.1597887 0.9277733 2.834334
-0.21451 0.6718361 2.830873
-0.1784407 0.4496328 2.79779
-0.1690489 0.395454 2.790561
0.2224784 0.9303775 2.857178
0.2836685 0.6770131 2.881908
0.2736163 0.4604728 2.834136
0.2637624 0.406536 2.820196
-0.03720542 0.4138717 2.803864
-0.03926054 0.07955655 2.882047
-0.0482957 -0.3368359 2.967604
-0.07134268 -0.3562499 2.870687
0.1361263 0.4173153 2.810679
0.1572444 0.08987515 2.887499
0.1818952 -0.3396839 2.967408
0.2181303 -0.3555898 2.870725
0.03116742 0.953203 2.857878
-0.1533225 0.3286985 2.791096
-0.209848 0.3916274 2.780407
0.2597383 0.3391027 2.817621
0.2312181 0.4095378 2.791484
17
0.05008703 0.4079258 2.843011
0.03885271 0.721391 2.855808
0.02868827 1.029515 2.855337
0.03423844 1.162172 2.840038
-0.1597887 0.9277733 2.834334
-0.21451 0.6718361 2.830873
-0.1784407 0.4496328 2.79779
-0.1690489 0.395454 2.790561
0.2224784 0.9303775 2.857178
0.2836685 0.6770131 2.881908
0.2736163 0.4604728 2.834136
0.2637624 0.406536 2.820196
-0.03720542 0.4138717 2.803864
-0.03926054 0.07955655 2.882047
-0.0482957 -0.3368359 2.967604
-0.07134268 -0.3562499 2.870687
0.1361263 0.4173153 2.810679
0.1572444 0.08987515 2.887499
0.1818952 -0.3396839 2.967408
0.2181303 -0.3555898 2.870725
0.03116742 0.953203 2.857878
-0.1533225 0.3286985 2.791096
-0.209848 0.3916274 2.780407
0.2597383 0.3391027 2.817621
0.2312181 0.4095378 2.791484
18
0.05009381 0.4080946 2.842908
0.03895404 0.7215825 2.855789
0.02884633 1.029751 2.855363
0.03441576 1.16235 2.840343
-0.1595536 0.9280774 2.834247
-0.2144897 0.6720749 2.830897
-0.1786326 0.4512928 2.798083
-0.1690959 0.395708 2.790512
0.222654 0.9303562 2.857095
0.2837183 0.6769691 2.881752
0.2736432 0.4604344 2.833778
0.2638255 0.4063208 2.819886
-0.03720399 0.4141337 2.803692
-0.03921498 0.07967229 2.881823
-0.04828005 -0.337002 2.967566
-0.07126348 -0.3563933 2.870902
0.1361329 0.417394 2.810627
0.1572679 0.08995533 2.887297
0.1818838 -0.3396589 2.96742
0.2181245 -0.3556175 2.870717
0.03131446 0.9534277 2.857893
-0.1530025 0.3292116 2.790869
-0.209848 0.3918594 2.780305
0.2595198 0.3386271 2.81723
0.2311493 0.4102907 2.791199
19
0.05009381 0.4080946 2.842908
0.03895404 0.7215825 2.855789
0.02884633 1.029751 2.855363
0.03441576 1.16235 2.840343
-0.1595536 0.9280774 2.834247
-0.2144897 0.6720749 2.830897
-0.1786326 0.4512928 2.798083
-0.1690959 0.395708 2.790512
0.222654 0.9303562 2.857095
0.2837183 0.6769691 2.881752
0.2736432 0.4604344 2.833778
0.2638255 0.4063208 2.819886
-0.03720399 0.4141337 2.803692
-0.03921498 0.07967229 2.881823
-0.04828005 -0.337002 2.967566
-0.07126348 -0.3563933 2.870902
0.1361329 0.417394 2.810627
0.1572679 0.08995533 2.887297
0.1818838 -0.3396589 2.96742
0.2181245 -0.3556175 2.870717
0.03131446 0.9534277 2.857893
-0.1530025 0.3292116 2.790869
-0.209848 0.3918594 2.780305
0.2595198 0.3386271 2.81723
0.2311493 0.4102907 2.791199
20
0.05010229 0.4082657 2.842798
0.0390575 0.7217769 2.855763
0.0290049 1.029985 2.855381
0.03458923 1.162536 2.840609
-0.1593425 0.9283503 2.834167
-0.2144559 0.6723056 2.830921
-0.1788056 0.452701 2.798323
-0.1691401 0.3959281 2.790435
0.2228473 0.9303358 2.857003
0.2837777 0.676911 2.881563
0.2736837 0.460383 2.833391
0.263954 0.406143 2.819495
-0.03719912 0.4143882 2.803517
-0.03918118 0.07973105 2.881649
-0.04825746 -0.3371155 2.967526
-0.07116525 -0.3564828 2.871095
0.1361404 0.4174779 2.810568
0.157288 0.0900313 2.887092
0.1818738 -0.3396603 2.967418
0.2181259 -0.3556655 2.870705
0.0314626 0.9536523 2.857901
-0.153824 0.3299949 2.790194
-0.209853 0.3926557 2.780148
0.2593754 0.338149 2.816929
0.2307644 0.4055422 2.787984
21
0.05010229 0.4082657 2.842798
0.0390575 0.7217769 2.855763
0.0290049 1.029985 2.855381
0.03458923 1.162536 2.840609
-0.1593425 0.9283503 2.834167
-0.2144559 0.6723056 2.830921
-0.1788056 0.452701 2.798323
-0.1691401 0.3959281 2.790435
0.2228473 0.9303358 2.857003
0.2837777 0.676911 2.881563
0.2736837 0.460383 2.833391
0.263954 0.406143 2.819495
-0.03719912 0.4143882 2.803517
-0.03918118 0.07973105 2.881649
-0.04825746 -0.3371155 2.967526
-0.07116525 -0.3564828 2.871095
0.1361404 0.4174779 2.810568
0.157288 0.0900313 2.887092
0.1818738 -0.3396603 2.967418
0.2181259 -0.3556655 2.870705
0.0314626 0.9536523 2.857901
-0.153824 0.3299949 2.790194
-0.209853 0.3926557 2.780148
0.2593754 0.338149 2.816929
0.2307644 0.4055422 2.787984
22
0.05013054 0.4084489 2.842676
0.03917062 0.72198 2.855727
0.0291575 1.030213 2.855391
0.03475961 1.162712 2.84086
-0.1591446 0.9285993 2.83409
-0.2144189 0.672517 2.830942
-0.1789978 0.4538434 2.798483
-0.1692836 0.3959745 2.790197
0.2230371 0.9303188 2.856911
0.2838603 0.6768251 2.881307
0.273751 0.4603058 2.833008
0.2641964 0.4060676 2.81903
-0.03717268 0.4146413 2.803349
-0.03916963 0.0797549 2.881513
-0.04822479 -0.3369013 2.967413
-0.07111529 -0.356316 2.87083
0.1361682 0.4175824 2.810479
0.1573162 0.09008654 2.886898
0.1818656 -0.339666 2.967415
0.2181303 -0.3557153 2.870696
0.03160871 0.9538745 2.857901
-0.154908 0.3298416 2.790093
-0.2099969 0.392629 2.779454
0.2601937 0.3377641 2.815267
0.231622 0.3993671 2.787179
23
0.05013054 0.4084489 2.842676
0.03917062 0.72198 2.855727
0.0291575 1.030213 2.855391
0.03475961 1.162712 2.84086
-0.1591446 0.9285993 2.83409
-0.2144189 0.672517 2.830942
-0.1789978 0.4538434 2.798483
-0.1692836 0.3959745 2.790197
0.2230371 0.9303188 2.856911
0.2838603 0.6768251 2.881307
0.273751 0.4603058 2.833008
0.2641964 0.4060676 2.81903
-0.03717268 0.4146413 2.803349
-0.03916963 0.0797549 2.881513
-0.04822479 -0.3369013 2.967413
-0.07111529 -0.356316 2.87083
0.1361682 0.4175824 2.810479
0.1573162 0.09008654 2.886898
0.1818656 -0.339666 2.967415
0.2181303 -0.3557153 2.870696
0.03160871 0.9538745 2.857901
-0.154908 0.3298416 2.790093
-0.2099969 0.392629 2.779454
0.2601937 0.3377641 2.815267
0.231622 0.3993671 2.787179
24
0.05017437 0.4086286 2.842549
0.03929513 0.7221827 2.85569
0.02932149 1.030443 2.85541
0.03491922 1.162883 2.841117
-0.1589707 0.9288151 2.834021
-0.2143752 0.6727053 2.830953
-0.1791637 0.4544794 2.798536
-0.1699026 0.3957372 2.789448
0.2232376 0.9302968 2.856813
0.2839738 0.6766819 2.880973
0.2742411 0.4589402 2.831792
0.2652 0.4047068 2.817608
-0.03712658 0.4148797 2.80319
-0.0391428 0.07978306 2.881375
-0.04820104 -0.3367946 2.967312
-0.0711498 -0.3562256 2.870701
0.1362092 0.4176905 2.810376
0.1573457 0.09013825 2.886704
0.1818583 -0.3396687 2.967406
0.2181353 -0.3557614 2.870679
0.03176578 0.9540977 2.857908
-0.1579677 0.3295051 2.78703
-0.2113569 0.3936436 2.776445
0.2654405 0.3351356 2.81043
0.2316898 0.3978901 2.786603
25
0.05017437 0.4086286 2.842549
0.03929513 0.7221827 2.85569
0.02932149 1.030443 2.85541
0.03491922 1.162883 2.841117
-0.1589707 0.9288151 2.834021
-0.2143752 0.6727053 2.830953
-0.1791637 0.4544794 2.798536
-0.1699026 0.3957372 2.789448
0.2232376 0.9302968 2.856813
0.2839738 0.6766819 2.880973
0.2742411 0.4589402 2.831792
0.2652 0.4047068 2.817608
-0.03712658 0.4148797 2.80319
-0.0391428 0.07978306 2.881375
-0.04820104 -0.3367946 2.967312
-0.0711498 -0.3562256 2.870701
0.1362092 0.4176905 2.810376
0.1573457 0.09013825 2.886704
0.1818583 -0.3396687 2.967406
0.2181353 -0.3557614 2.870679
0.03176578 0.9540977 2.857908
-0.1579677 0.3295051 2.78703
-0.2113569 0.3936436 2.776445
0.2654405 0.3351356 2.81043
0.2316898 0.3978901 2.786603
26
0.05021788 0.4087936 2.842427
0.03941193 0.7223705 2.855655
0.02947333 1.030657 2.855428
0.03508012 1.163055 2.841388
-0.1588061 0.9290076 2.83395
-0.2143419 0.672812 2.830942
-0.1794008 0.4548642 2.798464
-0.171133 0.3949122 2.787208
0.2234552 0.9302343 2.856704
0.28422 0.6762596 2.880317
0.2748961 0.4575729 2.830553
0.2676449 0.402054 2.814364
-0.03707992 0.415098 2.803041
-0.0391142 0.07980765 2.881243
-0.0481853 -0.3367316 2.967197
-0.07119913 -0.3561712 2.870562
0.1362479 0.4177833 2.810275
0.157369 0.0901829 2.88653
0.1818611 -0.3396994 2.967371
0.2181417 -0.3558235 2.870637
0.03191137 0.9543051 2.857913
-0.1628787 0.3272245 2.78277
-0.2136915 0.3960103 2.773811
0.2758774 0.3300182 2.801023
0.2318074 0.396636 2.78604
27
0.05021788 0.4087936 2.842427
0.03941193 0.7223705 2.855655
0.02947333 1.030657 2.855428
0.03508012 1.163055 2.841388
-0.1588061 0.9290076 2.83395
-0.2143419 0.672812 2.830942
-0.1794008 0.4548642 2.798464
-0.171133 0.3949122 2.787208
0.2234552 0.9302343 2.856704
0.28422 0.6762596 2.880317
0.2748961 0.4575729 2.830553
0.2676449 0.402054 2.814364
-0.03707992 0.415098 2.803041
-0.0391142 0.07980765 2.881243
-0.0481853 -0.3367316 2.967197
-0.07119913 -0.3561712 2.870562
0.1362479 0.4177833 2.810275
0.157369 0.0901829 2.88653
0.1818611 -0.3396994 2.967371
0.2181417 -0.3558235 2.870637
0.03191137 0.9543051 2.857913
-0.1628787 0.3272245 2.78277
-0.2136915 0.3960103 2.773811
0.2758774 0.3300182 2.801023
0.2318074 0.396636 2.78604
28
0.05026237 0.408943 2.842309
0.03952716 0.7225466 2.855623
0.02964496 1.030883 2.855472
0.03523826 1.163235 2.841686
-0.1586579 0.9291745 2.83388
-0.2143021 0.6728748 2.830911
-0.1799831 0.4547061 2.797343
-0.1740458 0.3933704 2.777583
0.2236628 0.9301701 2.856602
0.2848119 0.6754715 2.879213
0.2762418 0.4551587 2.828127
0.272591 0.3996557 2.805659
-0.03702987 0.415289 2.802901
-0.03906129 0.07980105 2.881129
-0.04818198 -0.3366301 2.967107
-0.07126248 -0.3560923 2.870395
0.1362864 0.4178696 2.810175
0.1573894 0.09020216 2.886381
0.1818662 -0.3397284 2.967345
0.2181497 -0.3558805 2.870606
0.03206878 0.9545151 2.857935
-0.1680181 0.3261218 2.769288
-0.2169565 0.3953325 2.761573
0.290095 0.3294611 2.773844
0.2337136 0.3874907 2.78272
29
0.05026237 0.408943 2.842309
0.03952716 0.7225466 2.855623
0.02964496 1.030883 2.855472
0.03523826 1.163235 2.841686
-0.1586579 0.9291745 2.83388
-0.2143021 0.6728748 2.830911
-0.1799831 0.4547061 2.797343
-0.1740458 0.3933704 2.777583
0.2236628 0.9301701 2.856602
0.2848119 0.6754715 2.879213
0.2762418 0.4551587 2.828127
0.272591 0.3996557 2.805659
-0.03702987 0.415289 2.802901
-0.03906129 0.07980105 2.881129
-0.04818198 -0.3366301 2.967107
-0.07126248 -0.3560923 2.870395
0.1362864 0.4178696 2.810175
0.1573894 0.09020216 2.886381
0.1818662 -0.3397284 2.967345
0.2181497 -0.3558805 2.870606
0.03206878 0.9545151 2.857935
-0.1680181 0.3261218 2.769288
-0.2169565 0.3953325 2.761573
0.290095 0.3294611 2.773844
0.2337136 0.3874907 2.78272
30
0.05030971 0.4090837 2.842169
0.03963893 0.7227095 2.855591
0.02981991 1.031099 2.855524
0.03541055 1.163437 2.842007
-0.158524 0.9293222 2.833816
-0.2143007 0.6729673 2.830788
-0.1807913 0.454781 2.792052
-0.1758397 0.3952557 2.755876
0.2238698 0.9300961 2.856515
0.2855274 0.6746531 2.878006
0.2776562 0.4543527 2.825055
0.2780304 0.4004765 2.786718
-0.03697815 0.4154513 2.802752
-0.03900847 0.07978649 2.881029
-0.04818058 -0.3365012 2.967017
-0.07138157 -0.3559892 2.870197
0.1363299 0.4179664 2.810033
0.1574172 0.09018096 2.886261
0.1818695 -0.3397558 2.967318
0.2181597 -0.3559307 2.870576
0.03222539 0.9547128 2.85796
-0.1704558 0.3287673 2.743814
-0.2091404 0.3891661 2.724591
0.2956266 0.3333609 2.743037
0.2353276 0.3854503 2.782323
31
0.05030971 0.4090837 2.842169
0.03963893 0.7227095 2.855591
0.02981991 1.031099 2.855524
0.03541055 1.163437 2.842007
-0.158524 0.9293222 2.833816
-0.2143007 0.6729673 2.830788
-0.1807913 0.454781 2.792052
-0.1758397 0.3952557 2.755876
0.2238698 0.9300961 2.856515
0.2855274 0.6746531 2.878006
0.2776562 0.4543527 2.825055
0.2780304 0.4004765 2.786718
-0.03697815 0.4154513 2.802752
-0.03900847 0.07978649 2.881029
-0.04818058 -0.3365012 2.967017
-0.07138157 -0.3559892 2.870197
0.1363299 0.4179664 2.810033
0.1574172 0.09018096 2.886261
0.1818695 -0.3397558 2.967318
0.2181597 -0.3559307 2.870576
0.03222539 0.9547128 2.85796
-0.1704558 0.3287673 2.743814
-0.2091404 0.3891661 2.724591
0.2956266 0.3333609 2.743037
0.2353276 0.3854503 2.782323
32
0.05037336 0.4092173 2.842016
0.03975834 0.7228667 2.85556
0.03000963 1.031317 2.855597
0.03558918 1.163647 2.842347
-0.1583849 0.929472 2.833745
-0.2146681 0.6737525 2.829885
-0.1819472 0.466422 2.759957
-0.1697621 0.4082023 2.717005
0.2240588 0.930027 2.856437
0.2869409 0.6744312 2.876189
0.2798975 0.4611385 2.8012
0.2801877 0.4119031 2.748721
-0.03690965 0.4155966 2.802598
-0.03895088 0.07972917 2.880951
-0.0481806 -0.3364193 2.966942
-0.0715232 -0.3559233 2.870049
0.1363885 0.4180649 2.809871
0.1574466 0.0901669 2.886141
0.1818725 -0.339775 2.967286
0.2181707 -0.3559749 2.870526
0.03239374 0.9549098 2.858
-0.1560438 0.3432188 2.702928
-0.2001211 0.401048 2.685897
0.2888021 0.3486173 2.702466
0.2351062 0.4201475 2.757139
33
0.05037336 0.4092173 2.842016
0.03975834 0.7228667 2.85556
0.03000963 1.031317 2.855597
0.03558918 1.163647 2.842347
-0.1583849 0.929472 2.833745
-0.2146681 0.6737525 2.829885
-0.1819472 0.466422 2.759957
-0.1697621 0.4082023 2.717005
0.2240588 0.930027 2.856437
0.2869409 0.6744312 2.876189
0.2798975 0.4611385 2.8012
0.2801877 0.4119031 2.748721
-0.03690965 0.4155966 2.802598
-0.03895088 0.07972917 2.880951
-0.0481806 -0.3364193 2.966942
-0.0715232 -0.3559233 2.870049
0.1363885 0.4180649 2.809871
0.1574466 0.0901669 2.886141
0.1818725 -0.339775 2.967286
0.2181707 -0.3559749 2.870526
0.03239374 0.9549098 2.858
-0.1560438 0.3432188 2.702928
-0.2001211 0.401048 2.685897
0.2888021 0.3486173 2.702466
0.2351062 0.4201475 2.757139
34
0.05046761 0.4093641 2.841761
0.03987959 0.7230147 2.855524
0.030202 1.031523 2.855685
0.03577536 1.163853 2.842695
-0.1582352 0.9296352 2.833672
-0.2174007 0.6798149 2.825832
-0.1755228 0.4871218 2.729495
-0.1442075 0.4397566 2.677569
0.2242392 0.929956 2.856368
0.2909434 0.6777298 2.871715
0.2769714 0.478781 2.769788
0.2721364 0.4434479 2.706726
-0.03680149 0.4157571 2.802297
-0.03889191 0.07965669 2.880884
-0.04818534 -0.3363486 2.966905
-0.07162212 -0.3558644 2.869994
0.1364695 0.4181727 2.809643
0.1574743 0.09014988 2.886033
0.18187 -0.3397759 2.967272
0.21818 -0.3560038 2.870489
0.0325607 0.955094 2.858045
-0.132786 0.3891412 2.65138
-0.1692578 0.423492 2.630617
0.2737034 0.3891312 2.660639
0.2342838 0.4662239 2.71269
35
0.05046761 0.4093641 2.841761
0.03987959 0.7230147 2.855524
0.030202 1.031523 2.855685
0.03577536 1.163853 2.842695
-0.1582352 0.9296352 2.833672
-0.2174007 0.6798149 2.825832
-0.1755228 0.4871218 2.729495
-0.1442075 0.4397566 2.677569
0.2242392 0.929956 2.856368
0.2909434 0.6777298 2.871715
0.2769714 0.478781 2.769788
0.2721364 0.4434479 2.706726
-0.03680149 0.4157571 2.802297
-0.03889191 0.07965669 2.880884
-0.04818534 -0.3363486 2.966905
-0.07162212 -0.3558644 2.869994
0.1364695 0.4181727 2.809643
0.1574743 0.09014988 2.886033
0.18187 -0.3397759 2.967272
0.21818 -0.3560038 2.870489
0.0325607 0.955094 2.858045
-0.132786 0.3891412 2.65138
-0.1692578 0.423492 2.630617
0.2737034 0.3891312 2.660639
0.2342838 0.4662239 2.71269
36
0.05056989 0.4095055 2.841499
0.03999896 0.7231514 2.855489
0.0303896 1.031707 2.855781
0.03595984 1.164058 2.843035
-0.1580369 0.9298712 2.83359
-0.2233951 0.693608 2.818854
-0.1590908 0.5218946 2.694332
-0.1095517 0.4889469 2.642488
0.2244351 0.9298892 2.856324
0.2975553 0.6856933 2.865639
0.2685488 0.5090749 2.730333
0.2475455 0.4870205 2.6657
-0.03665919 0.4159243 2.801934
-0.03883598 0.07957996 2.880827
-0.04818945 -0.3363736 2.966902
-0.07175978 -0.3558608 2.87017
0.1365501 0.4182744 2.809423
0.1574983 0.09012986 2.885937
0.1818818 -0.3397529 2.967277
0.2181803 -0.3560103 2.870475
0.03272336 0.9552606 2.858097
-0.09339418 0.4599745 2.603863
-0.1063294 0.4436967 2.652744
0.2533619 0.4498197 2.614745
0.2222195 0.4940366 2.641926
37
0.05056989 0.4095055 2.841499
0.03999896 0.7231514 2.855489
0.0303896 1.031707 2.855781
0.03595984 1.164058 2.843035
-0.1580369 0.9298712 2.83359
-0.2233951 0.693608 2.818854
-0.1590908 0.5218946 2.694332
-0.1095517 0.4889469 2.642488
0.2244351 0.9298892 2.856324
0.2975553 0.6856933 2.865639
0.2685488 0.5090749 2.730333
0.2475455 0.4870205 2.6657
-0.03665919 0.4159243 2.801934
-0.03883598 0.07957996 2.880827
-0.04818945 -0.3363736 2.966902
-0.07175978 -0.3558608 2.87017
0.1365501 0.4182744 2.809423
0.1574983 0.09012986 2.885937
0.1818818 -0.3397529 2.967277
0.2181803 -0.3560103 2.870475
0.03272336 0.9552606 2.858097
-0.09339418 0.4599745 2.603863
-0.1063294 0.4436967 2.652744
0.2533619 0.4498197 2.614745
0.2222195 0.4940366 2.641926
38
0.05065515 0.4096519 2.841264
0.04011133 0.7232857 2.855462
0.03056753 1.031881 2.855884
0.03617727 1.164269 2.843458
-0.157723 0.9302342 2.833494
-0.2334292 0.7190883 2.805793
-0.1349583 0.5696718 2.663275
-0.09031363 0.5625871 2.634753
0.2247775 0.9298215 2.856382
0.3135135 0.7108992 2.856513
0.2553934 0.5527753 2.700286
0.2291256 0.556289 2.657516
-0.03652848 0.4161419 2.801564
-0.03879486 0.07951181 2.880794
-0.04818871 -0.3363581 2.966901
-0.07190368 -0.3558173 2.870331
0.1366032 0.4183629 2.809265
0.1575179 0.09011226 2.88585
0.1819005 -0.3397045 2.967296
0.2181739 -0.3559945 2.87047
0.03287817 0.9554194 2.858156
-0.05311587 0.5526076 2.572198
-0.08124039 0.5008224 2.653048
0.2195572 0.5340399 2.586173
0.199517 0.5232871 2.675571
39
0.05065515 0.4096519 2.841264
0.04011133 0.7232857 2.855462
0.03056753 1.031881 2.855884
0.03617727 1.164269 2.843458
-0.157723 0.9302342 2.833494
-0.2334292 0.7190883 2.805793
-0.1349583 0.5696718 2.663275
-0.09031363 0.5625871 2.634753
0.2247775 0.9298215 2.856382
0.3135135 0.7108992 2.856513
0.2553934 0.5527753 2.700286
0.2291256 0.556289 2.657516
-0.03652848 0.4161419 2.801564
-0.03879486 0.07951181 2.880794
-0.04818871 -0.3363581 2.966901
-0.07190368 -0.3558173 2.870331
0.1366032 0.4183629 2.809265
0.1575179 0.09011226 2.88585
0.1819005 -0.3397045 2.967296
0.2181739 -0.3559945 2.87047
0.03287817 0.9554194 2.858156
-0.05311587 0.5526076 2.572198
-0.08124039 0.5008224 2.653048
0.2195572 0.5340399 2.586173
0.199517 0.5232871 2.675571
40
0.0507245 0.4098054 2.841054
0.04021801 0.7234215 2.855449
0.03075317 1.032055 2.856037
0.03641665 1.164459 2.843965
-0.1572851 0.9307294 2.833365
-0.2396278 0.7321513 2.797325
-0.1043946 0.6221229 2.638844
-0.06756791 0.6359288 2.637915
0.2252811 0.9297462 2.85656
0.3251716 0.7274905 2.846888
0.2359262 0.601999 2.669105
0.1847016 0.6176919 2.651359
-0.03641886 0.4164281 2.80116
-0.03877334 0.07950035 2.880758
-0.048175 -0.3362562 2.966926
-0.07203732 -0.3556867 2.870572
0.1366386 0.4184386 2.809162
0.1575323 0.09009234 2.885768
0.1819183 -0.3396176 2.967295
0.2181469 -0.3559395 2.87043
0.03303653 0.9555807 2.858251
-0.02265897 0.653335 2.556417
-0.03079756 0.5790708 2.663664
0.167829 0.6392998 2.573305
0.1549096 0.6049829 2.655639
41
0.0507245 0.4098054 2.841054
0.04021801 0.7234215 2.855449
0.03075317 1.032055 2.856037
0.03641665 1.164459 2.843965
-0.1572851 0.9307294 2.833365
-0.2396278 0.7321513 2.797325
-0.1043946 0.6221229 2.638844
-0.06756791 0.6359288 2.637915
0.2252811 0.9297462 2.85656
0.3251716 0.7274905 2.846888
0.2359262 0.601999 2.669105
0.1847016 0.6176919 2.651359
-0.03641886 0.4164281 2.80116
-0.03877334 0.07950035 2.880758
-0.048175 -0.3362562 2.966926
-0.07203732 -0.3556867 2.870572
0.1366386 0.4184386 2.809162
0.1575323 0.09009234 2.885768
0.1819183 -0.3396176 2.967295
0.2181469 -0.3559395 2.87043
0.03303653 0.9555807 2.858251
-0.02265897 0.653335 2.556417
-0.03079756 0.5790708 2.663664
0.167829 0.6392998 2.573305
0.1549096 0.6049829 2.655639
42
0.05077125 0.4099828 2.840903
0.04033301 0.7235868 2.85548
0.03098355 1.032255 2.856295
0.03665302 1.164625 2.84455
-0.1566941 0.9314024 2.833195
-0.2463315 0.7428655 2.786343
-0.07136235 0.6895297 2.623063
-0.03804266 0.7126613 2.631998
0.225771 0.9296895 2.856786
0.3360525 0.7395243 2.835286
0.1979637 0.6777111 2.645484
0.1452716 0.6914334 2.655883
-0.03634058 0.416787 2.800815
-0.03875851 0.07949319 2.880732
-0.04815177 -0.3361037 2.966972
-0.07216571 -0.3555159 2.870808
0.1366593 0.418516 2.809108
0.1575344 0.09008186 2.88569
0.181927 -0.3395512 2.967299
0.2181368 -0.3559024 2.870393
0.03323063 0.9557731 2.858434
-0.006501124 0.7436582 2.55477
0.01557074 0.7052676 2.653619
0.1208952 0.7384341 2.587928
0.1135429 0.6746251 2.668492
43
0.05077125 0.4099828 2.840903
0.04033301 0.7235868 2.85548
0.03098355 1.032255 2.856295
0.03665302 1.164625 2.84455
-0.1566941 0.9314024 2.833195
-0.2463315 0.7428655 2.786343
-0.07136235 0.6895297 2.623063
-0.03804266 0.7126613 2.631998
0.225771 0.9296895 2.856786
0.3360525 0.7395243 2.835286
0.1979637 0.6777111 2.645484
0.1452716 0.6914334 2.655883
-0.03634058 0.416787 2.800815
-0.03875851 0.07949319 2.880732
-0.04815177 -0.3361037 2.966972
-0.07216571 -0.3555159 2.870808
0.1366593 0.418516 2.809108
0.1575344 0.09008186 2.88569
0.181927 -0.3395512 2.967299
0.2181368 -0.3559024 2.870393
0.03323063 0.9557731 2.858434
-0.006501124 0.7436582 2.55477
0.01557074 0.7052676 2.653619
0.1208952 0.7384341 2.587928
0.1135429 0.6746251 2.668492
44
0.05077672 0.410273 2.84085
0.04047006 0.7238526 2.855648
0.03129807 1.032523 2.856812
0.03688833 1.164829 2.84528
-0.1558088 0.9323744 2.83302
-0.2509008 0.7514587 2.772364
-0.04725458 0.7390278 2.617992
-0.008142505 0.7887666 2.621678
0.2261712 0.9297158 2.857025
0.3499558 0.7528042 2.815484
0.1755701 0.7165442 2.638743
0.1293737 0.7260525 2.663316
-0.03629756 0.41727 2.800585
-0.03875111 0.0794891 2.880717
-0.04813399 -0.3360056 2.967005
-0.07219079 -0.3554084 2.870961
0.136623 0.4187025 2.809187
0.1575306 0.09007718 2.885639
0.181935 -0.3394917 2.9673
0.2181324 -0.3558635 2.87036
0.03349387 0.9560481 2.858846
0.0155283 0.8346669 2.568418
0.03641118 0.793664 2.659964
0.1189982 0.7726893 2.611756
0.1014544 0.6997189 2.684906
45
0.05077672 0.410273 2.84085
0.04047006 0.7238526 2.855648
0.03129807 1.032523 2.856812
0.03688833 1.164829 2.84528
-0.1558088 0.9323744 2.83302
-0.2509008 0.7514587 2.772364
-0.04725458 0.7390278 2.617992
-0.008142505 0.7887666 2.621678
0.2261712 0.9297158 2.857025
0.3499558 0.7528042 2.815484
0.1755701 0.7165442 2.638743
0.1293737 0.7260525 2.663316
-0.03629756 0.41727 2.800585
-0.03875111 0.0794891 2.880717
-0.04813399 -0.3360056 2.967005
-0.07219079 -0.3554084 2.870961
0.136623 0.4187025 2.809187
0.1575306 0.09007718 2.885639
0.181935 -0.3394917 2.9673
0.2181324 -0.3558635 2.87036
0.03349387 0.9560481 2.858846
0.0155283 0.8346669 2.568418
0.03641118 0.793664 2.659964
0.1189982 0.7726893 2.611756
0.1014544 0.6997189 2.684906
46
0.05071649 0.410741 2.840903
0.04059158 0.7241787 2.855906
0.03159219 1.032779 2.857409
0.03710865 1.165053 2.846177
-0.1542783 0.9339721 2.832672
-0.2515909 0.7600984 2.751521
-0.02915803 0.7974432 2.618241
-0.001974595 0.8223424 2.623844
0.2264187 0.9299033 2.857258
0.3581124 0.7651401 2.789705
0.1518847 0.7818775 2.635781
0.1140213 0.7776579 2.661426
-0.03630648 0.4179479 2.800444
-0.03874359 0.07948942 2.88071
-0.04810948 -0.3359203 2.967049
-0.07222236 -0.3553238 2.871075
0.1364973 0.4190325 2.809424
0.157526 0.0900894 2.885593
0.1819384 -0.3394403 2.9673
0.218132 -0.3558303 2.870326
0.03374116 0.9563279 2.859341
0.01692662 0.8685316 2.592216
0.03086217 0.8360758 2.667427
0.09672669 0.8435725 2.603223
0.08004307 0.7882406 2.677723
47
0.05071649 0.410741 2.840903
0.04059158 0.7241787 2.855906
0.03159219 1.032779 2.857409
0.03710865 1.165053 2.846177
-0.1542783 0.9339721 2.832672
-0.2515909 0.7600984 2.751521
-0.02915803 0.7974432 2.618241
-0.001974595 0.8223424 2.623844
0.2264187 0.9299033 2.857258
0.3581124 0.7651401 2.789705
0.1518847 0.7818775 2.635781
0.1140213 0.7776579 2.661426
-0.03630648 0.4179479 2.800444
-0.03874359 0.07948942 2.88071
-0.04810948 -0.3359203 2.967049
-0.07222236 -0.3553238 2.871075
0.1364973 0.4190325 2.809424
0.157526 0.0900894 2.885593
0.1819384 -0.3394403 2.9673
0.218132 -0.3558303 2.870326
0.03374116 0.9563279 2.859341
0.01692662 0.8685316 2.592216
0.03086217 0.8360758 2.667427
0.09672669 0.8435725 2.603223
0.08004307 0.7882406 2.677723
48
0.05060853 0.4112914 2.841018
0.04070991 0.7245992 2.856287
0.03194872 1.033133 2.858287
0.03729223 1.165283 2.847073
-0.1522325 0.9367325 2.832129
-0.2496442 0.7678019 2.733906
-0.02184585 0.8162627 2.618379
0.004572983 0.8525652 2.62375
0.226438 0.930293 2.857446
0.358937 0.7745323 2.766038
0.1383563 0.8082989 2.634362
0.1121795 0.8070672 2.662659
-0.03635474 0.4186657 2.800386
-0.03874367 0.0795005 2.880717
-0.04807739 -0.335687 2.967081
-0.07231291 -0.3551087 2.871094
0.1363151 0.4194431 2.809721
0.1575195 0.09013795 2.885537
0.1819391 -0.3393883 2.967313
0.2181341 -0.355802 2.870293
0.03403194 0.9567096 2.860073
0.02062359 0.8853793 2.596957
0.007059042 0.848473 2.680209
0.09547931 0.8502932 2.611158
0.0960061 0.8024614 2.691737
49
0.05060853 0.4112914 2.841018
0.04070991 0.7245992 2.856287
0.03194872 1.033133 2.858287
0.03729223 1.165283 2.847073
-0.1522325 0.9367325 2.832129
-0.2496442 0.7678019 2.733906
-0.02184585 0.8162627 2.618379
0.004572983 0.8525652 2.62375
0.226438 0.930293 2.857446
0.358937 0.7745323 2.766038
0.1383563 0.8082989 2.634362
0.1121795 0.8070672 2.662659
-0.03635474 0.4186657 2.800386
-0.03874367 0.0795005 2.880717
-0.04807739 -0.335687 2.967081
-0.07231291 -0.3551087 2.871094
0.1363151 0.4194431 2.809721
0.1575195 0.09013795 2.885537
0.1819391 -0.3393883 2.967313
0.2181341 -0.355802 2.870293
0.03403194 0.9567096 2.860073
0.02062359 0.8853793 2.596957
0.007059042 0.848473 2.680209
0.09547931 0.8502932 2.611158
0.0960061 0.8024614 2.691737
50
0.05047755 0.4117856 2.841127
0.04080741 0.7249956 2.856657
0.03226497 1.033479 2.859137
0.03745256 1.165506 2.848093
-0.1502917 0.9393055 2.830979
-0.2434751 0.7738351 2.714522
-0.01324031 0.8356576 2.616384
0.002471101 0.867757 2.627579
0.2254233 0.9309851 2.856734
0.3504138 0.7823982 2.736651
0.1256666 0.8323668 2.633066
0.1092909 0.8296098 2.660716
-0.03643576 0.4192847 2.800351
-0.03874537 0.07951745 2.880726
-0.04805297 -0.3354984 2.967097
-0.07232805 -0.3549389 2.871069
0.1361202 0.4198131 2.809984
0.1575108 0.09024682 2.885453
0.1819543 -0.3392996 2.967266
0.2181141 -0.3557321 2.870187
0.03428845 0.9570759 2.860783
0.0296058 0.9094887 2.601665
-0.0009497507 0.8384982 2.681281
0.08198074 0.8815701 2.614819
0.08253155 0.8398857 2.687496
51
0.05047755 0.4117856 2.841127
0.04080741 0.7249956 2.856657
0.03226497 1.033479 2.859137
0.03745256 1.165506 2.848093
-0.1502917 0.9393055 2.830979
-0.2434751 0.7738351 2.714522
-0.01324031 0.8356576 2.616384
0.002471101 0.867757 2.627579
0.2254233 0.9309851 2.856734
0.3504138 0.7823982 2.736651
0.1256666 0.8323668 2.633066
0.1092909 0.8296098 2.660716
-0.03643576 0.4192847 2.800351
-0.03874537 0.07951745 2.880726
-0.04805297 -0.3354984 2.967097
-0.07232805 -0.3549389 2.871069
0.1361202 0.4198131 2.809984
0.1575108 0.09024682 2.885453
0.1819543 -0.3392996 2.967266
0.2181141 -0.3557321 2.870187
0.03428845 0.9570759 2.860783
0.0296058 0.9094887 2.601665
-0.0009497507 0.8384982 2.681281
0.08198074 0.8815701 2.614819
0.08253155 0.8398857 2.687496
52
0.05028426 0.4122123 2.841292
0.04086456 0.7254146 2.857107
0.03256454 1.033953 2.860142
0.03749562 1.16582 2.850126
-0.1486629 0.9416239 2.829995
-0.2379837 0.7776356 2.702115
-0.009082767 0.8535976 2.624573
0.003612294 0.880415 2.630604
0.2238655 0.9317334 2.85555
0.3455373 0.7857541 2.722939
0.118407 0.8456399 2.632684
0.1084568 0.8453138 2.660596
-0.03660016 0.4197918 2.800411
-0.03875238 0.07955597 2.880752
-0.04802875 -0.3353163 2.967161
-0.0723445 -0.354788 2.871062
0.1358837 0.4201366 2.810279
0.1575027 0.09035477 2.885409
0.1819664 -0.3392437 2.96724
0.2180995 -0.3556896 2.870099
0.03452138 0.9575368 2.86163
0.05899875 0.9423903 2.628006
-0.002620214 0.8651627 2.685966
0.07839177 0.8886622 2.626636
0.1088565 0.8506825 2.676287
53
0.05028426 0.4122123 2.841292
0.04086456 0.7254146 2.857107
0.03256454 1.033953 2.860142
0.03749562 1.16582 2.850126
-0.1486629 0.9416239 2.829995
-0.2379837 0.7776356 2.702115
-0.009082767 0.8535976 2.624573
0.003612294 0.880415 2.630604
0.2238655 0.9317334 2.85555
0.3455373 0.7857541 2.722939
0.118407 0.8456399 2.632684
0.1084568 0.8453138 2.660596
-0.03660016 0.4197918 2.800411
-0.03875238 0.07955597 2.880752
-0.04802875 -0.3353163 2.967161
-0.0723445 -0.354788 2.871062
0.1358837 0.4201366 2.810279
0.1575027 0.09035477 2.885409
0.1819664 -0.3392437 2.96724
0.2180995 -0.3556896 2.870099
0.03452138 0.9575368 2.86163
0.05899875 0.9423903 2.628006
-0.002620214 0.8651627 2.685966
0.07839177 0.8886622 2.626636
0.1088565 0.8506825 2.676287
54
0.05006193 0.412563 2.841464
0.04090277 0.7257953 2.857517
0.03283672 1.034452 2.860958
0.03747348 1.166138 2.85211
-0.1479038 0.9429098 2.829261
-0.2313768 0.7796947 2.690563
-0.005662607 0.8639451 2.630417
0.006001556 0.8898609 2.632739
0.2219653 0.9325157 2.854007
0.3401735 0.7875177 2.713272
0.1127475 0.8542615 2.634119
0.1090282 0.856289 2.660737
-0.0368234 0.4201803 2.800507
-0.03876034 0.07959844 2.880781
-0.04801447 -0.3354725 2.967027
-0.07257932 -0.354935 2.870726
0.1356452 0.4204124 2.810554
0.1574958 0.0904601 2.885374
0.1819822 -0.3392039 2.96721
0.2180918 -0.3556565 2.870024
0.03472608 0.9579957 2.862345
0.06878174 0.948469 2.633229
0.03573267 0.8784075 2.654933
0.0780078 0.8939847 2.632546
0.1109043 0.854072 2.682127
55
0.05006193 0.412563 2.841464
0.04090277 0.7257953 2.857517
0.03283672 1.034452 2.860958
0.03747348 1.166138 2.85211
-0.1479038 0.9429098 2.829261
-0.2313768 0.7796947 2.690563
-0.005662607 0.8639451 2.630417
0.006001556 0.8898609 2.632739
0.2219653 0.9325157 2.854007
0.3401735 0.7875177 2.713272
0.1127475 0.8542615 2.634119
0.1090282 0.856289 2.660737
-0.0368234 0.4201803 2.800507
-0.03876034 0.07959844 2.880781
-0.04801447 -0.3354725 2.967027
-0.07257932 -0.354935 2.870726
0.1356452 0.4204124 2.810554
0.1574958 0.0904601 2.885374
0.1819822 -0.3392039 2.96721
0.2180918 -0.3556565 2.870024
0.03472608 0.9579957 2.862345
0.06878174 0.948469 2.633229
0.03573267 0.8784075 2.654933
0.0780078 0.8939847 2.632546
0.1109043 0.854072 2.682127
56
0.04981778 0.4128821 2.841657
0.04091345 0.7261876 2.857925
0.03306488 1.035018 2.861691
0.03732591 1.166541 2.854193
-0.1471682 0.9443957 2.828195
-0.2254721 0.7811403 2.682706
-0.003130984 0.8706481 2.634734
0.008404177 0.8965022 2.634537
0.2200155 0.9341684 2.852394
0.3327579 0.7888013 2.706231
0.1074945 0.8596476 2.636999
0.08073607 0.8765624 2.654076
-0.03707477 0.420519 2.800644
-0.03876681 0.07964895 2.880812
-0.0480152 -0.3354659 2.966997
-0.07272389 -0.3549315 2.870588
0.1353956 0.4206674 2.810829
0.1574883 0.09056449 2.885348
0.1819948 -0.3391784 2.967189
0.2180909 -0.3556329 2.869979
0.03489302 0.9585069 2.863005
0.08107281 0.9327672 2.635468
0.07087554 0.8878338 2.622996
0.01605985 0.8862311 2.637436
0.05610975 0.8659346 2.648289
57
0.04981778 0.4128821 2.841657
0.04091345 0.7261876 2.857925
0.03306488 1.035018 2.861691
0.03732591 1.166541 2.854193
-0.1471682 0.9443957 2.828195
-0.2254721 0.7811403 2.682706
-0.003130984 0.8706481 2.634734
0.008404177 0.8965022 2.634537
0.2200155 0.9341684 2.852394
0.3327579 0.7888013 2.706231
0.1074945 0.8596476 2.636999
0.08073607 0.8765624 2.654076
-0.03707477 0.420519 2.800644
-0.03876681 0.07964895 2.880812
-0.0480152 -0.3354659 2.966997
-0.07272389 -0.3549315 2.870588
0.1353956 0.4206674 2.810829
0.1574883 0.09056449 2.885348
0.1819948 -0.3391784 2.967189
0.2180909 -0.3556329 2.869979
0.03489302 0.9585069 2.863005
0.08107281 0.9327672 2.635468
0.07087554 0.8878338 2.622996
0.01605985 0.8862311 2.637436
0.05610975 0.8659346 2.648289
58
0.04956682 0.4131849 2.841851
0.04090172 0.7266225 2.858314
0.03325822 1.035676 2.862321
0.03707425 1.166965 2.85599
-0.1463218 0.9462885 2.826689
-0.2212328 0.7827226 2.677249
-0.001676883 0.8760582 2.63655
0.01488467 0.9032903 2.636427
0.2183414 0.9362974 2.850819
0.3269619 0.7895886 2.702558
0.1041019 0.8624359 2.639918
0.06455635 0.8880404 2.65059
-0.0373539 0.4208356 2.800817
-0.03877143 0.07975176 2.880841
-0.04801723 -0.3354995 2.966974
-0.07293519 -0.3549513 2.87052
0.1351554 0.4209155 2.811075
0.1574799 0.09066994 2.885326
0.1820092 -0.3391502 2.96717
0.2180891 -0.355606 2.869935
0.03503069 0.9590994 2.863588
0.08534126 0.9300097 2.636262
0.08191466 0.8908205 2.615483
-0.0214129 0.8825368 2.639032
0.01817708 0.8731306 2.627898
59
0.04956682 0.4131849 2.841851
0.04090172 0.7266225 2.858314
0.03325822 1.035676 2.862321
0.03707425 1.166965 2.85599
-0.1463218 0.9462885 2.826689
-0.2212328 0.7827226 2.677249
-0.001676883 0.8760582 2.63655
0.01488467 0.9032903 2.636427
0.2183414 0.9362974 2.850819
0.3269619 0.7895886 2.702558
0.1041019 0.8624359 2.639918
0.06455635 0.8880404 2.65059
-0.0373539 0.4208356 2.800817
-0.03877143 0.07975176 2.880841
-0.04801723 -0.3354995 2.966974
-0.07293519 -0.3549513 2.87052
0.1351554 0.4209155 2.811075
0.1574799 0.09066994 2.885326
0.1820092 -0.3391502 2.96717
0.2180891 -0.355606 2.869935
0.03503069 0.9590994 2.863588
0.08534126 0.9300097 2.636262
0.08191466 0.8908205 2.615483
-0.0214129 0.8825368 2.639032
0.01817708 0.8731306 2.627898
60
0.04928758 0.4134155 2.842029
0.04065656 0.7269368 2.858557
0.03244513 1.03617 2.862391
0.03675382 1.167361 2.857549
-0.146001 0.9472969 2.825663
-0.217151 0.7841622 2.671953
-0.0006214365 0.8797087 2.638569
0.02268983 0.9081238 2.638994
0.2168717 0.9379377 2.849375
0.3222691 0.7897889 2.700465
0.1051177 0.8725244 2.6494
0.06441527 0.8937675 2.649737
-0.03770775 0.4210662 2.801009
-0.03874447 0.07988858 2.880862
-0.04802829 -0.3356214 2.96697
-0.07319836 -0.3550347 2.870578
0.1349184 0.4211042 2.811278
0.1574676 0.09078427 2.885302
0.1820238 -0.3391237 2.967151
0.2180881 -0.3555802 2.869895
0.03447404 0.9595314 2.863774
0.09218046 0.9196056 2.640481
0.08674677 0.8896488 2.615492
0.02811183 0.9001731 2.633873
0.02972586 0.8846722 2.623105
61
0.04928758 0.4134155 2.842029
0.04065656 0.7269368 2.858557
0.03244513 1.03617 2.862391
0.03675382 1.167361 2.857549
-0.146001 0.9472969 2.825663
-0.217151 0.7841622 2.671953
-0.0006214365 0.8797087 2.638569
0.02268983 0.9081238 2.638994
0.2168717 0.9379377 2.849375
0.3222691 0.7897889 2.700465
0.1051177 0.8725244 2.6494
0.06441527 0.8937675 2.649737
-0.03770775 0.4210662 2.801009
-0.03874447 0.07988858 2.880862
-0.04802829 -0.3356214 2.96697
-0.07319836 -0.3550347 2.870578
0.1349184 0.4211042 2.811278
0.1574676 0.09078427 2.885302
0.1820238 -0.3391237 2.967151
0.2180881 -0.3555802 2.869895
0.03447404 0.9595314 2.863774
0.09218046 0.9196056 2.640481
0.08674677 0.8896488 2.615492
0.02811183 0.9001731 2.633873
0.02972586 0.8846722 2.623105
62
0.04899677 0.4136315 2.842221
0.04019559 0.727272 2.858757
0.03069539 1.036678 2.862054
0.03642254 1.167745 2.858792
-0.1458693 0.947917 2.824866
-0.2137682 0.7850905 2.66791
5.874399E-05 0.8820499 2.640492
0.02856146 0.9114618 2.641047
0.2155054 0.9401324 2.848127
0.318143 0.7899985 2.700454
0.1054822 0.8780028 2.654268
0.06795605 0.8964566 2.650109
-0.03807836 0.4212657 2.801237
-0.03859723 0.08049066 2.880749
-0.04805469 -0.3356859 2.966971
-0.07339153 -0.3550718 2.870619
0.1346767 0.4212925 2.811477
0.157455 0.09090561 2.88528
0.1820333 -0.3391133 2.967142
0.2180915 -0.3555685 2.869877
0.03321884 0.9599986 2.863694
0.09409267 0.9161708 2.641689
0.09063576 0.8876671 2.618506
0.04186914 0.9054914 2.636789
0.08079094 0.8887292 2.632915
63
0.04899677 0.4136315 2.842221
0.04019559 0.727272 2.858757
0.03069539 1.036678 2.862054
0.03642254 1.167745 2.858792
-0.1458693 0.947917 2.824866
-0.2137682 0.7850905 2.66791
5.874399E-05 0.8820499 2.640492
0.02856146 0.9114618 2.641047
0.2155054 0.9401324 2.848127
0.318143 0.7899985 2.700454
0.1054822 0.8780028 2.654268
0.06795605 0.8964566 2.650109
-0.03807836 0.4212657 2.801237
-0.03859723 0.08049066 2.880749
-0.04805469 -0.3356859 2.966971
-0.07339153 -0.3550718 2.870619
0.1346767 0.4212925 2.811477
0.157455 0.09090561 2.88528
0.1820333 -0.3391133 2.967142
0.2180915 -0.3555685 2.869877
0.03321884 0.9599986 2.863694
0.09409267 0.9161708 2.641689
0.09063576 0.8876671 2.618506
0.04186914 0.9054914 2.636789
0.08079094 0.8887292 2.632915
64
0.04865975 0.4138148 2.842444
0.03952196 0.7275727 2.858905
0.02859022 1.037058 2.861462
0.03606819 1.1681 2.859751
-0.1456029 0.9487746 2.823647
-0.2115501 0.7858581 2.665354
-0.001014971 0.88541 2.643444
0.03179554 0.9149134 2.643214
0.2143924 0.9416384 2.847135
0.3152668 0.7899254 2.701082
0.106022 0.8813682 2.657331
0.07388254 0.8968967 2.650925
-0.03851931 0.4214232 2.801528
-0.03839301 0.08121878 2.880616
-0.04809299 -0.3358321 2.966993
-0.07338001 -0.3551806 2.870735
0.1344139 0.4214529 2.811677
0.1574415 0.09099679 2.885274
0.1820439 -0.3391136 2.967134
0.2180973 -0.3555629 2.86987
0.03159405 0.9603743 2.863401
0.08558721 0.9321325 2.64242
0.0864967 0.8923413 2.623657
0.05823692 0.9121294 2.634267
0.1065809 0.8897499 2.638639
65
0.04865975 0.4138148 2.842444
0.03952196 0.7275727 2.858905
0.02859022 1.037058 2.861462
0.03606819 1.1681 2.859751
-0.1456029 0.9487746 2.823647
-0.2115501 0.7858581 2.665354
-0.001014971 0.88541 2.643444
0.03179554 0.9149134 2.643214
0.2143924 0.9416384 2.847135
0.3152668 0.7899254 2.701082
0.106022 0.8813682 2.657331
0.07388254 0.8968967 2.650925
-0.03851931 0.4214232 2.801528
-0.03839301 0.08121878 2.880616
-0.04809299 -0.3358321 2.966993
-0.07338001 -0.3551806 2.870735
0.1344139 0.4214529 2.811677
0.1574415 0.09099679 2.885274
0.1820439 -0.3391136 2.967134
0.2180973 -0.3555629 2.86987
0.03159405 0.9603743 2.863401
0.08558721 0.9321325 2.64242
0.0864967 0.8923413 2.623657
0.05823692 0.9121294 2.634267
0.1065809 0.8897499 2.638639
66
0.04831592 0.4139712 2.84267
0.03869727 0.7278306 2.858982
0.02629819 1.037284 2.860644
0.03568816 1.168424 2.860495
-0.1451393 0.9496779 2.822356
-0.2099745 0.7864944 2.663608
-0.001405028 0.8872851 2.64447
0.03454629 0.917037 2.644422
0.2135195 0.9426906 2.846326
0.3133575 0.7896164 2.702187
0.1065664 0.8820109 2.659288
0.07138961 0.8998771 2.650677
-0.03896737 0.4215482 2.801835
-0.0381077 0.08211489 2.880434
-0.04814379 -0.3360653 2.96705
-0.07326276 -0.3553366 2.871098
0.1341518 0.4215926 2.811866
0.1574254 0.09111378 2.885263
0.1820546 -0.3391151 2.967126
0.2181026 -0.3555581 2.869865
0.02973901 0.9606332 2.862905
0.08431029 0.9339328 2.642224
0.08729835 0.8930132 2.624502
0.02559616 0.9072621 2.638505
0.06773307 0.8885013 2.642391
67
0.04831592 0.4139712 2.84267
0.03869727 0.7278306 2.858982
0.02629819 1.037284 2.860644
0.03568816 1.168424 2.860495
-0.1451393 0.9496779 2.822356
-0.2099745 0.7864944 2.663608
-0.001405028 0.8872851 2.64447
0.03454629 0.917037 2.644422
0.2135195 0.9426906 2.846326
0.3133575 0.7896164 2.702187
0.1065664 0.8820109 2.659288
0.07138961 0.8998771 2.650677
-0.03896737 0.4215482 2.801835
-0.0381077 0.08211489 2.880434
-0.04814379 -0.3360653 2.96705
-0.07326276 -0.3553366 2.871098
0.1341518 0.4215926 2.811866
0.1574254 0.09111378 2.885263
0.1820546 -0.3391151 2.967126
0.2181026 -0.3555581 2.869865
0.02973901 0.9606332 2.862905
0.08431029 0.9339328 2.642224
0.08729835 0.8930132 2.624502
0.02559616 0.9072621 2.638505
0.06773307 0.8885013 2.642391
68
0.04797127 0.4140975 2.842894
0.03782109 0.7280397 2.859008
0.02423967 1.037417 2.859838
0.03529248 1.168722 2.861104
-0.1446685 0.9504625 2.821194
-0.208826 0.7869967 2.6624
-0.002218959 0.888452 2.646632
0.03610282 0.9184508 2.645715
0.2128489 0.9434411 2.845702
0.3120108 0.7892601 2.703248
0.1072918 0.8828549 2.660469
0.08423822 0.8942916 2.653469
-0.03942664 0.4216391 2.802162
-0.03779571 0.08302806 2.880258
-0.0481905 -0.3360353 2.967019
-0.07319108 -0.3553421 2.87077
0.133898 0.4217074 2.812037
0.1574112 0.09122217 2.885258
0.1821075 -0.3398921 2.967278
0.2183302 -0.3560913 2.871224
0.02798772 0.960807 2.862365
0.08102069 0.9388048 2.641578
0.0840179 0.8951788 2.627366
0.05005763 0.906244 2.637112
0.1063041 0.8869535 2.651242
69
0.04797127 0.4140975 2.842894
0.03782109 0.7280397 2.859008
0.02423967 1.037417 2.859838
0.03529248 1.168722 2.861104
-0.1446685 0.9504625 2.821194
-0.208826 0.7869967 2.6624
-0.002218959 0.888452 2.646632
0.03610282 0.9184508 2.645715
0.2128489 0.9434411 2.845702
0.3120108 0.7892601 2.703248
0.1072918 0.8828549 2.660469
0.08423822 0.8942916 2.653469
-0.03942664 0.4216391 2.802162
-0.03779571 0.08302806 2.880258
-0.0481905 -0.3360353 2.967019
-0.07319108 -0.3553421 2.87077
0.133898 0.4217074 2.812037
0.1574112 0.09122217 2.885258
0.1821075 -0.3398921 2.967278
0.2183302 -0.3560913 2.871224
0.02798772 0.960807 2.862365
0.08102069 0.9388048 2.641578
0.0840179 0.8951788 2.627366
0.05005763 0.906244 2.637112
0.1063041 0.8869535 2.651242
70
0.0476278 0.4141777 2.843133
0.03698203 0.7281927 2.859005
0.02252751 1.037488 2.859121
0.03489529 1.168997 2.861564
-0.144697 0.9506869 2.820546
-0.208016 0.7872782 2.661439
-0.003173119 0.8890461 2.648438
0.0371808 0.9194293 2.646541
0.2122972 0.9439541 2.845167
0.3111313 0.7887993 2.704283
0.1081567 0.8830505 2.661219
0.09159943 0.8906512 2.655358
-0.03990282 0.421657 2.802544
-0.03759472 0.08317491 2.880451
-0.04823737 -0.3366913 2.967112
-0.07265705 -0.3558622 2.871231
0.1336576 0.421794 2.8122
0.1573971 0.09132404 2.885251
0.1821363 -0.3401884 2.967347
0.2184087 -0.3562839 2.871817
0.02647498 0.9609138 2.861855
0.07870896 0.9420367 2.641527
0.08251803 0.8959786 2.627901
0.05902883 0.9060912 2.637367
0.1138752 0.8794589 2.653033
71
0.0476278 0.4141777 2.843133
0.03698203 0.7281927 2.859005
0.02252751 1.037488 2.859121
0.03489529 1.168997 2.861564
-0.144697 0.9506869 2.820546
-0.208016 0.7872782 2.661439
-0.003173119 0.8890461 2.648438
0.0371808 0.9194293 2.646541
0.2122972 0.9439541 2.845167
0.3111313 0.7887993 2.704283
0.1081567 0.8830505 2.661219
0.09159943 0.8906512 2.655358
-0.03990282 0.421657 2.802544
-0.03759472 0.08317491 2.880451
-0.04823737 -0.3366913 2.967112
-0.07265705 -0.3558622 2.871231
0.1336576 0.421794 2.8122
0.1573971 0.09132404 2.885251
0.1821363 -0.3401884 2.967347
0.2184087 -0.3562839 2.871817
0.02647498 0.9609138 2.861855
0.07870896 0.9420367 2.641527
0.08251803 0.8959786 2.627901
0.05902883 0.9060912 2.637367
0.1138752 0.8794589 2.653033
72
0.04730004 0.4142187 2.843369
0.03617445 0.7282877 2.858972
0.02104764 1.037494 2.858452
0.03447735 1.169237 2.861912
-0.1450476 0.9505889 2.820053
-0.2074058 0.7874529 2.660721
-0.003523932 0.8869293 2.65025
0.03582944 0.9171044 2.647872
0.2118065 0.9442835 2.844683
0.3106427 0.7882889 2.705288
0.1091361 0.8827726 2.661617
0.09663681 0.8877293 2.656781
-0.04035703 0.4216196 2.802915
-0.03746297 0.08316902 2.880729
-0.04826709 -0.3370325 2.96713
-0.07240012 -0.3561082 2.871339
0.1334324 0.4218555 2.812357
0.1573842 0.09141314 2.885247
0.1821629 -0.3404677 2.967428
0.2184918 -0.3564534 2.872465
0.02512772 0.9609513 2.861355
0.07713987 0.9424771 2.640913
0.08146961 0.8980646 2.62646
0.06533263 0.9058654 2.637365
0.1190058 0.877538 2.65422
73
0.04730004 0.4142187 2.843369
0.03617445 0.7282877 2.858972
0.02104764 1.037494 2.858452
0.03447735 1.169237 2.861912
-0.1450476 0.9505889 2.820053
-0.2074058 0.7874529 2.660721
-0.003523932 0.8869293 2.65025
0.03582944 0.9171044 2.647872
0.2118065 0.9442835 2.844683
0.3106427 0.7882889 2.705288
0.1091361 0.8827726 2.661617
0.09663681 0.8877293 2.656781
-0.04035703 0.4216196 2.802915
-0.03746297 0.08316902 2.880729
-0.04826709 -0.3370325 2.96713
-0.07240012 -0.3561082 2.871339
0.1334324 0.4218555 2.812357
0.1573842 0.09141314 2.885247
0.1821629 -0.3404677 2.967428
0.2184918 -0.3564534 2.872465
0.02512772 0.9609513 2.861355
0.07713987 0.9424771 2.640913
0.08146961 0.8980646 2.62646
0.06533263 0.9058654 2.637365
0.1190058 0.877538 2.65422
74
0.04700563 0.4142412 2.843584
0.03544449 0.7283486 2.858923
0.01983057 1.037469 2.857879
0.03395114 1.16944 2.86217
-0.1456973 0.9501678 2.81971
-0.2069477 0.7875122 2.660195
-0.00342691 0.8832694 2.650926
0.03650758 0.9165637 2.64832
0.2114027 0.9444954 2.844281
0.3103895 0.7878282 2.70616
0.1100065 0.8823335 2.661863
0.1004064 0.8852057 2.657677
-0.0407584 0.4215646 2.803247
-0.03737356 0.08322589 2.88092
-0.04828396 -0.3372321 2.967131
-0.07228963 -0.3562402 2.87139
0.1332293 0.4219031 2.812501
0.1573683 0.0915238 2.885238
0.1821798 -0.340578 2.967479
0.218511 -0.3565259 2.872726
0.02399092 0.960953 2.860909
0.07618918 0.9411798 2.639938
0.08119718 0.8952752 2.627152
0.06909145 0.905588 2.637028
0.1227928 0.8767341 2.654878
75
0.04700563 0.4142412 2.843584
0.03544449 0.7283486 2.858923
0.01983057 1.037469 2.857879
0.03395114 1.16944 2.86217
-0.1456973 0.9501678 2.81971
-0.2069477 0.7875122 2.660195
-0.00342691 0.8832694 2.650926
0.03650758 0.9165637 2.64832
0.2114027 0.9444954 2.844281
0.3103895 0.7878282 2.70616
0.1100065 0.8823335 2.661863
0.1004064 0.8852057 2.657677
-0.0407584 0.4215646 2.803247
-0.03737356 0.08322589 2.88092
-0.04828396 -0.3372321 2.967131
-0.07228963 -0.3562402 2.87139
0.1332293 0.4219031 2.812501
0.1573683 0.0915238 2.885238
0.1821798 -0.340578 2.967479
0.218511 -0.3565259 2.872726
0.02399092 0.960953 2.860909
0.07618918 0.9411798 2.639938
0.08119718 0.8952752 2.627152
0.06909145 0.905588 2.637028
0.1227928 0.8767341 2.654878
76
0.04672976 0.4142386 2.843783
0.03471528 0.7283683 2.85884
0.01869427 1.037412 2.857312
0.03333498 1.169609 2.862327
-0.1465454 0.9495274 2.81951
-0.2067313 0.7874438 2.659868
-0.003456775 0.8784466 2.653256
0.0387371 0.9137831 2.649142
0.211065 0.9446186 2.843943
0.3103172 0.7874269 2.706914
0.1107917 0.8817922 2.661957
0.1027419 0.883607 2.65811
-0.0411385 0.4214725 2.803562
-0.03729486 0.08341605 2.881017
-0.04829402 -0.3373607 2.967132
-0.07221035 -0.3563289 2.871394
0.1330429 0.4219349 2.812628
0.1573483 0.09165192 2.885223
0.1821912 -0.3406228 2.967514
0.2184978 -0.3565547 2.872864
0.02291018 0.9609172 2.86045
0.1006298 0.9073751 2.651886
0.0705854 0.8833545 2.63632
0.07152718 0.9054521 2.636644
0.1184397 0.8717605 2.653831
77
0.04672976 0.4142386 2.843783
0.03471528 0.7283683 2.85884
0.01869427 1.037412 2.857312
0.03333498 1.169609 2.862327
-0.1465454 0.9495274 2.81951
-0.2067313 0.7874438 2.659868
-0.003456775 0.8784466 2.653256
0.0387371 0.9137831 2.649142
0.211065 0.9446186 2.843943
0.3103172 0.7874269 2.706914
0.1107917 0.8817922 2.661957
0.1027419 0.883607 2.65811
-0.0411385 0.4214725 2.803562
-0.03729486 0.08341605 2.881017
-0.04829402 -0.3373607 2.967132
-0.07221035 -0.3563289 2.871394
0.1330429 0.4219349 2.812628
0.1573483 0.09165192 2.885223
0.1821912 -0.3406228 2.967514
0.2184978 -0.3565547 2.872864
0.02291018 0.9609172 2.86045
0.1006298 0.9073751 2.651886
0.0705854 0.8833545 2.63632
0.07152718 0.9054521 2.636644
0.1184397 0.8717605 2.653831
78
0.04646318 0.4142198 2.843967
0.03401811 0.7283555 2.858729
0.01772268 1.037325 2.856786
0.03267044 1.169758 2.862376
-0.146999 0.9491969 2.819207
-0.2072114 0.7871112 2.66007
-0.004177893 0.8751361 2.653922
0.03642836 0.9093641 2.649529
0.2107899 0.9446836 2.843666
0.3103398 0.7871041 2.70752
0.1114517 0.8812265 2.661927
0.1046284 0.8819817 2.65842
-0.04149815 0.4213678 2.80386
-0.03717083 0.08370575 2.881091
-0.04831172 -0.3374576 2.967138
-0.07215137 -0.3563898 2.871387
0.132859 0.4219521 2.812738
0.1573307 0.09176803 2.885208
0.1822016 -0.3406533 2.96756
0.2184887 -0.3565813 2.872964
0.02196229 0.9608479 2.860007
0.09583832 0.9067829 2.646712
0.06989831 0.8840159 2.633487
0.0734702 0.9054461 2.635689
0.1088354 0.8666522 2.652151
79
0.04646318 0.4142198 2.843967
0.03401811 0.7283555 2.858729
0.01772268 1.037325 2.856786
0.03267044 1.169758 2.862376
-0.146999 0.9491969 2.819207
-0.2072114 0.7871112 2.66007
-0.004177893 0.8751361 2.653922
0.03642836 0.9093641 2.649529
0.2107899 0.9446836 2.843666
0.3103398 0.7871041 2.70752
0.1114517 0.8812265 2.661927
0.1046284 0.8819817 2.65842
-0.04149815 0.4213678 2.80386
-0.03717083 0.08370575 2.881091
-0.04831172 -0.3374576 2.967138
-0.07215137 -0.3563898 2.871387
0.132859 0.4219521 2.812738
0.1573307 0.09176803 2.885208
0.1822016 -0.3406533 2.96756
0.2184887 -0.3565813 2.872964
0.02196229 0.9608479 2.860007
0.09583832 0.9067829 2.646712
0.06989831 0.8840159 2.633487
0.0734702 0.9054461 2.635689
0.1088354 0.8666522 2.652151
80
0.04622087 0.4141976 2.844135
0.0333904 0.7283322 2.858617
0.01690579 1.037231 2.856332
0.03196362 1.1699 2.862332
-0.1472622 0.9490172 2.818905
-0.2080868 0.7865242 2.66089
-0.002328009 0.8720205 2.653906
0.03756266 0.9077542 2.649437
0.2105627 0.944806 2.843448
0.3103725 0.7869346 2.70808
0.111897 0.8807157 2.661795
0.1059495 0.8805771 2.658664
-0.04182306 0.4212684 2.80415
-0.03704005 0.08404482 2.88114
-0.04833676 -0.3375141 2.967166
-0.07210691 -0.3564256 2.871372
0.1326892 0.4219646 2.812833
0.1573145 0.09188279 2.885191
0.1822103 -0.3406654 2.967602
0.2184813 -0.3565957 2.873031
0.02115365 0.9607703 2.859615
0.09232754 0.9036331 2.641498
0.07200595 0.879814 2.634742
0.07459851 0.90491 2.635056
0.106454 0.8634468 2.651866
81
0.04622087 0.4141976 2.844135
0.0333904 0.7283322 2.858617
0.01690579 1.037231 2.856332
0.03196362 1.1699 2.862332
-0.1472622 0.9490172 2.818905
-0.2080868 0.7865242 2.66089
-0.002328009 0.8720205 2.653906
0.03756266 0.9077542 2.649437
0.2105627 0.944806 2.843448
0.3103725 0.7869346 2.70808
0.111897 0.8807157 2.661795
0.1059495 0.8805771 2.658664
-0.04182306 0.4212684 2.80415
-0.03704005 0.08404482 2.88114
-0.04833676 -0.3375141 2.967166
-0.07210691 -0.3564256 2.871372
0.1326892 0.4219646 2.812833
0.1573145 0.09188279 2.885191
0.1822103 -0.3406654 2.967602
0.2184813 -0.3565957 2.873031
0.02115365 0.9607703 2.859615
0.09232754 0.9036331 2.641498
0.07200595 0.879814 2.634742
0.07459851 0.90491 2.635056
0.106454 0.8634468 2.651866
82
0.04600965 0.4141783 2.844278
0.0328264 0.7283075 2.858495
0.01620179 1.037137 2.855926
0.03123638 1.170024 2.862224
-0.1473968 0.9488757 2.818532
-0.2092152 0.7859019 2.661909
-0.0007807841 0.8697625 2.653641
0.03865919 0.9064904 2.649112
0.2103685 0.9449857 2.84326
0.3104238 0.7868671 2.708607
0.1121747 0.8803283 2.661739
0.1065049 0.879593 2.658655
-0.04209676 0.4211852 2.804392
-0.0368227 0.08489141 2.881022
-0.04837245 -0.3375267 2.967211
-0.07208212 -0.3564388 2.871343
0.1325378 0.4219764 2.812913
0.1572986 0.09199148 2.885172
0.1822172 -0.3406837 2.967629
0.2184818 -0.3566129 2.873086
0.02045134 0.9606922 2.859258
0.08929579 0.9022213 2.637853
0.07491871 0.8762754 2.63451
0.05795763 0.9028988 2.627702
0.1012458 0.8605895 2.651647
83
0.04600965 0.4141783 2.844278
0.0328264 0.7283075 2.858495
0.01620179 1.037137 2.855926
0.03123638 1.170024 2.862224
-0.1473968 0.9488757 2.818532
-0.2092152 0.7859019 2.661909
-0.0007807841 0.8697625 2.653641
0.03865919 0.9064904 2.649112
0.2103685 0.9449857 2.84326
0.3104238 0.7868671 2.708607
0.1121747 0.8803283 2.661739
0.1065049 0.879593 2.658655
-0.04209676 0.4211852 2.804392
-0.0368227 0.08489141 2.881022
-0.04837245 -0.3375267 2.967211
-0.07208212 -0.3564388 2.871343
0.1325378 0.4219764 2.812913
0.1572986 0.09199148 2.885172
0.1822172 -0.3406837 2.967629
0.2184818 -0.3566129 2.873086
0.02045134 0.9606922 2.859258
0.08929579 0.9022213 2.637853
0.07491871 0.8762754 2.63451
0.05795763 0.9028988 2.627702
0.1012458 0.8605895 2.651647
84
0.04581241 0.4141549 2.844409
0.03232253 0.7282748 2.858373
0.01561774 1.037042 2.855568
0.03050155 1.17014 2.862016
-0.1474429 0.9488068 2.818133
-0.2103044 0.7853332 2.663017
-0.001442654 0.8670477 2.653113
0.0364857 0.9028472 2.649077
0.2102015 0.9450878 2.843087
0.310515 0.7868017 2.708982
0.1124086 0.879786 2.661555
0.0738095 0.905705 2.647893
-0.04233882 0.421108 2.80461
-0.03672186 0.08513471 2.881055
-0.04838817 -0.337486 2.967224
-0.07206514 -0.356399 2.871259
0.1323888 0.4219812 2.812985
0.157285 0.09208436 2.885155
0.1822226 -0.3406973 2.967656
0.2184821 -0.3566277 2.87313
0.01986014 0.9606116 2.858938
0.08492669 0.9051994 2.634188
0.07601232 0.876263 2.632554
0.03789656 0.9405504 2.628886
0.05625266 0.8834648 2.631697
85
0.04581241 0.4141549 2.844409
0.03232253 0.7282748 2.858373
0.01561774 1.037042 2.855568
0.03050155 1.17014 2.862016
-0.1474429 0.9488068 2.818133
-0.2103044 0.7853332 2.663017
-0.001442654 0.8670477 2.653113
0.0364857 0.9028472 2.649077
0.2102015 0.9450878 2.843087
0.310515 0.7868017 2.708982
0.1124086 0.879786 2.661555
0.0738095 0.905705 2.647893
-0.04233882 0.421108 2.80461
-0.03672186 0.08513471 2.881055
-0.04838817 -0.337486 2.967224
-0.07206514 -0.356399 2.871259
0.1323888 0.4219812 2.812985
0.157285 0.09208436 2.885155
0.1822226 -0.3406973 2.967656
0.2184821 -0.3566277 2.87313
0.01986014 0.9606116 2.858938
0.08492669 0.9051994 2.634188
0.07601232 0.876263 2.632554
0.03789656 0.9405504 2.628886
0.05625266 0.8834648 2.631697
86
0.04562697 0.4141268 2.844531
0.03185452 0.7282335 2.858248
0.0150984 1.036945 2.855237
0.02980926 1.170232 2.861773
-0.1474554 0.9487768 2.817761
-0.2113449 0.7846358 2.66435
-0.001039467 0.8656602 2.652208
0.03694006 0.9017022 2.648647
0.2100326 0.945141 2.842914
0.3106515 0.7867489 2.709281
0.1100791 0.8854533 2.659228
0.05624925 0.9214324 2.640976
-0.04255743 0.4210343 2.804806
-0.03663335 0.08536224 2.881082
-0.04840543 -0.3374067 2.967243
-0.07204478 -0.3563316 2.871155
0.1322454 0.4219793 2.813051
0.1572707 0.09216878 2.885142
0.1822256 -0.3407022 2.967684
0.218483 -0.3566378 2.873152
0.0193307 0.9605269 2.858638
0.08356892 0.9049692 2.632717
0.07926378 0.8736762 2.632453
0.02727461 0.971659 2.630824
0.0275392 0.9025711 2.619973
87
0.04562697 0.4141268 2.844531
0.03185452 0.7282335 2.858248
0.0150984 1.036945 2.855237
0.02980926 1.170232 2.861773
-0.1474554 0.9487768 2.817761
-0.2113449 0.7846358 2.66435
-0.001039467 0.8656602 2.652208
0.03694006 0.9017022 2.648647
0.2100326 0.945141 2.842914
0.3106515 0.7867489 2.709281
0.1100791 0.8854533 2.659228
0.05624925 0.9214324 2.640976
-0.04255743 0.4210343 2.804806
-0.03663335 0.08536224 2.881082
-0.04840543 -0.3374067 2.967243
-0.07204478 -0.3563316 2.871155
0.1322454 0.4219793 2.813051
0.1572707 0.09216878 2.885142
0.1822256 -0.3407022 2.967684
0.218483 -0.3566378 2.873152
0.0193307 0.9605269 2.858638
0.08356892 0.9049692 2.632717
0.07926378 0.8736762 2.632453
0.02727461 0.971659 2.630824
0.0275392 0.9025711 2.619973
88
0.04544385 0.414097 2.844641
0.03149401 0.728221 2.858142
0.014858 1.036975 2.855016
0.02906481 1.170326 2.861349
-0.1474395 0.9487907 2.817364
-0.2123783 0.7837365 2.665984
-0.001919402 0.8614278 2.650655
0.03868919 0.898468 2.648072
0.20982 0.9451157 2.842689
0.3109055 0.786693 2.709551
0.109137 0.8883674 2.65746
0.04978383 0.9258203 2.638187
-0.04276347 0.4209668 2.804984
-0.03661329 0.08537799 2.881188
-0.04842425 -0.3373864 2.967254
-0.07206198 -0.3563114 2.87105
0.1320962 0.4219722 2.813106
0.157256 0.09225694 2.885121
0.1822293 -0.3407049 2.967701
0.2184835 -0.3566455 2.873163
0.01904877 0.960537 2.85844
0.105498 0.8838015 2.641102
0.065893 0.8658288 2.637134
0.02249627 0.9785503 2.630771
0.01764908 0.906501 2.614666
89
0.04544385 0.414097 2.844641
0.03149401 0.728221 2.858142
0.014858 1.036975 2.855016
0.02906481 1.170326 2.861349
-0.1474395 0.9487907 2.817364
-0.2123783 0.7837365 2.665984
-0.001919402 0.8614278 2.650655
0.03868919 0.898468 2.648072
0.20982 0.9451157 2.842689
0.3109055 0.786693 2.709551
0.109137 0.8883674 2.65746
0.04978383 0.9258203 2.638187
-0.04276347 0.4209668 2.804984
-0.03661329 0.08537799 2.881188
-0.04842425 -0.3373864 2.967254
-0.07206198 -0.3563114 2.87105
0.1320962 0.4219722 2.813106
0.157256 0.09225694 2.885121
0.1822293 -0.3407049 2.967701
0.2184835 -0.3566455 2.873163
0.01904877 0.960537 2.85844
0.105498 0.8838015 2.641102
0.065893 0.8658288 2.637134
0.02249627 0.9785503 2.630771
0.01764908 0.906501 2.614666
90
0.04527224 0.4140771 2.844723
0.03124842 0.7282293 2.858033
0.01497234 1.037121 2.854706
0.02821737 1.170275 2.860482
-0.1473896 0.9488505 2.816971
-0.2137374 0.7827845 2.668004
-0.003310954 0.8552439 2.647731
0.03175308 0.8893492 2.646631
0.2095724 0.9449819 2.842379
0.3113155 0.7866028 2.70979
0.1084769 0.89013 2.655872
0.0457337 0.9278552 2.636083
-0.04294188 0.4209227 2.805113
-0.03660962 0.08552394 2.881138
-0.0484386 -0.337322 2.967255
-0.07212035 -0.3562842 2.870895
0.1319471 0.4219681 2.813142
0.1572299 0.09235398 2.885076
0.1822152 -0.3403958 2.967659
0.2183992 -0.3564412 2.87263
0.01897447 0.9606107 2.858196
0.09377981 0.8905465 2.62897
0.06262193 0.8705153 2.638554
0.01955285 0.9811412 2.629638
0.01089999 0.9078459 2.609461
91
0.04527224 0.4140771 2.844723
0.03124842 0.7282293 2.858033
0.01497234 1.037121 2.854706
0.02821737 1.170275 2.860482
-0.1473896 0.9488505 2.816971
-0.2137374 0.7827845 2.668004
-0.003310954 0.8552439 2.647731
0.03175308 0.8893492 2.646631
0.2095724 0.9449819 2.842379
0.3113155 0.7866028 2.70979
0.1084769 0.89013 2.655872
0.0457337 0.9278552 2.636083
-0.04294188 0.4209227 2.805113
-0.03660962 0.08552394 2.881138
-0.0484386 -0.337322 2.967255
-0.07212035 -0.3562842 2.870895
0.1319471 0.4219681 2.813142
0.1572299 0.09235398 2.885076
0.1822152 -0.3403958 2.967659
0.2183992 -0.3564412 2.87263
0.01897447 0.9606107 2.858196
0.09377981 0.8905465 2.62897
0.06262193 0.8705153 2.638554
0.01955285 0.9811412 2.629638
0.01089999 0.9078459 2.609461
92
0.04510622 0.4140868 2.8448
0.03109409 0.7282448 2.857969
0.01561741 1.037295 2.854558
0.02747621 1.170202 2.859648
-0.1473702 0.9489331 2.816691
-0.2172452 0.7801563 2.674272
-0.00538053 0.8339697 2.650146
0.04130148 0.8714026 2.645794
0.2093836 0.944895 2.842142
0.3132767 0.7858022 2.712244
0.1105615 0.8500876 2.647024
0.05574749 0.8958111 2.636184
-0.04309885 0.4209061 2.805229
-0.03660893 0.08568142 2.881058
-0.04845287 -0.3372634 2.96726
-0.07220477 -0.3562619 2.87078
0.1317855 0.4219996 2.813174
0.1572044 0.09243353 2.885036
0.1822037 -0.3401389 2.967611
0.218378 -0.3562801 2.872102
0.01921079 0.9607196 2.858038
0.1120879 0.8560858 2.628213
0.06394014 0.8667889 2.649427
0.01204028 0.8908146 2.624043
0.02930064 0.8667805 2.622392
93
0.04510622 0.4140868 2.8448
0.03109409 0.7282448 2.857969
0.01561741 1.037295 2.854558
0.02747621 1.170202 2.859648
-0.1473702 0.9489331 2.816691
-0.2172452 0.7801563 2.674272
-0.00538053 0.8339697 2.650146
0.04130148 0.8714026 2.645794
0.2093836 0.944895 2.842142
0.3132767 0.7858022 2.712244
0.1105615 0.8500876 2.647024
0.05574749 0.8958111 2.636184
-0.04309885 0.4209061 2.805229
-0.03660893 0.08568142 2.881058
-0.04845287 -0.3372634 2.96726
-0.07220477 -0.3562619 2.87078
0.1317855 0.4219996 2.813174
0.1572044 0.09243353 2.885036
0.1822037 -0.3401389 2.967611
0.218378 -0.3562801 2.872102
0.01921079 0.9607196 2.858038
0.1120879 0.8560858 2.628213
0.06394014 0.8667889 2.649427
0.01204028 0.8908146 2.624043
0.02930064 0.8667805 2.622392
94
0.04495936 0.4141144 2.844861
0.03098854 0.7282643 2.857913
0.01645811 1.037432 2.854473
0.02681531 1.170105 2.858828
-0.1473647 0.949003 2.816463
-0.2247212 0.775018 2.687622
-0.0004317299 0.8234075 2.643902
0.04339387 0.8649247 2.642568
0.209246 0.9448159 2.841954
0.3210893 0.7823539 2.725355
0.122787 0.8161939 2.639255
0.09896418 0.8420677 2.635265
-0.04322385 0.4209086 2.805322
-0.03661729 0.08583517 2.880968
-0.04847225 -0.3371321 2.967264
-0.07226899 -0.3561665 2.8707
0.1316242 0.4220545 2.813188
0.1571797 0.09250301 2.884997
0.1821847 -0.3400065 2.967522
0.2184032 -0.3562229 2.871558
0.01962081 0.9608231 2.857917
0.1126353 0.8485694 2.617762
0.07900362 0.8516335 2.63572
0.05024221 0.8753979 2.61433
0.07617374 0.8238328 2.628064
95
0.04495936 0.4141144 2.844861
0.03098854 0.7282643 2.857913
0.01645811 1.037432 2.854473
0.02681531 1.170105 2.858828
-0.1473647 0.949003 2.816463
-0.2247212 0.775018 2.687622
-0.0004317299 0.8234075 2.643902
0.04339387 0.8649247 2.642568
0.209246 0.9448159 2.841954
0.3210893 0.7823539 2.725355
0.122787 0.8161939 2.639255
0.09896418 0.8420677 2.635265
-0.04322385 0.4209086 2.805322
-0.03661729 0.08583517 2.880968
-0.04847225 -0.3371321 2.967264
-0.07226899 -0.3561665 2.8707
0.1316242 0.4220545 2.813188
0.1571797 0.09250301 2.884997
0.1821847 -0.3400065 2.967522
0.2184032 -0.3562229 2.871558
0.01962081 0.9608231 2.857917
0.1126353 0.8485694 2.617762
0.07900362 0.8516335 2.63572
0.05024221 0.8753979 2.61433
0.07617374 0.8238328 2.628064
96
0.04482699 0.4141452 2.844912
0.03092138 0.7282825 2.857872
0.0174476 1.037514 2.854513
0.02626584 1.170016 2.858118
-0.1473702 0.9490114 2.816349
-0.2384166 0.7647982 2.716744
-0.01921348 0.7911161 2.644591
0.02651862 0.8259803 2.641322
0.2091033 0.9445619 2.841764
0.3345313 0.7745275 2.755488
0.1254545 0.7860269 2.631152
0.1039676 0.8216742 2.632569
-0.04333036 0.4209169 2.805403
-0.03659014 0.08601692 2.880865
-0.04851788 -0.3369195 2.967331
-0.07233237 -0.3560108 2.870663
0.1314728 0.4221115 2.813195
0.1571545 0.09257235 2.884972
0.1821809 -0.3399231 2.967488
0.2184249 -0.3561892 2.871239
0.02018688 0.9609016 2.85788
0.0972819 0.8398408 2.618061
0.01831881 0.8115846 2.655511
0.03942776 0.8274121 2.602239
0.05044638 0.8024107 2.60413
97
0.04482699 0.4141452 2.844912
0.03092138 0.7282825 2.857872
0.0174476 1.037514 2.854513
0.02626584 1.170016 2.858118
-0.1473702 0.9490114 2.816349
-0.2384166 0.7647982 2.716744
-0.01921348 0.7911161 2.644591
0.02651862 0.8259803 2.641322
0.2091033 0.9445619 2.841764
0.3345313 0.7745275 2.755488
0.1254545 0.7860269 2.631152
0.1039676 0.8216742 2.632569
-0.04333036 0.4209169 2.805403
-0.03659014 0.08601692 2.880865
-0.04851788 -0.3369195 2.967331
-0.07233237 -0.3560108 2.870663
0.1314728 0.4221115 2.813195
0.1571545 0.09257235 2.884972
0.1821809 -0.3399231 2.967488
0.2184249 -0.3561892 2.871239
0.02018688 0.9609016 2.85788
0.0972819 0.8398408 2.618061
0.01831881 0.8115846 2.655511
0.03942776 0.8274121 2.602239
0.05044638 0.8024107 2.60413
98
0.04471707 0.4141834 2.844947
0.03090645 0.7283112 2.857819
0.01850909 1.037549 2.854535
0.02575885 1.169939 2.857398
-0.147434 0.9488625 2.816341
-0.246781 0.7567964 2.738919
-0.03880621 0.7183208 2.655801
-0.0006923405 0.7332042 2.65517
0.2091872 0.9441938 2.841686
0.3413062 0.7685201 2.774681
0.1549562 0.7096101 2.637855
0.1301114 0.7443419 2.626918
-0.04340675 0.4209391 2.805451
-0.03657159 0.08614074 2.880788
-0.0485601 -0.3366002 2.967381
-0.07244685 -0.355752 2.870575
0.1313358 0.4221701 2.813197
0.157131 0.09260567 2.884954
0.1821793 -0.3398585 2.967458
0.2184534 -0.3561624 2.870983
0.02088121 0.9609565 2.857832
0.0433319 0.7143266 2.667098
-0.01487165 0.7117828 2.669976
0.08232157 0.7541136 2.590416
0.08815867 0.7385193 2.608976
99
0.04471707 0.4141834 2.844947
0.03090645 0.7283112 2.857819
0.01850909 1.037549 2.854535
0.02575885 1.169939 2.857398
-0.147434 0.9488625 2.816341
-0.246781 0.7567964 2.738919
-0.03880621 0.7183208 2.655801
-0.0006923405 0.7332042 2.65517
0.2091872 0.9441938 2.841686
0.3413062 0.7685201 2.774681
0.1549562 0.7096101 2.637855
0.1301114 0.7443419 2.626918
-0.04340675 0.4209391 2.805451
-0.03657159 0.08614074 2.880788
-0.0485601 -0.3366002 2.967381
-0.07244685 -0.355752 2.870575
0.1313358 0.4221701 2.813197
0.157131 0.09260567 2.884954
0.1821793 -0.3398585 2.967458
0.2184534 -0.3561624 2.870983
0.02088121 0.9609565 2.857832
0.0433319 0.7143266 2.667098
-0.01487165 0.7117828 2.669976
0.08232157 0.7541136 2.590416
0.08815867 0.7385193 2.608976
100
0.04463597 0.4142108 2.844958
0.03097395 0.7283401 2.857724
0.01963453 1.037532 2.854496
0.02512575 1.169852 2.856434
-0.1476835 0.9483639 2.816581
-0.2502828 0.7481308 2.761273
-0.05939041 0.6518598 2.667389
-0.01391994 0.6372659 2.65885
0.2099922 0.9433137 2.841811
0.3395412 0.7555968 2.798981
0.1819276 0.6389994 2.650424
0.1457457 0.6495513 2.637442
-0.04345752 0.4209517 2.805475
-0.03662284 0.0861252 2.880747
-0.04858029 -0.335882 2.967347
-0.07257622 -0.3551553 2.870114
0.1312225 0.4222187 2.813177
0.1571054 0.09262533 2.884937
0.1821788 -0.3398256 2.96743
0.2184888 -0.3561544 2.870795
0.02171033 0.9609708 2.85773
0.0245475 0.6401113 2.658894
-0.0356833 0.5906312 2.680544
0.1064923 0.6572673 2.590564
0.1148344 0.6192728 2.639865
101
0.04463597 0.4142108 2.844958
0.03097395 0.7283401 2.857724
0.01963453 1.037532 2.854496
0.02512575 1.169852 2.856434
-0.1476835 0.9483639 2.816581
-0.2502828 0.7481308 2.761273
-0.05939041 0.6518598 2.667389
-0.01391994 0.6372659 2.65885
0.2099922 0.9433137 2.841811
0.3395412 0.7555968 2.798981
0.1819276 0.6389994 2.650424
0.1457457 0.6495513 2.637442
-0.04345752 0.4209517 2.805475
-0.03662284 0.0861252 2.880747
-0.04858029 -0.335882 2.967347
-0.07257622 -0.3551553 2.870114
0.1312225 0.4222187 2.813177
0.1571054 0.09262533 2.884937
0.1821788 -0.3398256 2.96743
0.2184888 -0.3561544 2.870795
0.02171033 0.9609708 2.85773
0.0245475 0.6401113 2.658894
-0.0356833 0.5906312 2.680544
0.1064923 0.6572673 2.590564
0.1148344 0.6192728 2.639865
102
0.04456126 0.4142087 2.844766
0.03121253 0.7283364 2.857444
0.02080784 1.037452 2.854353
0.02443654 1.169769 2.855267
-0.1484649 0.9469072 2.817288
-0.2486386 0.7386892 2.780981
-0.09633537 0.5728937 2.685596
-0.04785094 0.5304769 2.667541
0.2112552 0.9421706 2.842024
0.3324534 0.7435936 2.819492
0.2146002 0.574038 2.66992
0.1650243 0.5531639 2.643296
-0.04347818 0.4209659 2.805336
-0.0367145 0.08611505 2.880631
-0.04859088 -0.3351901 2.967328
-0.07274386 -0.3545981 2.869707
0.1310947 0.4221958 2.812861
0.157069 0.09263829 2.884912
0.1821796 -0.3397986 2.967407
0.2185208 -0.3561479 2.870642
0.02267773 0.9609216 2.857507
-0.004148623 0.5054559 2.671715
-0.08172845 0.472052 2.702751
0.1374517 0.536761 2.596871
0.1713501 0.5045213 2.661512
103
0.04456126 0.4142087 2.844766
0.03121253 0.7283364 2.857444
0.02080784 1.037452 2.854353
0.02443654 1.169769 2.855267
-0.1484649 0.9469072 2.817288
-0.2486386 0.7386892 2.780981
-0.09633537 0.5728937 2.685596
-0.04785094 0.5304769 2.667541
0.2112552 0.9421706 2.842024
0.3324534 0.7435936 2.819492
0.2146002 0.574038 2.66992
0.1650243 0.5531639 2.643296
-0.04347818 0.4209659 2.805336
-0.0367145 0.08611505 2.880631
-0.04859088 -0.3351901 2.967328
-0.07274386 -0.3545981 2.869707
0.1310947 0.4221958 2.812861
0.157069 0.09263829 2.884912
0.1821796 -0.3397986 2.967407
0.2185208 -0.3561479 2.870642
0.02267773 0.9609216 2.857507
-0.004148623 0.5054559 2.671715
-0.08172845 0.472052 2.702751
0.1374517 0.536761 2.596871
0.1713501 0.5045213 2.661512
104
0.04450307 0.4139948 2.843776
0.03160181 0.7282384 2.85687
0.02184963 1.037329 2.854162
0.02377064 1.169689 2.854091
-0.1497862 0.944459 2.818594
-0.2402942 0.7262967 2.798844
-0.1243165 0.5178793 2.699654
-0.07121451 0.4643065 2.673485
0.2126375 0.9410037 2.842308
0.3175198 0.7191138 2.840103
0.2452486 0.5128389 2.697322
0.1964012 0.4583367 2.661579
-0.04342437 0.420797 2.804449
-0.03681945 0.08605963 2.880524
-0.04860444 -0.3346359 2.967343
-0.07293463 -0.3541577 2.869445
0.1309516 0.4219399 2.811671
0.1570204 0.09264308 2.884878
0.1821823 -0.3397762 2.96739
0.218548 -0.3561458 2.870512
0.02360727 0.9608128 2.857206
-0.04904814 0.4090651 2.652922
-0.1156972 0.4196387 2.697114
0.1822807 0.413897 2.618703
0.1699068 0.4634019 2.687974
105
0.04450307 0.4139948 2.843776
0.03160181 0.7282384 2.85687
0.02184963 1.037329 2.854162
0.02377064 1.169689 2.854091
-0.1497862 0.944459 2.818594
-0.2402942 0.7262967 2.798844
-0.1243165 0.5178793 2.699654
-0.07121451 0.4643065 2.673485
0.2126375 0.9410037 2.842308
0.3175198 0.7191138 2.840103
0.2452486 0.5128389 2.697322
0.1964012 0.4583367 2.661579
-0.04342437 0.420797 2.804449
-0.03681945 0.08605963 2.880524
-0.04860444 -0.3346359 2.967343
-0.07293463 -0.3541577 2.869445
0.1309516 0.4219399 2.811671
0.1570204 0.09264308 2.884878
0.1821823 -0.3397762 2.96739
0.218548 -0.3561458 2.870512
0.02360727 0.9608128 2.857206
-0.04904814 0.4090651 2.652922
-0.1156972 0.4196387 2.697114
0.1822807 0.413897 2.618703
0.1699068 0.4634019 2.687974
106
0.04460079 0.4135537 2.84237
0.03210499 0.7280546 2.856113
0.02273919 1.037199 2.853954
0.02319945 1.169609 2.853034
-0.1511177 0.941701 2.820066
-0.2275366 0.7085024 2.815038
-0.1423571 0.4465991 2.715091
-0.1095774 0.3877205 2.687217
0.2139104 0.9399571 2.842574
0.3053514 0.6980063 2.851028
0.2738099 0.4628092 2.731825
0.2395116 0.4015051 2.695621
-0.04320629 0.4203578 2.803178
-0.03693994 0.0859698 2.880407
-0.04861832 -0.3342856 2.967389
-0.07289368 -0.3539139 2.869295
0.1309736 0.421501 2.810018
0.1569617 0.09262554 2.884838
0.1821884 -0.3397612 2.967375
0.2185753 -0.3561494 2.870401
0.02445782 0.9606805 2.856872
-0.1021909 0.3218755 2.66734
-0.1471279 0.3671171 2.68802
0.2299088 0.3440338 2.662835
0.2093495 0.4263287 2.699432
107
0.04460079 0.4135537 2.84237
0.03210499 0.7280546 2.856113
0.02273919 1.037199 2.853954
0.02319945 1.169609 2.853034
-0.1511177 0.941701 2.820066
-0.2275366 0.7085024 2.815038
-0.1423571 0.4465991 2.715091
-0.1095774 0.3877205 2.687217
0.2139104 0.9399571 2.842574
0.3053514 0.6980063 2.851028
0.2738099 0.4628092 2.731825
0.2395116 0.4015051 2.695621
-0.04320629 0.4203578 2.803178
-0.03693994 0.0859698 2.880407
-0.04861832 -0.3342856 2.967389
-0.07289368 -0.3539139 2.869295
0.1309736 0.421501 2.810018
0.1569617 0.09262554 2.884838
0.1821884 -0.3397612 2.967375
0.2185753 -0.3561494 2.870401
0.02445782 0.9606805 2.856872
-0.1021909 0.3218755 2.66734
-0.1471279 0.3671171 2.68802
0.2299088 0.3440338 2.662835
0.2093495 0.4263287 2.699432
108
0.04483807 0.4130332 2.841043
0.03264554 0.7278296 2.855359
0.02348182 1.037074 2.853759
0.02266471 1.16953 2.852069
-0.1524343 0.9386873 2.821584
-0.2125341 0.686105 2.825805
-0.1639907 0.3991514 2.74123
-0.1479778 0.3398554 2.71825
0.2150612 0.9390183 2.842788
0.2979072 0.6832551 2.856791
0.2903436 0.4140798 2.765603
0.2667752 0.3575429 2.74074
-0.04286422 0.4197919 2.802033
-0.03707588 0.08598631 2.880048
-0.04862896 -0.3339288 2.967466
-0.07285895 -0.3537218 2.869187
0.1311686 0.4210157 2.808415
0.1568876 0.09258775 2.884784
0.182195 -0.3397405 2.967371
0.2185962 -0.356149 2.870321
0.02520451 0.9605422 2.856557
-0.1508286 0.2705016 2.698141
-0.1808563 0.3525652 2.703507
0.2689716 0.285627 2.725657
0.2312733 0.3744156 2.73712
109
0.04483807 0.4130332 2.841043
0.03264554 0.7278296 2.855359
0.02348182 1.037074 2.853759
0.02266471 1.16953 2.852069
-0.1524343 0.9386873 2.821584
-0.2125341 0.686105 2.825805
-0.1639907 0.3991514 2.74123
-0.1479778 0.3398554 2.71825
0.2150612 0.9390183 2.842788
0.2979072 0.6832551 2.856791
0.2903436 0.4140798 2.765603
0.2667752 0.3575429 2.74074
-0.04286422 0.4197919 2.802033
-0.03707588 0.08598631 2.880048
-0.04862896 -0.3339288 2.967466
-0.07285895 -0.3537218 2.869187
0.1311686 0.4210157 2.808415
0.1568876 0.09258775 2.884784
0.182195 -0.3397405 2.967371
0.2185962 -0.356149 2.870321
0.02520451 0.9605422 2.856557
-0.1508286 0.2705016 2.698141
-0.1808563 0.3525652 2.703507
0.2689716 0.285627 2.725657
0.2312733 0.3744156 2.73712
110
0.04516856 0.4124505 2.839836
0.03323735 0.7275203 2.854552
0.02414544 1.036894 2.853469
0.02204293 1.169384 2.850958
-0.1537583 0.9353904 2.822869
-0.1977188 0.6575156 2.828444
-0.1825521 0.3817072 2.772968
-0.1792539 0.3214975 2.763159
0.2161254 0.9380757 2.842764
0.2922574 0.6715605 2.859952
0.2946764 0.3985129 2.787235
0.281749 0.3506361 2.782477
-0.04242653 0.4191004 2.801015
-0.03720948 0.08600955 2.879599
-0.04865305 -0.3334568 2.967535
-0.07278214 -0.3534513 2.86902
0.1314608 0.4205138 2.806949
0.1568143 0.09254295 2.884714
0.1822044 -0.3397357 2.967377
0.2186258 -0.3561605 2.870299
0.02591057 0.9603378 2.856155
-0.1837654 0.2474838 2.762451
-0.2189157 0.3434624 2.747328
0.2900853 0.2750095 2.781432
0.2476054 0.3460418 2.776601
111
0.04516856 0.4124505 2.839836
0.03323735 0.7275203 2.854552
0.02414544 1.036894 2.853469
0.02204293 1.169384 2.850958
-0.1537583 0.9353904 2.822869
-0.1977188 0.6575156 2.828444
-0.1825521 0.3817072 2.772968
-0.1792539 0.3214975 2.763159
0.2161254 0.9380757 2.842764
0.2922574 0.6715605 2.859952
0.2946764 0.3985129 2.787235
0.281749 0.3506361 2.782477
-0.04242653 0.4191004 2.801015
-0.03720948 0.08600955 2.879599
-0.04865305 -0.3334568 2.967535
-0.07278214 -0.3534513 2.86902
0.1314608 0.4205138 2.806949
0.1568143 0.09254295 2.884714
0.1822044 -0.3397357 2.967377
0.2186258 -0.3561605 2.870299
0.02591057 0.9603378 2.856155
-0.1837654 0.2474838 2.762451
-0.2189157 0.3434624 2.747328
0.2900853 0.2750095 2.781432
0.2476054 0.3460418 2.776601
112
0.04551125 0.4118763 2.838809
0.03381803 0.7271742 2.85377
0.02474149 1.03668 2.853111
0.02127876 1.169192 2.849699
-0.1549807 0.9323039 2.823778
-0.1917339 0.6425988 2.830657
-0.1986609 0.3824978 2.802994
-0.2062306 0.3258203 2.81118
0.2171031 0.9371145 2.842499
0.2885801 0.6626692 2.861723
0.2986831 0.4075053 2.821039
0.2896476 0.3509553 2.818944
-0.04198989 0.4183879 2.800155
-0.03732736 0.08597662 2.879142
-0.04866568 -0.3330053 2.967547
-0.07270786 -0.3532078 2.868716
0.1317685 0.4200473 2.805716
0.1567444 0.09248026 2.884605
0.1822127 -0.3397111 2.96738
0.2186463 -0.3561645 2.870262
0.02656218 0.9600945 2.855701
-0.2170465 0.2481945 2.827505
-0.2504978 0.3498608 2.788754
0.3008427 0.2705853 2.825332
0.2566821 0.3351299 2.787286
113
0.04551125 0.4118763 2.838809
0.03381803 0.7271742 2.85377
0.02474149 1.03668 2.853111
0.02127876 1.169192 2.849699
-0.1549807 0.9323039 2.823778
-0.1917339 0.6425988 2.830657
-0.1986609 0.3824978 2.802994
-0.2062306 0.3258203 2.81118
0.2171031 0.9371145 2.842499
0.2885801 0.6626692 2.861723
0.2986831 0.4075053 2.821039
0.2896476 0.3509553 2.818944
-0.04198989 0.4183879 2.800155
-0.03732736 0.08597662 2.879142
-0.04866568 -0.3330053 2.967547
-0.07270786 -0.3532078 2.868716
0.1317685 0.4200473 2.805716
0.1567444 0.09248026 2.884605
0.1822127 -0.3397111 2.96738
0.2186463 -0.3561645 2.870262
0.02656218 0.9600945 2.855701
-0.2170465 0.2481945 2.827505
-0.2504978 0.3498608 2.788754
0.3008427 0.2705853 2.825332
0.2566821 0.3351299 2.787286
114
0.04589259 0.4113011 2.838077
0.0343739 0.7268168 2.85307
0.0253044 1.036427 2.852643
0.02055179 1.168978 2.848491
-0.1559666 0.9296848 2.824383
-0.1885639 0.633952 2.83285
-0.2126389 0.3856358 2.828259
-0.2242998 0.341204 2.848761
0.2179198 0.9363056 2.842127
0.2863834 0.6574207 2.86304
0.3012026 0.4105176 2.83964
0.2909981 0.3662126 2.846583
-0.04150245 0.4176196 2.799601
-0.03743808 0.08594681 2.87869
-0.04867931 -0.3325987 2.967554
-0.07263319 -0.3530005 2.868431
0.1321012 0.4196128 2.804796
0.156686 0.09241417 2.884481
0.182217 -0.3396962 2.967383
0.2187081 -0.3561747 2.870254
0.02717624 0.9598198 2.855193
-0.2358745 0.3038504 2.857252
-0.271608 0.3418448 2.834849
0.2952561 0.291817 2.856652
0.2596253 0.3494647 2.801425
115
0.04589259 0.4113011 2.838077
0.0343739 0.7268168 2.85307
0.0253044 1.036427 2.852643
0.02055179 1.168978 2.848491
-0.1559666 0.9296848 2.824383
-0.1885639 0.633952 2.83285
-0.2126389 0.3856358 2.828259
-0.2242998 0.341204 2.848761
0.2179198 0.9363056 2.842127
0.2863834 0.6574207 2.86304
0.3012026 0.4105176 2.83964
0.2909981 0.3662126 2.846583
-0.04150245 0.4176196 2.799601
-0.03743808 0.08594681 2.87869
-0.04867931 -0.3325987 2.967554
-0.07263319 -0.3530005 2.868431
0.1321012 0.4196128 2.804796
0.156686 0.09241417 2.884481
0.182217 -0.3396962 2.967383
0.2187081 -0.3561747 2.870254
0.02717624 0.9598198 2.855193
-0.2358745 0.3038504 2.857252
-0.271608 0.3418448 2.834849
0.2952561 0.291817 2.856652
0.2596253 0.3494647 2.801425
116
0.04624866 0.4108174 2.837552
0.03486618 0.7264962 2.852466
0.02582473 1.036159 2.852044
0.01978375 1.168779 2.847209
-0.1566982 0.9277316 2.824793
-0.1873867 0.6288579 2.834625
-0.2212041 0.3943814 2.849456
-0.2318778 0.3659014 2.874552
0.2185925 0.9356392 2.8417
0.2850501 0.6542959 2.86409
0.3000995 0.4207329 2.849532
0.2891398 0.3854556 2.860989
-0.04105817 0.4169625 2.799267
-0.03752275 0.08604251 2.87808
-0.04869304 -0.3321947 2.967573
-0.07255904 -0.3528277 2.868168
0.132417 0.4192553 2.8041
0.1566342 0.09233971 2.884352
0.1822205 -0.3396659 2.96739
0.2187521 -0.3561756 2.870241
0.02773784 0.9595447 2.854628
-0.2429792 0.3098551 2.896902
-0.2740834 0.3766595 2.853674
0.2831861 0.3094731 2.864686
0.2564314 0.3743655 2.809778
117
0.04624866 0.4108174 2.837552
0.03486618 0.7264962 2.852466
0.02582473 1.036159 2.852044
0.01978375 1.168779 2.847209
-0.1566982 0.9277316 2.824793
-0.1873867 0.6288579 2.834625
-0.2212041 0.3943814 2.849456
-0.2318778 0.3659014 2.874552
0.2185925 0.9356392 2.8417
0.2850501 0.6542959 2.86409
0.3000995 0.4207329 2.849532
0.2891398 0.3854556 2.860989
-0.04105817 0.4169625 2.799267
-0.03752275 0.08604251 2.87808
-0.04869304 -0.3321947 2.967573
-0.07255904 -0.3528277 2.868168
0.132417 0.4192553 2.8041
0.1566342 0.09233971 2.884352
0.1822205 -0.3396659 2.96739
0.2187521 -0.3561756 2.870241
0.02773784 0.9595447 2.854628
-0.2429792 0.3098551 2.896902
-0.2740834 0.3766595 2.853674
0.2831861 0.3094731 2.864686
0.2564314 0.3743655 2.809778
118
0.04664053 0.410392 2.837258
0.03535324 0.7262123 2.85196
0.0263686 1.035916 2.851373
0.01894693 1.16861 2.845812
-0.1572605 0.9262344 2.82509
-0.1962713 0.6316236 2.837116
-0.2227488 0.4015262 2.86086
-0.2343056 0.3811012 2.892127
0.2191261 0.9351321 2.84131
0.2851083 0.6543916 2.865257
0.2972824 0.4345792 2.853173
0.2840657 0.4047911 2.863857
-0.04049923 0.4162796 2.799282
-0.03758832 0.08614146 2.877523
-0.04869513 -0.3318781 2.967593
-0.07249236 -0.3527238 2.867911
0.132731 0.4189785 2.803613
0.1565986 0.09225222 2.884218
0.1822182 -0.3396403 2.967394
0.2187942 -0.3561828 2.870231
0.0283074 0.9592938 2.854043
-0.239254 0.3350784 2.911648
-0.2763618 0.3929941 2.869743
0.2724076 0.329293 2.867793
0.2520047 0.4008977 2.809041
119
0.04664053 0.410392 2.837258
0.03535324 0.7262123 2.85196
0.0263686 1.035916 2.851373
0.01894693 1.16861 2.845812
-0.1572605 0.9262344 2.82509
-0.1962713 0.6316236 2.837116
-0.2227488 0.4015262 2.86086
-0.2343056 0.3811012 2.892127
0.2191261 0.9351321 2.84131
0.2851083 0.6543916 2.865257
0.2972824 0.4345792 2.853173
0.2840657 0.4047911 2.863857
-0.04049923 0.4162796 2.799282
-0.03758832 0.08614146 2.877523
-0.04869513 -0.3318781 2.967593
-0.07249236 -0.3527238 2.867911
0.132731 0.4189785 2.803613
0.1565986 0.09225222 2.884218
0.1822182 -0.3396403 2.967394
0.2187942 -0.3561828 2.870231
0.0283074 0.9592938 2.854043
-0.239254 0.3350784 2.911648
-0.2763618 0.3929941 2.869743
0.2724076 0.329293 2.867793
0.2520047 0.4008977 2.809041
120
0.0470208 0.4100573 2.837095
0.03580492 0.7259738 2.85153
0.02690611 1.035686 2.850639
0.01815639 1.16845 2.844364
-0.157695 0.925115 2.825304
-0.2072493 0.6387587 2.839682
-0.220799 0.4076246 2.867692
-0.2301455 0.3922982 2.896839
0.2195567 0.9347761 2.840977
0.2864434 0.6574796 2.866991
0.2959051 0.4441023 2.856123
0.2797979 0.4226803 2.85943
-0.03997224 0.4157421 2.799429
-0.03758956 0.08636048 2.876797
-0.048704 -0.3315644 2.967632
-0.07243598 -0.3526522 2.867704
0.1330338 0.4187703 2.803266
0.1566145 0.09224316 2.883925
0.1822023 -0.3395811 2.967424
0.2188461 -0.3561984 2.870257
0.02885865 0.9590647 2.853439
-0.229609 0.3472654 2.916139
-0.2738502 0.4001749 2.87759
0.2625647 0.3561025 2.851644
0.2480261 0.4280011 2.808336
121
0.0470208 0.4100573 2.837095
0.03580492 0.7259738 2.85153
0.02690611 1.035686 2.850639
0.01815639 1.16845 2.844364
-0.157695 0.925115 2.825304
-0.2072493 0.6387587 2.839682
-0.220799 0.4076246 2.867692
-0.2301455 0.3922982 2.896839
0.2195567 0.9347761 2.840977
0.2864434 0.6574796 2.866991
0.2959051 0.4441023 2.856123
0.2797979 0.4226803 2.85943
-0.03997224 0.4157421 2.799429
-0.03758956 0.08636048 2.876797
-0.048704 -0.3315644 2.967632
-0.07243598 -0.3526522 2.867704
0.1330338 0.4187703 2.803266
0.1566145 0.09224316 2.883925
0.1822023 -0.3395811 2.967424
0.2188461 -0.3561984 2.870257
0.02885865 0.9590647 2.853439
-0.229609 0.3472654 2.916139
-0.2738502 0.4001749 2.87759
0.2625647 0.3561025 2.851644
0.2480261 0.4280011 2.808336
122
0.04744085 0.4097841 2.837071
0.0361993 0.7257765 2.851177
0.02735718 1.035484 2.849924
0.01741778 1.168203 2.842742
-0.1580664 0.9242308 2.825481
-0.2161227 0.6469707 2.842219
-0.2170478 0.412784 2.870409
-0.2200013 0.3994889 2.890803
0.2199105 0.9345111 2.840678
0.2884825 0.6623702 2.869392
0.2949422 0.4516125 2.856653
0.2778107 0.4391937 2.853868
-0.03941197 0.4153103 2.799731
-0.03757689 0.08656874 2.876146
-0.04870634 -0.3313087 2.967665
-0.07239817 -0.3526163 2.867494
0.1333564 0.4186098 2.803045
0.1566579 0.09219289 2.883588
0.1821801 -0.3395062 2.967457
0.2188899 -0.3562146 2.870281
0.02932843 0.958868 2.852875
-0.2199423 0.353953 2.915725
-0.2658513 0.4017641 2.880725
0.2600908 0.3743892 2.841872
0.2475027 0.4395838 2.806548
123
0.04744085 0.4097841 2.837071
0.0361993 0.7257765 2.851177
0.02735718 1.035484 2.849924
0.01741778 1.168203 2.842742
-0.1580664 0.9242308 2.825481
-0.2161227 0.6469707 2.842219
-0.2170478 0.412784 2.870409
-0.2200013 0.3994889 2.890803
0.2199105 0.9345111 2.840678
0.2884825 0.6623702 2.869392
0.2949422 0.4516125 2.856653
0.2778107 0.4391937 2.853868
-0.03941197 0.4153103 2.799731
-0.03757689 0.08656874 2.876146
-0.04870634 -0.3313087 2.967665
-0.07239817 -0.3526163 2.867494
0.1333564 0.4186098 2.803045
0.1566579 0.09219289 2.883588
0.1821801 -0.3395062 2.967457
0.2188899 -0.3562146 2.870281
0.02932843 0.958868 2.852875
-0.2199423 0.353953 2.915725
-0.2658513 0.4017641 2.880725
0.2600908 0.3743892 2.841872
0.2475027 0.4395838 2.806548
124
0.04788328 0.4095476 2.837164
0.03654004 0.7256107 2.850892
0.027724 1.035308 2.849285
0.0167984 1.167928 2.841089
-0.1583877 0.923552 2.825629
-0.2215934 0.6529085 2.84406
-0.2130263 0.4166798 2.870188
-0.2103414 0.4001717 2.878951
0.2201981 0.9343119 2.840414
0.2905136 0.666997 2.871335
0.2942825 0.4570313 2.855983
0.2766856 0.4476323 2.85024
-0.03885562 0.4149281 2.800136
-0.03755777 0.08675846 2.875577
-0.04870989 -0.3311284 2.9677
-0.07235786 -0.3526159 2.867365
0.1336999 0.4184902 2.802936
0.1567077 0.09214342 2.883252
0.1821571 -0.3394377 2.967494
0.2189331 -0.3562358 2.870325
0.02971812 0.9586998 2.852383
-0.2026737 0.3503584 2.900829
-0.2532295 0.3995972 2.875869
0.2590607 0.3832203 2.836558
0.2469099 0.4472801 2.806108
125
0.04788328 0.4095476 2.837164
0.03654004 0.7256107 2.850892
0.027724 1.035308 2.849285
0.0167984 1.167928 2.841089
-0.1583877 0.923552 2.825629
-0.2215934 0.6529085 2.84406
-0.2130263 0.4166798 2.870188
-0.2103414 0.4001717 2.878951
0.2201981 0.9343119 2.840414
0.2905136 0.666997 2.871335
0.2942825 0.4570313 2.855983
0.2766856 0.4476323 2.85024
-0.03885562 0.4149281 2.800136
-0.03755777 0.08675846 2.875577
-0.04870989 -0.3311284 2.9677
-0.07235786 -0.3526159 2.867365
0.1336999 0.4184902 2.802936
0.1567077 0.09214342 2.883252
0.1821571 -0.3394377 2.967494
0.2189331 -0.3562358 2.870325
0.02971812 0.9586998 2.852383
-0.2026737 0.3503584 2.900829
-0.2532295 0.3995972 2.875869
0.2590607 0.3832203 2.836558
0.2469099 0.4472801 2.806108
