124
1
0.07562569 0.422634 3.770423
0.07517599 0.7283282 3.776717
0.07097619 1.030405 3.772645
0.1073244 1.156997 3.750201
-0.1004608 0.9368728 3.750695
-0.163935 0.6904459 3.763015
-0.1481878 0.4592909 3.702041
-0.1297078 0.4153419 3.69001
0.2371389 0.9227594 3.797206
0.2672262 0.6749397 3.80326
0.2722643 0.4697451 3.749639
0.2479789 0.4132382 3.730773
4.864584E-05 0.4292371 3.724863
-0.0231463 0.09708818 3.751218
0.008480287 -0.3176426 3.769703
-0.01920519 -0.3223741 3.710915
0.1500438 0.4257419 3.752103
0.1607824 0.08226904 3.760362
0.1195885 -0.3092885 3.788261
0.1514593 -0.3172095 3.724149
0.0721864 0.9553725 3.775774
-0.1194463 0.3426598 3.687171
-0.09105585 0.426412 3.668189
0.2372825 0.330062 3.715066
0.2193232 0.4145514 3.699223
2
0.07598775 0.4228853 3.771096
0.07494327 0.7285326 3.777443
0.0705267 1.030579 3.773485
0.1058181 1.157896 3.750956
-0.1005413 0.9369516 3.751555
-0.1623278 0.690071 3.763753
-0.1465585 0.4596805 3.701497
-0.1270327 0.4159584 3.688093
0.2372523 0.9234883 3.797495
0.2683483 0.6746993 3.804007
0.2729716 0.4695549 3.750482
0.2487314 0.4141696 3.732113
0.0003131161 0.4293593 3.725795
-0.02276797 0.09698283 3.751845
0.008414758 -0.3175215 3.769677
-0.01900426 -0.3221315 3.710463
0.1504398 0.4261193 3.752377
0.1609032 0.08293793 3.76442
0.1197236 -0.3099637 3.787963
0.151584 -0.3171292 3.724108
0.07178299 0.9555606 3.776588
-0.1169656 0.3439414 3.68469
-0.08974034 0.4292114 3.667087
0.2375637 0.330117 3.716244
0.2212774 0.4173598 3.702543
3
0.07598775 0.4228853 3.771096
0.07494327 0.7285326 3.777443
0.0705267 1.030579 3.773485
0.1058181 1.157896 3.750956
-0.1005413 0.9369516 3.751555
-0.1623278 0.690071 3.763753
-0.1465585 0.4596805 3.701497
-0.1270327 0.4159584 3.688093
0.2372523 0.9234883 3.797495
0.2683483 0.6746993 3.804007
0.2729716 0.4695549 3.750482
0.2487314 0.4141696 3.732113
0.0003131161 0.4293593 3.725795
-0.02276797 0.09698283 3.751845
0.008414758 -0.3175215 3.769677
-0.01900426 -0.3221315 3.710463
0.1504398 0.4261193 3.752377
0.1609032 0.08293793 3.76442
0.1197236 -0.3099637 3.787963
0.151584 -0.3171292 3.724108
0.07178299 0.9555606 3.776588
-0.1169656 0.3439414 3.68469
-0.08974034 0.4292114 3.667087
0.2375637 0.330117 3.716244
0.2212774 0.4173598 3.702543
4
0.07638819 0.4231125 3.771799
0.07476881 0.7287239 3.778186
0.07015151 1.03074 3.774292
0.1043429 1.158935 3.752168
-0.1005795 0.9370425 3.752211
-0.1607858 0.6897689 3.764422
-0.1449385 0.4601404 3.700978
-0.1245795 0.4167333 3.686707
0.2373528 0.924171 3.797758
0.2693804 0.6744335 3.804636
0.2737278 0.4693209 3.751302
0.2494522 0.4145351 3.733327
0.000616633 0.4294609 3.726739
-0.02240724 0.09690589 3.752528
0.008357899 -0.3174355 3.769598
-0.01882694 -0.3219209 3.709715
0.1508669 0.4264681 3.752682
0.1610189 0.08178771 3.772079
0.1197928 -0.3112745 3.78718
0.1516978 -0.3170446 3.724091
0.07144911 0.9557346 3.777383
-0.1152409 0.3450536 3.683454
-0.08831328 0.4312783 3.665724
0.2394906 0.3302068 3.718775
0.2221001 0.418433 3.703933
5
0.07638819 0.4231125 3.771799
0.07476881 0.7287239 3.778186
0.07015151 1.03074 3.774292
0.1043429 1.158935 3.752168
-0.1005795 0.9370425 3.752211
-0.1607858 0.6897689 3.764422
-0.1449385 0.4601404 3.700978
-0.1245795 0.4167333 3.686707
0.2373528 0.924171 3.797758
0.2693804 0.6744335 3.804636
0.2737278 0.4693209 3.751302
0.2494522 0.4145351 3.733327
0.000616633 0.4294609 3.726739
-0.02240724 0.09690589 3.752528
0.008357899 -0.3174355 3.769598
-0.01882694 -0.3219209 3.709715
0.1508669 0.4264681 3.752682
0.1610189 0.08178771 3.772079
0.1197928 -0.3112745 3.78718
0.1516978 -0.3170446 3.724091
0.07144911 0.9557346 3.777383
-0.1152409 0.3450536 3.683454
-0.08831328 0.4312783 3.665724
0.2394906 0.3302068 3.718775
0.2221001 0.418433 3.703933
6
0.07679857 0.4232916 3.772535
0.07464471 0.7288741 3.778913
0.06985812 1.03086 3.774998
0.1030304 1.159822 3.753298
-0.1005888 0.937133 3.752705
-0.1593118 0.6894271 3.765025
-0.1433516 0.4605495 3.700429
-0.1230578 0.4170535 3.686156
0.2374471 0.9247291 3.797971
0.2703366 0.6741484 3.805189
0.2746267 0.4689242 3.75236
0.2504004 0.4163698 3.735613
0.0009742602 0.4295086 3.727794
-0.02208027 0.09688395 3.753217
0.008302856 -0.3173546 3.769498
-0.01867066 -0.321704 3.709171
0.1512661 0.4267624 3.752988
0.160793 0.08025663 3.778556
0.120014 -0.3123961 3.786505
0.151802 -0.3169613 3.72408
0.07118869 0.9558651 3.778097
-0.1138863 0.3449626 3.682823
-0.08597246 0.4290755 3.665166
0.2438561 0.3466588 3.724095
0.2238687 0.4259994 3.708303
7
0.07679857 0.4232916 3.772535
0.07464471 0.7288741 3.778913
0.06985812 1.03086 3.774998
0.1030304 1.159822 3.753298
-0.1005888 0.937133 3.752705
-0.1593118 0.6894271 3.765025
-0.1433516 0.4605495 3.700429
-0.1230578 0.4170535 3.686156
0.2374471 0.9247291 3.797971
0.2703366 0.6741484 3.805189
0.2746267 0.4689242 3.75236
0.2504004 0.4163698 3.735613
0.0009742602 0.4295086 3.727794
-0.02208027 0.09688395 3.753217
0.008302856 -0.3173546 3.769498
-0.01867066 -0.321704 3.709171
0.1512661 0.4267624 3.752988
0.160793 0.08025663 3.778556
0.120014 -0.3123961 3.786505
0.151802 -0.3169613 3.72408
0.07118869 0.9558651 3.778097
-0.1138863 0.3449626 3.682823
-0.08597246 0.4290755 3.665166
0.2438561 0.3466588 3.724095
0.2238687 0.4259994 3.708303
8
0.07720043 0.4234296 3.773268
0.07455812 0.7290213 3.779714
0.06959581 1.031016 3.775833
0.1017769 1.160676 3.754453
-0.1006127 0.9371676 3.753432
-0.1574977 0.6886846 3.765817
-0.1420318 0.4608879 3.7
-0.1217732 0.4172789 3.685758
0.2375616 0.9251899 3.798153
0.271189 0.6739276 3.805661
0.2752505 0.4685713 3.753458
0.2508336 0.4173314 3.737112
0.001330867 0.4295326 3.728838
-0.02171147 0.09686036 3.753994
0.008236561 -0.3173081 3.769378
-0.01856815 -0.3214992 3.708722
0.151648 0.4270049 3.753299
0.160535 0.07900396 3.783696
0.1204985 -0.3132492 3.786306
0.1519114 -0.3168695 3.724082
0.07096212 0.9560209 3.778926
-0.115408 0.3460796 3.682863
-0.08296755 0.4197367 3.667746
0.244184 0.3488451 3.725721
0.2244375 0.428431 3.710244
9
0.07720043 0.4234296 3.773268
0.07455812 0.7290213 3.779714
0.06959581 1.031016 3.775833
0.1017769 1.160676 3.754453
-0.1006127 0.9371676 3.753432
-0.1574977 0.6886846 3.765817
-0.1420318 0.4608879 3.7
-0.1217732 0.4172789 3.685758
0.2375616 0.9251899 3.798153
0.271189 0.6739276 3.805661
0.2752505 0.4685713 3.753458
0.2508336 0.4173314 3.737112
0.001330867 0.4295326 3.728838
-0.02171147 0.09686036 3.753994
0.008236561 -0.3173081 3.769378
-0.01856815 -0.3214992 3.708722
0.151648 0.4270049 3.753299
0.160535 0.07900396 3.783696
0.1204985 -0.3132492 3.786306
0.1519114 -0.3168695 3.724082
0.07096212 0.9560209 3.778926
-0.115408 0.3460796 3.682863
-0.08296755 0.4197367 3.667746
0.244184 0.3488451 3.725721
0.2244375 0.428431 3.710244
10
0.07754117 0.4235061 3.773991
0.07449242 0.7291596 3.780515
0.06939846 1.031221 3.776674
0.1005672 1.16145 3.755571
-0.1007256 0.9370238 3.754253
-0.1555615 0.687777 3.766734
-0.1409245 0.4611918 3.699676
-0.1208497 0.4172879 3.685594
0.2376638 0.9255651 3.798302
0.2719466 0.6737362 3.806082
0.2756108 0.468338 3.754228
0.2511199 0.4175678 3.738301
0.001628287 0.4294648 3.729954
-0.02136591 0.0969048 3.754792
0.008173325 -0.3172927 3.769246
-0.01847877 -0.321318 3.708364
0.1519728 0.4271954 3.753588
0.1603181 0.07815675 3.787307
0.12113 -0.3138645 3.786347
0.1520052 -0.3167984 3.724093
0.0707887 0.9562066 3.779758
-0.1158863 0.3456169 3.682991
-0.08067367 0.4150321 3.667159
0.2450213 0.3497105 3.727413
0.2225549 0.4225332 3.711774
11
0.07754117 0.4235061 3.773991
0.07449242 0.7291596 3.780515
0.06939846 1.031221 3.776674
0.1005672 1.16145 3.755571
-0.1007256 0.9370238 3.754253
-0.1555615 0.687777 3.766734
-0.1409245 0.4611918 3.699676
-0.1208497 0.4172879 3.685594
0.2376638 0.9255651 3.798302
0.2719466 0.6737362 3.806082
0.2756108 0.468338 3.754228
0.2511199 0.4175678 3.738301
0.001628287 0.4294648 3.729954
-0.02136591 0.0969048 3.754792
0.008173325 -0.3172927 3.769246
-0.01847877 -0.321318 3.708364
0.1519728 0.4271954 3.753588
0.1603181 0.07815675 3.787307
0.12113 -0.3138645 3.786347
0.1520052 -0.3167984 3.724093
0.0707887 0.9562066 3.779758
-0.1158863 0.3456169 3.682991
-0.08067367 0.4150321 3.667159
0.2450213 0.3497105 3.727413
0.2225549 0.4225332 3.711774
12
0.07786532 0.4235476 3.77467
0.07446094 0.7292761 3.781249
0.06925486 1.031406 3.777412
0.09933513 1.162246 3.756756
-0.1010594 0.9367039 3.755792
-0.1538678 0.6869862 3.767502
-0.1400029 0.461489 3.699463
-0.1201727 0.4173588 3.68562
0.2377573 0.9258577 3.798413
0.272639 0.6735555 3.806493
0.275883 0.4680472 3.755167
0.251222 0.4183151 3.739619
0.001902811 0.4293639 3.730994
-0.02106599 0.09700678 3.755575
0.00809304 -0.3173102 3.769147
-0.01840836 -0.3211749 3.708104
0.1522954 0.4273541 3.753872
0.1601074 0.07744599 3.790154
0.1213639 -0.3143975 3.78619
0.1521572 -0.3168162 3.724305
0.0706647 0.9563726 3.780495
-0.1167247 0.3447752 3.684899
-0.0796168 0.4138772 3.667186
0.2451986 0.3508992 3.729829
0.2210798 0.4196621 3.710656
13
0.07786532 0.4235476 3.77467
0.07446094 0.7292761 3.781249
0.06925486 1.031406 3.777412
0.09933513 1.162246 3.756756
-0.1010594 0.9367039 3.755792
-0.1538678 0.6869862 3.767502
-0.1400029 0.461489 3.699463
-0.1201727 0.4173588 3.68562
0.2377573 0.9258577 3.798413
0.272639 0.6735555 3.806493
0.275883 0.4680472 3.755167
0.251222 0.4183151 3.739619
0.001902811 0.4293639 3.730994
-0.02106599 0.09700678 3.755575
0.00809304 -0.3173102 3.769147
-0.01840836 -0.3211749 3.708104
0.1522954 0.4273541 3.753872
0.1601074 0.07744599 3.790154
0.1213639 -0.3143975 3.78619
0.1521572 -0.3168162 3.724305
0.0706647 0.9563726 3.780495
-0.1167247 0.3447752 3.684899
-0.0796168 0.4138772 3.667186
0.2451986 0.3508992 3.729829
0.2210798 0.4196621 3.710656
14
0.07818439 0.4235683 3.775322
0.07444777 0.7294071 3.781984
0.06910062 1.031677 3.77822
0.09747165 1.163644 3.758636
-0.1014731 0.9363928 3.757588
-0.152379 0.6863188 3.768135
-0.1391977 0.461735 3.699336
-0.1196352 0.4173582 3.685822
0.2378404 0.9261052 3.798496
0.2732674 0.6733826 3.80689
0.276049 0.4678768 3.755699
0.2513606 0.4188795 3.740497
0.002168583 0.429245 3.732
-0.02073845 0.09703531 3.7565
0.007980261 -0.3173613 3.769053
-0.01831791 -0.3210371 3.707876
0.1526268 0.4274927 3.754153
0.1599573 0.07698711 3.792303
0.1212918 -0.3147242 3.786273
0.1523028 -0.316833 3.724413
0.07054139 0.9566008 3.781282
-0.1176626 0.3450553 3.685042
-0.07916879 0.4144644 3.666765
0.2443754 0.350137 3.731092
0.2205409 0.4194439 3.711187
15
0.07818439 0.4235683 3.775322
0.07444777 0.7294071 3.781984
0.06910062 1.031677 3.77822
0.09747165 1.163644 3.758636
-0.1014731 0.9363928 3.757588
-0.152379 0.6863188 3.768135
-0.1391977 0.461735 3.699336
-0.1196352 0.4173582 3.685822
0.2378404 0.9261052 3.798496
0.2732674 0.6733826 3.80689
0.276049 0.4678768 3.755699
0.2513606 0.4188795 3.740497
0.002168583 0.429245 3.732
-0.02073845 0.09703531 3.7565
0.007980261 -0.3173613 3.769053
-0.01831791 -0.3210371 3.707876
0.1526268 0.4274927 3.754153
0.1599573 0.07698711 3.792303
0.1212918 -0.3147242 3.786273
0.1523028 -0.316833 3.724413
0.07054139 0.9566008 3.781282
-0.1176626 0.3450553 3.685042
-0.07916879 0.4144644 3.666765
0.2443754 0.350137 3.731092
0.2205409 0.4194439 3.711187
16
0.07843699 0.4235642 3.775891
0.07442392 0.7295087 3.782621
0.06895863 1.031904 3.778898
0.09578793 1.164877 3.760261
-0.101844 0.9360613 3.759191
-0.1510199 0.6857139 3.768696
-0.138477 0.4619056 3.699245
-0.1191645 0.4172471 3.685903
0.2379224 0.9263304 3.798556
0.2738045 0.6732309 3.807217
0.2761447 0.4677444 3.756091
0.2514332 0.4192702 3.741183
0.002361566 0.4290975 3.73293
-0.02045409 0.09715055 3.757366
0.007916287 -0.3174113 3.768944
-0.01826129 -0.3209136 3.707685
0.1528951 0.427598 3.754386
0.15985 0.07666271 3.793818
0.1209045 -0.3148715 3.786589
0.1524475 -0.3168611 3.724419
0.07042529 0.9567905 3.781948
-0.1190388 0.3437321 3.686451
-0.07753836 0.4064284 3.665133
0.2434144 0.3491105 3.731391
0.2194372 0.4183137 3.709448
17
0.07843699 0.4235642 3.775891
0.07442392 0.7295087 3.782621
0.06895863 1.031904 3.778898
0.09578793 1.164877 3.760261
-0.101844 0.9360613 3.759191
-0.1510199 0.6857139 3.768696
-0.138477 0.4619056 3.699245
-0.1191645 0.4172471 3.685903
0.2379224 0.9263304 3.798556
0.2738045 0.6732309 3.807217
0.2761447 0.4677444 3.756091
0.2514332 0.4192702 3.741183
0.002361566 0.4290975 3.73293
-0.02045409 0.09715055 3.757366
0.007916287 -0.3174113 3.768944
-0.01826129 -0.3209136 3.707685
0.1528951 0.427598 3.754386
0.15985 0.07666271 3.793818
0.1209045 -0.3148715 3.786589
0.1524475 -0.3168611 3.724419
0.07042529 0.9567905 3.781948
-0.1190388 0.3437321 3.686451
-0.07753836 0.4064284 3.665133
0.2434144 0.3491105 3.731391
0.2194372 0.4183137 3.709448
18
0.07868657 0.4235303 3.77646
0.07442636 0.7295993 3.783283
0.0688519 1.032138 3.77961
0.09410837 1.166035 3.761927
-0.1022604 0.9356523 3.760803
-0.1497199 0.6850671 3.76921
-0.1377155 0.4620398 3.699341
-0.1185015 0.4171227 3.686801
0.2379992 0.9265067 3.798588
0.2742927 0.6730959 3.807529
0.2762 0.4676377 3.756405
0.2514596 0.4196839 3.741849
0.002540474 0.4289241 3.733816
-0.02017019 0.09764618 3.758305
0.00787464 -0.3174888 3.768819
-0.01822482 -0.3208042 3.70753
0.1531711 0.4276803 3.754633
0.1597639 0.0764387 3.794924
0.119145 -0.3147005 3.786952
0.1525861 -0.3168988 3.724414
0.07034221 0.9569837 3.782647
-0.1199937 0.3422672 3.689119
-0.07701457 0.4048618 3.664741
0.2419463 0.3481308 3.730372
0.2189754 0.4177008 3.709299
19
0.07868657 0.4235303 3.77646
0.07442636 0.7295993 3.783283
0.0688519 1.032138 3.77961
0.09410837 1.166035 3.761927
-0.1022604 0.9356523 3.760803
-0.1497199 0.6850671 3.76921
-0.1377155 0.4620398 3.699341
-0.1185015 0.4171227 3.686801
0.2379992 0.9265067 3.798588
0.2742927 0.6730959 3.807529
0.2762 0.4676377 3.756405
0.2514596 0.4196839 3.741849
0.002540474 0.4289241 3.733816
-0.02017019 0.09764618 3.758305
0.00787464 -0.3174888 3.768819
-0.01822482 -0.3208042 3.70753
0.1531711 0.4276803 3.754633
0.1597639 0.0764387 3.794924
0.119145 -0.3147005 3.786952
0.1525861 -0.3168988 3.724414
0.07034221 0.9569837 3.782647
-0.1199937 0.3422672 3.689119
-0.07701457 0.4048618 3.664741
0.2419463 0.3481308 3.730372
0.2189754 0.4177008 3.709299
20
0.07890331 0.4234509 3.777022
0.07442214 0.7296602 3.783948
0.06874757 1.032353 3.780321
0.09241889 1.167232 3.763681
-0.1026061 0.9352626 3.762185
-0.1485805 0.6845362 3.769705
-0.1369619 0.4621625 3.699636
-0.1178172 0.416633 3.688046
0.2380739 0.9266473 3.79859
0.274766 0.6730049 3.807844
0.2762511 0.4675736 3.756608
0.2515756 0.4205705 3.742825
0.002684287 0.4287066 3.734686
-0.01995954 0.09809933 3.759264
0.007883528 -0.3175746 3.7687
-0.01821375 -0.320714 3.707407
0.1534147 0.4277244 3.754872
0.1597012 0.07627267 3.795723
0.1168002 -0.3144315 3.786874
0.1528205 -0.3169704 3.724344
0.07025922 0.9571564 3.783348
-0.1200945 0.3415191 3.690166
-0.07633365 0.4055443 3.664034
0.2409617 0.3497954 3.730505
0.21893 0.4271186 3.710753
21
0.07890331 0.4234509 3.777022
0.07442214 0.7296602 3.783948
0.06874757 1.032353 3.780321
0.09241889 1.167232 3.763681
-0.1026061 0.9352626 3.762185
-0.1485805 0.6845362 3.769705
-0.1369619 0.4621625 3.699636
-0.1178172 0.416633 3.688046
0.2380739 0.9266473 3.79859
0.274766 0.6730049 3.807844
0.2762511 0.4675736 3.756608
0.2515756 0.4205705 3.742825
0.002684287 0.4287066 3.734686
-0.01995954 0.09809933 3.759264
0.007883528 -0.3175746 3.7687
-0.01821375 -0.320714 3.707407
0.1534147 0.4277244 3.754872
0.1597012 0.07627267 3.795723
0.1168002 -0.3144315 3.786874
0.1528205 -0.3169704 3.724344
0.07025922 0.9571564 3.783348
-0.1200945 0.3415191 3.690166
-0.07633365 0.4055443 3.664034
0.2409617 0.3497954 3.730505
0.21893 0.4271186 3.710753
22
0.07907479 0.4233656 3.777488
0.07440635 0.7297021 3.784474
0.06864453 1.032523 3.780828
0.09075498 1.1682 3.765304
-0.1029231 0.9349009 3.763406
-0.147631 0.6840665 3.770136
-0.1361729 0.4621492 3.700094
-0.1173636 0.4164941 3.689566
0.2381329 0.9267884 3.798537
0.2751709 0.6729274 3.808112
0.2762622 0.4675145 3.756799
0.2516093 0.4212365 3.743379
0.00278362 0.4285112 3.735396
-0.01979112 0.09852065 3.760081
0.007942986 -0.3176308 3.768649
-0.01821025 -0.3206367 3.707307
0.1536176 0.4277438 3.755062
0.159641 0.0761551 3.796296
0.1146477 -0.3141955 3.786805
0.1531546 -0.3171123 3.724222
0.07017449 0.9572923 3.783863
-0.1199963 0.3417678 3.691516
-0.07695194 0.4114341 3.664909
0.2404327 0.3490185 3.730745
0.2186082 0.4285209 3.710614
23
0.07907479 0.4233656 3.777488
0.07440635 0.7297021 3.784474
0.06864453 1.032523 3.780828
0.09075498 1.1682 3.765304
-0.1029231 0.9349009 3.763406
-0.147631 0.6840665 3.770136
-0.1361729 0.4621492 3.700094
-0.1173636 0.4164941 3.689566
0.2381329 0.9267884 3.798537
0.2751709 0.6729274 3.808112
0.2762622 0.4675145 3.756799
0.2516093 0.4212365 3.743379
0.00278362 0.4285112 3.735396
-0.01979112 0.09852065 3.760081
0.007942986 -0.3176308 3.768649
-0.01821025 -0.3206367 3.707307
0.1536176 0.4277438 3.755062
0.159641 0.0761551 3.796296
0.1146477 -0.3141955 3.786805
0.1531546 -0.3171123 3.724222
0.07017449 0.9572923 3.783863
-0.1199963 0.3417678 3.691516
-0.07695194 0.4114341 3.664909
0.2404327 0.3490185 3.730745
0.2186082 0.4285209 3.710614
24
0.07920635 0.4232823 3.777873
0.07438846 0.729733 3.784915
0.0685565 1.032666 3.781246
0.08913355 1.169055 3.766802
-0.1031948 0.9345891 3.764517
-0.1468267 0.6836827 3.770561
-0.1353716 0.4621178 3.700848
-0.1169879 0.4157757 3.69159
0.2381888 0.9269112 3.798468
0.2755354 0.6728511 3.808367
0.2762779 0.4674554 3.756995
0.2517173 0.4217754 3.743802
0.002842789 0.4283369 3.735984
-0.01965827 0.09891017 3.760784
0.00794155 -0.3176741 3.768628
-0.01817377 -0.3205605 3.707224
0.1537814 0.4277512 3.75521
0.1595904 0.07607238 3.796716
0.1148121 -0.3134904 3.787002
0.1521773 -0.3162454 3.725249
0.07010112 0.9574059 3.784291
-0.1186448 0.3408849 3.691931
-0.07668412 0.41129 3.664541
0.2381534 0.34602 3.72862
0.21884 0.4275822 3.708
25
0.07920635 0.4232823 3.777873
0.07438846 0.729733 3.784915
0.0685565 1.032666 3.781246
0.08913355 1.169055 3.766802
-0.1031948 0.9345891 3.764517
-0.1468267 0.6836827 3.770561
-0.1353716 0.4621178 3.700848
-0.1169879 0.4157757 3.69159
0.2381888 0.9269112 3.798468
0.2755354 0.6728511 3.808367
0.2762779 0.4674554 3.756995
0.2517173 0.4217754 3.743802
0.002842789 0.4283369 3.735984
-0.01965827 0.09891017 3.760784
0.00794155 -0.3176741 3.768628
-0.01817377 -0.3205605 3.707224
0.1537814 0.4277512 3.75521
0.1595904 0.07607238 3.796716
0.1148121 -0.3134904 3.787002
0.1521773 -0.3162454 3.725249
0.07010112 0.9574059 3.784291
-0.1186448 0.3408849 3.691931
-0.07668412 0.41129 3.664541
0.2381534 0.34602 3.72862
0.21884 0.4275822 3.708
26
0.07931245 0.4232043 3.778197
0.07436337 0.7297672 3.785302
0.06843336 1.032854 3.781674
0.08728676 1.169955 3.768509
-0.1034246 0.9342985 3.765516
-0.1461278 0.6833215 3.770965
-0.1346634 0.4620743 3.701667
-0.1169112 0.4152112 3.692976
0.2382407 0.9270186 3.798394
0.2758892 0.6728144 3.808621
0.2762794 0.4674162 3.757182
0.2517395 0.4220932 3.744128
0.002883295 0.4281867 3.736462
-0.01956087 0.099245 3.761373
0.007939207 -0.3176958 3.768609
-0.0181499 -0.3204833 3.707143
0.1539224 0.4277504 3.755336
0.1595336 0.07599077 3.797034
0.1152066 -0.3131455 3.78703
0.1523528 -0.3157904 3.725321
0.07000399 0.9575479 3.784708
-0.1177365 0.3401451 3.692742
-0.07678778 0.412798 3.665449
0.2382254 0.3448831 3.728966
0.2178957 0.4237302 3.704327
27
0.07931245 0.4232043 3.778197
0.07436337 0.7297672 3.785302
0.06843336 1.032854 3.781674
0.08728676 1.169955 3.768509
-0.1034246 0.9342985 3.765516
-0.1461278 0.6833215 3.770965
-0.1346634 0.4620743 3.701667
-0.1169112 0.4152112 3.692976
0.2382407 0.9270186 3.798394
0.2758892 0.6728144 3.808621
0.2762794 0.4674162 3.757182
0.2517395 0.4220932 3.744128
0.002883295 0.4281867 3.736462
-0.01956087 0.099245 3.761373
0.007939207 -0.3176958 3.768609
-0.0181499 -0.3204833 3.707143
0.1539224 0.4277504 3.755336
0.1595336 0.07599077 3.797034
0.1152066 -0.3131455 3.78703
0.1523528 -0.3157904 3.725321
0.07000399 0.9575479 3.784708
-0.1177365 0.3401451 3.692742
-0.07678778 0.412798 3.665449
0.2382254 0.3448831 3.728966
0.2178957 0.4237302 3.704327
28
0.0793914 0.4231359 3.778457
0.0743298 0.7298 3.78563
0.06830093 1.033037 3.782057
0.08580679 1.170613 3.769799
-0.103643 0.9340009 3.766429
-0.1455051 0.6829758 3.771375
-0.1340574 0.4619953 3.702576
-0.1166409 0.414775 3.694135
0.2382923 0.9271154 3.798311
0.2762301 0.6727938 3.80887
0.2762663 0.4673838 3.757383
0.2517652 0.422406 3.744378
0.002903421 0.4280597 3.736846
-0.01950276 0.09955496 3.761848
0.007923729 -0.317703 3.768584
-0.01813181 -0.3204088 3.707064
0.1540341 0.427748 3.755431
0.1594921 0.07592893 3.797268
0.115607 -0.3128567 3.787019
0.1525817 -0.3154043 3.725333
0.06989843 0.9576855 3.785076
-0.1167086 0.3397206 3.693385
-0.07678588 0.4153939 3.665429
0.2394852 0.3433442 3.72973
0.2177011 0.4234728 3.703484
29
0.0793914 0.4231359 3.778457
0.0743298 0.7298 3.78563
0.06830093 1.033037 3.782057
0.08580679 1.170613 3.769799
-0.103643 0.9340009 3.766429
-0.1455051 0.6829758 3.771375
-0.1340574 0.4619953 3.702576
-0.1166409 0.414775 3.694135
0.2382923 0.9271154 3.798311
0.2762301 0.6727938 3.80887
0.2762663 0.4673838 3.757383
0.2517652 0.422406 3.744378
0.002903421 0.4280597 3.736846
-0.01950276 0.09955496 3.761848
0.007923729 -0.317703 3.768584
-0.01813181 -0.3204088 3.707064
0.1540341 0.427748 3.755431
0.1594921 0.07592893 3.797268
0.115607 -0.3128567 3.787019
0.1525817 -0.3154043 3.725333
0.06989843 0.9576855 3.785076
-0.1167086 0.3397206 3.693385
-0.07678588 0.4153939 3.665429
0.2394852 0.3433442 3.72973
0.2177011 0.4234728 3.703484
30
0.07945408 0.4230748 3.778673
0.07429748 0.7298298 3.785908
0.06817891 1.033204 3.782389
0.08450361 1.171175 3.770967
-0.103829 0.9337227 3.76723
-0.1447857 0.6824139 3.771962
-0.1335815 0.461931 3.703391
-0.1166432 0.4145291 3.694985
0.2383409 0.9272028 3.798227
0.2765639 0.6727816 3.809156
0.2761156 0.4673597 3.757695
0.2517573 0.4223509 3.744625
0.002913527 0.4279473 3.737175
-0.01948348 0.09987097 3.762215
0.0059695 -0.2877472 3.768146
-0.001072731 -0.2895937 3.677684
0.1541286 0.4277472 3.7555
0.1594573 0.07589106 3.797432
0.115983 -0.312759 3.786958
0.1527702 -0.3152088 3.725172
0.06980076 0.9578118 3.785394
-0.1155058 0.3394348 3.693598
-0.0769013 0.417043 3.666319
0.2397019 0.3426496 3.729815
0.2175461 0.4221338 3.703373
31
0.07945408 0.4230748 3.778673
0.07429748 0.7298298 3.785908
0.06817891 1.033204 3.782389
0.08450361 1.171175 3.770967
-0.103829 0.9337227 3.76723
-0.1447857 0.6824139 3.771962
-0.1335815 0.461931 3.703391
-0.1166432 0.4145291 3.694985
0.2383409 0.9272028 3.798227
0.2765639 0.6727816 3.809156
0.2761156 0.4673597 3.757695
0.2517573 0.4223509 3.744625
0.002913527 0.4279473 3.737175
-0.01948348 0.09987097 3.762215
0.0059695 -0.2877472 3.768146
-0.001072731 -0.2895937 3.677684
0.1541286 0.4277472 3.7555
0.1594573 0.07589106 3.797432
0.115983 -0.312759 3.786958
0.1527702 -0.3152088 3.725172
0.06980076 0.9578118 3.785394
-0.1155058 0.3394348 3.693598
-0.0769013 0.417043 3.666319
0.2397019 0.3426496 3.729815
0.2175461 0.4221338 3.703373
32
0.07949971 0.4230175 3.778846
0.07426339 0.7298556 3.786139
0.06806399 1.033355 3.782671
0.08334647 1.171608 3.772003
-0.1039894 0.9334615 3.767931
-0.1441934 0.6819291 3.77247
-0.1331851 0.4618155 3.704227
-0.1168926 0.4139525 3.696304
0.2383891 0.9272757 3.798141
0.2768609 0.6727794 3.809434
0.2759504 0.4673503 3.757903
0.2517268 0.4222912 3.744748
0.002908824 0.4278421 3.737445
-0.01940401 0.1001044 3.762592
0.00634301 -0.2931841 3.768285
-0.001474271 -0.2949199 3.683723
0.1542049 0.4277439 3.755547
0.1594143 0.07587803 3.797525
0.1163109 -0.3127521 3.786807
0.1529136 -0.3151095 3.725085
0.06970772 0.957926 3.785664
-0.1150517 0.3388986 3.694751
-0.07691213 0.4177205 3.666606
0.2396754 0.3421788 3.729855
0.2174167 0.421867 3.70298
33
0.07949971 0.4230175 3.778846
0.07426339 0.7298556 3.786139
0.06806399 1.033355 3.782671
0.08334647 1.171608 3.772003
-0.1039894 0.9334615 3.767931
-0.1441934 0.6819291 3.77247
-0.1331851 0.4618155 3.704227
-0.1168926 0.4139525 3.696304
0.2383891 0.9272757 3.798141
0.2768609 0.6727794 3.809434
0.2759504 0.4673503 3.757903
0.2517268 0.4222912 3.744748
0.002908824 0.4278421 3.737445
-0.01940401 0.1001044 3.762592
0.00634301 -0.2931841 3.768285
-0.001474271 -0.2949199 3.683723
0.1542049 0.4277439 3.755547
0.1594143 0.07587803 3.797525
0.1163109 -0.3127521 3.786807
0.1529136 -0.3151095 3.725085
0.06970772 0.957926 3.785664
-0.1150517 0.3388986 3.694751
-0.07691213 0.4177205 3.666606
0.2396754 0.3421788 3.729855
0.2174167 0.421867 3.70298
34
0.07952685 0.422963 3.778994
0.0742123 0.7298858 3.786356
0.06792402 1.033526 3.782954
0.08202551 1.172212 3.773411
-0.1041369 0.9331934 3.76856
-0.1436734 0.6814736 3.772943
-0.1328703 0.461722 3.704978
-0.1169237 0.4135283 3.696992
0.2384337 0.9273393 3.798058
0.2772257 0.6727792 3.80996
0.2757135 0.4673592 3.758142
0.2516897 0.4222303 3.744865
0.002891951 0.4277489 3.737671
-0.0193624 0.1002974 3.762935
0.006724904 -0.2995288 3.768462
-0.003810059 -0.3012899 3.690784
0.1542591 0.4277391 3.755585
0.1593715 0.07587688 3.797574
0.1166856 -0.3128007 3.786691
0.1530381 -0.3150654 3.724987
0.06959134 0.9580556 3.785931
-0.1148958 0.3383462 3.695651
-0.07702209 0.4183557 3.666821
0.2390825 0.3418116 3.729903
0.2171302 0.4225472 3.702237
35
0.07952685 0.422963 3.778994
0.0742123 0.7298858 3.786356
0.06792402 1.033526 3.782954
0.08202551 1.172212 3.773411
-0.1041369 0.9331934 3.76856
-0.1436734 0.6814736 3.772943
-0.1328703 0.461722 3.704978
-0.1169237 0.4135283 3.696992
0.2384337 0.9273393 3.798058
0.2772257 0.6727792 3.80996
0.2757135 0.4673592 3.758142
0.2516897 0.4222303 3.744865
0.002891951 0.4277489 3.737671
-0.0193624 0.1002974 3.762935
0.006724904 -0.2995288 3.768462
-0.003810059 -0.3012899 3.690784
0.1542591 0.4277391 3.755585
0.1593715 0.07587688 3.797574
0.1166856 -0.3128007 3.786691
0.1530381 -0.3150654 3.724987
0.06959134 0.9580556 3.785931
-0.1148958 0.3383462 3.695651
-0.07702209 0.4183557 3.666821
0.2390825 0.3418116 3.729903
0.2171302 0.4225472 3.702237
36
0.07954551 0.4229133 3.779119
0.07416312 0.7299155 3.786542
0.06779889 1.033693 3.783197
0.08095209 1.172725 3.774534
-0.1042937 0.9328613 3.769131
-0.1432466 0.6810798 3.773338
-0.1326295 0.4616508 3.705616
-0.1169643 0.4133109 3.697373
0.2384711 0.927398 3.797986
0.278029 0.6731146 3.811492
0.275434 0.4675259 3.758591
0.2516547 0.4221653 3.745007
0.002869799 0.4276641 3.737863
-0.01934907 0.1004891 3.763245
0.007087373 -0.3049163 3.768681
-0.005158388 -0.3066752 3.697058
0.1543035 0.4277335 3.755614
0.1593623 0.07904948 3.796417
0.1151071 -0.312372 3.786655
0.1534722 -0.31517 3.724926
0.06948559 0.9581823 3.786162
-0.1140709 0.3379506 3.696107
-0.07720757 0.4189868 3.667495
0.2386476 0.3422413 3.729843
0.2167799 0.4244338 3.702307
37
0.07954551 0.4229133 3.779119
0.07416312 0.7299155 3.786542
0.06779889 1.033693 3.783197
0.08095209 1.172725 3.774534
-0.1042937 0.9328613 3.769131
-0.1432466 0.6810798 3.773338
-0.1326295 0.4616508 3.705616
-0.1169643 0.4133109 3.697373
0.2384711 0.927398 3.797986
0.278029 0.6731146 3.811492
0.275434 0.4675259 3.758591
0.2516547 0.4221653 3.745007
0.002869799 0.4276641 3.737863
-0.01934907 0.1004891 3.763245
0.007087373 -0.3049163 3.768681
-0.005158388 -0.3066752 3.697058
0.1543035 0.4277335 3.755614
0.1593623 0.07904948 3.796417
0.1151071 -0.312372 3.786655
0.1534722 -0.31517 3.724926
0.06948559 0.9581823 3.786162
-0.1140709 0.3379506 3.696107
-0.07720757 0.4189868 3.667495
0.2386476 0.3422413 3.729843
0.2167799 0.4244338 3.702307
38
0.07955737 0.4228693 3.779223
0.07411213 0.7299497 3.786709
0.06766929 1.033881 3.783438
0.08001392 1.173182 3.775423
-0.1044245 0.9325484 3.769601
-0.1429087 0.6807615 3.773657
-0.1324464 0.4616024 3.706141
-0.1170063 0.4131126 3.697676
0.2385155 0.927487 3.797978
0.2789384 0.6736981 3.813877
0.2749951 0.4678597 3.759376
0.2516561 0.4214604 3.745198
0.00284539 0.4275903 3.738024
-0.01931642 0.09933591 3.764538
0.007388921 -0.3089539 3.76873
-0.006483928 -0.3105502 3.701643
0.1543391 0.4277285 3.755635
0.1592567 0.07972208 3.796096
0.1134759 -0.3121453 3.786497
0.1539232 -0.3153606 3.724852
0.06937593 0.9583243 3.786386
-0.1138488 0.3377048 3.696389
-0.0772514 0.4193063 3.667674
0.2385365 0.3419394 3.729624
0.2166661 0.4247214 3.702152
39
0.07955737 0.4228693 3.779223
0.07411213 0.7299497 3.786709
0.06766929 1.033881 3.783438
0.08001392 1.173182 3.775423
-0.1044245 0.9325484 3.769601
-0.1429087 0.6807615 3.773657
-0.1324464 0.4616024 3.706141
-0.1170063 0.4131126 3.697676
0.2385155 0.927487 3.797978
0.2789384 0.6736981 3.813877
0.2749951 0.4678597 3.759376
0.2516561 0.4214604 3.745198
0.00284539 0.4275903 3.738024
-0.01931642 0.09933591 3.764538
0.007388921 -0.3089539 3.76873
-0.006483928 -0.3105502 3.701643
0.1543391 0.4277285 3.755635
0.1592567 0.07972208 3.796096
0.1134759 -0.3121453 3.786497
0.1539232 -0.3153606 3.724852
0.06937593 0.9583243 3.786386
-0.1138488 0.3377048 3.696389
-0.0772514 0.4193063 3.667674
0.2385365 0.3419394 3.729624
0.2166661 0.4247214 3.702152
40
0.07954171 0.4228294 3.779313
0.07405469 0.7299882 3.786847
0.0675596 1.034064 3.783618
0.07914127 1.173639 3.776149
-0.104564 0.9322333 3.770026
-0.1426482 0.6804917 3.773887
-0.1323442 0.4615773 3.70651
-0.1170772 0.4129044 3.697592
0.2385546 0.92758 3.79798
0.2798336 0.674316 3.816437
0.2741702 0.4686116 3.761585
0.2517101 0.4209759 3.745407
0.002794008 0.4275254 3.738168
-0.01932667 0.09875225 3.765365
0.007623471 -0.3117613 3.76881
-0.007386104 -0.3132842 3.704752
0.1543581 0.4277251 3.755648
0.1591722 0.0800536 3.79589
0.109748 -0.3113163 3.786626
0.1543507 -0.3154837 3.724723
0.069277 0.9584645 3.78656
-0.113193 0.3374866 3.696383
-0.07729424 0.419544 3.667845
0.2364611 0.3416263 3.728314
0.2165918 0.4249644 3.702042
41
0.07954171 0.4228294 3.779313
0.07405469 0.7299882 3.786847
0.0675596 1.034064 3.783618
0.07914127 1.173639 3.776149
-0.104564 0.9322333 3.770026
-0.1426482 0.6804917 3.773887
-0.1323442 0.4615773 3.70651
-0.1170772 0.4129044 3.697592
0.2385546 0.92758 3.79798
0.2798336 0.674316 3.816437
0.2741702 0.4686116 3.761585
0.2517101 0.4209759 3.745407
0.002794008 0.4275254 3.738168
-0.01932667 0.09875225 3.765365
0.007623471 -0.3117613 3.76881
-0.007386104 -0.3132842 3.704752
0.1543581 0.4277251 3.755648
0.1591722 0.0800536 3.79589
0.109748 -0.3113163 3.786626
0.1543507 -0.3154837 3.724723
0.069277 0.9584645 3.78656
-0.113193 0.3374866 3.696383
-0.07729424 0.419544 3.667845
0.2364611 0.3416263 3.728314
0.2165918 0.4249644 3.702042
42
0.07950664 0.4227916 3.779392
0.07398173 0.7300288 3.786957
0.0674384 1.034232 3.783732
0.07828519 1.174111 3.776791
-0.104686 0.9319518 3.77038
-0.14244 0.6802707 3.774052
-0.13229 0.4615711 3.706794
-0.1172092 0.4126326 3.69734
0.2385899 0.9276706 3.797989
0.28085 0.6748593 3.820468
0.2729093 0.4694472 3.764452
0.2518732 0.4200291 3.745682
0.002705473 0.4274551 3.738308
-0.01936775 0.09835648 3.766039
0.007693206 -0.3136031 3.769134
-0.008292232 -0.3151215 3.706807
0.1543673 0.4277226 3.755655
0.1590879 0.08020182 3.795696
0.1082947 -0.3110202 3.786784
0.1547019 -0.3156288 3.724601
0.06916537 0.9585968 3.786678
-0.1126879 0.3373393 3.696189
-0.07723347 0.4174345 3.66922
0.2360142 0.341276 3.728578
0.216542 0.4251545 3.701978
43
0.07950664 0.4227916 3.779392
0.07398173 0.7300288 3.786957
0.0674384 1.034232 3.783732
0.07828519 1.174111 3.776791
-0.104686 0.9319518 3.77038
-0.14244 0.6802707 3.774052
-0.13229 0.4615711 3.706794
-0.1172092 0.4126326 3.69734
0.2385899 0.9276706 3.797989
0.28085 0.6748593 3.820468
0.2729093 0.4694472 3.764452
0.2518732 0.4200291 3.745682
0.002705473 0.4274551 3.738308
-0.01936775 0.09835648 3.766039
0.007693206 -0.3136031 3.769134
-0.008292232 -0.3151215 3.706807
0.1543673 0.4277226 3.755655
0.1590879 0.08020182 3.795696
0.1082947 -0.3110202 3.786784
0.1547019 -0.3156288 3.724601
0.06916537 0.9585968 3.786678
-0.1126879 0.3373393 3.696189
-0.07723347 0.4174345 3.66922
0.2360142 0.341276 3.728578
0.216542 0.4251545 3.701978
44
0.07942382 0.4227356 3.779459
0.07389431 0.7300662 3.78704
0.06732076 1.03439 3.783797
0.07745904 1.174508 3.777246
-0.1048136 0.9315861 3.770611
-0.1422732 0.6800886 3.774181
-0.1322547 0.4615658 3.706991
-0.1173621 0.412542 3.696698
0.2386095 0.9278244 3.797999
0.2821375 0.6757995 3.826043
0.2720233 0.4702312 3.766514
0.2522628 0.4196042 3.745825
0.002537347 0.4273507 3.738457
-0.01938351 0.09755257 3.766901
0.007764375 -0.3149148 3.769341
-0.009195173 -0.3163931 3.708115
0.1543434 0.4277102 3.755631
0.1590068 0.08022258 3.795511
0.107526 -0.3108957 3.786921
0.1550128 -0.3157743 3.724462
0.06905328 0.9587203 3.786754
-0.1125045 0.3372627 3.696126
-0.07724181 0.4171819 3.669506
0.2351759 0.3409624 3.728167
0.2177753 0.4280773 3.701849
45
0.07942382 0.4227356 3.779459
0.07389431 0.7300662 3.78704
0.06732076 1.03439 3.783797
0.07745904 1.174508 3.777246
-0.1048136 0.9315861 3.770611
-0.1422732 0.6800886 3.774181
-0.1322547 0.4615658 3.706991
-0.1173621 0.412542 3.696698
0.2386095 0.9278244 3.797999
0.2821375 0.6757995 3.826043
0.2720233 0.4702312 3.766514
0.2522628 0.4196042 3.745825
0.002537347 0.4273507 3.738457
-0.01938351 0.09755257 3.766901
0.007764375 -0.3149148 3.769341
-0.009195173 -0.3163931 3.708115
0.1543434 0.4277102 3.755631
0.1590068 0.08022258 3.795511
0.107526 -0.3108957 3.786921
0.1550128 -0.3157743 3.724462
0.06905328 0.9587203 3.786754
-0.1125045 0.3372627 3.696126
-0.07724181 0.4171819 3.669506
0.2351759 0.3409624 3.728167
0.2177753 0.4280773 3.701849
46
0.07930831 0.4226761 3.779511
0.07377408 0.7301201 3.787115
0.06715985 1.034606 3.78386
0.07653123 1.174972 3.777598
-0.1049833 0.9310628 3.770805
-0.1421379 0.6799375 3.77428
-0.1322327 0.4615638 3.707137
-0.1174756 0.4124888 3.69618
0.2385643 0.9280655 3.797984
0.2840205 0.6781178 3.833414
0.2711356 0.4718188 3.769115
0.2530099 0.4191756 3.746004
0.002312609 0.4272268 3.738633
-0.01940889 0.09614273 3.768226
0.007856028 -0.3159579 3.769454
-0.009950402 -0.3173161 3.709027
0.1542407 0.4277038 3.755492
0.1589284 0.08015661 3.795328
0.1069283 -0.310748 3.786994
0.1551525 -0.3158289 3.724413
0.06889997 0.9588894 3.786827
-0.1124911 0.3371618 3.695825
-0.077149 0.4167313 3.669231
0.2338918 0.3407715 3.727541
0.219196 0.4301425 3.702434
47
0.07930831 0.4226761 3.779511
0.07377408 0.7301201 3.787115
0.06715985 1.034606 3.78386
0.07653123 1.174972 3.777598
-0.1049833 0.9310628 3.770805
-0.1421379 0.6799375 3.77428
-0.1322327 0.4615638 3.707137
-0.1174756 0.4124888 3.69618
0.2385643 0.9280655 3.797984
0.2840205 0.6781178 3.833414
0.2711356 0.4718188 3.769115
0.2530099 0.4191756 3.746004
0.002312609 0.4272268 3.738633
-0.01940889 0.09614273 3.768226
0.007856028 -0.3159579 3.769454
-0.009950402 -0.3173161 3.709027
0.1542407 0.4277038 3.755492
0.1589284 0.08015661 3.795328
0.1069283 -0.310748 3.786994
0.1551525 -0.3158289 3.724413
0.06889997 0.9588894 3.786827
-0.1124911 0.3371618 3.695825
-0.077149 0.4167313 3.669231
0.2338918 0.3407715 3.727541
0.219196 0.4301425 3.702434
48
0.07909631 0.4226114 3.779517
0.07361802 0.7301848 3.787146
0.06700478 1.034817 3.783858
0.07546196 1.17539 3.777703
-0.10528 0.9303402 3.771038
-0.1419893 0.67973 3.774395
-0.1322183 0.4615668 3.707234
-0.1176317 0.4124313 3.695254
0.2382707 0.9286009 3.797682
0.2857528 0.6803475 3.840416
0.2830838 0.4781705 3.764977
0.2753713 0.4330405 3.743836
0.001984901 0.4270817 3.738812
-0.01944358 0.09523361 3.769252
0.007918151 -0.3168143 3.769533
-0.01080721 -0.3180985 3.709634
0.153977 0.4277394 3.755101
0.1587974 0.07997039 3.795131
0.1056056 -0.3104157 3.787039
0.1552635 -0.3158829 3.724375
0.06874256 0.9590588 3.78684
-0.1122836 0.3372504 3.694494
-0.07714246 0.4165065 3.669313
0.2635885 0.3779535 3.7342
0.2563691 0.4483815 3.710002
49
0.07909631 0.4226114 3.779517
0.07361802 0.7301848 3.787146
0.06700478 1.034817 3.783858
0.07546196 1.17539 3.777703
-0.10528 0.9303402 3.771038
-0.1419893 0.67973 3.774395
-0.1322183 0.4615668 3.707234
-0.1176317 0.4124313 3.695254
0.2382707 0.9286009 3.797682
0.2857528 0.6803475 3.840416
0.2830838 0.4781705 3.764977
0.2753713 0.4330405 3.743836
0.001984901 0.4270817 3.738812
-0.01944358 0.09523361 3.769252
0.007918151 -0.3168143 3.769533
-0.01080721 -0.3180985 3.709634
0.153977 0.4277394 3.755101
0.1587974 0.07997039 3.795131
0.1056056 -0.3104157 3.787039
0.1552635 -0.3158829 3.724375
0.06874256 0.9590588 3.78684
-0.1122836 0.3372504 3.694494
-0.07714246 0.4165065 3.669313
0.2635885 0.3779535 3.7342
0.2563691 0.4483815 3.710002
50
0.0787323 0.4225429 3.779481
0.0734157 0.7302678 3.787139
0.06685149 1.035045 3.783795
0.0741317 1.175733 3.777635
-0.1057189 0.9293638 3.771425
-0.1417439 0.6793147 3.774691
-0.1322233 0.4615909 3.707297
-0.1177282 0.4126414 3.694497
0.2378385 0.9295009 3.797145
0.2870621 0.6822611 3.845611
0.2911103 0.483743 3.758593
0.2829299 0.4393432 3.740644
0.001436053 0.4268917 3.739074
-0.01948771 0.09450846 3.770087
0.007936712 -0.31746 3.76955
-0.01144609 -0.3186728 3.710105
0.15351 0.4278352 3.754458
0.158606 0.07967557 3.794878
0.1045546 -0.3101822 3.787024
0.1553716 -0.3159637 3.724279
0.0685765 0.959245 3.786801
-0.1123367 0.3375028 3.693462
-0.07716173 0.4161443 3.66932
0.2796569 0.4048648 3.734714
0.2874889 0.4748521 3.7061
51
0.0787323 0.4225429 3.779481
0.0734157 0.7302678 3.787139
0.06685149 1.035045 3.783795
0.0741317 1.175733 3.777635
-0.1057189 0.9293638 3.771425
-0.1417439 0.6793147 3.774691
-0.1322233 0.4615909 3.707297
-0.1177282 0.4126414 3.694497
0.2378385 0.9295009 3.797145
0.2870621 0.6822611 3.845611
0.2911103 0.483743 3.758593
0.2829299 0.4393432 3.740644
0.001436053 0.4268917 3.739074
-0.01948771 0.09450846 3.770087
0.007936712 -0.31746 3.76955
-0.01144609 -0.3186728 3.710105
0.15351 0.4278352 3.754458
0.158606 0.07967557 3.794878
0.1045546 -0.3101822 3.787024
0.1553716 -0.3159637 3.724279
0.0685765 0.959245 3.786801
-0.1123367 0.3375028 3.693462
-0.07716173 0.4161443 3.66932
0.2796569 0.4048648 3.734714
0.2874889 0.4748521 3.7061
52
0.07816979 0.4225118 3.779331
0.0729919 0.7304628 3.787042
0.06650176 1.035449 3.783645
0.07241022 1.176205 3.777453
-0.106563 0.9278406 3.7727
-0.1413863 0.67869 3.77532
-0.1322271 0.4616106 3.707341
-0.1176872 0.4129447 3.694058
0.2370386 0.9313328 3.795705
0.289316 0.6878696 3.852417
0.3111291 0.5140001 3.737953
0.2907006 0.4818366 3.724802
0.0007209274 0.426718 3.739373
-0.01957821 0.09389478 3.770834
0.007979627 -0.3179454 3.769548
-0.0119233 -0.3190926 3.710427
0.1526659 0.428124 3.753097
0.1583716 0.07937631 3.794438
0.1037236 -0.3099993 3.787036
0.15547 -0.3160664 3.724157
0.06820478 0.9595965 3.786674
-0.1116428 0.3375299 3.693098
-0.07709499 0.415612 3.669193
0.2975142 0.4447607 3.709522
0.3157282 0.47925 3.696042
53
0.07816979 0.4225118 3.779331
0.0729919 0.7304628 3.787042
0.06650176 1.035449 3.783645
0.07241022 1.176205 3.777453
-0.106563 0.9278406 3.7727
-0.1413863 0.67869 3.77532
-0.1322271 0.4616106 3.707341
-0.1176872 0.4129447 3.694058
0.2370386 0.9313328 3.795705
0.289316 0.6878696 3.852417
0.3111291 0.5140001 3.737953
0.2907006 0.4818366 3.724802
0.0007209274 0.426718 3.739373
-0.01957821 0.09389478 3.770834
0.007979627 -0.3179454 3.769548
-0.0119233 -0.3190926 3.710427
0.1526659 0.428124 3.753097
0.1583716 0.07937631 3.794438
0.1037236 -0.3099993 3.787036
0.15547 -0.3160664 3.724157
0.06820478 0.9595965 3.786674
-0.1116428 0.3375299 3.693098
-0.07709499 0.415612 3.669193
0.2975142 0.4447607 3.709522
0.3157282 0.47925 3.696042
54
0.07758796 0.4225025 3.779162
0.07253505 0.730685 3.786896
0.06613523 1.035888 3.783395
0.07034561 1.176802 3.777263
-0.1074863 0.9260371 3.774606
-0.140871 0.6779127 3.77664
-0.1326729 0.4635968 3.708946
-0.1177224 0.413051 3.69382
0.2358491 0.9340184 3.793447
0.2938941 0.7023738 3.85642
0.3199027 0.5553583 3.708238
0.2954251 0.524069 3.697466
-7.628443E-05 0.4265601 3.739753
-0.01959417 0.09341137 3.771603
0.008027968 -0.3182769 3.769605
-0.0122491 -0.3193516 3.710706
0.1518414 0.428471 3.751666
0.1580842 0.07902309 3.793964
0.1057407 -0.3104689 3.787711
0.1555545 -0.3161409 3.724022
0.06781065 0.9599818 3.786463
-0.1119873 0.3393954 3.691325
-0.0776687 0.4183787 3.669663
0.3041865 0.4853347 3.659219
0.3334453 0.5263357 3.663845
55
0.07758796 0.4225025 3.779162
0.07253505 0.730685 3.786896
0.06613523 1.035888 3.783395
0.07034561 1.176802 3.777263
-0.1074863 0.9260371 3.774606
-0.140871 0.6779127 3.77664
-0.1326729 0.4635968 3.708946
-0.1177224 0.413051 3.69382
0.2358491 0.9340184 3.793447
0.2938941 0.7023738 3.85642
0.3199027 0.5553583 3.708238
0.2954251 0.524069 3.697466
-7.628443E-05 0.4265601 3.739753
-0.01959417 0.09341137 3.771603
0.008027968 -0.3182769 3.769605
-0.0122491 -0.3193516 3.710706
0.1518414 0.428471 3.751666
0.1580842 0.07902309 3.793964
0.1057407 -0.3104689 3.787711
0.1555545 -0.3161409 3.724022
0.06781065 0.9599818 3.786463
-0.1119873 0.3393954 3.691325
-0.0776687 0.4183787 3.669663
0.3041865 0.4853347 3.659219
0.3334453 0.5263357 3.663845
56
0.07673874 0.4225303 3.778978
0.07198345 0.7309437 3.786701
0.06575056 1.036345 3.783065
0.06753861 1.177658 3.777284
-0.1084871 0.924182 3.776904
-0.1398689 0.6769459 3.779722
-0.133114 0.4659064 3.711621
-0.1173664 0.4128142 3.694314
0.2342798 0.9380548 3.790086
0.3019228 0.7204811 3.849601
0.3191157 0.595095 3.662173
0.2979988 0.5691043 3.653301
-0.001298357 0.4263961 3.740383
-0.01960914 0.09323271 3.772294
0.006087049 -0.2890199 3.769925
-0.003610702 -0.2891274 3.68208
0.1509042 0.4288475 3.750281
0.1577928 0.07867399 3.793484
0.1056345 -0.310378 3.788159
0.1556198 -0.3162004 3.723959
0.06738581 0.9603879 3.786183
-0.1125814 0.3442363 3.692306
-0.07773317 0.4187582 3.669856
0.3122073 0.5342632 3.611218
0.3368477 0.581825 3.622296
57
0.07673874 0.4225303 3.778978
0.07198345 0.7309437 3.786701
0.06575056 1.036345 3.783065
0.06753861 1.177658 3.777284
-0.1084871 0.924182 3.776904
-0.1398689 0.6769459 3.779722
-0.133114 0.4659064 3.711621
-0.1173664 0.4128142 3.694314
0.2342798 0.9380548 3.790086
0.3019228 0.7204811 3.849601
0.3191157 0.595095 3.662173
0.2979988 0.5691043 3.653301
-0.001298357 0.4263961 3.740383
-0.01960914 0.09323271 3.772294
0.006087049 -0.2890199 3.769925
-0.003610702 -0.2891274 3.68208
0.1509042 0.4288475 3.750281
0.1577928 0.07867399 3.793484
0.1056345 -0.310378 3.788159
0.1556198 -0.3162004 3.723959
0.06738581 0.9603879 3.786183
-0.1125814 0.3442363 3.692306
-0.07773317 0.4187582 3.669856
0.3122073 0.5342632 3.611218
0.3368477 0.581825 3.622296
58
0.07584688 0.4225898 3.778798
0.07143908 0.7312275 3.786473
0.06543381 1.036894 3.782586
0.06427775 1.178592 3.777305
-0.1093156 0.9225404 3.779466
-0.1385083 0.676132 3.784491
-0.1333942 0.4683899 3.715028
-0.1172118 0.4126228 3.695358
0.2330538 0.942014 3.786748
0.318532 0.7418513 3.820445
0.323836 0.639648 3.611504
0.3018027 0.6250882 3.605174
-0.002566948 0.4263063 3.741095
-0.01963724 0.09337952 3.772954
0.004804788 -0.2723665 3.770797
-0.0006852814 -0.2721335 3.669052
0.1500036 0.4292004 3.749006
0.1575245 0.0783717 3.793047
0.1035177 -0.3098489 3.7879
0.1556716 -0.3162557 3.723902
0.06700429 0.9608578 3.785799
-0.1199723 0.3488047 3.691861
-0.07771201 0.4178648 3.670365
0.3145556 0.5956925 3.562377
0.3397761 0.6328637 3.575516
59
0.07584688 0.4225898 3.778798
0.07143908 0.7312275 3.786473
0.06543381 1.036894 3.782586
0.06427775 1.178592 3.777305
-0.1093156 0.9225404 3.779466
-0.1385083 0.676132 3.784491
-0.1333942 0.4683899 3.715028
-0.1172118 0.4126228 3.695358
0.2330538 0.942014 3.786748
0.318532 0.7418513 3.820445
0.323836 0.639648 3.611504
0.3018027 0.6250882 3.605174
-0.002566948 0.4263063 3.741095
-0.01963724 0.09337952 3.772954
0.004804788 -0.2723665 3.770797
-0.0006852814 -0.2721335 3.669052
0.1500036 0.4292004 3.749006
0.1575245 0.0783717 3.793047
0.1035177 -0.3098489 3.7879
0.1556716 -0.3162557 3.723902
0.06700429 0.9608578 3.785799
-0.1199723 0.3488047 3.691861
-0.07771201 0.4178648 3.670365
0.3145556 0.5956925 3.562377
0.3397761 0.6328637 3.575516
60
0.07461768 0.4227593 3.778645
0.07071667 0.7316179 3.786242
0.06507923 1.037479 3.782137
0.06101333 1.179461 3.777284
-0.109965 0.9212131 3.782343
-0.1369205 0.6752375 3.790559
-0.1331933 0.4678016 3.718743
-0.1173841 0.4133849 3.698516
0.2322876 0.9459012 3.783134
0.3453765 0.7747759 3.779015
0.3201332 0.6803977 3.557298
0.3042899 0.6771865 3.540576
-0.004452225 0.4264129 3.742328
-0.01969812 0.09359171 3.773562
0.004193753 -0.2654282 3.771402
0.0003266167 -0.2650346 3.663215
0.1489139 0.4296139 3.747673
0.1572134 0.07798332 3.792596
0.1020985 -0.3095271 3.787415
0.1557119 -0.3163025 3.723843
0.06656177 0.9613863 3.785427
-0.1216308 0.3509937 3.692583
-0.07793536 0.4156818 3.672113
0.3071221 0.657536 3.510559
0.3382527 0.6841707 3.514504
61
0.07461768 0.4227593 3.778645
0.07071667 0.7316179 3.786242
0.06507923 1.037479 3.782137
0.06101333 1.179461 3.777284
-0.109965 0.9212131 3.782343
-0.1369205 0.6752375 3.790559
-0.1331933 0.4678016 3.718743
-0.1173841 0.4133849 3.698516
0.2322876 0.9459012 3.783134
0.3453765 0.7747759 3.779015
0.3201332 0.6803977 3.557298
0.3042899 0.6771865 3.540576
-0.004452225 0.4264129 3.742328
-0.01969812 0.09359171 3.773562
0.004193753 -0.2654282 3.771402
0.0003266167 -0.2650346 3.663215
0.1489139 0.4296139 3.747673
0.1572134 0.07798332 3.792596
0.1020985 -0.3095271 3.787415
0.1557119 -0.3163025 3.723843
0.06656177 0.9613863 3.785427
-0.1216308 0.3509937 3.692583
-0.07793536 0.4156818 3.672113
0.3071221 0.657536 3.510559
0.3382527 0.6841707 3.514504
62
0.07342789 0.4229736 3.778635
0.0700301 0.7320274 3.786088
0.06477433 1.038045 3.781765
0.05801637 1.180151 3.777362
-0.1103828 0.9201971 3.78503
-0.1344014 0.6726626 3.800014
-0.134621 0.4683658 3.727292
-0.1181872 0.4127682 3.702172
0.2321629 0.9494195 3.77963
0.3700096 0.8014588 3.740164
0.3150918 0.7458926 3.513568
0.3056365 0.7317652 3.475131
-0.006313523 0.4266057 3.74403
-0.01983881 0.09368385 3.774247
0.003876317 -0.2614449 3.771746
0.001079287 -0.2608419 3.659586
0.1479785 0.4299888 3.746611
0.1568995 0.07763493 3.792092
0.1011967 -0.3093085 3.787228
0.1557391 -0.3163626 3.723784
0.06616712 0.9619073 3.785123
-0.1230534 0.3520696 3.694608
-0.08030267 0.4166354 3.678012
0.3008034 0.725169 3.444803
0.3334147 0.7447391 3.456545
63
0.07342789 0.4229736 3.778635
0.0700301 0.7320274 3.786088
0.06477433 1.038045 3.781765
0.05801637 1.180151 3.777362
-0.1103828 0.9201971 3.78503
-0.1344014 0.6726626 3.800014
-0.134621 0.4683658 3.727292
-0.1181872 0.4127682 3.702172
0.2321629 0.9494195 3.77963
0.3700096 0.8014588 3.740164
0.3150918 0.7458926 3.513568
0.3056365 0.7317652 3.475131
-0.006313523 0.4266057 3.74403
-0.01983881 0.09368385 3.774247
0.003876317 -0.2614449 3.771746
0.001079287 -0.2608419 3.659586
0.1479785 0.4299888 3.746611
0.1568995 0.07763493 3.792092
0.1011967 -0.3093085 3.787228
0.1557391 -0.3163626 3.723784
0.06616712 0.9619073 3.785123
-0.1230534 0.3520696 3.694608
-0.08030267 0.4166354 3.678012
0.3008034 0.725169 3.444803
0.3334147 0.7447391 3.456545
64
0.07234407 0.4232169 3.778693
0.06936161 0.7324716 3.78602
0.06448787 1.038623 3.781526
0.05472133 1.18066 3.777754
-0.1104359 0.9196678 3.787686
-0.1327119 0.6707198 3.806844
-0.134374 0.4669828 3.732651
-0.119185 0.4127889 3.707589
0.2319202 0.9532483 3.775279
0.4045595 0.8265664 3.671174
0.3100794 0.8011371 3.454603
0.2989024 0.7889315 3.399969
-0.007960076 0.4268751 3.745843
-0.01987219 0.09364928 3.77499
0.005878846 -0.2919682 3.771658
-0.007771388 -0.2921333 3.685267
0.1471732 0.430344 3.745727
0.156561 0.07720244 3.791569
0.1003097 -0.3091139 3.786916
0.1557604 -0.3164268 3.723703
0.06578936 0.9624511 3.784932
-0.1253223 0.3532364 3.697947
-0.08123263 0.4193429 3.681981
0.2845114 0.7863666 3.374447
0.31734 0.7798681 3.385497
65
0.07234407 0.4232169 3.778693
0.06936161 0.7324716 3.78602
0.06448787 1.038623 3.781526
0.05472133 1.18066 3.777754
-0.1104359 0.9196678 3.787686
-0.1327119 0.6707198 3.806844
-0.134374 0.4669828 3.732651
-0.119185 0.4127889 3.707589
0.2319202 0.9532483 3.775279
0.4045595 0.8265664 3.671174
0.3100794 0.8011371 3.454603
0.2989024 0.7889315 3.399969
-0.007960076 0.4268751 3.745843
-0.01987219 0.09364928 3.77499
0.005878846 -0.2919682 3.771658
-0.007771388 -0.2921333 3.685267
0.1471732 0.430344 3.745727
0.156561 0.07720244 3.791569
0.1003097 -0.3091139 3.786916
0.1557604 -0.3164268 3.723703
0.06578936 0.9624511 3.784932
-0.1253223 0.3532364 3.697947
-0.08123263 0.4193429 3.681981
0.2845114 0.7863666 3.374447
0.31734 0.7798681 3.385497
66
0.07128525 0.4234876 3.778892
0.06874891 0.7329214 3.786093
0.06429797 1.039179 3.781475
0.05191622 1.180976 3.778223
-0.1104202 0.9193091 3.793398
-0.1313905 0.6686937 3.813227
-0.1342015 0.465434 3.7368
-0.1202652 0.4124914 3.713758
0.2315884 0.9563315 3.771115
0.4221015 0.8526053 3.598053
0.3075904 0.8523073 3.393939
0.2830864 0.8488925 3.319391
-0.009498806 0.4271843 3.748137
-0.01976224 0.09354846 3.775931
0.007111405 -0.3111494 3.771478
-0.01318447 -0.3117312 3.701874
0.1464372 0.4306771 3.745003
0.1562842 0.07683443 3.791152
0.09979156 -0.3090683 3.786732
0.1557857 -0.3165412 3.7235
0.06549831 0.9629793 3.784909
-0.1282501 0.3519061 3.703292
-0.08214913 0.4192345 3.68518
0.269332 0.8430928 3.294695
0.2959288 0.8342989 3.298177
67
0.07128525 0.4234876 3.778892
0.06874891 0.7329214 3.786093
0.06429797 1.039179 3.781475
0.05191622 1.180976 3.778223
-0.1104202 0.9193091 3.793398
-0.1313905 0.6686937 3.813227
-0.1342015 0.465434 3.7368
-0.1202652 0.4124914 3.713758
0.2315884 0.9563315 3.771115
0.4221015 0.8526053 3.598053
0.3075904 0.8523073 3.393939
0.2830864 0.8488925 3.319391
-0.009498806 0.4271843 3.748137
-0.01976224 0.09354846 3.775931
0.007111405 -0.3111494 3.771478
-0.01318447 -0.3117312 3.701874
0.1464372 0.4306771 3.745003
0.1562842 0.07683443 3.791152
0.09979156 -0.3090683 3.786732
0.1557857 -0.3165412 3.7235
0.06549831 0.9629793 3.784909
-0.1282501 0.3519061 3.703292
-0.08214913 0.4192345 3.68518
0.269332 0.8430928 3.294695
0.2959288 0.8342989 3.298177
68
0.07046178 0.4237561 3.779147
0.06826343 0.7333671 3.78625
0.06419114 1.039756 3.781542
0.04971551 1.181136 3.778673
-0.1101214 0.9187314 3.800514
-0.130289 0.6672807 3.81825
-0.13408 0.4639838 3.740096
-0.1220917 0.4107624 3.72041
0.2307678 0.9602436 3.76352
0.4011922 0.9098827 3.520649
0.2979144 0.9040463 3.31728
0.2652503 0.9024165 3.239656
-0.01051509 0.4275233 3.750391
-0.01941478 0.09222294 3.777449
0.007614683 -0.3195151 3.771179
-0.01556912 -0.3200914 3.709082
0.1458643 0.4309676 3.744437
0.1561196 0.07661319 3.790836
0.0995342 -0.3091123 3.786601
0.1558098 -0.3166728 3.723292
0.065294 0.9635219 3.784991
-0.129401 0.3501686 3.708445
-0.08355541 0.4171116 3.690812
0.2500904 0.8920254 3.216854
0.2762201 0.8859586 3.212529
69
0.07046178 0.4237561 3.779147
0.06826343 0.7333671 3.78625
0.06419114 1.039756 3.781542
0.04971551 1.181136 3.778673
-0.1101214 0.9187314 3.800514
-0.130289 0.6672807 3.81825
-0.13408 0.4639838 3.740096
-0.1220917 0.4107624 3.72041
0.2307678 0.9602436 3.76352
0.4011922 0.9098827 3.520649
0.2979144 0.9040463 3.31728
0.2652503 0.9024165 3.239656
-0.01051509 0.4275233 3.750391
-0.01941478 0.09222294 3.777449
0.007614683 -0.3195151 3.771179
-0.01556912 -0.3200914 3.709082
0.1458643 0.4309676 3.744437
0.1561196 0.07661319 3.790836
0.0995342 -0.3091123 3.786601
0.1558098 -0.3166728 3.723292
0.065294 0.9635219 3.784991
-0.129401 0.3501686 3.708445
-0.08355541 0.4171116 3.690812
0.2500904 0.8920254 3.216854
0.2762201 0.8859586 3.212529
70
0.06980373 0.4240092 3.779476
0.06790146 0.7337795 3.786481
0.06420337 1.04031 3.781709
0.04797103 1.18124 3.779276
-0.1095554 0.9176447 3.808177
-0.1291145 0.6663668 3.822886
-0.1340712 0.4621452 3.743409
-0.123752 0.4104812 3.727818
0.2302533 0.962615 3.758723
0.3867569 0.9364763 3.487333
0.2840483 0.9263502 3.289652
0.2473133 0.9458082 3.165046
-0.01110042 0.4278336 3.753091
-0.01836748 0.09042647 3.779113
0.00772929 -0.3242561 3.770849
-0.01695312 -0.324655 3.712922
0.1454099 0.4312155 3.74399
0.1560334 0.07641331 3.79067
0.09960555 -0.3092373 3.786597
0.1558249 -0.3167926 3.723104
0.06520284 0.9640373 3.785165
-0.13008 0.3464701 3.717464
-0.08415172 0.4165441 3.693214
0.2360351 0.9403446 3.142992
0.2621053 0.9371065 3.139456
71
0.06980373 0.4240092 3.779476
0.06790146 0.7337795 3.786481
0.06420337 1.04031 3.781709
0.04797103 1.18124 3.779276
-0.1095554 0.9176447 3.808177
-0.1291145 0.6663668 3.822886
-0.1340712 0.4621452 3.743409
-0.123752 0.4104812 3.727818
0.2302533 0.962615 3.758723
0.3867569 0.9364763 3.487333
0.2840483 0.9263502 3.289652
0.2473133 0.9458082 3.165046
-0.01110042 0.4278336 3.753091
-0.01836748 0.09042647 3.779113
0.00772929 -0.3242561 3.770849
-0.01695312 -0.324655 3.712922
0.1454099 0.4312155 3.74399
0.1560334 0.07641331 3.79067
0.09960555 -0.3092373 3.786597
0.1558249 -0.3167926 3.723104
0.06520284 0.9640373 3.785165
-0.13008 0.3464701 3.717464
-0.08415172 0.4165441 3.693214
0.2360351 0.9403446 3.142992
0.2621053 0.9371065 3.139456
72
0.06899008 0.4242544 3.780317
0.06756378 0.7342804 3.787096
0.06446357 1.041111 3.782357
0.04659478 1.181507 3.78024
-0.108364 0.9165612 3.815228
-0.1281954 0.6656557 3.826982
-0.1341285 0.460446 3.748161
-0.125625 0.410817 3.736109
0.2298115 0.9640815 3.755261
0.2938983 0.9742212 3.452064
0.2545961 0.907258 3.266465
0.2436576 0.9780385 3.119648
-0.01156312 0.4281775 3.757906
-0.01785628 0.08999009 3.779869
0.007861419 -0.327287 3.770798
-0.01796511 -0.3276768 3.715504
0.1449383 0.4313955 3.743642
0.1562747 0.07611572 3.790808
0.1000125 -0.3094288 3.786701
0.1559549 -0.3169127 3.722876
0.06528119 0.9647477 3.785769
-0.1328976 0.3454854 3.729334
-0.08517139 0.4164511 3.698169
0.2465516 0.9757764 3.093121
0.2650327 0.9760439 3.100317
73
0.06899008 0.4242544 3.780317
0.06756378 0.7342804 3.787096
0.06446357 1.041111 3.782357
0.04659478 1.181507 3.78024
-0.108364 0.9165612 3.815228
-0.1281954 0.6656557 3.826982
-0.1341285 0.460446 3.748161
-0.125625 0.410817 3.736109
0.2298115 0.9640815 3.755261
0.2938983 0.9742212 3.452064
0.2545961 0.907258 3.266465
0.2436576 0.9780385 3.119648
-0.01156312 0.4281775 3.757906
-0.01785628 0.08999009 3.779869
0.007861419 -0.327287 3.770798
-0.01796511 -0.3276768 3.715504
0.1449383 0.4313955 3.743642
0.1562747 0.07611572 3.790808
0.1000125 -0.3094288 3.786701
0.1559549 -0.3169127 3.722876
0.06528119 0.9647477 3.785769
-0.1328976 0.3454854 3.729334
-0.08517139 0.4164511 3.698169
0.2465516 0.9757764 3.093121
0.2650327 0.9760439 3.100317
74
0.06838091 0.4244999 3.781408
0.06756034 0.7348955 3.788214
0.06566327 1.042274 3.78393
0.04564136 1.18167 3.781282
-0.10639 0.9153209 3.823176
-0.1273001 0.6648799 3.830899
-0.1341484 0.4587492 3.753294
-0.1266245 0.4101814 3.743566
0.2290335 0.9648649 3.751873
0.2448551 0.8638085 3.53669
0.2049618 0.8806221 3.292953
0.2444435 1.007272 3.088844
-0.01085836 0.4285613 3.76516
-0.01741488 0.08968519 3.780441
0.00799608 -0.329033 3.770805
-0.01864716 -0.3294143 3.717111
0.1445509 0.4315484 3.743321
0.1566032 0.07584476 3.791077
0.1004825 -0.3094924 3.78677
0.1561636 -0.3168875 3.722854
0.06609181 0.9657586 3.787179
-0.1336289 0.343706 3.736915
-0.08648395 0.4093187 3.707134
0.2572395 1.013046 3.060709
0.2641156 0.9966829 3.069889
75
0.06838091 0.4244999 3.781408
0.06756034 0.7348955 3.788214
0.06566327 1.042274 3.78393
0.04564136 1.18167 3.781282
-0.10639 0.9153209 3.823176
-0.1273001 0.6648799 3.830899
-0.1341484 0.4587492 3.753294
-0.1266245 0.4101814 3.743566
0.2290335 0.9648649 3.751873
0.2448551 0.8638085 3.53669
0.2049618 0.8806221 3.292953
0.2444435 1.007272 3.088844
-0.01085836 0.4285613 3.76516
-0.01741488 0.08968519 3.780441
0.00799608 -0.329033 3.770805
-0.01864716 -0.3294143 3.717111
0.1445509 0.4315484 3.743321
0.1566032 0.07584476 3.791077
0.1004825 -0.3094924 3.78677
0.1561636 -0.3168875 3.722854
0.06609181 0.9657586 3.787179
-0.1336289 0.343706 3.736915
-0.08648395 0.4093187 3.707134
0.2572395 1.013046 3.060709
0.2641156 0.9966829 3.069889
76
0.06775311 0.4246428 3.783025
0.06774227 0.7354975 3.789455
0.06764103 1.043695 3.785548
0.04515494 1.181851 3.782488
-0.1038927 0.9150038 3.830089
-0.1265113 0.664272 3.834066
-0.1339861 0.4570892 3.75885
-0.1272886 0.4095452 3.751395
0.2243425 0.9617022 3.740884
0.2228345 0.699417 3.654202
0.1421582 0.6839912 3.435526
0.1673696 0.7300156 3.354105
-0.00999163 0.4286515 3.77241
-0.01716441 0.0895777 3.780796
0.008088355 -0.3291883 3.770847
-0.01944345 -0.3295746 3.717223
0.1440967 0.4316388 3.743015
0.1573633 0.07524156 3.791848
0.1011039 -0.309601 3.786965
0.1562743 -0.3168521 3.722808
0.06742858 0.9669111 3.788679
-0.1339214 0.3429836 3.743382
-0.08681686 0.4049375 3.711364
0.1820164 0.7359354 3.326011
0.1874126 0.7176169 3.333404
77
0.06775311 0.4246428 3.783025
0.06774227 0.7354975 3.789455
0.06764103 1.043695 3.785548
0.04515494 1.181851 3.782488
-0.1038927 0.9150038 3.830089
-0.1265113 0.664272 3.834066
-0.1339861 0.4570892 3.75885
-0.1272886 0.4095452 3.751395
0.2243425 0.9617022 3.740884
0.2228345 0.699417 3.654202
0.1421582 0.6839912 3.435526
0.1673696 0.7300156 3.354105
-0.00999163 0.4286515 3.77241
-0.01716441 0.0895777 3.780796
0.008088355 -0.3291883 3.770847
-0.01944345 -0.3295746 3.717223
0.1440967 0.4316388 3.743015
0.1573633 0.07524156 3.791848
0.1011039 -0.309601 3.786965
0.1562743 -0.3168521 3.722808
0.06742858 0.9669111 3.788679
-0.1339214 0.3429836 3.743382
-0.08681686 0.4049375 3.711364
0.1820164 0.7359354 3.326011
0.1874126 0.7176169 3.333404
78
0.06724884 0.4247337 3.784523
0.06805325 0.7360451 3.790666
0.06983155 1.04503 3.787034
0.04511907 1.182047 3.783778
-0.1017068 0.914656 3.835295
-0.1238864 0.66122 3.839139
-0.1337269 0.4556469 3.764153
-0.1279103 0.4083711 3.758024
0.2201729 0.9583114 3.731266
0.1756599 0.6764323 3.656922
0.09289666 0.6392776 3.462274
0.1308099 0.7232095 3.356524
-0.009291193 0.4286191 3.777745
-0.01696765 0.09010983 3.780885
0.008128626 -0.3284045 3.770908
-0.02003993 -0.3287964 3.716492
0.1435864 0.4316958 3.742629
0.1583073 0.07450417 3.792796
0.1012938 -0.3095868 3.78691
0.156294 -0.3167685 3.722807
0.06899233 0.9680091 3.790106
-0.1287418 0.3367139 3.750947
-0.08732803 0.4030551 3.714967
0.1505398 0.7331818 3.326134
0.1515824 0.7097679 3.336255
79
0.06724884 0.4247337 3.784523
0.06805325 0.7360451 3.790666
0.06983155 1.04503 3.787034
0.04511907 1.182047 3.783778
-0.1017068 0.914656 3.835295
-0.1238864 0.66122 3.839139
-0.1337269 0.4556469 3.764153
-0.1279103 0.4083711 3.758024
0.2201729 0.9583114 3.731266
0.1756599 0.6764323 3.656922
0.09289666 0.6392776 3.462274
0.1308099 0.7232095 3.356524
-0.009291193 0.4286191 3.777745
-0.01696765 0.09010983 3.780885
0.008128626 -0.3284045 3.770908
-0.02003993 -0.3287964 3.716492
0.1435864 0.4316958 3.742629
0.1583073 0.07450417 3.792796
0.1012938 -0.3095868 3.78691
0.156294 -0.3167685 3.722807
0.06899233 0.9680091 3.790106
-0.1287418 0.3367139 3.750947
-0.08732803 0.4030551 3.714967
0.1505398 0.7331818 3.326134
0.1515824 0.7097679 3.336255
80
0.06724884 0.4247337 3.784523
0.06805325 0.7360451 3.790666
0.06983155 1.04503 3.787034
0.04511907 1.182047 3.783778
-0.1017068 0.914656 3.835295
-0.1238864 0.66122 3.839139
-0.1337269 0.4556469 3.764153
-0.1279103 0.4083711 3.758024
0.2201729 0.9583114 3.731266
0.1756599 0.6764323 3.656922
0.09289666 0.6392776 3.462274
0.1308099 0.7232095 3.356524
-0.009291193 0.4286191 3.777745
-0.01696765 0.09010983 3.780885
0.008128626 -0.3284045 3.770908
-0.02003993 -0.3287964 3.716492
0.1435864 0.4316958 3.742629
0.1583073 0.07450417 3.792796
0.1012938 -0.3095868 3.78691
0.156294 -0.3167685 3.722807
0.06899233 0.9680091 3.790106
-0.1287418 0.3367139 3.750947
-0.08732803 0.4030551 3.714967
0.1505398 0.7331818 3.326134
0.1515824 0.7097679 3.336255
81
0.06681983 0.4247395 3.785896
0.06845135 0.7365323 3.791756
0.07250715 1.046541 3.788229
0.04538557 1.182169 3.785067
-0.09987269 0.9140941 3.838929
-0.1211062 0.6583596 3.844894
-0.1329225 0.4536406 3.770622
-0.1286098 0.4076807 3.764638
0.2147546 0.9538283 3.720513
0.1816574 0.6687318 3.664098
0.07485072 0.6113269 3.480734
0.1067551 0.6756513 3.406236
-0.008720296 0.4284283 3.781896
-0.01649215 0.09120083 3.780807
0.008069517 -0.3272187 3.770997
-0.0204175 -0.3275874 3.715395
0.1428395 0.4316329 3.741989
0.1592376 0.07391422 3.793613
0.1019237 -0.3096806 3.786829
0.1562978 -0.3166727 3.72282
0.07090855 0.9691962 3.79133
-0.1252143 0.3345407 3.758178
-0.0897245 0.4333532 3.732076
0.1257312 0.6838842 3.377528
0.1278167 0.6607684 3.386561
82
0.06649264 0.4247257 3.787009
0.0688915 0.7369561 3.792663
0.07494698 1.047833 3.789085
0.04589226 1.182296 3.786165
-0.09832191 0.9136891 3.841576
-0.1188383 0.6561746 3.849549
-0.1318158 0.4522422 3.778275
-0.1289129 0.4068131 3.770617
0.2112379 0.9507607 3.713235
0.1805874 0.6461036 3.664675
0.06371341 0.5910495 3.491463
0.09505381 0.6500892 3.428144
-0.008313032 0.4282766 3.784713
-0.01593229 0.09249971 3.780638
0.008018263 -0.3259491 3.771024
-0.02062021 -0.3262841 3.714264
0.1418879 0.4315011 3.740776
0.1600194 0.07343411 3.794267
0.1025861 -0.309844 3.786769
0.1563097 -0.3166411 3.722709
0.07275892 0.970248 3.792263
-0.1249596 0.3347868 3.763349
-0.09106999 0.4363337 3.735856
0.1144703 0.6581179 3.399437
0.1162297 0.6347241 3.408421
83
0.06649264 0.4247257 3.787009
0.0688915 0.7369561 3.792663
0.07494698 1.047833 3.789085
0.04589226 1.182296 3.786165
-0.09832191 0.9136891 3.841576
-0.1188383 0.6561746 3.849549
-0.1318158 0.4522422 3.778275
-0.1289129 0.4068131 3.770617
0.2112379 0.9507607 3.713235
0.1805874 0.6461036 3.664675
0.06371341 0.5910495 3.491463
0.09505381 0.6500892 3.428144
-0.008313032 0.4282766 3.784713
-0.01593229 0.09249971 3.780638
0.008018263 -0.3259491 3.771024
-0.02062021 -0.3262841 3.714264
0.1418879 0.4315011 3.740776
0.1600194 0.07343411 3.794267
0.1025861 -0.309844 3.786769
0.1563097 -0.3166411 3.722709
0.07275892 0.970248 3.792263
-0.1249596 0.3347868 3.763349
-0.09106999 0.4363337 3.735856
0.1144703 0.6581179 3.399437
0.1162297 0.6347241 3.408421
84
0.06618396 0.4246989 3.787965
0.06928321 0.7372975 3.793403
0.07680287 1.048782 3.789673
0.04671581 1.18233 3.787271
-0.09690394 0.9132013 3.843915
-0.1171192 0.6545448 3.853196
-0.1293086 0.4502465 3.788629
-0.1289213 0.4051962 3.777694
0.2090618 0.9488533 3.708569
0.1958455 0.6372032 3.663723
0.07065105 0.5833211 3.489646
0.1004261 0.6400205 3.428694
-0.008025456 0.4281504 3.786759
-0.0152906 0.09502447 3.780541
0.007930607 -0.324747 3.771085
-0.01953954 -0.3249701 3.71353
0.1406294 0.4313697 3.739367
0.1632775 0.08113261 3.792942
0.1035123 -0.308848 3.787189
0.1560204 -0.31595 3.723131
0.07422393 0.971049 3.792944
-0.1253013 0.3358502 3.769004
-0.09333212 0.4351602 3.742005
0.1167248 0.6459746 3.402376
0.1220398 0.6256552 3.407437
85
0.06618396 0.4246989 3.787965
0.06928321 0.7372975 3.793403
0.07680287 1.048782 3.789673
0.04671581 1.18233 3.787271
-0.09690394 0.9132013 3.843915
-0.1171192 0.6545448 3.853196
-0.1293086 0.4502465 3.788629
-0.1289213 0.4051962 3.777694
0.2090618 0.9488533 3.708569
0.1958455 0.6372032 3.663723
0.07065105 0.5833211 3.489646
0.1004261 0.6400205 3.428694
-0.008025456 0.4281504 3.786759
-0.0152906 0.09502447 3.780541
0.007930607 -0.324747 3.771085
-0.01953954 -0.3249701 3.71353
0.1406294 0.4313697 3.739367
0.1632775 0.08113261 3.792942
0.1035123 -0.308848 3.787189
0.1560204 -0.31595 3.723131
0.07422393 0.971049 3.792944
-0.1253013 0.3358502 3.769004
-0.09333212 0.4351602 3.742005
0.1167248 0.6459746 3.402376
0.1220398 0.6256552 3.407437
86
0.06618396 0.4246989 3.787965
0.06928321 0.7372975 3.793403
0.07680287 1.048782 3.789673
0.04671581 1.18233 3.787271
-0.09690394 0.9132013 3.843915
-0.1171192 0.6545448 3.853196
-0.1293086 0.4502465 3.788629
-0.1289213 0.4051962 3.777694
0.2090618 0.9488533 3.708569
0.1958455 0.6372032 3.663723
0.07065105 0.5833211 3.489646
0.1004261 0.6400205 3.428694
-0.008025456 0.4281504 3.786759
-0.0152906 0.09502447 3.780541
0.007930607 -0.324747 3.771085
-0.01953954 -0.3249701 3.71353
0.1406294 0.4313697 3.739367
0.1632775 0.08113261 3.792942
0.1035123 -0.308848 3.787189
0.1560204 -0.31595 3.723131
0.07422393 0.971049 3.792944
-0.1253013 0.3358502 3.769004
-0.09333212 0.4351602 3.742005
0.1167248 0.6459746 3.402376
0.1220398 0.6256552 3.407437
87
0.06596393 0.4246916 3.788525
0.06967727 0.7376106 3.793946
0.07842359 1.049598 3.790066
0.0475744 1.182382 3.788159
-0.09583836 0.9128429 3.845547
-0.114522 0.6581921 3.857777
-0.1260445 0.4556188 3.800484
-0.1291663 0.4031246 3.783699
0.2076922 0.9476812 3.705448
0.2030658 0.6400121 3.655548
0.0843134 0.5917858 3.476665
0.1068485 0.6408881 3.420192
-0.007837884 0.4280791 3.788106
-0.01476585 0.09715887 3.780437
0.007889573 -0.323837 3.771131
-0.01890285 -0.3239878 3.71273
0.1392137 0.4312944 3.736985
0.1645445 0.08281081 3.792631
0.1040524 -0.3084145 3.787506
0.1557259 -0.3155656 3.723478
0.07556491 0.9717644 3.793417
-0.1243483 0.335414 3.772705
-0.09540999 0.4349569 3.746026
0.1222587 0.6467956 3.393008
0.1279265 0.6267871 3.39871
88
0.06596393 0.4246916 3.788525
0.06967727 0.7376106 3.793946
0.07842359 1.049598 3.790066
0.0475744 1.182382 3.788159
-0.09583836 0.9128429 3.845547
-0.114522 0.6581921 3.857777
-0.1260445 0.4556188 3.800484
-0.1291663 0.4031246 3.783699
0.2076922 0.9476812 3.705448
0.2030658 0.6400121 3.655548
0.0843134 0.5917858 3.476665
0.1068485 0.6408881 3.420192
-0.007837884 0.4280791 3.788106
-0.01476585 0.09715887 3.780437
0.007889573 -0.323837 3.771131
-0.01890285 -0.3239878 3.71273
0.1392137 0.4312944 3.736985
0.1645445 0.08281081 3.792631
0.1040524 -0.3084145 3.787506
0.1557259 -0.3155656 3.723478
0.07556491 0.9717644 3.793417
-0.1243483 0.335414 3.772705
-0.09540999 0.4349569 3.746026
0.1222587 0.6467956 3.393008
0.1279265 0.6267871 3.39871
89
0.06580658 0.4247273 3.788852
0.07010264 0.7379228 3.794334
0.07984624 1.050236 3.790339
0.0484464 1.182451 3.788884
-0.09485177 0.9127631 3.84671
-0.112708 0.6611741 3.860762
-0.1238763 0.4589396 3.807504
-0.129247 0.401998 3.787396
0.2067654 0.9468966 3.70329
0.2124449 0.6472737 3.645704
0.09714522 0.6015418 3.464263
0.1182043 0.6502187 3.403335
-0.007714368 0.4280477 3.789047
-0.01435827 0.09885684 3.780364
0.007826963 -0.3230743 3.77107
-0.01852614 -0.3231587 3.711991
0.1378526 0.4318191 3.73347
0.1665612 0.09077922 3.790318
0.1047216 -0.3076954 3.788263
0.1554645 -0.3152378 3.723768
0.07679068 0.9723588 3.793744
-0.1237105 0.3346754 3.777418
-0.102854 0.3932055 3.754725
0.1321536 0.6555067 3.375963
0.1388573 0.6364902 3.381599
90
0.06597583 0.4254818 3.787457
0.07087243 0.7383813 3.794286
0.08112495 1.050699 3.790465
0.04935325 1.182513 3.7894
-0.09407832 0.9127288 3.847534
-0.111377 0.6642249 3.862464
-0.1225491 0.4615485 3.811856
-0.1293976 0.4002488 3.790034
0.2060957 0.9463342 3.701743
0.2176895 0.6543035 3.638825
0.1063303 0.6100238 3.454969
0.1267909 0.6597921 3.389386
-0.007386297 0.4281835 3.788528
-0.01368593 0.1004529 3.780195
0.007712129 -0.3224671 3.770973
-0.01836749 -0.3224849 3.711272
0.1380403 0.4348049 3.724715
0.1675176 0.09214775 3.790044
0.1052008 -0.307364 3.788678
0.155591 -0.3150023 3.723857
0.07800514 0.972838 3.793858
-0.1241514 0.3350302 3.78057
-0.1046804 0.3881242 3.756542
0.1399543 0.6649116 3.361585
0.1470218 0.6464333 3.367735
91
0.06597583 0.4254818 3.787457
0.07087243 0.7383813 3.794286
0.08112495 1.050699 3.790465
0.04935325 1.182513 3.7894
-0.09407832 0.9127288 3.847534
-0.111377 0.6642249 3.862464
-0.1225491 0.4615485 3.811856
-0.1293976 0.4002488 3.790034
0.2060957 0.9463342 3.701743
0.2176895 0.6543035 3.638825
0.1063303 0.6100238 3.454969
0.1267909 0.6597921 3.389386
-0.007386297 0.4281835 3.788528
-0.01368593 0.1004529 3.780195
0.007712129 -0.3224671 3.770973
-0.01836749 -0.3224849 3.711272
0.1380403 0.4348049 3.724715
0.1675176 0.09214775 3.790044
0.1052008 -0.307364 3.788678
0.155591 -0.3150023 3.723857
0.07800514 0.972838 3.793858
-0.1241514 0.3350302 3.78057
-0.1046804 0.3881242 3.756542
0.1399543 0.6649116 3.361585
0.1470218 0.6464333 3.367735
92
0.06597583 0.4254818 3.787457
0.07087243 0.7383813 3.794286
0.08112495 1.050699 3.790465
0.04935325 1.182513 3.7894
-0.09407832 0.9127288 3.847534
-0.111377 0.6642249 3.862464
-0.1225491 0.4615485 3.811856
-0.1293976 0.4002488 3.790034
0.2060957 0.9463342 3.701743
0.2176895 0.6543035 3.638825
0.1063303 0.6100238 3.454969
0.1267909 0.6597921 3.389386
-0.007386297 0.4281835 3.788528
-0.01368593 0.1004529 3.780195
0.007712129 -0.3224671 3.770973
-0.01836749 -0.3224849 3.711272
0.1380403 0.4348049 3.724715
0.1675176 0.09214775 3.790044
0.1052008 -0.307364 3.788678
0.155591 -0.3150023 3.723857
0.07800514 0.972838 3.793858
-0.1241514 0.3350302 3.78057
-0.1046804 0.3881242 3.756542
0.1399543 0.6649116 3.361585
0.1470218 0.6464333 3.367735
93
0.0661571 0.426201 3.785872
0.07163323 0.7388005 3.794105
0.08220602 1.051025 3.790533
0.0502737 1.182595 3.789795
-0.09338294 0.9127585 3.847996
-0.1105324 0.6665682 3.863465
-0.121963 0.4622095 3.814305
-0.1300229 0.3988593 3.791557
0.2056721 0.9459301 3.700631
0.2193975 0.6632372 3.633757
0.1121201 0.6193889 3.447842
0.1318689 0.670462 3.378649
-0.007156275 0.428398 3.787158
-0.01316558 0.1016698 3.780049
0.00767549 -0.3219736 3.770882
-0.01815112 -0.3219417 3.710695
0.1382712 0.4366899 3.719034
0.1682782 0.09236196 3.790038
0.1056056 -0.3072174 3.788975
0.1557757 -0.314913 3.72386
0.07905904 0.9732003 3.793891
-0.1246475 0.3350154 3.780742
-0.107233 0.394028 3.756223
0.1446006 0.6756139 3.350452
0.1518326 0.6568432 3.357428
94
0.06644175 0.4270879 3.7836
0.07239411 0.7391964 3.793718
0.08305295 1.051224 3.790554
0.05114728 1.18267 3.790104
-0.09282031 0.9128293 3.848252
-0.1111478 0.6538495 3.860498
-0.1234444 0.4485161 3.809184
-0.1304835 0.3980076 3.791833
0.2055608 0.9456989 3.699963
0.2190568 0.6737256 3.630085
0.1170607 0.6186382 3.445197
0.1361211 0.6697724 3.374475
-0.006972622 0.4289124 3.783714
-0.01264166 0.1026191 3.779861
0.007667447 -0.3215332 3.770788
-0.01798618 -0.3214661 3.710225
0.1385746 0.4380488 3.715057
0.1688865 0.09155387 3.790158
0.1058744 -0.3071844 3.789141
0.155937 -0.3149292 3.723821
0.07991648 0.9734489 3.793857
-0.124755 0.3348446 3.781573
-0.1083352 0.3998519 3.752569
0.1485994 0.6748798 3.346122
0.1559263 0.6563268 3.353267
95
0.06644175 0.4270879 3.7836
0.07239411 0.7391964 3.793718
0.08305295 1.051224 3.790554
0.05114728 1.18267 3.790104
-0.09282031 0.9128293 3.848252
-0.1111478 0.6538495 3.860498
-0.1234444 0.4485161 3.809184
-0.1304835 0.3980076 3.791833
0.2055608 0.9456989 3.699963
0.2190568 0.6737256 3.630085
0.1170607 0.6186382 3.445197
0.1361211 0.6697724 3.374475
-0.006972622 0.4289124 3.783714
-0.01264166 0.1026191 3.779861
0.007667447 -0.3215332 3.770788
-0.01798618 -0.3214661 3.710225
0.1385746 0.4380488 3.715057
0.1688865 0.09155387 3.790158
0.1058744 -0.3071844 3.789141
0.155937 -0.3149292 3.723821
0.07991648 0.9734489 3.793857
-0.124755 0.3348446 3.781573
-0.1083352 0.3998519 3.752569
0.1485994 0.6748798 3.346122
0.1559263 0.6563268 3.353267
96
0.06644175 0.4270879 3.7836
0.07239411 0.7391964 3.793718
0.08305295 1.051224 3.790554
0.05114728 1.18267 3.790104
-0.09282031 0.9128293 3.848252
-0.1111478 0.6538495 3.860498
-0.1234444 0.4485161 3.809184
-0.1304835 0.3980076 3.791833
0.2055608 0.9456989 3.699963
0.2190568 0.6737256 3.630085
0.1170607 0.6186382 3.445197
0.1361211 0.6697724 3.374475
-0.006972622 0.4289124 3.783714
-0.01264166 0.1026191 3.779861
0.007667447 -0.3215332 3.770788
-0.01798618 -0.3214661 3.710225
0.1385746 0.4380488 3.715057
0.1688865 0.09155387 3.790158
0.1058744 -0.3071844 3.789141
0.155937 -0.3149292 3.723821
0.07991648 0.9734489 3.793857
-0.124755 0.3348446 3.781573
-0.1083352 0.3998519 3.752569
0.1485994 0.6748798 3.346122
0.1559263 0.6563268 3.353267
97
0.06666955 0.4279654 3.781349
0.07303257 0.7395471 3.793337
0.08362653 1.051351 3.790722
0.05194056 1.182712 3.790387
-0.09234878 0.9130449 3.848144
-0.1121936 0.646735 3.858392
-0.1247236 0.4410466 3.80511
-0.1309207 0.3975308 3.790652
0.2059112 0.9457881 3.699917
0.2163545 0.69044 3.631038
0.1649996 0.5255893 3.553901
0.169122 0.5164337 3.572269
-0.007011665 0.4296707 3.779655
-0.01225096 0.103335 3.779706
0.0062236 -0.2912399 3.771393
-0.02431424 -0.2908355 3.684329
0.1388147 0.4389825 3.712391
0.1696254 0.09361628 3.789568
0.1061011 -0.3069031 3.789375
0.1559508 -0.3147778 3.72393
0.08050455 0.9736275 3.793913
-0.1250784 0.334886 3.777944
-0.1076111 0.4070617 3.748163
0.1695974 0.50095 3.581834
0.1364569 0.5185854 3.561577
98
0.06666955 0.4279654 3.781349
0.07303257 0.7395471 3.793337
0.08362653 1.051351 3.790722
0.05194056 1.182712 3.790387
-0.09234878 0.9130449 3.848144
-0.1121936 0.646735 3.858392
-0.1247236 0.4410466 3.80511
-0.1309207 0.3975308 3.790652
0.2059112 0.9457881 3.699917
0.2163545 0.69044 3.631038
0.1649996 0.5255893 3.553901
0.169122 0.5164337 3.572269
-0.007011665 0.4296707 3.779655
-0.01225096 0.103335 3.779706
0.0062236 -0.2912399 3.771393
-0.02431424 -0.2908355 3.684329
0.1388147 0.4389825 3.712391
0.1696254 0.09361628 3.789568
0.1061011 -0.3069031 3.789375
0.1559508 -0.3147778 3.72393
0.08050455 0.9736275 3.793913
-0.1250784 0.334886 3.777944
-0.1076111 0.4070617 3.748163
0.1695974 0.50095 3.581834
0.1364569 0.5185854 3.561577
99
0.0668889 0.4286612 3.779369
0.07350475 0.7397956 3.792976
0.08388578 1.051252 3.790978
0.05263172 1.182725 3.790655
-0.09210465 0.9132591 3.847795
-0.1134209 0.642131 3.856319
-0.1259708 0.4363398 3.80153
-0.1309776 0.3973521 3.786109
0.2066637 0.9461019 3.700463
0.2149199 0.6981744 3.631574
0.174048 0.4970117 3.596971
0.1681723 0.4853864 3.610938
-0.007047899 0.4302371 3.775631
-0.01196722 0.1038754 3.77958
0.006432389 -0.2955752 3.771265
-0.02065149 -0.2950905 3.688047
0.1390113 0.4396139 3.710588
0.170179 0.09168369 3.789702
0.1061436 -0.3066906 3.789613
0.1559682 -0.3146848 3.72399
0.08084497 0.9737076 3.793968
-0.1235064 0.3322666 3.7744
-0.1068001 0.4050518 3.741915
0.1419264 0.469189 3.623083
0.1234602 0.4948145 3.596702
100
0.0668889 0.4286612 3.779369
0.07350475 0.7397956 3.792976
0.08388578 1.051252 3.790978
0.05263172 1.182725 3.790655
-0.09210465 0.9132591 3.847795
-0.1134209 0.642131 3.856319
-0.1259708 0.4363398 3.80153
-0.1309776 0.3973521 3.786109
0.2066637 0.9461019 3.700463
0.2149199 0.6981744 3.631574
0.174048 0.4970117 3.596971
0.1681723 0.4853864 3.610938
-0.007047899 0.4302371 3.775631
-0.01196722 0.1038754 3.77958
0.006432389 -0.2955752 3.771265
-0.02065149 -0.2950905 3.688047
0.1390113 0.4396139 3.710588
0.170179 0.09168369 3.789702
0.1061436 -0.3066906 3.789613
0.1559682 -0.3146848 3.72399
0.08084497 0.9737076 3.793968
-0.1235064 0.3322666 3.7744
-0.1068001 0.4050518 3.741915
0.1419264 0.469189 3.623083
0.1234602 0.4948145 3.596702
101
0.06704855 0.4291686 3.777687
0.07380773 0.7399645 3.792675
0.08365706 1.05089 3.791509
0.05320806 1.182763 3.79091
-0.09264458 0.9136238 3.845587
-0.1148593 0.6398917 3.85394
-0.1273231 0.4345446 3.795565
-0.1313588 0.3974925 3.778293
0.2093816 0.9477826 3.703801
0.2150806 0.7035439 3.631476
0.1823074 0.4818351 3.61883
0.1713402 0.4621246 3.645001
-0.007221388 0.4306252 3.771447
-0.01177832 0.1040207 3.779344
0.006666329 -0.3003964 3.771154
-0.01872066 -0.2999651 3.692682
0.1391329 0.4400164 3.709385
0.170553 0.08935287 3.789933
0.1061708 -0.3065516 3.789787
0.1559792 -0.3146272 3.724036
0.08096704 0.9736631 3.794091
-0.1221243 0.3303885 3.769306
-0.1071173 0.3939158 3.733548
0.1388674 0.4384854 3.664423
0.1192904 0.4784938 3.625628
102
0.06704855 0.4291686 3.777687
0.07380773 0.7399645 3.792675
0.08365706 1.05089 3.791509
0.05320806 1.182763 3.79091
-0.09264458 0.9136238 3.845587
-0.1148593 0.6398917 3.85394
-0.1273231 0.4345446 3.795565
-0.1313588 0.3974925 3.778293
0.2093816 0.9477826 3.703801
0.2150806 0.7035439 3.631476
0.1823074 0.4818351 3.61883
0.1713402 0.4621246 3.645001
-0.007221388 0.4306252 3.771447
-0.01177832 0.1040207 3.779344
0.006666329 -0.3003964 3.771154
-0.01872066 -0.2999651 3.692682
0.1391329 0.4400164 3.709385
0.170553 0.08935287 3.789933
0.1061708 -0.3065516 3.789787
0.1559792 -0.3146272 3.724036
0.08096704 0.9736631 3.794091
-0.1221243 0.3303885 3.769306
-0.1071173 0.3939158 3.733548
0.1388674 0.4384854 3.664423
0.1192904 0.4784938 3.625628
103
0.06716827 0.4295444 3.776352
0.0740005 0.7400681 3.792404
0.0829635 1.050187 3.792158
0.05367152 1.18279 3.791134
-0.09367452 0.9146447 3.842087
-0.1179271 0.6407691 3.848642
-0.1286453 0.4352367 3.790688
-0.1314733 0.3983117 3.768306
0.2140453 0.9502808 3.708903
0.2400808 0.7339361 3.640885
0.1999118 0.4978231 3.642246
0.1766104 0.4843859 3.652236
-0.007382536 0.4308978 3.768255
-0.01158361 0.1039706 3.779081
0.006859495 -0.3045716 3.77107
-0.01742866 -0.3042087 3.69665
0.1392359 0.4403008 3.708533
0.1706605 0.08708377 3.790157
0.1061849 -0.3064835 3.789919
0.1559704 -0.3145997 3.724046
0.08079099 0.973398 3.794273
-0.1213904 0.3291369 3.7609
-0.1047898 0.3921702 3.726063
0.1442905 0.4301217 3.674593
0.1133427 0.5172888 3.629149
104
0.06716827 0.4295444 3.776352
0.0740005 0.7400681 3.792404
0.0829635 1.050187 3.792158
0.05367152 1.18279 3.791134
-0.09367452 0.9146447 3.842087
-0.1179271 0.6407691 3.848642
-0.1286453 0.4352367 3.790688
-0.1314733 0.3983117 3.768306
0.2140453 0.9502808 3.708903
0.2400808 0.7339361 3.640885
0.1999118 0.4978231 3.642246
0.1766104 0.4843859 3.652236
-0.007382536 0.4308978 3.768255
-0.01158361 0.1039706 3.779081
0.006859495 -0.3045716 3.77107
-0.01742866 -0.3042087 3.69665
0.1392359 0.4403008 3.708533
0.1706605 0.08708377 3.790157
0.1061849 -0.3064835 3.789919
0.1559704 -0.3145997 3.724046
0.08079099 0.973398 3.794273
-0.1213904 0.3291369 3.7609
-0.1047898 0.3921702 3.726063
0.1442905 0.4301217 3.674593
0.1133427 0.5172888 3.629149
105
0.06727344 0.4297687 3.775307
0.07411329 0.7400985 3.792113
0.08203483 1.049316 3.792667
0.05402236 1.182822 3.791317
-0.09512669 0.9154963 3.838639
-0.121375 0.6426438 3.842682
-0.1306125 0.4381374 3.782468
-0.1312677 0.3987697 3.757358
0.2205538 0.952876 3.716243
0.2547692 0.7504942 3.645314
0.211372 0.5141644 3.652539
0.1802635 0.4839908 3.667664
-0.007486854 0.4310098 3.76572
-0.01146258 0.1036042 3.778776
0.007030814 -0.3080054 3.771028
-0.01669567 -0.3077308 3.699809
0.1394523 0.4403522 3.708153
0.1706647 0.084872 3.790415
0.1061134 -0.3064447 3.790004
0.1559506 -0.3145966 3.724044
0.08038271 0.9729468 3.794405
-0.1220544 0.3283458 3.752931
-0.102849 0.3876288 3.721105
0.1500885 0.4243976 3.676211
0.1114347 0.5259415 3.637945
106
0.06737276 0.4298601 3.774415
0.07415002 0.7400546 3.791774
0.08103549 1.048435 3.793036
0.0542358 1.18286 3.791413
-0.09721563 0.916196 3.833814
-0.1245251 0.6450041 3.83659
-0.1324631 0.4416495 3.77384
-0.1307652 0.398697 3.749106
0.2258368 0.9540955 3.722355
0.3554927 0.8245053 3.636874
0.2742784 0.6022666 3.645801
0.2114199 0.5699961 3.68377
-0.007584236 0.4309084 3.763364
-0.01153651 0.1032378 3.778253
0.007186783 -0.3104785 3.771052
-0.01634288 -0.3103447 3.702189
0.1397737 0.440163 3.70821
0.1705957 0.0829981 3.790666
0.1061038 -0.3064875 3.790024
0.155951 -0.3146324 3.723918
0.07982879 0.9723998 3.794475
-0.1207749 0.3255853 3.747582
-0.1008859 0.3905521 3.71593
0.191094 0.493652 3.665809
0.1706942 0.6167426 3.643063
107
0.06737276 0.4298601 3.774415
0.07415002 0.7400546 3.791774
0.08103549 1.048435 3.793036
0.0542358 1.18286 3.791413
-0.09721563 0.916196 3.833814
-0.1245251 0.6450041 3.83659
-0.1324631 0.4416495 3.77384
-0.1307652 0.398697 3.749106
0.2258368 0.9540955 3.722355
0.3554927 0.8245053 3.636874
0.2742784 0.6022666 3.645801
0.2114199 0.5699961 3.68377
-0.007584236 0.4309084 3.763364
-0.01153651 0.1032378 3.778253
0.007186783 -0.3104785 3.771052
-0.01634288 -0.3103447 3.702189
0.1397737 0.440163 3.70821
0.1705957 0.0829981 3.790666
0.1061038 -0.3064875 3.790024
0.155951 -0.3146324 3.723918
0.07982879 0.9723998 3.794475
-0.1207749 0.3255853 3.747582
-0.1008859 0.3905521 3.71593
0.191094 0.493652 3.665809
0.1706942 0.6167426 3.643063
108
0.06737276 0.4298601 3.774415
0.07415002 0.7400546 3.791774
0.08103549 1.048435 3.793036
0.0542358 1.18286 3.791413
-0.09721563 0.916196 3.833814
-0.1245251 0.6450041 3.83659
-0.1324631 0.4416495 3.77384
-0.1307652 0.398697 3.749106
0.2258368 0.9540955 3.722355
0.3554927 0.8245053 3.636874
0.2742784 0.6022666 3.645801
0.2114199 0.5699961 3.68377
-0.007584236 0.4309084 3.763364
-0.01153651 0.1032378 3.778253
0.007186783 -0.3104785 3.771052
-0.01634288 -0.3103447 3.702189
0.1397737 0.440163 3.70821
0.1705957 0.0829981 3.790666
0.1061038 -0.3064875 3.790024
0.155951 -0.3146324 3.723918
0.07982879 0.9723998 3.794475
-0.1207749 0.3255853 3.747582
-0.1008859 0.3905521 3.71593
0.191094 0.493652 3.665809
0.1706942 0.6167426 3.643063
109
0.067458 0.4298325 3.773687
0.07412203 0.7399477 3.791429
0.08006619 1.047626 3.793312
0.05439186 1.182896 3.791481
-0.09972717 0.9166409 3.827962
-0.1280423 0.6488959 3.828964
-0.1341031 0.4459327 3.765432
-0.1312662 0.3993286 3.738797
0.2308274 0.9543532 3.729011
0.3971842 0.8394514 3.652938
0.2942734 0.6300247 3.641294
0.2165765 0.5955859 3.696616
-0.007685964 0.4306822 3.761375
-0.01160661 0.102954 3.77769
0.007403353 -0.3122849 3.771096
-0.01623941 -0.3122988 3.703817
0.1402626 0.4394794 3.709019
0.1704702 0.08132261 3.79089
0.1060566 -0.3066284 3.790005
0.1559152 -0.3147553 3.72366
0.07920609 0.9718252 3.794514
-0.1215191 0.3260199 3.740228
-0.102299 0.3972323 3.706018
0.2003261 0.5320862 3.677373
0.1716189 0.6168065 3.649481
110
0.067458 0.4298325 3.773687
0.07412203 0.7399477 3.791429
0.08006619 1.047626 3.793312
0.05439186 1.182896 3.791481
-0.09972717 0.9166409 3.827962
-0.1280423 0.6488959 3.828964
-0.1341031 0.4459327 3.765432
-0.1312662 0.3993286 3.738797
0.2308274 0.9543532 3.729011
0.3971842 0.8394514 3.652938
0.2942734 0.6300247 3.641294
0.2165765 0.5955859 3.696616
-0.007685964 0.4306822 3.761375
-0.01160661 0.102954 3.77769
0.007403353 -0.3122849 3.771096
-0.01623941 -0.3122988 3.703817
0.1402626 0.4394794 3.709019
0.1704702 0.08132261 3.79089
0.1060566 -0.3066284 3.790005
0.1559152 -0.3147553 3.72366
0.07920609 0.9718252 3.794514
-0.1215191 0.3260199 3.740228
-0.102299 0.3972323 3.706018
0.2003261 0.5320862 3.677373
0.1716189 0.6168065 3.649481
111
0.06750627 0.4297398 3.773161
0.07401838 0.7397857 3.791098
0.07908874 1.04687 3.793477
0.0545084 1.18293 3.791532
-0.102064 0.9170545 3.822891
-0.1308406 0.6522219 3.822823
-0.1351352 0.4486403 3.75988
-0.130668 0.3998069 3.733381
0.2354952 0.9533197 3.736464
0.386045 0.8051205 3.687919
0.3129566 0.6341684 3.636212
0.3143787 0.682132 3.41422
-0.007810414 0.4304363 3.75982
-0.01153835 0.1022886 3.777097
0.007619031 -0.313655 3.771163
-0.01570772 -0.3137867 3.70509
0.1408235 0.4380918 3.711498
0.170181 0.0811811 3.790713
0.106382 -0.3069063 3.78984
0.1558616 -0.3148912 3.723472
0.0784964 0.9712256 3.79451
-0.1203213 0.3247493 3.737233
-0.1000623 0.4023287 3.700454
0.3087487 0.6749663 3.38317
0.3316799 0.6892525 3.404366
112
0.06750627 0.4297398 3.773161
0.07401838 0.7397857 3.791098
0.07908874 1.04687 3.793477
0.0545084 1.18293 3.791532
-0.102064 0.9170545 3.822891
-0.1308406 0.6522219 3.822823
-0.1351352 0.4486403 3.75988
-0.130668 0.3998069 3.733381
0.2354952 0.9533197 3.736464
0.386045 0.8051205 3.687919
0.3129566 0.6341684 3.636212
0.3143787 0.682132 3.41422
-0.007810414 0.4304363 3.75982
-0.01153835 0.1022886 3.777097
0.007619031 -0.313655 3.771163
-0.01570772 -0.3137867 3.70509
0.1408235 0.4380918 3.711498
0.170181 0.0811811 3.790713
0.106382 -0.3069063 3.78984
0.1558616 -0.3148912 3.723472
0.0784964 0.9712256 3.79451
-0.1203213 0.3247493 3.737233
-0.1000623 0.4023287 3.700454
0.3087487 0.6749663 3.38317
0.3316799 0.6892525 3.404366
113
0.06755298 0.4295323 3.772761
0.07385143 0.7395599 3.790761
0.07805561 1.046154 3.793457
0.05459984 1.182964 3.791559
-0.1045531 0.9175627 3.81579
-0.1331514 0.6546115 3.817237
-0.1359471 0.4506533 3.755483
-0.1295118 0.39928 3.727511
0.2389219 0.9515499 3.743022
0.4033482 0.776608 3.701319
0.3554749 0.6463505 3.548341
0.3377528 0.6612431 3.413675
-0.007932815 0.4301452 3.758539
-0.01149596 0.1016233 3.776556
0.007859254 -0.3146206 3.771163
-0.01536029 -0.3148559 3.705992
0.1415481 0.4361905 3.714855
0.1699106 0.08101471 3.790614
0.1065597 -0.3071639 3.789622
0.1558181 -0.3150335 3.723312
0.0776948 0.9706027 3.794405
-0.1186304 0.3239967 3.73031
-0.09496774 0.3982589 3.693808
0.3338562 0.6431206 3.383035
0.3592774 0.6787798 3.39163
114
0.06759714 0.4292556 3.772455
0.07362371 0.7392682 3.790388
0.07694918 1.045435 3.793152
0.05471198 1.183011 3.791478
-0.1066139 0.9176895 3.809926
-0.1345961 0.656688 3.811912
-0.1366826 0.4520866 3.749332
-0.1287176 0.3985172 3.723231
0.2421695 0.9487861 3.750059
0.3930281 0.7377767 3.726391
0.3643335 0.6077218 3.54298
0.3469031 0.5830771 3.448961
-0.008066199 0.4297788 3.757376
-0.01148329 0.1011711 3.776054
0.008038612 -0.3152903 3.771149
-0.01513388 -0.3156163 3.7066
0.1422168 0.4345141 3.717961
0.1696305 0.08098629 3.79048
0.1067316 -0.3074232 3.789395
0.1557703 -0.3151795 3.723176
0.07680202 0.9699384 3.794114
-0.1142256 0.3194869 3.720654
-0.09098096 0.3930836 3.689669
0.345992 0.5612998 3.428338
0.3688297 0.5993712 3.429848
115
0.06759714 0.4292556 3.772455
0.07362371 0.7392682 3.790388
0.07694918 1.045435 3.793152
0.05471198 1.183011 3.791478
-0.1066139 0.9176895 3.809926
-0.1345961 0.656688 3.811912
-0.1366826 0.4520866 3.749332
-0.1287176 0.3985172 3.723231
0.2421695 0.9487861 3.750059
0.3930281 0.7377767 3.726391
0.3643335 0.6077218 3.54298
0.3469031 0.5830771 3.448961
-0.008066199 0.4297788 3.757376
-0.01148329 0.1011711 3.776054
0.008038612 -0.3152903 3.771149
-0.01513388 -0.3156163 3.7066
0.1422168 0.4345141 3.717961
0.1696305 0.08098629 3.79048
0.1067316 -0.3074232 3.789395
0.1557703 -0.3151795 3.723176
0.07680202 0.9699384 3.794114
-0.1142256 0.3194869 3.720654
-0.09098096 0.3930836 3.689669
0.345992 0.5612998 3.428338
0.3688297 0.5993712 3.429848
116
0.06762512 0.4289498 3.772227
0.07334627 0.73891 3.789953
0.075912 1.044675 3.792467
0.05490122 1.183065 3.791234
-0.1083306 0.9178069 3.804192
-0.1356883 0.6585121 3.806105
-0.1370474 0.4533306 3.744494
-0.1276584 0.3975441 3.719351
0.2453148 0.9454305 3.756681
0.3628637 0.7150403 3.761496
0.3556447 0.5655791 3.602566
0.3470879 0.5237136 3.514564
-0.008274771 0.4293933 3.756171
-0.01155609 0.1008558 3.775569
0.008210837 -0.3157372 3.771154
-0.01501752 -0.3161596 3.70701
0.1427185 0.4330418 3.720844
0.169393 0.08092683 3.790398
0.1067896 -0.3076517 3.789174
0.1557792 -0.3153359 3.723025
0.07592608 0.9692202 3.793564
-0.1126098 0.3176465 3.716948
-0.08904641 0.394421 3.685522
0.3451135 0.4901664 3.481938
0.3697929 0.5264357 3.477559
117
0.06762512 0.4289498 3.772227
0.07334627 0.73891 3.789953
0.075912 1.044675 3.792467
0.05490122 1.183065 3.791234
-0.1083306 0.9178069 3.804192
-0.1356883 0.6585121 3.806105
-0.1370474 0.4533306 3.744494
-0.1276584 0.3975441 3.719351
0.2453148 0.9454305 3.756681
0.3628637 0.7150403 3.761496
0.3556447 0.5655791 3.602566
0.3470879 0.5237136 3.514564
-0.008274771 0.4293933 3.756171
-0.01155609 0.1008558 3.775569
0.008210837 -0.3157372 3.771154
-0.01501752 -0.3161596 3.70701
0.1427185 0.4330418 3.720844
0.169393 0.08092683 3.790398
0.1067896 -0.3076517 3.789174
0.1557792 -0.3153359 3.723025
0.07592608 0.9692202 3.793564
-0.1126098 0.3176465 3.716948
-0.08904641 0.394421 3.685522
0.3451135 0.4901664 3.481938
0.3697929 0.5264357 3.477559
118
0.06763974 0.428532 3.772092
0.07305623 0.73854 3.789537
0.07500907 1.044043 3.79175
0.05529669 1.183078 3.790728
-0.109513 0.9177073 3.799403
-0.1362356 0.6601343 3.800609
-0.1371523 0.4541355 3.740608
-0.1270135 0.3969952 3.717073
0.2474724 0.9427027 3.762071
0.3356939 0.6978127 3.784636
0.345999 0.5189543 3.633888
0.3409951 0.4673076 3.582469
-0.008498018 0.4289708 3.755006
-0.01170327 0.1006159 3.775089
0.008407684 -0.3160436 3.771119
-0.01493796 -0.3165626 3.707309
0.1431371 0.4313515 3.724245
0.1691236 0.08081833 3.790348
0.106824 -0.3078919 3.78894
0.155791 -0.3155008 3.722872
0.07514064 0.968593 3.793001
-0.1129927 0.3173198 3.71448
-0.08765516 0.3921667 3.682567
0.3418218 0.4208502 3.56564
0.3598284 0.4592394 3.546106
119
0.06763974 0.428532 3.772092
0.07305623 0.73854 3.789537
0.07500907 1.044043 3.79175
0.05529669 1.183078 3.790728
-0.109513 0.9177073 3.799403
-0.1362356 0.6601343 3.800609
-0.1371523 0.4541355 3.740608
-0.1270135 0.3969952 3.717073
0.2474724 0.9427027 3.762071
0.3356939 0.6978127 3.784636
0.345999 0.5189543 3.633888
0.3409951 0.4673076 3.582469
-0.008498018 0.4289708 3.755006
-0.01170327 0.1006159 3.775089
0.008407684 -0.3160436 3.771119
-0.01493796 -0.3165626 3.707309
0.1431371 0.4313515 3.724245
0.1691236 0.08081833 3.790348
0.106824 -0.3078919 3.78894
0.155791 -0.3155008 3.722872
0.07514064 0.968593 3.793001
-0.1129927 0.3173198 3.71448
-0.08765516 0.3921667 3.682567
0.3418218 0.4208502 3.56564
0.3598284 0.4592394 3.546106
120
0.06763974 0.428532 3.772092
0.07305623 0.73854 3.789537
0.07500907 1.044043 3.79175
0.05529669 1.183078 3.790728
-0.109513 0.9177073 3.799403
-0.1362356 0.6601343 3.800609
-0.1371523 0.4541355 3.740608
-0.1270135 0.3969952 3.717073
0.2474724 0.9427027 3.762071
0.3356939 0.6978127 3.784636
0.345999 0.5189543 3.633888
0.3409951 0.4673076 3.582469
-0.008498018 0.4289708 3.755006
-0.01170327 0.1006159 3.775089
0.008407684 -0.3160436 3.771119
-0.01493796 -0.3165626 3.707309
0.1431371 0.4313515 3.724245
0.1691236 0.08081833 3.790348
0.106824 -0.3078919 3.78894
0.155791 -0.3155008 3.722872
0.07514064 0.968593 3.793001
-0.1129927 0.3173198 3.71448
-0.08765516 0.3921667 3.682567
0.3418218 0.4208502 3.56564
0.3598284 0.4592394 3.546106
121
0.06765208 0.4280945 3.772025
0.07278209 0.7381855 3.789151
0.07425649 1.043515 3.791004
0.05588343 1.183013 3.789951
-0.110516 0.9176701 3.794808
-0.1365163 0.6610844 3.795727
-0.137051 0.4546497 3.737217
-0.1262631 0.3962002 3.715432
0.2486594 0.9407465 3.765835
0.320691 0.6867515 3.797259
0.323899 0.4676589 3.681412
0.3320991 0.4101911 3.646869
-0.00872307 0.4285353 3.753792
-0.01187884 0.1004132 3.774612
0.008637654 -0.3163546 3.77107
-0.01468018 -0.3169636 3.70766
0.1435233 0.4299346 3.727547
0.1686822 0.08064172 3.790268
0.1065257 -0.3081217 3.788588
0.1558482 -0.3157227 3.722671
0.07446913 0.9680511 3.79243
-0.1133784 0.3171444 3.713256
-0.08670171 0.3920717 3.680898
0.337543 0.3509186 3.635324
0.3417635 0.4077579 3.608177
122
0.06765208 0.4280945 3.772025
0.07278209 0.7381855 3.789151
0.07425649 1.043515 3.791004
0.05588343 1.183013 3.789951
-0.110516 0.9176701 3.794808
-0.1365163 0.6610844 3.795727
-0.137051 0.4546497 3.737217
-0.1262631 0.3962002 3.715432
0.2486594 0.9407465 3.765835
0.320691 0.6867515 3.797259
0.323899 0.4676589 3.681412
0.3320991 0.4101911 3.646869
-0.00872307 0.4285353 3.753792
-0.01187884 0.1004132 3.774612
0.008637654 -0.3163546 3.77107
-0.01468018 -0.3169636 3.70766
0.1435233 0.4299346 3.727547
0.1686822 0.08064172 3.790268
0.1065257 -0.3081217 3.788588
0.1558482 -0.3157227 3.722671
0.07446913 0.9680511 3.79243
-0.1133784 0.3171444 3.713256
-0.08670171 0.3920717 3.680898
0.337543 0.3509186 3.635324
0.3417635 0.4077579 3.608177
123
0.06771719 0.4276535 3.77199
0.07251801 0.7378451 3.788763
0.07345198 1.043062 3.790088
0.05666427 1.182983 3.789038
-0.1111819 0.917641 3.791175
-0.1363898 0.6614853 3.79154
-0.1367372 0.4549175 3.734538
-0.1252051 0.3949052 3.714378
0.249412 0.9392884 3.768496
0.3097698 0.6799299 3.805503
0.2833712 0.4538906 3.743145
0.2852488 0.389587 3.734531
-0.008759268 0.4280692 3.752275
-0.01216511 0.100299 3.774122
0.00887124 -0.3165697 3.770981
-0.01448889 -0.3172736 3.70794
0.1439576 0.4289234 3.730158
0.1681787 0.08043374 3.790175
0.1062474 -0.3083787 3.788275
0.1559014 -0.3159658 3.722428
0.07377779 0.9675663 3.791751
-0.1137539 0.3161146 3.714741
-0.08608067 0.3919135 3.679998
0.2844425 0.3310368 3.712627
0.3039333 0.4014898 3.696065
124
0.06786036 0.4272132 3.771995
0.07228983 0.7375351 3.788367
0.07266906 1.04273 3.788937
0.05781686 1.182963 3.787808
-0.1116274 0.9178159 3.787936
-0.136222 0.6616105 3.788136
-0.1363177 0.4551062 3.732378
-0.1246809 0.3942111 3.713395
0.2498293 0.9380953 3.770501
0.3011433 0.6756623 3.811229
0.2692239 0.4468652 3.764804
0.2626479 0.3785425 3.774248
-0.008592119 0.4276485 3.750699
-0.01271178 0.1003836 3.773297
0.00779639 -0.2906698 3.771096
-0.002430708 -0.2906833 3.678195
0.1444822 0.4282064 3.73237
0.1675616 0.08016386 3.790036
0.1078421 -0.3092234 3.787545
0.1559599 -0.316185 3.722198
0.07312474 0.9671724 3.790921
-0.1148022 0.3164904 3.715118
-0.08558411 0.3905975 3.679236
0.2569836 0.3230571 3.745627
0.27881 0.3388835 3.757886
