135
1
0.2459547 0.4790466 3.52706
0.2470938 0.779322 3.554241
0.2466543 1.075026 3.566867
0.2532559 1.206051 3.535593
0.06546267 0.9702964 3.550833
0.01625997 0.7001823 3.551422
0.01791146 0.4421755 3.475477
0.03054049 0.3703066 3.45287
0.4287716 0.9527152 3.526425
0.4847611 0.6996219 3.535568
0.4868507 0.487164 3.472762
0.4585546 0.4007344 3.440263
0.1609201 0.4853311 3.496968
0.136421 0.0440693 3.519331
0.1508872 -0.3241672 3.549097
0.1445607 -0.3359772 3.406069
0.3258777 0.4832541 3.485123
0.3613904 0.1273003 3.478662
0.3156817 -0.3598018 3.549544
0.3099572 -0.3782955 3.418763
0.2469616 1.001699 3.566329
0.04419121 0.2906532 3.449291
0.07023619 0.3891372 3.41535
0.4507858 0.3318471 3.413125
0.4170612 0.4015261 3.416481
2
0.2455909 0.4790044 3.526818
0.2468185 0.7792783 3.553948
0.2465028 1.07496 3.566658
0.252706 1.206059 3.535349
0.065043 0.9702958 3.550473
0.01607657 0.70033 3.550997
0.017625 0.4422254 3.475018
0.03043203 0.369855 3.452621
0.4282566 0.9526011 3.526272
0.4841561 0.6994609 3.53538
0.4865132 0.4872304 3.472574
0.4580268 0.4007446 3.440037
0.1605566 0.4853278 3.496727
0.1363486 0.04417942 3.51912
0.1507913 -0.3246221 3.549076
0.1445288 -0.3364832 3.406067
0.32553 0.4831805 3.484894
0.3636395 0.1331657 3.477821
0.3155116 -0.3586843 3.549055
0.3096434 -0.3770656 3.418171
0.2467747 1.001637 3.566082
0.04415593 0.2902762 3.449375
0.07007858 0.3887011 3.415076
0.4506814 0.331868 3.413097
0.4163095 0.402833 3.416773
3
0.2455909 0.4790044 3.526818
0.2468185 0.7792783 3.553948
0.2465028 1.07496 3.566658
0.252706 1.206059 3.535349
0.065043 0.9702958 3.550473
0.01607657 0.70033 3.550997
0.017625 0.4422254 3.475018
0.03043203 0.369855 3.452621
0.4282566 0.9526011 3.526272
0.4841561 0.6994609 3.53538
0.4865132 0.4872304 3.472574
0.4580268 0.4007446 3.440037
0.1605566 0.4853278 3.496727
0.1363486 0.04417942 3.51912
0.1507913 -0.3246221 3.549076
0.1445288 -0.3364832 3.406067
0.32553 0.4831805 3.484894
0.3636395 0.1331657 3.477821
0.3155116 -0.3586843 3.549055
0.3096434 -0.3770656 3.418171
0.2467747 1.001637 3.566082
0.04415593 0.2902762 3.449375
0.07007858 0.3887011 3.415076
0.4506814 0.331868 3.413097
0.4163095 0.402833 3.416773
4
0.2452603 0.4789521 3.526607
0.246558 0.7792218 3.553664
0.2463504 1.074876 3.566413
0.2521577 1.206047 3.535058
0.06469908 0.970311 3.550169
0.01591214 0.7004684 3.550614
0.01735672 0.4422973 3.474613
0.03019077 0.3705223 3.45235
0.4277809 0.9525228 3.526132
0.4834694 0.6993524 3.53519
0.4861833 0.4873169 3.47242
0.4574395 0.4009527 3.440038
0.1602306 0.4853172 3.496517
0.1362719 0.04427806 3.518897
0.1507009 -0.3250467 3.54906
0.1444929 -0.3369676 3.406069
0.325208 0.4830877 3.484692
0.3623392 0.1270514 3.479106
0.318206 -0.3315375 3.544822
0.3070984 -0.3502886 3.406511
0.24659 1.001559 3.56581
0.04343573 0.2935069 3.447267
0.06997371 0.3883902 3.414861
0.4504402 0.3318654 3.413141
0.4149451 0.4064122 3.417462
5
0.2452603 0.4789521 3.526607
0.246558 0.7792218 3.553664
0.2463504 1.074876 3.566413
0.2521577 1.206047 3.535058
0.06469908 0.970311 3.550169
0.01591214 0.7004684 3.550614
0.01735672 0.4422973 3.474613
0.03019077 0.3705223 3.45235
0.4277809 0.9525228 3.526132
0.4834694 0.6993524 3.53519
0.4861833 0.4873169 3.47242
0.4574395 0.4009527 3.440038
0.1602306 0.4853172 3.496517
0.1362719 0.04427806 3.518897
0.1507009 -0.3250467 3.54906
0.1444929 -0.3369676 3.406069
0.325208 0.4830877 3.484692
0.3623392 0.1270514 3.479106
0.318206 -0.3315375 3.544822
0.3070984 -0.3502886 3.406511
0.24659 1.001559 3.56581
0.04343573 0.2935069 3.447267
0.06997371 0.3883902 3.414861
0.4504402 0.3318654 3.413141
0.4149451 0.4064122 3.417462
6
0.2449407 0.4789031 3.526419
0.2463002 0.7791669 3.553405
0.246193 1.074794 3.566185
0.2516467 1.206014 3.534779
0.06437591 0.9703076 3.549883
0.01576577 0.7005839 3.55028
0.0171123 0.4423763 3.474261
0.03010748 0.3705 3.452176
0.4273528 0.9524561 3.526
0.4828677 0.6992235 3.535053
0.4858304 0.48737 3.472284
0.4568499 0.4009481 3.440214
0.1599117 0.4853081 3.496335
0.1361998 0.04436557 3.518689
0.150796 -0.3248411 3.549099
0.1446605 -0.3368588 3.406135
0.3248993 0.4830003 3.48451
0.3641668 0.1321133 3.478497
0.3175705 -0.3375477 3.545319
0.317678 -0.3564868 3.412279
0.2464027 1.001484 3.565557
0.04336378 0.2938302 3.447101
0.06989489 0.3881443 3.414709
0.4502399 0.33185 3.413219
0.4145111 0.407438 3.417687
7
0.2449407 0.4789031 3.526419
0.2463002 0.7791669 3.553405
0.246193 1.074794 3.566185
0.2516467 1.206014 3.534779
0.06437591 0.9703076 3.549883
0.01576577 0.7005839 3.55028
0.0171123 0.4423763 3.474261
0.03010748 0.3705 3.452176
0.4273528 0.9524561 3.526
0.4828677 0.6992235 3.535053
0.4858304 0.48737 3.472284
0.4568499 0.4009481 3.440214
0.1599117 0.4853081 3.496335
0.1361998 0.04436557 3.518689
0.150796 -0.3248411 3.549099
0.1446605 -0.3368588 3.406135
0.3248993 0.4830003 3.48451
0.3641668 0.1321133 3.478497
0.3175705 -0.3375477 3.545319
0.317678 -0.3564868 3.412279
0.2464027 1.001484 3.565557
0.04336378 0.2938302 3.447101
0.06989489 0.3881443 3.414709
0.4502399 0.33185 3.413219
0.4145111 0.407438 3.417687
8
0.2446227 0.4788162 3.526239
0.2460306 0.7790973 3.553148
0.2460054 1.074715 3.565939
0.2511579 1.205957 3.534488
0.06391119 0.9700765 3.549426
0.01565274 0.700652 3.55
0.0168942 0.4424495 3.473951
0.03003117 0.3704272 3.452047
0.4269764 0.9523592 3.525886
0.4823481 0.6991066 3.534943
0.4855081 0.4874072 3.472175
0.4565031 0.4009536 3.440361
0.1595673 0.4852361 3.496132
0.1361317 0.044442 3.5185
0.1508797 -0.3244067 3.549104
0.1448538 -0.3365071 3.40617
0.32461 0.4828957 3.484352
0.362008 0.1243903 3.479948
0.317479 -0.3403747 3.545427
0.3172253 -0.3591526 3.411971
0.2461904 1.001406 3.565293
0.04319185 0.2940649 3.446974
0.06983963 0.3879629 3.4146
0.4501491 0.3318483 3.413305
0.414186 0.4081726 3.417862
9
0.2446227 0.4788162 3.526239
0.2460306 0.7790973 3.553148
0.2460054 1.074715 3.565939
0.2511579 1.205957 3.534488
0.06391119 0.9700765 3.549426
0.01565274 0.700652 3.55
0.0168942 0.4424495 3.473951
0.03003117 0.3704272 3.452047
0.4269764 0.9523592 3.525886
0.4823481 0.6991066 3.534943
0.4855081 0.4874072 3.472175
0.4565031 0.4009536 3.440361
0.1595673 0.4852361 3.496132
0.1361317 0.044442 3.5185
0.1508797 -0.3244067 3.549104
0.1448538 -0.3365071 3.40617
0.32461 0.4828957 3.484352
0.362008 0.1243903 3.479948
0.317479 -0.3403747 3.545427
0.3172253 -0.3591526 3.411971
0.2461904 1.001406 3.565293
0.04319185 0.2940649 3.446974
0.06983963 0.3879629 3.4146
0.4501491 0.3318483 3.413305
0.414186 0.4081726 3.417862
10
0.2443225 0.4787292 3.526077
0.2457821 0.7790288 3.552906
0.2458387 1.074636 3.565682
0.2506713 1.205907 3.534192
0.06347333 0.9698904 3.548958
0.01553309 0.7006715 3.549731
0.0166926 0.4425043 3.473665
0.02996812 0.3704087 3.451962
0.4266459 0.952261 3.525787
0.4816556 0.6987765 3.53485
0.4851815 0.4873163 3.472043
0.4560452 0.4010448 3.440501
0.1592429 0.4851604 3.495947
0.1360674 0.044508 3.518328
0.1509026 -0.3243184 3.549117
0.1449483 -0.3364884 3.406198
0.3243376 0.4827951 3.484212
0.3603695 0.1186259 3.481039
0.3173084 -0.343632 3.545628
0.3162529 -0.3622402 3.411748
0.2459983 1.00133 3.565027
0.04312572 0.2942805 3.446854
0.06979404 0.3878275 3.414515
0.4499844 0.3318256 3.413412
0.4136549 0.4069303 3.41737
11
0.2443225 0.4787292 3.526077
0.2457821 0.7790288 3.552906
0.2458387 1.074636 3.565682
0.2506713 1.205907 3.534192
0.06347333 0.9698904 3.548958
0.01553309 0.7006715 3.549731
0.0166926 0.4425043 3.473665
0.02996812 0.3704087 3.451962
0.4266459 0.952261 3.525787
0.4816556 0.6987765 3.53485
0.4851815 0.4873163 3.472043
0.4560452 0.4010448 3.440501
0.1592429 0.4851604 3.495947
0.1360674 0.044508 3.518328
0.1509026 -0.3243184 3.549117
0.1449483 -0.3364884 3.406198
0.3243376 0.4827951 3.484212
0.3603695 0.1186259 3.481039
0.3173084 -0.343632 3.545628
0.3162529 -0.3622402 3.411748
0.2459983 1.00133 3.565027
0.04312572 0.2942805 3.446854
0.06979404 0.3878275 3.414515
0.4499844 0.3318256 3.413412
0.4136549 0.4069303 3.41737
12
0.244058 0.4786583 3.52594
0.2455389 0.7789699 3.552686
0.2456257 1.074558 3.565426
0.2502094 1.205857 3.533876
0.06308276 0.9697302 3.548541
0.01541875 0.7006775 3.549487
0.01651553 0.4425595 3.473453
0.03008474 0.370041 3.452024
0.4263114 0.9522198 3.525701
0.4810155 0.6984614 3.534792
0.484852 0.4872031 3.471952
0.4556553 0.4010996 3.44083
0.1589578 0.4850894 3.495787
0.1360055 0.04456611 3.518181
0.1509174 -0.3242315 3.549129
0.1450165 -0.3364625 3.406218
0.3240927 0.4827297 3.484101
0.359163 0.1145646 3.481771
0.3171327 -0.3467515 3.545831
0.3151333 -0.3652109 3.411587
0.245775 1.001258 3.564768
0.04318668 0.2938834 3.446985
0.0697614 0.3877147 3.414474
0.4498314 0.3318022 3.413515
0.4131902 0.40831 3.417967
13
0.244058 0.4786583 3.52594
0.2455389 0.7789699 3.552686
0.2456257 1.074558 3.565426
0.2502094 1.205857 3.533876
0.06308276 0.9697302 3.548541
0.01541875 0.7006775 3.549487
0.01651553 0.4425595 3.473453
0.03008474 0.370041 3.452024
0.4263114 0.9522198 3.525701
0.4810155 0.6984614 3.534792
0.484852 0.4872031 3.471952
0.4556553 0.4010996 3.44083
0.1589578 0.4850894 3.495787
0.1360055 0.04456611 3.518181
0.1509174 -0.3242315 3.549129
0.1450165 -0.3364625 3.406218
0.3240927 0.4827297 3.484101
0.359163 0.1145646 3.481771
0.3171327 -0.3467515 3.545831
0.3151333 -0.3652109 3.411587
0.245775 1.001258 3.564768
0.04318668 0.2938834 3.446985
0.0697614 0.3877147 3.414474
0.4498314 0.3318022 3.413515
0.4131902 0.40831 3.417967
14
0.2438068 0.4785839 3.525815
0.2452968 0.7789064 3.55247
0.2454033 1.074479 3.565158
0.2497869 1.205804 3.533589
0.06265479 0.9695289 3.54812
0.01529394 0.7006528 3.549209
0.01635961 0.4426081 3.473273
0.03012775 0.3697406 3.452
0.4260197 0.9521781 3.525629
0.4804616 0.6981763 3.534751
0.4845366 0.4870813 3.471875
0.4552698 0.4012269 3.440976
0.1586882 0.4850133 3.495636
0.135943 0.04461627 3.518042
0.1509228 -0.3241699 3.549134
0.1450535 -0.3364569 3.406226
0.3238594 0.482663 3.484004
0.3619071 0.1257678 3.479887
0.3165592 -0.3501251 3.546096
0.3156264 -0.3684399 3.413813
0.2455451 1.001185 3.564502
0.04340947 0.2933969 3.446501
0.06974673 0.3876388 3.414449
0.4494556 0.3317624 3.413539
0.412995 0.4085928 3.418064
15
0.2438068 0.4785839 3.525815
0.2452968 0.7789064 3.55247
0.2454033 1.074479 3.565158
0.2497869 1.205804 3.533589
0.06265479 0.9695289 3.54812
0.01529394 0.7006528 3.549209
0.01635961 0.4426081 3.473273
0.03012775 0.3697406 3.452
0.4260197 0.9521781 3.525629
0.4804616 0.6981763 3.534751
0.4845366 0.4870813 3.471875
0.4552698 0.4012269 3.440976
0.1586882 0.4850133 3.495636
0.135943 0.04461627 3.518042
0.1509228 -0.3241699 3.549134
0.1450535 -0.3364569 3.406226
0.3238594 0.482663 3.484004
0.3619071 0.1257678 3.479887
0.3165592 -0.3501251 3.546096
0.3156264 -0.3684399 3.413813
0.2455451 1.001185 3.564502
0.04340947 0.2933969 3.446501
0.06974673 0.3876388 3.414449
0.4494556 0.3317624 3.413539
0.412995 0.4085928 3.418064
16
0.2435847 0.4785162 3.525707
0.2450578 0.7788462 3.552261
0.2451356 1.074401 3.564862
0.2493087 1.205753 3.533253
0.06227301 0.9693418 3.547744
0.01517885 0.7006267 3.548961
0.01622148 0.4426511 3.47312
0.03002119 0.3706745 3.451924
0.4257319 0.9521498 3.525566
0.4799221 0.6978868 3.534724
0.4841945 0.4869308 3.471808
0.4549458 0.4013391 3.441084
0.1584507 0.4849422 3.495504
0.1358742 0.04465851 3.517915
0.150829 -0.3234509 3.549185
0.1450877 -0.3358219 3.406296
0.3236519 0.482605 3.483921
0.3608452 0.122998 3.480808
0.3163829 -0.3528967 3.54617
0.3147769 -0.370898 3.414009
0.2452838 1.001113 3.564219
0.04294666 0.2960721 3.444685
0.06974144 0.3876176 3.414479
0.4490943 0.3317622 3.413713
0.4128636 0.408795 3.418138
17
0.2435847 0.4785162 3.525707
0.2450578 0.7788462 3.552261
0.2451356 1.074401 3.564862
0.2493087 1.205753 3.533253
0.06227301 0.9693418 3.547744
0.01517885 0.7006267 3.548961
0.01622148 0.4426511 3.47312
0.03002119 0.3706745 3.451924
0.4257319 0.9521498 3.525566
0.4799221 0.6978868 3.534724
0.4841945 0.4869308 3.471808
0.4549458 0.4013391 3.441084
0.1584507 0.4849422 3.495504
0.1358742 0.04465851 3.517915
0.150829 -0.3234509 3.549185
0.1450877 -0.3358219 3.406296
0.3236519 0.482605 3.483921
0.3608452 0.122998 3.480808
0.3163829 -0.3528967 3.54617
0.3147769 -0.370898 3.414009
0.2452838 1.001113 3.564219
0.04294666 0.2960721 3.444685
0.06974144 0.3876176 3.414479
0.4490943 0.3317622 3.413713
0.4128636 0.408795 3.418138
18
0.243348 0.4784436 3.525624
0.2448314 0.778787 3.552074
0.2448867 1.074327 3.564588
0.248862 1.20572 3.532941
0.06191191 0.9691854 3.547417
0.0150827 0.7006103 3.54876
0.01607696 0.4427106 3.472996
0.02973287 0.3721603 3.452118
0.4254839 0.9521199 3.525521
0.4794368 0.6976313 3.534754
0.4838194 0.4867803 3.471781
0.4545413 0.4012952 3.441603
0.1582035 0.4848661 3.495395
0.1358044 0.04469829 3.5178
0.1507506 -0.3227137 3.549256
0.1451392 -0.3351741 3.406384
0.3234264 0.4825436 3.483867
0.3598396 0.1202444 3.481664
0.3159314 -0.3587547 3.546692
0.3209013 -0.3767802 3.417272
0.2450418 1.001045 3.56396
0.04291378 0.2983874 3.443306
0.06976357 0.3880085 3.414606
0.4491364 0.3313542 3.415751
0.4127004 0.4098379 3.419163
19
0.243348 0.4784436 3.525624
0.2448314 0.778787 3.552074
0.2448867 1.074327 3.564588
0.248862 1.20572 3.532941
0.06191191 0.9691854 3.547417
0.0150827 0.7006103 3.54876
0.01607696 0.4427106 3.472996
0.02973287 0.3721603 3.452118
0.4254839 0.9521199 3.525521
0.4794368 0.6976313 3.534754
0.4838194 0.4867803 3.471781
0.4545413 0.4012952 3.441603
0.1582035 0.4848661 3.495395
0.1358044 0.04469829 3.5178
0.1507506 -0.3227137 3.549256
0.1451392 -0.3351741 3.406384
0.3234264 0.4825436 3.483867
0.3598396 0.1202444 3.481664
0.3159314 -0.3587547 3.546692
0.3209013 -0.3767802 3.417272
0.2450418 1.001045 3.56396
0.04291378 0.2983874 3.443306
0.06976357 0.3880085 3.414606
0.4491364 0.3313542 3.415751
0.4127004 0.4098379 3.419163
20
0.2431136 0.4783634 3.525554
0.2446157 0.7787289 3.5519
0.2446506 1.074264 3.564325
0.2484208 1.205689 3.53263
0.06156034 0.969032 3.547101
0.01497975 0.700583 3.548558
0.01594426 0.4427671 3.472897
0.02947504 0.3730004 3.452308
0.4252106 0.9520765 3.525471
0.4790096 0.6974041 3.534791
0.4834197 0.4866196 3.471782
0.454147 0.4013192 3.441769
0.1579623 0.4847963 3.495299
0.1357324 0.04472711 3.517695
0.1507108 -0.3225151 3.549259
0.1451553 -0.3350203 3.406397
0.323185 0.482437 3.483831
0.3619262 0.1286041 3.480116
0.3155925 -0.3591041 3.546644
0.3194801 -0.3771568 3.417011
0.2448127 1.000985 3.563715
0.04227545 0.3001988 3.442468
0.06978412 0.3881114 3.414654
0.4487458 0.3313014 3.415813
0.4126265 0.410072 3.419362
21
0.2431136 0.4783634 3.525554
0.2446157 0.7787289 3.5519
0.2446506 1.074264 3.564325
0.2484208 1.205689 3.53263
0.06156034 0.969032 3.547101
0.01497975 0.700583 3.548558
0.01594426 0.4427671 3.472897
0.02947504 0.3730004 3.452308
0.4252106 0.9520765 3.525471
0.4790096 0.6974041 3.534791
0.4834197 0.4866196 3.471782
0.454147 0.4013192 3.441769
0.1579623 0.4847963 3.495299
0.1357324 0.04472711 3.517695
0.1507108 -0.3225151 3.549259
0.1451553 -0.3350203 3.406397
0.323185 0.482437 3.483831
0.3619262 0.1286041 3.480116
0.3155925 -0.3591041 3.546644
0.3194801 -0.3771568 3.417011
0.2448127 1.000985 3.563715
0.04227545 0.3001988 3.442468
0.06978412 0.3881114 3.414654
0.4487458 0.3313014 3.415813
0.4126265 0.410072 3.419362
22
0.2428989 0.4783041 3.525495
0.2444122 0.7786804 3.551733
0.2444205 1.074203 3.564051
0.2479943 1.205661 3.532342
0.06121234 0.9689959 3.546882
0.01486787 0.7005736 3.548353
0.0158164 0.4428203 3.472803
0.02946892 0.373338 3.452175
0.4248867 0.9520975 3.52541
0.4785675 0.6972117 3.534849
0.4830568 0.486491 3.471805
0.4538271 0.4013273 3.441933
0.1577499 0.4847513 3.495217
0.1356585 0.04474963 3.5176
0.1506609 -0.3223094 3.549248
0.1451498 -0.3348519 3.406389
0.3229564 0.4823509 3.483803
0.3598033 0.1199861 3.480942
0.3157268 -0.360035 3.546704
0.3176988 -0.3780696 3.416383
0.2445914 1.000931 3.563464
0.04236696 0.3006826 3.441883
0.06979755 0.3881572 3.414679
0.4484871 0.3309446 3.417346
0.4125766 0.4102283 3.419492
23
0.2428989 0.4783041 3.525495
0.2444122 0.7786804 3.551733
0.2444205 1.074203 3.564051
0.2479943 1.205661 3.532342
0.06121234 0.9689959 3.546882
0.01486787 0.7005736 3.548353
0.0158164 0.4428203 3.472803
0.02946892 0.373338 3.452175
0.4248867 0.9520975 3.52541
0.4785675 0.6972117 3.534849
0.4830568 0.486491 3.471805
0.4538271 0.4013273 3.441933
0.1577499 0.4847513 3.495217
0.1356585 0.04474963 3.5176
0.1506609 -0.3223094 3.549248
0.1451498 -0.3348519 3.406389
0.3229564 0.4823509 3.483803
0.3598033 0.1199861 3.480942
0.3157268 -0.360035 3.546704
0.3176988 -0.3780696 3.416383
0.2445914 1.000931 3.563464
0.04236696 0.3006826 3.441883
0.06979755 0.3881572 3.414679
0.4484871 0.3309446 3.417346
0.4125766 0.4102283 3.419492
24
0.2427054 0.4782493 3.525448
0.2442258 0.7786304 3.551581
0.244205 1.074131 3.563783
0.2476177 1.205639 3.532094
0.06090761 0.9689844 3.546702
0.01475483 0.7005545 3.548182
0.01569934 0.4428719 3.472728
0.02940611 0.3735196 3.452213
0.4245844 0.9521044 3.525348
0.478138 0.6970379 3.534907
0.4826913 0.4863664 3.471835
0.453607 0.4013135 3.442106
0.1575677 0.4847058 3.495156
0.1355896 0.04475309 3.517531
0.1505179 -0.3218273 3.549281
0.1450703 -0.3344215 3.406431
0.3227468 0.4822714 3.483783
0.3583368 0.11428 3.481532
0.315859 -0.3604568 3.546668
0.3157739 -0.3784642 3.415367
0.2443852 1.000867 3.563225
0.04234193 0.3010193 3.441455
0.06977685 0.3883171 3.414802
0.4483562 0.330878 3.417617
0.4125324 0.4106348 3.419762
25
0.2427054 0.4782493 3.525448
0.2442258 0.7786304 3.551581
0.244205 1.074131 3.563783
0.2476177 1.205639 3.532094
0.06090761 0.9689844 3.546702
0.01475483 0.7005545 3.548182
0.01569934 0.4428719 3.472728
0.02940611 0.3735196 3.452213
0.4245844 0.9521044 3.525348
0.478138 0.6970379 3.534907
0.4826913 0.4863664 3.471835
0.453607 0.4013135 3.442106
0.1575677 0.4847058 3.495156
0.1355896 0.04475309 3.517531
0.1505179 -0.3218273 3.549281
0.1450703 -0.3344215 3.406431
0.3227468 0.4822714 3.483783
0.3583368 0.11428 3.481532
0.315859 -0.3604568 3.546668
0.3157739 -0.3784642 3.415367
0.2443852 1.000867 3.563225
0.04234193 0.3010193 3.441455
0.06977685 0.3883171 3.414802
0.4483562 0.330878 3.417617
0.4125324 0.4106348 3.419762
26
0.2425232 0.4782065 3.525418
0.2440584 0.7785875 3.551448
0.2440148 1.074066 3.563544
0.2472639 1.205636 3.531858
0.0606304 0.9690202 3.546562
0.01463507 0.7004468 3.547999
0.01559294 0.4429206 3.472665
0.02942868 0.3730551 3.45229
0.4243093 0.9521142 3.525291
0.4777862 0.6969624 3.534954
0.4823673 0.4863217 3.471872
0.4534015 0.4013852 3.442244
0.1574042 0.4846719 3.49511
0.1355162 0.04475233 3.517474
0.1503942 -0.3211044 3.54934
0.1450179 -0.3337647 3.406499
0.3225392 0.4822053 3.483784
0.3573016 0.1101833 3.481961
0.3160332 -0.3607727 3.546632
0.3143576 -0.3787623 3.414555
0.2442024 1.00081 3.56301
0.04266392 0.299431 3.442489
0.06978236 0.3883727 3.41485
0.4481637 0.3307917 3.417917
0.4125209 0.4107369 3.419867
27
0.2425232 0.4782065 3.525418
0.2440584 0.7785875 3.551448
0.2440148 1.074066 3.563544
0.2472639 1.205636 3.531858
0.0606304 0.9690202 3.546562
0.01463507 0.7004468 3.547999
0.01559294 0.4429206 3.472665
0.02942868 0.3730551 3.45229
0.4243093 0.9521142 3.525291
0.4777862 0.6969624 3.534954
0.4823673 0.4863217 3.471872
0.4534015 0.4013852 3.442244
0.1574042 0.4846719 3.49511
0.1355162 0.04475233 3.517474
0.1503942 -0.3211044 3.54934
0.1450179 -0.3337647 3.406499
0.3225392 0.4822053 3.483784
0.3573016 0.1101833 3.481961
0.3160332 -0.3607727 3.546632
0.3143576 -0.3787623 3.414555
0.2442024 1.00081 3.56301
0.04266392 0.299431 3.442489
0.06978236 0.3883727 3.41485
0.4481637 0.3307917 3.417917
0.4125209 0.4107369 3.419867
28
0.2423589 0.4781716 3.525396
0.2439078 0.7785498 3.551329
0.2438438 1.074008 3.563323
0.2469513 1.205638 3.531652
0.06039017 0.9690824 3.546439
0.01452043 0.7003268 3.547828
0.01549658 0.4429651 3.472611
0.0293704 0.372973 3.452419
0.4240477 0.9521509 3.525221
0.4774933 0.6971186 3.534998
0.4819879 0.4865159 3.472009
0.4532157 0.4013793 3.442327
0.1572614 0.4846452 3.495073
0.1354285 0.04475044 3.51742
0.1503575 -0.319403 3.549376
0.1450915 -0.3321523 3.406554
0.322345 0.4821502 3.483797
0.3620617 0.1254755 3.477356
0.3157288 -0.358648 3.546634
0.313063 -0.3774157 3.413699
0.2440381 1.000759 3.562815
0.04244637 0.2992601 3.442414
0.06977984 0.3884815 3.415007
0.4479587 0.3307384 3.418045
0.4125226 0.4107886 3.419936
29
0.2423589 0.4781716 3.525396
0.2439078 0.7785498 3.551329
0.2438438 1.074008 3.563323
0.2469513 1.205638 3.531652
0.06039017 0.9690824 3.546439
0.01452043 0.7003268 3.547828
0.01549658 0.4429651 3.472611
0.0293704 0.372973 3.452419
0.4240477 0.9521509 3.525221
0.4774933 0.6971186 3.534998
0.4819879 0.4865159 3.472009
0.4532157 0.4013793 3.442327
0.1572614 0.4846452 3.495073
0.1354285 0.04475044 3.51742
0.1503575 -0.319403 3.549376
0.1450915 -0.3321523 3.406554
0.322345 0.4821502 3.483797
0.3620617 0.1254755 3.477356
0.3157288 -0.358648 3.546634
0.313063 -0.3774157 3.413699
0.2440381 1.000759 3.562815
0.04244637 0.2992601 3.442414
0.06977984 0.3884815 3.415007
0.4479587 0.3307384 3.418045
0.4125226 0.4107886 3.419936
30
0.2422906 0.478151 3.525382
0.2438093 0.7785227 3.551231
0.2436992 1.073961 3.563122
0.2466845 1.205647 3.531468
0.06018787 0.9691341 3.546339
0.01440897 0.7002038 3.547676
0.01540705 0.4430056 3.472565
0.02920263 0.3733357 3.452583
0.4238303 0.9521927 3.525149
0.4772583 0.6974289 3.535018
0.4816577 0.4867826 3.472167
0.4533198 0.4031153 3.442919
0.1572033 0.484621 3.495048
0.1353475 0.04474883 3.517369
0.150301 -0.3178715 3.549373
0.1451093 -0.3306893 3.406568
0.3222683 0.482123 3.483802
0.3621175 0.1246775 3.476185
0.3158269 -0.3581294 3.546709
0.3120981 -0.3772967 3.413043
0.2439038 1.00072 3.562638
0.04190261 0.3003 3.441703
0.06980619 0.3885592 3.415092
0.4480881 0.3319732 3.417655
0.4125341 0.4107965 3.419967
31
0.2422906 0.478151 3.525382
0.2438093 0.7785227 3.551231
0.2436992 1.073961 3.563122
0.2466845 1.205647 3.531468
0.06018787 0.9691341 3.546339
0.01440897 0.7002038 3.547676
0.01540705 0.4430056 3.472565
0.02920263 0.3733357 3.452583
0.4238303 0.9521927 3.525149
0.4772583 0.6974289 3.535018
0.4816577 0.4867826 3.472167
0.4533198 0.4031153 3.442919
0.1572033 0.484621 3.495048
0.1353475 0.04474883 3.517369
0.150301 -0.3178715 3.549373
0.1451093 -0.3306893 3.406568
0.3222683 0.482123 3.483802
0.3621175 0.1246775 3.476185
0.3158269 -0.3581294 3.546709
0.3120981 -0.3772967 3.413043
0.2439038 1.00072 3.562638
0.04190261 0.3003 3.441703
0.06980619 0.3885592 3.415092
0.4480881 0.3319732 3.417655
0.4125341 0.4107965 3.419967
32
0.2422628 0.478129 3.525385
0.2437512 0.7784962 3.551147
0.2436239 1.073897 3.56287
0.2465015 1.205639 3.531315
0.06007959 0.9691736 3.546278
0.01429929 0.7001192 3.547563
0.01530458 0.4430648 3.472531
0.02904041 0.3737491 3.452827
0.4236704 0.9522356 3.525064
0.4772234 0.6977705 3.535122
0.4814605 0.4869519 3.472292
0.4534005 0.4032653 3.443184
0.1571872 0.4845936 3.49504
0.1352684 0.04473606 3.517295
0.1502484 -0.3166102 3.549273
0.1450664 -0.3294609 3.406488
0.3222363 0.4821001 3.48383
0.3618799 0.1229901 3.475217
0.3160521 -0.3564908 3.546597
0.3117543 -0.3762437 3.411151
0.2438305 1.000669 3.562436
0.04172536 0.3010212 3.441565
0.06977561 0.3890957 3.415458
0.448301 0.3320714 3.417755
0.4125505 0.4108149 3.420017
33
0.2422628 0.478129 3.525385
0.2437512 0.7784962 3.551147
0.2436239 1.073897 3.56287
0.2465015 1.205639 3.531315
0.06007959 0.9691736 3.546278
0.01429929 0.7001192 3.547563
0.01530458 0.4430648 3.472531
0.02904041 0.3737491 3.452827
0.4236704 0.9522356 3.525064
0.4772234 0.6977705 3.535122
0.4814605 0.4869519 3.472292
0.4534005 0.4032653 3.443184
0.1571872 0.4845936 3.49504
0.1352684 0.04473606 3.517295
0.1502484 -0.3166102 3.549273
0.1450664 -0.3294609 3.406488
0.3222363 0.4821001 3.48383
0.3618799 0.1229901 3.475217
0.3160521 -0.3564908 3.546597
0.3117543 -0.3762437 3.411151
0.2438305 1.000669 3.562436
0.04172536 0.3010212 3.441565
0.06977561 0.3890957 3.415458
0.448301 0.3320714 3.417755
0.4125505 0.4108149 3.420017
34
0.2425474 0.4780464 3.525535
0.2437887 0.7784445 3.551067
0.2436381 1.073809 3.562608
0.2464396 1.205629 3.531151
0.06014115 0.9692391 3.546241
0.01421135 0.7000715 3.547492
0.01520727 0.4431247 3.472504
0.0290949 0.3736719 3.452825
0.4237425 0.9522606 3.52496
0.4775944 0.6979858 3.535313
0.4813854 0.4870703 3.47244
0.4540585 0.4030014 3.443551
0.1574709 0.484522 3.49513
0.1352963 0.0447984 3.515383
0.149112 -0.3188819 3.54679
0.1436426 -0.3314191 3.404018
0.322546 0.481999 3.484079
0.3615042 0.1209435 3.474467
0.3162335 -0.3550657 3.546444
0.3113841 -0.3753185 3.409456
0.2438466 1.000594 3.56223
0.04189941 0.3009946 3.441544
0.06977607 0.3892201 3.41554
0.4489176 0.3320834 3.417976
0.4127128 0.4102567 3.419668
35
0.2425474 0.4780464 3.525535
0.2437887 0.7784445 3.551067
0.2436381 1.073809 3.562608
0.2464396 1.205629 3.531151
0.06014115 0.9692391 3.546241
0.01421135 0.7000715 3.547492
0.01520727 0.4431247 3.472504
0.0290949 0.3736719 3.452825
0.4237425 0.9522606 3.52496
0.4775944 0.6979858 3.535313
0.4813854 0.4870703 3.47244
0.4540585 0.4030014 3.443551
0.1574709 0.484522 3.49513
0.1352963 0.0447984 3.515383
0.149112 -0.3188819 3.54679
0.1436426 -0.3314191 3.404018
0.322546 0.481999 3.484079
0.3615042 0.1209435 3.474467
0.3162335 -0.3550657 3.546444
0.3113841 -0.3753185 3.409456
0.2438466 1.000594 3.56223
0.04189941 0.3009946 3.441544
0.06977607 0.3892201 3.41554
0.4489176 0.3320834 3.417976
0.4127128 0.4102567 3.419668
36
0.2439296 0.477601 3.526144
0.2442667 0.778235 3.551031
0.2438405 1.073667 3.56233
0.2468965 1.205532 3.530683
0.06100626 0.9691688 3.546259
0.0141008 0.7000993 3.547475
0.01512294 0.4431775 3.472485
0.03007574 0.3726986 3.451828
0.4247783 0.9524665 3.524667
0.4797246 0.6983851 3.535917
0.4814492 0.4871925 3.472631
0.45511 0.4025084 3.444137
0.1589039 0.4840122 3.495694
0.1373584 0.04522808 3.505658
0.1478288 -0.3192197 3.545228
0.141772 -0.3349296 3.402138
0.3238831 0.4816224 3.484771
0.3610789 0.1188463 3.473933
0.3163878 -0.3537928 3.546271
0.311071 -0.3744588 3.407959
0.2440887 1.000447 3.562004
0.04447825 0.3006992 3.439696
0.06980526 0.3892965 3.415588
0.4502596 0.3318409 3.418848
0.4129148 0.4093094 3.419039
37
0.2439296 0.477601 3.526144
0.2442667 0.778235 3.551031
0.2438405 1.073667 3.56233
0.2468965 1.205532 3.530683
0.06100626 0.9691688 3.546259
0.0141008 0.7000993 3.547475
0.01512294 0.4431775 3.472485
0.03007574 0.3726986 3.451828
0.4247783 0.9524665 3.524667
0.4797246 0.6983851 3.535917
0.4814492 0.4871925 3.472631
0.45511 0.4025084 3.444137
0.1589039 0.4840122 3.495694
0.1373584 0.04522808 3.505658
0.1478288 -0.3192197 3.545228
0.141772 -0.3349296 3.402138
0.3238831 0.4816224 3.484771
0.3610789 0.1188463 3.473933
0.3163878 -0.3537928 3.546271
0.311071 -0.3744588 3.407959
0.2440887 1.000447 3.562004
0.04447825 0.3006992 3.439696
0.06980526 0.3892965 3.415588
0.4502596 0.3318409 3.418848
0.4129148 0.4093094 3.419039
38
0.2469556 0.4768006 3.527442
0.2460185 0.777763 3.551208
0.2449434 1.073385 3.561949
0.2483378 1.205186 3.530135
0.06517005 0.9685493 3.547021
0.01396701 0.7002512 3.547807
0.01504817 0.4432245 3.472487
0.03033673 0.3725292 3.451475
0.4272917 0.9528077 3.524192
0.4839061 0.6980057 3.537033
0.481772 0.4871601 3.472872
0.4572726 0.4020377 3.445371
0.1621713 0.4829558 3.497205
0.1435187 0.04980405 3.472579
0.1458307 -0.3154635 3.541311
0.138554 -0.3424046 3.398381
0.3266859 0.4810644 3.485941
0.360576 0.08113261 3.478938
0.3157837 -0.3531733 3.546203
0.3106746 -0.3741583 3.407308
0.2453143 1.00013 3.561733
0.04530669 0.3005953 3.438291
0.06973623 0.3894678 3.41564
0.4525073 0.3310979 3.421504
0.4148058 0.408018 3.41882
39
0.2469556 0.4768006 3.527442
0.2460185 0.777763 3.551208
0.2449434 1.073385 3.561949
0.2483378 1.205186 3.530135
0.06517005 0.9685493 3.547021
0.01396701 0.7002512 3.547807
0.01504817 0.4432245 3.472487
0.03033673 0.3725292 3.451475
0.4272917 0.9528077 3.524192
0.4839061 0.6980057 3.537033
0.481772 0.4871601 3.472872
0.4572726 0.4020377 3.445371
0.1621713 0.4829558 3.497205
0.1435187 0.04980405 3.472579
0.1458307 -0.3154635 3.541311
0.138554 -0.3424046 3.398381
0.3266859 0.4810644 3.485941
0.360576 0.08113261 3.478938
0.3157837 -0.3531733 3.546203
0.3106746 -0.3741583 3.407308
0.2453143 1.00013 3.561733
0.04530669 0.3005953 3.438291
0.06973623 0.3894678 3.41564
0.4525073 0.3310979 3.421504
0.4148058 0.408018 3.41882
40
0.2524616 0.4757482 3.530354
0.2497393 0.7770478 3.55215
0.2474468 1.072952 3.56175
0.2517687 1.204559 3.529947
0.07599402 0.9665245 3.549584
0.01385294 0.7007946 3.549543
0.01498684 0.443258 3.472501
0.03044116 0.3725032 3.451072
0.4344836 0.9530806 3.523666
0.4897362 0.6976251 3.538387
0.4865773 0.4771712 3.471928
0.4619495 0.3918779 3.445975
0.1684626 0.4819949 3.501291
0.1446167 0.06324062 3.43104
0.1411971 -0.3350006 3.530294
0.1367326 -0.364189 3.413027
0.3315692 0.4800361 3.488063
0.3604324 0.06406757 3.481556
0.3154236 -0.3528585 3.546057
0.3101529 -0.3738384 3.406767
0.248073 0.9996367 3.561755
0.04593249 0.300489 3.437204
0.06936111 0.3900294 3.415404
0.4571624 0.3150802 3.431665
0.4192929 0.4013014 3.418777
41
0.2524616 0.4757482 3.530354
0.2497393 0.7770478 3.55215
0.2474468 1.072952 3.56175
0.2517687 1.204559 3.529947
0.07599402 0.9665245 3.549584
0.01385294 0.7007946 3.549543
0.01498684 0.443258 3.472501
0.03044116 0.3725032 3.451072
0.4344836 0.9530806 3.523666
0.4897362 0.6976251 3.538387
0.4865773 0.4771712 3.471928
0.4619495 0.3918779 3.445975
0.1684626 0.4819949 3.501291
0.1446167 0.06324062 3.43104
0.1411971 -0.3350006 3.530294
0.1367326 -0.364189 3.413027
0.3315692 0.4800361 3.488063
0.3604324 0.06406757 3.481556
0.3154236 -0.3528585 3.546057
0.3101529 -0.3738384 3.406767
0.248073 0.9996367 3.561755
0.04593249 0.300489 3.437204
0.06936111 0.3900294 3.415404
0.4571624 0.3150802 3.431665
0.4192929 0.4013014 3.418777
42
0.2589313 0.4751102 3.534816
0.2563022 0.7761313 3.554275
0.2557948 1.071567 3.561743
0.2570398 1.203455 3.530021
0.08796575 0.9653004 3.55354
0.0137497 0.7023582 3.554683
0.01494103 0.4432639 3.472541
0.03055069 0.3724915 3.450324
0.4424396 0.9532746 3.52311
0.4987728 0.6988284 3.540274
0.4904361 0.4702586 3.471397
0.4660963 0.3846692 3.447153
0.1757792 0.4816993 3.508029
0.1402925 0.09373605 3.388725
0.1357918 -0.3445236 3.514433
0.1352865 -0.3729563 3.415289
0.3372312 0.4792352 3.490908
0.3605222 0.0561636 3.482995
0.3151754 -0.352738 3.545907
0.3098787 -0.3736155 3.406394
0.2557644 0.9984143 3.56233
0.04670122 0.3008395 3.432492
0.0678826 0.3922817 3.412929
0.4604544 0.3069071 3.436917
0.4231497 0.3966565 3.420647
43
0.2589313 0.4751102 3.534816
0.2563022 0.7761313 3.554275
0.2557948 1.071567 3.561743
0.2570398 1.203455 3.530021
0.08796575 0.9653004 3.55354
0.0137497 0.7023582 3.554683
0.01494103 0.4432639 3.472541
0.03055069 0.3724915 3.450324
0.4424396 0.9532746 3.52311
0.4987728 0.6988284 3.540274
0.4904361 0.4702586 3.471397
0.4660963 0.3846692 3.447153
0.1757792 0.4816993 3.508029
0.1402925 0.09373605 3.388725
0.1357918 -0.3445236 3.514433
0.1352865 -0.3729563 3.415289
0.3372312 0.4792352 3.490908
0.3605222 0.0561636 3.482995
0.3151754 -0.352738 3.545907
0.3098787 -0.3736155 3.406394
0.2557644 0.9984143 3.56233
0.04670122 0.3008395 3.432492
0.0678826 0.3922817 3.412929
0.4604544 0.3069071 3.436917
0.4231497 0.3966565 3.420647
44
0.2676727 0.4740806 3.541691
0.2640859 0.7746732 3.557188
0.263474 1.069839 3.561824
0.2641011 1.2022 3.530623
0.1010301 0.9659882 3.558569
0.01506393 0.7055792 3.569408
0.01550323 0.4683193 3.492007
0.02813152 0.3990293 3.459226
0.4505237 0.952202 3.522379
0.5098384 0.6952729 3.54226
0.494364 0.4646544 3.471127
0.4698271 0.379698 3.449334
0.1841351 0.4818889 3.516144
0.129605 0.1480293 3.343655
0.1322571 -0.3446557 3.488127
0.1251464 -0.368579 3.406672
0.3463089 0.4769098 3.49667
0.366564 0.07490052 3.487312
0.3139573 -0.3555282 3.544711
0.3097418 -0.373491 3.406147
0.2633667 0.9967633 3.563056
0.03047724 0.3353809 3.422603
0.06432956 0.4290403 3.429003
0.4628603 0.3014692 3.441711
0.4276368 0.3921808 3.425019
45
0.2676727 0.4740806 3.541691
0.2640859 0.7746732 3.557188
0.263474 1.069839 3.561824
0.2641011 1.2022 3.530623
0.1010301 0.9659882 3.558569
0.01506393 0.7055792 3.569408
0.01550323 0.4683193 3.492007
0.02813152 0.3990293 3.459226
0.4505237 0.952202 3.522379
0.5098384 0.6952729 3.54226
0.494364 0.4646544 3.471127
0.4698271 0.379698 3.449334
0.1841351 0.4818889 3.516144
0.129605 0.1480293 3.343655
0.1322571 -0.3446557 3.488127
0.1251464 -0.368579 3.406672
0.3463089 0.4769098 3.49667
0.366564 0.07490052 3.487312
0.3139573 -0.3555282 3.544711
0.3097418 -0.373491 3.406147
0.2633667 0.9967633 3.563056
0.03047724 0.3353809 3.422603
0.06432956 0.4290403 3.429003
0.4628603 0.3014692 3.441711
0.4276368 0.3921808 3.425019
46
0.2739024 0.4737072 3.547165
0.272222 0.7738298 3.560571
0.274877 1.068591 3.562685
0.2713643 1.201454 3.531258
0.1133921 0.9684744 3.5641
0.01936717 0.7140263 3.587255
0.01555072 0.4828565 3.503703
0.02501764 0.4152764 3.464618
0.4569872 0.9510916 3.521752
0.518209 0.6921369 3.54326
0.499214 0.4586022 3.470852
0.4725192 0.3764893 3.45031
0.190619 0.4827274 3.523474
0.1160161 0.1909872 3.308671
0.1230561 -0.3083325 3.463551
0.107846 -0.3324098 3.386619
0.3522674 0.4755202 3.500681
0.3702133 0.0884949 3.489733
0.3123157 -0.36515 3.545017
0.3167801 -0.3813427 3.416818
0.2738665 0.9956121 3.56462
0.02058241 0.35271 3.420578
0.05401293 0.4459954 3.430372
0.4671304 0.2968766 3.447753
0.4315134 0.38799 3.427238
47
0.2739024 0.4737072 3.547165
0.272222 0.7738298 3.560571
0.274877 1.068591 3.562685
0.2713643 1.201454 3.531258
0.1133921 0.9684744 3.5641
0.01936717 0.7140263 3.587255
0.01555072 0.4828565 3.503703
0.02501764 0.4152764 3.464618
0.4569872 0.9510916 3.521752
0.518209 0.6921369 3.54326
0.499214 0.4586022 3.470852
0.4725192 0.3764893 3.45031
0.190619 0.4827274 3.523474
0.1160161 0.1909872 3.308671
0.1230561 -0.3083325 3.463551
0.107846 -0.3324098 3.386619
0.3522674 0.4755202 3.500681
0.3702133 0.0884949 3.489733
0.3123157 -0.36515 3.545017
0.3167801 -0.3813427 3.416818
0.2738665 0.9956121 3.56462
0.02058241 0.35271 3.420578
0.05401293 0.4459954 3.430372
0.4671304 0.2968766 3.447753
0.4315134 0.38799 3.427238
48
0.2793249 0.4739118 3.553463
0.277698 0.7734754 3.563249
0.2813908 1.067953 3.563206
0.2777175 1.201002 3.532133
0.1232844 0.971395 3.569944
0.02583952 0.730811 3.612387
0.01538669 0.4917546 3.512733
0.02030874 0.4279539 3.470841
0.4617738 0.9500759 3.521267
0.525345 0.6917229 3.544034
0.5030073 0.4541726 3.470747
0.4761515 0.3731858 3.451784
0.1971978 0.4845613 3.532695
0.1064572 0.2364123 3.278062
0.1235498 -0.2428519 3.446784
0.09184165 -0.2723446 3.366221
0.3566717 0.4746153 3.504581
0.3720915 0.09691093 3.491092
0.311542 -0.3700836 3.545164
0.3207019 -0.3855175 3.422124
0.2800491 0.9950138 3.565605
0.01490019 0.3642927 3.422331
0.04161194 0.4603271 3.434441
0.4722928 0.2940617 3.451154
0.4362914 0.3834583 3.43173
49
0.2793249 0.4739118 3.553463
0.277698 0.7734754 3.563249
0.2813908 1.067953 3.563206
0.2777175 1.201002 3.532133
0.1232844 0.971395 3.569944
0.02583952 0.730811 3.612387
0.01538669 0.4917546 3.512733
0.02030874 0.4279539 3.470841
0.4617738 0.9500759 3.521267
0.525345 0.6917229 3.544034
0.5030073 0.4541726 3.470747
0.4761515 0.3731858 3.451784
0.1971978 0.4845613 3.532695
0.1064572 0.2364123 3.278062
0.1235498 -0.2428519 3.446784
0.09184165 -0.2723446 3.366221
0.3566717 0.4746153 3.504581
0.3720915 0.09691093 3.491092
0.311542 -0.3700836 3.545164
0.3207019 -0.3855175 3.422124
0.2800491 0.9950138 3.565605
0.01490019 0.3642927 3.422331
0.04161194 0.4603271 3.434441
0.4722928 0.2940617 3.451154
0.4362914 0.3834583 3.43173
50
0.2825403 0.4747222 3.558279
0.2817586 0.7736236 3.565576
0.2863912 1.067776 3.563784
0.283313 1.200543 3.533502
0.1303634 0.9739525 3.574658
0.03088875 0.7412271 3.626073
0.008010951 0.526617 3.550275
0.009664427 0.4974407 3.526917
0.4651344 0.9493507 3.520956
0.5303838 0.6917743 3.544538
0.5064172 0.4511547 3.470749
0.4792557 0.3713714 3.452874
0.2009588 0.4872081 3.540074
0.1027073 0.2531802 3.265191
0.1398934 -0.1664415 3.440553
0.08396588 -0.2040345 3.362456
0.3593371 0.4742289 3.507316
0.3728917 0.1037003 3.492027
0.3120269 -0.3666812 3.544564
0.3216204 -0.3779791 3.454526
0.2848123 0.9948922 3.566573
0.0008545526 0.4576429 3.495455
0.03326023 0.4989606 3.484867
0.474533 0.2924314 3.453022
0.4398769 0.3812213 3.434567
51
0.2825403 0.4747222 3.558279
0.2817586 0.7736236 3.565576
0.2863912 1.067776 3.563784
0.283313 1.200543 3.533502
0.1303634 0.9739525 3.574658
0.03088875 0.7412271 3.626073
0.008010951 0.526617 3.550275
0.009664427 0.4974407 3.526917
0.4651344 0.9493507 3.520956
0.5303838 0.6917743 3.544538
0.5064172 0.4511547 3.470749
0.4792557 0.3713714 3.452874
0.2009588 0.4872081 3.540074
0.1027073 0.2531802 3.265191
0.1398934 -0.1664415 3.440553
0.08396588 -0.2040345 3.362456
0.3593371 0.4742289 3.507316
0.3728917 0.1037003 3.492027
0.3120269 -0.3666812 3.544564
0.3216204 -0.3779791 3.454526
0.2848123 0.9948922 3.566573
0.0008545526 0.4576429 3.495455
0.03326023 0.4989606 3.484867
0.474533 0.2924314 3.453022
0.4398769 0.3812213 3.434567
52
0.285131 0.4753589 3.562309
0.2869425 0.7741089 3.568751
0.294133 1.068363 3.565405
0.2883599 1.200123 3.535221
0.1359535 0.9760486 3.578763
0.03385365 0.748045 3.635308
0.007148127 0.5361241 3.563034
0.005655098 0.5104054 3.538574
0.4684526 0.9487919 3.520843
0.5350603 0.6919057 3.544885
0.5095903 0.4488291 3.470653
0.4816159 0.3697048 3.453388
0.2045301 0.4893289 3.546297
0.09831268 0.271887 3.257485
0.1503847 -0.08586004 3.436431
0.09462837 -0.1327007 3.359013
0.3612455 0.4738882 3.509476
0.3732255 0.1075906 3.492898
0.3107817 -0.3775452 3.545731
0.3241271 -0.3878523 3.466858
0.2920317 0.9954266 3.568628
-0.005000119 0.4313036 3.505513
0.007710984 0.493124 3.489243
0.4762464 0.2905632 3.454151
0.4433141 0.3786908 3.43874
53
0.285131 0.4753589 3.562309
0.2869425 0.7741089 3.568751
0.294133 1.068363 3.565405
0.2883599 1.200123 3.535221
0.1359535 0.9760486 3.578763
0.03385365 0.748045 3.635308
0.007148127 0.5361241 3.563034
0.005655098 0.5104054 3.538574
0.4684526 0.9487919 3.520843
0.5350603 0.6919057 3.544885
0.5095903 0.4488291 3.470653
0.4816159 0.3697048 3.453388
0.2045301 0.4893289 3.546297
0.09831268 0.271887 3.257485
0.1503847 -0.08586004 3.436431
0.09462837 -0.1327007 3.359013
0.3612455 0.4738882 3.509476
0.3732255 0.1075906 3.492898
0.3107817 -0.3775452 3.545731
0.3241271 -0.3878523 3.466858
0.2920317 0.9954266 3.568628
-0.005000119 0.4313036 3.505513
0.007710984 0.493124 3.489243
0.4762464 0.2905632 3.454151
0.4433141 0.3786908 3.43874
54
0.2774269 0.4867139 3.578908
0.290959 0.7759734 3.573288
0.3024368 1.069226 3.567952
0.2933896 1.200045 3.537612
0.1404085 0.9780474 3.582899
0.03677645 0.7527629 3.643323
0.003497348 0.5479763 3.582086
0.001287742 0.5334489 3.563954
0.4714592 0.9485284 3.520798
0.5389758 0.6923311 3.545103
0.5124426 0.4471036 3.470435
0.4841848 0.3691078 3.453784
0.188917 0.5121007 3.572606
0.08815002 0.3425954 3.243775
0.1531715 -0.02235184 3.425529
0.1099551 -0.06941476 3.346492
0.3594464 0.4762955 3.51594
0.3733771 0.1101122 3.493722
0.3105635 -0.3807068 3.546026
0.3320395 -0.3922967 3.463057
0.2988157 0.9964055 3.571388
-0.009114193 0.4804251 3.53727
-0.001038658 0.5076219 3.519947
0.4773271 0.2893337 3.455373
0.4461187 0.3767717 3.44158
55
0.2774269 0.4867139 3.578908
0.290959 0.7759734 3.573288
0.3024368 1.069226 3.567952
0.2933896 1.200045 3.537612
0.1404085 0.9780474 3.582899
0.03677645 0.7527629 3.643323
0.003497348 0.5479763 3.582086
0.001287742 0.5334489 3.563954
0.4714592 0.9485284 3.520798
0.5389758 0.6923311 3.545103
0.5124426 0.4471036 3.470435
0.4841848 0.3691078 3.453784
0.188917 0.5121007 3.572606
0.08815002 0.3425954 3.243775
0.1531715 -0.02235184 3.425529
0.1099551 -0.06941476 3.346492
0.3594464 0.4762955 3.51594
0.3733771 0.1101122 3.493722
0.3105635 -0.3807068 3.546026
0.3320395 -0.3922967 3.463057
0.2988157 0.9964055 3.571388
-0.009114193 0.4804251 3.53727
-0.001038658 0.5076219 3.519947
0.4773271 0.2893337 3.455373
0.4461187 0.3767717 3.44158
56
0.2734566 0.4925345 3.587078
0.2939191 0.7780783 3.577297
0.3093445 1.070228 3.570149
0.297937 1.20021 3.53978
0.1437483 0.9796457 3.586301
0.03882503 0.7557339 3.649262
0.001957939 0.5538951 3.590662
-0.002198144 0.5419869 3.575973
0.4741606 0.9485862 3.520801
0.5433178 0.6936177 3.545213
0.515039 0.4458361 3.470141
0.4865043 0.3684876 3.45408
0.1822639 0.5217297 3.583487
0.0784785 0.4277009 3.221264
0.1528701 0.03920225 3.40794
0.1175397 -0.006416034 3.327082
0.3575962 0.478545 3.520909
0.373292 0.1119147 3.494586
0.3108485 -0.3803621 3.545943
0.3370466 -0.3931999 3.454739
0.3045122 0.9976085 3.573895
-0.01341007 0.4927822 3.548795
-0.003754923 0.5119368 3.535415
0.4784458 0.2882775 3.455618
0.4513147 0.3798906 3.448301
57
0.2734566 0.4925345 3.587078
0.2939191 0.7780783 3.577297
0.3093445 1.070228 3.570149
0.297937 1.20021 3.53978
0.1437483 0.9796457 3.586301
0.03882503 0.7557339 3.649262
0.001957939 0.5538951 3.590662
-0.002198144 0.5419869 3.575973
0.4741606 0.9485862 3.520801
0.5433178 0.6936177 3.545213
0.515039 0.4458361 3.470141
0.4865043 0.3684876 3.45408
0.1822639 0.5217297 3.583487
0.0784785 0.4277009 3.221264
0.1528701 0.03920225 3.40794
0.1175397 -0.006416034 3.327082
0.3575962 0.478545 3.520909
0.373292 0.1119147 3.494586
0.3108485 -0.3803621 3.545943
0.3370466 -0.3931999 3.454739
0.3045122 0.9976085 3.573895
-0.01341007 0.4927822 3.548795
-0.003754923 0.5119368 3.535415
0.4784458 0.2882775 3.455618
0.4513147 0.3798906 3.448301
58
0.2713032 0.495783 3.591516
0.2956839 0.7796074 3.579985
0.3129773 1.070723 3.571229
0.3012118 1.200318 3.541379
0.1460714 0.9808604 3.588763
0.0401672 0.75773 3.653137
-0.003781763 0.556604 3.603768
-0.004682909 0.5490893 3.585643
0.4760157 0.9486652 3.520798
0.5478688 0.6962733 3.544586
0.5174022 0.4448892 3.469607
0.4882767 0.3681763 3.453857
0.1794039 0.526413 3.588777
0.07452805 0.4827533 3.207372
0.1514266 0.1008969 3.385227
0.1224461 0.05438033 3.297886
0.3562023 0.4801104 3.524164
0.3729103 0.1130375 3.49565
0.3159588 -0.3421922 3.541908
0.3129426 -0.3541112 3.420897
0.3077458 0.9983198 3.575317
-0.0156196 0.515378 3.576645
-0.005164126 0.5363967 3.559794
0.4792759 0.2876953 3.455298
0.4546401 0.3829353 3.451732
59
0.2713032 0.495783 3.591516
0.2956839 0.7796074 3.579985
0.3129773 1.070723 3.571229
0.3012118 1.200318 3.541379
0.1460714 0.9808604 3.588763
0.0401672 0.75773 3.653137
-0.003781763 0.556604 3.603768
-0.004682909 0.5490893 3.585643
0.4760157 0.9486652 3.520798
0.5478688 0.6962733 3.544586
0.5174022 0.4448892 3.469607
0.4882767 0.3681763 3.453857
0.1794039 0.526413 3.588777
0.07452805 0.4827533 3.207372
0.1514266 0.1008969 3.385227
0.1224461 0.05438033 3.297886
0.3562023 0.4801104 3.524164
0.3729103 0.1130375 3.49565
0.3159588 -0.3421922 3.541908
0.3129426 -0.3541112 3.420897
0.3077458 0.9983198 3.575317
-0.0156196 0.515378 3.576645
-0.005164126 0.5363967 3.559794
0.4792759 0.2876953 3.455298
0.4546401 0.3829353 3.451732
60
0.270041 0.4977877 3.594358
0.2967775 0.7807991 3.581956
0.3153488 1.071044 3.571924
0.3041092 1.200672 3.542996
0.1478821 0.9817905 3.591027
0.04127253 0.7587917 3.656794
-0.007642153 0.5568989 3.614004
-0.008538475 0.5557072 3.598354
0.4776252 0.9487529 3.52085
0.5510345 0.6983547 3.544054
0.5192219 0.4442231 3.469158
0.4897092 0.3679739 3.453744
0.177831 0.5292853 3.592416
0.07329031 0.5122554 3.201169
0.1465743 0.1508661 3.366784
0.1204879 0.1019722 3.271636
0.355099 0.4813123 3.526427
0.3724097 0.1137241 3.497914
0.3154375 -0.349431 3.542371
0.3197164 -0.3618919 3.418035
0.3098789 0.998811 3.576271
-0.01570441 0.5471757 3.597511
-0.00757399 0.5480059 3.570691
0.4804479 0.2875435 3.452709
0.4568166 0.385166 3.454791
61
0.270041 0.4977877 3.594358
0.2967775 0.7807991 3.581956
0.3153488 1.071044 3.571924
0.3041092 1.200672 3.542996
0.1478821 0.9817905 3.591027
0.04127253 0.7587917 3.656794
-0.007642153 0.5568989 3.614004
-0.008538475 0.5557072 3.598354
0.4776252 0.9487529 3.52085
0.5510345 0.6983547 3.544054
0.5192219 0.4442231 3.469158
0.4897092 0.3679739 3.453744
0.177831 0.5292853 3.592416
0.07329031 0.5122554 3.201169
0.1465743 0.1508661 3.366784
0.1204879 0.1019722 3.271636
0.355099 0.4813123 3.526427
0.3724097 0.1137241 3.497914
0.3154375 -0.349431 3.542371
0.3197164 -0.3618919 3.418035
0.3098789 0.998811 3.576271
-0.01570441 0.5471757 3.597511
-0.00757399 0.5480059 3.570691
0.4804479 0.2875435 3.452709
0.4568166 0.385166 3.454791
62
0.3105094 0.4884144 3.578419
0.3072905 0.781702 3.582172
0.3172758 1.071414 3.572538
0.3068239 1.201073 3.544916
0.1489558 0.9823936 3.592401
0.04236167 0.7586559 3.660482
-0.009558073 0.5574259 3.619612
-0.02152416 0.4793112 3.569847
0.4790637 0.9488407 3.520982
0.5537058 0.700793 3.543577
0.5208374 0.4438461 3.468782
0.4909413 0.3679481 3.453642
0.2252662 0.5047938 3.564653
0.07138257 0.531271 3.196705
0.1429681 0.1851837 3.354224
0.1158972 0.1328551 3.251554
0.3910689 0.4827962 3.519244
0.3719283 0.1143124 3.500933
0.314953 -0.3574842 3.542798
0.3259951 -0.3698364 3.41862
0.3122496 0.9994413 3.577155
-0.02816336 0.4516623 3.553484
-0.01489325 0.4845128 3.532279
0.480785 0.2873877 3.451621
0.4590903 0.3877957 3.458513
63
0.3105094 0.4884144 3.578419
0.3072905 0.781702 3.582172
0.3172758 1.071414 3.572538
0.3068239 1.201073 3.544916
0.1489558 0.9823936 3.592401
0.04236167 0.7586559 3.660482
-0.009558073 0.5574259 3.619612
-0.02152416 0.4793112 3.569847
0.4790637 0.9488407 3.520982
0.5537058 0.700793 3.543577
0.5208374 0.4438461 3.468782
0.4909413 0.3679481 3.453642
0.2252662 0.5047938 3.564653
0.07138257 0.531271 3.196705
0.1429681 0.1851837 3.354224
0.1158972 0.1328551 3.251554
0.3910689 0.4827962 3.519244
0.3719283 0.1143124 3.500933
0.314953 -0.3574842 3.542798
0.3259951 -0.3698364 3.41862
0.3122496 0.9994413 3.577155
-0.02816336 0.4516623 3.553484
-0.01489325 0.4845128 3.532279
0.480785 0.2873877 3.451621
0.4590903 0.3877957 3.458513
64
0.3328343 0.4827613 3.568863
0.3147465 0.7821282 3.581964
0.3187437 1.071753 3.573049
0.30903 1.201482 3.546622
0.1496491 0.982851 3.593436
0.04325921 0.7580829 3.66348
-0.01073401 0.557081 3.624008
-0.02558102 0.4360007 3.548954
0.4801378 0.9489237 3.521101
0.5556233 0.702911 3.543255
0.5221481 0.4436249 3.468416
0.4918908 0.3680153 3.453557
0.2530269 0.4899592 3.547753
0.0699615 0.5458336 3.1949
0.1411433 0.2034152 3.346977
0.1144773 0.1506683 3.240692
0.4076084 0.4833733 3.515671
0.3716269 0.1148387 3.503755
0.3152827 -0.3589062 3.542651
0.3252167 -0.3705655 3.415032
0.314337 1.000003 3.577861
-0.02661345 0.4366441 3.543998
-0.02066935 0.4478746 3.518443
0.4808681 0.2873095 3.451225
0.4605552 0.3896411 3.460659
65
0.3328343 0.4827613 3.568863
0.3147465 0.7821282 3.581964
0.3187437 1.071753 3.573049
0.30903 1.201482 3.546622
0.1496491 0.982851 3.593436
0.04325921 0.7580829 3.66348
-0.01073401 0.557081 3.624008
-0.02558102 0.4360007 3.548954
0.4801378 0.9489237 3.521101
0.5556233 0.702911 3.543255
0.5221481 0.4436249 3.468416
0.4918908 0.3680153 3.453557
0.2530269 0.4899592 3.547753
0.0699615 0.5458336 3.1949
0.1411433 0.2034152 3.346977
0.1144773 0.1506683 3.240692
0.4076084 0.4833733 3.515671
0.3716269 0.1148387 3.503755
0.3152827 -0.3589062 3.542651
0.3252167 -0.3705655 3.415032
0.314337 1.000003 3.577861
-0.02661345 0.4366441 3.543998
-0.02066935 0.4478746 3.518443
0.4808681 0.2873095 3.451225
0.4605552 0.3896411 3.460659
66
0.3423796 0.480425 3.564851
0.3212095 0.7824342 3.581608
0.3214935 1.072847 3.574396
0.3109033 1.20191 3.548041
0.1502521 0.9832569 3.594337
0.0439622 0.7574295 3.665649
-0.01109862 0.5562612 3.626729
-0.02670911 0.4167989 3.543643
0.4812484 0.9490979 3.521264
0.5569245 0.7044935 3.543012
0.5231795 0.4434973 3.4681
0.4926625 0.3681448 3.453318
0.2638094 0.4843549 3.541252
0.07092786 0.5798231 3.205569
0.1390544 0.2086212 3.340424
0.1118156 0.1635608 3.230152
0.4157109 0.4836623 3.513936
0.3714891 0.1151891 3.50627
0.3155709 -0.3603389 3.542514
0.3247288 -0.3713124 3.412666
0.3183288 1.00113 3.579093
-0.02363554 0.4127755 3.532043
-0.02168486 0.4309593 3.513583
0.4817035 0.2873328 3.450304
0.4606558 0.3888964 3.45967
67
0.3423796 0.480425 3.564851
0.3212095 0.7824342 3.581608
0.3214935 1.072847 3.574396
0.3109033 1.20191 3.548041
0.1502521 0.9832569 3.594337
0.0439622 0.7574295 3.665649
-0.01109862 0.5562612 3.626729
-0.02670911 0.4167989 3.543643
0.4812484 0.9490979 3.521264
0.5569245 0.7044935 3.543012
0.5231795 0.4434973 3.4681
0.4926625 0.3681448 3.453318
0.2638094 0.4843549 3.541252
0.07092786 0.5798231 3.205569
0.1390544 0.2086212 3.340424
0.1118156 0.1635608 3.230152
0.4157109 0.4836623 3.513936
0.3714891 0.1151891 3.50627
0.3155709 -0.3603389 3.542514
0.3247288 -0.3713124 3.412666
0.3183288 1.00113 3.579093
-0.02363554 0.4127755 3.532043
-0.02168486 0.4309593 3.513583
0.4817035 0.2873328 3.450304
0.4606558 0.3888964 3.45967
68
0.3482629 0.4791763 3.562619
0.3275948 0.7825646 3.58135
0.3253338 1.073975 3.576332
0.312417 1.202329 3.549193
0.1508056 0.9838247 3.595462
0.04490655 0.7561162 3.667956
-0.01120227 0.5550269 3.628613
-0.02781624 0.4053482 3.539887
0.4823239 0.9492992 3.521472
0.5578824 0.7058045 3.542802
0.5240751 0.4435053 3.467869
0.4932437 0.3681681 3.453163
0.2703974 0.4812159 3.537676
0.07052892 0.5889099 3.208899
0.1364602 0.2120833 3.335113
0.1086171 0.1695215 3.222584
0.4209185 0.4839394 3.512923
0.371413 0.1154099 3.508361
0.3158478 -0.3614337 3.542401
0.3243344 -0.3718082 3.410924
0.3236714 1.002149 3.580715
-0.02353901 0.402662 3.52684
-0.02261093 0.4208005 3.509838
0.4822025 0.2873545 3.449431
0.4596604 0.3836838 3.45709
69
0.3482629 0.4791763 3.562619
0.3275948 0.7825646 3.58135
0.3253338 1.073975 3.576332
0.312417 1.202329 3.549193
0.1508056 0.9838247 3.595462
0.04490655 0.7561162 3.667956
-0.01120227 0.5550269 3.628613
-0.02781624 0.4053482 3.539887
0.4823239 0.9492992 3.521472
0.5578824 0.7058045 3.542802
0.5240751 0.4435053 3.467869
0.4932437 0.3681681 3.453163
0.2703974 0.4812159 3.537676
0.07052892 0.5889099 3.208899
0.1364602 0.2120833 3.335113
0.1086171 0.1695215 3.222584
0.4209185 0.4839394 3.512923
0.371413 0.1154099 3.508361
0.3158478 -0.3614337 3.542401
0.3243344 -0.3718082 3.410924
0.3236714 1.002149 3.580715
-0.02353901 0.402662 3.52684
-0.02261093 0.4208005 3.509838
0.4822025 0.2873545 3.449431
0.4596604 0.3836838 3.45709
70
0.3523585 0.4783329 3.561103
0.3318703 0.782636 3.581179
0.3283083 1.07487 3.577986
0.3137995 1.202808 3.550356
0.1513511 0.9843801 3.596632
0.04576599 0.7551792 3.669715
-0.01101459 0.5538632 3.62988
-0.02241134 0.4301451 3.56643
0.4833485 0.9494686 3.521739
0.5585611 0.7068081 3.542646
0.524784 0.4435585 3.46769
0.4937232 0.3684253 3.452876
0.2746785 0.4791771 3.535239
0.06999404 0.5860165 3.213969
0.131369 0.201491 3.329813
0.103639 0.1629277 3.216501
0.4244677 0.4841464 3.512286
0.3713682 0.1155496 3.509953
0.3153961 -0.3684317 3.542758
0.3285402 -0.3785 3.416643
0.3275927 1.002886 3.581984
-0.01804249 0.4294254 3.550069
-0.0177691 0.4418466 3.534369
0.4823934 0.2874935 3.448633
0.4597842 0.3834154 3.455962
71
0.3523585 0.4783329 3.561103
0.3318703 0.782636 3.581179
0.3283083 1.07487 3.577986
0.3137995 1.202808 3.550356
0.1513511 0.9843801 3.596632
0.04576599 0.7551792 3.669715
-0.01101459 0.5538632 3.62988
-0.02241134 0.4301451 3.56643
0.4833485 0.9494686 3.521739
0.5585611 0.7068081 3.542646
0.524784 0.4435585 3.46769
0.4937232 0.3684253 3.452876
0.2746785 0.4791771 3.535239
0.06999404 0.5860165 3.213969
0.131369 0.201491 3.329813
0.103639 0.1629277 3.216501
0.4244677 0.4841464 3.512286
0.3713682 0.1155496 3.509953
0.3153961 -0.3684317 3.542758
0.3285402 -0.3785 3.416643
0.3275927 1.002886 3.581984
-0.01804249 0.4294254 3.550069
-0.0177691 0.4418466 3.534369
0.4823934 0.2874935 3.448633
0.4597842 0.3834154 3.455962
72
0.3551349 0.4778087 3.560065
0.3355138 0.7826495 3.581157
0.3313816 1.075619 3.579801
0.3152817 1.203276 3.551544
0.1519569 0.9849335 3.598012
0.04659833 0.7543946 3.671195
-0.01054714 0.5527146 3.630649
-0.01847695 0.4468856 3.58257
0.484219 0.949635 3.52201
0.5590384 0.7075663 3.542539
0.525377 0.4436766 3.46754
0.4940272 0.3685008 3.452744
0.2766423 0.4784833 3.534152
0.0693903 0.5719159 3.218945
0.1233361 0.1745355 3.327788
0.09332886 0.140148 3.217114
0.4270958 0.4843107 3.511841
0.3713471 0.1156163 3.511188
0.3190244 -0.3397357 3.540808
0.3073168 -0.3471162 3.406667
0.3313787 1.003438 3.583324
-0.01431888 0.4471683 3.564659
-0.01454917 0.4561269 3.549413
0.4825892 0.2876202 3.447933
0.4590879 0.3797373 3.451899
73
0.3551349 0.4778087 3.560065
0.3355138 0.7826495 3.581157
0.3313816 1.075619 3.579801
0.3152817 1.203276 3.551544
0.1519569 0.9849335 3.598012
0.04659833 0.7543946 3.671195
-0.01054714 0.5527146 3.630649
-0.01847695 0.4468856 3.58257
0.484219 0.949635 3.52201
0.5590384 0.7075663 3.542539
0.525377 0.4436766 3.46754
0.4940272 0.3685008 3.452744
0.2766423 0.4784833 3.534152
0.0693903 0.5719159 3.218945
0.1233361 0.1745355 3.327788
0.09332886 0.140148 3.217114
0.4270958 0.4843107 3.511841
0.3713471 0.1156163 3.511188
0.3190244 -0.3397357 3.540808
0.3073168 -0.3471162 3.406667
0.3313787 1.003438 3.583324
-0.01431888 0.4471683 3.564659
-0.01454917 0.4561269 3.549413
0.4825892 0.2876202 3.447933
0.4590879 0.3797373 3.451899
74
0.3568325 0.4775933 3.559536
0.3382466 0.7826428 3.581209
0.3337014 1.076173 3.581261
0.3167428 1.203719 3.552626
0.1525754 0.9853607 3.59954
0.0474349 0.7536861 3.672399
-0.009604745 0.5513955 3.631185
-0.01515864 0.457655 3.593024
0.4849834 0.9497532 3.522313
0.559395 0.7082205 3.542494
0.5258613 0.4438229 3.467424
0.4942694 0.3687056 3.452592
0.2767701 0.4789788 3.534434
0.06791976 0.5418976 3.222801
0.1134716 0.1354534 3.333564
0.08011489 0.1029487 3.228006
0.4290482 0.4844359 3.511525
0.3713454 0.1155834 3.512183
0.3170664 -0.359645 3.542084
0.3251518 -0.3680762 3.422763
0.3341781 1.003824 3.584383
-0.01128147 0.4583921 3.574333
-0.01184662 0.4657688 3.559313
0.4826795 0.2877084 3.447667
0.4590169 0.3802393 3.45038
75
0.3568325 0.4775933 3.559536
0.3382466 0.7826428 3.581209
0.3337014 1.076173 3.581261
0.3167428 1.203719 3.552626
0.1525754 0.9853607 3.59954
0.0474349 0.7536861 3.672399
-0.009604745 0.5513955 3.631185
-0.01515864 0.457655 3.593024
0.4849834 0.9497532 3.522313
0.559395 0.7082205 3.542494
0.5258613 0.4438229 3.467424
0.4942694 0.3687056 3.452592
0.2767701 0.4789788 3.534434
0.06791976 0.5418976 3.222801
0.1134716 0.1354534 3.333564
0.08011489 0.1029487 3.228006
0.4290482 0.4844359 3.511525
0.3713454 0.1155834 3.512183
0.3170664 -0.359645 3.542084
0.3251518 -0.3680762 3.422763
0.3341781 1.003824 3.584383
-0.01128147 0.4583921 3.574333
-0.01184662 0.4657688 3.559313
0.4826795 0.2877084 3.447667
0.4590169 0.3802393 3.45038
76
0.3574895 0.4776893 3.559525
0.3402094 0.7826527 3.581305
0.3354266 1.076635 3.582479
0.3181952 1.204118 3.553923
0.1531639 0.9857005 3.600957
0.04823762 0.7530999 3.673297
-0.007677679 0.5493578 3.631146
-0.01290891 0.4647172 3.599513
0.4857171 0.9498976 3.522666
0.5596517 0.7087191 3.542483
0.5263609 0.4440833 3.467361
0.4944453 0.3688132 3.452537
0.2757863 0.4800887 3.535534
0.06570181 0.5041823 3.225027
0.1020726 0.08318987 3.343804
0.06965477 0.05242931 3.244703
0.4303609 0.4845732 3.511387
0.3713508 0.1153779 3.513044
0.3201466 -0.3362023 3.540646
0.3075547 -0.3426754 3.411386
0.3362106 1.004134 3.585243
-0.009276986 0.465654 3.580422
-0.009962464 0.4722191 3.565609
0.4827621 0.2877522 3.447519
0.4580331 0.3759747 3.44765
77
0.3574895 0.4776893 3.559525
0.3402094 0.7826527 3.581305
0.3354266 1.076635 3.582479
0.3181952 1.204118 3.553923
0.1531639 0.9857005 3.600957
0.04823762 0.7530999 3.673297
-0.007677679 0.5493578 3.631146
-0.01290891 0.4647172 3.599513
0.4857171 0.9498976 3.522666
0.5596517 0.7087191 3.542483
0.5263609 0.4440833 3.467361
0.4944453 0.3688132 3.452537
0.2757863 0.4800887 3.535534
0.06570181 0.5041823 3.225027
0.1020726 0.08318987 3.343804
0.06965477 0.05242931 3.244703
0.4303609 0.4845732 3.511387
0.3713508 0.1153779 3.513044
0.3201466 -0.3362023 3.540646
0.3075547 -0.3426754 3.411386
0.3362106 1.004134 3.585243
-0.009276986 0.465654 3.580422
-0.009962464 0.4722191 3.565609
0.4827621 0.2877522 3.447519
0.4580331 0.3759747 3.44765
78
0.3574591 0.4777761 3.559903
0.3416576 0.7826056 3.581452
0.3367353 1.076972 3.58363
0.3197076 1.204475 3.555319
0.1537433 0.9858871 3.602432
0.04911413 0.7523828 3.67417
-0.004771237 0.5468224 3.631143
-0.001585785 0.5158142 3.625918
0.4863812 0.9500028 3.52306
0.5598438 0.7090769 3.54253
0.5267912 0.4443365 3.467323
0.4946221 0.3688935 3.452533
0.274601 0.4809892 3.536873
0.06373011 0.4747132 3.22713
0.09422556 0.03532748 3.355511
0.06240966 0.006230338 3.263484
0.4310922 0.4846117 3.511458
0.3713663 0.1151404 3.513737
0.3185877 -0.3555595 3.541917
0.3086091 -0.3618588 3.418008
0.3377207 1.004328 3.586033
0.0005802342 0.5179939 3.611572
0.0004674632 0.5191905 3.594705
0.4830835 0.2877925 3.447485
0.4580164 0.3758803 3.446968
79
0.3574591 0.4777761 3.559903
0.3416576 0.7826056 3.581452
0.3367353 1.076972 3.58363
0.3197076 1.204475 3.555319
0.1537433 0.9858871 3.602432
0.04911413 0.7523828 3.67417
-0.004771237 0.5468224 3.631143
-0.001585785 0.5158142 3.625918
0.4863812 0.9500028 3.52306
0.5598438 0.7090769 3.54253
0.5267912 0.4443365 3.467323
0.4946221 0.3688935 3.452533
0.274601 0.4809892 3.536873
0.06373011 0.4747132 3.22713
0.09422556 0.03532748 3.355511
0.06240966 0.006230338 3.263484
0.4310922 0.4846117 3.511458
0.3713663 0.1151404 3.513737
0.3185877 -0.3555595 3.541917
0.3086091 -0.3618588 3.418008
0.3377207 1.004328 3.586033
0.0005802342 0.5179939 3.611572
0.0004674632 0.5191905 3.594705
0.4830835 0.2877925 3.447485
0.4580164 0.3758803 3.446968
80
0.3571193 0.4778971 3.560463
0.3427467 0.7825443 3.58163
0.337706 1.077239 3.584785
0.3210111 1.204774 3.556555
0.1542719 0.986022 3.603748
0.05096815 0.7522755 3.675314
0.00601394 0.5443064 3.63138
0.00388331 0.5290491 3.630485
0.4869837 0.9501063 3.523453
0.5599864 0.7093373 3.542609
0.5271329 0.4445618 3.467301
0.4947561 0.3691869 3.452356
0.2735816 0.4817908 3.53806
0.06096417 0.4381756 3.231675
0.08258069 -0.03222496 3.367593
0.06455362 -0.05727788 3.283754
0.4314375 0.4845777 3.511715
0.3713641 0.1149242 3.514261
0.3209766 -0.3401798 3.54112
0.3004859 -0.3456405 3.410153
0.3388469 1.004461 3.586795
0.007944071 0.5245708 3.61087
0.01189938 0.5345612 3.593104
0.4830001 0.2890057 3.447004
0.4560669 0.3704638 3.441466
81
0.3571193 0.4778971 3.560463
0.3427467 0.7825443 3.58163
0.337706 1.077239 3.584785
0.3210111 1.204774 3.556555
0.1542719 0.986022 3.603748
0.05096815 0.7522755 3.675314
0.00601394 0.5443064 3.63138
0.00388331 0.5290491 3.630485
0.4869837 0.9501063 3.523453
0.5599864 0.7093373 3.542609
0.5271329 0.4445618 3.467301
0.4947561 0.3691869 3.452356
0.2735816 0.4817908 3.53806
0.06096417 0.4381756 3.231675
0.08258069 -0.03222496 3.367593
0.06455362 -0.05727788 3.283754
0.4314375 0.4845777 3.511715
0.3713641 0.1149242 3.514261
0.3209766 -0.3401798 3.54112
0.3004859 -0.3456405 3.410153
0.3388469 1.004461 3.586795
0.007944071 0.5245708 3.61087
0.01189938 0.5345612 3.593104
0.4830001 0.2890057 3.447004
0.4560669 0.3704638 3.441466
82
0.3564464 0.4780911 3.561105
0.3435426 0.7824907 3.581789
0.3384681 1.077448 3.585788
0.3220792 1.205025 3.55753
0.1547112 0.9861007 3.60493
0.05257212 0.7521756 3.676166
0.01405887 0.5424415 3.631636
0.008871508 0.5357825 3.631431
0.4875189 0.9502397 3.523903
0.5600908 0.7095275 3.542719
0.5274101 0.4447392 3.467293
0.4949144 0.3693256 3.452327
0.2722887 0.4827808 3.539142
0.06205609 0.3658591 3.250426
0.08982436 -0.08581097 3.392169
0.06124509 -0.1141461 3.307477
0.4314426 0.4845093 3.512057
0.3713574 0.1147796 3.514638
0.3230037 -0.3246966 3.540642
0.2939046 -0.3295107 3.405174
0.3397044 1.004557 3.587449
0.01524491 0.4892537 3.577703
0.02849023 0.550064 3.591403
0.4828338 0.2891879 3.446977
0.4565524 0.3713126 3.440759
83
0.3564464 0.4780911 3.561105
0.3435426 0.7824907 3.581789
0.3384681 1.077448 3.585788
0.3220792 1.205025 3.55753
0.1547112 0.9861007 3.60493
0.05257212 0.7521756 3.676166
0.01405887 0.5424415 3.631636
0.008871508 0.5357825 3.631431
0.4875189 0.9502397 3.523903
0.5600908 0.7095275 3.542719
0.5274101 0.4447392 3.467293
0.4949144 0.3693256 3.452327
0.2722887 0.4827808 3.539142
0.06205609 0.3658591 3.250426
0.08982436 -0.08581097 3.392169
0.06124509 -0.1141461 3.307477
0.4314426 0.4845093 3.512057
0.3713574 0.1147796 3.514638
0.3230037 -0.3246966 3.540642
0.2939046 -0.3295107 3.405174
0.3397044 1.004557 3.587449
0.01524491 0.4892537 3.577703
0.02849023 0.550064 3.591403
0.4828338 0.2891879 3.446977
0.4565524 0.3713126 3.440759
84
0.3556231 0.4783256 3.561752
0.344137 0.782446 3.58195
0.3391181 1.077635 3.586733
0.322909 1.205235 3.558371
0.1550648 0.9861582 3.605968
0.05385385 0.752132 3.67679
0.01956759 0.5412759 3.631627
0.01651547 0.5372361 3.626095
0.4881148 0.9503725 3.524503
0.5601452 0.7096015 3.542962
0.5276298 0.4448836 3.467299
0.4950321 0.369476 3.452366
0.2709681 0.4838237 3.540083
0.07609119 0.284112 3.281949
0.09309839 -0.1316698 3.410095
0.06605018 -0.1555257 3.336282
0.43122 0.4844188 3.512442
0.3713486 0.1147271 3.514909
0.3204411 -0.3471135 3.542712
0.3188345 -0.3541754 3.422466
0.3403965 1.004642 3.58807
0.01582642 0.4490884 3.54615
0.05164915 0.5437526 3.567927
0.4829993 0.2902729 3.446742
0.4569621 0.3741257 3.441049
85
0.3556231 0.4783256 3.561752
0.344137 0.782446 3.58195
0.3391181 1.077635 3.586733
0.322909 1.205235 3.558371
0.1550648 0.9861582 3.605968
0.05385385 0.752132 3.67679
0.01956759 0.5412759 3.631627
0.01651547 0.5372361 3.626095
0.4881148 0.9503725 3.524503
0.5601452 0.7096015 3.542962
0.5276298 0.4448836 3.467299
0.4950321 0.369476 3.452366
0.2709681 0.4838237 3.540083
0.07609119 0.284112 3.281949
0.09309839 -0.1316698 3.410095
0.06605018 -0.1555257 3.336282
0.43122 0.4844188 3.512442
0.3713486 0.1147271 3.514909
0.3204411 -0.3471135 3.542712
0.3188345 -0.3541754 3.422466
0.3403965 1.004642 3.58807
0.01582642 0.4490884 3.54615
0.05164915 0.5437526 3.567927
0.4829993 0.2902729 3.446742
0.4569621 0.3741257 3.441049
86
0.3547864 0.4783268 3.562439
0.3445847 0.7823604 3.582145
0.3396051 1.077772 3.587508
0.323558 1.205418 3.559054
0.1553604 0.986212 3.606838
0.05493364 0.7520598 3.677208
0.02377166 0.540361 3.631525
0.02323604 0.5352199 3.620787
0.4888213 0.9504328 3.5252
0.5601792 0.7096288 3.543285
0.5277912 0.444959 3.467342
0.4951837 0.369878 3.45276
0.2702657 0.4843595 3.540794
0.08897981 0.2256757 3.305482
0.09428804 -0.16983 3.428139
0.05404619 -0.1958236 3.346065
0.4302019 0.48371 3.51322
0.3713413 0.1147054 3.515112
0.3217772 -0.3348458 3.542435
0.3079549 -0.3409746 3.416523
0.3409157 1.004691 3.588601
0.009188897 0.4215493 3.52909
0.05444239 0.5147587 3.548728
0.4826632 0.2913806 3.446462
0.4570256 0.3746322 3.440819
87
0.3547864 0.4783268 3.562439
0.3445847 0.7823604 3.582145
0.3396051 1.077772 3.587508
0.323558 1.205418 3.559054
0.1553604 0.986212 3.606838
0.05493364 0.7520598 3.677208
0.02377166 0.540361 3.631525
0.02323604 0.5352199 3.620787
0.4888213 0.9504328 3.5252
0.5601792 0.7096288 3.543285
0.5277912 0.444959 3.467342
0.4951837 0.369878 3.45276
0.2702657 0.4843595 3.540794
0.08897981 0.2256757 3.305482
0.09428804 -0.16983 3.428139
0.05404619 -0.1958236 3.346065
0.4302019 0.48371 3.51322
0.3713413 0.1147054 3.515112
0.3217772 -0.3348458 3.542435
0.3079549 -0.3409746 3.416523
0.3409157 1.004691 3.588601
0.009188897 0.4215493 3.52909
0.05444239 0.5147587 3.548728
0.4826632 0.2913806 3.446462
0.4570256 0.3746322 3.440819
88
0.3525381 0.4784791 3.563475
0.344515 0.7822409 3.582351
0.3395252 1.07785 3.587945
0.3240589 1.20563 3.559627
0.155599 0.986245 3.607538
0.05597667 0.752136 3.677423
0.02486291 0.5223056 3.623494
0.02627197 0.4970378 3.594628
0.4894222 0.9504901 3.525843
0.5601836 0.7095626 3.543702
0.5279253 0.4450144 3.467418
0.4954265 0.3704162 3.453606
0.2687864 0.4851359 3.541685
0.09985865 0.196502 3.321862
0.08908778 -0.2317991 3.440642
0.04921306 -0.2559518 3.349936
0.4274091 0.4828753 3.514357
0.3749519 0.1256365 3.514117
0.3224041 -0.3259108 3.54247
0.3003732 -0.3314954 3.412699
0.3409059 1.004701 3.588927
0.007196644 0.3864972 3.510294
0.04564971 0.4686613 3.529046
0.4848691 0.2926249 3.447986
0.4570884 0.3749948 3.440687
89
0.3525381 0.4784791 3.563475
0.344515 0.7822409 3.582351
0.3395252 1.07785 3.587945
0.3240589 1.20563 3.559627
0.155599 0.986245 3.607538
0.05597667 0.752136 3.677423
0.02486291 0.5223056 3.623494
0.02627197 0.4970378 3.594628
0.4894222 0.9504901 3.525843
0.5601836 0.7095626 3.543702
0.5279253 0.4450144 3.467418
0.4954265 0.3704162 3.453606
0.2687864 0.4851359 3.541685
0.09985865 0.196502 3.321862
0.08908778 -0.2317991 3.440642
0.04921306 -0.2559518 3.349936
0.4274091 0.4828753 3.514357
0.3749519 0.1256365 3.514117
0.3224041 -0.3259108 3.54247
0.3003732 -0.3314954 3.412699
0.3409059 1.004701 3.588927
0.007196644 0.3864972 3.510294
0.04564971 0.4686613 3.529046
0.4848691 0.2926249 3.447986
0.4570884 0.3749948 3.440687
90
0.3514324 0.478567 3.563895
0.3443174 0.7821178 3.58243
0.3387162 1.077894 3.587988
0.3244322 1.205829 3.560089
0.1555778 0.9862168 3.607806
0.05684012 0.752179 3.677478
0.02591773 0.5142385 3.619125
0.0287244 0.4811643 3.580889
0.4895757 0.9505494 3.526251
0.5601649 0.7094242 3.544126
0.5280318 0.4450295 3.467504
0.495576 0.3706557 3.453973
0.2680725 0.4855262 3.542021
0.1088304 0.1742839 3.335129
0.09434089 -0.2831385 3.463195
0.05990017 -0.3090986 3.366575
0.4262523 0.4825284 3.514805
0.3754651 0.1271994 3.51398
0.3196944 -0.3471961 3.544349
0.3041983 -0.3534332 3.418462
0.3404039 1.004675 3.588983
0.006424179 0.375973 3.50348
0.04705574 0.447155 3.510125
0.4858843 0.2934406 3.449023
0.4571058 0.3749853 3.440539
91
0.3514324 0.478567 3.563895
0.3443174 0.7821178 3.58243
0.3387162 1.077894 3.587988
0.3244322 1.205829 3.560089
0.1555778 0.9862168 3.607806
0.05684012 0.752179 3.677478
0.02591773 0.5142385 3.619125
0.0287244 0.4811643 3.580889
0.4895757 0.9505494 3.526251
0.5601649 0.7094242 3.544126
0.5280318 0.4450295 3.467504
0.495576 0.3706557 3.453973
0.2680725 0.4855262 3.542021
0.1088304 0.1742839 3.335129
0.09434089 -0.2831385 3.463195
0.05990017 -0.3090986 3.366575
0.4262523 0.4825284 3.514805
0.3754651 0.1271994 3.51398
0.3196944 -0.3471961 3.544349
0.3041983 -0.3534332 3.418462
0.3404039 1.004675 3.588983
0.006424179 0.375973 3.50348
0.04705574 0.447155 3.510125
0.4858843 0.2934406 3.449023
0.4571058 0.3749853 3.440539
92
0.3506793 0.4785607 3.564089
0.3439251 0.7819238 3.582388
0.3371435 1.077809 3.587668
0.324701 1.205998 3.560463
0.1551597 0.9860382 3.60768
0.05699315 0.7421022 3.672487
0.02683391 0.5094047 3.615462
0.03349927 0.4474177 3.551187
0.4896554 0.9505964 3.526623
0.5599679 0.7087107 3.544865
0.5281064 0.444877 3.467646
0.4956135 0.3706206 3.45425
0.2675832 0.4857274 3.542114
0.1224748 0.1453211 3.363791
0.1048573 -0.3352271 3.481792
0.07000438 -0.358348 3.382431
0.4254201 0.4822357 3.515081
0.3757596 0.1281378 3.513789
0.3165942 -0.3693087 3.546479
0.317179 -0.3755734 3.452206
0.3393181 1.004532 3.588762
0.007768356 0.3633821 3.49992
0.06866046 0.4489608 3.480478
0.4865355 0.2930796 3.451725
0.4568437 0.373766 3.440076
93
0.3506793 0.4785607 3.564089
0.3439251 0.7819238 3.582388
0.3371435 1.077809 3.587668
0.324701 1.205998 3.560463
0.1551597 0.9860382 3.60768
0.05699315 0.7421022 3.672487
0.02683391 0.5094047 3.615462
0.03349927 0.4474177 3.551187
0.4896554 0.9505964 3.526623
0.5599679 0.7087107 3.544865
0.5281064 0.444877 3.467646
0.4956135 0.3706206 3.45425
0.2675832 0.4857274 3.542114
0.1224748 0.1453211 3.363791
0.1048573 -0.3352271 3.481792
0.07000438 -0.358348 3.382431
0.4254201 0.4822357 3.515081
0.3757596 0.1281378 3.513789
0.3165942 -0.3693087 3.546479
0.317179 -0.3755734 3.452206
0.3393181 1.004532 3.588762
0.007768356 0.3633821 3.49992
0.06866046 0.4489608 3.480478
0.4865355 0.2930796 3.451725
0.4568437 0.373766 3.440076
94
0.3145021 0.4792667 3.567363
0.3367596 0.7812902 3.5818
0.3352144 1.077653 3.587029
0.3247719 1.20611 3.560818
0.1546288 0.985855 3.607358
0.05695622 0.737639 3.668517
0.03442517 0.480849 3.579731
0.03228669 0.3979861 3.522182
0.4896617 0.9506579 3.52698
0.5588732 0.7060694 3.546236
0.5281504 0.444742 3.467815
0.4956189 0.3705598 3.454418
0.2306148 0.4892426 3.544259
0.1311553 0.1283586 3.38369
0.1101994 -0.3673121 3.495594
0.08173216 -0.3874458 3.401082
0.3928898 0.4799083 3.518858
0.3757554 0.1282251 3.513407
0.3195022 -0.3425725 3.545233
0.303172 -0.3482952 3.431715
0.3371355 1.004273 3.588097
0.02428327 0.3283817 3.484166
0.06056392 0.390128 3.478118
0.4869519 0.2934744 3.452581
0.4566788 0.3712221 3.438931
95
0.3145021 0.4792667 3.567363
0.3367596 0.7812902 3.5818
0.3352144 1.077653 3.587029
0.3247719 1.20611 3.560818
0.1546288 0.985855 3.607358
0.05695622 0.737639 3.668517
0.03442517 0.480849 3.579731
0.03228669 0.3979861 3.522182
0.4896617 0.9506579 3.52698
0.5588732 0.7060694 3.546236
0.5281504 0.444742 3.467815
0.4956189 0.3705598 3.454418
0.2306148 0.4892426 3.544259
0.1311553 0.1283586 3.38369
0.1101994 -0.3673121 3.495594
0.08173216 -0.3874458 3.401082
0.3928898 0.4799083 3.518858
0.3757554 0.1282251 3.513407
0.3195022 -0.3425725 3.545233
0.303172 -0.3482952 3.431715
0.3371355 1.004273 3.588097
0.02428327 0.3283817 3.484166
0.06056392 0.390128 3.478118
0.4869519 0.2934744 3.452581
0.4566788 0.3712221 3.438931
96
0.2960928 0.4795084 3.569242
0.3261261 0.7806103 3.581425
0.3326734 1.077425 3.586091
0.3246039 1.206187 3.561188
0.1535049 0.9856032 3.606366
0.05645873 0.7336222 3.664678
0.03690413 0.46866 3.564459
0.03298355 0.3762653 3.512728
0.4895303 0.9507649 3.527402
0.557725 0.7037235 3.547558
0.5281647 0.444608 3.468033
0.4955639 0.3703713 3.454663
0.211419 0.4908884 3.54542
0.1394767 0.1206624 3.418452
0.1231759 -0.3442962 3.502003
0.1050523 -0.3652729 3.381732
0.3764378 0.4786812 3.521201
0.3754032 0.126696 3.512747
0.3211792 -0.3261764 3.544679
0.2956051 -0.3319541 3.419313
0.3333775 1.003905 3.587063
0.03320143 0.3084924 3.482819
0.06104686 0.3735168 3.476124
0.4872228 0.293819 3.452999
0.4572092 0.3730204 3.439088
97
0.2960928 0.4795084 3.569242
0.3261261 0.7806103 3.581425
0.3326734 1.077425 3.586091
0.3246039 1.206187 3.561188
0.1535049 0.9856032 3.606366
0.05645873 0.7336222 3.664678
0.03690413 0.46866 3.564459
0.03298355 0.3762653 3.512728
0.4895303 0.9507649 3.527402
0.557725 0.7037235 3.547558
0.5281647 0.444608 3.468033
0.4955639 0.3703713 3.454663
0.211419 0.4908884 3.54542
0.1394767 0.1206624 3.418452
0.1231759 -0.3442962 3.502003
0.1050523 -0.3652729 3.381732
0.3764378 0.4786812 3.521201
0.3754032 0.126696 3.512747
0.3211792 -0.3261764 3.544679
0.2956051 -0.3319541 3.419313
0.3333775 1.003905 3.587063
0.03320143 0.3084924 3.482819
0.06104686 0.3735168 3.476124
0.4872228 0.293819 3.452999
0.4572092 0.3730204 3.439088
98
0.2859222 0.4795037 3.570134
0.3169533 0.7800498 3.581095
0.3297435 1.077161 3.585006
0.3236004 1.206355 3.561611
0.1516877 0.9852199 3.604783
0.0556329 0.7307096 3.660441
0.03807828 0.462814 3.557433
0.0342116 0.3651272 3.508849
0.4890613 0.9507545 3.527879
0.5559069 0.7010501 3.548959
0.5281293 0.4444775 3.468242
0.4953897 0.3700363 3.454631
0.2008459 0.4918869 3.545916
0.1486542 0.06967246 3.459894
0.1332929 -0.3681009 3.524775
0.1115413 -0.3870568 3.391724
0.366643 0.4775518 3.52241
0.375068 0.1246547 3.512072
0.31781 -0.3530892 3.546967
0.3151777 -0.3613952 3.428932
0.3289392 1.003512 3.585928
0.03941887 0.2972707 3.488337
0.0634841 0.3650461 3.472244
0.4869631 0.2935516 3.453408
0.4555413 0.3684498 3.434768
99
0.2859222 0.4795037 3.570134
0.3169533 0.7800498 3.581095
0.3297435 1.077161 3.585006
0.3236004 1.206355 3.561611
0.1516877 0.9852199 3.604783
0.0556329 0.7307096 3.660441
0.03807828 0.462814 3.557433
0.0342116 0.3651272 3.508849
0.4890613 0.9507545 3.527879
0.5559069 0.7010501 3.548959
0.5281293 0.4444775 3.468242
0.4953897 0.3700363 3.454631
0.2008459 0.4918869 3.545916
0.1486542 0.06967246 3.459894
0.1332929 -0.3681009 3.524775
0.1115413 -0.3870568 3.391724
0.366643 0.4775518 3.52241
0.375068 0.1246547 3.512072
0.31781 -0.3530892 3.546967
0.3151777 -0.3613952 3.428932
0.3289392 1.003512 3.585928
0.03941887 0.2972707 3.488337
0.0634841 0.3650461 3.472244
0.4869631 0.2935516 3.453408
0.4555413 0.3684498 3.434768
100
0.2796625 0.4794387 3.57066
0.3099709 0.7795662 3.580779
0.3264586 1.076808 3.583714
0.3210454 1.20664 3.561878
0.1487316 0.9847912 3.601893
0.05324714 0.730419 3.652952
0.03795599 0.4596638 3.553237
0.03605541 0.3644327 3.512252
0.4881497 0.9507881 3.528353
0.5541597 0.6990936 3.549971
0.5280484 0.4443651 3.468422
0.4946964 0.3694455 3.453874
0.1945206 0.4924641 3.546147
0.1533557 0.04221159 3.487703
0.1387297 -0.3709798 3.537035
0.1179152 -0.3871318 3.395581
0.3603169 0.4766804 3.523232
0.3747366 0.1221128 3.511159
0.3157913 -0.369 3.548557
0.3249162 -0.3787321 3.435136
0.3243621 1.003065 3.584716
0.04299268 0.2947825 3.496076
0.07048171 0.3800678 3.482363
0.4854752 0.2928166 3.451117
0.455214 0.3676144 3.433513
101
0.2796625 0.4794387 3.57066
0.3099709 0.7795662 3.580779
0.3264586 1.076808 3.583714
0.3210454 1.20664 3.561878
0.1487316 0.9847912 3.601893
0.05324714 0.730419 3.652952
0.03795599 0.4596638 3.553237
0.03605541 0.3644327 3.512252
0.4881497 0.9507881 3.528353
0.5541597 0.6990936 3.549971
0.5280484 0.4443651 3.468422
0.4946964 0.3694455 3.453874
0.1945206 0.4924641 3.546147
0.1533557 0.04221159 3.487703
0.1387297 -0.3709798 3.537035
0.1179152 -0.3871318 3.395581
0.3603169 0.4766804 3.523232
0.3747366 0.1221128 3.511159
0.3157913 -0.369 3.548557
0.3249162 -0.3787321 3.435136
0.3243621 1.003065 3.584716
0.04299268 0.2947825 3.496076
0.07048171 0.3800678 3.482363
0.4854752 0.2928166 3.451117
0.455214 0.3676144 3.433513
102
0.2755011 0.4794237 3.571031
0.30484 0.7791796 3.580509
0.3228031 1.076311 3.582254
0.3174396 1.206938 3.561884
0.1448276 0.9839573 3.598123
0.04911822 0.7285633 3.644932
0.03630099 0.4594266 3.55152
0.03700776 0.3662477 3.51548
0.486601 0.9510183 3.528943
0.5523005 0.6978488 3.550695
0.527906 0.4442596 3.468599
0.49386 0.3691553 3.452707
0.1902738 0.4928214 3.546317
0.1557462 0.01776409 3.527179
0.1457928 -0.3718155 3.553395
0.1264698 -0.3812037 3.406549
0.3561777 0.4762046 3.523803
0.3744621 0.1199979 3.510333
0.3188059 -0.3439052 3.547034
0.313012 -0.3533636 3.418693
0.3198701 1.002548 3.583506
0.04637284 0.2970804 3.501576
0.07819354 0.4081605 3.500068
0.4849317 0.2937021 3.449002
0.4551442 0.3684273 3.431946
103
0.2755011 0.4794237 3.571031
0.30484 0.7791796 3.580509
0.3228031 1.076311 3.582254
0.3174396 1.206938 3.561884
0.1448276 0.9839573 3.598123
0.04911822 0.7285633 3.644932
0.03630099 0.4594266 3.55152
0.03700776 0.3662477 3.51548
0.486601 0.9510183 3.528943
0.5523005 0.6978488 3.550695
0.527906 0.4442596 3.468599
0.49386 0.3691553 3.452707
0.1902738 0.4928214 3.546317
0.1557462 0.01776409 3.527179
0.1457928 -0.3718155 3.553395
0.1264698 -0.3812037 3.406549
0.3561777 0.4762046 3.523803
0.3744621 0.1199979 3.510333
0.3188059 -0.3439052 3.547034
0.313012 -0.3533636 3.418693
0.3198701 1.002548 3.583506
0.04637284 0.2970804 3.501576
0.07819354 0.4081605 3.500068
0.4849317 0.2937021 3.449002
0.4551442 0.3684273 3.431946
104
0.2723854 0.4793919 3.571228
0.3002611 0.7788991 3.580129
0.318662 1.075857 3.580785
0.3111665 1.207204 3.560761
0.1414536 0.9831651 3.594786
0.04512101 0.7259148 3.636974
0.03365373 0.4614639 3.551771
0.03706685 0.372401 3.519941
0.4840902 0.9515256 3.529564
0.54965 0.6973197 3.55102
0.5267838 0.4436254 3.4683
0.4921781 0.3688195 3.451031
0.1868593 0.4926614 3.546016
0.1561901 0.006444825 3.548356
0.151812 -0.3614201 3.565738
0.1342676 -0.3682409 3.416971
0.3531642 0.4759551 3.52418
0.3741067 0.1183165 3.509328
0.3205156 -0.330032 3.546278
0.3063475 -0.3395549 3.410175
0.3151316 1.002114 3.582325
0.0488954 0.3008915 3.504664
0.08030113 0.4157678 3.504963
0.4841577 0.2934746 3.448283
0.4546338 0.3698223 3.430942
105
0.2723854 0.4793919 3.571228
0.3002611 0.7788991 3.580129
0.318662 1.075857 3.580785
0.3111665 1.207204 3.560761
0.1414536 0.9831651 3.594786
0.04512101 0.7259148 3.636974
0.03365373 0.4614639 3.551771
0.03706685 0.372401 3.519941
0.4840902 0.9515256 3.529564
0.54965 0.6973197 3.55102
0.5267838 0.4436254 3.4683
0.4921781 0.3688195 3.451031
0.1868593 0.4926614 3.546016
0.1561901 0.006444825 3.548356
0.151812 -0.3614201 3.565738
0.1342676 -0.3682409 3.416971
0.3531642 0.4759551 3.52418
0.3741067 0.1183165 3.509328
0.3205156 -0.330032 3.546278
0.3063475 -0.3395549 3.410175
0.3151316 1.002114 3.582325
0.0488954 0.3008915 3.504664
0.08030113 0.4157678 3.504963
0.4841577 0.2934746 3.448283
0.4546338 0.3698223 3.430942
106
0.270164 0.4792765 3.571306
0.2956076 0.7785008 3.579917
0.3087804 1.075382 3.579534
0.304116 1.207823 3.55942
0.1336474 0.9808698 3.588631
0.04126993 0.7243347 3.630592
0.03038687 0.4655197 3.553338
0.03876841 0.3788875 3.52395
0.4808563 0.9519227 3.530133
0.5468518 0.6972629 3.551127
0.5254604 0.4433091 3.467991
0.4899376 0.3688047 3.448995
0.184517 0.4921291 3.545616
0.1508936 0.02571103 3.573845
0.1562573 -0.3568045 3.572387
0.1403042 -0.3564606 3.423431
0.350979 0.4757663 3.524455
0.373746 0.1168802 3.508282
0.321377 -0.3230646 3.545996
0.3034314 -0.3329317 3.405975
0.3064631 1.00161 3.58151
0.05093407 0.3052512 3.506912
0.07899083 0.4018464 3.506388
0.4815144 0.2930299 3.446965
0.4537172 0.3723854 3.428053
107
0.270164 0.4792765 3.571306
0.2956076 0.7785008 3.579917
0.3087804 1.075382 3.579534
0.304116 1.207823 3.55942
0.1336474 0.9808698 3.588631
0.04126993 0.7243347 3.630592
0.03038687 0.4655197 3.553338
0.03876841 0.3788875 3.52395
0.4808563 0.9519227 3.530133
0.5468518 0.6972629 3.551127
0.5254604 0.4433091 3.467991
0.4899376 0.3688047 3.448995
0.184517 0.4921291 3.545616
0.1508936 0.02571103 3.573845
0.1562573 -0.3568045 3.572387
0.1403042 -0.3564606 3.423431
0.350979 0.4757663 3.524455
0.373746 0.1168802 3.508282
0.321377 -0.3230646 3.545996
0.3034314 -0.3329317 3.405975
0.3064631 1.00161 3.58151
0.05093407 0.3052512 3.506912
0.07899083 0.4018464 3.506388
0.4815144 0.2930299 3.446965
0.4537172 0.3723854 3.428053
108
0.2685508 0.4791754 3.571264
0.2901273 0.7784328 3.579652
0.2974479 1.075469 3.578581
0.2967143 1.208724 3.557711
0.1262017 0.9787466 3.583292
0.03765038 0.723891 3.625711
0.02684454 0.4704811 3.555364
0.04021135 0.3896589 3.527621
0.4762602 0.9528446 3.530654
0.5417066 0.6981618 3.550729
0.522444 0.4426399 3.466923
0.4867181 0.3690444 3.446207
0.1827931 0.4913919 3.545093
0.1476989 0.03856217 3.583995
0.1596875 -0.3819087 3.57613
0.1128178 -0.3831742 3.57234
0.3494009 0.4758615 3.524562
0.373373 0.1157309 3.507273
0.321911 -0.3189166 3.545892
0.3018644 -0.32919 3.403555
0.2962742 1.001669 3.580884
0.05278767 0.3137597 3.509329
0.08120248 0.4397417 3.514382
0.4784563 0.2949061 3.443444
0.4525896 0.3774667 3.425564
109
0.2685508 0.4791754 3.571264
0.2901273 0.7784328 3.579652
0.2974479 1.075469 3.578581
0.2967143 1.208724 3.557711
0.1262017 0.9787466 3.583292
0.03765038 0.723891 3.625711
0.02684454 0.4704811 3.555364
0.04021135 0.3896589 3.527621
0.4762602 0.9528446 3.530654
0.5417066 0.6981618 3.550729
0.522444 0.4426399 3.466923
0.4867181 0.3690444 3.446207
0.1827931 0.4913919 3.545093
0.1476989 0.03856217 3.583995
0.1596875 -0.3819087 3.57613
0.1128178 -0.3831742 3.57234
0.3494009 0.4758615 3.524562
0.373373 0.1157309 3.507273
0.321911 -0.3189166 3.545892
0.3018644 -0.32919 3.403555
0.2962742 1.001669 3.580884
0.05278767 0.3137597 3.509329
0.08120248 0.4397417 3.514382
0.4784563 0.2949061 3.443444
0.4525896 0.3774667 3.425564
110
0.2674193 0.4790864 3.571028
0.2853302 0.7785566 3.579211
0.288977 1.075719 3.577718
0.2897234 1.20967 3.555489
0.1206318 0.9771266 3.579046
0.03461026 0.7233573 3.621965
0.02374812 0.4749833 3.557318
0.02965689 0.4282393 3.541898
0.4716032 0.9540183 3.531048
0.5360276 0.6988773 3.550119
0.5136299 0.4720997 3.473556
0.4827251 0.3933788 3.447347
0.1815482 0.4904214 3.54439
0.1453428 0.04886388 3.586607
0.1601087 -0.3497866 3.579431
0.1354335 -0.3486319 3.464511
0.3483093 0.476522 3.524292
0.3729999 0.1148588 3.506387
0.3222781 -0.3161206 3.545856
0.3008997 -0.3267817 3.401969
0.2884508 1.001913 3.580225
0.03289008 0.337479 3.518174
0.06698903 0.4511621 3.51811
0.4744587 0.321947 3.430208
0.4485867 0.3890859 3.423117
111
0.2674193 0.4790864 3.571028
0.2853302 0.7785566 3.579211
0.288977 1.075719 3.577718
0.2897234 1.20967 3.555489
0.1206318 0.9771266 3.579046
0.03461026 0.7233573 3.621965
0.02374812 0.4749833 3.557318
0.02965689 0.4282393 3.541898
0.4716032 0.9540183 3.531048
0.5360276 0.6988773 3.550119
0.5136299 0.4720997 3.473556
0.4827251 0.3933788 3.447347
0.1815482 0.4904214 3.54439
0.1453428 0.04886388 3.586607
0.1601087 -0.3497866 3.579431
0.1354335 -0.3486319 3.464511
0.3483093 0.476522 3.524292
0.3729999 0.1148588 3.506387
0.3222781 -0.3161206 3.545856
0.3008997 -0.3267817 3.401969
0.2884508 1.001913 3.580225
0.03289008 0.337479 3.518174
0.06698903 0.4511621 3.51811
0.4744587 0.321947 3.430208
0.4485867 0.3890859 3.423117
112
0.2664961 0.4790377 3.570751
0.2812243 0.7787854 3.578829
0.2832492 1.075965 3.577154
0.2833072 1.210447 3.553784
0.1160576 0.9757067 3.575774
0.0322687 0.7227925 3.619248
0.02153839 0.4782868 3.558664
0.02540689 0.4426278 3.547375
0.4675753 0.9551708 3.531396
0.5314646 0.6994708 3.549713
0.5098024 0.4838005 3.476328
0.4800791 0.4048902 3.44922
0.1804095 0.4894862 3.543757
0.143692 0.05651325 3.584935
0.1616624 -0.3766059 3.580725
0.1137735 -0.3786021 3.581688
0.3474396 0.4774389 3.523871
0.3726764 0.1142165 3.505679
0.3224863 -0.3140923 3.54589
0.3001772 -0.3250925 3.400876
0.2829405 1.002177 3.579778
0.02677418 0.3468107 3.519034
0.06262615 0.4563963 3.518743
0.4733057 0.3310061 3.427754
0.4453778 0.4003146 3.423964
113
0.2664961 0.4790377 3.570751
0.2812243 0.7787854 3.578829
0.2832492 1.075965 3.577154
0.2833072 1.210447 3.553784
0.1160576 0.9757067 3.575774
0.0322687 0.7227925 3.619248
0.02153839 0.4782868 3.558664
0.02540689 0.4426278 3.547375
0.4675753 0.9551708 3.531396
0.5314646 0.6994708 3.549713
0.5098024 0.4838005 3.476328
0.4800791 0.4048902 3.44922
0.1804095 0.4894862 3.543757
0.143692 0.05651325 3.584935
0.1616624 -0.3766059 3.580725
0.1137735 -0.3786021 3.581688
0.3474396 0.4774389 3.523871
0.3726764 0.1142165 3.505679
0.3224863 -0.3140923 3.54589
0.3001772 -0.3250925 3.400876
0.2829405 1.002177 3.579778
0.02677418 0.3468107 3.519034
0.06262615 0.4563963 3.518743
0.4733057 0.3310061 3.427754
0.4453778 0.4003146 3.423964
114
0.2657643 0.4790113 3.570515
0.2772081 0.7790697 3.578519
0.2774646 1.07622 3.576563
0.2774784 1.211128 3.552336
0.1119898 0.9743509 3.573221
0.03047637 0.7224002 3.61732
0.02003494 0.4805137 3.55962
0.02727847 0.4403917 3.546232
0.4633184 0.9562721 3.531635
0.5271837 0.7008188 3.549481
0.5075836 0.4899576 3.477788
0.4778141 0.4117511 3.449815
0.1795198 0.4886369 3.54326
0.1425273 0.06167702 3.58107
0.1627238 -0.3842636 3.583412
0.1090116 -0.3866224 3.597463
0.3466436 0.478482 3.523488
0.3723351 0.1136745 3.505115
0.3185665 -0.3469584 3.549215
0.3101292 -0.358732 3.415949
0.2775156 1.002464 3.579333
0.02758561 0.3483453 3.516317
0.06427126 0.4569301 3.514946
0.4718322 0.3367454 3.425676
0.4430513 0.4085535 3.424253
115
0.2657643 0.4790113 3.570515
0.2772081 0.7790697 3.578519
0.2774646 1.07622 3.576563
0.2774784 1.211128 3.552336
0.1119898 0.9743509 3.573221
0.03047637 0.7224002 3.61732
0.02003494 0.4805137 3.55962
0.02727847 0.4403917 3.546232
0.4633184 0.9562721 3.531635
0.5271837 0.7008188 3.549481
0.5075836 0.4899576 3.477788
0.4778141 0.4117511 3.449815
0.1795198 0.4886369 3.54326
0.1425273 0.06167702 3.58107
0.1627238 -0.3842636 3.583412
0.1090116 -0.3866224 3.597463
0.3466436 0.478482 3.523488
0.3723351 0.1136745 3.505115
0.3185665 -0.3469584 3.549215
0.3101292 -0.358732 3.415949
0.2775156 1.002464 3.579333
0.02758561 0.3483453 3.516317
0.06427126 0.4569301 3.514946
0.4718322 0.3367454 3.425676
0.4430513 0.4085535 3.424253
116
0.2649103 0.47893 3.57013
0.2730545 0.7793508 3.578166
0.2725088 1.07655 3.57606
0.2716862 1.211699 3.551104
0.1074449 0.9726005 3.570943
0.02862891 0.7216725 3.615709
0.01901172 0.481887 3.560122
0.02913636 0.4318206 3.539856
0.4588585 0.9571663 3.53166
0.5226673 0.702359 3.549014
0.5061091 0.493702 3.478645
0.4766313 0.4150791 3.449943
0.1782598 0.4876376 3.542759
0.1417293 0.0649305 3.576176
0.1638347 -0.3966479 3.585709
0.1018793 -0.398901 3.62028
0.3457949 0.4793652 3.523036
0.3719151 0.1130666 3.504608
0.3155355 -0.3721665 3.551901
0.3265606 -0.3850885 3.432463
0.2727082 1.002802 3.578923
0.03225104 0.3468916 3.51039
0.06429711 0.4572648 3.512769
0.4707711 0.3396214 3.424501
0.4421953 0.4112341 3.42379
117
0.2649103 0.47893 3.57013
0.2730545 0.7793508 3.578166
0.2725088 1.07655 3.57606
0.2716862 1.211699 3.551104
0.1074449 0.9726005 3.570943
0.02862891 0.7216725 3.615709
0.01901172 0.481887 3.560122
0.02913636 0.4318206 3.539856
0.4588585 0.9571663 3.53166
0.5226673 0.702359 3.549014
0.5061091 0.493702 3.478645
0.4766313 0.4150791 3.449943
0.1782598 0.4876376 3.542759
0.1417293 0.0649305 3.576176
0.1638347 -0.3966479 3.585709
0.1018793 -0.398901 3.62028
0.3457949 0.4793652 3.523036
0.3719151 0.1130666 3.504608
0.3155355 -0.3721665 3.551901
0.3265606 -0.3850885 3.432463
0.2727082 1.002802 3.578923
0.03225104 0.3468916 3.51039
0.06429711 0.4572648 3.512769
0.4707711 0.3396214 3.424501
0.4421953 0.4112341 3.42379
118
0.2640086 0.4788376 3.569705
0.269187 0.7795802 3.577942
0.2679654 1.076818 3.575837
0.2670944 1.212098 3.550425
0.1036164 0.9711323 3.569404
0.02697969 0.720678 3.614509
0.01828845 0.4827729 3.56046
0.02989939 0.4286534 3.538397
0.4545752 0.957842 3.531646
0.5194699 0.703308 3.548748
0.5050293 0.4963294 3.47926
0.4755264 0.4165751 3.45065
0.1769553 0.4866235 3.54236
0.141045 0.06712712 3.570951
0.1643247 -0.4019633 3.587487
0.09905736 -0.4036624 3.631169
0.3448982 0.4802663 3.522537
0.3714934 0.1125233 3.50419
0.3179987 -0.3498982 3.549932
0.3157108 -0.3622713 3.422173
0.2683194 1.003077 3.578739
0.03503177 0.3449279 3.507697
0.06492126 0.4172017 3.489806
0.4687291 0.3403439 3.425159
0.4415128 0.4130864 3.423434
119
0.2640086 0.4788376 3.569705
0.269187 0.7795802 3.577942
0.2679654 1.076818 3.575837
0.2670944 1.212098 3.550425
0.1036164 0.9711323 3.569404
0.02697969 0.720678 3.614509
0.01828845 0.4827729 3.56046
0.02989939 0.4286534 3.538397
0.4545752 0.957842 3.531646
0.5194699 0.703308 3.548748
0.5050293 0.4963294 3.47926
0.4755264 0.4165751 3.45065
0.1769553 0.4866235 3.54236
0.141045 0.06712712 3.570951
0.1643247 -0.4019633 3.587487
0.09905736 -0.4036624 3.631169
0.3448982 0.4802663 3.522537
0.3714934 0.1125233 3.50419
0.3179987 -0.3498982 3.549932
0.3157108 -0.3622713 3.422173
0.2683194 1.003077 3.578739
0.03503177 0.3449279 3.507697
0.06492126 0.4172017 3.489806
0.4687291 0.3403439 3.425159
0.4415128 0.4130864 3.423434
120
0.2631088 0.4786697 3.569301
0.2656759 0.7796317 3.577889
0.2634743 1.076941 3.575953
0.2629241 1.212432 3.549905
0.09996755 0.9697567 3.568431
0.02543759 0.7193807 3.613701
0.01774295 0.4833713 3.560697
0.03263959 0.4154848 3.532597
0.4489092 0.9576396 3.531417
0.51662 0.7037749 3.54863
0.5041543 0.4979786 3.479683
0.4746788 0.4165513 3.451256
0.1756228 0.4855798 3.542047
0.1406642 0.06847421 3.565921
0.1642498 -0.4027986 3.588518
0.09961192 -0.4053164 3.603473
0.344132 0.4809319 3.522144
0.3710499 0.1120883 3.503829
0.3170274 -0.3571671 3.550834
0.3228969 -0.3704307 3.425167
0.2641054 1.003193 3.578829
0.03960232 0.3384951 3.501211
0.06623662 0.4029698 3.478659
0.4678908 0.3400787 3.426132
0.4410548 0.413542 3.422743
121
0.2631088 0.4786697 3.569301
0.2656759 0.7796317 3.577889
0.2634743 1.076941 3.575953
0.2629241 1.212432 3.549905
0.09996755 0.9697567 3.568431
0.02543759 0.7193807 3.613701
0.01774295 0.4833713 3.560697
0.03263959 0.4154848 3.532597
0.4489092 0.9576396 3.531417
0.51662 0.7037749 3.54863
0.5041543 0.4979786 3.479683
0.4746788 0.4165513 3.451256
0.1756228 0.4855798 3.542047
0.1406642 0.06847421 3.565921
0.1642498 -0.4027986 3.588518
0.09961192 -0.4053164 3.603473
0.344132 0.4809319 3.522144
0.3710499 0.1120883 3.503829
0.3170274 -0.3571671 3.550834
0.3228969 -0.3704307 3.425167
0.2641054 1.003193 3.578829
0.03960232 0.3384951 3.501211
0.06623662 0.4029698 3.478659
0.4678908 0.3400787 3.426132
0.4410548 0.413542 3.422743
122
0.2619319 0.4783793 3.568794
0.2626427 0.7796172 3.577856
0.2600276 1.077047 3.576114
0.2589536 1.212916 3.549606
0.09652042 0.968726 3.567985
0.02405147 0.7173327 3.612636
0.01717143 0.4834218 3.560633
0.03061485 0.4152091 3.532063
0.4437768 0.9572267 3.531139
0.5142635 0.7041014 3.548513
0.5030858 0.4980909 3.479649
0.4734878 0.415347 3.451678
0.174327 0.484657 3.541829
0.1410543 0.04323765 3.554503
0.1616632 -0.3556575 3.587523
0.133615 -0.3666909 3.471739
0.342932 0.4813794 3.521492
0.3706029 0.1117549 3.503519
0.3161492 -0.3635402 3.551622
0.328468 -0.3773871 3.428748
0.2607905 1.003279 3.578955
0.03733316 0.3383899 3.499078
0.06376443 0.3964003 3.475396
0.4660657 0.3390122 3.426752
0.4392588 0.4131312 3.422983
123
0.2619319 0.4783793 3.568794
0.2626427 0.7796172 3.577856
0.2600276 1.077047 3.576114
0.2589536 1.212916 3.549606
0.09652042 0.968726 3.567985
0.02405147 0.7173327 3.612636
0.01717143 0.4834218 3.560633
0.03061485 0.4152091 3.532063
0.4437768 0.9572267 3.531139
0.5142635 0.7041014 3.548513
0.5030858 0.4980909 3.479649
0.4734878 0.415347 3.451678
0.174327 0.484657 3.541829
0.1410543 0.04323765 3.554503
0.1616632 -0.3556575 3.587523
0.133615 -0.3666909 3.471739
0.342932 0.4813794 3.521492
0.3706029 0.1117549 3.503519
0.3161492 -0.3635402 3.551622
0.328468 -0.3773871 3.428748
0.2607905 1.003279 3.578955
0.03733316 0.3383899 3.499078
0.06376443 0.3964003 3.475396
0.4660657 0.3390122 3.426752
0.4392588 0.4131312 3.422983
124
0.2605478 0.478113 3.568216
0.2599905 0.7796066 3.577849
0.2572024 1.077119 3.576359
0.2552916 1.213341 3.549515
0.09208608 0.9679685 3.568223
0.02270804 0.7147936 3.611545
0.0163377 0.4797093 3.558146
0.02920273 0.4116611 3.529589
0.4397256 0.9566148 3.530952
0.5115483 0.7045098 3.54852
0.5020465 0.4972359 3.479445
0.472402 0.4127022 3.452812
0.1728984 0.4838589 3.541605
0.1410994 0.03219552 3.549471
0.160465 -0.3387506 3.585743
0.14351 -0.3548042 3.430621
0.3416319 0.481781 3.520802
0.3701343 0.1114726 3.503245
0.3162904 -0.3612053 3.551504
0.3339829 -0.3732659 3.453115
0.2580365 1.003339 3.579144
0.03652445 0.3348666 3.496713
0.06319074 0.3920707 3.472561
0.4650416 0.3377503 3.42767
0.4379305 0.4128732 3.423595
125
0.2605478 0.478113 3.568216
0.2599905 0.7796066 3.577849
0.2572024 1.077119 3.576359
0.2552916 1.213341 3.549515
0.09208608 0.9679685 3.568223
0.02270804 0.7147936 3.611545
0.0163377 0.4797093 3.558146
0.02920273 0.4116611 3.529589
0.4397256 0.9566148 3.530952
0.5115483 0.7045098 3.54852
0.5020465 0.4972359 3.479445
0.472402 0.4127022 3.452812
0.1728984 0.4838589 3.541605
0.1410994 0.03219552 3.549471
0.160465 -0.3387506 3.585743
0.14351 -0.3548042 3.430621
0.3416319 0.481781 3.520802
0.3701343 0.1114726 3.503245
0.3162904 -0.3612053 3.551504
0.3339829 -0.3732659 3.453115
0.2580365 1.003339 3.579144
0.03652445 0.3348666 3.496713
0.06319074 0.3920707 3.472561
0.4650416 0.3377503 3.42767
0.4379305 0.4128732 3.423595
126
0.2584693 0.4779654 3.567382
0.2573937 0.779593 3.577792
0.2547851 1.077098 3.57661
0.2522501 1.213637 3.549489
0.08820555 0.9676479 3.568722
0.02149187 0.7123369 3.610578
0.0154872 0.4770076 3.556132
0.02835011 0.410216 3.528539
0.436333 0.9561532 3.530834
0.5090523 0.7046562 3.548484
0.5010017 0.4957672 3.479364
0.4714026 0.4108956 3.453516
0.1710735 0.4832314 3.541296
0.140988 0.02636883 3.546652
0.1624301 -0.3876232 3.589891
0.1057032 -0.3922467 3.573755
0.3395518 0.4823269 3.519763
0.3695801 0.1113065 3.502929
0.3162319 -0.3607411 3.55152
0.3365044 -0.3714349 3.469891
0.2556121 1.003324 3.579329
0.03491633 0.3337062 3.495792
0.0585851 0.3988827 3.474231
0.4638451 0.3356413 3.429729
0.4372239 0.4121589 3.423954
127
0.2584693 0.4779654 3.567382
0.2573937 0.779593 3.577792
0.2547851 1.077098 3.57661
0.2522501 1.213637 3.549489
0.08820555 0.9676479 3.568722
0.02149187 0.7123369 3.610578
0.0154872 0.4770076 3.556132
0.02835011 0.410216 3.528539
0.436333 0.9561532 3.530834
0.5090523 0.7046562 3.548484
0.5010017 0.4957672 3.479364
0.4714026 0.4108956 3.453516
0.1710735 0.4832314 3.541296
0.140988 0.02636883 3.546652
0.1624301 -0.3876232 3.589891
0.1057032 -0.3922467 3.573755
0.3395518 0.4823269 3.519763
0.3695801 0.1113065 3.502929
0.3162319 -0.3607411 3.55152
0.3365044 -0.3714349 3.469891
0.2556121 1.003324 3.579329
0.03491633 0.3337062 3.495792
0.0585851 0.3988827 3.474231
0.4638451 0.3356413 3.429729
0.4372239 0.4121589 3.423954
128
0.2561221 0.4779606 3.566454
0.2551083 0.7796087 3.577703
0.2528729 1.077061 3.576833
0.2495611 1.213905 3.549591
0.08397069 0.9676338 3.569517
0.02011787 0.7090102 3.609669
0.01472122 0.4748662 3.55446
0.02713908 0.4093116 3.527843
0.433585 0.9558345 3.530868
0.5063618 0.7043902 3.548721
0.5000069 0.4939129 3.479341
0.47078 0.408849 3.454771
0.168887 0.4828123 3.540801
0.1407813 0.0229094 3.544912
0.1599936 -0.336119 3.58164
0.1382518 -0.3499224 3.458079
0.3373752 0.4828964 3.518768
0.3689663 0.111217 3.502612
0.3161205 -0.3606045 3.551533
0.3371101 -0.3704736 3.479023
0.2536466 1.003298 3.579489
0.03177151 0.3328593 3.495204
0.05564854 0.4041487 3.476292
0.4633648 0.3341542 3.43106
0.4363219 0.4108377 3.424909
129
0.2561221 0.4779606 3.566454
0.2551083 0.7796087 3.577703
0.2528729 1.077061 3.576833
0.2495611 1.213905 3.549591
0.08397069 0.9676338 3.569517
0.02011787 0.7090102 3.609669
0.01472122 0.4748662 3.55446
0.02713908 0.4093116 3.527843
0.433585 0.9558345 3.530868
0.5063618 0.7043902 3.548721
0.5000069 0.4939129 3.479341
0.47078 0.408849 3.454771
0.168887 0.4828123 3.540801
0.1407813 0.0229094 3.544912
0.1599936 -0.336119 3.58164
0.1382518 -0.3499224 3.458079
0.3373752 0.4828964 3.518768
0.3689663 0.111217 3.502612
0.3161205 -0.3606045 3.551533
0.3371101 -0.3704736 3.479023
0.2536466 1.003298 3.579489
0.03177151 0.3328593 3.495204
0.05564854 0.4041487 3.476292
0.4633648 0.3341542 3.43106
0.4363219 0.4108377 3.424909
130
0.2537699 0.4780425 3.565486
0.2531835 0.7796357 3.577602
0.2513749 1.077014 3.577047
0.2472796 1.214127 3.549917
0.07950275 0.9678022 3.57045
0.01892471 0.7066293 3.608839
0.01334223 0.4637474 3.547985
0.02563353 0.4058605 3.525498
0.4311079 0.9557179 3.5311
0.5033458 0.7043945 3.549014
0.4988512 0.4917309 3.479673
0.4697539 0.4069403 3.456278
0.1665642 0.482607 3.54009
0.1360683 0.04592737 3.540814
0.1594949 -0.3227667 3.578481
0.147705 -0.3387478 3.429387
0.3353103 0.4833938 3.51787
0.3680563 0.1112365 3.502194
0.3191208 -0.332603 3.548636
0.3137827 -0.3435791 3.438117
0.2520826 1.003266 3.579638
0.02987343 0.327602 3.494575
0.05250173 0.4004558 3.473018
0.4618132 0.3318371 3.434109
0.4332581 0.4087831 3.42655
131
0.2537699 0.4780425 3.565486
0.2531835 0.7796357 3.577602
0.2513749 1.077014 3.577047
0.2472796 1.214127 3.549917
0.07950275 0.9678022 3.57045
0.01892471 0.7066293 3.608839
0.01334223 0.4637474 3.547985
0.02563353 0.4058605 3.525498
0.4311079 0.9557179 3.5311
0.5033458 0.7043945 3.549014
0.4988512 0.4917309 3.479673
0.4697539 0.4069403 3.456278
0.1665642 0.482607 3.54009
0.1360683 0.04592737 3.540814
0.1594949 -0.3227667 3.578481
0.147705 -0.3387478 3.429387
0.3353103 0.4833938 3.51787
0.3680563 0.1112365 3.502194
0.3191208 -0.332603 3.548636
0.3137827 -0.3435791 3.438117
0.2520826 1.003266 3.579638
0.02987343 0.327602 3.494575
0.05250173 0.4004558 3.473018
0.4618132 0.3318371 3.434109
0.4332581 0.4087831 3.42655
132
0.251297 0.4781431 3.563903
0.2515176 0.7796632 3.577419
0.2500814 1.076963 3.577302
0.2451378 1.214275 3.550285
0.07539921 0.9679389 3.571326
0.01777979 0.704891 3.607934
0.01134683 0.4624638 3.545382
0.02419247 0.405513 3.52453
0.4287846 0.9556197 3.531365
0.5008488 0.7042262 3.549229
0.4975776 0.4899813 3.480057
0.468208 0.4052468 3.456654
0.1642076 0.4824034 3.538633
0.1335149 0.05350224 3.540497
0.1589903 -0.3194288 3.57705
0.1504735 -0.3354695 3.419335
0.3330368 0.4839176 3.516502
0.3670759 0.1112607 3.501756
0.3208156 -0.3158031 3.546839
0.2995013 -0.3277711 3.411595
0.2507551 1.003233 3.579792
0.02628594 0.327415 3.494437
0.04908298 0.4096392 3.476203
0.4604985 0.3306116 3.435213
0.4308394 0.4070714 3.428084
133
0.251297 0.4781431 3.563903
0.2515176 0.7796632 3.577419
0.2500814 1.076963 3.577302
0.2451378 1.214275 3.550285
0.07539921 0.9679389 3.571326
0.01777979 0.704891 3.607934
0.01134683 0.4624638 3.545382
0.02419247 0.405513 3.52453
0.4287846 0.9556197 3.531365
0.5008488 0.7042262 3.549229
0.4975776 0.4899813 3.480057
0.468208 0.4052468 3.456654
0.1642076 0.4824034 3.538633
0.1335149 0.05350224 3.540497
0.1589903 -0.3194288 3.57705
0.1504735 -0.3354695 3.419335
0.3330368 0.4839176 3.516502
0.3670759 0.1112607 3.501756
0.3208156 -0.3158031 3.546839
0.2995013 -0.3277711 3.411595
0.2507551 1.003233 3.579792
0.02628594 0.327415 3.494437
0.04908298 0.4096392 3.476203
0.4604985 0.3306116 3.435213
0.4308394 0.4070714 3.428084
134
0.24891 0.4782118 3.562352
0.2496926 0.779697 3.577111
0.2485918 1.076928 3.57757
0.2430909 1.214339 3.550641
0.07223662 0.9681367 3.571921
0.01644893 0.7038455 3.606806
0.009340735 0.4622759 3.543303
0.02248068 0.4059043 3.523534
0.4266115 0.9555554 3.531689
0.4979773 0.7042109 3.549469
0.4962907 0.488701 3.480503
0.4669534 0.4041385 3.457335
0.1618634 0.4822612 3.537112
0.1312538 0.04760236 3.54259
0.1587636 -0.3170705 3.57544
0.1525564 -0.3322076 3.4126
0.3308725 0.484303 3.515201
0.3660743 0.111246 3.501283
0.3213653 -0.3093025 3.546085
0.2942192 -0.3218086 3.401603
0.2492184 1.003214 3.579921
0.0227001 0.3283623 3.492191
0.04818623 0.4235804 3.480659
0.458971 0.329481 3.436159
0.4293165 0.4059295 3.428974
135
0.24891 0.4782118 3.562352
0.2496926 0.779697 3.577111
0.2485918 1.076928 3.57757
0.2430909 1.214339 3.550641
0.07223662 0.9681367 3.571921
0.01644893 0.7038455 3.606806
0.009340735 0.4622759 3.543303
0.02248068 0.4059043 3.523534
0.4266115 0.9555554 3.531689
0.4979773 0.7042109 3.549469
0.4962907 0.488701 3.480503
0.4669534 0.4041385 3.457335
0.1618634 0.4822612 3.537112
0.1312538 0.04760236 3.54259
0.1587636 -0.3170705 3.57544
0.1525564 -0.3322076 3.4126
0.3308725 0.484303 3.515201
0.3660743 0.111246 3.501283
0.3213653 -0.3093025 3.546085
0.2942192 -0.3218086 3.401603
0.2492184 1.003214 3.579921
0.0227001 0.3283623 3.492191
0.04818623 0.4235804 3.480659
0.458971 0.329481 3.436159
0.4293165 0.4059295 3.428974
