111
1
0.07101561 0.379831 3.900401
0.07477313 0.7234256 3.91236
0.07811391 1.061903 3.911139
0.08796845 1.209612 3.900693
-0.1080735 0.9363873 3.894818
-0.1659274 0.688517 3.874064
-0.1488613 0.4726623 3.815804
-0.1381862 0.438268 3.815355
0.2553695 0.9391617 3.907365
0.3128089 0.6906878 3.89565
0.297807 0.4778207 3.830137
0.2738505 0.4349906 3.832675
-0.01087732 0.3858573 3.859374
-0.02017317 0.03961704 3.920874
-0.03403496 -0.2813526 3.964333
-0.1134364 -0.2869376 3.897758
0.1514864 0.3855995 3.864592
0.1577687 0.03555052 3.913867
0.1291844 -0.2720447 3.960769
0.2608491 -0.2934954 3.900333
0.07729919 0.9779514 3.913957
-0.1133281 0.3679073 3.817294
-0.1840785 0.4333781 3.802649
0.2635836 0.3756875 3.817171
0.2218794 0.4539508 3.802477
2
0.07101561 0.379831 3.900401
0.07477313 0.7234256 3.91236
0.07811391 1.061903 3.911139
0.08796845 1.209612 3.900693
-0.1080735 0.9363873 3.894818
-0.1659274 0.688517 3.874064
-0.1488613 0.4726623 3.815804
-0.1381862 0.438268 3.815355
0.2553695 0.9391617 3.907365
0.3128089 0.6906878 3.89565
0.297807 0.4778207 3.830137
0.2738505 0.4349906 3.832675
-0.01087732 0.3858573 3.859374
-0.02017317 0.03961704 3.920874
-0.03403496 -0.2813526 3.964333
-0.1134364 -0.2869376 3.897758
0.1514864 0.3855995 3.864592
0.1577687 0.03555052 3.913867
0.1291844 -0.2720447 3.960769
0.2608491 -0.2934954 3.900333
0.07729919 0.9779514 3.913957
-0.1133281 0.3679073 3.817294
-0.1840785 0.4333781 3.802649
0.2635836 0.3756875 3.817171
0.2218794 0.4539508 3.802477
3
0.07102954 0.379809 3.90051
0.07477573 0.7234189 3.912517
0.07810598 1.061915 3.911308
0.08798128 1.209597 3.900764
-0.1081064 0.9363759 3.894977
-0.1659235 0.6887528 3.874328
-0.1488059 0.4724422 3.815917
-0.1384663 0.4381927 3.815504
0.2553781 0.9391361 3.907471
0.3127914 0.6906173 3.895864
0.297827 0.4777902 3.830261
0.2738291 0.4349682 3.832772
-0.01086296 0.3858663 3.85945
-0.02017607 0.0395743 3.920903
-0.03423008 -0.2812731 3.964065
-0.1158059 -0.2869067 3.895626
0.1515061 0.3855334 3.864728
0.1577994 0.03539194 3.91389
0.1301178 -0.2719037 3.960459
0.2718458 -0.2937906 3.90028
0.07729585 0.9779584 3.914128
-0.1139965 0.3511061 3.811257
-0.1842744 0.4335052 3.802466
0.2589031 0.3680307 3.82059
0.221782 0.4529587 3.802586
4
0.07102954 0.379809 3.90051
0.07477573 0.7234189 3.912517
0.07810598 1.061915 3.911308
0.08798128 1.209597 3.900764
-0.1081064 0.9363759 3.894977
-0.1659235 0.6887528 3.874328
-0.1488059 0.4724422 3.815917
-0.1384663 0.4381927 3.815504
0.2553781 0.9391361 3.907471
0.3127914 0.6906173 3.895864
0.297827 0.4777902 3.830261
0.2738291 0.4349682 3.832772
-0.01086296 0.3858663 3.85945
-0.02017607 0.0395743 3.920903
-0.03423008 -0.2812731 3.964065
-0.1158059 -0.2869067 3.895626
0.1515061 0.3855334 3.864728
0.1577994 0.03539194 3.91389
0.1301178 -0.2719037 3.960459
0.2718458 -0.2937906 3.90028
0.07729585 0.9779584 3.914128
-0.1139965 0.3511061 3.811257
-0.1842744 0.4335052 3.802466
0.2589031 0.3680307 3.82059
0.221782 0.4529587 3.802586
5
0.07104728 0.3797888 3.900608
0.07478768 0.7234061 3.912657
0.07811566 1.061906 3.911459
0.08799209 1.209582 3.900833
-0.1081425 0.9363515 3.895125
-0.1659504 0.6889949 3.874581
-0.1487649 0.4722247 3.816045
-0.1387471 0.4381887 3.815675
0.2553838 0.9391137 3.907577
0.3127335 0.6905532 3.896038
0.2978383 0.4777615 3.830361
0.2738028 0.4349144 3.832819
-0.01084619 0.3858744 3.859518
-0.02024778 0.03951098 3.920922
-0.03429806 -0.2801157 3.963779
-0.09612168 -0.2878429 3.885883
0.1515296 0.3854774 3.864846
0.1578231 0.0352542 3.913913
0.1305559 -0.2709268 3.960799
0.2777492 -0.2933343 3.900072
0.07730787 0.977949 3.914281
-0.1146514 0.3594063 3.812142
-0.1836055 0.433229 3.801861
0.2538179 0.358559 3.814533
0.2211488 0.4475828 3.801039
6
0.07104728 0.3797888 3.900608
0.07478768 0.7234061 3.912657
0.07811566 1.061906 3.911459
0.08799209 1.209582 3.900833
-0.1081425 0.9363515 3.895125
-0.1659504 0.6889949 3.874581
-0.1487649 0.4722247 3.816045
-0.1387471 0.4381887 3.815675
0.2553838 0.9391137 3.907577
0.3127335 0.6905532 3.896038
0.2978383 0.4777615 3.830361
0.2738028 0.4349144 3.832819
-0.01084619 0.3858744 3.859518
-0.02024778 0.03951098 3.920922
-0.03429806 -0.2801157 3.963779
-0.09612168 -0.2878429 3.885883
0.1515296 0.3854774 3.864846
0.1578231 0.0352542 3.913913
0.1305559 -0.2709268 3.960799
0.2777492 -0.2933343 3.900072
0.07730787 0.977949 3.914281
-0.1146514 0.3594063 3.812142
-0.1836055 0.433229 3.801861
0.2538179 0.358559 3.814533
0.2211488 0.4475828 3.801039
7
0.0710669 0.3797746 3.900696
0.07480862 0.7233987 3.912808
0.07815137 1.061898 3.911682
0.08800062 1.209569 3.900915
-0.1081673 0.9363285 3.895257
-0.1659924 0.6892766 3.874843
-0.1486717 0.4727448 3.816241
-0.1386247 0.4383314 3.81561
0.2553889 0.9390954 3.907684
0.3126764 0.6905047 3.896196
0.2978469 0.4777426 3.830448
0.2737896 0.4349124 3.832843
-0.01082797 0.3858838 3.859581
-0.02032762 0.03944959 3.920937
-0.03451677 -0.2800391 3.963656
-0.09324607 -0.288126 3.883669
0.1515537 0.3854382 3.864944
0.1578469 0.03514932 3.913954
0.1294405 -0.2674969 3.960009
0.2758873 -0.2920994 3.888662
0.07734082 0.9779425 3.914485
-0.1073181 0.3529838 3.806806
-0.1834705 0.4343064 3.800895
0.2560847 0.3602539 3.820652
0.2210928 0.447427 3.800649
8
0.0710669 0.3797746 3.900696
0.07480862 0.7233987 3.912808
0.07815137 1.061898 3.911682
0.08800062 1.209569 3.900915
-0.1081673 0.9363285 3.895257
-0.1659924 0.6892766 3.874843
-0.1486717 0.4727448 3.816241
-0.1386247 0.4383314 3.81561
0.2553889 0.9390954 3.907684
0.3126764 0.6905047 3.896196
0.2978469 0.4777426 3.830448
0.2737896 0.4349124 3.832843
-0.01082797 0.3858838 3.859581
-0.02032762 0.03944959 3.920937
-0.03451677 -0.2800391 3.963656
-0.09324607 -0.288126 3.883669
0.1515537 0.3854382 3.864944
0.1578469 0.03514932 3.913954
0.1294405 -0.2674969 3.960009
0.2758873 -0.2920994 3.888662
0.07734082 0.9779425 3.914485
-0.1073181 0.3529838 3.806806
-0.1834705 0.4343064 3.800895
0.2560847 0.3602539 3.820652
0.2210928 0.447427 3.800649
9
0.07108512 0.3797632 3.900776
0.07482486 0.7234003 3.912939
0.07817128 1.061921 3.911854
0.0880111 1.209559 3.900995
-0.108175 0.9362941 3.895368
-0.1660372 0.689503 3.875059
-0.14864 0.4729166 3.816382
-0.1385152 0.4383547 3.815577
0.2553903 0.9390871 3.907787
0.3126321 0.69046 3.896339
0.2978561 0.4777227 3.830542
0.2737978 0.4349275 3.832925
-0.01081114 0.3858922 3.859639
-0.02041338 0.0393866 3.92095
-0.03525817 -0.2800538 3.963491
-0.09151912 -0.2882378 3.882405
0.1515745 0.3854104 3.865026
0.1578486 0.03506336 3.914017
0.1286481 -0.2654526 3.959636
0.2748853 -0.2911318 3.884079
0.07736152 0.9779593 3.914649
-0.1064295 0.3511397 3.805419
-0.1834399 0.4344762 3.800521
0.2612986 0.3689682 3.8263
0.2210396 0.4470116 3.800506
10
0.07108512 0.3797632 3.900776
0.07482486 0.7234003 3.912939
0.07817128 1.061921 3.911854
0.0880111 1.209559 3.900995
-0.108175 0.9362941 3.895368
-0.1660372 0.689503 3.875059
-0.14864 0.4729166 3.816382
-0.1385152 0.4383547 3.815577
0.2553903 0.9390871 3.907787
0.3126321 0.69046 3.896339
0.2978561 0.4777227 3.830542
0.2737978 0.4349275 3.832925
-0.01081114 0.3858922 3.859639
-0.02041338 0.0393866 3.92095
-0.03525817 -0.2800538 3.963491
-0.09151912 -0.2882378 3.882405
0.1515745 0.3854104 3.865026
0.1578486 0.03506336 3.914017
0.1286481 -0.2654526 3.959636
0.2748853 -0.2911318 3.884079
0.07736152 0.9779593 3.914649
-0.1064295 0.3511397 3.805419
-0.1834399 0.4344762 3.800521
0.2612986 0.3689682 3.8263
0.2210396 0.4470116 3.800506
11
0.07110457 0.3797534 3.900851
0.07484377 0.7234005 3.913056
0.07819574 1.061931 3.91199
0.08802066 1.209554 3.901063
-0.1081861 0.9362386 3.895496
-0.166059 0.6895936 3.875199
-0.1486155 0.4730336 3.816525
-0.1380443 0.4382721 3.815556
0.2553909 0.9390814 3.907882
0.3125762 0.6904116 3.896487
0.2978644 0.4777032 3.830626
0.2737943 0.4349094 3.832958
-0.01079365 0.3859001 3.859694
-0.02048724 0.03931966 3.920942
-0.03596834 -0.2801148 3.963447
-0.09041609 -0.2883559 3.881683
0.1515961 0.3853887 3.865099
0.1578446 0.03498841 3.914086
0.1283075 -0.2647359 3.959439
0.2751215 -0.2908301 3.882606
0.0773863 0.9779681 3.914786
-0.1057703 0.3510514 3.803956
-0.1833893 0.4345849 3.800307
0.258553 0.3635271 3.829331
0.2207681 0.440088 3.798824
12
0.07110457 0.3797534 3.900851
0.07484377 0.7234005 3.913056
0.07819574 1.061931 3.91199
0.08802066 1.209554 3.901063
-0.1081861 0.9362386 3.895496
-0.166059 0.6895936 3.875199
-0.1486155 0.4730336 3.816525
-0.1380443 0.4382721 3.815556
0.2553909 0.9390814 3.907882
0.3125762 0.6904116 3.896487
0.2978644 0.4777032 3.830626
0.2737943 0.4349094 3.832958
-0.01079365 0.3859001 3.859694
-0.02048724 0.03931966 3.920942
-0.03596834 -0.2801148 3.963447
-0.09041609 -0.2883559 3.881683
0.1515961 0.3853887 3.865099
0.1578446 0.03498841 3.914086
0.1283075 -0.2647359 3.959439
0.2751215 -0.2908301 3.882606
0.0773863 0.9779681 3.914786
-0.1057703 0.3510514 3.803956
-0.1833893 0.4345849 3.800307
0.258553 0.3635271 3.829331
0.2207681 0.440088 3.798824
13
0.07113495 0.3797439 3.900919
0.07486429 0.7233958 3.91316
0.07821055 1.061922 3.912106
0.08802781 1.209544 3.901123
-0.1081953 0.9361835 3.895614
-0.1660765 0.6896635 3.875315
-0.1485994 0.4731293 3.816643
-0.137714 0.4382037 3.815567
0.2553896 0.9390786 3.907967
0.3125213 0.6903638 3.896632
0.29787 0.4776883 3.830691
0.2737674 0.4348918 3.832906
-0.01076486 0.3859098 3.859748
-0.02058585 0.03925097 3.92093
-0.03666724 -0.2816304 3.963683
-0.1197429 -0.2858562 3.900717
0.1516272 0.385369 3.865159
0.1578535 0.03492199 3.914142
0.1283296 -0.263212 3.959273
0.2745799 -0.2896046 3.880599
0.07740521 0.9779609 3.914902
-0.1059491 0.3516224 3.80239
-0.1844179 0.4361407 3.80023
0.2567545 0.3609565 3.831282
0.2206852 0.4388438 3.798616
14
0.07113495 0.3797439 3.900919
0.07486429 0.7233958 3.91316
0.07821055 1.061922 3.912106
0.08802781 1.209544 3.901123
-0.1081953 0.9361835 3.895614
-0.1660765 0.6896635 3.875315
-0.1485994 0.4731293 3.816643
-0.137714 0.4382037 3.815567
0.2553896 0.9390786 3.907967
0.3125213 0.6903638 3.896632
0.29787 0.4776883 3.830691
0.2737674 0.4348918 3.832906
-0.01076486 0.3859098 3.859748
-0.02058585 0.03925097 3.92093
-0.03666724 -0.2816304 3.963683
-0.1197429 -0.2858562 3.900717
0.1516272 0.385369 3.865159
0.1578535 0.03492199 3.914142
0.1283296 -0.263212 3.959273
0.2745799 -0.2896046 3.880599
0.07740521 0.9779609 3.914902
-0.1059491 0.3516224 3.80239
-0.1844179 0.4361407 3.80023
0.2567545 0.3609565 3.831282
0.2206852 0.4388438 3.798616
15
0.07116808 0.3797339 3.900987
0.07488571 0.7233885 3.91326
0.07822434 1.061907 3.912211
0.08803403 1.209532 3.901178
-0.1082049 0.9361345 3.895726
-0.1660817 0.6897011 3.875419
-0.1485857 0.4731842 3.816717
-0.1373792 0.4381366 3.815462
0.2553872 0.9390769 3.908045
0.3124657 0.6903127 3.89679
0.2978798 0.4776756 3.830748
0.2737051 0.434907 3.83288
-0.01073329 0.3859178 3.859805
-0.0206619 0.03918879 3.920927
-0.03729436 -0.2811322 3.963723
-0.1213364 -0.2854679 3.898608
0.15166 0.3853516 3.865215
0.157875 0.03485896 3.914186
0.1284881 -0.2612379 3.960124
0.2733402 -0.2881309 3.879448
0.07742351 0.9779495 3.91501
-0.1081864 0.3466566 3.804586
-0.1846253 0.436539 3.799713
0.2561 0.3606367 3.832053
0.2209104 0.444968 3.798762
16
0.07116808 0.3797339 3.900987
0.07488571 0.7233885 3.91326
0.07822434 1.061907 3.912211
0.08803403 1.209532 3.901178
-0.1082049 0.9361345 3.895726
-0.1660817 0.6897011 3.875419
-0.1485857 0.4731842 3.816717
-0.1373792 0.4381366 3.815462
0.2553872 0.9390769 3.908045
0.3124657 0.6903127 3.89679
0.2978798 0.4776756 3.830748
0.2737051 0.434907 3.83288
-0.01073329 0.3859178 3.859805
-0.0206619 0.03918879 3.920927
-0.03729436 -0.2811322 3.963723
-0.1213364 -0.2854679 3.898608
0.15166 0.3853516 3.865215
0.157875 0.03485896 3.914186
0.1284881 -0.2612379 3.960124
0.2733402 -0.2881309 3.879448
0.07742351 0.9779495 3.91501
-0.1081864 0.3466566 3.804586
-0.1846253 0.436539 3.799713
0.2561 0.3606367 3.832053
0.2209104 0.444968 3.798762
17
0.07119502 0.3797254 3.90105
0.07490683 0.7233815 3.913352
0.07824494 1.061893 3.91231
0.08804099 1.209521 3.901231
-0.1082091 0.9360921 3.895827
-0.1660956 0.6897309 3.875513
-0.1486078 0.4733438 3.817129
-0.1371727 0.4382468 3.815585
0.2554024 0.9390927 3.908157
0.3123963 0.6902662 3.896969
0.2978869 0.4776685 3.830799
0.2735567 0.4349226 3.832827
-0.01070802 0.3859238 3.85986
-0.02073318 0.03912529 3.920924
-0.03774647 -0.2787741 3.963593
-0.08973534 -0.2865345 3.885045
0.1516857 0.38534 3.865264
0.1579024 0.03480424 3.914226
0.1283561 -0.2614198 3.95851
0.2733455 -0.2878145 3.878688
0.07744573 0.9779385 3.915111
-0.1090171 0.3437643 3.809087
-0.1856661 0.4381298 3.801135
0.252749 0.3548639 3.824492
0.220998 0.4356321 3.799727
18
0.07119502 0.3797254 3.90105
0.07490683 0.7233815 3.913352
0.07824494 1.061893 3.91231
0.08804099 1.209521 3.901231
-0.1082091 0.9360921 3.895827
-0.1660956 0.6897309 3.875513
-0.1486078 0.4733438 3.817129
-0.1371727 0.4382468 3.815585
0.2554024 0.9390927 3.908157
0.3123963 0.6902662 3.896969
0.2978869 0.4776685 3.830799
0.2735567 0.4349226 3.832827
-0.01070802 0.3859238 3.85986
-0.02073318 0.03912529 3.920924
-0.03774647 -0.2787741 3.963593
-0.08973534 -0.2865345 3.885045
0.1516857 0.38534 3.865264
0.1579024 0.03480424 3.914226
0.1283561 -0.2614198 3.95851
0.2733455 -0.2878145 3.878688
0.07744573 0.9779385 3.915111
-0.1090171 0.3437643 3.809087
-0.1856661 0.4381298 3.801135
0.252749 0.3548639 3.824492
0.220998 0.4356321 3.799727
19
0.07122323 0.3797183 3.901119
0.07493991 0.723371 3.913443
0.07832322 1.061856 3.912399
0.08804825 1.209516 3.901277
-0.1081874 0.9360786 3.895932
-0.1660904 0.6895942 3.87565
-0.1487449 0.4733118 3.817419
-0.1369313 0.4382598 3.815735
0.2554246 0.9391201 3.90828
0.3123257 0.69021 3.89714
0.2978905 0.4776626 3.830827
0.2735605 0.4349456 3.832737
-0.01067903 0.3859308 3.859926
-0.02078085 0.03907038 3.920927
-0.03803078 -0.2793001 3.963788
-0.09910654 -0.2854923 3.89321
0.1517106 0.3853316 3.865311
0.1579254 0.03475554 3.914257
0.1267123 -0.2583638 3.958267
0.2700442 -0.2854254 3.879684
0.0775084 0.9779121 3.915204
-0.1088305 0.3433753 3.810519
-0.1853526 0.4370212 3.801102
0.2515863 0.3540907 3.823245
0.2213802 0.4423206 3.800309
20
0.07122323 0.3797183 3.901119
0.07493991 0.723371 3.913443
0.07832322 1.061856 3.912399
0.08804825 1.209516 3.901277
-0.1081874 0.9360786 3.895932
-0.1660904 0.6895942 3.87565
-0.1487449 0.4733118 3.817419
-0.1369313 0.4382598 3.815735
0.2554246 0.9391201 3.90828
0.3123257 0.69021 3.89714
0.2978905 0.4776626 3.830827
0.2735605 0.4349456 3.832737
-0.01067903 0.3859308 3.859926
-0.02078085 0.03907038 3.920927
-0.03803078 -0.2793001 3.963788
-0.09910654 -0.2854923 3.89321
0.1517106 0.3853316 3.865311
0.1579254 0.03475554 3.914257
0.1267123 -0.2583638 3.958267
0.2700442 -0.2854254 3.879684
0.0775084 0.9779121 3.915204
-0.1088305 0.3433753 3.810519
-0.1853526 0.4370212 3.801102
0.2515863 0.3540907 3.823245
0.2213802 0.4423206 3.800309
21
0.07125475 0.3797111 3.901182
0.07498921 0.7233577 3.913525
0.07845067 1.061809 3.912475
0.08805532 1.209514 3.901311
-0.1080493 0.9361741 3.896016
-0.1660976 0.6895241 3.875747
-0.1490686 0.4732989 3.81785
-0.1369 0.4382559 3.815853
0.2554415 0.9391539 3.908381
0.3122866 0.6901435 3.89731
0.2979928 0.4776493 3.830832
0.2738285 0.4351896 3.832507
-0.01064659 0.3859367 3.859995
-0.02095408 0.03894012 3.920816
-0.03822757 -0.2795271 3.964036
-0.1048954 -0.2848659 3.898052
0.1517398 0.3853244 3.865347
0.1579496 0.03471166 3.914282
0.1260594 -0.2562082 3.958226
0.2676877 -0.2836592 3.879273
0.07760929 0.977878 3.915286
-0.1093871 0.3429215 3.81245
-0.1894989 0.4420536 3.799163
0.2504402 0.3533821 3.821165
0.221399 0.4432625 3.800103
22
0.07125475 0.3797111 3.901182
0.07498921 0.7233577 3.913525
0.07845067 1.061809 3.912475
0.08805532 1.209514 3.901311
-0.1080493 0.9361741 3.896016
-0.1660976 0.6895241 3.875747
-0.1490686 0.4732989 3.81785
-0.1369 0.4382559 3.815853
0.2554415 0.9391539 3.908381
0.3122866 0.6901435 3.89731
0.2979928 0.4776493 3.830832
0.2738285 0.4351896 3.832507
-0.01064659 0.3859367 3.859995
-0.02095408 0.03894012 3.920816
-0.03822757 -0.2795271 3.964036
-0.1048954 -0.2848659 3.898052
0.1517398 0.3853244 3.865347
0.1579496 0.03471166 3.914282
0.1260594 -0.2562082 3.958226
0.2676877 -0.2836592 3.879273
0.07760929 0.977878 3.915286
-0.1093871 0.3429215 3.81245
-0.1894989 0.4420536 3.799163
0.2504402 0.3533821 3.821165
0.221399 0.4432625 3.800103
23
0.07129081 0.3797025 3.901245
0.07504129 0.7233446 3.913599
0.07857587 1.061769 3.912528
0.08806223 1.209515 3.901332
-0.1078774 0.9362707 3.896072
-0.1661199 0.6894813 3.875813
-0.153887 0.4736105 3.817295
-0.1479667 0.4401322 3.816298
0.2554568 0.939191 3.908472
0.3123839 0.6901491 3.897488
0.3025085 0.4776653 3.831831
0.2838063 0.4373201 3.832186
-0.01060924 0.3859389 3.860067
-0.02119774 0.03875997 3.920618
-0.03996906 -0.2816693 3.963297
-0.108808 -0.2864976 3.89677
0.1517732 0.3853183 3.86538
0.1579793 0.03466955 3.914308
0.1265702 -0.2582075 3.956982
0.2665084 -0.2850402 3.875823
0.07771067 0.9778475 3.915351
-0.1128914 0.3600893 3.82026
-0.1893193 0.4368612 3.798062
0.2646104 0.3721178 3.829388
0.2294581 0.4499944 3.806451
24
0.07129081 0.3797025 3.901245
0.07504129 0.7233446 3.913599
0.07857587 1.061769 3.912528
0.08806223 1.209515 3.901332
-0.1078774 0.9362707 3.896072
-0.1661199 0.6894813 3.875813
-0.153887 0.4736105 3.817295
-0.1479667 0.4401322 3.816298
0.2554568 0.939191 3.908472
0.3123839 0.6901491 3.897488
0.3025085 0.4776653 3.831831
0.2838063 0.4373201 3.832186
-0.01060924 0.3859389 3.860067
-0.02119774 0.03875997 3.920618
-0.03996906 -0.2816693 3.963297
-0.108808 -0.2864976 3.89677
0.1517732 0.3853183 3.86538
0.1579793 0.03466955 3.914308
0.1265702 -0.2582075 3.956982
0.2665084 -0.2850402 3.875823
0.07771067 0.9778475 3.915351
-0.1128914 0.3600893 3.82026
-0.1893193 0.4368612 3.798062
0.2646104 0.3721178 3.829388
0.2294581 0.4499944 3.806451
25
0.07132901 0.3797071 3.901309
0.07509355 0.7233436 3.913663
0.07869253 1.061747 3.912566
0.08806979 1.209517 3.901349
-0.1074729 0.9364254 3.896083
-0.1688911 0.691166 3.87618
-0.2004113 0.4834858 3.81639
-0.1956533 0.465793 3.814495
0.2554642 0.9392499 3.908566
0.3128371 0.6902984 3.897871
0.3304481 0.4799669 3.834201
0.3305941 0.4468828 3.826236
-0.0105683 0.3859461 3.860147
-0.02135501 0.03860752 3.920441
-0.04065463 -0.2873042 3.963239
-0.1064332 -0.293576 3.885816
0.1518124 0.3853404 3.865409
0.1580056 0.03465309 3.914323
0.1274845 -0.2592596 3.957096
0.264437 -0.2855962 3.873848
0.07780645 0.9778329 3.915401
-0.1958631 0.412368 3.805538
-0.2231507 0.4780041 3.784386
0.3262194 0.3967969 3.823859
0.29175 0.4482304 3.801094
26
0.07132901 0.3797071 3.901309
0.07509355 0.7233436 3.913663
0.07869253 1.061747 3.912566
0.08806979 1.209517 3.901349
-0.1074729 0.9364254 3.896083
-0.1688911 0.691166 3.87618
-0.2004113 0.4834858 3.81639
-0.1956533 0.465793 3.814495
0.2554642 0.9392499 3.908566
0.3128371 0.6902984 3.897871
0.3304481 0.4799669 3.834201
0.3305941 0.4468828 3.826236
-0.0105683 0.3859461 3.860147
-0.02135501 0.03860752 3.920441
-0.04065463 -0.2873042 3.963239
-0.1064332 -0.293576 3.885816
0.1518124 0.3853404 3.865409
0.1580056 0.03465309 3.914323
0.1274845 -0.2592596 3.957096
0.264437 -0.2855962 3.873848
0.07780645 0.9778329 3.915401
-0.1958631 0.412368 3.805538
-0.2231507 0.4780041 3.784386
0.3262194 0.3967969 3.823859
0.29175 0.4482304 3.801094
27
0.07136315 0.3797163 3.90137
0.07514349 0.723346 3.91372
0.07880834 1.061733 3.912588
0.08807777 1.209522 3.90136
-0.1068862 0.9366691 3.896199
-0.1804615 0.6995302 3.877981
-0.2417078 0.4971664 3.821767
-0.2520899 0.4824116 3.812709
0.2554665 0.9393087 3.908654
0.3218439 0.6964118 3.899773
0.3716784 0.4934222 3.833597
0.3834674 0.470578 3.823428
-0.01052911 0.3859508 3.860244
-0.02144228 0.03850106 3.920353
-0.0408037 -0.2881876 3.963229
-0.1081669 -0.2946613 3.883485
0.1518459 0.3853847 3.865428
0.1581353 0.03467587 3.914345
0.1292968 -0.2639983 3.955249
0.2645803 -0.288462 3.872
0.07790015 0.9778245 3.915438
-0.2613888 0.441459 3.812
-0.2690544 0.4944264 3.766119
0.3915968 0.4247293 3.82591
0.3693826 0.4365624 3.813767
28
0.07136315 0.3797163 3.90137
0.07514349 0.723346 3.91372
0.07880834 1.061733 3.912588
0.08807777 1.209522 3.90136
-0.1068862 0.9366691 3.896199
-0.1804615 0.6995302 3.877981
-0.2417078 0.4971664 3.821767
-0.2520899 0.4824116 3.812709
0.2554665 0.9393087 3.908654
0.3218439 0.6964118 3.899773
0.3716784 0.4934222 3.833597
0.3834674 0.470578 3.823428
-0.01052911 0.3859508 3.860244
-0.02144228 0.03850106 3.920353
-0.0408037 -0.2881876 3.963229
-0.1081669 -0.2946613 3.883485
0.1518459 0.3853847 3.865428
0.1581353 0.03467587 3.914345
0.1292968 -0.2639983 3.955249
0.2645803 -0.288462 3.872
0.07790015 0.9778245 3.915438
-0.2613888 0.441459 3.812
-0.2690544 0.4944264 3.766119
0.3915968 0.4247293 3.82591
0.3693826 0.4365624 3.813767
29
0.07139492 0.3797268 3.901427
0.07518763 0.7233488 3.913761
0.07892223 1.06172 3.91257
0.08808894 1.209528 3.901364
-0.1063297 0.9369169 3.896319
-0.2012793 0.7150176 3.879635
-0.3079911 0.5269374 3.823069
-0.3079377 0.5171847 3.811191
0.2554717 0.9393688 3.908744
0.3336952 0.7031296 3.901861
0.4409528 0.5203078 3.832825
0.438917 0.5020245 3.823272
-0.0104918 0.3859547 3.860339
-0.02151422 0.03840713 3.920281
-0.04104432 -0.2955516 3.964215
-0.09838902 -0.3024657 3.886165
0.1518779 0.3854347 3.865438
0.158289 0.03471695 3.914379
0.1300262 -0.2632863 3.956523
0.2673101 -0.2857899 3.889465
0.07798886 0.9778172 3.915445
-0.3241349 0.4754082 3.806809
-0.3220617 0.5110115 3.762808
0.4538236 0.4511206 3.819671
0.421807 0.4668172 3.799412
30
0.07139492 0.3797268 3.901427
0.07518763 0.7233488 3.913761
0.07892223 1.06172 3.91257
0.08808894 1.209528 3.901364
-0.1063297 0.9369169 3.896319
-0.2012793 0.7150176 3.879635
-0.3079911 0.5269374 3.823069
-0.3079377 0.5171847 3.811191
0.2554717 0.9393688 3.908744
0.3336952 0.7031296 3.901861
0.4409528 0.5203078 3.832825
0.438917 0.5020245 3.823272
-0.0104918 0.3859547 3.860339
-0.02151422 0.03840713 3.920281
-0.04104432 -0.2955516 3.964215
-0.09838902 -0.3024657 3.886165
0.1518779 0.3854347 3.865438
0.158289 0.03471695 3.914379
0.1300262 -0.2632863 3.956523
0.2673101 -0.2857899 3.889465
0.07798886 0.9778172 3.915445
-0.3241349 0.4754082 3.806809
-0.3220617 0.5110115 3.762808
0.4538236 0.4511206 3.819671
0.421807 0.4668172 3.799412
31
0.07142383 0.3797409 3.901481
0.07522743 0.723354 3.913794
0.07902593 1.061713 3.912541
0.08810173 1.209541 3.901354
-0.1058674 0.9371835 3.896582
-0.2324069 0.7365727 3.885469
-0.3566714 0.5546921 3.821811
-0.3632796 0.5560331 3.810279
0.2555282 0.9394807 3.908948
0.3773919 0.7218889 3.903669
0.5005509 0.543151 3.829608
0.4957349 0.5351768 3.820097
-0.01045962 0.3859688 3.860443
-0.02157107 0.03833293 3.920222
-0.04083037 -0.2893013 3.963834
-0.1066648 -0.2973317 3.874433
0.151908 0.3854873 3.865444
0.1584555 0.03476984 3.91443
0.1307853 -0.2628789 3.957534
0.2675432 -0.2852084 3.891131
0.07806935 0.977815 3.915442
-0.3877592 0.5148647 3.793257
-0.374032 0.5666426 3.774401
0.5177911 0.4815395 3.814326
0.4820478 0.4999635 3.799266
32
0.07142383 0.3797409 3.901481
0.07522743 0.723354 3.913794
0.07902593 1.061713 3.912541
0.08810173 1.209541 3.901354
-0.1058674 0.9371835 3.896582
-0.2324069 0.7365727 3.885469
-0.3566714 0.5546921 3.821811
-0.3632796 0.5560331 3.810279
0.2555282 0.9394807 3.908948
0.3773919 0.7218889 3.903669
0.5005509 0.543151 3.829608
0.4957349 0.5351768 3.820097
-0.01045962 0.3859688 3.860443
-0.02157107 0.03833293 3.920222
-0.04083037 -0.2893013 3.963834
-0.1066648 -0.2973317 3.874433
0.151908 0.3854873 3.865444
0.1584555 0.03476984 3.91443
0.1307853 -0.2628789 3.957534
0.2675432 -0.2852084 3.891131
0.07806935 0.977815 3.915442
-0.3877592 0.5148647 3.793257
-0.374032 0.5666426 3.774401
0.5177911 0.4815395 3.814326
0.4820478 0.4999635 3.799266
33
0.07144724 0.3797584 3.901532
0.07526097 0.7233633 3.913813
0.07916305 1.061735 3.912389
0.08812349 1.209565 3.901323
-0.1055542 0.9376951 3.897084
-0.256413 0.7569985 3.890805
-0.4094104 0.5954914 3.822445
-0.4207306 0.5845843 3.80937
0.2557103 0.9395995 3.909302
0.4081717 0.7392613 3.906341
0.5660198 0.5835683 3.831555
0.5556397 0.5657834 3.813491
-0.01043496 0.3859891 3.860549
-0.02164349 0.0382753 3.920187
-0.04076045 -0.2885346 3.964051
-0.0992746 -0.2964478 3.879591
0.1519331 0.3855417 3.865447
0.1586319 0.03483249 3.914489
0.1287747 -0.2762679 3.960724
0.2101029 -0.2978052 3.868325
0.07816769 0.977832 3.915368
-0.4405409 0.5461794 3.796785
-0.4277975 0.6004881 3.77676
0.581876 0.5241289 3.814045
0.5330124 0.5488301 3.789736
34
0.07144724 0.3797584 3.901532
0.07526097 0.7233633 3.913813
0.07916305 1.061735 3.912389
0.08812349 1.209565 3.901323
-0.1055542 0.9376951 3.897084
-0.256413 0.7569985 3.890805
-0.4094104 0.5954914 3.822445
-0.4207306 0.5845843 3.80937
0.2557103 0.9395995 3.909302
0.4081717 0.7392613 3.906341
0.5660198 0.5835683 3.831555
0.5556397 0.5657834 3.813491
-0.01043496 0.3859891 3.860549
-0.02164349 0.0382753 3.920187
-0.04076045 -0.2885346 3.964051
-0.0992746 -0.2964478 3.879591
0.1519331 0.3855417 3.865447
0.1586319 0.03483249 3.914489
0.1287747 -0.2762679 3.960724
0.2101029 -0.2978052 3.868325
0.07816769 0.977832 3.915368
-0.4405409 0.5461794 3.796785
-0.4277975 0.6004881 3.77676
0.581876 0.5241289 3.814045
0.5330124 0.5488301 3.789736
35
0.07147825 0.379833 3.901597
0.07530895 0.7234195 3.91382
0.0793078 1.06183 3.912185
0.08818028 1.20964 3.901244
-0.1055224 0.9386621 3.898227
-0.2735681 0.7851059 3.897477
-0.4509705 0.6525956 3.819997
-0.4662489 0.6286674 3.806732
0.2568437 0.9396687 3.910727
0.4373141 0.7567576 3.910458
0.6237002 0.6316179 3.830129
0.6137698 0.6039477 3.811108
-0.01040227 0.3860868 3.860671
-0.02168754 0.03825903 3.920153
-0.04007519 -0.2845621 3.965582
-0.1153238 -0.2914458 3.886208
0.1519647 0.3856524 3.865449
0.1588402 0.03495885 3.914554
0.1302445 -0.264345 3.962546
0.2229929 -0.2880949 3.869692
0.07827862 0.9779126 3.91525
-0.4930204 0.5863875 3.792142
-0.4768268 0.6474209 3.775254
0.6435636 0.5750869 3.806129
0.5959561 0.5869374 3.797662
36
0.07147825 0.379833 3.901597
0.07530895 0.7234195 3.91382
0.0793078 1.06183 3.912185
0.08818028 1.20964 3.901244
-0.1055224 0.9386621 3.898227
-0.2735681 0.7851059 3.897477
-0.4509705 0.6525956 3.819997
-0.4662489 0.6286674 3.806732
0.2568437 0.9396687 3.910727
0.4373141 0.7567576 3.910458
0.6237002 0.6316179 3.830129
0.6137698 0.6039477 3.811108
-0.01040227 0.3860868 3.860671
-0.02168754 0.03825903 3.920153
-0.04007519 -0.2845621 3.965582
-0.1153238 -0.2914458 3.886208
0.1519647 0.3856524 3.865449
0.1588402 0.03495885 3.914554
0.1302445 -0.264345 3.962546
0.2229929 -0.2880949 3.869692
0.07827862 0.9779126 3.91525
-0.4930204 0.5863875 3.792142
-0.4768268 0.6474209 3.775254
0.6435636 0.5750869 3.806129
0.5959561 0.5869374 3.797662
37
0.07152208 0.3800576 3.901669
0.07537448 0.7235506 3.913804
0.07945385 1.061962 3.911956
0.08830029 1.209751 3.901079
-0.1057562 0.9404776 3.900051
-0.2901365 0.8132826 3.903502
-0.4798055 0.7013692 3.820707
-0.5049533 0.6731082 3.806041
0.2585691 0.9393842 3.912479
0.4719631 0.7876649 3.90925
0.6704341 0.6805878 3.830649
0.6657581 0.6519349 3.809614
-0.01037665 0.3863904 3.860778
-0.02176792 0.0384077 3.920074
-0.03952657 -0.2819146 3.966655
-0.100215 -0.2890732 3.89429
0.1520185 0.385884 3.865453
0.1590517 0.0351605 3.914559
0.1294433 -0.2616147 3.964364
0.2260541 -0.2869988 3.870539
0.0783978 0.9780389 3.9151
-0.534719 0.6335853 3.790577
-0.5216824 0.6891379 3.770954
0.6970725 0.6281646 3.804872
0.6517215 0.6333572 3.801409
38
0.07152208 0.3800576 3.901669
0.07537448 0.7235506 3.913804
0.07945385 1.061962 3.911956
0.08830029 1.209751 3.901079
-0.1057562 0.9404776 3.900051
-0.2901365 0.8132826 3.903502
-0.4798055 0.7013692 3.820707
-0.5049533 0.6731082 3.806041
0.2585691 0.9393842 3.912479
0.4719631 0.7876649 3.90925
0.6704341 0.6805878 3.830649
0.6657581 0.6519349 3.809614
-0.01037665 0.3863904 3.860778
-0.02176792 0.0384077 3.920074
-0.03952657 -0.2819146 3.966655
-0.100215 -0.2890732 3.89429
0.1520185 0.385884 3.865453
0.1590517 0.0351605 3.914559
0.1294433 -0.2616147 3.964364
0.2260541 -0.2869988 3.870539
0.0783978 0.9780389 3.9151
-0.534719 0.6335853 3.790577
-0.5216824 0.6891379 3.770954
0.6970725 0.6281646 3.804872
0.6517215 0.6333572 3.801409
39
0.07159588 0.3804806 3.901703
0.07546296 0.7237732 3.913734
0.07960357 1.062131 3.911668
0.08848788 1.209886 3.900846
-0.1062157 0.942935 3.902184
-0.3111089 0.8519129 3.90378
-0.5083997 0.7533037 3.824973
-0.5365784 0.7252204 3.812037
0.2617443 0.9390777 3.914976
0.4934628 0.811722 3.909381
0.7073002 0.7390601 3.83232
0.7058319 0.7075531 3.814542
-0.01033326 0.3870001 3.860795
-0.02183245 0.03886179 3.919923
-0.03899922 -0.2808676 3.967469
-0.09890172 -0.2882412 3.896256
0.1521038 0.3862381 3.865441
0.1592825 0.03546933 3.914544
0.120246 -0.2662904 3.961566
0.2059358 -0.2920792 3.867207
0.0785284 0.9782139 3.914886
-0.5648926 0.6808842 3.813587
-0.5534588 0.7448176 3.777352
0.7296574 0.6854609 3.812062
0.6990347 0.6829051 3.810406
40
0.07159588 0.3804806 3.901703
0.07546296 0.7237732 3.913734
0.07960357 1.062131 3.911668
0.08848788 1.209886 3.900846
-0.1062157 0.942935 3.902184
-0.3111089 0.8519129 3.90378
-0.5083997 0.7533037 3.824973
-0.5365784 0.7252204 3.812037
0.2617443 0.9390777 3.914976
0.4934628 0.811722 3.909381
0.7073002 0.7390601 3.83232
0.7058319 0.7075531 3.814542
-0.01033326 0.3870001 3.860795
-0.02183245 0.03886179 3.919923
-0.03899922 -0.2808676 3.967469
-0.09890172 -0.2882412 3.896256
0.1521038 0.3862381 3.865441
0.1592825 0.03546933 3.914544
0.120246 -0.2662904 3.961566
0.2059358 -0.2920792 3.867207
0.0785284 0.9782139 3.914886
-0.5648926 0.6808842 3.813587
-0.5534588 0.7448176 3.777352
0.7296574 0.6854609 3.812062
0.6990347 0.6829051 3.810406
41
0.07164062 0.3811218 3.90175
0.07559187 0.724126 3.913582
0.07995871 1.062474 3.910985
0.08876821 1.210065 3.900534
-0.1066649 0.9454652 3.904103
-0.34745 0.8911607 3.894842
-0.5520501 0.8052028 3.830544
-0.5557278 0.7629228 3.814504
0.2661305 0.9390033 3.917562
0.5155294 0.8478221 3.911843
0.7300387 0.7924809 3.833138
0.7298645 0.7564088 3.822594
-0.01032259 0.3878768 3.860831
-0.02198958 0.03957972 3.919771
-0.03851945 -0.2794017 3.967944
-0.09891676 -0.2875438 3.893307
0.1521621 0.3867454 3.865433
0.1595502 0.03592048 3.914516
0.1201728 -0.2539665 3.963675
0.2266688 -0.2827254 3.87939
0.07880384 0.978553 3.914395
-0.5717092 0.732523 3.831504
-0.5567337 0.7791484 3.779375
0.7431377 0.7371301 3.823017
0.7287386 0.741502 3.817657
42
0.07164062 0.3811218 3.90175
0.07559187 0.724126 3.913582
0.07995871 1.062474 3.910985
0.08876821 1.210065 3.900534
-0.1066649 0.9454652 3.904103
-0.34745 0.8911607 3.894842
-0.5520501 0.8052028 3.830544
-0.5557278 0.7629228 3.814504
0.2661305 0.9390033 3.917562
0.5155294 0.8478221 3.911843
0.7300387 0.7924809 3.833138
0.7298645 0.7564088 3.822594
-0.01032259 0.3878768 3.860831
-0.02198958 0.03957972 3.919771
-0.03851945 -0.2794017 3.967944
-0.09891676 -0.2875438 3.893307
0.1521621 0.3867454 3.865433
0.1595502 0.03592048 3.914516
0.1201728 -0.2539665 3.963675
0.2266688 -0.2827254 3.87939
0.07880384 0.978553 3.914395
-0.5717092 0.732523 3.831504
-0.5567337 0.7791484 3.779375
0.7431377 0.7371301 3.823017
0.7287386 0.741502 3.817657
43
0.07169384 0.3819775 3.901971
0.07571102 0.7245337 3.913448
0.08025175 1.062826 3.91034
0.0890874 1.210259 3.900208
-0.1074208 0.9484729 3.905904
-0.3552307 0.9106786 3.895299
-0.5668739 0.84216 3.839403
-0.5621904 0.8278718 3.828839
0.2693121 0.9390224 3.919302
0.5240193 0.8681034 3.915003
0.7386897 0.8379174 3.845903
0.7402538 0.8185211 3.834108
-0.01031069 0.3889179 3.86103
-0.02219015 0.0403647 3.919546
-0.03803395 -0.2781886 3.96837
-0.101871 -0.287026 3.889994
0.1522381 0.3874671 3.865602
0.1599077 0.03648525 3.914422
0.1212421 -0.2478201 3.966124
0.2360146 -0.2784012 3.883793
0.07903957 0.9789078 3.913923
-0.5704569 0.801827 3.844274
-0.5617799 0.8588629 3.802603
0.7451735 0.8030264 3.831551
0.742807 0.8029112 3.821517
44
0.07169384 0.3819775 3.901971
0.07571102 0.7245337 3.913448
0.08025175 1.062826 3.91034
0.0890874 1.210259 3.900208
-0.1074208 0.9484729 3.905904
-0.3552307 0.9106786 3.895299
-0.5668739 0.84216 3.839403
-0.5621904 0.8278718 3.828839
0.2693121 0.9390224 3.919302
0.5240193 0.8681034 3.915003
0.7386897 0.8379174 3.845903
0.7402538 0.8185211 3.834108
-0.01031069 0.3889179 3.86103
-0.02219015 0.0403647 3.919546
-0.03803395 -0.2781886 3.96837
-0.101871 -0.287026 3.889994
0.1522381 0.3874671 3.865602
0.1599077 0.03648525 3.914422
0.1212421 -0.2478201 3.966124
0.2360146 -0.2784012 3.883793
0.07903957 0.9789078 3.913923
-0.5704569 0.801827 3.844274
-0.5617799 0.8588629 3.802603
0.7451735 0.8030264 3.831551
0.742807 0.8029112 3.821517
45
0.07171693 0.3833653 3.902469
0.07583387 0.7250395 3.913295
0.08054514 1.063214 3.909562
0.08961194 1.210483 3.899722
-0.1089184 0.9530086 3.907188
-0.367645 0.9385081 3.894125
-0.5890331 0.9061523 3.848665
-0.6001213 0.8738146 3.846443
0.2749486 0.9401098 3.920568
0.5464984 0.9165283 3.915169
0.7565807 0.8628358 3.848855
0.8088455 0.8479772 3.838986
-0.01034385 0.390451 3.861484
-0.02237975 0.04139397 3.919109
-0.03764953 -0.2773322 3.968756
-0.09955068 -0.2869012 3.888285
0.1523032 0.3886997 3.866053
0.1602965 0.03729822 3.914163
0.1223319 -0.2451798 3.967787
0.241367 -0.2766838 3.886105
0.07927646 0.9793083 3.913368
-0.6089904 0.8559183 3.848675
-0.5870531 0.9066487 3.811643
0.8073733 0.8270954 3.833245
0.8153917 0.825617 3.819832
46
0.07171693 0.3833653 3.902469
0.07583387 0.7250395 3.913295
0.08054514 1.063214 3.909562
0.08961194 1.210483 3.899722
-0.1089184 0.9530086 3.907188
-0.367645 0.9385081 3.894125
-0.5890331 0.9061523 3.848665
-0.6001213 0.8738146 3.846443
0.2749486 0.9401098 3.920568
0.5464984 0.9165283 3.915169
0.7565807 0.8628358 3.848855
0.8088455 0.8479772 3.838986
-0.01034385 0.390451 3.861484
-0.02237975 0.04139397 3.919109
-0.03764953 -0.2773322 3.968756
-0.09955068 -0.2869012 3.888285
0.1523032 0.3886997 3.866053
0.1602965 0.03729822 3.914163
0.1223319 -0.2451798 3.967787
0.241367 -0.2766838 3.886105
0.07927646 0.9793083 3.913368
-0.6089904 0.8559183 3.848675
-0.5870531 0.9066487 3.811643
0.8073733 0.8270954 3.833245
0.8153917 0.825617 3.819832
47
0.07175955 0.3849447 3.903221
0.07599414 0.7256315 3.913146
0.08093901 1.063686 3.908629
0.09019428 1.210713 3.899179
-0.1106025 0.9568678 3.908018
-0.3716549 0.952915 3.89421
-0.5945269 0.9434258 3.861858
-0.6267424 0.9202875 3.863571
0.2811874 0.9419326 3.921229
0.5561231 0.9419124 3.914257
0.7718439 0.9423633 3.861218
0.8053044 0.9131916 3.843643
-0.01036614 0.392231 3.862307
-0.0225997 0.04245522 3.918447
-0.05014372 -0.2932961 3.961467
-0.1025473 -0.2999197 3.876222
0.1523929 0.3900587 3.866672
0.1606535 0.03813226 3.913794
0.1226906 -0.2437328 3.968863
0.2428271 -0.2764625 3.884158
0.07958781 0.9797891 3.912714
-0.6631021 0.9141346 3.882825
-0.6273251 0.9111614 3.822988
0.7914077 0.9165048 3.839299
0.8049974 0.9047773 3.815855
48
0.07175955 0.3849447 3.903221
0.07599414 0.7256315 3.913146
0.08093901 1.063686 3.908629
0.09019428 1.210713 3.899179
-0.1106025 0.9568678 3.908018
-0.3716549 0.952915 3.89421
-0.5945269 0.9434258 3.861858
-0.6267424 0.9202875 3.863571
0.2811874 0.9419326 3.921229
0.5561231 0.9419124 3.914257
0.7718439 0.9423633 3.861218
0.8053044 0.9131916 3.843643
-0.01036614 0.392231 3.862307
-0.0225997 0.04245522 3.918447
-0.05014372 -0.2932961 3.961467
-0.1025473 -0.2999197 3.876222
0.1523929 0.3900587 3.866672
0.1606535 0.03813226 3.913794
0.1226906 -0.2437328 3.968863
0.2428271 -0.2764625 3.884158
0.07958781 0.9797891 3.912714
-0.6631021 0.9141346 3.882825
-0.6273251 0.9111614 3.822988
0.7914077 0.9165048 3.839299
0.8049974 0.9047773 3.815855
49
0.07211014 0.3879887 3.904672
0.07622222 0.7267204 3.913017
0.08125471 1.064236 3.907697
0.09075453 1.210932 3.89867
-0.1125485 0.961009 3.908512
-0.3772577 0.9672345 3.894569
-0.6029982 0.9619615 3.876589
-0.6434324 0.951561 3.873931
0.2883897 0.9452528 3.921798
0.5625752 0.9671957 3.913143
0.7798744 0.9798819 3.864332
0.8020744 0.9440933 3.849851
-0.01014265 0.3960899 3.863916
-0.0228127 0.0449378 3.916848
-0.04354564 -0.2876735 3.965816
-0.1059341 -0.2964509 3.879783
0.1528178 0.3923934 3.867907
0.1609787 0.03945844 3.913155
0.1234468 -0.2427636 3.969512
0.245827 -0.2759117 3.885016
0.07986169 0.9804004 3.912027
-0.685089 0.9503273 3.883566
-0.6309004 0.9574956 3.826433
0.7780451 0.9441378 3.857128
0.7977172 0.9410957 3.8189
50
0.07211014 0.3879887 3.904672
0.07622222 0.7267204 3.913017
0.08125471 1.064236 3.907697
0.09075453 1.210932 3.89867
-0.1125485 0.961009 3.908512
-0.3772577 0.9672345 3.894569
-0.6029982 0.9619615 3.876589
-0.6434324 0.951561 3.873931
0.2883897 0.9452528 3.921798
0.5625752 0.9671957 3.913143
0.7798744 0.9798819 3.864332
0.8020744 0.9440933 3.849851
-0.01014265 0.3960899 3.863916
-0.0228127 0.0449378 3.916848
-0.04354564 -0.2876735 3.965816
-0.1059341 -0.2964509 3.879783
0.1528178 0.3923934 3.867907
0.1609787 0.03945844 3.913155
0.1234468 -0.2427636 3.969512
0.245827 -0.2759117 3.885016
0.07986169 0.9804004 3.912027
-0.685089 0.9503273 3.883566
-0.6309004 0.9574956 3.826433
0.7780451 0.9441378 3.857128
0.7977172 0.9410957 3.8189
51
0.0724063 0.3908664 3.906262
0.07642258 0.7277962 3.912937
0.0814982 1.064733 3.906832
0.09127411 1.211124 3.898216
-0.1150151 0.965701 3.909015
-0.3812125 0.9789402 3.895199
-0.6066376 0.9897122 3.873053
-0.6473408 0.9749137 3.870819
0.2946942 0.9497684 3.921648
0.5654625 0.9848437 3.912738
0.7842869 1.002587 3.866581
0.8278274 0.9906333 3.853032
-0.009908876 0.3995261 3.865599
-0.02325503 0.04717233 3.91537
-0.04063255 -0.2842013 3.967516
-0.1133096 -0.2933963 3.884865
0.1531496 0.3947075 3.869327
0.1614042 0.04079382 3.912441
0.1243389 -0.241989 3.969927
0.2483775 -0.2754793 3.885159
0.08008479 0.9809673 3.911397
-0.6799943 0.9716501 3.85335
-0.6360794 0.9910431 3.83201
0.8134201 0.9951532 3.862237
0.8210574 0.9890814 3.820067
52
0.0724063 0.3908664 3.906262
0.07642258 0.7277962 3.912937
0.0814982 1.064733 3.906832
0.09127411 1.211124 3.898216
-0.1150151 0.965701 3.909015
-0.3812125 0.9789402 3.895199
-0.6066376 0.9897122 3.873053
-0.6473408 0.9749137 3.870819
0.2946942 0.9497684 3.921648
0.5654625 0.9848437 3.912738
0.7842869 1.002587 3.866581
0.8278274 0.9906333 3.853032
-0.009908876 0.3995261 3.865599
-0.02325503 0.04717233 3.91537
-0.04063255 -0.2842013 3.967516
-0.1133096 -0.2933963 3.884865
0.1531496 0.3947075 3.869327
0.1614042 0.04079382 3.912441
0.1243389 -0.241989 3.969927
0.2483775 -0.2754793 3.885159
0.08008479 0.9809673 3.911397
-0.6799943 0.9716501 3.85335
-0.6360794 0.9910431 3.83201
0.8134201 0.9951532 3.862237
0.8210574 0.9890814 3.820067
53
0.07274886 0.3933837 3.907637
0.07662641 0.728818 3.912877
0.08170015 1.065151 3.906058
0.09180973 1.211351 3.897739
-0.1170587 0.9697409 3.909253
-0.3829587 0.9888624 3.895692
-0.601042 1.03753 3.866765
-0.6520569 0.9937468 3.869595
0.2994002 0.9539696 3.921356
0.5660371 0.9991184 3.912265
0.786029 1.021348 3.867935
0.8411468 1.022337 3.854794
-0.009669139 0.4022505 3.866957
-0.02363639 0.04903335 3.914157
-0.03807433 -0.2809655 3.968884
-0.1184034 -0.2917467 3.882681
0.1535903 0.3969814 3.870647
0.1617204 0.04220149 3.911695
0.1251838 -0.2413571 3.97014
0.2505063 -0.2750377 3.885077
0.08027857 0.9814672 3.910832
-0.6910148 1.006631 3.857189
-0.6619287 1.026823 3.862265
0.8289441 1.022692 3.865424
0.8331693 1.020908 3.821091
54
0.07274886 0.3933837 3.907637
0.07662641 0.728818 3.912877
0.08170015 1.065151 3.906058
0.09180973 1.211351 3.897739
-0.1170587 0.9697409 3.909253
-0.3829587 0.9888624 3.895692
-0.601042 1.03753 3.866765
-0.6520569 0.9937468 3.869595
0.2994002 0.9539696 3.921356
0.5660371 0.9991184 3.912265
0.786029 1.021348 3.867935
0.8411468 1.022337 3.854794
-0.009669139 0.4022505 3.866957
-0.02363639 0.04903335 3.914157
-0.03807433 -0.2809655 3.968884
-0.1184034 -0.2917467 3.882681
0.1535903 0.3969814 3.870647
0.1617204 0.04220149 3.911695
0.1251838 -0.2413571 3.97014
0.2505063 -0.2750377 3.885077
0.08027857 0.9814672 3.910832
-0.6910148 1.006631 3.857189
-0.6619287 1.026823 3.862265
0.8289441 1.022692 3.865424
0.8331693 1.020908 3.821091
55
0.07315201 0.395426 3.908766
0.07683376 0.7297582 3.912837
0.08185665 1.065507 3.905378
0.09236214 1.21157 3.897239
-0.1180405 0.9717612 3.90936
-0.3835405 0.9973146 3.896353
-0.5975347 1.063801 3.867549
-0.6518936 1.008329 3.867686
0.3028289 0.9578844 3.920904
0.5660512 1.009086 3.912074
0.7858461 1.037611 3.869741
0.8489978 1.047543 3.857821
-0.009437546 0.4042464 3.867975
-0.02378265 0.0504252 3.9133
-0.03157715 -0.2820512 3.964121
-0.1178318 -0.2920091 3.885746
0.1542533 0.3991854 3.871909
0.1621997 0.04366568 3.910789
0.1261053 -0.2416794 3.970295
0.2519177 -0.275365 3.885078
0.08044095 0.9819092 3.910332
-0.6874946 1.019444 3.850959
-0.65882 1.038608 3.861763
0.8388435 1.043882 3.868861
0.8404897 1.045699 3.823927
56
0.07315201 0.395426 3.908766
0.07683376 0.7297582 3.912837
0.08185665 1.065507 3.905378
0.09236214 1.21157 3.897239
-0.1180405 0.9717612 3.90936
-0.3835405 0.9973146 3.896353
-0.5975347 1.063801 3.867549
-0.6518936 1.008329 3.867686
0.3028289 0.9578844 3.920904
0.5660512 1.009086 3.912074
0.7858461 1.037611 3.869741
0.8489978 1.047543 3.857821
-0.009437546 0.4042464 3.867975
-0.02378265 0.0504252 3.9133
-0.03157715 -0.2820512 3.964121
-0.1178318 -0.2920091 3.885746
0.1542533 0.3991854 3.871909
0.1621997 0.04366568 3.910789
0.1261053 -0.2416794 3.970295
0.2519177 -0.275365 3.885078
0.08044095 0.9819092 3.910332
-0.6874946 1.019444 3.850959
-0.65882 1.038608 3.861763
0.8388435 1.043882 3.868861
0.8404897 1.045699 3.823927
57
0.07349098 0.3970774 3.909646
0.07702684 0.730721 3.912799
0.08196469 1.065869 3.904744
0.0928754 1.21176 3.896721
-0.1190445 0.9736402 3.909168
-0.3831126 1.00464 3.896805
-0.5960597 1.077845 3.867831
-0.6507697 1.019933 3.867407
0.3051226 0.9609197 3.920424
0.5654243 1.017012 3.911704
0.7822 1.057437 3.87131
0.8515121 1.076905 3.86078
-0.009247583 0.4057558 3.868748
-0.02109652 0.1112594 3.897856
-0.05870791 -0.2835285 3.956645
-0.1400931 -0.2905 3.857763
0.1548097 0.4010624 3.872895
0.1626973 0.04505306 3.909902
0.1270551 -0.2418336 3.97034
0.2531032 -0.2755284 3.884732
0.08056851 0.9823739 3.909846
-0.6837153 1.062132 3.920021
-0.6537894 1.069187 3.922223
0.8448504 1.067631 3.871519
0.8431648 1.073573 3.827424
58
0.07349098 0.3970774 3.909646
0.07702684 0.730721 3.912799
0.08196469 1.065869 3.904744
0.0928754 1.21176 3.896721
-0.1190445 0.9736402 3.909168
-0.3831126 1.00464 3.896805
-0.5960597 1.077845 3.867831
-0.6507697 1.019933 3.867407
0.3051226 0.9609197 3.920424
0.5654243 1.017012 3.911704
0.7822 1.057437 3.87131
0.8515121 1.076905 3.86078
-0.009247583 0.4057558 3.868748
-0.02109652 0.1112594 3.897856
-0.05870791 -0.2835285 3.956645
-0.1400931 -0.2905 3.857763
0.1548097 0.4010624 3.872895
0.1626973 0.04505306 3.909902
0.1270551 -0.2418336 3.97034
0.2531032 -0.2755284 3.884732
0.08056851 0.9823739 3.909846
-0.6837153 1.062132 3.920021
-0.6537894 1.069187 3.922223
0.8448504 1.067631 3.871519
0.8431648 1.073573 3.827424
59
0.07349098 0.3970774 3.909646
0.07702684 0.730721 3.912799
0.08196469 1.065869 3.904744
0.0928754 1.21176 3.896721
-0.1190445 0.9736402 3.909168
-0.3831126 1.00464 3.896805
-0.5960597 1.077845 3.867831
-0.6507697 1.019933 3.867407
0.3051226 0.9609197 3.920424
0.5654243 1.017012 3.911704
0.7822 1.057437 3.87131
0.8515121 1.076905 3.86078
-0.009247583 0.4057558 3.868748
-0.02109652 0.1112594 3.897856
-0.05870791 -0.2835285 3.956645
-0.1400931 -0.2905 3.857763
0.1548097 0.4010624 3.872895
0.1626973 0.04505306 3.909902
0.1270551 -0.2418336 3.97034
0.2531032 -0.2755284 3.884732
0.08056851 0.9823739 3.909846
-0.6837153 1.062132 3.920021
-0.6537894 1.069187 3.922223
0.8448504 1.067631 3.871519
0.8431648 1.073573 3.827424
60
0.07384899 0.3987381 3.910504
0.07718524 0.7316379 3.912787
0.08200131 1.066172 3.90418
0.09331545 1.211926 3.896268
-0.1200404 0.9754696 3.908846
-0.3820591 1.010556 3.897154
-0.5934765 1.088949 3.868305
-0.6481713 1.028031 3.867058
0.306686 0.9635862 3.919952
0.5648371 1.022142 3.911454
0.7796548 1.069846 3.872883
0.8527058 1.093622 3.86332
-0.00904077 0.4071735 3.869516
-0.02188614 0.09559108 3.900511
-0.04816752 -0.2828592 3.962742
-0.1360369 -0.2896302 3.884457
0.1553634 0.4029782 3.873803
0.1630614 0.0465318 3.909009
0.1283348 -0.2416796 3.971003
0.2530935 -0.2758624 3.881971
0.08064442 0.9827833 3.909416
-0.6779433 1.083127 3.961391
-0.6525543 1.081651 3.957319
0.8482572 1.081661 3.87375
0.8445297 1.089581 3.83023
61
0.07384899 0.3987381 3.910504
0.07718524 0.7316379 3.912787
0.08200131 1.066172 3.90418
0.09331545 1.211926 3.896268
-0.1200404 0.9754696 3.908846
-0.3820591 1.010556 3.897154
-0.5934765 1.088949 3.868305
-0.6481713 1.028031 3.867058
0.306686 0.9635862 3.919952
0.5648371 1.022142 3.911454
0.7796548 1.069846 3.872883
0.8527058 1.093622 3.86332
-0.00904077 0.4071735 3.869516
-0.02188614 0.09559108 3.900511
-0.04816752 -0.2828592 3.962742
-0.1360369 -0.2896302 3.884457
0.1553634 0.4029782 3.873803
0.1630614 0.0465318 3.909009
0.1283348 -0.2416796 3.971003
0.2530935 -0.2758624 3.881971
0.08064442 0.9827833 3.909416
-0.6779433 1.083127 3.961391
-0.6525543 1.081651 3.957319
0.8482572 1.081661 3.87375
0.8445297 1.089581 3.83023
62
0.07415637 0.4000513 3.911198
0.07732435 0.7324307 3.912796
0.08201732 1.06642 3.903709
0.09369126 1.212067 3.895873
-0.1207936 0.9767885 3.908562
-0.381083 1.014514 3.897392
-0.5912414 1.095109 3.868413
-0.646677 1.03274 3.866909
0.3077168 0.9655462 3.919551
0.5640007 1.025702 3.911263
0.7779813 1.077739 3.873725
0.8535582 1.103936 3.864674
-0.008862223 0.4082548 3.870133
-0.02240225 0.08481997 3.902302
-0.04112611 -0.279064 3.96627
-0.1035814 -0.2872969 3.901155
0.1558316 0.4045277 3.874533
0.1634067 0.04777498 3.908238
0.1291596 -0.2418431 3.971425
0.2545381 -0.2759296 3.883143
0.08069941 0.9831303 3.909057
-0.6765593 1.089626 3.971238
-0.6523012 1.087301 3.971597
0.8506616 1.090574 3.875022
0.8455291 1.099429 3.831697
63
0.07442959 0.4010932 3.911757
0.07745075 0.7331077 3.912809
0.08202152 1.066621 3.903282
0.09401584 1.212189 3.895507
-0.1213913 0.9778345 3.908292
-0.3805444 1.017346 3.897506
-0.6061322 1.039073 3.851613
-0.6348463 1.029426 3.860186
0.3083454 0.9671208 3.919179
0.5627901 1.027886 3.911156
0.7765409 1.082929 3.874305
0.853252 1.110338 3.865663
-0.008693735 0.4091063 3.870637
-0.02295526 0.07519279 3.904361
-0.03862602 -0.2786834 3.966991
-0.1002312 -0.2870251 3.904445
0.1562228 0.4057401 3.875104
0.163793 0.04879664 3.907682
0.1298342 -0.2450172 3.972329
0.2550682 -0.278443 3.886197
0.08074354 0.9834259 3.908737
-0.6681705 1.074854 3.956061
-0.5754091 1.065992 3.875806
0.8518431 1.096439 3.875848
0.8452252 1.105221 3.832947
64
0.07442959 0.4010932 3.911757
0.07745075 0.7331077 3.912809
0.08202152 1.066621 3.903282
0.09401584 1.212189 3.895507
-0.1213913 0.9778345 3.908292
-0.3805444 1.017346 3.897506
-0.6061322 1.039073 3.851613
-0.6348463 1.029426 3.860186
0.3083454 0.9671208 3.919179
0.5627901 1.027886 3.911156
0.7765409 1.082929 3.874305
0.853252 1.110338 3.865663
-0.008693735 0.4091063 3.870637
-0.02295526 0.07519279 3.904361
-0.03862602 -0.2786834 3.966991
-0.1002312 -0.2870251 3.904445
0.1562228 0.4057401 3.875104
0.163793 0.04879664 3.907682
0.1298342 -0.2450172 3.972329
0.2550682 -0.278443 3.886197
0.08074354 0.9834259 3.908737
-0.6681705 1.074854 3.956061
-0.5754091 1.065992 3.875806
0.8518431 1.096439 3.875848
0.8452252 1.105221 3.832947
65
0.07442959 0.4010932 3.911757
0.07745075 0.7331077 3.912809
0.08202152 1.066621 3.903282
0.09401584 1.212189 3.895507
-0.1213913 0.9778345 3.908292
-0.3805444 1.017346 3.897506
-0.6061322 1.039073 3.851613
-0.6348463 1.029426 3.860186
0.3083454 0.9671208 3.919179
0.5627901 1.027886 3.911156
0.7765409 1.082929 3.874305
0.853252 1.110338 3.865663
-0.008693735 0.4091063 3.870637
-0.02295526 0.07519279 3.904361
-0.03862602 -0.2786834 3.966991
-0.1002312 -0.2870251 3.904445
0.1562228 0.4057401 3.875104
0.163793 0.04879664 3.907682
0.1298342 -0.2450172 3.972329
0.2550682 -0.278443 3.886197
0.08074354 0.9834259 3.908737
-0.6681705 1.074854 3.956061
-0.5754091 1.065992 3.875806
0.8518431 1.096439 3.875848
0.8452252 1.105221 3.832947
66
0.07471389 0.4019974 3.912232
0.07758544 0.7337503 3.912842
0.08201659 1.066789 3.902923
0.09428622 1.21229 3.895196
-0.1218807 0.9786683 3.90806
-0.3800829 1.019288 3.897583
-0.6033279 1.043331 3.850627
-0.6320524 1.020442 3.855224
0.3086791 0.9684233 3.918875
0.561483 1.028655 3.91113
0.7749575 1.084909 3.87479
0.851511 1.110425 3.866569
-0.008515666 0.4098044 3.871063
-0.02350358 0.0688429 3.905672
-0.03677101 -0.2786852 3.967582
-0.09988952 -0.2872298 3.906091
0.1566161 0.406826 3.875583
0.1641725 0.04973976 3.907227
0.1305895 -0.2467967 3.972839
0.255283 -0.2799058 3.887025
0.08077778 0.9836859 3.908464
-0.6590977 1.016471 3.85976
-0.6086 1.036718 3.839525
0.8515564 1.096814 3.876311
0.8436695 1.105439 3.834312
67
0.07498396 0.4027632 3.912649
0.07772145 0.7343274 3.912887
0.08201047 1.066929 3.902614
0.09450833 1.212374 3.894929
-0.1222895 0.9793716 3.907878
-0.379461 1.020348 3.897667
-0.6067724 1.001369 3.854056
-0.6255715 1.002819 3.852691
0.3088127 0.9694582 3.918604
0.5600362 1.028089 3.911187
0.7731967 1.081638 3.875428
0.8489053 1.101452 3.867772
-0.00833973 0.4103695 3.871437
-0.02403256 0.06458164 3.906504
-0.0353649 -0.2786396 3.968045
-0.1165129 -0.2877433 3.90233
0.1569766 0.4077719 3.876
0.1645339 0.05057907 3.906887
0.131009 -0.247623 3.973119
0.2551474 -0.2806603 3.887208
0.08080867 0.9839113 3.908229
-0.6563344 1.000069 3.839222
-0.6046087 1.015033 3.810297
0.8502058 1.088782 3.876828
0.8414872 1.096056 3.836486
68
0.07498396 0.4027632 3.912649
0.07772145 0.7343274 3.912887
0.08201047 1.066929 3.902614
0.09450833 1.212374 3.894929
-0.1222895 0.9793716 3.907878
-0.379461 1.020348 3.897667
-0.6067724 1.001369 3.854056
-0.6255715 1.002819 3.852691
0.3088127 0.9694582 3.918604
0.5600362 1.028089 3.911187
0.7731967 1.081638 3.875428
0.8489053 1.101452 3.867772
-0.00833973 0.4103695 3.871437
-0.02403256 0.06458164 3.906504
-0.0353649 -0.2786396 3.968045
-0.1165129 -0.2877433 3.90233
0.1569766 0.4077719 3.876
0.1645339 0.05057907 3.906887
0.131009 -0.247623 3.973119
0.2551474 -0.2806603 3.887208
0.08080867 0.9839113 3.908229
-0.6563344 1.000069 3.839222
-0.6046087 1.015033 3.810297
0.8502058 1.088782 3.876828
0.8414872 1.096056 3.836486
69
0.07498396 0.4027632 3.912649
0.07772145 0.7343274 3.912887
0.08201047 1.066929 3.902614
0.09450833 1.212374 3.894929
-0.1222895 0.9793716 3.907878
-0.379461 1.020348 3.897667
-0.6067724 1.001369 3.854056
-0.6255715 1.002819 3.852691
0.3088127 0.9694582 3.918604
0.5600362 1.028089 3.911187
0.7731967 1.081638 3.875428
0.8489053 1.101452 3.867772
-0.00833973 0.4103695 3.871437
-0.02403256 0.06458164 3.906504
-0.0353649 -0.2786396 3.968045
-0.1165129 -0.2877433 3.90233
0.1569766 0.4077719 3.876
0.1645339 0.05057907 3.906887
0.131009 -0.247623 3.973119
0.2551474 -0.2806603 3.887208
0.08080867 0.9839113 3.908229
-0.6563344 1.000069 3.839222
-0.6046087 1.015033 3.810297
0.8502058 1.088782 3.876828
0.8414872 1.096056 3.836486
70
0.07522952 0.4033874 3.913001
0.07785301 0.7348492 3.912929
0.08199554 1.067077 3.902284
0.09469508 1.212464 3.894664
-0.1225959 0.979914 3.907717
-0.3562728 0.9996971 3.904715
-0.5764711 0.9967817 3.853501
-0.6183823 0.9772209 3.850998
0.3088199 0.9702399 3.918377
0.5585755 1.021549 3.911245
0.7720561 1.070619 3.876537
0.8468913 1.083989 3.86962
-0.008156381 0.410859 3.871783
-0.02440414 0.06178286 3.907048
-0.03445201 -0.2815279 3.96892
-0.09875842 -0.2912239 3.904676
0.1572786 0.4085108 3.87633
0.1646557 0.0512501 3.906764
0.1316278 -0.2478096 3.973049
0.2554398 -0.2807728 3.886021
0.08083607 0.9841418 3.907983
-0.6568621 0.9592434 3.823422
-0.6108528 0.9857016 3.801388
0.8489916 1.072376 3.877947
0.8399497 1.078339 3.839315
71
0.07544842 0.403862 3.91328
0.07796725 0.7352878 3.912971
0.08196428 1.06721 3.901986
0.09485003 1.212531 3.894425
-0.1227847 0.9803271 3.907581
-0.3477272 0.9910275 3.905716
-0.5668362 0.9908759 3.853131
-0.6144783 0.9392107 3.856778
0.3087385 0.9708162 3.918178
0.5538468 1.00135 3.913812
0.7680032 1.010432 3.876005
0.8414832 1.009726 3.867799
-0.007988519 0.4112277 3.872053
-0.02458388 0.05982846 3.907451
-0.03323675 -0.2781958 3.969639
-0.1021484 -0.2914769 3.887861
0.1575437 0.4090651 3.876596
0.1647366 0.05174518 3.906684
0.1321842 -0.2479469 3.972853
0.25572 -0.280821 3.884734
0.08085109 0.984348 3.907764
-0.6601737 0.9300896 3.852778
-0.6332789 0.9575382 3.84193
0.8438509 0.9988624 3.875281
0.8351732 1.00434 3.838641
72
0.07544842 0.403862 3.91328
0.07796725 0.7352878 3.912971
0.08196428 1.06721 3.901986
0.09485003 1.212531 3.894425
-0.1227847 0.9803271 3.907581
-0.3477272 0.9910275 3.905716
-0.5668362 0.9908759 3.853131
-0.6144783 0.9392107 3.856778
0.3087385 0.9708162 3.918178
0.5538468 1.00135 3.913812
0.7680032 1.010432 3.876005
0.8414832 1.009726 3.867799
-0.007988519 0.4112277 3.872053
-0.02458388 0.05982846 3.907451
-0.03323675 -0.2781958 3.969639
-0.1021484 -0.2914769 3.887861
0.1575437 0.4090651 3.876596
0.1647366 0.05174518 3.906684
0.1321842 -0.2479469 3.972853
0.25572 -0.280821 3.884734
0.08085109 0.984348 3.907764
-0.6601737 0.9300896 3.852778
-0.6332789 0.9575382 3.84193
0.8438509 0.9988624 3.875281
0.8351732 1.00434 3.838641
73
0.07544842 0.403862 3.91328
0.07796725 0.7352878 3.912971
0.08196428 1.06721 3.901986
0.09485003 1.212531 3.894425
-0.1227847 0.9803271 3.907581
-0.3477272 0.9910275 3.905716
-0.5668362 0.9908759 3.853131
-0.6144783 0.9392107 3.856778
0.3087385 0.9708162 3.918178
0.5538468 1.00135 3.913812
0.7680032 1.010432 3.876005
0.8414832 1.009726 3.867799
-0.007988519 0.4112277 3.872053
-0.02458388 0.05982846 3.907451
-0.03323675 -0.2781958 3.969639
-0.1021484 -0.2914769 3.887861
0.1575437 0.4090651 3.876596
0.1647366 0.05174518 3.906684
0.1321842 -0.2479469 3.972853
0.25572 -0.280821 3.884734
0.08085109 0.984348 3.907764
-0.6601737 0.9300896 3.852778
-0.6332789 0.9575382 3.84193
0.8438509 0.9988624 3.875281
0.8351732 1.00434 3.838641
74
0.07561553 0.4041902 3.913499
0.07805546 0.735625 3.912998
0.08190045 1.06731 3.901626
0.09498025 1.212584 3.894204
-0.1229048 0.9806305 3.907469
-0.3444054 0.9818763 3.904967
-0.5626318 0.9808374 3.856264
-0.6039104 0.8970315 3.867716
0.3084984 0.971199 3.917951
0.5503746 0.9727277 3.916162
0.7656433 0.9538316 3.876448
0.7866001 0.9282613 3.865564
-0.007848729 0.4114702 3.872285
-0.02479143 0.05833248 3.9078
-0.03220174 -0.2652295 3.967694
-0.1312249 -0.2805496 3.872679
0.1577363 0.409452 3.876793
0.1647919 0.05210445 3.906647
0.1325853 -0.2481115 3.972692
0.2557504 -0.2809226 3.883606
0.080846 0.9845175 3.907519
-0.6390603 0.8855883 3.870622
-0.6388161 0.9230217 3.898885
0.7862214 0.914888 3.858647
0.7809741 0.9167835 3.837103
75
0.07561553 0.4041902 3.913499
0.07805546 0.735625 3.912998
0.08190045 1.06731 3.901626
0.09498025 1.212584 3.894204
-0.1229048 0.9806305 3.907469
-0.3444054 0.9818763 3.904967
-0.5626318 0.9808374 3.856264
-0.6039104 0.8970315 3.867716
0.3084984 0.971199 3.917951
0.5503746 0.9727277 3.916162
0.7656433 0.9538316 3.876448
0.7866001 0.9282613 3.865564
-0.007848729 0.4114702 3.872285
-0.02479143 0.05833248 3.9078
-0.03220174 -0.2652295 3.967694
-0.1312249 -0.2805496 3.872679
0.1577363 0.409452 3.876793
0.1647919 0.05210445 3.906647
0.1325853 -0.2481115 3.972692
0.2557504 -0.2809226 3.883606
0.080846 0.9845175 3.907519
-0.6390603 0.8855883 3.870622
-0.6388161 0.9230217 3.898885
0.7862214 0.914888 3.858647
0.7809741 0.9167835 3.837103
76
0.07580371 0.4044285 3.913662
0.07814099 0.735914 3.913014
0.08182351 1.067419 3.901275
0.09508879 1.212629 3.894011
-0.1229531 0.9807663 3.907356
-0.3366646 0.9567924 3.905858
-0.5509011 0.9236675 3.885849
-0.5817518 0.8603669 3.873209
0.3081984 0.9713833 3.917751
0.5434259 0.9324335 3.915699
0.7571085 0.8889617 3.869745
0.7922809 0.8605359 3.857401
-0.007672115 0.4116206 3.872448
-0.02497118 0.0572247 3.908097
-0.031688 -0.265057 3.967963
-0.1250322 -0.2815027 3.868958
0.1579373 0.4097467 3.876944
0.1648179 0.05239351 3.906664
0.1313104 -0.2642524 3.975675
0.2181865 -0.2868201 3.914308
0.08083295 0.9846855 3.907277
-0.6196936 0.8310897 3.869585
-0.617209 0.8767841 3.899441
0.7904849 0.8436145 3.84143
0.7874014 0.8432075 3.82884
77
0.07580371 0.4044285 3.913662
0.07814099 0.735914 3.913014
0.08182351 1.067419 3.901275
0.09508879 1.212629 3.894011
-0.1229531 0.9807663 3.907356
-0.3366646 0.9567924 3.905858
-0.5509011 0.9236675 3.885849
-0.5817518 0.8603669 3.873209
0.3081984 0.9713833 3.917751
0.5434259 0.9324335 3.915699
0.7571085 0.8889617 3.869745
0.7922809 0.8605359 3.857401
-0.007672115 0.4116206 3.872448
-0.02497118 0.0572247 3.908097
-0.031688 -0.265057 3.967963
-0.1250322 -0.2815027 3.868958
0.1579373 0.4097467 3.876944
0.1648179 0.05239351 3.906664
0.1313104 -0.2642524 3.975675
0.2181865 -0.2868201 3.914308
0.08083295 0.9846855 3.907277
-0.6196936 0.8310897 3.869585
-0.617209 0.8767841 3.899441
0.7904849 0.8436145 3.84143
0.7874014 0.8432075 3.82884
78
0.07598151 0.4044864 3.913754
0.07821018 0.7361356 3.913023
0.08174418 1.067525 3.90096
0.09518602 1.212668 3.893813
-0.1226982 0.980119 3.907268
-0.3318406 0.9372619 3.906372
-0.538267 0.8677548 3.882506
-0.5508431 0.8297549 3.874647
0.3060996 0.9682733 3.917409
0.5420316 0.9026615 3.917555
0.7385474 0.8009595 3.861386
0.7540733 0.7766955 3.862182
-0.007485816 0.4115715 3.872522
-0.02510288 0.05621438 3.908477
-0.03133618 -0.2645179 3.9681
-0.1258759 -0.2814081 3.867357
0.158117 0.4098546 3.877039
0.1648243 0.05252106 3.906745
0.1313761 -0.2659225 3.975281
0.2245734 -0.2892967 3.912159
0.08081531 0.9848366 3.907056
-0.5941106 0.8219806 3.922649
-0.5188066 0.8809324 3.906504
0.7618814 0.7580672 3.854913
0.760061 0.7570682 3.84668
79
0.07598151 0.4044864 3.913754
0.07821018 0.7361356 3.913023
0.08174418 1.067525 3.90096
0.09518602 1.212668 3.893813
-0.1226982 0.980119 3.907268
-0.3318406 0.9372619 3.906372
-0.538267 0.8677548 3.882506
-0.5508431 0.8297549 3.874647
0.3060996 0.9682733 3.917409
0.5420316 0.9026615 3.917555
0.7385474 0.8009595 3.861386
0.7540733 0.7766955 3.862182
-0.007485816 0.4115715 3.872522
-0.02510288 0.05621438 3.908477
-0.03133618 -0.2645179 3.9681
-0.1258759 -0.2814081 3.867357
0.158117 0.4098546 3.877039
0.1648243 0.05252106 3.906745
0.1313761 -0.2659225 3.975281
0.2245734 -0.2892967 3.912159
0.08081531 0.9848366 3.907056
-0.5941106 0.8219806 3.922649
-0.5188066 0.8809324 3.906504
0.7618814 0.7580672 3.854913
0.760061 0.7570682 3.84668
80
0.07625152 0.4042802 3.91372
0.0782747 0.7362835 3.91301
0.08167069 1.067611 3.900657
0.09528433 1.212714 3.89355
-0.1222076 0.9789625 3.9072
-0.3228832 0.8991125 3.907662
-0.5223191 0.8049912 3.874855
-0.5311779 0.7986512 3.87144
0.3029208 0.9631231 3.917298
0.5215033 0.8525807 3.919289
0.7189466 0.7491691 3.864395
0.7182903 0.7235017 3.862215
-0.007199168 0.4112463 3.872422
-0.02512434 0.05531203 3.909135
-0.01706846 -0.2724805 3.959638
-0.1183944 -0.2866411 3.88389
0.1583807 0.4096855 3.877037
0.1647718 0.05245237 3.906999
0.1317253 -0.2654005 3.974346
0.2352334 -0.2899504 3.909269
0.08080133 0.9849585 3.906831
-0.5440056 0.7591562 3.878847
-0.5019456 0.832908 3.876997
0.7173903 0.6872899 3.849851
0.7121803 0.6909876 3.839868
81
0.07651968 0.4036779 3.91344
0.07834259 0.7363816 3.912965
0.08161876 1.067685 3.900364
0.09537277 1.212757 3.893299
-0.1212232 0.9771516 3.907237
-0.307541 0.8573285 3.911862
-0.4963247 0.7385978 3.871919
-0.507661 0.7368369 3.86611
0.2986522 0.9577621 3.916843
0.5000126 0.8144574 3.920969
0.6862975 0.6816993 3.867189
0.6872165 0.6588877 3.863856
-0.00690019 0.4104531 3.871999
-0.02508391 0.05440672 3.909997
-0.0239037 -0.2765146 3.960078
-0.1199243 -0.288088 3.885866
0.1586209 0.4091686 3.876842
0.1647228 0.05216561 3.9074
0.1318007 -0.2647674 3.973501
0.2426543 -0.2901552 3.906986
0.08080081 0.985061 3.906596
-0.5210968 0.6763464 3.877044
-0.4955557 0.7614294 3.854395
0.7021827 0.6337864 3.852758
0.6757063 0.6377311 3.834904
82
0.07651968 0.4036779 3.91344
0.07834259 0.7363816 3.912965
0.08161876 1.067685 3.900364
0.09537277 1.212757 3.893299
-0.1212232 0.9771516 3.907237
-0.307541 0.8573285 3.911862
-0.4963247 0.7385978 3.871919
-0.507661 0.7368369 3.86611
0.2986522 0.9577621 3.916843
0.5000126 0.8144574 3.920969
0.6862975 0.6816993 3.867189
0.6872165 0.6588877 3.863856
-0.00690019 0.4104531 3.871999
-0.02508391 0.05440672 3.909997
-0.0239037 -0.2765146 3.960078
-0.1199243 -0.288088 3.885866
0.1586209 0.4091686 3.876842
0.1647228 0.05216561 3.9074
0.1318007 -0.2647674 3.973501
0.2426543 -0.2901552 3.906986
0.08080081 0.985061 3.906596
-0.5210968 0.6763464 3.877044
-0.4955557 0.7614294 3.854395
0.7021827 0.6337864 3.852758
0.6757063 0.6377311 3.834904
83
0.07651968 0.4036779 3.91344
0.07834259 0.7363816 3.912965
0.08161876 1.067685 3.900364
0.09537277 1.212757 3.893299
-0.1212232 0.9771516 3.907237
-0.307541 0.8573285 3.911862
-0.4963247 0.7385978 3.871919
-0.507661 0.7368369 3.86611
0.2986522 0.9577621 3.916843
0.5000126 0.8144574 3.920969
0.6862975 0.6816993 3.867189
0.6872165 0.6588877 3.863856
-0.00690019 0.4104531 3.871999
-0.02508391 0.05440672 3.909997
-0.0239037 -0.2765146 3.960078
-0.1199243 -0.288088 3.885866
0.1586209 0.4091686 3.876842
0.1647228 0.05216561 3.9074
0.1318007 -0.2647674 3.973501
0.2426543 -0.2901552 3.906986
0.08080081 0.985061 3.906596
-0.5210968 0.6763464 3.877044
-0.4955557 0.7614294 3.854395
0.7021827 0.6337864 3.852758
0.6757063 0.6377311 3.834904
84
0.07684233 0.4025549 3.912756
0.07840644 0.7364103 3.91285
0.08153676 1.067741 3.900065
0.09545013 1.212808 3.893038
-0.1193195 0.9740553 3.907166
-0.2998344 0.8280533 3.913871
-0.4672739 0.6728963 3.871718
-0.488382 0.6670407 3.865148
0.2938754 0.951709 3.916368
0.4798744 0.7671524 3.918376
0.6542531 0.621556 3.865285
0.6624338 0.6112116 3.86427
-0.006516713 0.4089663 3.871163
-0.02504096 0.05336801 3.911046
-0.02707956 -0.2785205 3.960757
-0.1208006 -0.2889506 3.88728
0.1588839 0.4082462 3.876222
0.1647198 0.05172527 3.90798
0.1317415 -0.2649055 3.97277
0.2472561 -0.2910363 3.903867
0.08077205 0.9851364 3.906337
-0.5059998 0.6084616 3.864176
-0.5028509 0.6774236 3.850001
0.6726835 0.567741 3.863493
0.6383696 0.5872977 3.828737
85
0.07705247 0.4012634 3.911885
0.07846366 0.736336 3.912625
0.08145179 1.067754 3.899741
0.09549779 1.212849 3.892769
-0.1176923 0.9711964 3.907419
-0.2945943 0.8079768 3.916083
-0.4337528 0.6182926 3.872127
-0.4557494 0.6037667 3.862884
0.2894709 0.9468846 3.916123
0.4589904 0.7398784 3.918228
0.6114608 0.574465 3.868771
0.6274905 0.5663306 3.85783
-0.006243254 0.4073779 3.870223
-0.02485199 0.0524099 3.912107
-0.02979992 -0.2801221 3.961918
-0.1137004 -0.2894509 3.891304
0.1590181 0.4071343 3.875346
0.1647719 0.05122541 3.908604
0.1320672 -0.2618141 3.970759
0.2529 -0.290596 3.88938
0.08073398 0.9851595 3.906025
-0.4747194 0.5468973 3.851768
-0.4800484 0.608073 3.842433
0.6339052 0.5161973 3.84932
0.5874966 0.5544598 3.817219
86
0.07705247 0.4012634 3.911885
0.07846366 0.736336 3.912625
0.08145179 1.067754 3.899741
0.09549779 1.212849 3.892769
-0.1176923 0.9711964 3.907419
-0.2945943 0.8079768 3.916083
-0.4337528 0.6182926 3.872127
-0.4557494 0.6037667 3.862884
0.2894709 0.9468846 3.916123
0.4589904 0.7398784 3.918228
0.6114608 0.574465 3.868771
0.6274905 0.5663306 3.85783
-0.006243254 0.4073779 3.870223
-0.02485199 0.0524099 3.912107
-0.02979992 -0.2801221 3.961918
-0.1137004 -0.2894509 3.891304
0.1590181 0.4071343 3.875346
0.1647719 0.05122541 3.908604
0.1320672 -0.2618141 3.970759
0.2529 -0.290596 3.88938
0.08073398 0.9851595 3.906025
-0.4747194 0.5468973 3.851768
-0.4800484 0.608073 3.842433
0.6339052 0.5161973 3.84932
0.5874966 0.5544598 3.817219
87
0.07705247 0.4012634 3.911885
0.07846366 0.736336 3.912625
0.08145179 1.067754 3.899741
0.09549779 1.212849 3.892769
-0.1176923 0.9711964 3.907419
-0.2945943 0.8079768 3.916083
-0.4337528 0.6182926 3.872127
-0.4557494 0.6037667 3.862884
0.2894709 0.9468846 3.916123
0.4589904 0.7398784 3.918228
0.6114608 0.574465 3.868771
0.6274905 0.5663306 3.85783
-0.006243254 0.4073779 3.870223
-0.02485199 0.0524099 3.912107
-0.02979992 -0.2801221 3.961918
-0.1137004 -0.2894509 3.891304
0.1590181 0.4071343 3.875346
0.1647719 0.05122541 3.908604
0.1320672 -0.2618141 3.970759
0.2529 -0.290596 3.88938
0.08073398 0.9851595 3.906025
-0.4747194 0.5468973 3.851768
-0.4800484 0.608073 3.842433
0.6339052 0.5161973 3.84932
0.5874966 0.5544598 3.817219
88
0.07719063 0.399666 3.910902
0.07855618 0.7360893 3.912275
0.08141961 1.067706 3.89938
0.09553096 1.212888 3.892525
-0.1152072 0.9675648 3.907502
-0.2798318 0.768429 3.921953
-0.4115488 0.5769845 3.881782
-0.4106745 0.5527127 3.864117
0.2854347 0.9434178 3.915805
0.4395615 0.715096 3.920757
0.5738187 0.5362776 3.873507
0.5802251 0.5172524 3.858213
-0.006053663 0.4055342 3.86924
-0.02465454 0.05135752 3.91324
-0.03182638 -0.2797831 3.962907
-0.1131797 -0.2895564 3.885999
0.159083 0.4057197 3.874308
0.1648456 0.05050355 3.909389
0.1321469 -0.2613787 3.969548
0.2562558 -0.2903778 3.886666
0.0807403 0.9851052 3.905651
-0.4266922 0.5012062 3.85161
-0.4339447 0.5596977 3.83716
0.5887213 0.4701146 3.843472
0.5447394 0.5125807 3.82303
89
0.07719063 0.399666 3.910902
0.07855618 0.7360893 3.912275
0.08141961 1.067706 3.89938
0.09553096 1.212888 3.892525
-0.1152072 0.9675648 3.907502
-0.2798318 0.768429 3.921953
-0.4115488 0.5769845 3.881782
-0.4106745 0.5527127 3.864117
0.2854347 0.9434178 3.915805
0.4395615 0.715096 3.920757
0.5738187 0.5362776 3.873507
0.5802251 0.5172524 3.858213
-0.006053663 0.4055342 3.86924
-0.02465454 0.05135752 3.91324
-0.03182638 -0.2797831 3.962907
-0.1131797 -0.2895564 3.885999
0.159083 0.4057197 3.874308
0.1648456 0.05050355 3.909389
0.1321469 -0.2613787 3.969548
0.2562558 -0.2903778 3.886666
0.0807403 0.9851052 3.905651
-0.4266922 0.5012062 3.85161
-0.4339447 0.5596977 3.83716
0.5887213 0.4701146 3.843472
0.5447394 0.5125807 3.82303
90
0.07720585 0.3977546 3.909682
0.0786402 0.7357072 3.911824
0.08139616 1.067645 3.89904
0.0955511 1.212917 3.89227
-0.1126041 0.96407 3.907558
-0.2663622 0.7452 3.925775
-0.3627205 0.5337362 3.886542
-0.3604394 0.5062972 3.867485
0.2806843 0.9405934 3.914736
0.4202213 0.6932672 3.9231
0.527726 0.4974492 3.872819
0.5261589 0.4733897 3.864767
-0.005981846 0.4035627 3.86817
-0.02451805 0.05030156 3.914248
-0.03216102 -0.2377531 3.957377
-0.05524903 -0.2578689 3.818933
0.1590112 0.4038524 3.872881
0.1649407 0.04954204 3.910375
0.1320941 -0.262193 3.965509
0.2607041 -0.2903279 3.88305
0.08074916 0.9850223 3.905278
-0.3735381 0.4585854 3.851714
-0.3828035 0.5126318 3.835747
0.5336667 0.4359199 3.852269
0.5002401 0.4585247 3.843022
91
0.07714383 0.3961149 3.908629
0.07870811 0.7352757 3.91133
0.08138688 1.067561 3.898674
0.09556834 1.21294 3.892052
-0.1094452 0.9612846 3.90709
-0.2479089 0.7288613 3.928403
-0.3158906 0.5082012 3.893827
-0.3072172 0.4967598 3.879942
0.2764264 0.9389476 3.913514
0.4002747 0.6785351 3.924723
0.4740189 0.4670615 3.877474
0.4686479 0.4319285 3.871182
-0.00597161 0.4019385 3.867293
-0.02419945 0.04936674 3.915104
-0.03370151 -0.2606255 3.961285
-0.09421067 -0.2768413 3.839984
0.1588392 0.4021938 3.871597
0.1649938 0.04863607 3.911243
0.1320296 -0.2628561 3.963145
0.2633054 -0.2904553 3.880883
0.08076525 0.9849083 3.904868
-0.316949 0.4352266 3.869895
-0.3278287 0.5001115 3.856973
0.4754021 0.4045856 3.862212
0.4434668 0.428937 3.848284
92
0.07714383 0.3961149 3.908629
0.07870811 0.7352757 3.91133
0.08138688 1.067561 3.898674
0.09556834 1.21294 3.892052
-0.1094452 0.9612846 3.90709
-0.2479089 0.7288613 3.928403
-0.3158906 0.5082012 3.893827
-0.3072172 0.4967598 3.879942
0.2764264 0.9389476 3.913514
0.4002747 0.6785351 3.924723
0.4740189 0.4670615 3.877474
0.4686479 0.4319285 3.871182
-0.00597161 0.4019385 3.867293
-0.02419945 0.04936674 3.915104
-0.03370151 -0.2606255 3.961285
-0.09421067 -0.2768413 3.839984
0.1588392 0.4021938 3.871597
0.1649938 0.04863607 3.911243
0.1320296 -0.2628561 3.963145
0.2633054 -0.2904553 3.880883
0.08076525 0.9849083 3.904868
-0.316949 0.4352266 3.869895
-0.3278287 0.5001115 3.856973
0.4754021 0.4045856 3.862212
0.4434668 0.428937 3.848284
93
0.07714383 0.3961149 3.908629
0.07870811 0.7352757 3.91133
0.08138688 1.067561 3.898674
0.09556834 1.21294 3.892052
-0.1094452 0.9612846 3.90709
-0.2479089 0.7288613 3.928403
-0.3158906 0.5082012 3.893827
-0.3072172 0.4967598 3.879942
0.2764264 0.9389476 3.913514
0.4002747 0.6785351 3.924723
0.4740189 0.4670615 3.877474
0.4686479 0.4319285 3.871182
-0.00597161 0.4019385 3.867293
-0.02419945 0.04936674 3.915104
-0.03370151 -0.2606255 3.961285
-0.09421067 -0.2768413 3.839984
0.1588392 0.4021938 3.871597
0.1649938 0.04863607 3.911243
0.1320296 -0.2628561 3.963145
0.2633054 -0.2904553 3.880883
0.08076525 0.9849083 3.904868
-0.316949 0.4352266 3.869895
-0.3278287 0.5001115 3.856973
0.4754021 0.4045856 3.862212
0.4434668 0.428937 3.848284
94
0.07711057 0.3946939 3.907678
0.0787856 0.7348257 3.910841
0.08138927 1.067474 3.898346
0.09557925 1.21296 3.891855
-0.1067661 0.9592491 3.906589
-0.2188863 0.7118863 3.931586
-0.2678921 0.4890043 3.893828
-0.2526293 0.4820665 3.883589
0.27178 0.9376386 3.91175
0.3607071 0.6655681 3.92597
0.4207326 0.4496237 3.878189
0.4114842 0.4329291 3.873787
-0.005924807 0.4004669 3.866482
-0.02393336 0.048533 3.915838
-0.03364738 -0.2664258 3.963776
-0.1143456 -0.2806411 3.854028
0.1587017 0.4008143 3.87047
0.1650342 0.04785794 3.912009
0.13162 -0.2671831 3.962357
0.2144594 -0.2922187 3.86068
0.08078966 0.984786 3.90449
-0.261786 0.4089652 3.885374
-0.2744465 0.4341756 3.874472
0.4164825 0.3805565 3.872215
0.387073 0.4439624 3.839934
95
0.07711057 0.3946939 3.907678
0.0787856 0.7348257 3.910841
0.08138927 1.067474 3.898346
0.09557925 1.21296 3.891855
-0.1067661 0.9592491 3.906589
-0.2188863 0.7118863 3.931586
-0.2678921 0.4890043 3.893828
-0.2526293 0.4820665 3.883589
0.27178 0.9376386 3.91175
0.3607071 0.6655681 3.92597
0.4207326 0.4496237 3.878189
0.4114842 0.4329291 3.873787
-0.005924807 0.4004669 3.866482
-0.02393336 0.048533 3.915838
-0.03364738 -0.2664258 3.963776
-0.1143456 -0.2806411 3.854028
0.1587017 0.4008143 3.87047
0.1650342 0.04785794 3.912009
0.13162 -0.2671831 3.962357
0.2144594 -0.2922187 3.86068
0.08078966 0.984786 3.90449
-0.261786 0.4089652 3.885374
-0.2744465 0.4341756 3.874472
0.4164825 0.3805565 3.872215
0.387073 0.4439624 3.839934
96
0.07710813 0.3934372 3.906814
0.07888518 0.7343737 3.910375
0.08142229 1.067393 3.898081
0.09557347 1.212974 3.89167
-0.1042223 0.9571694 3.906159
-0.1993156 0.700642 3.933099
-0.2105829 0.4733339 3.891801
-0.2069115 0.4563316 3.886508
0.2681679 0.9369978 3.910281
0.3418283 0.6606215 3.926428
0.3691616 0.4411824 3.877553
0.3567674 0.4124409 3.873819
-0.005855713 0.3991799 3.865779
-0.02377576 0.04780523 3.916395
-0.03371552 -0.2746616 3.965907
-0.100523 -0.285996 3.878676
0.1586061 0.3995896 3.869408
0.1650476 0.0471595 3.912682
0.1319777 -0.2638827 3.961209
0.2215024 -0.2897975 3.856113
0.08083978 0.9846649 3.904163
-0.2097278 0.3945632 3.890837
-0.2358698 0.4479648 3.860361
0.3596788 0.3618653 3.878722
0.3324461 0.4325171 3.836654
97
0.07710813 0.3934372 3.906814
0.07888518 0.7343737 3.910375
0.08142229 1.067393 3.898081
0.09557347 1.212974 3.89167
-0.1042223 0.9571694 3.906159
-0.1993156 0.700642 3.933099
-0.2105829 0.4733339 3.891801
-0.2069115 0.4563316 3.886508
0.2681679 0.9369978 3.910281
0.3418283 0.6606215 3.926428
0.3691616 0.4411824 3.877553
0.3567674 0.4124409 3.873819
-0.005855713 0.3991799 3.865779
-0.02377576 0.04780523 3.916395
-0.03371552 -0.2746616 3.965907
-0.100523 -0.285996 3.878676
0.1586061 0.3995896 3.869408
0.1650476 0.0471595 3.912682
0.1319777 -0.2638827 3.961209
0.2215024 -0.2897975 3.856113
0.08083978 0.9846649 3.904163
-0.2097278 0.3945632 3.890837
-0.2358698 0.4479648 3.860361
0.3596788 0.3618653 3.878722
0.3324461 0.4325171 3.836654
98
0.07709078 0.3924028 3.90611
0.07899096 0.7338936 3.909957
0.0814923 1.067264 3.897875
0.0955489 1.21298 3.891537
-0.1021386 0.955532 3.905746
-0.1821976 0.6901202 3.933726
-0.1839192 0.463103 3.889453
-0.1743647 0.4385908 3.888856
0.2652821 0.936821 3.909109
0.3273526 0.6592204 3.926275
0.3195089 0.4411693 3.87237
0.319699 0.4062505 3.87529
-0.005807272 0.3981433 3.865227
-0.02362735 0.04718643 3.916849
-0.03431464 -0.2814294 3.967364
-0.1194021 -0.2897817 3.895028
0.1585008 0.3985609 3.868518
0.1650531 0.04653669 3.913261
0.1323489 -0.259532 3.960482
0.2451252 -0.2841559 3.878985
0.08091963 0.9844933 3.903893
-0.1605349 0.379672 3.901867
-0.196104 0.4208912 3.863904
0.3167453 0.3535362 3.88152
0.2928334 0.4296519 3.835005
99
0.076966 0.3915392 3.905532
0.07906156 0.7334402 3.909611
0.08156781 1.067122 3.897732
0.09550241 1.212966 3.891471
-0.1002562 0.9540995 3.905135
-0.1653069 0.6777927 3.933672
-0.1375361 0.4513132 3.879652
-0.1334029 0.421842 3.881108
0.2630857 0.9367579 3.908139
0.3137056 0.6587026 3.925395
0.2765142 0.4424816 3.867002
0.271282 0.4064728 3.869393
-0.005843194 0.39728 3.864782
-0.02344091 0.04662513 3.917225
-0.0349576 -0.2852886 3.968276
-0.1101817 -0.2900839 3.920128
0.1582612 0.3977121 3.867786
0.1649161 0.04598 3.91368
0.1324409 -0.2596689 3.958514
0.2552085 -0.2852124 3.873303
0.08099502 0.9843156 3.903688
-0.1127566 0.3740779 3.874403
-0.1543405 0.4060703 3.860333
0.2615389 0.3520391 3.875639
0.2366185 0.4187988 3.835109
100
0.076966 0.3915392 3.905532
0.07906156 0.7334402 3.909611
0.08156781 1.067122 3.897732
0.09550241 1.212966 3.891471
-0.1002562 0.9540995 3.905135
-0.1653069 0.6777927 3.933672
-0.1375361 0.4513132 3.879652
-0.1334029 0.421842 3.881108
0.2630857 0.9367579 3.908139
0.3137056 0.6587026 3.925395
0.2765142 0.4424816 3.867002
0.271282 0.4064728 3.869393
-0.005843194 0.39728 3.864782
-0.02344091 0.04662513 3.917225
-0.0349576 -0.2852886 3.968276
-0.1101817 -0.2900839 3.920128
0.1582612 0.3977121 3.867786
0.1649161 0.04598 3.91368
0.1324409 -0.2596689 3.958514
0.2552085 -0.2852124 3.873303
0.08099502 0.9843156 3.903688
-0.1127566 0.3740779 3.874403
-0.1543405 0.4060703 3.860333
0.2615389 0.3520391 3.875639
0.2366185 0.4187988 3.835109
101
0.076966 0.3915392 3.905532
0.07906156 0.7334402 3.909611
0.08156781 1.067122 3.897732
0.09550241 1.212966 3.891471
-0.1002562 0.9540995 3.905135
-0.1653069 0.6777927 3.933672
-0.1375361 0.4513132 3.879652
-0.1334029 0.421842 3.881108
0.2630857 0.9367579 3.908139
0.3137056 0.6587026 3.925395
0.2765142 0.4424816 3.867002
0.271282 0.4064728 3.869393
-0.005843194 0.39728 3.864782
-0.02344091 0.04662513 3.917225
-0.0349576 -0.2852886 3.968276
-0.1101817 -0.2900839 3.920128
0.1582612 0.3977121 3.867786
0.1649161 0.04598 3.91368
0.1324409 -0.2596689 3.958514
0.2552085 -0.2852124 3.873303
0.08099502 0.9843156 3.903688
-0.1127566 0.3740779 3.874403
-0.1543405 0.4060703 3.860333
0.2615389 0.3520391 3.875639
0.2366185 0.4187988 3.835109
102
0.07680892 0.3906254 3.905028
0.07911044 0.7329614 3.909322
0.08163221 1.066985 3.897639
0.09541061 1.212945 3.891451
-0.09869172 0.952795 3.904485
-0.149984 0.6665207 3.929974
-0.1200111 0.4439144 3.875278
-0.1157687 0.4133693 3.877439
0.2612513 0.9368863 3.907168
0.3048772 0.6579518 3.924439
0.256238 0.4416835 3.86415
0.2482911 0.4050605 3.865956
-0.005943978 0.3962203 3.864423
-0.0231466 0.04577884 3.91763
-0.03533412 -0.2827425 3.968073
-0.1310359 -0.2863933 3.921173
0.1580261 0.3969165 3.867153
0.1646739 0.04537253 3.914033
0.1325594 -0.2593907 3.95751
0.2608645 -0.2852614 3.870934
0.08105779 0.9841388 3.903537
-0.08647436 0.3652776 3.859591
-0.1343221 0.3995544 3.856066
0.238256 0.3530786 3.864565
0.2197203 0.4236394 3.829815
103
0.07680892 0.3906254 3.905028
0.07911044 0.7329614 3.909322
0.08163221 1.066985 3.897639
0.09541061 1.212945 3.891451
-0.09869172 0.952795 3.904485
-0.149984 0.6665207 3.929974
-0.1200111 0.4439144 3.875278
-0.1157687 0.4133693 3.877439
0.2612513 0.9368863 3.907168
0.3048772 0.6579518 3.924439
0.256238 0.4416835 3.86415
0.2482911 0.4050605 3.865956
-0.005943978 0.3962203 3.864423
-0.0231466 0.04577884 3.91763
-0.03533412 -0.2827425 3.968073
-0.1310359 -0.2863933 3.921173
0.1580261 0.3969165 3.867153
0.1646739 0.04537253 3.914033
0.1325594 -0.2593907 3.95751
0.2608645 -0.2852614 3.870934
0.08105779 0.9841388 3.903537
-0.08647436 0.3652776 3.859591
-0.1343221 0.3995544 3.856066
0.238256 0.3530786 3.864565
0.2197203 0.4236394 3.829815
104
0.07666693 0.389874 3.904624
0.07913933 0.7325081 3.909104
0.08167402 1.066793 3.897676
0.09516656 1.212857 3.891631
-0.09750854 0.9516532 3.903945
-0.1422695 0.6609131 3.92807
-0.1116589 0.4399604 3.871719
-0.1042981 0.4076172 3.875209
0.2598373 0.9370617 3.906349
0.2976269 0.658426 3.922679
0.2463124 0.4427882 3.861206
0.2346295 0.4044981 3.86409
-0.006039737 0.3953675 3.86415
-0.02282876 0.04504555 3.917956
-0.03571105 -0.2820141 3.968067
-0.1414216 -0.2850856 3.920845
0.1578154 0.3962048 3.866606
0.1643995 0.04478593 3.914339
0.1332357 -0.2587165 3.95769
0.2640754 -0.2845471 3.870904
0.08109593 0.9839355 3.903482
-0.07418393 0.3615491 3.842862
-0.1220312 0.3942919 3.855265
0.2256484 0.3568231 3.855717
0.2109462 0.4373496 3.822722
105
0.07654904 0.389093 3.904283
0.07919841 0.7319519 3.908969
0.08178238 1.066476 3.897901
0.0948685 1.212757 3.891896
-0.09664674 0.9507286 3.903514
-0.1372671 0.6578466 3.925412
-0.1100258 0.4393534 3.867317
-0.1018358 0.4076245 3.863785
0.2587861 0.9371467 3.905671
0.292674 0.6595123 3.920558
0.2423685 0.4455069 3.85725
0.2283007 0.4060709 3.859384
-0.006121124 0.394662 3.863949
-0.02246296 0.04437178 3.918209
-0.03598265 -0.2807732 3.967962
-0.1375378 -0.2836326 3.921678
0.1576359 0.3950658 3.866037
0.1639745 0.04369009 3.914631
0.1307502 -0.2599284 3.955149
0.267056 -0.2857433 3.873476
0.08118345 0.9836152 3.903558
-0.0726801 0.3619772 3.811248
-0.1170419 0.3934331 3.846945
0.2281009 0.3628503 3.839064
0.2075171 0.4420295 3.815818
106
0.07654904 0.389093 3.904283
0.07919841 0.7319519 3.908969
0.08178238 1.066476 3.897901
0.0948685 1.212757 3.891896
-0.09664674 0.9507286 3.903514
-0.1372671 0.6578466 3.925412
-0.1100258 0.4393534 3.867317
-0.1018358 0.4076245 3.863785
0.2587861 0.9371467 3.905671
0.292674 0.6595123 3.920558
0.2423685 0.4455069 3.85725
0.2283007 0.4060709 3.859384
-0.006121124 0.394662 3.863949
-0.02246296 0.04437178 3.918209
-0.03598265 -0.2807732 3.967962
-0.1375378 -0.2836326 3.921678
0.1576359 0.3950658 3.866037
0.1639745 0.04369009 3.914631
0.1307502 -0.2599284 3.955149
0.267056 -0.2857433 3.873476
0.08118345 0.9836152 3.903558
-0.0726801 0.3619772 3.811248
-0.1170419 0.3934331 3.846945
0.2281009 0.3628503 3.839064
0.2075171 0.4420295 3.815818
107
0.07654904 0.389093 3.904283
0.07919841 0.7319519 3.908969
0.08178238 1.066476 3.897901
0.0948685 1.212757 3.891896
-0.09664674 0.9507286 3.903514
-0.1372671 0.6578466 3.925412
-0.1100258 0.4393534 3.867317
-0.1018358 0.4076245 3.863785
0.2587861 0.9371467 3.905671
0.292674 0.6595123 3.920558
0.2423685 0.4455069 3.85725
0.2283007 0.4060709 3.859384
-0.006121124 0.394662 3.863949
-0.02246296 0.04437178 3.918209
-0.03598265 -0.2807732 3.967962
-0.1375378 -0.2836326 3.921678
0.1576359 0.3950658 3.866037
0.1639745 0.04369009 3.914631
0.1307502 -0.2599284 3.955149
0.267056 -0.2857433 3.873476
0.08118345 0.9836152 3.903558
-0.0726801 0.3619772 3.811248
-0.1170419 0.3934331 3.846945
0.2281009 0.3628503 3.839064
0.2075171 0.4420295 3.815818
108
0.07645886 0.3882861 3.90397
0.07925033 0.7313305 3.908919
0.08186733 1.066018 3.898444
0.09453537 1.212633 3.892264
-0.0959654 0.9498033 3.903029
-0.1356932 0.6579844 3.919971
-0.1160702 0.4425957 3.862306
-0.1099648 0.415007 3.851726
0.2580078 0.9372618 3.905114
0.2895218 0.6605605 3.917482
0.2475293 0.4482055 3.8529
0.2378574 0.4118467 3.849728
-0.006180464 0.3940761 3.863792
-0.02215545 0.04380744 3.918428
-0.03669481 -0.2862898 3.955511
-0.1358898 -0.285899 3.920099
0.1574783 0.3936239 3.865454
0.1634944 0.04226078 3.914839
0.1304907 -0.2684627 3.957356
0.2046645 -0.2889995 3.864847
0.08125623 0.98317 3.903841
-0.08806307 0.3716168 3.80399
-0.1216538 0.3918737 3.838922
0.2373024 0.3670683 3.833483
0.2116823 0.444413 3.810043
109
0.07645886 0.3882861 3.90397
0.07925033 0.7313305 3.908919
0.08186733 1.066018 3.898444
0.09453537 1.212633 3.892264
-0.0959654 0.9498033 3.903029
-0.1356932 0.6579844 3.919971
-0.1160702 0.4425957 3.862306
-0.1099648 0.415007 3.851726
0.2580078 0.9372618 3.905114
0.2895218 0.6605605 3.917482
0.2475293 0.4482055 3.8529
0.2378574 0.4118467 3.849728
-0.006180464 0.3940761 3.863792
-0.02215545 0.04380744 3.918428
-0.03669481 -0.2862898 3.955511
-0.1358898 -0.285899 3.920099
0.1574783 0.3936239 3.865454
0.1634944 0.04226078 3.914839
0.1304907 -0.2684627 3.957356
0.2046645 -0.2889995 3.864847
0.08125623 0.98317 3.903841
-0.08806307 0.3716168 3.80399
-0.1216538 0.3918737 3.838922
0.2373024 0.3670683 3.833483
0.2116823 0.444413 3.810043
110
0.07620543 0.3871636 3.903747
0.0792081 0.7306597 3.908978
0.08184227 1.065636 3.899129
0.09411181 1.212478 3.892732
-0.09548097 0.9490198 3.902616
-0.1361474 0.6593676 3.915107
-0.123094 0.4460881 3.858211
-0.1157177 0.4177629 3.846201
0.2574221 0.9373252 3.904652
0.2883542 0.6615794 3.913555
0.2548578 0.44973 3.849554
0.2471158 0.4149235 3.845749
-0.006288767 0.3934933 3.863687
-0.02183983 0.04322332 3.918635
-0.03510531 -0.2518287 3.949977
-0.05584291 -0.2651073 3.816197
0.1569874 0.3914393 3.865078
0.1627902 0.03993716 3.915012
0.1304767 -0.2685989 3.956667
0.2336879 -0.2906512 3.87339
0.08123929 0.9827527 3.904247
-0.09191798 0.3730408 3.800386
-0.1301981 0.3973985 3.835403
0.2491381 0.370059 3.838183
0.2194757 0.442268 3.806848
111
0.07620543 0.3871636 3.903747
0.0792081 0.7306597 3.908978
0.08184227 1.065636 3.899129
0.09411181 1.212478 3.892732
-0.09548097 0.9490198 3.902616
-0.1361474 0.6593676 3.915107
-0.123094 0.4460881 3.858211
-0.1157177 0.4177629 3.846201
0.2574221 0.9373252 3.904652
0.2883542 0.6615794 3.913555
0.2548578 0.44973 3.849554
0.2471158 0.4149235 3.845749
-0.006288767 0.3934933 3.863687
-0.02183983 0.04322332 3.918635
-0.03510531 -0.2518287 3.949977
-0.05584291 -0.2651073 3.816197
0.1569874 0.3914393 3.865078
0.1627902 0.03993716 3.915012
0.1304767 -0.2685989 3.956667
0.2336879 -0.2906512 3.87339
0.08123929 0.9827527 3.904247
-0.09191798 0.3730408 3.800386
-0.1301981 0.3973985 3.835403
0.2491381 0.370059 3.838183
0.2194757 0.442268 3.806848
