114
1
0.2693501 0.8800266 2.79839
0.2797481 1.190658 2.790652
0.2878394 1.492615 2.771005
0.2999897 1.631385 2.732054
0.1117373 1.385821 2.795881
0.06354468 1.116574 2.810215
0.06331458 0.8999178 2.754053
0.07180142 0.8392771 2.735974
0.4651894 1.369142 2.788347
0.4861088 1.123324 2.793005
0.4700299 0.910046 2.72202
0.4482045 0.8488683 2.700542
0.1873809 0.8834086 2.76491
0.1696083 0.5600425 2.771479
0.1612004 0.2449059 2.861598
0.155832 0.2076668 2.730877
0.344196 0.8797625 2.75711
0.3429363 0.5600337 2.76849
0.3197053 0.2443849 2.850303
0.3108057 0.2106959 2.717798
0.286257 1.418331 2.778162
0.08163334 0.7741339 2.720251
0.03608313 0.8278385 2.720029
0.4389696 0.7871315 2.687829
0.4116191 0.8621829 2.680134
2
0.2693506 0.880023 2.798391
0.2796802 1.190645 2.790691
0.2875494 1.492592 2.771082
0.2998571 1.63137 2.732161
0.1116379 1.385834 2.795945
0.06325209 1.116654 2.81039
0.0633188 0.8999563 2.75411
0.07176956 0.8391868 2.736049
0.4650273 1.369168 2.788297
0.4860963 1.12333 2.793002
0.4699989 0.9100749 2.722015
0.4480773 0.8488917 2.700568
0.1873766 0.8834019 2.76493
0.1695972 0.5601056 2.771497
0.1611288 0.2450815 2.86159
0.1557151 0.2078427 2.73087
0.3441966 0.8797595 2.757109
0.3429327 0.5600341 2.768476
0.3196842 0.2444441 2.850279
0.3107404 0.2107587 2.717782
0.2860237 1.418309 2.778239
0.08167771 0.773783 2.719497
0.03672967 0.8237931 2.720171
0.4388495 0.7870433 2.687918
0.4116021 0.8662897 2.682471
3
0.2693506 0.880023 2.798391
0.2796802 1.190645 2.790691
0.2875494 1.492592 2.771082
0.2998571 1.63137 2.732161
0.1116379 1.385834 2.795945
0.06325209 1.116654 2.81039
0.0633188 0.8999563 2.75411
0.07176956 0.8391868 2.736049
0.4650273 1.369168 2.788297
0.4860963 1.12333 2.793002
0.4699989 0.9100749 2.722015
0.4480773 0.8488917 2.700568
0.1873766 0.8834019 2.76493
0.1695972 0.5601056 2.771497
0.1611288 0.2450815 2.86159
0.1557151 0.2078427 2.73087
0.3441966 0.8797595 2.757109
0.3429327 0.5600341 2.768476
0.3196842 0.2444441 2.850279
0.3107404 0.2107587 2.717782
0.2860237 1.418309 2.778239
0.08167771 0.773783 2.719497
0.03672967 0.8237931 2.720171
0.4388495 0.7870433 2.687918
0.4116021 0.8662897 2.682471
4
0.2693502 0.8800189 2.798394
0.2796096 1.190631 2.790732
0.2872781 1.492572 2.77116
0.2997231 1.631356 2.732267
0.1115388 1.385845 2.796007
0.06298184 1.116731 2.810562
0.0633208 0.8999971 2.754182
0.0717671 0.8391319 2.736118
0.4648675 1.369196 2.78825
0.48608 1.123337 2.792995
0.4699648 0.9101043 2.72201
0.4478975 0.8490625 2.700544
0.1873711 0.8833944 2.764951
0.1695853 0.560163 2.771518
0.1610667 0.2452549 2.861593
0.1556161 0.2080127 2.730876
0.3441967 0.8797563 2.757108
0.3429284 0.5600373 2.768461
0.3196608 0.2445079 2.850256
0.3106734 0.2108255 2.717767
0.2858003 1.418287 2.778316
0.08156672 0.7735703 2.719526
0.03693759 0.8245279 2.720117
0.4381846 0.7873163 2.687448
0.4113818 0.8663818 2.682802
5
0.2693502 0.8800189 2.798394
0.2796096 1.190631 2.790732
0.2872781 1.492572 2.77116
0.2997231 1.631356 2.732267
0.1115388 1.385845 2.796007
0.06298184 1.116731 2.810562
0.0633208 0.8999971 2.754182
0.0717671 0.8391319 2.736118
0.4648675 1.369196 2.78825
0.48608 1.123337 2.792995
0.4699648 0.9101043 2.72201
0.4478975 0.8490625 2.700544
0.1873711 0.8833944 2.764951
0.1695853 0.560163 2.771518
0.1610667 0.2452549 2.861593
0.1556161 0.2080127 2.730876
0.3441967 0.8797563 2.757108
0.3429284 0.5600373 2.768461
0.3196608 0.2445079 2.850256
0.3106734 0.2108255 2.717767
0.2858003 1.418287 2.778316
0.08156672 0.7735703 2.719526
0.03693759 0.8245279 2.720117
0.4381846 0.7873163 2.687448
0.4113818 0.8663818 2.682802
6
0.2693493 0.8800148 2.798396
0.2795341 1.190617 2.790771
0.2870084 1.492555 2.771219
0.2995938 1.631342 2.732368
0.111434 1.385854 2.796072
0.06274055 1.116793 2.810717
0.06332271 0.9000316 2.754255
0.07178397 0.8390636 2.736185
0.464708 1.369228 2.788203
0.4860629 1.123344 2.792988
0.4697668 0.9101192 2.721956
0.4475735 0.8492815 2.700471
0.1873649 0.8833864 2.764972
0.1695754 0.560212 2.77154
0.161005 0.2454194 2.861598
0.1555153 0.2081733 2.730883
0.3441964 0.8797536 2.757108
0.342924 0.5600405 2.768447
0.3196419 0.2445531 2.850239
0.3106126 0.2108728 2.717757
0.2855757 1.418269 2.778377
0.08158468 0.773357 2.719421
0.03703878 0.8271285 2.720792
0.4378249 0.7875693 2.687126
0.4110557 0.8651725 2.682055
7
0.2693493 0.8800148 2.798396
0.2795341 1.190617 2.790771
0.2870084 1.492555 2.771219
0.2995938 1.631342 2.732368
0.111434 1.385854 2.796072
0.06274055 1.116793 2.810717
0.06332271 0.9000316 2.754255
0.07178397 0.8390636 2.736185
0.464708 1.369228 2.788203
0.4860629 1.123344 2.792988
0.4697668 0.9101192 2.721956
0.4475735 0.8492815 2.700471
0.1873649 0.8833864 2.764972
0.1695754 0.560212 2.77154
0.161005 0.2454194 2.861598
0.1555153 0.2081733 2.730883
0.3441964 0.8797536 2.757108
0.342924 0.5600405 2.768447
0.3196419 0.2445531 2.850239
0.3106126 0.2108728 2.717757
0.2855757 1.418269 2.778377
0.08158468 0.773357 2.719421
0.03703878 0.8271285 2.720792
0.4378249 0.7875693 2.687126
0.4110557 0.8651725 2.682055
8
0.2693475 0.8800102 2.7984
0.2794469 1.190599 2.79081
0.286725 1.492525 2.771266
0.2994677 1.631329 2.73246
0.1113219 1.385859 2.796139
0.06253183 1.116833 2.810854
0.06332042 0.9000546 2.754324
0.07177442 0.8390136 2.736241
0.4645574 1.369259 2.788159
0.4860457 1.123346 2.792983
0.4694411 0.9100669 2.721841
0.4473696 0.8493329 2.700453
0.1873563 0.8833772 2.764996
0.1695672 0.5602525 2.77156
0.1609438 0.2455923 2.861604
0.1554154 0.208339 2.730893
0.3441953 0.8797505 2.757107
0.3429195 0.5600431 2.768434
0.3196323 0.2445799 2.85023
0.3105716 0.2108994 2.717755
0.2853364 1.41824 2.778431
0.08154476 0.7731638 2.71946
0.03695212 0.8280327 2.721113
0.4376532 0.7875322 2.687174
0.4109493 0.8653003 2.682153
9
0.2693475 0.8800102 2.7984
0.2794469 1.190599 2.79081
0.286725 1.492525 2.771266
0.2994677 1.631329 2.73246
0.1113219 1.385859 2.796139
0.06253183 1.116833 2.810854
0.06332042 0.9000546 2.754324
0.07177442 0.8390136 2.736241
0.4645574 1.369259 2.788159
0.4860457 1.123346 2.792983
0.4694411 0.9100669 2.721841
0.4473696 0.8493329 2.700453
0.1873563 0.8833772 2.764996
0.1695672 0.5602525 2.77156
0.1609438 0.2455923 2.861604
0.1554154 0.208339 2.730893
0.3441953 0.8797505 2.757107
0.3429195 0.5600431 2.768434
0.3196323 0.2445799 2.85023
0.3105716 0.2108994 2.717755
0.2853364 1.41824 2.778431
0.08154476 0.7731638 2.71946
0.03695212 0.8280327 2.721113
0.4376532 0.7875322 2.687174
0.4109493 0.8653003 2.682153
10
0.2693455 0.8800057 2.798403
0.2793626 1.190581 2.790844
0.2864723 1.492495 2.771297
0.2993442 1.631318 2.732541
0.1112104 1.385862 2.796203
0.06235345 1.116864 2.810968
0.06332158 0.9000731 2.754385
0.07174957 0.8389785 2.736254
0.4644118 1.369292 2.788115
0.4860265 1.123349 2.792974
0.4691655 0.9100484 2.721727
0.447189 0.849346 2.700409
0.1873477 0.8833677 2.765019
0.1695635 0.5602794 2.771578
0.160894 0.2457096 2.861599
0.1553245 0.2084567 2.730886
0.344194 0.8797475 2.757106
0.3429141 0.5600473 2.768417
0.3196235 0.2446087 2.85022
0.3105343 0.2109259 2.717751
0.2851192 1.418211 2.778471
0.08147095 0.7729486 2.719056
0.03690777 0.8271556 2.720681
0.4371515 0.7868931 2.687276
0.410866 0.8653399 2.682204
11
0.2693455 0.8800057 2.798403
0.2793626 1.190581 2.790844
0.2864723 1.492495 2.771297
0.2993442 1.631318 2.732541
0.1112104 1.385862 2.796203
0.06235345 1.116864 2.810968
0.06332158 0.9000731 2.754385
0.07174957 0.8389785 2.736254
0.4644118 1.369292 2.788115
0.4860265 1.123349 2.792974
0.4691655 0.9100484 2.721727
0.447189 0.849346 2.700409
0.1873477 0.8833677 2.765019
0.1695635 0.5602794 2.771578
0.160894 0.2457096 2.861599
0.1553245 0.2084567 2.730886
0.344194 0.8797475 2.757106
0.3429141 0.5600473 2.768417
0.3196235 0.2446087 2.85022
0.3105343 0.2109259 2.717751
0.2851192 1.418211 2.778471
0.08147095 0.7729486 2.719056
0.03690777 0.8271556 2.720681
0.4371515 0.7868931 2.687276
0.410866 0.8653399 2.682204
12
0.2693431 0.8800016 2.798406
0.2792719 1.190563 2.790875
0.2862163 1.492463 2.771318
0.2992273 1.631308 2.732615
0.1111012 1.38587 2.796262
0.062197 1.116888 2.811064
0.06332289 0.900088 2.754442
0.07177257 0.8390005 2.736294
0.4642716 1.369323 2.788071
0.4859983 1.123342 2.792956
0.4689302 0.9100421 2.721626
0.4469839 0.8494197 2.700346
0.1873386 0.883359 2.765042
0.1695591 0.5603097 2.771594
0.1608538 0.2457865 2.861604
0.1552502 0.208535 2.730893
0.3441922 0.8797448 2.757105
0.3429092 0.5600463 2.768402
0.3196159 0.2446349 2.850208
0.3105004 0.2109512 2.717743
0.2848974 1.418181 2.778502
0.08123305 0.7732403 2.719405
0.03683867 0.828796 2.720701
0.4368158 0.7867009 2.687201
0.4108096 0.8653455 2.682197
13
0.2693431 0.8800016 2.798406
0.2792719 1.190563 2.790875
0.2862163 1.492463 2.771318
0.2992273 1.631308 2.732615
0.1111012 1.38587 2.796262
0.062197 1.116888 2.811064
0.06332289 0.900088 2.754442
0.07177257 0.8390005 2.736294
0.4642716 1.369323 2.788071
0.4859983 1.123342 2.792956
0.4689302 0.9100421 2.721626
0.4469839 0.8494197 2.700346
0.1873386 0.883359 2.765042
0.1695591 0.5603097 2.771594
0.1608538 0.2457865 2.861604
0.1552502 0.208535 2.730893
0.3441922 0.8797448 2.757105
0.3429092 0.5600463 2.768402
0.3196159 0.2446349 2.850208
0.3105004 0.2109512 2.717743
0.2848974 1.418181 2.778502
0.08123305 0.7732403 2.719405
0.03683867 0.828796 2.720701
0.4368158 0.7867009 2.687201
0.4108096 0.8653455 2.682197
14
0.2693402 0.879998 2.798408
0.2791847 1.190546 2.790904
0.285997 1.492434 2.771337
0.2991156 1.631296 2.732678
0.1109974 1.385877 2.796315
0.06206699 1.116901 2.811132
0.06332233 0.9000958 2.754486
0.07178035 0.8390723 2.736287
0.4641375 1.369356 2.788028
0.4859705 1.123337 2.792937
0.4687149 0.9100484 2.721528
0.4468412 0.8494599 2.700336
0.187329 0.8833509 2.765064
0.1695554 0.5603387 2.771608
0.1608103 0.2458412 2.861618
0.1551681 0.2085903 2.730914
0.3441896 0.8797426 2.757103
0.3429046 0.5600455 2.768387
0.3196124 0.2446503 2.850202
0.3104778 0.210963 2.717738
0.2847011 1.418154 2.77853
0.08126882 0.773518 2.71959
0.03581952 0.8339921 2.719692
0.4366742 0.7867345 2.687138
0.4107738 0.8653063 2.682161
15
0.2693402 0.879998 2.798408
0.2791847 1.190546 2.790904
0.285997 1.492434 2.771337
0.2991156 1.631296 2.732678
0.1109974 1.385877 2.796315
0.06206699 1.116901 2.811132
0.06332233 0.9000958 2.754486
0.07178035 0.8390723 2.736287
0.4641375 1.369356 2.788028
0.4859705 1.123337 2.792937
0.4687149 0.9100484 2.721528
0.4468412 0.8494599 2.700336
0.187329 0.8833509 2.765064
0.1695554 0.5603387 2.771608
0.1608103 0.2458412 2.861618
0.1551681 0.2085903 2.730914
0.3441896 0.8797426 2.757103
0.3429046 0.5600455 2.768387
0.3196124 0.2446503 2.850202
0.3104778 0.210963 2.717738
0.2847011 1.418154 2.77853
0.08126882 0.773518 2.71959
0.03581952 0.8339921 2.719692
0.4366742 0.7867345 2.687138
0.4107738 0.8653063 2.682161
16
0.2693373 0.8799943 2.79841
0.2791035 1.190528 2.790931
0.2858119 1.492406 2.771349
0.2990122 1.631285 2.732734
0.1109005 1.385883 2.796365
0.06195528 1.116905 2.811186
0.06332172 0.9000986 2.754524
0.071746 0.8391753 2.736311
0.4640136 1.369387 2.787988
0.485945 1.123332 2.792919
0.4685294 0.9100685 2.721442
0.4467198 0.8494611 2.700311
0.1873195 0.8833425 2.765086
0.1695523 0.5603539 2.771632
0.1607647 0.2458773 2.861641
0.1550843 0.2086278 2.730943
0.3441868 0.8797403 2.757101
0.3429015 0.5600414 2.768376
0.3196095 0.2446611 2.850197
0.3104571 0.2109713 2.717734
0.2845314 1.418128 2.778551
0.08105001 0.7738979 2.719376
0.03558999 0.8338026 2.71986
0.4366393 0.7867529 2.686949
0.4107395 0.8653003 2.682189
17
0.2693373 0.8799943 2.79841
0.2791035 1.190528 2.790931
0.2858119 1.492406 2.771349
0.2990122 1.631285 2.732734
0.1109005 1.385883 2.796365
0.06195528 1.116905 2.811186
0.06332172 0.9000986 2.754524
0.071746 0.8391753 2.736311
0.4640136 1.369387 2.787988
0.485945 1.123332 2.792919
0.4685294 0.9100685 2.721442
0.4467198 0.8494611 2.700311
0.1873195 0.8833425 2.765086
0.1695523 0.5603539 2.771632
0.1607647 0.2458773 2.861641
0.1550843 0.2086278 2.730943
0.3441868 0.8797403 2.757101
0.3429015 0.5600414 2.768376
0.3196095 0.2446611 2.850197
0.3104571 0.2109713 2.717734
0.2845314 1.418128 2.778551
0.08105001 0.7738979 2.719376
0.03558999 0.8338026 2.71986
0.4366393 0.7867529 2.686949
0.4107395 0.8653003 2.682189
18
0.2693334 0.8799891 2.798414
0.2790242 1.19051 2.790952
0.2856416 1.492382 2.771342
0.2989222 1.631277 2.732779
0.1108109 1.385886 2.796404
0.06186064 1.116903 2.811223
0.06332 0.9000974 2.754556
0.07174531 0.8392211 2.736288
0.4638987 1.369415 2.787945
0.4859183 1.123327 2.792897
0.4683685 0.9100932 2.721366
0.4465674 0.8494855 2.700182
0.1873094 0.8833321 2.765107
0.1695502 0.5603661 2.771656
0.1607012 0.2459604 2.861668
0.154977 0.208706 2.730978
0.3441832 0.8797367 2.757098
0.3428978 0.5600368 2.768366
0.3196039 0.2446654 2.850188
0.3104286 0.2109753 2.717722
0.2843741 1.418103 2.778557
0.08081962 0.7742985 2.719079
0.03550762 0.834173 2.719618
0.4362316 0.7862182 2.686655
0.4107254 0.86531 2.682136
19
0.2693295 0.8799838 2.798417
0.2789529 1.190495 2.790967
0.2854989 1.492369 2.771319
0.2988425 1.63127 2.732811
0.1107391 1.385889 2.79642
0.06178359 1.1169 2.811246
0.06331847 0.9000947 2.754584
0.07173768 0.8392762 2.736257
0.4637948 1.369442 2.787903
0.4858932 1.123329 2.792876
0.4681435 0.9099702 2.721235
0.4464583 0.8494447 2.700117
0.1873003 0.8833225 2.765127
0.1695477 0.5603761 2.771677
0.1606129 0.2460634 2.861705
0.1548541 0.2087958 2.731023
0.3441798 0.8797333 2.757096
0.3428943 0.5600315 2.768357
0.3195953 0.2446629 2.850167
0.310401 0.2109772 2.717694
0.284241 1.418088 2.778549
0.08070449 0.7746548 2.718889
0.03541907 0.8345714 2.719501
0.4361147 0.7861155 2.686581
0.410779 0.865388 2.682238
20
0.2693295 0.8799838 2.798417
0.2789529 1.190495 2.790967
0.2854989 1.492369 2.771319
0.2988425 1.63127 2.732811
0.1107391 1.385889 2.79642
0.06178359 1.1169 2.811246
0.06331847 0.9000947 2.754584
0.07173768 0.8392762 2.736257
0.4637948 1.369442 2.787903
0.4858932 1.123329 2.792876
0.4681435 0.9099702 2.721235
0.4464583 0.8494447 2.700117
0.1873003 0.8833225 2.765127
0.1695477 0.5603761 2.771677
0.1606129 0.2460634 2.861705
0.1548541 0.2087958 2.731023
0.3441798 0.8797333 2.757096
0.3428943 0.5600315 2.768357
0.3195953 0.2446629 2.850167
0.310401 0.2109772 2.717694
0.284241 1.418088 2.778549
0.08070449 0.7746548 2.718889
0.03541907 0.8345714 2.719501
0.4361147 0.7861155 2.686581
0.410779 0.865388 2.682238
21
0.2693295 0.8799838 2.798417
0.2789529 1.190495 2.790967
0.2854989 1.492369 2.771319
0.2988425 1.63127 2.732811
0.1107391 1.385889 2.79642
0.06178359 1.1169 2.811246
0.06331847 0.9000947 2.754584
0.07173768 0.8392762 2.736257
0.4637948 1.369442 2.787903
0.4858932 1.123329 2.792876
0.4681435 0.9099702 2.721235
0.4464583 0.8494447 2.700117
0.1873003 0.8833225 2.765127
0.1695477 0.5603761 2.771677
0.1606129 0.2460634 2.861705
0.1548541 0.2087958 2.731023
0.3441798 0.8797333 2.757096
0.3428943 0.5600315 2.768357
0.3195953 0.2446629 2.850167
0.310401 0.2109772 2.717694
0.284241 1.418088 2.778549
0.08070449 0.7746548 2.718889
0.03541907 0.8345714 2.719501
0.4361147 0.7861155 2.686581
0.410779 0.865388 2.682238
22
0.2693258 0.8799785 2.79842
0.2788959 1.190483 2.790979
0.2854069 1.492364 2.771293
0.2987832 1.631269 2.732831
0.1106819 1.385894 2.796423
0.06172973 1.1169 2.811258
0.06331717 0.9000926 2.754607
0.07174644 0.8393539 2.736249
0.463711 1.369473 2.787868
0.4858742 1.123323 2.792855
0.4679842 0.9098672 2.721143
0.4464117 0.8493139 2.700121
0.1872919 0.8833129 2.765146
0.1695462 0.5603849 2.771697
0.1605805 0.2460426 2.861745
0.1548114 0.2087701 2.731058
0.3441764 0.8797299 2.757094
0.3428913 0.5600239 2.768347
0.3195888 0.2446559 2.85014
0.3103804 0.2109768 2.71766
0.2841514 1.41808 2.778537
0.08056618 0.7750314 2.718978
0.0353787 0.8347617 2.719409
0.4354967 0.7854807 2.686277
0.4107006 0.8568207 2.67974
23
0.2693258 0.8799785 2.79842
0.2788959 1.190483 2.790979
0.2854069 1.492364 2.771293
0.2987832 1.631269 2.732831
0.1106819 1.385894 2.796423
0.06172973 1.1169 2.811258
0.06331717 0.9000926 2.754607
0.07174644 0.8393539 2.736249
0.463711 1.369473 2.787868
0.4858742 1.123323 2.792855
0.4679842 0.9098672 2.721143
0.4464117 0.8493139 2.700121
0.1872919 0.8833129 2.765146
0.1695462 0.5603849 2.771697
0.1605805 0.2460426 2.861745
0.1548114 0.2087701 2.731058
0.3441764 0.8797299 2.757094
0.3428913 0.5600239 2.768347
0.3195888 0.2446559 2.85014
0.3103804 0.2109768 2.71766
0.2841514 1.41808 2.778537
0.08056618 0.7750314 2.718978
0.0353787 0.8347617 2.719409
0.4354967 0.7854807 2.686277
0.4107006 0.8568207 2.67974
24
0.2693239 0.8799747 2.798423
0.2788522 1.190475 2.790988
0.2853376 1.492363 2.771265
0.2987367 1.63127 2.732843
0.1106367 1.385903 2.796409
0.06169399 1.116897 2.811262
0.06331766 0.9000864 2.754627
0.07182021 0.8394578 2.736288
0.463644 1.369513 2.787838
0.48586 1.12332 2.792836
0.467892 0.9097897 2.721085
0.4464869 0.8491498 2.700139
0.1872865 0.8833057 2.765166
0.1695626 0.5604191 2.771719
0.1605426 0.2460178 2.861748
0.1547702 0.208759 2.731055
0.3441749 0.879728 2.757093
0.342894 0.5600063 2.768337
0.3195855 0.2446498 2.850116
0.3103688 0.2109749 2.717631
0.2840837 1.418076 2.778523
0.08060464 0.7752931 2.719053
0.03591105 0.8364737 2.71973
0.4355588 0.7850843 2.68653
0.4304503 0.8416655 2.658983
25
0.2693239 0.8799747 2.798423
0.2788522 1.190475 2.790988
0.2853376 1.492363 2.771265
0.2987367 1.63127 2.732843
0.1106367 1.385903 2.796409
0.06169399 1.116897 2.811262
0.06331766 0.9000864 2.754627
0.07182021 0.8394578 2.736288
0.463644 1.369513 2.787838
0.48586 1.12332 2.792836
0.467892 0.9097897 2.721085
0.4464869 0.8491498 2.700139
0.1872865 0.8833057 2.765166
0.1695626 0.5604191 2.771719
0.1605426 0.2460178 2.861748
0.1547702 0.208759 2.731055
0.3441749 0.879728 2.757093
0.342894 0.5600063 2.768337
0.3195855 0.2446498 2.850116
0.3103688 0.2109749 2.717631
0.2840837 1.418076 2.778523
0.08060464 0.7752931 2.719053
0.03591105 0.8364737 2.71973
0.4355588 0.7850843 2.68653
0.4304503 0.8416655 2.658983
26
0.2693259 0.8799725 2.798426
0.2788242 1.190473 2.790991
0.2852884 1.492386 2.771199
0.2986989 1.631282 2.732841
0.110607 1.385924 2.796347
0.06168166 1.116891 2.811242
0.06332016 0.9000806 2.754641
0.07204961 0.8401247 2.735982
0.4635929 1.369565 2.7878
0.4858468 1.12331 2.792806
0.4678415 0.9097534 2.721056
0.4465836 0.8489421 2.700258
0.1872874 0.8833018 2.765181
0.1696184 0.5605397 2.771688
0.1603524 0.2456907 2.861435
0.1545687 0.2085727 2.73062
0.3441772 0.8797271 2.757093
0.3429029 0.5599874 2.768321
0.3196228 0.2446576 2.850052
0.3104186 0.2109932 2.717549
0.2840334 1.418088 2.778487
0.0811146 0.7757276 2.718536
0.0368259 0.8404073 2.718369
0.4350442 0.7846842 2.686484
0.4285815 0.8431098 2.66185
27
0.2693259 0.8799725 2.798426
0.2788242 1.190473 2.790991
0.2852884 1.492386 2.771199
0.2986989 1.631282 2.732841
0.110607 1.385924 2.796347
0.06168166 1.116891 2.811242
0.06332016 0.9000806 2.754641
0.07204961 0.8401247 2.735982
0.4635929 1.369565 2.7878
0.4858468 1.12331 2.792806
0.4678415 0.9097534 2.721056
0.4465836 0.8489421 2.700258
0.1872874 0.8833018 2.765181
0.1696184 0.5605397 2.771688
0.1603524 0.2456907 2.861435
0.1545687 0.2085727 2.73062
0.3441772 0.8797271 2.757093
0.3429029 0.5599874 2.768321
0.3196228 0.2446576 2.850052
0.3104186 0.2109932 2.717549
0.2840334 1.418088 2.778487
0.0811146 0.7757276 2.718536
0.0368259 0.8404073 2.718369
0.4350442 0.7846842 2.686484
0.4285815 0.8431098 2.66185
28
0.2693352 0.8799745 2.798434
0.278801 1.190474 2.790992
0.2852421 1.49242 2.771115
0.2986654 1.631317 2.732816
0.1105822 1.385965 2.796274
0.06171369 1.116877 2.811215
0.06332546 0.9000726 2.754652
0.07240326 0.8415771 2.736127
0.4635471 1.369638 2.787741
0.4858492 1.123324 2.792773
0.4678215 0.9097167 2.721036
0.446876 0.8487557 2.700525
0.1872978 0.8833045 2.765202
0.1696929 0.5606878 2.771587
0.1602182 0.2452434 2.860909
0.1544247 0.2083249 2.729915
0.3441854 0.8797298 2.757096
0.342917 0.5599659 2.768302
0.3197366 0.2446506 2.84995
0.310564 0.2110069 2.717418
0.2839881 1.418108 2.778439
0.08088093 0.7771197 2.718168
0.03732783 0.8417007 2.718175
0.4351667 0.7846512 2.686655
0.4258043 0.841118 2.66661
29
0.2693352 0.8799745 2.798434
0.278801 1.190474 2.790992
0.2852421 1.49242 2.771115
0.2986654 1.631317 2.732816
0.1105822 1.385965 2.796274
0.06171369 1.116877 2.811215
0.06332546 0.9000726 2.754652
0.07240326 0.8415771 2.736127
0.4635471 1.369638 2.787741
0.4858492 1.123324 2.792773
0.4678215 0.9097167 2.721036
0.446876 0.8487557 2.700525
0.1872978 0.8833045 2.765202
0.1696929 0.5606878 2.771587
0.1602182 0.2452434 2.860909
0.1544247 0.2083249 2.729915
0.3441854 0.8797298 2.757096
0.342917 0.5599659 2.768302
0.3197366 0.2446506 2.84995
0.310564 0.2110069 2.717418
0.2839881 1.418108 2.778439
0.08088093 0.7771197 2.718168
0.03732783 0.8417007 2.718175
0.4351667 0.7846512 2.686655
0.4258043 0.841118 2.66661
30
0.269352 0.8799855 2.798446
0.2787829 1.190489 2.790986
0.2852201 1.492513 2.770969
0.2986386 1.631382 2.732768
0.1105529 1.386037 2.7962
0.06179763 1.116847 2.811193
0.06333305 0.9000618 2.754657
0.07261427 0.8435516 2.736113
0.4634945 1.36976 2.787626
0.485856 1.123357 2.792721
0.4678282 0.9096783 2.721028
0.4472227 0.8484843 2.700747
0.1873172 0.8833182 2.76523
0.1698098 0.5604064 2.771286
0.15999 0.2452838 2.859024
0.1540693 0.2088253 2.727416
0.3442007 0.8797411 2.7571
0.3429512 0.5599415 2.768245
0.3200961 0.2447847 2.849567
0.3109774 0.2112271 2.716956
0.2839597 1.418173 2.77835
0.08105637 0.7783217 2.718164
0.03812852 0.8442092 2.717865
0.4355038 0.7845353 2.687348
0.4229138 0.8432684 2.670605
31
0.269352 0.8799855 2.798446
0.2787829 1.190489 2.790986
0.2852201 1.492513 2.770969
0.2986386 1.631382 2.732768
0.1105529 1.386037 2.7962
0.06179763 1.116847 2.811193
0.06333305 0.9000618 2.754657
0.07261427 0.8435516 2.736113
0.4634945 1.36976 2.787626
0.485856 1.123357 2.792721
0.4678282 0.9096783 2.721028
0.4472227 0.8484843 2.700747
0.1873172 0.8833182 2.76523
0.1698098 0.5604064 2.771286
0.15999 0.2452838 2.859024
0.1540693 0.2088253 2.727416
0.3442007 0.8797411 2.7571
0.3429512 0.5599415 2.768245
0.3200961 0.2447847 2.849567
0.3109774 0.2112271 2.716956
0.2839597 1.418173 2.77835
0.08105637 0.7783217 2.718164
0.03812852 0.8442092 2.717865
0.4355038 0.7845353 2.687348
0.4229138 0.8432684 2.670605
32
0.2693714 0.8800023 2.79846
0.2787687 1.19052 2.790974
0.2852212 1.492655 2.77079
0.2985943 1.631535 2.732682
0.1105194 1.386118 2.796128
0.06202551 1.117092 2.811413
0.06338247 0.9002823 2.754698
0.07280072 0.8461487 2.736072
0.4633042 1.36997 2.787219
0.4858566 1.123396 2.792655
0.467849 0.9096421 2.721027
0.4475133 0.8483818 2.701031
0.1873388 0.8833385 2.76526
0.170028 0.5584632 2.770324
0.1598008 0.2454651 2.857061
0.1536559 0.209132 2.725225
0.3442185 0.8797585 2.757107
0.3430333 0.5598831 2.768041
0.320636 0.2449575 2.848996
0.3114366 0.2115179 2.716368
0.2839474 1.418278 2.778234
0.08105231 0.7812423 2.718411
0.03878861 0.8442993 2.717759
0.4364677 0.7852058 2.688068
0.4255049 0.8398176 2.667917
33
0.2693714 0.8800023 2.79846
0.2787687 1.19052 2.790974
0.2852212 1.492655 2.77079
0.2985943 1.631535 2.732682
0.1105194 1.386118 2.796128
0.06202551 1.117092 2.811413
0.06338247 0.9002823 2.754698
0.07280072 0.8461487 2.736072
0.4633042 1.36997 2.787219
0.4858566 1.123396 2.792655
0.467849 0.9096421 2.721027
0.4475133 0.8483818 2.701031
0.1873388 0.8833385 2.76526
0.170028 0.5584632 2.770324
0.1598008 0.2454651 2.857061
0.1536559 0.209132 2.725225
0.3442185 0.8797585 2.757107
0.3430333 0.5598831 2.768041
0.320636 0.2449575 2.848996
0.3114366 0.2115179 2.716368
0.2839474 1.418278 2.778234
0.08105231 0.7812423 2.718411
0.03878861 0.8442993 2.717759
0.4364677 0.7852058 2.688068
0.4255049 0.8398176 2.667917
34
0.2693852 0.8800448 2.798479
0.2787449 1.190583 2.790955
0.2852152 1.492823 2.770609
0.298501 1.631769 2.732573
0.110413 1.386274 2.79609
0.06223522 1.117526 2.811896
0.06342533 0.9007046 2.754786
0.07279819 0.8481844 2.736161
0.4629522 1.370365 2.786559
0.4858478 1.123439 2.792575
0.4678794 0.9096172 2.721033
0.4477479 0.848528 2.701339
0.1873548 0.8833886 2.765297
0.1701875 0.5571762 2.768895
0.1596692 0.2456103 2.855034
0.1532256 0.2093802 2.723201
0.3442306 0.8797998 2.757113
0.3431751 0.5597423 2.767469
0.3221974 0.2463825 2.845889
0.3128294 0.2137073 2.712814
0.2839282 1.418412 2.778111
0.08078855 0.7838206 2.71917
0.03901944 0.8450584 2.717664
0.4366273 0.7853299 2.688376
0.4220591 0.8452603 2.674538
35
0.2693852 0.8800448 2.798479
0.2787449 1.190583 2.790955
0.2852152 1.492823 2.770609
0.298501 1.631769 2.732573
0.110413 1.386274 2.79609
0.06223522 1.117526 2.811896
0.06342533 0.9007046 2.754786
0.07279819 0.8481844 2.736161
0.4629522 1.370365 2.786559
0.4858478 1.123439 2.792575
0.4678794 0.9096172 2.721033
0.4477479 0.848528 2.701339
0.1873548 0.8833886 2.765297
0.1701875 0.5571762 2.768895
0.1596692 0.2456103 2.855034
0.1532256 0.2093802 2.723201
0.3442306 0.8797998 2.757113
0.3431751 0.5597423 2.767469
0.3221974 0.2463825 2.845889
0.3128294 0.2137073 2.712814
0.2839282 1.418412 2.778111
0.08078855 0.7838206 2.71917
0.03901944 0.8450584 2.717664
0.4366273 0.7853299 2.688376
0.4220591 0.8452603 2.674538
36
0.2693733 0.8801301 2.798497
0.2786547 1.19072 2.790911
0.2851035 1.493067 2.770382
0.2982267 1.632107 2.732432
0.1098727 1.386604 2.796273
0.06238978 1.118164 2.812698
0.06346959 0.9013392 2.75493
0.07253859 0.8494281 2.736439
0.462212 1.371146 2.785467
0.4858059 1.123519 2.792473
0.4680189 0.9096932 2.72115
0.4485072 0.8489659 2.701983
0.187346 0.8834745 2.765333
0.1700208 0.55528 2.767339
0.1597457 0.2456967 2.853235
0.1529233 0.2093755 2.721512
0.344215 0.8798917 2.757117
0.3433954 0.5588202 2.76314
0.32495 0.2486741 2.837808
0.3148618 0.2172094 2.704623
0.2838148 1.418626 2.777941
0.07995754 0.7859588 2.71931
0.03787645 0.8472914 2.721056
0.4369904 0.7857745 2.688828
0.4200372 0.8437373 2.675622
37
0.2690303 0.8804665 2.798645
0.2781422 1.191132 2.790862
0.2845418 1.493589 2.770019
0.2972258 1.632855 2.732173
0.1086416 1.387257 2.796707
0.06167421 1.120531 2.815009
0.06321704 0.9031636 2.755837
0.07214507 0.850592 2.737009
0.4604526 1.372469 2.783825
0.4856873 1.123697 2.792424
0.4686866 0.9099411 2.722056
0.4502025 0.8501541 2.704303
0.1870255 0.8838017 2.765477
0.169298 0.5530698 2.766035
0.1600093 0.2457551 2.851681
0.1528006 0.2092918 2.720062
0.3438591 0.880237 2.757271
0.3428881 0.5557864 2.750216
0.3278956 0.2560384 2.815777
0.3165254 0.2273733 2.682116
0.2832574 1.41912 2.777663
0.07989339 0.7874461 2.719788
0.03761651 0.8449802 2.722143
0.4389899 0.7878953 2.691567
0.4193124 0.8488336 2.681899
38
0.2690303 0.8804665 2.798645
0.2781422 1.191132 2.790862
0.2845418 1.493589 2.770019
0.2972258 1.632855 2.732173
0.1086416 1.387257 2.796707
0.06167421 1.120531 2.815009
0.06321704 0.9031636 2.755837
0.07214507 0.850592 2.737009
0.4604526 1.372469 2.783825
0.4856873 1.123697 2.792424
0.4686866 0.9099411 2.722056
0.4502025 0.8501541 2.704303
0.1870255 0.8838017 2.765477
0.169298 0.5530698 2.766035
0.1600093 0.2457551 2.851681
0.1528006 0.2092918 2.720062
0.3438591 0.880237 2.757271
0.3428881 0.5557864 2.750216
0.3278956 0.2560384 2.815777
0.3165254 0.2273733 2.682116
0.2832574 1.41912 2.777663
0.07989339 0.7874461 2.719788
0.03761651 0.8449802 2.722143
0.4389899 0.7878953 2.691567
0.4193124 0.8488336 2.681899
39
0.2690303 0.8804665 2.798645
0.2781422 1.191132 2.790862
0.2845418 1.493589 2.770019
0.2972258 1.632855 2.732173
0.1086416 1.387257 2.796707
0.06167421 1.120531 2.815009
0.06321704 0.9031636 2.755837
0.07214507 0.850592 2.737009
0.4604526 1.372469 2.783825
0.4856873 1.123697 2.792424
0.4686866 0.9099411 2.722056
0.4502025 0.8501541 2.704303
0.1870255 0.8838017 2.765477
0.169298 0.5530698 2.766035
0.1600093 0.2457551 2.851681
0.1528006 0.2092918 2.720062
0.3438591 0.880237 2.757271
0.3428881 0.5557864 2.750216
0.3278956 0.2560384 2.815777
0.3165254 0.2273733 2.682116
0.2832574 1.41912 2.777663
0.07989339 0.7874461 2.719788
0.03761651 0.8449802 2.722143
0.4389899 0.7878953 2.691567
0.4193124 0.8488336 2.681899
40
0.2677632 0.8813971 2.799398
0.2766916 1.191938 2.790937
0.2827597 1.494419 2.769359
0.2947588 1.633942 2.731848
0.1058079 1.388055 2.797503
0.06002986 1.122523 2.817754
0.06236448 0.905138 2.757299
0.07060754 0.8513924 2.739237
0.4577426 1.374318 2.7823
0.4845016 1.124222 2.793941
0.4694327 0.9104967 2.723477
0.4532069 0.854083 2.709838
0.1858203 0.8846252 2.766129
0.1677714 0.5510847 2.765359
0.1601526 0.2456962 2.850541
0.1526154 0.2091639 2.718894
0.3425765 0.8812661 2.758121
0.3415954 0.5554178 2.714002
0.3396684 0.2652997 2.774127
0.3284964 0.2375342 2.639795
0.2815851 1.419941 2.777205
0.07889023 0.7878846 2.721614
0.03598132 0.8457153 2.72418
0.4453232 0.7944188 2.697438
0.4206012 0.859837 2.692313
41
0.2677632 0.8813971 2.799398
0.2766916 1.191938 2.790937
0.2827597 1.494419 2.769359
0.2947588 1.633942 2.731848
0.1058079 1.388055 2.797503
0.06002986 1.122523 2.817754
0.06236448 0.905138 2.757299
0.07060754 0.8513924 2.739237
0.4577426 1.374318 2.7823
0.4845016 1.124222 2.793941
0.4694327 0.9104967 2.723477
0.4532069 0.854083 2.709838
0.1858203 0.8846252 2.766129
0.1677714 0.5510847 2.765359
0.1601526 0.2456962 2.850541
0.1526154 0.2091639 2.718894
0.3425765 0.8812661 2.758121
0.3415954 0.5554178 2.714002
0.3396684 0.2652997 2.774127
0.3284964 0.2375342 2.639795
0.2815851 1.419941 2.777205
0.07889023 0.7878846 2.721614
0.03598132 0.8457153 2.72418
0.4453232 0.7944188 2.697438
0.4206012 0.859837 2.692313
42
0.2648621 0.8827162 2.801557
0.2735145 1.192972 2.791467
0.2786145 1.495349 2.768358
0.2907528 1.635014 2.731521
0.1017668 1.388692 2.798337
0.057106 1.124272 2.820807
0.06036149 0.9069352 2.759886
0.06725642 0.850778 2.743922
0.4538088 1.376225 2.781317
0.4813129 1.125833 2.798721
0.4712296 0.912056 2.729245
0.4564092 0.8567518 2.717186
0.1829171 0.8856694 2.767945
0.1648761 0.5504118 2.765469
0.1602402 0.2452518 2.849645
0.1524161 0.2090317 2.717908
0.3397403 0.8828722 2.760665
0.3407289 0.5676422 2.660992
0.3476081 0.286315 2.721155
0.3372346 0.2573514 2.586905
0.2777702 1.420901 2.776629
0.07533117 0.7874995 2.726255
0.03116789 0.8433479 2.729138
0.4480042 0.7962664 2.702467
0.4217327 0.8652433 2.699582
43
0.2648621 0.8827162 2.801557
0.2735145 1.192972 2.791467
0.2786145 1.495349 2.768358
0.2907528 1.635014 2.731521
0.1017668 1.388692 2.798337
0.057106 1.124272 2.820807
0.06036149 0.9069352 2.759886
0.06725642 0.850778 2.743922
0.4538088 1.376225 2.781317
0.4813129 1.125833 2.798721
0.4712296 0.912056 2.729245
0.4564092 0.8567518 2.717186
0.1829171 0.8856694 2.767945
0.1648761 0.5504118 2.765469
0.1602402 0.2452518 2.849645
0.1524161 0.2090317 2.717908
0.3397403 0.8828722 2.760665
0.3407289 0.5676422 2.660992
0.3476081 0.286315 2.721155
0.3372346 0.2573514 2.586905
0.2777702 1.420901 2.776629
0.07533117 0.7874995 2.726255
0.03116789 0.8433479 2.729138
0.4480042 0.7962664 2.702467
0.4217327 0.8652433 2.699582
44
0.2590278 0.884065 2.806507
0.2687438 1.193779 2.792713
0.2738213 1.495836 2.76739
0.2854033 1.635902 2.731084
0.0968146 1.3892 2.798821
0.05162049 1.125914 2.824237
0.05620817 0.9086441 2.764743
0.06261235 0.8497356 2.750863
0.4484351 1.378019 2.78105
0.4767605 1.127549 2.806619
0.4724852 0.9137025 2.736733
0.4585458 0.8578298 2.726151
0.1774843 0.8865684 2.771802
0.1588322 0.5510541 2.76721
0.16045 0.243986 2.849033
0.1523384 0.2088304 2.717261
0.3336818 0.8847201 2.766834
0.3394101 0.5898029 2.610903
0.3513806 0.3143015 2.678724
0.3425013 0.2811916 2.545792
0.2731008 1.421472 2.776175
0.06990424 0.7864624 2.733016
0.02468712 0.8357388 2.739806
0.4539786 0.7989217 2.712211
0.4229286 0.867008 2.705829
45
0.2590278 0.884065 2.806507
0.2687438 1.193779 2.792713
0.2738213 1.495836 2.76739
0.2854033 1.635902 2.731084
0.0968146 1.3892 2.798821
0.05162049 1.125914 2.824237
0.05620817 0.9086441 2.764743
0.06261235 0.8497356 2.750863
0.4484351 1.378019 2.78105
0.4767605 1.127549 2.806619
0.4724852 0.9137025 2.736733
0.4585458 0.8578298 2.726151
0.1774843 0.8865684 2.771802
0.1588322 0.5510541 2.76721
0.16045 0.243986 2.849033
0.1523384 0.2088304 2.717261
0.3336818 0.8847201 2.766834
0.3394101 0.5898029 2.610903
0.3513806 0.3143015 2.678724
0.3425013 0.2811916 2.545792
0.2731008 1.421472 2.776175
0.06990424 0.7864624 2.733016
0.02468712 0.8357388 2.739806
0.4539786 0.7989217 2.712211
0.4229286 0.867008 2.705829
46
0.2532731 0.8850516 2.811869
0.2637951 1.194358 2.794231
0.2689936 1.496086 2.766446
0.2788236 1.636755 2.730412
0.09067578 1.389438 2.798599
0.0462139 1.126905 2.826961
0.05079291 0.9094473 2.770627
0.05596322 0.8483618 2.759956
0.4429488 1.379555 2.781542
0.4727108 1.128402 2.813739
0.4747756 0.9137893 2.751274
0.4608368 0.8590817 2.744995
0.1720509 0.8870806 2.775843
0.1526693 0.551783 2.77042
0.1606642 0.2422627 2.848587
0.1523664 0.2087426 2.716706
0.3277424 0.8862664 2.773791
0.3356363 0.6174809 2.572181
0.3510673 0.341709 2.650787
0.3442619 0.3041303 2.520286
0.2683526 1.421813 2.775798
0.06232483 0.7850135 2.742108
0.01765588 0.8320986 2.749044
0.456342 0.7976477 2.730615
0.4250723 0.8605516 2.711758
47
0.2532731 0.8850516 2.811869
0.2637951 1.194358 2.794231
0.2689936 1.496086 2.766446
0.2788236 1.636755 2.730412
0.09067578 1.389438 2.798599
0.0462139 1.126905 2.826961
0.05079291 0.9094473 2.770627
0.05596322 0.8483618 2.759956
0.4429488 1.379555 2.781542
0.4727108 1.128402 2.813739
0.4747756 0.9137893 2.751274
0.4608368 0.8590817 2.744995
0.1720509 0.8870806 2.775843
0.1526693 0.551783 2.77042
0.1606642 0.2422627 2.848587
0.1523664 0.2087426 2.716706
0.3277424 0.8862664 2.773791
0.3356363 0.6174809 2.572181
0.3510673 0.341709 2.650787
0.3442619 0.3041303 2.520286
0.2683526 1.421813 2.775798
0.06232483 0.7850135 2.742108
0.01765588 0.8320986 2.749044
0.456342 0.7976477 2.730615
0.4250723 0.8605516 2.711758
48
0.2483446 0.885894 2.816944
0.2591612 1.19484 2.795802
0.2642078 1.49624 2.765463
0.2726021 1.637569 2.729734
0.0846736 1.389209 2.797684
0.04155493 1.12677 2.829098
0.04607293 0.908943 2.775737
0.05055709 0.8471698 2.766505
0.4378109 1.380777 2.782429
0.4693914 1.128821 2.819219
0.4743693 0.9128196 2.765692
0.4612705 0.8581678 2.75977
0.1671621 0.8874307 2.779654
0.1477607 0.5532839 2.774267
0.1606665 0.2401212 2.848519
0.1526182 0.208442 2.716307
0.3229143 0.887684 2.780394
0.3326184 0.6404212 2.551445
0.3488437 0.3374192 2.641901
0.3301312 0.3131454 2.563946
0.2637054 1.422058 2.775436
0.05785398 0.7822611 2.748177
0.01221777 0.8253887 2.759526
0.4598185 0.7983124 2.748448
0.4266466 0.8629059 2.722892
49
0.2483446 0.885894 2.816944
0.2591612 1.19484 2.795802
0.2642078 1.49624 2.765463
0.2726021 1.637569 2.729734
0.0846736 1.389209 2.797684
0.04155493 1.12677 2.829098
0.04607293 0.908943 2.775737
0.05055709 0.8471698 2.766505
0.4378109 1.380777 2.782429
0.4693914 1.128821 2.819219
0.4743693 0.9128196 2.765692
0.4612705 0.8581678 2.75977
0.1671621 0.8874307 2.779654
0.1477607 0.5532839 2.774267
0.1606665 0.2401212 2.848519
0.1526182 0.208442 2.716307
0.3229143 0.887684 2.780394
0.3326184 0.6404212 2.551445
0.3488437 0.3374192 2.641901
0.3301312 0.3131454 2.563946
0.2637054 1.422058 2.775436
0.05785398 0.7822611 2.748177
0.01221777 0.8253887 2.759526
0.4598185 0.7983124 2.748448
0.4266466 0.8629059 2.722892
50
0.2434929 0.8871065 2.822309
0.2546361 1.19547 2.79746
0.2597079 1.496469 2.764429
0.2672836 1.638383 2.729036
0.07973346 1.389184 2.796716
0.03761077 1.126648 2.830602
0.04224389 0.9084351 2.78021
0.04714386 0.8462742 2.771734
0.4332211 1.381705 2.783461
0.4662047 1.128692 2.824214
0.4737029 0.9113489 2.777427
0.4604141 0.8606051 2.776491
0.161979 0.8881245 2.783921
0.1439628 0.5558318 2.778489
0.1604525 0.2379266 2.848642
0.1527861 0.2082636 2.716023
0.3185813 0.8893991 2.786861
0.3304521 0.6551576 2.540205
0.3408231 0.3720447 2.624668
0.329891 0.3421105 2.525673
0.2592919 1.42238 2.77505
0.05559178 0.7801916 2.754173
0.009906781 0.8221653 2.763948
0.4558775 0.7980558 2.764479
0.4266062 0.869729 2.742542
51
0.2434929 0.8871065 2.822309
0.2546361 1.19547 2.79746
0.2597079 1.496469 2.764429
0.2672836 1.638383 2.729036
0.07973346 1.389184 2.796716
0.03761077 1.126648 2.830602
0.04224389 0.9084351 2.78021
0.04714386 0.8462742 2.771734
0.4332211 1.381705 2.783461
0.4662047 1.128692 2.824214
0.4737029 0.9113489 2.777427
0.4604141 0.8606051 2.776491
0.161979 0.8881245 2.783921
0.1439628 0.5558318 2.778489
0.1604525 0.2379266 2.848642
0.1527861 0.2082636 2.716023
0.3185813 0.8893991 2.786861
0.3304521 0.6551576 2.540205
0.3408231 0.3720447 2.624668
0.329891 0.3421105 2.525673
0.2592919 1.42238 2.77505
0.05559178 0.7801916 2.754173
0.009906781 0.8221653 2.763948
0.4558775 0.7980558 2.764479
0.4266062 0.869729 2.742542
52
0.2402903 0.8881792 2.826301
0.2508923 1.196082 2.798941
0.2549382 1.49668 2.763456
0.2628183 1.639133 2.728521
0.07561018 1.389297 2.795696
0.03458277 1.126462 2.83161
0.03965122 0.9079902 2.78335
0.04445536 0.8455532 2.775718
0.4292842 1.38252 2.78457
0.462554 1.12799 2.829175
0.4729833 0.9100288 2.785324
0.4585602 0.8635134 2.789889
0.1584354 0.8887492 2.787065
0.1415904 0.558543 2.782141
0.1599834 0.2360416 2.849592
0.1531553 0.2077439 2.716155
0.3158742 0.8909207 2.791714
0.3287858 0.6645779 2.534162
0.3377566 0.3762769 2.61991
0.3233843 0.3505209 2.534818
0.2548673 1.422706 2.774748
0.05434624 0.7787204 2.758903
0.008015638 0.8228455 2.766251
0.4555765 0.7962775 2.777656
0.4288179 0.8697785 2.753568
53
0.2402903 0.8881792 2.826301
0.2508923 1.196082 2.798941
0.2549382 1.49668 2.763456
0.2628183 1.639133 2.728521
0.07561018 1.389297 2.795696
0.03458277 1.126462 2.83161
0.03965122 0.9079902 2.78335
0.04445536 0.8455532 2.775718
0.4292842 1.38252 2.78457
0.462554 1.12799 2.829175
0.4729833 0.9100288 2.785324
0.4585602 0.8635134 2.789889
0.1584354 0.8887492 2.787065
0.1415904 0.558543 2.782141
0.1599834 0.2360416 2.849592
0.1531553 0.2077439 2.716155
0.3158742 0.8909207 2.791714
0.3287858 0.6645779 2.534162
0.3377566 0.3762769 2.61991
0.3233843 0.3505209 2.534818
0.2548673 1.422706 2.774748
0.05434624 0.7787204 2.758903
0.008015638 0.8228455 2.766251
0.4555765 0.7962775 2.777656
0.4288179 0.8697785 2.753568
54
0.2380105 0.8891312 2.829302
0.247553 1.196741 2.800293
0.2502442 1.496945 2.762625
0.2589976 1.639867 2.728188
0.07212788 1.389478 2.794857
0.03211907 1.126317 2.832284
0.03781696 0.9076701 2.785714
0.04279827 0.8448382 2.778132
0.4259421 1.383229 2.785641
0.4587795 1.127386 2.833551
0.4687179 0.9083181 2.794572
0.4563796 0.8644933 2.797978
0.1557841 0.8893625 2.789528
0.1403334 0.5617679 2.785271
0.159445 0.2348559 2.850628
0.1533739 0.2076764 2.716452
0.3140562 0.8921787 2.795207
0.3269512 0.6711065 2.532853
0.3353792 0.3681295 2.62229
0.3102989 0.3413788 2.534033
0.2505114 1.423094 2.774528
0.0533343 0.7777487 2.76169
0.006977047 0.8234524 2.76807
0.4534948 0.7961785 2.784425
0.4287948 0.8699753 2.759678
55
0.2380105 0.8891312 2.829302
0.247553 1.196741 2.800293
0.2502442 1.496945 2.762625
0.2589976 1.639867 2.728188
0.07212788 1.389478 2.794857
0.03211907 1.126317 2.832284
0.03781696 0.9076701 2.785714
0.04279827 0.8448382 2.778132
0.4259421 1.383229 2.785641
0.4587795 1.127386 2.833551
0.4687179 0.9083181 2.794572
0.4563796 0.8644933 2.797978
0.1557841 0.8893625 2.789528
0.1403334 0.5617679 2.785271
0.159445 0.2348559 2.850628
0.1533739 0.2076764 2.716452
0.3140562 0.8921787 2.795207
0.3269512 0.6711065 2.532853
0.3353792 0.3681295 2.62229
0.3102989 0.3413788 2.534033
0.2505114 1.423094 2.774528
0.0533343 0.7777487 2.76169
0.006977047 0.8234524 2.76807
0.4534948 0.7961785 2.784425
0.4287948 0.8699753 2.759678
56
0.2363116 0.8899269 2.83153
0.2445611 1.197358 2.801467
0.2459949 1.497145 2.761972
0.2558513 1.640483 2.728047
0.06934319 1.38972 2.794202
0.03017178 1.126223 2.83272
0.03650922 0.907464 2.787416
0.0416658 0.8443493 2.779727
0.4230155 1.383742 2.786573
0.4555686 1.127 2.836775
0.4651941 0.907296 2.800732
0.4537687 0.8644536 2.80333
0.1536803 0.8899215 2.791483
0.1396654 0.5641631 2.787501
0.1588019 0.2342805 2.851954
0.1535524 0.2076264 2.717094
0.3127724 0.8931611 2.797664
0.3250344 0.6750487 2.535744
0.3325443 0.3614908 2.630058
0.3022597 0.3322007 2.535092
0.246498 1.423424 2.774376
0.05258643 0.7770545 2.763462
0.006231951 0.8231525 2.769106
0.4504391 0.7958586 2.789501
0.4299287 0.8335204 2.765452
57
0.2363116 0.8899269 2.83153
0.2445611 1.197358 2.801467
0.2459949 1.497145 2.761972
0.2558513 1.640483 2.728047
0.06934319 1.38972 2.794202
0.03017178 1.126223 2.83272
0.03650922 0.907464 2.787416
0.0416658 0.8443493 2.779727
0.4230155 1.383742 2.786573
0.4555686 1.127 2.836775
0.4651941 0.907296 2.800732
0.4537687 0.8644536 2.80333
0.1536803 0.8899215 2.791483
0.1396654 0.5641631 2.787501
0.1588019 0.2342805 2.851954
0.1535524 0.2076264 2.717094
0.3127724 0.8931611 2.797664
0.3250344 0.6750487 2.535744
0.3325443 0.3614908 2.630058
0.3022597 0.3322007 2.535092
0.246498 1.423424 2.774376
0.05258643 0.7770545 2.763462
0.006231951 0.8231525 2.769106
0.4504391 0.7958586 2.789501
0.4299287 0.8335204 2.765452
58
0.235007 0.8905692 2.833254
0.2418947 1.197933 2.8026
0.2423967 1.497379 2.761705
0.2529149 1.641069 2.728216
0.06687426 1.389922 2.793922
0.02862034 1.126046 2.833016
0.03554858 0.9072259 2.788705
0.04087071 0.8433539 2.780677
0.4205441 1.384105 2.787451
0.452338 1.126069 2.839578
0.4623376 0.906114 2.804673
0.4513433 0.8640348 2.80621
0.1519206 0.8904143 2.793188
0.1392654 0.5658463 2.789219
0.1581879 0.2340169 2.85335
0.1536639 0.2075878 2.717936
0.3118486 0.8938948 2.799421
0.3232948 0.6755924 2.541392
0.3263059 0.341374 2.653488
0.2936742 0.303916 2.542682
0.2430143 1.42376 2.77448
0.05189342 0.7764968 2.764608
0.005721952 0.8231076 2.769346
0.4477249 0.7956935 2.793193
0.4275343 0.8350652 2.767496
59
0.235007 0.8905692 2.833254
0.2418947 1.197933 2.8026
0.2423967 1.497379 2.761705
0.2529149 1.641069 2.728216
0.06687426 1.389922 2.793922
0.02862034 1.126046 2.833016
0.03554858 0.9072259 2.788705
0.04087071 0.8433539 2.780677
0.4205441 1.384105 2.787451
0.452338 1.126069 2.839578
0.4623376 0.906114 2.804673
0.4513433 0.8640348 2.80621
0.1519206 0.8904143 2.793188
0.1392654 0.5658463 2.789219
0.1581879 0.2340169 2.85335
0.1536639 0.2075878 2.717936
0.3118486 0.8938948 2.799421
0.3232948 0.6755924 2.541392
0.3263059 0.341374 2.653488
0.2936742 0.303916 2.542682
0.2430143 1.42376 2.77448
0.05189342 0.7764968 2.764608
0.005721952 0.8231076 2.769346
0.4477249 0.7956935 2.793193
0.4275343 0.8350652 2.767496
60
0.2340535 0.8910719 2.834483
0.2397391 1.198431 2.803497
0.239506 1.497603 2.761614
0.2496988 1.641644 2.728928
0.06492487 1.390136 2.793848
0.02729521 1.125936 2.833245
0.03483725 0.907083 2.789662
0.0399839 0.8426719 2.780974
0.4184589 1.384348 2.788202
0.4488463 1.124639 2.841726
0.458419 0.9045148 2.806651
0.4476191 0.8624474 2.805488
0.1506142 0.8908148 2.79445
0.1390398 0.5671058 2.79043
0.1576133 0.2338918 2.854659
0.1536866 0.2074969 2.718863
0.3111751 0.8944572 2.800647
0.319498 0.6640347 2.557003
0.324267 0.3232355 2.674972
0.2892604 0.2801097 2.551801
0.2401937 1.424066 2.774645
0.05141 0.7760798 2.765326
0.005198529 0.8235834 2.768377
0.4432279 0.7937221 2.790464
0.4228586 0.837936 2.76438
61
0.2340535 0.8910719 2.834483
0.2397391 1.198431 2.803497
0.239506 1.497603 2.761614
0.2496988 1.641644 2.728928
0.06492487 1.390136 2.793848
0.02729521 1.125936 2.833245
0.03483725 0.907083 2.789662
0.0399839 0.8426719 2.780974
0.4184589 1.384348 2.788202
0.4488463 1.124639 2.841726
0.458419 0.9045148 2.806651
0.4476191 0.8624474 2.805488
0.1506142 0.8908148 2.79445
0.1390398 0.5671058 2.79043
0.1576133 0.2338918 2.854659
0.1536866 0.2074969 2.718863
0.3111751 0.8944572 2.800647
0.319498 0.6640347 2.557003
0.324267 0.3232355 2.674972
0.2892604 0.2801097 2.551801
0.2401937 1.424066 2.774645
0.05141 0.7760798 2.765326
0.005198529 0.8235834 2.768377
0.4432279 0.7937221 2.790464
0.4228586 0.837936 2.76438
62
0.2333219 0.891463 2.835344
0.2380483 1.198852 2.804221
0.2372961 1.497856 2.761813
0.2469699 1.642205 2.729784
0.06295664 1.390409 2.794358
0.02594124 1.125755 2.833434
0.03427905 0.9069366 2.790406
0.03892426 0.8420702 2.780838
0.416707 1.384498 2.788871
0.4460458 1.123326 2.843055
0.4550325 0.9030501 2.807279
0.4432561 0.8600458 2.800961
0.1495923 0.8911517 2.795382
0.1388818 0.5680785 2.791259
0.1571482 0.2338481 2.855754
0.1536058 0.2074094 2.719745
0.3106524 0.8948901 2.801479
0.3138004 0.6375357 2.587578
0.3247151 0.3213995 2.68045
0.3015436 0.2821443 2.54955
0.238024 1.424366 2.774961
0.05113477 0.775771 2.765696
0.003310633 0.8265874 2.765817
0.4390052 0.7921967 2.786546
0.4188098 0.8369269 2.758904
63
0.2333219 0.891463 2.835344
0.2380483 1.198852 2.804221
0.2372961 1.497856 2.761813
0.2469699 1.642205 2.729784
0.06295664 1.390409 2.794358
0.02594124 1.125755 2.833434
0.03427905 0.9069366 2.790406
0.03892426 0.8420702 2.780838
0.416707 1.384498 2.788871
0.4460458 1.123326 2.843055
0.4550325 0.9030501 2.807279
0.4432561 0.8600458 2.800961
0.1495923 0.8911517 2.795382
0.1388818 0.5680785 2.791259
0.1571482 0.2338481 2.855754
0.1536058 0.2074094 2.719745
0.3106524 0.8948901 2.801479
0.3138004 0.6375357 2.587578
0.3247151 0.3213995 2.68045
0.3015436 0.2821443 2.54955
0.238024 1.424366 2.774961
0.05113477 0.775771 2.765696
0.003310633 0.8265874 2.765817
0.4390052 0.7921967 2.786546
0.4188098 0.8369269 2.758904
64
0.23272 0.8917826 2.835928
0.2366529 1.199216 2.804806
0.2354632 1.498142 2.762234
0.2445206 1.642704 2.730897
0.06101833 1.390645 2.795413
0.02469627 1.125535 2.833707
0.03376346 0.9067853 2.790974
0.03773082 0.8410102 2.779313
0.4151844 1.384603 2.789471
0.4436854 1.121994 2.843602
0.4521773 0.9015811 2.806678
0.4384773 0.8547105 2.791795
0.1487945 0.891417 2.796069
0.1386642 0.56894 2.791775
0.1567113 0.2338609 2.856663
0.1534085 0.2073287 2.72057
0.3101193 0.8953369 2.801809
0.310331 0.6125624 2.616687
0.3239948 0.3092924 2.704939
0.3122529 0.2682758 2.565806
0.2362398 1.424668 2.775387
0.0499777 0.7754848 2.764444
0.001678995 0.8310488 2.76239
0.4335507 0.7877902 2.776072
0.4142144 0.8403779 2.754519
65
0.23272 0.8917826 2.835928
0.2366529 1.199216 2.804806
0.2354632 1.498142 2.762234
0.2445206 1.642704 2.730897
0.06101833 1.390645 2.795413
0.02469627 1.125535 2.833707
0.03376346 0.9067853 2.790974
0.03773082 0.8410102 2.779313
0.4151844 1.384603 2.789471
0.4436854 1.121994 2.843602
0.4521773 0.9015811 2.806678
0.4384773 0.8547105 2.791795
0.1487945 0.891417 2.796069
0.1386642 0.56894 2.791775
0.1567113 0.2338609 2.856663
0.1534085 0.2073287 2.72057
0.3101193 0.8953369 2.801809
0.310331 0.6125624 2.616687
0.3239948 0.3092924 2.704939
0.3122529 0.2682758 2.565806
0.2362398 1.424668 2.775387
0.0499777 0.7754848 2.764444
0.001678995 0.8310488 2.76239
0.4335507 0.7877902 2.776072
0.4142144 0.8403779 2.754519
66
0.232101 0.892045 2.836174
0.2354963 1.199514 2.80526
0.2339023 1.498483 2.762891
0.2423956 1.643118 2.732056
0.05928807 1.390829 2.796834
0.02350448 1.125331 2.834104
0.03317825 0.9066543 2.791361
0.03639128 0.8410972 2.777268
0.4138134 1.384657 2.789869
0.4416674 1.120818 2.842932
0.449136 0.9003022 2.803084
0.4351687 0.8503025 2.780198
0.1481636 0.8916093 2.796557
0.1384208 0.5694482 2.792141
0.1563827 0.2338261 2.85739
0.1531855 0.2071986 2.721304
0.3091764 0.8957201 2.800862
0.3113102 0.5801631 2.650081
0.3239079 0.2985695 2.718279
0.3155864 0.2627236 2.571807
0.2347531 1.424975 2.775908
0.04943396 0.7753271 2.760034
0.0002188926 0.8343072 2.759778
0.4273573 0.7816054 2.75926
0.4097663 0.8453872 2.748421
67
0.232101 0.892045 2.836174
0.2354963 1.199514 2.80526
0.2339023 1.498483 2.762891
0.2423956 1.643118 2.732056
0.05928807 1.390829 2.796834
0.02350448 1.125331 2.834104
0.03317825 0.9066543 2.791361
0.03639128 0.8410972 2.777268
0.4138134 1.384657 2.789869
0.4416674 1.120818 2.842932
0.449136 0.9003022 2.803084
0.4351687 0.8503025 2.780198
0.1481636 0.8916093 2.796557
0.1384208 0.5694482 2.792141
0.1563827 0.2338261 2.85739
0.1531855 0.2071986 2.721304
0.3091764 0.8957201 2.800862
0.3113102 0.5801631 2.650081
0.3239079 0.2985695 2.718279
0.3155864 0.2627236 2.571807
0.2347531 1.424975 2.775908
0.04943396 0.7753271 2.760034
0.0002188926 0.8343072 2.759778
0.4273573 0.7816054 2.75926
0.4097663 0.8453872 2.748421
68
0.2312586 0.8922285 2.835812
0.2345482 1.199755 2.805589
0.2326667 1.498837 2.763639
0.2405983 1.643507 2.733269
0.05769112 1.390886 2.798779
0.02232248 1.125284 2.834698
0.03250557 0.9066586 2.791601
0.03517069 0.8410212 2.775362
0.4126919 1.38464 2.79012
0.4397279 1.11932 2.839889
0.4462186 0.8989368 2.796222
0.4337743 0.8477699 2.769284
0.1476216 0.8917552 2.796869
0.1380613 0.569869 2.792267
0.1561311 0.2338093 2.857993
0.1528886 0.207039 2.722008
0.3076231 0.8958163 2.798267
0.3129592 0.5564318 2.678173
0.3270821 0.2869666 2.735101
0.320516 0.2545965 2.583509
0.2335844 1.425261 2.77643
0.04861236 0.7751641 2.757976
-0.0003058867 0.8348906 2.75835
0.4257614 0.7779999 2.748132
0.4065022 0.8490128 2.741883
69
0.2312586 0.8922285 2.835812
0.2345482 1.199755 2.805589
0.2326667 1.498837 2.763639
0.2405983 1.643507 2.733269
0.05769112 1.390886 2.798779
0.02232248 1.125284 2.834698
0.03250557 0.9066586 2.791601
0.03517069 0.8410212 2.775362
0.4126919 1.38464 2.79012
0.4397279 1.11932 2.839889
0.4462186 0.8989368 2.796222
0.4337743 0.8477699 2.769284
0.1476216 0.8917552 2.796869
0.1380613 0.569869 2.792267
0.1561311 0.2338093 2.857993
0.1528886 0.207039 2.722008
0.3076231 0.8958163 2.798267
0.3129592 0.5564318 2.678173
0.3270821 0.2869666 2.735101
0.320516 0.2545965 2.583509
0.2335844 1.425261 2.77643
0.04861236 0.7751641 2.757976
-0.0003058867 0.8348906 2.75835
0.4257614 0.7779999 2.748132
0.4065022 0.8490128 2.741883
70
0.2302075 0.8922185 2.834852
0.2337917 1.199946 2.805821
0.2317386 1.499229 2.764434
0.2391841 1.643894 2.73441
0.05649943 1.39094 2.800963
0.02140982 1.125225 2.835262
0.03185115 0.9066385 2.791663
0.03405395 0.8412634 2.773158
0.4118077 1.384604 2.790171
0.4382265 1.118221 2.834051
0.4439782 0.8984047 2.786363
0.4330161 0.8468196 2.757926
0.147115 0.8918496 2.797028
0.1375249 0.5699598 2.792202
0.1559283 0.2338801 2.858495
0.1524605 0.2069013 2.722685
0.3057633 0.8954201 2.79467
0.3140627 0.5403999 2.705378
0.3330737 0.2703797 2.749715
0.3309765 0.2462718 2.603794
0.232694 1.425537 2.776927
0.04788702 0.7750768 2.755849
-0.0006176665 0.8355613 2.757175
0.4248537 0.7761796 2.743713
0.3990599 0.8711007 2.732393
71
0.2302075 0.8922185 2.834852
0.2337917 1.199946 2.805821
0.2317386 1.499229 2.764434
0.2391841 1.643894 2.73441
0.05649943 1.39094 2.800963
0.02140982 1.125225 2.835262
0.03185115 0.9066385 2.791663
0.03405395 0.8412634 2.773158
0.4118077 1.384604 2.790171
0.4382265 1.118221 2.834051
0.4439782 0.8984047 2.786363
0.4330161 0.8468196 2.757926
0.147115 0.8918496 2.797028
0.1375249 0.5699598 2.792202
0.1559283 0.2338801 2.858495
0.1524605 0.2069013 2.722685
0.3057633 0.8954201 2.79467
0.3140627 0.5403999 2.705378
0.3330737 0.2703797 2.749715
0.3309765 0.2462718 2.603794
0.232694 1.425537 2.776927
0.04788702 0.7750768 2.755849
-0.0006176665 0.8355613 2.757175
0.4248537 0.7761796 2.743713
0.3990599 0.8711007 2.732393
72
0.228931 0.8919442 2.83332
0.2332081 1.200086 2.805971
0.2311681 1.499607 2.76519
0.238161 1.64426 2.735451
0.05577233 1.390901 2.802796
0.02077193 1.125317 2.835729
0.03121916 0.906567 2.79148
0.03341889 0.841575 2.771075
0.4110908 1.384516 2.789931
0.4379751 1.117084 2.826441
0.4433461 0.8980176 2.774505
0.4328912 0.8463005 2.746011
0.1465719 0.8918742 2.796984
0.1368748 0.5696956 2.791982
0.1555775 0.2341485 2.859015
0.1515577 0.2068525 2.723498
0.3037689 0.8945791 2.790815
0.3145344 0.5321118 2.723894
0.3315703 0.2672136 2.770348
0.3301553 0.2412216 2.622651
0.2320735 1.425775 2.777357
0.04742204 0.7753573 2.752387
-0.0007439838 0.8365451 2.75554
0.4236771 0.7750571 2.731185
0.3966207 0.8754041 2.726666
73
0.228931 0.8919442 2.83332
0.2332081 1.200086 2.805971
0.2311681 1.499607 2.76519
0.238161 1.64426 2.735451
0.05577233 1.390901 2.802796
0.02077193 1.125317 2.835729
0.03121916 0.906567 2.79148
0.03341889 0.841575 2.771075
0.4110908 1.384516 2.789931
0.4379751 1.117084 2.826441
0.4433461 0.8980176 2.774505
0.4328912 0.8463005 2.746011
0.1465719 0.8918742 2.796984
0.1368748 0.5696956 2.791982
0.1555775 0.2341485 2.859015
0.1515577 0.2068525 2.723498
0.3037689 0.8945791 2.790815
0.3145344 0.5321118 2.723894
0.3315703 0.2672136 2.770348
0.3301553 0.2412216 2.622651
0.2320735 1.425775 2.777357
0.04742204 0.7753573 2.752387
-0.0007439838 0.8365451 2.75554
0.4236771 0.7750571 2.731185
0.3966207 0.8754041 2.726666
74
0.2277694 0.8915772 2.831571
0.2327706 1.200195 2.806042
0.2309094 1.499998 2.765848
0.2374813 1.644575 2.736299
0.05559957 1.390797 2.80431
0.02035752 1.125422 2.836008
0.03066628 0.9064739 2.79112
0.03304644 0.8422784 2.768445
0.4106212 1.384428 2.789407
0.4393267 1.118235 2.816488
0.4436533 0.900176 2.761469
0.4323947 0.846868 2.736585
0.1460781 0.8918684 2.796791
0.136254 0.5693331 2.791629
0.1552612 0.2344317 2.859463
0.1505966 0.2067816 2.724259
0.3021336 0.8936607 2.787286
0.3149932 0.5277968 2.739581
0.3283561 0.2648364 2.788793
0.3263538 0.2371354 2.641319
0.2316806 1.425998 2.777698
0.04652869 0.7755672 2.749063
-5.284688E-06 0.8391694 2.751736
0.423518 0.7749804 2.721378
0.3956088 0.8712602 2.715311
75
0.2277694 0.8915772 2.831571
0.2327706 1.200195 2.806042
0.2309094 1.499998 2.765848
0.2374813 1.644575 2.736299
0.05559957 1.390797 2.80431
0.02035752 1.125422 2.836008
0.03066628 0.9064739 2.79112
0.03304644 0.8422784 2.768445
0.4106212 1.384428 2.789407
0.4393267 1.118235 2.816488
0.4436533 0.900176 2.761469
0.4323947 0.846868 2.736585
0.1460781 0.8918684 2.796791
0.136254 0.5693331 2.791629
0.1552612 0.2344317 2.859463
0.1505966 0.2067816 2.724259
0.3021336 0.8936607 2.787286
0.3149932 0.5277968 2.739581
0.3283561 0.2648364 2.788793
0.3263538 0.2371354 2.641319
0.2316806 1.425998 2.777698
0.04652869 0.7755672 2.749063
-5.284688E-06 0.8391694 2.751736
0.423518 0.7749804 2.721378
0.3956088 0.8712602 2.715311
76
0.226891 0.8911629 2.829838
0.2324594 1.200277 2.806062
0.2310067 1.500442 2.766505
0.237118 1.644872 2.737024
0.05579792 1.390636 2.805604
0.02015618 1.125545 2.836171
0.03026093 0.9062674 2.790489
0.03369893 0.8425539 2.765507
0.4106294 1.384302 2.788357
0.4409773 1.119621 2.808749
0.4443838 0.9020892 2.752514
0.4319963 0.847336 2.729605
0.1456855 0.8918366 2.796452
0.1357654 0.5687028 2.791231
0.1549677 0.2347311 2.859862
0.1495617 0.206704 2.724989
0.3010142 0.8927885 2.784425
0.315588 0.527239 2.752602
0.323911 0.2559308 2.809302
0.3135422 0.2277734 2.676089
0.2315166 1.426239 2.778019
0.04622967 0.7758231 2.745635
0.002369894 0.8402789 2.746046
0.4230258 0.7750214 2.714592
0.3946835 0.8703771 2.71074
77
0.226891 0.8911629 2.829838
0.2324594 1.200277 2.806062
0.2310067 1.500442 2.766505
0.237118 1.644872 2.737024
0.05579792 1.390636 2.805604
0.02015618 1.125545 2.836171
0.03026093 0.9062674 2.790489
0.03369893 0.8425539 2.765507
0.4106294 1.384302 2.788357
0.4409773 1.119621 2.808749
0.4443838 0.9020892 2.752514
0.4319963 0.847336 2.729605
0.1456855 0.8918366 2.796452
0.1357654 0.5687028 2.791231
0.1549677 0.2347311 2.859862
0.1495617 0.206704 2.724989
0.3010142 0.8927885 2.784425
0.315588 0.527239 2.752602
0.323911 0.2559308 2.809302
0.3135422 0.2277734 2.676089
0.2315166 1.426239 2.778019
0.04622967 0.7758231 2.745635
0.002369894 0.8402789 2.746046
0.4230258 0.7750214 2.714592
0.3946835 0.8703771 2.71074
78
0.2267397 0.8904782 2.827791
0.2323799 1.200313 2.805889
0.2316709 1.500946 2.767084
0.2370741 1.64515 2.737673
0.05680934 1.390408 2.806684
0.02044632 1.126178 2.83609
0.03011982 0.9059314 2.789361
0.03484046 0.8428348 2.762754
0.4111599 1.384076 2.786904
0.4432945 1.122022 2.801817
0.4451091 0.9040715 2.746247
0.4317574 0.8477665 2.724986
0.1457067 0.8916247 2.795707
0.1354404 0.5677054 2.790677
0.1547574 0.2348618 2.860278
0.148649 0.2063843 2.725789
0.3007691 0.891717 2.781723
0.3162946 0.5296435 2.763897
0.3209573 0.2520311 2.821578
0.3081613 0.2247465 2.691293
0.2318078 1.426535 2.778292
0.04586516 0.7760217 2.742148
0.004371714 0.8420456 2.742769
0.4226955 0.7748381 2.711494
0.3938128 0.8723318 2.708461
79
0.2267397 0.8904782 2.827791
0.2323799 1.200313 2.805889
0.2316709 1.500946 2.767084
0.2370741 1.64515 2.737673
0.05680934 1.390408 2.806684
0.02044632 1.126178 2.83609
0.03011982 0.9059314 2.789361
0.03484046 0.8428348 2.762754
0.4111599 1.384076 2.786904
0.4432945 1.122022 2.801817
0.4451091 0.9040715 2.746247
0.4317574 0.8477665 2.724986
0.1457067 0.8916247 2.795707
0.1354404 0.5677054 2.790677
0.1547574 0.2348618 2.860278
0.148649 0.2063843 2.725789
0.3007691 0.891717 2.781723
0.3162946 0.5296435 2.763897
0.3209573 0.2520311 2.821578
0.3081613 0.2247465 2.691293
0.2318078 1.426535 2.778292
0.04586516 0.7760217 2.742148
0.004371714 0.8420456 2.742769
0.4226955 0.7748381 2.711494
0.3938128 0.8723318 2.708461
80
0.2274857 0.8896753 2.825449
0.2327901 1.200264 2.805379
0.2328843 1.501403 2.767552
0.2374983 1.645434 2.738184
0.05853979 1.390148 2.807438
0.02154393 1.12698 2.835527
0.03072816 0.9052912 2.787216
0.03764349 0.8424258 2.758912
0.4124056 1.383776 2.785112
0.4455572 1.124238 2.796359
0.4457545 0.9058612 2.741487
0.4317382 0.8481985 2.721121
0.1463811 0.8912976 2.794518
0.1355025 0.5668544 2.790041
0.1545391 0.2348596 2.860646
0.1477171 0.2059381 2.726494
0.3015828 0.8905481 2.778975
0.3177383 0.5334308 2.77254
0.3187822 0.2489607 2.830441
0.3048536 0.2225923 2.701145
0.232678 1.426827 2.778481
0.04704709 0.7762886 2.739121
0.007370626 0.8411554 2.737853
0.4223683 0.774924 2.709136
0.3937838 0.8734018 2.705966
81
0.2274857 0.8896753 2.825449
0.2327901 1.200264 2.805379
0.2328843 1.501403 2.767552
0.2374983 1.645434 2.738184
0.05853979 1.390148 2.807438
0.02154393 1.12698 2.835527
0.03072816 0.9052912 2.787216
0.03764349 0.8424258 2.758912
0.4124056 1.383776 2.785112
0.4455572 1.124238 2.796359
0.4457545 0.9058612 2.741487
0.4317382 0.8481985 2.721121
0.1463811 0.8912976 2.794518
0.1355025 0.5668544 2.790041
0.1545391 0.2348596 2.860646
0.1477171 0.2059381 2.726494
0.3015828 0.8905481 2.778975
0.3177383 0.5334308 2.77254
0.3187822 0.2489607 2.830441
0.3048536 0.2225923 2.701145
0.232678 1.426827 2.778481
0.04704709 0.7762886 2.739121
0.007370626 0.8411554 2.737853
0.4223683 0.774924 2.709136
0.3937838 0.8734018 2.705966
82
0.2292316 0.8886655 2.823082
0.234097 1.200063 2.8044
0.2350554 1.501865 2.767704
0.2390817 1.645799 2.738523
0.06133825 1.38991 2.807724
0.02376627 1.127644 2.834315
0.03247849 0.9043444 2.784111
0.04046793 0.8418894 2.755973
0.4146478 1.383337 2.783171
0.4473567 1.125885 2.792515
0.446247 0.907341 2.737953
0.4316447 0.8484554 2.718608
0.1480518 0.8907046 2.792902
0.1359649 0.5659339 2.789212
0.1542999 0.2348927 2.860985
0.1468677 0.2054589 2.727126
0.3034048 0.8892578 2.776573
0.3199559 0.5385195 2.779381
0.3170201 0.2465219 2.837842
0.3025747 0.2207898 2.708591
0.234565 1.427134 2.778401
0.0515094 0.7746375 2.737193
0.01408501 0.8377236 2.733121
0.4218671 0.7756031 2.706932
0.3955839 0.8572123 2.694366
83
0.2292316 0.8886655 2.823082
0.234097 1.200063 2.8044
0.2350554 1.501865 2.767704
0.2390817 1.645799 2.738523
0.06133825 1.38991 2.807724
0.02376627 1.127644 2.834315
0.03247849 0.9043444 2.784111
0.04046793 0.8418894 2.755973
0.4146478 1.383337 2.783171
0.4473567 1.125885 2.792515
0.446247 0.907341 2.737953
0.4316447 0.8484554 2.718608
0.1480518 0.8907046 2.792902
0.1359649 0.5659339 2.789212
0.1542999 0.2348927 2.860985
0.1468677 0.2054589 2.727126
0.3034048 0.8892578 2.776573
0.3199559 0.5385195 2.779381
0.3170201 0.2465219 2.837842
0.3025747 0.2207898 2.708591
0.234565 1.427134 2.778401
0.0515094 0.7746375 2.737193
0.01408501 0.8377236 2.733121
0.4218671 0.7756031 2.706932
0.3955839 0.8572123 2.694366
84
0.2319218 0.8876092 2.820793
0.2364892 1.199726 2.803062
0.2383438 1.502258 2.767613
0.2418816 1.646175 2.738463
0.06528009 1.389558 2.807266
0.02763688 1.127257 2.832401
0.03476726 0.9036248 2.780812
0.0438559 0.8417178 2.752846
0.417314 1.382914 2.781406
0.4488859 1.12707 2.789759
0.4465619 0.9083203 2.735363
0.4314208 0.8486541 2.716593
0.1505822 0.8899864 2.791061
0.1374298 0.5648743 2.788029
0.1539744 0.2350564 2.861299
0.1460902 0.2049793 2.727691
0.3063243 0.8879765 2.774468
0.3235138 0.5484507 2.784584
0.3156234 0.2440474 2.842873
0.3011687 0.2196563 2.713537
0.2376496 1.427393 2.778096
0.05359213 0.7746595 2.735601
0.01607689 0.8369154 2.731569
0.4215187 0.7761461 2.704524
0.3958648 0.8528212 2.690682
85
0.2319218 0.8876092 2.820793
0.2364892 1.199726 2.803062
0.2383438 1.502258 2.767613
0.2418816 1.646175 2.738463
0.06528009 1.389558 2.807266
0.02763688 1.127257 2.832401
0.03476726 0.9036248 2.780812
0.0438559 0.8417178 2.752846
0.417314 1.382914 2.781406
0.4488859 1.12707 2.789759
0.4465619 0.9083203 2.735363
0.4314208 0.8486541 2.716593
0.1505822 0.8899864 2.791061
0.1374298 0.5648743 2.788029
0.1539744 0.2350564 2.861299
0.1460902 0.2049793 2.727691
0.3063243 0.8879765 2.774468
0.3235138 0.5484507 2.784584
0.3156234 0.2440474 2.842873
0.3011687 0.2196563 2.713537
0.2376496 1.427393 2.778096
0.05359213 0.7746595 2.735601
0.01607689 0.8369154 2.731569
0.4215187 0.7761461 2.704524
0.3958648 0.8528212 2.690682
86
0.235459 0.886518 2.818663
0.239515 1.199269 2.801618
0.2417457 1.502479 2.767393
0.2458883 1.646261 2.737874
0.06953424 1.389076 2.806247
0.0313646 1.126768 2.830426
0.03690897 0.9033427 2.777935
0.04733552 0.8420531 2.749941
0.4206499 1.382431 2.78003
0.450177 1.12791 2.787783
0.4467806 0.9090689 2.73351
0.4313253 0.8487451 2.715246
0.1541143 0.8891328 2.789057
0.1395912 0.5633707 2.786772
0.1536828 0.2362381 2.861492
0.1456106 0.2053952 2.727979
0.3099633 0.8867498 2.772727
0.3258987 0.5550984 2.787474
0.3146272 0.242808 2.84671
0.3001678 0.2187595 2.717175
0.2410222 1.427513 2.777695
0.05636843 0.774947 2.733332
0.01905851 0.8351921 2.729645
0.4214112 0.7764682 2.703717
0.3963213 0.8499405 2.688218
87
0.235459 0.886518 2.818663
0.239515 1.199269 2.801618
0.2417457 1.502479 2.767393
0.2458883 1.646261 2.737874
0.06953424 1.389076 2.806247
0.0313646 1.126768 2.830426
0.03690897 0.9033427 2.777935
0.04733552 0.8420531 2.749941
0.4206499 1.382431 2.78003
0.450177 1.12791 2.787783
0.4467806 0.9090689 2.73351
0.4313253 0.8487451 2.715246
0.1541143 0.8891328 2.789057
0.1395912 0.5633707 2.786772
0.1536828 0.2362381 2.861492
0.1456106 0.2053952 2.727979
0.3099633 0.8867498 2.772727
0.3258987 0.5550984 2.787474
0.3146272 0.242808 2.84671
0.3001678 0.2187595 2.717175
0.2410222 1.427513 2.777695
0.05636843 0.774947 2.733332
0.01905851 0.8351921 2.729645
0.4214112 0.7764682 2.703717
0.3963213 0.8499405 2.688218
88
0.2393001 0.8855072 2.816779
0.2427477 1.198767 2.80022
0.2449521 1.502567 2.767114
0.2507865 1.64606 2.736764
0.07357159 1.388563 2.804894
0.03520309 1.125885 2.827727
0.03982041 0.9030986 2.774383
0.05094157 0.8417873 2.746608
0.4241467 1.382098 2.779161
0.4517204 1.128686 2.786322
0.446938 0.9096202 2.732181
0.4313121 0.8494682 2.714242
0.1579896 0.8882231 2.787057
0.1422841 0.5617895 2.785301
0.1534715 0.2377968 2.861526
0.1453149 0.2061286 2.728118
0.3138802 0.8857135 2.771341
0.3276634 0.5597435 2.789109
0.3139808 0.2421535 2.849556
0.2994929 0.2180952 2.719874
0.2443093 1.427524 2.777262
0.05944633 0.7752686 2.731492
0.02163338 0.8348074 2.727687
0.4215585 0.7778409 2.703235
0.3975043 0.8600024 2.690144
89
0.2393001 0.8855072 2.816779
0.2427477 1.198767 2.80022
0.2449521 1.502567 2.767114
0.2507865 1.64606 2.736764
0.07357159 1.388563 2.804894
0.03520309 1.125885 2.827727
0.03982041 0.9030986 2.774383
0.05094157 0.8417873 2.746608
0.4241467 1.382098 2.779161
0.4517204 1.128686 2.786322
0.446938 0.9096202 2.732181
0.4313121 0.8494682 2.714242
0.1579896 0.8882231 2.787057
0.1422841 0.5617895 2.785301
0.1534715 0.2377968 2.861526
0.1453149 0.2061286 2.728118
0.3138802 0.8857135 2.771341
0.3276634 0.5597435 2.789109
0.3139808 0.2421535 2.849556
0.2994929 0.2180952 2.719874
0.2443093 1.427524 2.777262
0.05944633 0.7752686 2.731492
0.02163338 0.8348074 2.727687
0.4215585 0.7778409 2.703235
0.3975043 0.8600024 2.690144
90
0.2428469 0.884646 2.815353
0.2467676 1.198122 2.79886
0.2501466 1.50232 2.766641
0.2555748 1.645721 2.735634
0.07785198 1.38807 2.803108
0.03871464 1.125264 2.824859
0.0422485 0.9030678 2.771504
0.05379659 0.8416603 2.744677
0.4277447 1.381749 2.778805
0.4544157 1.12987 2.785616
0.4470677 0.9100692 2.731231
0.431342 0.8501129 2.713813
0.1614987 0.8874031 2.785436
0.1454056 0.5597611 2.783919
0.1535003 0.2388369 2.861579
0.145468 0.2063711 2.728255
0.3175592 0.8848684 2.770391
0.3290927 0.5632236 2.790167
0.3136592 0.2418672 2.851843
0.2993775 0.2176097 2.72188
0.2492829 1.427249 2.776687
0.06182604 0.7755812 2.729826
0.02385058 0.8345656 2.725445
0.4216672 0.779117 2.702629
0.3980028 0.8593872 2.689493
91
0.2428469 0.884646 2.815353
0.2467676 1.198122 2.79886
0.2501466 1.50232 2.766641
0.2555748 1.645721 2.735634
0.07785198 1.38807 2.803108
0.03871464 1.125264 2.824859
0.0422485 0.9030678 2.771504
0.05379659 0.8416603 2.744677
0.4277447 1.381749 2.778805
0.4544157 1.12987 2.785616
0.4470677 0.9100692 2.731231
0.431342 0.8501129 2.713813
0.1614987 0.8874031 2.785436
0.1454056 0.5597611 2.783919
0.1535003 0.2388369 2.861579
0.145468 0.2063711 2.728255
0.3175592 0.8848684 2.770391
0.3290927 0.5632236 2.790167
0.3136592 0.2418672 2.851843
0.2993775 0.2176097 2.72188
0.2492829 1.427249 2.776687
0.06182604 0.7755812 2.729826
0.02385058 0.8345656 2.725445
0.4216672 0.779117 2.702629
0.3980028 0.8593872 2.689493
92
0.2460649 0.883909 2.814205
0.2501533 1.197532 2.797743
0.2540249 1.50204 2.766226
0.2600156 1.645325 2.734648
0.08161455 1.387657 2.801283
0.04234363 1.124228 2.82121
0.04434422 0.9030092 2.769077
0.05595323 0.8414313 2.742803
0.4313031 1.381392 2.778925
0.4569358 1.130579 2.785357
0.4471724 0.9103987 2.730542
0.4314725 0.8509834 2.713712
0.1646469 0.8867106 2.784045
0.1484685 0.5570496 2.782841
0.1537047 0.2398616 2.861527
0.1460054 0.2066801 2.728283
0.320908 0.8841318 2.769687
0.3302163 0.565739 2.790661
0.3134542 0.2419064 2.853484
0.2996792 0.2173424 2.723189
0.2530901 1.426949 2.776194
0.06372453 0.7759063 2.728082
0.02554333 0.835153 2.722672
0.4227695 0.7824976 2.702922
0.398366 0.8609583 2.68986
93
0.2460649 0.883909 2.814205
0.2501533 1.197532 2.797743
0.2540249 1.50204 2.766226
0.2600156 1.645325 2.734648
0.08161455 1.387657 2.801283
0.04234363 1.124228 2.82121
0.04434422 0.9030092 2.769077
0.05595323 0.8414313 2.742803
0.4313031 1.381392 2.778925
0.4569358 1.130579 2.785357
0.4471724 0.9103987 2.730542
0.4314725 0.8509834 2.713712
0.1646469 0.8867106 2.784045
0.1484685 0.5570496 2.782841
0.1537047 0.2398616 2.861527
0.1460054 0.2066801 2.728283
0.320908 0.8841318 2.769687
0.3302163 0.565739 2.790661
0.3134542 0.2419064 2.853484
0.2996792 0.2173424 2.723189
0.2530901 1.426949 2.776194
0.06372453 0.7759063 2.728082
0.02554333 0.835153 2.722672
0.4227695 0.7824976 2.702922
0.398366 0.8609583 2.68986
94
0.2487946 0.8833334 2.813266
0.2529916 1.197051 2.79681
0.2570463 1.501798 2.765854
0.2641488 1.644803 2.733675
0.08479957 1.387288 2.799511
0.04540397 1.123328 2.81775
0.04647605 0.9029533 2.76668
0.05830747 0.8412895 2.741034
0.4346086 1.381054 2.779265
0.4591942 1.130906 2.785441
0.4472749 0.910619 2.730036
0.4316872 0.8516677 2.713693
0.1673705 0.8861482 2.782766
0.1509821 0.5555919 2.781792
0.1541974 0.2407885 2.861438
0.1469554 0.2070286 2.728295
0.3237092 0.883571 2.769182
0.3311395 0.5676793 2.790698
0.3134263 0.2423325 2.854668
0.3005069 0.2173182 2.723871
0.2561099 1.426692 2.775758
0.06516089 0.7761738 2.727092
0.02875911 0.8345156 2.720558
0.4234551 0.7838129 2.703243
0.3994352 0.8715388 2.694919
95
0.2487946 0.8833334 2.813266
0.2529916 1.197051 2.79681
0.2570463 1.501798 2.765854
0.2641488 1.644803 2.733675
0.08479957 1.387288 2.799511
0.04540397 1.123328 2.81775
0.04647605 0.9029533 2.76668
0.05830747 0.8412895 2.741034
0.4346086 1.381054 2.779265
0.4591942 1.130906 2.785441
0.4472749 0.910619 2.730036
0.4316872 0.8516677 2.713693
0.1673705 0.8861482 2.782766
0.1509821 0.5555919 2.781792
0.1541974 0.2407885 2.861438
0.1469554 0.2070286 2.728295
0.3237092 0.883571 2.769182
0.3311395 0.5676793 2.790698
0.3134263 0.2423325 2.854668
0.3005069 0.2173182 2.723871
0.2561099 1.426692 2.775758
0.06516089 0.7761738 2.727092
0.02875911 0.8345156 2.720558
0.4234551 0.7838129 2.703243
0.3994352 0.8715388 2.694919
96
0.2512834 0.8828765 2.81241
0.2554689 1.196637 2.79602
0.2594923 1.501553 2.765556
0.2677756 1.644259 2.732807
0.08734944 1.387002 2.797962
0.04793248 1.122531 2.814414
0.04871668 0.9028841 2.763975
0.06033799 0.840839 2.739063
0.4375891 1.38073 2.779786
0.4612216 1.131007 2.785797
0.4474275 0.9107613 2.729685
0.4318819 0.8522197 2.713588
0.1699575 0.885689 2.781418
0.1530235 0.5548443 2.780865
0.1547501 0.2415408 2.861323
0.1480379 0.2073344 2.728266
0.3261758 0.8831348 2.768798
0.3319515 0.569126 2.790415
0.3135232 0.2430515 2.855474
0.3015785 0.2175058 2.724054
0.258596 1.42644 2.775399
0.06762506 0.7753187 2.724426
0.03032734 0.834977 2.718609
0.4238217 0.784695 2.703422
0.4107021 0.8543317 2.683377
97
0.2512834 0.8828765 2.81241
0.2554689 1.196637 2.79602
0.2594923 1.501553 2.765556
0.2677756 1.644259 2.732807
0.08734944 1.387002 2.797962
0.04793248 1.122531 2.814414
0.04871668 0.9028841 2.763975
0.06033799 0.840839 2.739063
0.4375891 1.38073 2.779786
0.4612216 1.131007 2.785797
0.4474275 0.9107613 2.729685
0.4318819 0.8522197 2.713588
0.1699575 0.885689 2.781418
0.1530235 0.5548443 2.780865
0.1547501 0.2415408 2.861323
0.1480379 0.2073344 2.728266
0.3261758 0.8831348 2.768798
0.3319515 0.569126 2.790415
0.3135232 0.2430515 2.855474
0.3015785 0.2175058 2.724054
0.258596 1.42644 2.775399
0.06762506 0.7753187 2.724426
0.03032734 0.834977 2.718609
0.4238217 0.784695 2.703422
0.4107021 0.8543317 2.683377
98
0.2534733 0.8825032 2.811567
0.2576393 1.196252 2.795292
0.2615632 1.501269 2.765274
0.2708974 1.643728 2.731964
0.08956525 1.386793 2.796399
0.04987072 1.121914 2.81144
0.05106366 0.9028556 2.761126
0.06212618 0.8405562 2.73694
0.4401087 1.380487 2.780308
0.4629837 1.131023 2.786345
0.448622 0.9112157 2.72981
0.432721 0.8525153 2.713562
0.1721647 0.8853239 2.780149
0.1550983 0.5546924 2.779773
0.155265 0.2422175 2.861157
0.1490921 0.20758 2.728178
0.3283573 0.8827724 2.76837
0.3327347 0.5702131 2.789777
0.3137287 0.243917 2.855992
0.3028044 0.2177496 2.72391
0.2607152 1.426156 2.775056
0.0708826 0.7743011 2.721674
0.03137201 0.8342898 2.716607
0.4247859 0.7855141 2.703794
0.4115098 0.8629091 2.686962
99
0.2534733 0.8825032 2.811567
0.2576393 1.196252 2.795292
0.2615632 1.501269 2.765274
0.2708974 1.643728 2.731964
0.08956525 1.386793 2.796399
0.04987072 1.121914 2.81144
0.05106366 0.9028556 2.761126
0.06212618 0.8405562 2.73694
0.4401087 1.380487 2.780308
0.4629837 1.131023 2.786345
0.448622 0.9112157 2.72981
0.432721 0.8525153 2.713562
0.1721647 0.8853239 2.780149
0.1550983 0.5546924 2.779773
0.155265 0.2422175 2.861157
0.1490921 0.20758 2.728178
0.3283573 0.8827724 2.76837
0.3327347 0.5702131 2.789777
0.3137287 0.243917 2.855992
0.3028044 0.2177496 2.72391
0.2607152 1.426156 2.775056
0.0708826 0.7743011 2.721674
0.03137201 0.8342898 2.716607
0.4247859 0.7855141 2.703794
0.4115098 0.8629091 2.686962
100
0.2553238 0.8822312 2.810773
0.2594475 1.19594 2.794654
0.2632369 1.501014 2.765027
0.2734874 1.643304 2.73126
0.09132081 1.386669 2.795077
0.05136565 1.121465 2.808947
0.05312143 0.9028678 2.758514
0.0638776 0.8403322 2.734787
0.4422863 1.380275 2.780856
0.4646926 1.131037 2.787031
0.4500384 0.9117442 2.730117
0.4339447 0.852558 2.713706
0.1740448 0.8850685 2.778932
0.1566895 0.5546951 2.778891
0.1560333 0.2424624 2.861008
0.1506325 0.207512 2.728073
0.3301603 0.8825024 2.767963
0.3334758 0.5710081 2.788921
0.3140262 0.2448245 2.856283
0.3040443 0.2180139 2.723577
0.2624389 1.425906 2.774749
0.07364599 0.7734368 2.718154
0.03245342 0.83451 2.715096
0.4261754 0.7861316 2.704526
0.4189706 0.8537296 2.676883
101
0.2553238 0.8822312 2.810773
0.2594475 1.19594 2.794654
0.2632369 1.501014 2.765027
0.2734874 1.643304 2.73126
0.09132081 1.386669 2.795077
0.05136565 1.121465 2.808947
0.05312143 0.9028678 2.758514
0.0638776 0.8403322 2.734787
0.4422863 1.380275 2.780856
0.4646926 1.131037 2.787031
0.4500384 0.9117442 2.730117
0.4339447 0.852558 2.713706
0.1740448 0.8850685 2.778932
0.1566895 0.5546951 2.778891
0.1560333 0.2424624 2.861008
0.1506325 0.207512 2.728073
0.3301603 0.8825024 2.767963
0.3334758 0.5710081 2.788921
0.3140262 0.2448245 2.856283
0.3040443 0.2180139 2.723577
0.2624389 1.425906 2.774749
0.07364599 0.7734368 2.718154
0.03245342 0.83451 2.715096
0.4261754 0.7861316 2.704526
0.4189706 0.8537296 2.676883
102
0.2569087 0.8820439 2.810112
0.2609768 1.195692 2.794154
0.264624 1.50078 2.764857
0.275635 1.642923 2.730807
0.092613 1.386576 2.794103
0.05245741 1.121147 2.807046
0.05474832 0.9029005 2.756362
0.06531947 0.8401669 2.733005
0.444382 1.380031 2.781577
0.4664845 1.130871 2.788059
0.4523362 0.9121804 2.730801
0.4357605 0.8525712 2.714262
0.1756507 0.8849016 2.777904
0.1580202 0.5548384 2.778159
0.1569091 0.242369 2.860923
0.1523049 0.2071867 2.728032
0.331688 0.8823104 2.767635
0.3341225 0.5714934 2.788074
0.3143601 0.2452552 2.856617
0.305279 0.2178287 2.723459
0.2638738 1.425682 2.774526
0.07546824 0.7728372 2.716002
0.03368603 0.8350473 2.713331
0.4269328 0.7868651 2.703846
0.4193819 0.8520907 2.677606
103
0.2569087 0.8820439 2.810112
0.2609768 1.195692 2.794154
0.264624 1.50078 2.764857
0.275635 1.642923 2.730807
0.092613 1.386576 2.794103
0.05245741 1.121147 2.807046
0.05474832 0.9029005 2.756362
0.06531947 0.8401669 2.733005
0.444382 1.380031 2.781577
0.4664845 1.130871 2.788059
0.4523362 0.9121804 2.730801
0.4357605 0.8525712 2.714262
0.1756507 0.8849016 2.777904
0.1580202 0.5548384 2.778159
0.1569091 0.242369 2.860923
0.1523049 0.2071867 2.728032
0.331688 0.8823104 2.767635
0.3341225 0.5714934 2.788074
0.3143601 0.2452552 2.856617
0.305279 0.2178287 2.723459
0.2638738 1.425682 2.774526
0.07546824 0.7728372 2.716002
0.03368603 0.8350473 2.713331
0.4269328 0.7868651 2.703846
0.4193819 0.8520907 2.677606
104
0.258249 0.881919 2.809489
0.2622129 1.1955 2.793741
0.2657084 1.500584 2.76473
0.2773489 1.642594 2.730501
0.09357406 1.386517 2.79337
0.05325637 1.120914 2.805546
0.05606196 0.9029474 2.754474
0.06652234 0.8401779 2.731004
0.446081 1.379824 2.782174
0.4683936 1.130578 2.789244
0.4547587 0.9124869 2.731507
0.4381738 0.8525383 2.714833
0.1770015 0.8848087 2.77695
0.1590771 0.5550903 2.777515
0.1577052 0.2422581 2.860818
0.1537081 0.2069001 2.727969
0.3329696 0.8821686 2.76731
0.3347119 0.5717688 2.787198
0.3147128 0.2455784 2.856845
0.3063331 0.217581 2.723314
0.2650016 1.425496 2.77435
0.0772296 0.7723756 2.714575
0.03489473 0.8354328 2.711743
0.4279718 0.7871237 2.703329
0.4189708 0.8513293 2.679436
105
0.258249 0.881919 2.809489
0.2622129 1.1955 2.793741
0.2657084 1.500584 2.76473
0.2773489 1.642594 2.730501
0.09357406 1.386517 2.79337
0.05325637 1.120914 2.805546
0.05606196 0.9029474 2.754474
0.06652234 0.8401779 2.731004
0.446081 1.379824 2.782174
0.4683936 1.130578 2.789244
0.4547587 0.9124869 2.731507
0.4381738 0.8525383 2.714833
0.1770015 0.8848087 2.77695
0.1590771 0.5550903 2.777515
0.1577052 0.2422581 2.860818
0.1537081 0.2069001 2.727969
0.3329696 0.8821686 2.76731
0.3347119 0.5717688 2.787198
0.3147128 0.2455784 2.856845
0.3063331 0.217581 2.723314
0.2650016 1.425496 2.77435
0.0772296 0.7723756 2.714575
0.03489473 0.8354328 2.711743
0.4279718 0.7871237 2.703329
0.4189708 0.8513293 2.679436
106
0.2595112 0.8818261 2.808783
0.263287 1.195338 2.793344
0.266584 1.500411 2.764621
0.2786238 1.642327 2.73029
0.09430876 1.386472 2.792795
0.05384738 1.120734 2.804361
0.05721711 0.9030139 2.752619
0.06771827 0.8401342 2.728793
0.4474435 1.379656 2.782655
0.4701973 1.130226 2.790289
0.457356 0.9126408 2.732182
0.4414925 0.852479 2.715606
0.17824 0.884744 2.775974
0.159893 0.5553478 2.776995
0.1583775 0.2420923 2.8607
0.1548122 0.2066195 2.727883
0.3341811 0.8820594 2.766866
0.3353209 0.5714952 2.786308
0.3150429 0.2458954 2.856997
0.3071747 0.2173339 2.723182
0.2659261 1.425333 2.774193
0.07943168 0.7721298 2.711649
0.03553591 0.8347102 2.709197
0.4299377 0.7861233 2.703219
0.4186444 0.8512707 2.681107
107
0.2595112 0.8818261 2.808783
0.263287 1.195338 2.793344
0.266584 1.500411 2.764621
0.2786238 1.642327 2.73029
0.09430876 1.386472 2.792795
0.05384738 1.120734 2.804361
0.05721711 0.9030139 2.752619
0.06771827 0.8401342 2.728793
0.4474435 1.379656 2.782655
0.4701973 1.130226 2.790289
0.457356 0.9126408 2.732182
0.4414925 0.852479 2.715606
0.17824 0.884744 2.775974
0.159893 0.5553478 2.776995
0.1583775 0.2420923 2.8607
0.1548122 0.2066195 2.727883
0.3341811 0.8820594 2.766866
0.3353209 0.5714952 2.786308
0.3150429 0.2458954 2.856997
0.3071747 0.2173339 2.723182
0.2659261 1.425333 2.774193
0.07943168 0.7721298 2.711649
0.03553591 0.8347102 2.709197
0.4299377 0.7861233 2.703219
0.4186444 0.8512707 2.681107
108
0.2605943 0.8817312 2.808053
0.2641617 1.195198 2.793003
0.267291 1.500257 2.764549
0.2796205 1.642084 2.730148
0.0948963 1.386433 2.792332
0.0542723 1.120606 2.803435
0.05820003 0.9031229 2.750828
0.06868988 0.8399971 2.726597
0.4485129 1.379499 2.783018
0.4717312 1.12987 2.79111
0.4596013 0.9126597 2.732787
0.4442605 0.8519339 2.716005
0.1792596 0.8846788 2.775079
0.1605644 0.5556896 2.776484
0.1589653 0.2419634 2.860551
0.1557045 0.206399 2.72777
0.3352559 0.8819445 2.766307
0.3358425 0.571089 2.7855
0.3153561 0.2461526 2.857078
0.3078541 0.217101 2.723049
0.2666681 1.425189 2.774071
0.08039205 0.7719286 2.71034
0.03622159 0.8344395 2.706559
0.4317592 0.7853621 2.702783
0.4179351 0.8458366 2.682925
109
0.2605943 0.8817312 2.808053
0.2641617 1.195198 2.793003
0.267291 1.500257 2.764549
0.2796205 1.642084 2.730148
0.0948963 1.386433 2.792332
0.0542723 1.120606 2.803435
0.05820003 0.9031229 2.750828
0.06868988 0.8399971 2.726597
0.4485129 1.379499 2.783018
0.4717312 1.12987 2.79111
0.4596013 0.9126597 2.732787
0.4442605 0.8519339 2.716005
0.1792596 0.8846788 2.775079
0.1605644 0.5556896 2.776484
0.1589653 0.2419634 2.860551
0.1557045 0.206399 2.72777
0.3352559 0.8819445 2.766307
0.3358425 0.571089 2.7855
0.3153561 0.2461526 2.857078
0.3078541 0.217101 2.723049
0.2666681 1.425189 2.774071
0.08039205 0.7719286 2.71034
0.03622159 0.8344395 2.706559
0.4317592 0.7853621 2.702783
0.4179351 0.8458366 2.682925
110
0.2615399 0.8816541 2.807325
0.2649076 1.195069 2.792691
0.2678855 1.5001 2.764496
0.2803904 1.641884 2.730045
0.0953622 1.386407 2.791962
0.05458038 1.120534 2.802698
0.05904371 0.9031341 2.749161
0.0692673 0.83997 2.725481
0.4493685 1.379359 2.783304
0.4729732 1.12953 2.791708
0.4615206 0.912536 2.733198
0.4464722 0.8514887 2.716594
0.1801433 0.8846265 2.774227
0.1610787 0.5560079 2.776051
0.1594911 0.24182 2.860414
0.1564556 0.2061926 2.72767
0.3361937 0.8818502 2.765714
0.3364097 0.5706941 2.784534
0.3156452 0.2464069 2.857113
0.308395 0.2168409 2.722937
0.2672912 1.425045 2.773969
0.08108436 0.7717937 2.709155
0.0364346 0.8348174 2.705538
0.435197 0.7841656 2.704015
0.417745 0.8442082 2.683678
111
0.2615399 0.8816541 2.807325
0.2649076 1.195069 2.792691
0.2678855 1.5001 2.764496
0.2803904 1.641884 2.730045
0.0953622 1.386407 2.791962
0.05458038 1.120534 2.802698
0.05904371 0.9031341 2.749161
0.0692673 0.83997 2.725481
0.4493685 1.379359 2.783304
0.4729732 1.12953 2.791708
0.4615206 0.912536 2.733198
0.4464722 0.8514887 2.716594
0.1801433 0.8846265 2.774227
0.1610787 0.5560079 2.776051
0.1594911 0.24182 2.860414
0.1564556 0.2061926 2.72767
0.3361937 0.8818502 2.765714
0.3364097 0.5706941 2.784534
0.3156452 0.2464069 2.857113
0.308395 0.2168409 2.722937
0.2672912 1.425045 2.773969
0.08108436 0.7717937 2.709155
0.0364346 0.8348174 2.705538
0.435197 0.7841656 2.704015
0.417745 0.8442082 2.683678
112
0.262325 0.8816028 2.806618
0.2655231 1.194956 2.792411
0.2683795 1.499949 2.764458
0.2810003 1.641709 2.729964
0.09573822 1.386389 2.791662
0.05480424 1.120478 2.802111
0.05967926 0.9031637 2.747853
0.0699534 0.839959 2.724271
0.4500282 1.379232 2.783502
0.4741292 1.128778 2.79212
0.4631837 0.9119948 2.733423
0.4478084 0.8508576 2.716756
0.1808646 0.8845932 2.773437
0.1615235 0.5563789 2.775643
0.1599274 0.2417335 2.860277
0.1570228 0.2060547 2.727578
0.3369823 0.8817855 2.765105
0.336906 0.5701494 2.783543
0.3159383 0.2466635 2.857093
0.3088466 0.2165949 2.722826
0.2678048 1.424909 2.773882
0.08156672 0.7717997 2.708462
0.03683385 0.8377538 2.703189
0.4362984 0.7837234 2.704049
0.4209885 0.8388346 2.678108
113
0.262325 0.8816028 2.806618
0.2655231 1.194956 2.792411
0.2683795 1.499949 2.764458
0.2810003 1.641709 2.729964
0.09573822 1.386389 2.791662
0.05480424 1.120478 2.802111
0.05967926 0.9031637 2.747853
0.0699534 0.839959 2.724271
0.4500282 1.379232 2.783502
0.4741292 1.128778 2.79212
0.4631837 0.9119948 2.733423
0.4478084 0.8508576 2.716756
0.1808646 0.8845932 2.773437
0.1615235 0.5563789 2.775643
0.1599274 0.2417335 2.860277
0.1570228 0.2060547 2.727578
0.3369823 0.8817855 2.765105
0.336906 0.5701494 2.783543
0.3159383 0.2466635 2.857093
0.3088466 0.2165949 2.722826
0.2678048 1.424909 2.773882
0.08156672 0.7717997 2.708462
0.03683385 0.8377538 2.703189
0.4362984 0.7837234 2.704049
0.4209885 0.8388346 2.678108
114
0.2629494 0.8815608 2.80596
0.2660399 1.194852 2.792145
0.2688176 1.499792 2.764421
0.2814677 1.641565 2.729903
0.09604099 1.386374 2.791411
0.05498145 1.120368 2.8016
0.06014931 0.9031287 2.746813
0.07028978 0.8399503 2.72368
0.4505434 1.379125 2.783648
0.475076 1.128098 2.792397
0.464398 0.9115311 2.73352
0.4486633 0.8504027 2.716821
0.1814248 0.8845657 2.772725
0.1618915 0.5567371 2.775261
0.1603574 0.2416161 2.860144
0.1575447 0.2058982 2.727494
0.3376226 0.881732 2.764512
0.3373639 0.5693095 2.782405
0.3162109 0.2468783 2.857043
0.3092286 0.2162426 2.722719
0.2682527 1.424771 2.773796
0.08191303 0.771732 2.708047
0.03708987 0.8375777 2.701935
0.4372016 0.7832895 2.70433
0.4196628 0.8400072 2.679909
