128
1
-0.03664672 1.205132 3.136105
-0.04513716 1.52711 3.085333
-0.05430926 1.839723 3.022406
-0.08693287 1.964623 2.981218
-0.2223174 1.708422 3.03075
-0.2747289 1.470679 3.033071
-0.2218805 1.218051 3.016485
-0.2079753 1.138751 3.024364
0.1106698 1.718805 3.050688
0.1775938 1.517549 3.072572
0.1393383 1.247665 3.069319
0.1397639 1.157306 3.079285
-0.1116284 1.196558 3.092931
-0.1295479 0.7907742 3.168028
-0.1270746 0.3877684 3.266435
-0.1298899 0.3579431 3.144362
0.0391119 1.208631 3.102191
0.06708512 0.8005954 3.164824
0.06553887 0.4019938 3.273716
0.1105366 0.3718005 3.163832
-0.05199841 1.762959 3.040375
-0.205625 1.067816 3.031203
-0.2426275 1.129073 3.004236
0.1428917 1.085759 3.078557
0.1699834 1.157843 3.075905
2
-0.03664672 1.205132 3.136105
-0.04513716 1.52711 3.085333
-0.05430926 1.839723 3.022406
-0.08693287 1.964623 2.981218
-0.2223174 1.708422 3.03075
-0.2747289 1.470679 3.033071
-0.2218805 1.218051 3.016485
-0.2079753 1.138751 3.024364
0.1106698 1.718805 3.050688
0.1775938 1.517549 3.072572
0.1393383 1.247665 3.069319
0.1397639 1.157306 3.079285
-0.1116284 1.196558 3.092931
-0.1295479 0.7907742 3.168028
-0.1270746 0.3877684 3.266435
-0.1298899 0.3579431 3.144362
0.0391119 1.208631 3.102191
0.06708512 0.8005954 3.164824
0.06553887 0.4019938 3.273716
0.1105366 0.3718005 3.163832
-0.05199841 1.762959 3.040375
-0.205625 1.067816 3.031203
-0.2426275 1.129073 3.004236
0.1428917 1.085759 3.078557
0.1699834 1.157843 3.075905
3
-0.03670405 1.205115 3.13603
-0.04525377 1.527094 3.085278
-0.05446178 1.839696 3.022376
-0.08705594 1.964608 2.981161
-0.2223912 1.70841 3.030674
-0.2749312 1.471749 3.033009
-0.2218801 1.218109 3.016421
-0.2079488 1.138736 3.024436
0.1105051 1.718799 3.05065
0.1775 1.517562 3.072493
0.1399343 1.247684 3.069304
0.1400419 1.157408 3.079439
-0.111666 1.196527 3.092838
-0.1295716 0.7907719 3.167994
-0.1270145 0.3876901 3.266587
-0.1298833 0.3576895 3.144008
0.03904005 1.208625 3.102141
0.06706246 0.8005787 3.164798
0.06553108 0.4027886 3.273438
0.1095805 0.3728651 3.164494
-0.05214335 1.762936 3.040339
-0.2054072 1.067412 3.030754
-0.2391094 1.11094 3.003521
0.1432746 1.085896 3.07867
0.1696723 1.1596 3.075564
4
-0.03670405 1.205115 3.13603
-0.04525377 1.527094 3.085278
-0.05446178 1.839696 3.022376
-0.08705594 1.964608 2.981161
-0.2223912 1.70841 3.030674
-0.2749312 1.471749 3.033009
-0.2218801 1.218109 3.016421
-0.2079488 1.138736 3.024436
0.1105051 1.718799 3.05065
0.1775 1.517562 3.072493
0.1399343 1.247684 3.069304
0.1400419 1.157408 3.079439
-0.111666 1.196527 3.092838
-0.1295716 0.7907719 3.167994
-0.1270145 0.3876901 3.266587
-0.1298833 0.3576895 3.144008
0.03904005 1.208625 3.102141
0.06706246 0.8005787 3.164798
0.06553108 0.4027886 3.273438
0.1095805 0.3728651 3.164494
-0.05214335 1.762936 3.040339
-0.2054072 1.067412 3.030754
-0.2391094 1.11094 3.003521
0.1432746 1.085896 3.07867
0.1696723 1.1596 3.075564
5
-0.03675503 1.205095 3.135962
-0.04535973 1.527076 3.085228
-0.05459878 1.839668 3.022349
-0.08716117 1.964593 2.981109
-0.2224581 1.708389 3.030601
-0.2750517 1.472406 3.032978
-0.221881 1.218167 3.016372
-0.2079405 1.138752 3.024467
0.1103471 1.718789 3.050611
0.1774406 1.517579 3.072405
0.1404112 1.247627 3.069369
0.1402063 1.157104 3.079524
-0.1116979 1.196493 3.092755
-0.129594 0.7907709 3.167959
-0.1269572 0.387672 3.266711
-0.1298659 0.3575242 3.143728
0.03897484 1.208617 3.102097
0.06703918 0.8005323 3.164778
0.06549706 0.4020208 3.273648
0.1102918 0.3716999 3.163296
-0.05227415 1.762911 3.040306
-0.2054036 1.067328 3.030779
-0.2389274 1.1108 3.00369
0.1435627 1.085548 3.07896
0.1694085 1.161696 3.075437
6
-0.03675503 1.205095 3.135962
-0.04535973 1.527076 3.085228
-0.05459878 1.839668 3.022349
-0.08716117 1.964593 2.981109
-0.2224581 1.708389 3.030601
-0.2750517 1.472406 3.032978
-0.221881 1.218167 3.016372
-0.2079405 1.138752 3.024467
0.1103471 1.718789 3.050611
0.1774406 1.517579 3.072405
0.1404112 1.247627 3.069369
0.1402063 1.157104 3.079524
-0.1116979 1.196493 3.092755
-0.129594 0.7907709 3.167959
-0.1269572 0.387672 3.266711
-0.1298659 0.3575242 3.143728
0.03897484 1.208617 3.102097
0.06703918 0.8005323 3.164778
0.06549706 0.4020208 3.273648
0.1102918 0.3716999 3.163296
-0.05227415 1.762911 3.040306
-0.2054036 1.067328 3.030779
-0.2389274 1.1108 3.00369
0.1435627 1.085548 3.07896
0.1694085 1.161696 3.075437
7
-0.03680094 1.205073 3.135898
-0.04545543 1.527057 3.085182
-0.05472037 1.839641 3.022326
-0.08724065 1.964575 2.981066
-0.2225209 1.708353 3.030531
-0.2751329 1.472843 3.03293
-0.2218803 1.218209 3.016335
-0.2078994 1.138799 3.024477
0.1102028 1.718777 3.050577
0.1773907 1.517596 3.072324
0.1407788 1.247459 3.069552
0.1403879 1.156801 3.079558
-0.1117273 1.196453 3.092669
-0.1296076 0.7907621 3.167939
-0.1269153 0.3876428 3.2668
-0.1298542 0.3573842 3.143497
0.0389177 1.208606 3.102057
0.06701677 0.8004854 3.164755
0.06547147 0.4024018 3.273538
0.1101817 0.371908 3.162583
-0.05239086 1.762887 3.040277
-0.2055174 1.067267 3.030888
-0.2385705 1.109063 3.003616
0.1437865 1.085289 3.079117
0.170393 1.150299 3.073372
8
-0.03680094 1.205073 3.135898
-0.04545543 1.527057 3.085182
-0.05472037 1.839641 3.022326
-0.08724065 1.964575 2.981066
-0.2225209 1.708353 3.030531
-0.2751329 1.472843 3.03293
-0.2218803 1.218209 3.016335
-0.2078994 1.138799 3.024477
0.1102028 1.718777 3.050577
0.1773907 1.517596 3.072324
0.1407788 1.247459 3.069552
0.1403879 1.156801 3.079558
-0.1117273 1.196453 3.092669
-0.1296076 0.7907621 3.167939
-0.1269153 0.3876428 3.2668
-0.1298542 0.3573842 3.143497
0.0389177 1.208606 3.102057
0.06701677 0.8004854 3.164755
0.06547147 0.4024018 3.273538
0.1101817 0.371908 3.162583
-0.05239086 1.762887 3.040277
-0.2055174 1.067267 3.030888
-0.2385705 1.109063 3.003616
0.1437865 1.085289 3.079117
0.170393 1.150299 3.073372
9
-0.03684591 1.205052 3.135829
-0.04554463 1.52704 3.085134
-0.0548282 1.839616 3.0223
-0.08729894 1.964565 2.981024
-0.2225813 1.708325 3.030473
-0.2751868 1.473162 3.032881
-0.2219289 1.218133 3.016323
-0.207865 1.138769 3.024499
0.1100707 1.718764 3.050544
0.1773475 1.517612 3.072248
0.1412718 1.247276 3.069873
0.1405914 1.156564 3.079706
-0.1117565 1.196415 3.092582
-0.1296187 0.7907472 3.16792
-0.1268678 0.387955 3.266795
-0.1300679 0.3572813 3.141928
0.03886286 1.208599 3.102013
0.06699709 0.8004536 3.164735
0.0654423 0.4029154 3.273382
0.1100301 0.3722723 3.161899
-0.05249569 1.762864 3.040246
-0.2054888 1.067221 3.030892
-0.2383673 1.107218 3.004387
0.1439932 1.085085 3.079275
0.170479 1.149283 3.073174
10
-0.03684591 1.205052 3.135829
-0.04554463 1.52704 3.085134
-0.0548282 1.839616 3.0223
-0.08729894 1.964565 2.981024
-0.2225813 1.708325 3.030473
-0.2751868 1.473162 3.032881
-0.2219289 1.218133 3.016323
-0.207865 1.138769 3.024499
0.1100707 1.718764 3.050544
0.1773475 1.517612 3.072248
0.1412718 1.247276 3.069873
0.1405914 1.156564 3.079706
-0.1117565 1.196415 3.092582
-0.1296187 0.7907472 3.16792
-0.1268678 0.387955 3.266795
-0.1300679 0.3572813 3.141928
0.03886286 1.208599 3.102013
0.06699709 0.8004536 3.164735
0.0654423 0.4029154 3.273382
0.1100301 0.3722723 3.161899
-0.05249569 1.762864 3.040246
-0.2054888 1.067221 3.030892
-0.2383673 1.107218 3.004387
0.1439932 1.085085 3.079275
0.170479 1.149283 3.073174
11
-0.03688952 1.20503 3.135763
-0.04562999 1.527021 3.085086
-0.05492894 1.839592 3.022272
-0.08734268 1.964558 2.980984
-0.2226429 1.708294 3.030408
-0.2755131 1.474174 3.032614
-0.2219702 1.21807 3.016319
-0.2078457 1.13864 3.024476
0.1099437 1.718744 3.05051
0.1773129 1.517625 3.072182
0.1415838 1.247177 3.070009
0.1407353 1.156361 3.079754
-0.1117853 1.196375 3.092498
-0.129629 0.7907295 3.1679
-0.1268073 0.388215 3.266809
-0.1302445 0.3572522 3.140903
0.03881029 1.208591 3.10197
0.06697398 0.800431 3.164709
0.06541375 0.4034061 3.273237
0.1099171 0.3726396 3.161325
-0.05259436 1.762842 3.040214
-0.2052531 1.067117 3.030703
-0.2385231 1.105484 3.003412
0.1441679 1.084924 3.079297
0.1702543 1.149435 3.072396
12
-0.03688952 1.20503 3.135763
-0.04562999 1.527021 3.085086
-0.05492894 1.839592 3.022272
-0.08734268 1.964558 2.980984
-0.2226429 1.708294 3.030408
-0.2755131 1.474174 3.032614
-0.2219702 1.21807 3.016319
-0.2078457 1.13864 3.024476
0.1099437 1.718744 3.05051
0.1773129 1.517625 3.072182
0.1415838 1.247177 3.070009
0.1407353 1.156361 3.079754
-0.1117853 1.196375 3.092498
-0.129629 0.7907295 3.1679
-0.1268073 0.388215 3.266809
-0.1302445 0.3572522 3.140903
0.03881029 1.208591 3.10197
0.06697398 0.800431 3.164709
0.06541375 0.4034061 3.273237
0.1099171 0.3726396 3.161325
-0.05259436 1.762842 3.040214
-0.2052531 1.067117 3.030703
-0.2385231 1.105484 3.003412
0.1441679 1.084924 3.079297
0.1702543 1.149435 3.072396
13
-0.03692987 1.205008 3.135701
-0.045711 1.527002 3.085042
-0.05502839 1.839568 3.022246
-0.0873732 1.964552 2.980956
-0.2226992 1.708266 3.030349
-0.2755935 1.474474 3.032543
-0.2219992 1.218033 3.016317
-0.2078323 1.138615 3.024492
0.109831 1.718723 3.050485
0.1772898 1.517636 3.072124
0.1419036 1.247115 3.070101
0.1408721 1.156191 3.079884
-0.1118122 1.196336 3.092418
-0.1296415 0.7906922 3.167887
-0.1267585 0.3881661 3.266869
-0.1306162 0.356922 3.139921
0.03876303 1.208581 3.101932
0.06695217 0.80041 3.164685
0.06538446 0.4036033 3.273188
0.1098887 0.3727704 3.161072
-0.05269087 1.76282 3.040184
-0.2052282 1.067078 3.030684
-0.2396508 1.117417 3.004896
0.1443657 1.084793 3.079509
0.1695039 1.154409 3.072279
14
-0.03692987 1.205008 3.135701
-0.045711 1.527002 3.085042
-0.05502839 1.839568 3.022246
-0.0873732 1.964552 2.980956
-0.2226992 1.708266 3.030349
-0.2755935 1.474474 3.032543
-0.2219992 1.218033 3.016317
-0.2078323 1.138615 3.024492
0.109831 1.718723 3.050485
0.1772898 1.517636 3.072124
0.1419036 1.247115 3.070101
0.1408721 1.156191 3.079884
-0.1118122 1.196336 3.092418
-0.1296415 0.7906922 3.167887
-0.1267585 0.3881661 3.266869
-0.1306162 0.356922 3.139921
0.03876303 1.208581 3.101932
0.06695217 0.80041 3.164685
0.06538446 0.4036033 3.273188
0.1098887 0.3727704 3.161072
-0.05269087 1.76282 3.040184
-0.2052282 1.067078 3.030684
-0.2396508 1.117417 3.004896
0.1443657 1.084793 3.079509
0.1695039 1.154409 3.072279
15
-0.0369688 1.204986 3.135646
-0.04578614 1.526983 3.085003
-0.05511836 1.839546 3.022223
-0.08739526 1.964548 2.980934
-0.2227533 1.708241 3.03029
-0.2758023 1.475069 3.032356
-0.2220174 1.21801 3.016316
-0.2078203 1.138566 3.024507
0.1097276 1.718701 3.050462
0.1772716 1.517646 3.072071
0.1422076 1.247073 3.07016
0.141022 1.156059 3.080073
-0.1118368 1.196299 3.092354
-0.1296542 0.7906535 3.167876
-0.1267281 0.3881673 3.266901
-0.1307728 0.3570148 3.140401
0.03871543 1.20857 3.101897
0.06693108 0.800392 3.164662
0.06535192 0.4037457 3.273158
0.1098692 0.3728584 3.160886
-0.05277878 1.762799 3.040157
-0.20521 1.067047 3.030674
-0.2398267 1.119678 3.005063
0.1445848 1.084688 3.079871
0.1693038 1.155565 3.07228
16
-0.0369688 1.204986 3.135646
-0.04578614 1.526983 3.085003
-0.05511836 1.839546 3.022223
-0.08739526 1.964548 2.980934
-0.2227533 1.708241 3.03029
-0.2758023 1.475069 3.032356
-0.2220174 1.21801 3.016316
-0.2078203 1.138566 3.024507
0.1097276 1.718701 3.050462
0.1772716 1.517646 3.072071
0.1422076 1.247073 3.07016
0.141022 1.156059 3.080073
-0.1118368 1.196299 3.092354
-0.1296542 0.7906535 3.167876
-0.1267281 0.3881673 3.266901
-0.1307728 0.3570148 3.140401
0.03871543 1.20857 3.101897
0.06693108 0.800392 3.164662
0.06535192 0.4037457 3.273158
0.1098692 0.3728584 3.160886
-0.05277878 1.762799 3.040157
-0.20521 1.067047 3.030674
-0.2398267 1.119678 3.005063
0.1445848 1.084688 3.079871
0.1693038 1.155565 3.07228
17
-0.03700532 1.204966 3.135595
-0.04585702 1.526967 3.084968
-0.05520424 1.839529 3.022207
-0.08741105 1.964548 2.980913
-0.2228045 1.708216 3.030235
-0.2759047 1.475393 3.032253
-0.2220327 1.217989 3.016317
-0.2077687 1.138521 3.024492
0.109609 1.718686 3.050436
0.1772603 1.517667 3.072019
0.1424841 1.24705 3.070191
0.1411458 1.155937 3.08017
-0.1118596 1.196265 3.092295
-0.1296666 0.7906126 3.167867
-0.1268056 0.3875664 3.267332
-0.1300001 0.3567089 3.142386
0.03866961 1.20856 3.101863
0.06691284 0.8003772 3.164642
0.06532697 0.4038552 3.273126
0.1098573 0.3729289 3.160738
-0.05286252 1.762782 3.040137
-0.2047276 1.066968 3.030421
-0.2401217 1.124971 3.004889
0.1447086 1.084615 3.079975
0.1695734 1.153437 3.072559
18
-0.03700532 1.204966 3.135595
-0.04585702 1.526967 3.084968
-0.05520424 1.839529 3.022207
-0.08741105 1.964548 2.980913
-0.2228045 1.708216 3.030235
-0.2759047 1.475393 3.032253
-0.2220327 1.217989 3.016317
-0.2077687 1.138521 3.024492
0.109609 1.718686 3.050436
0.1772603 1.517667 3.072019
0.1424841 1.24705 3.070191
0.1411458 1.155937 3.08017
-0.1118596 1.196265 3.092295
-0.1296666 0.7906126 3.167867
-0.1268056 0.3875664 3.267332
-0.1300001 0.3567089 3.142386
0.03866961 1.20856 3.101863
0.06691284 0.8003772 3.164642
0.06532697 0.4038552 3.273126
0.1098573 0.3729289 3.160738
-0.05286252 1.762782 3.040137
-0.2047276 1.066968 3.030421
-0.2401217 1.124971 3.004889
0.1447086 1.084615 3.079975
0.1695734 1.153437 3.072559
19
-0.03704822 1.204944 3.135548
-0.04593009 1.526951 3.084937
-0.05528644 1.839515 3.022195
-0.08741771 1.964566 2.98088
-0.2228633 1.708197 3.030175
-0.2763383 1.477023 3.031804
-0.2220352 1.217983 3.016312
-0.2077242 1.138478 3.024496
0.1094881 1.718678 3.050419
0.1772579 1.517697 3.071968
0.1427358 1.24704 3.07022
0.1412005 1.155851 3.080332
-0.1118848 1.196232 3.092241
-0.1296801 0.7905771 3.167856
-0.1268969 0.387042 3.267496
-0.129646 0.356444 3.143653
0.03860857 1.208546 3.101835
0.06689325 0.8003642 3.164618
0.06530432 0.4039433 3.273098
0.1098472 0.3729886 3.160632
-0.05294397 1.762767 3.04012
-0.2045317 1.066911 3.030399
-0.2402623 1.126726 3.004941
0.1448171 1.084559 3.080068
0.1696136 1.15296 3.072611
20
-0.03704822 1.204944 3.135548
-0.04593009 1.526951 3.084937
-0.05528644 1.839515 3.022195
-0.08741771 1.964566 2.98088
-0.2228633 1.708197 3.030175
-0.2763383 1.477023 3.031804
-0.2220352 1.217983 3.016312
-0.2077242 1.138478 3.024496
0.1094881 1.718678 3.050419
0.1772579 1.517697 3.071968
0.1427358 1.24704 3.07022
0.1412005 1.155851 3.080332
-0.1118848 1.196232 3.092241
-0.1296801 0.7905771 3.167856
-0.1268969 0.387042 3.267496
-0.129646 0.356444 3.143653
0.03860857 1.208546 3.101835
0.06689325 0.8003642 3.164618
0.06530432 0.4039433 3.273098
0.1098472 0.3729886 3.160632
-0.05294397 1.762767 3.04012
-0.2045317 1.066911 3.030399
-0.2402623 1.126726 3.004941
0.1448171 1.084559 3.080068
0.1696136 1.15296 3.072611
21
-0.03712268 1.204913 3.135497
-0.04602183 1.526931 3.084904
-0.05537091 1.8395 3.022183
-0.08742014 1.964593 2.980854
-0.2229288 1.708179 3.030113
-0.2776359 1.48125 3.030531
-0.2220332 1.21798 3.016301
-0.2077 1.138435 3.024517
0.1093553 1.718683 3.050411
0.1772622 1.517744 3.071916
0.142866 1.247028 3.070243
0.1411711 1.155753 3.080389
-0.1119317 1.196192 3.092178
-0.1296977 0.7905502 3.167841
-0.1270152 0.3865121 3.267645
-0.1293043 0.3561777 3.144903
0.03849762 1.208519 3.101813
0.06687104 0.8003497 3.16459
0.06527404 0.4038075 3.273132
0.1103004 0.3728501 3.160697
-0.05303127 1.762752 3.040103
-0.2041461 1.066857 3.030432
-0.2399723 1.124014 3.006418
0.144871 1.084521 3.080126
0.1693221 1.153416 3.072611
22
-0.03712268 1.204913 3.135497
-0.04602183 1.526931 3.084904
-0.05537091 1.8395 3.022183
-0.08742014 1.964593 2.980854
-0.2229288 1.708179 3.030113
-0.2776359 1.48125 3.030531
-0.2220332 1.21798 3.016301
-0.2077 1.138435 3.024517
0.1093553 1.718683 3.050411
0.1772622 1.517744 3.071916
0.142866 1.247028 3.070243
0.1411711 1.155753 3.080389
-0.1119317 1.196192 3.092178
-0.1296977 0.7905502 3.167841
-0.1270152 0.3865121 3.267645
-0.1293043 0.3561777 3.144903
0.03849762 1.208519 3.101813
0.06687104 0.8003497 3.16459
0.06527404 0.4038075 3.273132
0.1103004 0.3728501 3.160697
-0.05303127 1.762752 3.040103
-0.2041461 1.066857 3.030432
-0.2399723 1.124014 3.006418
0.144871 1.084521 3.080126
0.1693221 1.153416 3.072611
23
-0.03723824 1.204876 3.135456
-0.04615266 1.526903 3.084882
-0.0554813 1.839478 3.022181
-0.08742028 1.964635 2.980835
-0.2229973 1.708162 3.030052
-0.2787707 1.484764 3.029515
-0.2220596 1.217965 3.016288
-0.207717 1.138394 3.024537
0.1091645 1.718705 3.050419
0.1772646 1.517809 3.071871
0.1429497 1.247021 3.070264
0.1409117 1.15564 3.080543
-0.1120015 1.196151 3.092116
-0.1297219 0.7905283 3.167822
-0.1271362 0.3860407 3.267761
-0.1290289 0.3558914 3.145786
0.03831259 1.208483 3.101823
0.06683805 0.8003308 3.164544
0.06524306 0.4037383 3.27315
0.1106191 0.3727788 3.160763
-0.05314839 1.762729 3.040097
-0.2032292 1.066122 3.031203
-0.2400757 1.121354 3.006453
0.144807 1.084508 3.080242
0.1687327 1.152353 3.073477
24
-0.03723824 1.204876 3.135456
-0.04615266 1.526903 3.084882
-0.0554813 1.839478 3.022181
-0.08742028 1.964635 2.980835
-0.2229973 1.708162 3.030052
-0.2787707 1.484764 3.029515
-0.2220596 1.217965 3.016288
-0.207717 1.138394 3.024537
0.1091645 1.718705 3.050419
0.1772646 1.517809 3.071871
0.1429497 1.247021 3.070264
0.1409117 1.15564 3.080543
-0.1120015 1.196151 3.092116
-0.1297219 0.7905283 3.167822
-0.1271362 0.3860407 3.267761
-0.1290289 0.3558914 3.145786
0.03831259 1.208483 3.101823
0.06683805 0.8003308 3.164544
0.06524306 0.4037383 3.27315
0.1106191 0.3727788 3.160763
-0.05314839 1.762729 3.040097
-0.2032292 1.066122 3.031203
-0.2400757 1.121354 3.006453
0.144807 1.084508 3.080242
0.1687327 1.152353 3.073477
25
-0.03743913 1.204835 3.13542
-0.04643576 1.526871 3.084889
-0.05580313 1.839454 3.022246
-0.08744846 1.964722 2.980842
-0.223195 1.708172 3.02997
-0.2797533 1.487578 3.028737
-0.2238138 1.218616 3.01723
-0.2081083 1.138283 3.024836
0.108833 1.718762 3.050479
0.1772479 1.517914 3.071855
0.1425566 1.246556 3.0704
0.1401496 1.154392 3.081055
-0.1121392 1.196111 3.092049
-0.1298268 0.7905542 3.167753
-0.1273552 0.385598 3.267737
-0.1293543 0.3553685 3.145352
0.03802923 1.208436 3.101857
0.06678355 0.8002808 3.164463
0.06521823 0.4036901 3.273165
0.1108814 0.3727089 3.160791
-0.05346433 1.762703 3.040149
-0.2032191 1.065994 3.031603
-0.240895 1.114216 3.008372
0.1438784 1.083301 3.080604
0.1677435 1.15382 3.074733
26
-0.03743913 1.204835 3.13542
-0.04643576 1.526871 3.084889
-0.05580313 1.839454 3.022246
-0.08744846 1.964722 2.980842
-0.223195 1.708172 3.02997
-0.2797533 1.487578 3.028737
-0.2238138 1.218616 3.01723
-0.2081083 1.138283 3.024836
0.108833 1.718762 3.050479
0.1772479 1.517914 3.071855
0.1425566 1.246556 3.0704
0.1401496 1.154392 3.081055
-0.1121392 1.196111 3.092049
-0.1298268 0.7905542 3.167753
-0.1273552 0.385598 3.267737
-0.1293543 0.3553685 3.145352
0.03802923 1.208436 3.101857
0.06678355 0.8002808 3.164463
0.06521823 0.4036901 3.273165
0.1108814 0.3727089 3.160791
-0.05346433 1.762703 3.040149
-0.2032191 1.065994 3.031603
-0.240895 1.114216 3.008372
0.1438784 1.083301 3.080604
0.1677435 1.15382 3.074733
27
-0.03776202 1.204805 3.135393
-0.04696136 1.526867 3.08496
-0.05651343 1.839482 3.022475
-0.08751175 1.964861 2.980875
-0.223607 1.708236 3.029925
-0.2805223 1.488339 3.028502
-0.2255672 1.219196 3.018131
-0.2086352 1.138347 3.024998
0.1080772 1.718922 3.050704
0.1770021 1.518115 3.071892
0.1417337 1.246377 3.070649
0.1392921 1.154092 3.081163
-0.112385 1.196086 3.091974
-0.1299966 0.7906503 3.167634
-0.1275536 0.3853397 3.267651
-0.1296266 0.3550637 3.14501
0.03762118 1.208398 3.101919
0.0666818 0.8001831 3.164287
0.06518885 0.4036559 3.273165
0.1111107 0.3726318 3.160809
-0.05413184 1.762722 3.040335
-0.2031063 1.065924 3.031803
-0.2413002 1.112828 3.008919
0.1427892 1.083219 3.080353
0.1666614 1.152722 3.074612
28
-0.03776202 1.204805 3.135393
-0.04696136 1.526867 3.08496
-0.05651343 1.839482 3.022475
-0.08751175 1.964861 2.980875
-0.223607 1.708236 3.029925
-0.2805223 1.488339 3.028502
-0.2255672 1.219196 3.018131
-0.2086352 1.138347 3.024998
0.1080772 1.718922 3.050704
0.1770021 1.518115 3.071892
0.1417337 1.246377 3.070649
0.1392921 1.154092 3.081163
-0.112385 1.196086 3.091974
-0.1299966 0.7906503 3.167634
-0.1275536 0.3853397 3.267651
-0.1296266 0.3550637 3.14501
0.03762118 1.208398 3.101919
0.0666818 0.8001831 3.164287
0.06518885 0.4036559 3.273165
0.1111107 0.3726318 3.160809
-0.05413184 1.762722 3.040335
-0.2031063 1.065924 3.031803
-0.2413002 1.112828 3.008919
0.1427892 1.083219 3.080353
0.1666614 1.152722 3.074612
29
-0.03828487 1.20476 3.135383
-0.04802818 1.526925 3.085176
-0.05835896 1.839786 3.023152
-0.08770961 1.965081 2.981034
-0.224503 1.708348 3.030017
-0.2794017 1.45534 3.035225
-0.2339863 1.196161 3.022618
-0.2103675 1.137243 3.025745
0.1065229 1.719093 3.051347
0.1763636 1.518373 3.072071
0.1404207 1.24647 3.071059
0.1381886 1.15382 3.081247
-0.1128386 1.196056 3.091908
-0.1302077 0.7907476 3.167514
-0.1276555 0.3852268 3.267694
-0.1297849 0.3548515 3.144791
0.03704413 1.20834 3.102004
0.06633337 0.7998884 3.163922
0.06517293 0.4026759 3.273218
0.110939 0.3718018 3.1615
-0.05576246 1.762947 3.040875
-0.2038809 1.066067 3.032315
-0.2435339 1.112775 3.008845
0.1417614 1.083209 3.080027
0.1656807 1.150727 3.074556
30
-0.03828487 1.20476 3.135383
-0.04802818 1.526925 3.085176
-0.05835896 1.839786 3.023152
-0.08770961 1.965081 2.981034
-0.224503 1.708348 3.030017
-0.2794017 1.45534 3.035225
-0.2339863 1.196161 3.022618
-0.2103675 1.137243 3.025745
0.1065229 1.719093 3.051347
0.1763636 1.518373 3.072071
0.1404207 1.24647 3.071059
0.1381886 1.15382 3.081247
-0.1128386 1.196056 3.091908
-0.1302077 0.7907476 3.167514
-0.1276555 0.3852268 3.267694
-0.1297849 0.3548515 3.144791
0.03704413 1.20834 3.102004
0.06633337 0.7998884 3.163922
0.06517293 0.4026759 3.273218
0.110939 0.3718018 3.1615
-0.05576246 1.762947 3.040875
-0.2038809 1.066067 3.032315
-0.2435339 1.112775 3.008845
0.1417614 1.083209 3.080027
0.1656807 1.150727 3.074556
31
-0.03933953 1.204705 3.135432
-0.05024768 1.526962 3.085703
-0.06203953 1.840006 3.024501
-0.08823122 1.965405 2.981405
-0.2267491 1.708592 3.030517
-0.2794454 1.441816 3.038305
-0.2383239 1.19843 3.023299
-0.2127885 1.137463 3.026387
0.1037841 1.71958 3.052484
0.175209 1.518939 3.072343
0.1386527 1.247041 3.071556
0.1362298 1.155153 3.080425
-0.1138021 1.196036 3.091836
-0.1305989 0.7908708 3.167354
-0.1277525 0.3851664 3.267733
-0.1299454 0.3547081 3.144692
0.03593299 1.208253 3.102221
0.06560598 0.7992809 3.162908
0.06501419 0.3971235 3.273224
0.1102689 0.3724729 3.183602
-0.05906378 1.763112 3.041994
-0.2052295 1.066192 3.032786
-0.2479623 1.115501 3.010228
0.1402231 1.084841 3.078432
0.1656327 1.123171 3.069781
32
-0.03933953 1.204705 3.135432
-0.05024768 1.526962 3.085703
-0.06203953 1.840006 3.024501
-0.08823122 1.965405 2.981405
-0.2267491 1.708592 3.030517
-0.2794454 1.441816 3.038305
-0.2383239 1.19843 3.023299
-0.2127885 1.137463 3.026387
0.1037841 1.71958 3.052484
0.175209 1.518939 3.072343
0.1386527 1.247041 3.071556
0.1362298 1.155153 3.080425
-0.1138021 1.196036 3.091836
-0.1305989 0.7908708 3.167354
-0.1277525 0.3851664 3.267733
-0.1299454 0.3547081 3.144692
0.03593299 1.208253 3.102221
0.06560598 0.7992809 3.162908
0.06501419 0.3971235 3.273224
0.1102689 0.3724729 3.183602
-0.05906378 1.763112 3.041994
-0.2052295 1.066192 3.032786
-0.2479623 1.115501 3.010228
0.1402231 1.084841 3.078432
0.1656327 1.123171 3.069781
33
-0.04104862 1.204583 3.135498
-0.05331776 1.526971 3.08649
-0.06659423 1.840228 3.026376
-0.08909795 1.965852 2.981972
-0.230123 1.708713 3.031337
-0.2798729 1.434932 3.040018
-0.241557 1.201241 3.023619
-0.2153026 1.137561 3.026625
0.1000634 1.720094 3.054175
0.1726826 1.51956 3.072962
0.1359114 1.246813 3.072148
0.1346045 1.155284 3.079465
-0.1154833 1.195964 3.091707
-0.1314209 0.7908613 3.167126
-0.1278003 0.3851793 3.26772
-0.1301802 0.3545978 3.144476
0.03426275 1.208095 3.102512
0.06353237 0.7978631 3.158391
0.06508427 0.3981032 3.265296
0.1139328 0.3717949 3.16621
-0.06325223 1.763274 3.043573
-0.2058122 1.065625 3.033327
-0.2510439 1.117093 3.009332
0.1394437 1.084985 3.077237
0.1641425 1.120985 3.068492
34
-0.04104862 1.204583 3.135498
-0.05331776 1.526971 3.08649
-0.06659423 1.840228 3.026376
-0.08909795 1.965852 2.981972
-0.230123 1.708713 3.031337
-0.2798729 1.434932 3.040018
-0.241557 1.201241 3.023619
-0.2153026 1.137561 3.026625
0.1000634 1.720094 3.054175
0.1726826 1.51956 3.072962
0.1359114 1.246813 3.072148
0.1346045 1.155284 3.079465
-0.1154833 1.195964 3.091707
-0.1314209 0.7908613 3.167126
-0.1278003 0.3851793 3.26772
-0.1301802 0.3545978 3.144476
0.03426275 1.208095 3.102512
0.06353237 0.7978631 3.158391
0.06508427 0.3981032 3.265296
0.1139328 0.3717949 3.16621
-0.06325223 1.763274 3.043573
-0.2058122 1.065625 3.033327
-0.2510439 1.117093 3.009332
0.1394437 1.084985 3.077237
0.1641425 1.120985 3.068492
35
-0.04396116 1.204521 3.135878
-0.05816565 1.52714 3.088124
-0.07323214 1.840684 3.029609
-0.09109063 1.966466 2.983152
-0.2345553 1.708893 3.03281
-0.3035744 1.467548 3.03834
-0.2443483 1.204993 3.023896
-0.218693 1.137735 3.027644
0.09490535 1.720782 3.056952
0.1680508 1.520301 3.074495
0.13254 1.245486 3.073114
0.1338647 1.155394 3.079286
-0.1182455 1.195936 3.091796
-0.1326717 0.7907313 3.166905
-0.1279947 0.3851387 3.267567
-0.1304088 0.3545112 3.144273
0.0313304 1.208015 3.103223
0.0603247 0.7976853 3.14888
0.06523568 0.3948571 3.248406
0.1149784 0.3727271 3.156381
-0.06947487 1.763656 3.046393
-0.2064373 1.065578 3.033761
-0.2556884 1.118252 3.009672
0.1392341 1.085067 3.076335
0.1613822 1.131032 3.071039
36
-0.04396116 1.204521 3.135878
-0.05816565 1.52714 3.088124
-0.07323214 1.840684 3.029609
-0.09109063 1.966466 2.983152
-0.2345553 1.708893 3.03281
-0.3035744 1.467548 3.03834
-0.2443483 1.204993 3.023896
-0.218693 1.137735 3.027644
0.09490535 1.720782 3.056952
0.1680508 1.520301 3.074495
0.13254 1.245486 3.073114
0.1338647 1.155394 3.079286
-0.1182455 1.195936 3.091796
-0.1326717 0.7907313 3.166905
-0.1279947 0.3851387 3.267567
-0.1304088 0.3545112 3.144273
0.0313304 1.208015 3.103223
0.0603247 0.7976853 3.14888
0.06523568 0.3948571 3.248406
0.1149784 0.3727271 3.156381
-0.06947487 1.763656 3.046393
-0.2064373 1.065578 3.033761
-0.2556884 1.118252 3.009672
0.1392341 1.085067 3.076335
0.1613822 1.131032 3.071039
37
-0.04806871 1.20429 3.136684
-0.06404506 1.526943 3.090439
-0.08041122 1.840465 3.033519
-0.09505319 1.967282 2.986108
-0.2418982 1.708079 3.035482
-0.3084155 1.459232 3.043071
-0.2461211 1.207521 3.024017
-0.2226155 1.138116 3.028951
0.0892104 1.720902 3.060431
0.1634654 1.520635 3.07651
0.1322883 1.245289 3.079586
0.1332353 1.155534 3.079233
-0.1220762 1.195653 3.092117
-0.1347676 0.7907028 3.166627
-0.1289095 0.3858418 3.26708
-0.1310235 0.3554148 3.144571
0.02703862 1.207876 3.1046
0.05604149 0.7997956 3.128834
0.06955867 0.3826906 3.207934
0.1155111 0.3730151 3.14906
-0.07637666 1.763449 3.049911
-0.2102842 1.065645 3.034528
-0.2588052 1.1184 3.009812
0.1394324 1.085099 3.07509
0.1606373 1.130852 3.071031
38
-0.04806871 1.20429 3.136684
-0.06404506 1.526943 3.090439
-0.08041122 1.840465 3.033519
-0.09505319 1.967282 2.986108
-0.2418982 1.708079 3.035482
-0.3084155 1.459232 3.043071
-0.2461211 1.207521 3.024017
-0.2226155 1.138116 3.028951
0.0892104 1.720902 3.060431
0.1634654 1.520635 3.07651
0.1322883 1.245289 3.079586
0.1332353 1.155534 3.079233
-0.1220762 1.195653 3.092117
-0.1347676 0.7907028 3.166627
-0.1289095 0.3858418 3.26708
-0.1310235 0.3554148 3.144571
0.02703862 1.207876 3.1046
0.05604149 0.7997956 3.128834
0.06955867 0.3826906 3.207934
0.1155111 0.3730151 3.14906
-0.07637666 1.763449 3.049911
-0.2102842 1.065645 3.034528
-0.2588052 1.1184 3.009812
0.1394324 1.085099 3.07509
0.1606373 1.130852 3.071031
39
-0.04806871 1.20429 3.136684
-0.06404506 1.526943 3.090439
-0.08041122 1.840465 3.033519
-0.09505319 1.967282 2.986108
-0.2418982 1.708079 3.035482
-0.3084155 1.459232 3.043071
-0.2461211 1.207521 3.024017
-0.2226155 1.138116 3.028951
0.0892104 1.720902 3.060431
0.1634654 1.520635 3.07651
0.1322883 1.245289 3.079586
0.1332353 1.155534 3.079233
-0.1220762 1.195653 3.092117
-0.1347676 0.7907028 3.166627
-0.1289095 0.3858418 3.26708
-0.1310235 0.3554148 3.144571
0.02703862 1.207876 3.1046
0.05604149 0.7997956 3.128834
0.06955867 0.3826906 3.207934
0.1155111 0.3730151 3.14906
-0.07637666 1.763449 3.049911
-0.2102842 1.065645 3.034528
-0.2588052 1.1184 3.009812
0.1394324 1.085099 3.07509
0.1606373 1.130852 3.071031
40
-0.05353814 1.204471 3.138174
-0.0709029 1.526839 3.093475
-0.08817042 1.839898 3.037974
-0.09995737 1.967852 2.990014
-0.2489515 1.707278 3.038358
-0.3105514 1.452503 3.046322
-0.2477924 1.20916 3.024392
-0.227256 1.137799 3.031134
0.08278319 1.720808 3.06488
0.158157 1.520797 3.079351
0.132134 1.242217 3.085267
0.1321455 1.15466 3.079754
-0.1269051 1.195634 3.09274
-0.1373119 0.7909111 3.166495
-0.1299537 0.3860961 3.266708
-0.1314441 0.3557932 3.144408
0.02092917 1.208348 3.107227
0.06156503 0.8128408 3.084242
0.07047575 0.3821105 3.185123
0.1164984 0.3730288 3.142282
-0.08394497 1.763013 3.054028
-0.2148518 1.064536 3.036225
-0.2655769 1.120205 3.012971
0.1387108 1.080564 3.072068
0.1577083 1.135404 3.07015
41
-0.05353814 1.204471 3.138174
-0.0709029 1.526839 3.093475
-0.08817042 1.839898 3.037974
-0.09995737 1.967852 2.990014
-0.2489515 1.707278 3.038358
-0.3105514 1.452503 3.046322
-0.2477924 1.20916 3.024392
-0.227256 1.137799 3.031134
0.08278319 1.720808 3.06488
0.158157 1.520797 3.079351
0.132134 1.242217 3.085267
0.1321455 1.15466 3.079754
-0.1269051 1.195634 3.09274
-0.1373119 0.7909111 3.166495
-0.1299537 0.3860961 3.266708
-0.1314441 0.3557932 3.144408
0.02092917 1.208348 3.107227
0.06156503 0.8128408 3.084242
0.07047575 0.3821105 3.185123
0.1164984 0.3730288 3.142282
-0.08394497 1.763013 3.054028
-0.2148518 1.064536 3.036225
-0.2655769 1.120205 3.012971
0.1387108 1.080564 3.072068
0.1577083 1.135404 3.07015
42
-0.05925896 1.20471 3.14044
-0.07853783 1.526489 3.097635
-0.09762209 1.838579 3.04401
-0.1049205 1.968023 2.994679
-0.2557115 1.706732 3.04148
-0.3136841 1.451542 3.048193
-0.2497235 1.210274 3.025027
-0.2342547 1.137602 3.034999
0.07523958 1.719691 3.072553
0.1527495 1.52023 3.083713
0.1317606 1.238896 3.090647
0.1312165 1.153483 3.080726
-0.1317553 1.195517 3.093839
-0.1412071 0.7919106 3.166871
-0.1316479 0.3861895 3.266706
-0.131772 0.3561144 3.144494
0.01433664 1.209117 3.111019
0.0693085 0.8285545 3.045435
0.07295925 0.4571714 3.153675
0.09669286 0.426419 3.047359
-0.09294274 1.761971 3.059599
-0.2245075 1.06457 3.040666
-0.2750936 1.122748 3.017729
0.1386668 1.077413 3.070434
0.156449 1.135981 3.069635
43
-0.06468653 1.204864 3.142986
-0.08493363 1.526012 3.101333
-0.1046434 1.837355 3.048518
-0.1088189 1.967921 2.998446
-0.26149 1.706434 3.044062
-0.316492 1.451461 3.049623
-0.2516951 1.211042 3.025697
-0.2399498 1.136599 3.038414
0.06932226 1.718874 3.07908
0.1463567 1.519249 3.088835
0.1314255 1.236174 3.094519
0.1311578 1.149953 3.079744
-0.1360238 1.195297 3.09501
-0.146029 0.7930791 3.167602
-0.1333962 0.3859996 3.266717
-0.1323292 0.3563272 3.144713
0.0076132 1.209879 3.115458
0.080108 0.8522385 2.998141
0.09109423 0.4848228 3.109227
0.1024818 0.4450633 2.976596
-0.09982973 1.760939 3.063932
-0.2287922 1.063541 3.043858
-0.2792501 1.123809 3.019282
0.1386708 1.070156 3.063535
0.1560675 1.126908 3.061141
44
-0.06468653 1.204864 3.142986
-0.08493363 1.526012 3.101333
-0.1046434 1.837355 3.048518
-0.1088189 1.967921 2.998446
-0.26149 1.706434 3.044062
-0.316492 1.451461 3.049623
-0.2516951 1.211042 3.025697
-0.2399498 1.136599 3.038414
0.06932226 1.718874 3.07908
0.1463567 1.519249 3.088835
0.1314255 1.236174 3.094519
0.1311578 1.149953 3.079744
-0.1360238 1.195297 3.09501
-0.146029 0.7930791 3.167602
-0.1333962 0.3859996 3.266717
-0.1323292 0.3563272 3.144713
0.0076132 1.209879 3.115458
0.080108 0.8522385 2.998141
0.09109423 0.4848228 3.109227
0.1024818 0.4450633 2.976596
-0.09982973 1.760939 3.063932
-0.2287922 1.063541 3.043858
-0.2792501 1.123809 3.019282
0.1386708 1.070156 3.063535
0.1560675 1.126908 3.061141
45
-0.06468653 1.204864 3.142986
-0.08493363 1.526012 3.101333
-0.1046434 1.837355 3.048518
-0.1088189 1.967921 2.998446
-0.26149 1.706434 3.044062
-0.316492 1.451461 3.049623
-0.2516951 1.211042 3.025697
-0.2399498 1.136599 3.038414
0.06932226 1.718874 3.07908
0.1463567 1.519249 3.088835
0.1314255 1.236174 3.094519
0.1311578 1.149953 3.079744
-0.1360238 1.195297 3.09501
-0.146029 0.7930791 3.167602
-0.1333962 0.3859996 3.266717
-0.1323292 0.3563272 3.144713
0.0076132 1.209879 3.115458
0.080108 0.8522385 2.998141
0.09109423 0.4848228 3.109227
0.1024818 0.4450633 2.976596
-0.09982973 1.760939 3.063932
-0.2287922 1.063541 3.043858
-0.2792501 1.123809 3.019282
0.1386708 1.070156 3.063535
0.1560675 1.126908 3.061141
46
-0.07008718 1.205035 3.14574
-0.09073781 1.525558 3.104806
-0.1105681 1.836281 3.05236
-0.1121271 1.967673 3.001871
-0.2657879 1.706267 3.045944
-0.3192194 1.452039 3.050792
-0.2641483 1.219252 3.032422
-0.2491242 1.138681 3.042808
0.06375182 1.718162 3.086375
0.1389755 1.517981 3.095593
0.1311098 1.234589 3.096868
0.1318632 1.146961 3.078533
-0.1401172 1.195057 3.096235
-0.15101 0.7949596 3.168508
-0.1356305 0.386389 3.266957
-0.1330167 0.3570659 3.144855
0.0008938571 1.210664 3.120182
0.08859663 0.8780673 2.956897
0.1014939 0.4714902 3.089995
0.1240904 0.4457506 3.009179
-0.1057423 1.760015 3.067707
-0.2428188 1.064833 3.047469
-0.2843571 1.123431 3.021526
0.1409181 1.067355 3.059123
0.1556763 1.125856 3.059803
47
-0.07008718 1.205035 3.14574
-0.09073781 1.525558 3.104806
-0.1105681 1.836281 3.05236
-0.1121271 1.967673 3.001871
-0.2657879 1.706267 3.045944
-0.3192194 1.452039 3.050792
-0.2641483 1.219252 3.032422
-0.2491242 1.138681 3.042808
0.06375182 1.718162 3.086375
0.1389755 1.517981 3.095593
0.1311098 1.234589 3.096868
0.1318632 1.146961 3.078533
-0.1401172 1.195057 3.096235
-0.15101 0.7949596 3.168508
-0.1356305 0.386389 3.266957
-0.1330167 0.3570659 3.144855
0.0008938571 1.210664 3.120182
0.08859663 0.8780673 2.956897
0.1014939 0.4714902 3.089995
0.1240904 0.4457506 3.009179
-0.1057423 1.760015 3.067707
-0.2428188 1.064833 3.047469
-0.2843571 1.123431 3.021526
0.1409181 1.067355 3.059123
0.1556763 1.125856 3.059803
48
-0.07437658 1.205491 3.148349
-0.09534083 1.525402 3.107849
-0.1154351 1.835524 3.055655
-0.1149095 1.967338 3.004902
-0.2697502 1.706324 3.047815
-0.3219533 1.452682 3.052057
-0.2799456 1.193681 3.046046
-0.2593152 1.135159 3.050174
0.05866169 1.717775 3.094104
0.1303323 1.516729 3.10493
0.1306612 1.233145 3.099369
0.1326583 1.145735 3.078182
-0.1435511 1.195034 3.097435
-0.15543 0.7973976 3.169406
-0.1382584 0.3888891 3.267163
-0.1344388 0.3601762 3.146505
-0.00405247 1.211729 3.124456
0.09573842 0.9080315 2.919008
0.1071461 0.4894541 3.074292
0.1338198 0.461064 2.995806
-0.1105434 1.759406 3.070951
-0.2579279 1.065421 3.051821
-0.2926989 1.123625 3.026998
0.1467075 1.068048 3.056008
0.1558412 1.125547 3.058768
49
-0.07777924 1.206068 3.150587
-0.09886776 1.52542 3.110273
-0.1190754 1.835042 3.05815
-0.1170243 1.966978 3.007417
-0.2732711 1.706587 3.049607
-0.3249593 1.453683 3.053417
-0.286804 1.194129 3.0512
-0.265943 1.134179 3.05578
0.05478939 1.717655 3.100994
0.110225 1.499036 3.130043
0.1295861 1.225693 3.104293
0.1336491 1.14609 3.078178
-0.1464337 1.195135 3.098429
-0.1585696 0.7995179 3.169986
-0.1400049 0.3896474 3.268078
-0.1351408 0.360613 3.145839
-0.007829824 1.212916 3.128229
0.0997919 0.9334022 2.89372
0.1097676 0.5377313 3.057228
0.1384363 0.5059036 2.978459
-0.114155 1.759044 3.073435
-0.264249 1.064318 3.057903
-0.300676 1.124866 3.033146
0.1563829 1.095028 3.051416
0.1558487 1.12582 3.057433
50
-0.07777924 1.206068 3.150587
-0.09886776 1.52542 3.110273
-0.1190754 1.835042 3.05815
-0.1170243 1.966978 3.007417
-0.2732711 1.706587 3.049607
-0.3249593 1.453683 3.053417
-0.286804 1.194129 3.0512
-0.265943 1.134179 3.05578
0.05478939 1.717655 3.100994
0.110225 1.499036 3.130043
0.1295861 1.225693 3.104293
0.1336491 1.14609 3.078178
-0.1464337 1.195135 3.098429
-0.1585696 0.7995179 3.169986
-0.1400049 0.3896474 3.268078
-0.1351408 0.360613 3.145839
-0.007829824 1.212916 3.128229
0.0997919 0.9334022 2.89372
0.1097676 0.5377313 3.057228
0.1384363 0.5059036 2.978459
-0.114155 1.759044 3.073435
-0.264249 1.064318 3.057903
-0.300676 1.124866 3.033146
0.1563829 1.095028 3.051416
0.1558487 1.12582 3.057433
51
-0.08032385 1.206849 3.15241
-0.1016028 1.525723 3.112329
-0.122107 1.834928 3.060464
-0.1185808 1.966687 3.009503
-0.2761028 1.706989 3.051199
-0.3278664 1.454943 3.054789
-0.2914074 1.187838 3.057307
-0.2720359 1.131552 3.062896
0.05176777 1.717787 3.106895
0.1023423 1.492028 3.140024
0.1285625 1.219551 3.108922
0.1350848 1.158045 3.082525
-0.148802 1.195558 3.099145
-0.1603429 0.8016406 3.170239
-0.1403383 0.3910125 3.269634
-0.1357148 0.3611244 3.145227
-0.01045657 1.214214 3.131436
0.100774 0.9748711 2.867234
0.1028726 0.614508 3.047139
0.1320468 0.5734115 2.964479
-0.1171011 1.759032 3.075679
-0.2698807 1.062934 3.066248
-0.3071608 1.1198 3.040906
0.1538083 1.150103 3.06495
0.1470311 1.164051 3.069951
52
-0.08032385 1.206849 3.15241
-0.1016028 1.525723 3.112329
-0.122107 1.834928 3.060464
-0.1185808 1.966687 3.009503
-0.2761028 1.706989 3.051199
-0.3278664 1.454943 3.054789
-0.2914074 1.187838 3.057307
-0.2720359 1.131552 3.062896
0.05176777 1.717787 3.106895
0.1023423 1.492028 3.140024
0.1285625 1.219551 3.108922
0.1350848 1.158045 3.082525
-0.148802 1.195558 3.099145
-0.1603429 0.8016406 3.170239
-0.1403383 0.3910125 3.269634
-0.1357148 0.3611244 3.145227
-0.01045657 1.214214 3.131436
0.100774 0.9748711 2.867234
0.1028726 0.614508 3.047139
0.1320468 0.5734115 2.964479
-0.1171011 1.759032 3.075679
-0.2698807 1.062934 3.066248
-0.3071608 1.1198 3.040906
0.1538083 1.150103 3.06495
0.1470311 1.164051 3.069951
53
-0.08032385 1.206849 3.15241
-0.1016028 1.525723 3.112329
-0.122107 1.834928 3.060464
-0.1185808 1.966687 3.009503
-0.2761028 1.706989 3.051199
-0.3278664 1.454943 3.054789
-0.2914074 1.187838 3.057307
-0.2720359 1.131552 3.062896
0.05176777 1.717787 3.106895
0.1023423 1.492028 3.140024
0.1285625 1.219551 3.108922
0.1350848 1.158045 3.082525
-0.148802 1.195558 3.099145
-0.1603429 0.8016406 3.170239
-0.1403383 0.3910125 3.269634
-0.1357148 0.3611244 3.145227
-0.01045657 1.214214 3.131436
0.100774 0.9748711 2.867234
0.1028726 0.614508 3.047139
0.1320468 0.5734115 2.964479
-0.1171011 1.759032 3.075679
-0.2698807 1.062934 3.066248
-0.3071608 1.1198 3.040906
0.1538083 1.150103 3.06495
0.1470311 1.164051 3.069951
54
-0.08228306 1.207683 3.153826
-0.1036813 1.526081 3.113914
-0.1244281 1.834906 3.062273
-0.1197128 1.966355 3.011483
-0.2782357 1.707524 3.052426
-0.3306021 1.456411 3.055923
-0.2939745 1.183948 3.061148
-0.2759081 1.12924 3.068378
0.04953514 1.718155 3.111559
0.09813734 1.488635 3.145329
0.1277632 1.215089 3.11242
0.1382841 1.154056 3.086486
-0.1509058 1.19615 3.099598
-0.1599505 0.8053266 3.1703
-0.1392752 0.3929627 3.270733
-0.1355246 0.3624115 3.144522
-0.01228124 1.215458 3.133938
0.1001863 1.020215 2.847757
0.0916834 0.6826746 3.038925
0.1216308 0.6351643 2.956369
-0.1193503 1.759103 3.077424
-0.2728647 1.062139 3.071986
-0.3111315 1.116472 3.044979
0.1554166 1.156171 3.06941
0.1463818 1.163882 3.074529
55
-0.08437891 1.208931 3.154966
-0.1055717 1.52664 3.115256
-0.1263416 1.835028 3.063807
-0.1204745 1.966111 3.013295
-0.279996 1.708211 3.05347
-0.3342583 1.460069 3.057235
-0.2957503 1.182316 3.063525
-0.2789868 1.129396 3.072112
0.04796355 1.718681 3.115656
0.09526719 1.48623 3.149109
0.127093 1.211909 3.115546
0.1408368 1.150518 3.09043
-0.153769 1.197563 3.099493
-0.158429 0.8093559 3.170717
-0.1338367 0.3954067 3.271571
-0.1349724 0.3642099 3.143803
-0.01390755 1.216737 3.135965
0.09755738 1.071433 2.826111
0.08923604 0.7302244 3.019052
0.1166217 0.6873566 2.944423
-0.121242 1.759322 3.078904
-0.2760742 1.062673 3.076712
-0.3148454 1.117894 3.048234
0.1565711 1.156307 3.074755
0.1464067 1.161053 3.078727
56
-0.08437891 1.208931 3.154966
-0.1055717 1.52664 3.115256
-0.1263416 1.835028 3.063807
-0.1204745 1.966111 3.013295
-0.279996 1.708211 3.05347
-0.3342583 1.460069 3.057235
-0.2957503 1.182316 3.063525
-0.2789868 1.129396 3.072112
0.04796355 1.718681 3.115656
0.09526719 1.48623 3.149109
0.127093 1.211909 3.115546
0.1408368 1.150518 3.09043
-0.153769 1.197563 3.099493
-0.158429 0.8093559 3.170717
-0.1338367 0.3954067 3.271571
-0.1349724 0.3642099 3.143803
-0.01390755 1.216737 3.135965
0.09755738 1.071433 2.826111
0.08923604 0.7302244 3.019052
0.1166217 0.6873566 2.944423
-0.121242 1.759322 3.078904
-0.2760742 1.062673 3.076712
-0.3148454 1.117894 3.048234
0.1565711 1.156307 3.074755
0.1464067 1.161053 3.078727
57
-0.08437891 1.208931 3.154966
-0.1055717 1.52664 3.115256
-0.1263416 1.835028 3.063807
-0.1204745 1.966111 3.013295
-0.279996 1.708211 3.05347
-0.3342583 1.460069 3.057235
-0.2957503 1.182316 3.063525
-0.2789868 1.129396 3.072112
0.04796355 1.718681 3.115656
0.09526719 1.48623 3.149109
0.127093 1.211909 3.115546
0.1408368 1.150518 3.09043
-0.153769 1.197563 3.099493
-0.158429 0.8093559 3.170717
-0.1338367 0.3954067 3.271571
-0.1349724 0.3642099 3.143803
-0.01390755 1.216737 3.135965
0.09755738 1.071433 2.826111
0.08923604 0.7302244 3.019052
0.1166217 0.6873566 2.944423
-0.121242 1.759322 3.078904
-0.2760742 1.062673 3.076712
-0.3148454 1.117894 3.048234
0.1565711 1.156307 3.074755
0.1464067 1.161053 3.078727
58
-0.08830622 1.210948 3.155112
-0.1076107 1.527385 3.116269
-0.1278702 1.835223 3.065054
-0.1208882 1.965894 3.014868
-0.2813425 1.708938 3.054349
-0.3370289 1.463076 3.058403
-0.2965041 1.181633 3.065748
-0.2812689 1.130026 3.075835
0.04688963 1.719195 3.118861
0.09339011 1.484715 3.151857
0.1264402 1.21017 3.118439
0.1425397 1.148571 3.093973
-0.1597493 1.200634 3.097364
-0.1563373 0.8148198 3.171398
-0.1282246 0.3973524 3.271534
-0.1341787 0.3661546 3.143143
-0.01626515 1.217957 3.137224
0.09623805 1.099159 2.814637
0.08122275 0.7907517 3.009169
0.1179468 0.7394924 2.930737
-0.1228249 1.759616 3.0801
-0.2775153 1.063107 3.080744
-0.3172959 1.119684 3.051315
0.157023 1.154794 3.07993
0.1464393 1.159151 3.08278
59
-0.0940165 1.214004 3.15435
-0.1095765 1.528341 3.117035
-0.1289694 1.835509 3.066136
-0.1207397 1.965818 3.016581
-0.2823171 1.709689 3.055058
-0.3390568 1.465321 3.059348
-0.2959267 1.189663 3.069862
-0.2827265 1.130499 3.079418
0.04620212 1.719739 3.121342
0.09261966 1.484074 3.153711
0.1258583 1.209156 3.121028
0.1437885 1.147117 3.097018
-0.168442 1.205826 3.093527
-0.1544198 0.8199456 3.171946
-0.1245084 0.4019576 3.271098
-0.132475 0.3711826 3.143767
-0.01941812 1.219384 3.138008
0.09453174 1.127957 2.805196
0.07391606 0.8542407 2.994483
0.1116729 0.7918866 2.908429
-0.1240186 1.759979 3.081086
-0.2781819 1.063578 3.084305
-0.3174224 1.113096 3.05489
0.157101 1.151785 3.084422
0.1466178 1.157093 3.086197
60
-0.0940165 1.214004 3.15435
-0.1095765 1.528341 3.117035
-0.1289694 1.835509 3.066136
-0.1207397 1.965818 3.016581
-0.2823171 1.709689 3.055058
-0.3390568 1.465321 3.059348
-0.2959267 1.189663 3.069862
-0.2827265 1.130499 3.079418
0.04620212 1.719739 3.121342
0.09261966 1.484074 3.153711
0.1258583 1.209156 3.121028
0.1437885 1.147117 3.097018
-0.168442 1.205826 3.093527
-0.1544198 0.8199456 3.171946
-0.1245084 0.4019576 3.271098
-0.132475 0.3711826 3.143767
-0.01941812 1.219384 3.138008
0.09453174 1.127957 2.805196
0.07391606 0.8542407 2.994483
0.1116729 0.7918866 2.908429
-0.1240186 1.759979 3.081086
-0.2781819 1.063578 3.084305
-0.3174224 1.113096 3.05489
0.157101 1.151785 3.084422
0.1466178 1.157093 3.086197
61
-0.0940165 1.214004 3.15435
-0.1095765 1.528341 3.117035
-0.1289694 1.835509 3.066136
-0.1207397 1.965818 3.016581
-0.2823171 1.709689 3.055058
-0.3390568 1.465321 3.059348
-0.2959267 1.189663 3.069862
-0.2827265 1.130499 3.079418
0.04620212 1.719739 3.121342
0.09261966 1.484074 3.153711
0.1258583 1.209156 3.121028
0.1437885 1.147117 3.097018
-0.168442 1.205826 3.093527
-0.1544198 0.8199456 3.171946
-0.1245084 0.4019576 3.271098
-0.132475 0.3711826 3.143767
-0.01941812 1.219384 3.138008
0.09453174 1.127957 2.805196
0.07391606 0.8542407 2.994483
0.1116729 0.7918866 2.908429
-0.1240186 1.759979 3.081086
-0.2781819 1.063578 3.084305
-0.3174224 1.113096 3.05489
0.157101 1.151785 3.084422
0.1466178 1.157093 3.086197
62
-0.09975161 1.216874 3.15332
-0.1115508 1.529529 3.117605
-0.1297549 1.836007 3.067168
-0.1196999 1.965989 3.018597
-0.2830003 1.71042 3.055626
-0.3405099 1.466998 3.060057
-0.2951559 1.196076 3.072641
-0.2838876 1.132327 3.082352
0.04581054 1.720261 3.12331
0.0931205 1.485494 3.154866
0.1252742 1.209449 3.123767
0.1489286 1.115987 3.112202
-0.1754252 1.209878 3.090574
-0.1528611 0.8324286 3.172131
-0.1238022 0.4037958 3.270371
-0.1312677 0.3742455 3.143649
-0.02324829 1.220824 3.138321
0.09213223 1.173756 2.795659
0.06931587 0.8946502 2.984888
0.1017366 0.8279877 2.890473
-0.1249611 1.760516 3.081972
-0.2785237 1.064142 3.087679
-0.318619 1.114871 3.057305
0.1599086 1.104456 3.101516
0.151651 1.118091 3.101453
63
-0.104351 1.219174 3.152516
-0.1133215 1.530719 3.118008
-0.1302829 1.836525 3.068026
-0.1181327 1.966262 3.020521
-0.283438 1.711127 3.056064
-0.3415705 1.468337 3.060643
-0.294469 1.200561 3.074319
-0.2841032 1.133455 3.084718
0.04558807 1.720686 3.12474
0.09453589 1.488257 3.155291
0.1248386 1.210529 3.12624
0.1500975 1.107393 3.120772
-0.180621 1.212875 3.0886
-0.1519054 0.8395814 3.172459
-0.1242699 0.4046621 3.270438
-0.1307174 0.3757236 3.143801
-0.02657385 1.222044 3.138471
0.08619739 1.228572 2.7892
0.06645387 0.9121452 2.985754
0.08935931 0.8540156 2.894473
-0.1256654 1.761068 3.082692
-0.2777702 1.064426 3.091806
-0.3190545 1.11462 3.058493
0.1461407 1.078456 3.122862
0.1528971 1.110103 3.106783
64
-0.104351 1.219174 3.152516
-0.1133215 1.530719 3.118008
-0.1302829 1.836525 3.068026
-0.1181327 1.966262 3.020521
-0.283438 1.711127 3.056064
-0.3415705 1.468337 3.060643
-0.294469 1.200561 3.074319
-0.2841032 1.133455 3.084718
0.04558807 1.720686 3.12474
0.09453589 1.488257 3.155291
0.1248386 1.210529 3.12624
0.1500975 1.107393 3.120772
-0.180621 1.212875 3.0886
-0.1519054 0.8395814 3.172459
-0.1242699 0.4046621 3.270438
-0.1307174 0.3757236 3.143801
-0.02657385 1.222044 3.138471
0.08619739 1.228572 2.7892
0.06645387 0.9121452 2.985754
0.08935931 0.8540156 2.894473
-0.1256654 1.761068 3.082692
-0.2777702 1.064426 3.091806
-0.3190545 1.11462 3.058493
0.1461407 1.078456 3.122862
0.1528971 1.110103 3.106783
65
-0.104351 1.219174 3.152516
-0.1133215 1.530719 3.118008
-0.1302829 1.836525 3.068026
-0.1181327 1.966262 3.020521
-0.283438 1.711127 3.056064
-0.3415705 1.468337 3.060643
-0.294469 1.200561 3.074319
-0.2841032 1.133455 3.084718
0.04558807 1.720686 3.12474
0.09453589 1.488257 3.155291
0.1248386 1.210529 3.12624
0.1500975 1.107393 3.120772
-0.180621 1.212875 3.0886
-0.1519054 0.8395814 3.172459
-0.1242699 0.4046621 3.270438
-0.1307174 0.3757236 3.143801
-0.02657385 1.222044 3.138471
0.08619739 1.228572 2.7892
0.06645387 0.9121452 2.985754
0.08935931 0.8540156 2.894473
-0.1256654 1.761068 3.082692
-0.2777702 1.064426 3.091806
-0.3190545 1.11462 3.058493
0.1461407 1.078456 3.122862
0.1528971 1.110103 3.106783
66
-0.1113901 1.221736 3.150852
-0.1152099 1.531961 3.118148
-0.1305903 1.837024 3.068717
-0.1158466 1.966705 3.022534
-0.2836195 1.711893 3.056406
-0.3423544 1.469768 3.061133
-0.2938879 1.203936 3.075438
-0.2838454 1.134675 3.086505
0.04552829 1.72114 3.125864
0.09757113 1.496004 3.153465
0.1246476 1.214136 3.128132
0.150285 1.105035 3.127781
-0.1877731 1.216098 3.085893
-0.1513012 0.8439663 3.17284
-0.1256075 0.4054558 3.271303
-0.1304125 0.3765842 3.143975
-0.0325978 1.223381 3.137919
0.08083621 1.277121 2.790581
0.06064972 0.9390242 2.989619
0.07852632 0.8848355 2.899384
-0.1261706 1.76157 3.083246
-0.2771018 1.064908 3.095122
-0.3192503 1.11497 3.059171
0.143386 1.073353 3.133535
0.1519925 1.114812 3.116282
67
-0.1162712 1.223491 3.149535
-0.1168627 1.533119 3.118088
-0.1307026 1.837559 3.069272
-0.1124077 1.967485 3.024526
-0.2835562 1.712689 3.056637
-0.3461322 1.489058 3.060498
-0.2936266 1.21277 3.075937
-0.2833524 1.135312 3.08764
0.04558665 1.721551 3.126707
0.1010683 1.506232 3.150014
0.1248352 1.220123 3.129046
0.1498337 1.104641 3.132482
-0.1924929 1.218218 3.084025
-0.1519278 0.8504413 3.173387
-0.1273137 0.4057162 3.272583
-0.1302526 0.3768721 3.143994
-0.0371097 1.224347 3.137284
0.07923165 1.295625 2.790024
0.05752392 0.9545346 2.991107
0.07338386 0.900576 2.901291
-0.1265182 1.762081 3.083664
-0.2753996 1.065485 3.097641
-0.3186706 1.114845 3.059136
0.1434184 1.083332 3.139416
0.1517992 1.115413 3.120462
68
-0.1162712 1.223491 3.149535
-0.1168627 1.533119 3.118088
-0.1307026 1.837559 3.069272
-0.1124077 1.967485 3.024526
-0.2835562 1.712689 3.056637
-0.3461322 1.489058 3.060498
-0.2936266 1.21277 3.075937
-0.2833524 1.135312 3.08764
0.04558665 1.721551 3.126707
0.1010683 1.506232 3.150014
0.1248352 1.220123 3.129046
0.1498337 1.104641 3.132482
-0.1924929 1.218218 3.084025
-0.1519278 0.8504413 3.173387
-0.1273137 0.4057162 3.272583
-0.1302526 0.3768721 3.143994
-0.0371097 1.224347 3.137284
0.07923165 1.295625 2.790024
0.05752392 0.9545346 2.991107
0.07338386 0.900576 2.901291
-0.1265182 1.762081 3.083664
-0.2753996 1.065485 3.097641
-0.3186706 1.114845 3.059136
0.1434184 1.083332 3.139416
0.1517992 1.115413 3.120462
69
-0.1162712 1.223491 3.149535
-0.1168627 1.533119 3.118088
-0.1307026 1.837559 3.069272
-0.1124077 1.967485 3.024526
-0.2835562 1.712689 3.056637
-0.3461322 1.489058 3.060498
-0.2936266 1.21277 3.075937
-0.2833524 1.135312 3.08764
0.04558665 1.721551 3.126707
0.1010683 1.506232 3.150014
0.1248352 1.220123 3.129046
0.1498337 1.104641 3.132482
-0.1924929 1.218218 3.084025
-0.1519278 0.8504413 3.173387
-0.1273137 0.4057162 3.272583
-0.1302526 0.3768721 3.143994
-0.0371097 1.224347 3.137284
0.07923165 1.295625 2.790024
0.05752392 0.9545346 2.991107
0.07338386 0.900576 2.901291
-0.1265182 1.762081 3.083664
-0.2753996 1.065485 3.097641
-0.3186706 1.114845 3.059136
0.1434184 1.083332 3.139416
0.1517992 1.115413 3.120462
70
-0.1203937 1.2249 3.148437
-0.1183562 1.534222 3.117923
-0.1305555 1.83822 3.069757
-0.108259 1.968365 3.026204
-0.2831502 1.713651 3.056796
-0.3464793 1.492259 3.061032
-0.2933438 1.215085 3.076484
-0.2822927 1.136261 3.088266
0.04575527 1.722004 3.127371
0.1036204 1.51294 3.147625
0.1251854 1.226403 3.129386
0.1482246 1.105192 3.135143
-0.1962731 1.219858 3.082639
-0.1526785 0.8556489 3.173912
-0.1289406 0.4057441 3.273797
-0.1301349 0.3768774 3.144057
-0.04125227 1.225173 3.136613
0.07905652 1.300653 2.793365
0.05520435 0.9648043 2.992401
0.06998222 0.9100311 2.901748
-0.12672 1.762646 3.083995
-0.2731293 1.066153 3.098823
-0.3169978 1.117243 3.060517
0.1420806 1.086667 3.141223
0.1515754 1.114761 3.122406
71
-0.122929 1.225853 3.147738
-0.1194467 1.53515 3.117771
-0.1300256 1.839083 3.070292
-0.1042139 1.969091 3.027649
-0.2825183 1.71463 3.056928
-0.3462853 1.494132 3.061669
-0.2930555 1.216803 3.076843
-0.280313 1.13713 3.088228
0.04600364 1.722417 3.127902
0.1053498 1.517112 3.146356
0.1255807 1.231904 3.129648
0.1478928 1.104826 3.13729
-0.1985914 1.220967 3.081728
-0.1529872 0.8592941 3.174328
-0.1304945 0.4055581 3.275206
-0.129959 0.3764676 3.144241
-0.04383639 1.225749 3.136217
0.07937871 1.30145 2.796788
0.05582792 0.9630073 2.994171
0.06780294 0.9093946 2.903673
-0.1266939 1.763356 3.084322
-0.2718036 1.066722 3.099558
-0.3146112 1.118682 3.059867
0.1423719 1.088383 3.142709
0.1517609 1.11397 3.124018
72
-0.122929 1.225853 3.147738
-0.1194467 1.53515 3.117771
-0.1300256 1.839083 3.070292
-0.1042139 1.969091 3.027649
-0.2825183 1.71463 3.056928
-0.3462853 1.494132 3.061669
-0.2930555 1.216803 3.076843
-0.280313 1.13713 3.088228
0.04600364 1.722417 3.127902
0.1053498 1.517112 3.146356
0.1255807 1.231904 3.129648
0.1478928 1.104826 3.13729
-0.1985914 1.220967 3.081728
-0.1529872 0.8592941 3.174328
-0.1304945 0.4055581 3.275206
-0.129959 0.3764676 3.144241
-0.04383639 1.225749 3.136217
0.07937871 1.30145 2.796788
0.05582792 0.9630073 2.994171
0.06780294 0.9093946 2.903673
-0.1266939 1.763356 3.084322
-0.2718036 1.066722 3.099558
-0.3146112 1.118682 3.059867
0.1423719 1.088383 3.142709
0.1517609 1.11397 3.124018
73
-0.122929 1.225853 3.147738
-0.1194467 1.53515 3.117771
-0.1300256 1.839083 3.070292
-0.1042139 1.969091 3.027649
-0.2825183 1.71463 3.056928
-0.3462853 1.494132 3.061669
-0.2930555 1.216803 3.076843
-0.280313 1.13713 3.088228
0.04600364 1.722417 3.127902
0.1053498 1.517112 3.146356
0.1255807 1.231904 3.129648
0.1478928 1.104826 3.13729
-0.1985914 1.220967 3.081728
-0.1529872 0.8592941 3.174328
-0.1304945 0.4055581 3.275206
-0.129959 0.3764676 3.144241
-0.04383639 1.225749 3.136217
0.07937871 1.30145 2.796788
0.05582792 0.9630073 2.994171
0.06780294 0.9093946 2.903673
-0.1266939 1.763356 3.084322
-0.2718036 1.066722 3.099558
-0.3146112 1.118682 3.059867
0.1423719 1.088383 3.142709
0.1517609 1.11397 3.124018
74
-0.1244728 1.226508 3.147266
-0.1202002 1.535896 3.117596
-0.1293546 1.839884 3.070705
-0.1004198 1.969418 3.028763
-0.2813834 1.71576 3.056882
-0.3458394 1.497081 3.061475
-0.2921836 1.218777 3.07661
-0.2772914 1.138692 3.086022
0.04632091 1.722808 3.128336
0.1061417 1.51924 3.145805
0.1257046 1.23447 3.1301
0.1481835 1.130609 3.127026
-0.2000464 1.221759 3.081056
-0.153029 0.8622138 3.174375
-0.1316224 0.4053528 3.276156
-0.1298134 0.3761005 3.144473
-0.04536812 1.226139 3.13598
0.08361446 1.281605 2.802159
0.05567916 0.9184548 2.992827
0.07224236 0.8688841 2.90084
-0.1265221 1.764041 3.08456
-0.2696988 1.067329 3.098812
-0.3090696 1.122815 3.054955
0.1480316 1.122364 3.124722
0.1551484 1.13454 3.11121
75
-0.1244728 1.226508 3.147266
-0.1202002 1.535896 3.117596
-0.1293546 1.839884 3.070705
-0.1004198 1.969418 3.028763
-0.2813834 1.71576 3.056882
-0.3458394 1.497081 3.061475
-0.2921836 1.218777 3.07661
-0.2772914 1.138692 3.086022
0.04632091 1.722808 3.128336
0.1061417 1.51924 3.145805
0.1257046 1.23447 3.1301
0.1481835 1.130609 3.127026
-0.2000464 1.221759 3.081056
-0.153029 0.8622138 3.174375
-0.1316224 0.4053528 3.276156
-0.1298134 0.3761005 3.144473
-0.04536812 1.226139 3.13598
0.08361446 1.281605 2.802159
0.05567916 0.9184548 2.992827
0.07224236 0.8688841 2.90084
-0.1265221 1.764041 3.08456
-0.2696988 1.067329 3.098812
-0.3090696 1.122815 3.054955
0.1480316 1.122364 3.124722
0.1551484 1.13454 3.11121
76
-0.1252217 1.227101 3.146944
-0.1206542 1.536556 3.117476
-0.1285326 1.84072 3.071113
-0.09688105 1.969733 3.029758
-0.2797821 1.71702 3.057011
-0.3449953 1.501444 3.060824
-0.2907105 1.221885 3.075689
-0.2743467 1.140954 3.083851
0.04694642 1.72334 3.129117
0.1066841 1.520262 3.146223
0.1257824 1.236149 3.130794
0.1482682 1.143573 3.122933
-0.2005394 1.222504 3.080543
-0.1530936 0.8642242 3.174392
-0.1325088 0.4054639 3.276546
-0.1302448 0.3759501 3.143548
-0.04626485 1.226469 3.135884
0.09725314 1.220695 2.811751
0.06287217 0.8550975 2.997415
0.08086108 0.8115979 2.915089
-0.126158 1.764817 3.08481
-0.2664239 1.068958 3.096529
-0.3045109 1.122862 3.054116
0.1506658 1.137414 3.118042
0.1570176 1.14563 3.104912
77
-0.1222123 1.227933 3.146746
-0.1205767 1.537319 3.117441
-0.1274304 1.841662 3.071745
-0.09303397 1.970121 3.031162
-0.2778214 1.718322 3.057297
-0.3435149 1.502702 3.060949
-0.2890478 1.222824 3.074931
-0.2710572 1.141969 3.082076
0.04859994 1.723878 3.131379
0.1067508 1.517633 3.149857
0.1258181 1.236659 3.132513
0.1482693 1.14958 3.121625
-0.1973536 1.223394 3.080526
-0.1531139 0.8654726 3.174463
-0.1331597 0.4053725 3.276837
-0.1303827 0.3757152 3.143006
-0.04365033 1.227087 3.135669
0.1132696 1.144509 2.825746
0.07168098 0.780264 3.009815
0.09325511 0.7417726 2.93852
-0.1254296 1.765771 3.085259
-0.2643201 1.06952 3.095531
-0.2930622 1.123557 3.043568
0.1519075 1.144175 3.115438
0.157935 1.150386 3.102663
78
-0.1222123 1.227933 3.146746
-0.1205767 1.537319 3.117441
-0.1274304 1.841662 3.071745
-0.09303397 1.970121 3.031162
-0.2778214 1.718322 3.057297
-0.3435149 1.502702 3.060949
-0.2890478 1.222824 3.074931
-0.2710572 1.141969 3.082076
0.04859994 1.723878 3.131379
0.1067508 1.517633 3.149857
0.1258181 1.236659 3.132513
0.1482693 1.14958 3.121625
-0.1973536 1.223394 3.080526
-0.1531139 0.8654726 3.174463
-0.1331597 0.4053725 3.276837
-0.1303827 0.3757152 3.143006
-0.04365033 1.227087 3.135669
0.1132696 1.144509 2.825746
0.07168098 0.780264 3.009815
0.09325511 0.7417726 2.93852
-0.1254296 1.765771 3.085259
-0.2643201 1.06952 3.095531
-0.2930622 1.123557 3.043568
0.1519075 1.144175 3.115438
0.157935 1.150386 3.102663
79
-0.1222123 1.227933 3.146746
-0.1205767 1.537319 3.117441
-0.1274304 1.841662 3.071745
-0.09303397 1.970121 3.031162
-0.2778214 1.718322 3.057297
-0.3435149 1.502702 3.060949
-0.2890478 1.222824 3.074931
-0.2710572 1.141969 3.082076
0.04859994 1.723878 3.131379
0.1067508 1.517633 3.149857
0.1258181 1.236659 3.132513
0.1482693 1.14958 3.121625
-0.1973536 1.223394 3.080526
-0.1531139 0.8654726 3.174463
-0.1331597 0.4053725 3.276837
-0.1303827 0.3757152 3.143006
-0.04365033 1.227087 3.135669
0.1132696 1.144509 2.825746
0.07168098 0.780264 3.009815
0.09325511 0.7417726 2.93852
-0.1254296 1.765771 3.085259
-0.2643201 1.06952 3.095531
-0.2930622 1.123557 3.043568
0.1519075 1.144175 3.115438
0.157935 1.150386 3.102663
80
-0.1174688 1.228422 3.147527
-0.1198003 1.538113 3.117702
-0.1260282 1.842543 3.072562
-0.08946618 1.970479 3.032663
-0.2756663 1.719608 3.057767
-0.3250342 1.469484 3.069087
-0.285329 1.223243 3.073432
-0.2673079 1.142546 3.080611
0.05083797 1.72413 3.134283
0.1070787 1.509682 3.157269
0.1261253 1.234664 3.136238
0.1483439 1.152949 3.121059
-0.1917012 1.223883 3.081642
-0.1531086 0.8660792 3.174687
-0.1337793 0.4087897 3.275963
-0.1303444 0.3798776 3.144762
-0.03989616 1.227453 3.136323
0.1242075 1.082324 2.84414
0.07772397 0.7258723 3.036936
0.1002138 0.6834453 2.963917
-0.1242824 1.766731 3.085947
-0.2593752 1.070491 3.093874
-0.2864477 1.118847 3.043244
0.1527864 1.148214 3.114042
0.1585627 1.153064 3.101464
81
-0.1174688 1.228422 3.147527
-0.1198003 1.538113 3.117702
-0.1260282 1.842543 3.072562
-0.08946618 1.970479 3.032663
-0.2756663 1.719608 3.057767
-0.3250342 1.469484 3.069087
-0.285329 1.223243 3.073432
-0.2673079 1.142546 3.080611
0.05083797 1.72413 3.134283
0.1070787 1.509682 3.157269
0.1261253 1.234664 3.136238
0.1483439 1.152949 3.121059
-0.1917012 1.223883 3.081642
-0.1531086 0.8660792 3.174687
-0.1337793 0.4087897 3.275963
-0.1303444 0.3798776 3.144762
-0.03989616 1.227453 3.136323
0.1242075 1.082324 2.84414
0.07772397 0.7258723 3.036936
0.1002138 0.6834453 2.963917
-0.1242824 1.766731 3.085947
-0.2593752 1.070491 3.093874
-0.2864477 1.118847 3.043244
0.1527864 1.148214 3.114042
0.1585627 1.153064 3.101464
82
-0.1080598 1.228311 3.151257
-0.1174805 1.538983 3.118684
-0.1244494 1.843334 3.073416
-0.08595654 1.970721 3.034389
-0.2735499 1.720649 3.058319
-0.3196842 1.462444 3.071222
-0.2816512 1.223117 3.07206
-0.2634342 1.142994 3.078664
0.05328565 1.724127 3.137218
0.1076446 1.504324 3.162355
0.1266371 1.232478 3.13975
0.1485474 1.15526 3.120947
-0.1806173 1.223335 3.085874
-0.1529567 0.8652654 3.175242
-0.1341465 0.4087753 3.275795
-0.1306535 0.3797721 3.143474
-0.03242566 1.227619 3.139693
0.1290232 1.024475 2.866725
0.08522855 0.6725459 3.063514
0.1040163 0.6318632 2.994941
-0.122693 1.767671 3.086811
-0.2544452 1.071231 3.092113
-0.2829894 1.117548 3.04202
0.1537474 1.150645 3.113446
0.1592146 1.154859 3.100837
83
-0.09834146 1.227898 3.156233
-0.1134205 1.539691 3.120651
-0.1223686 1.843974 3.074441
-0.08276373 1.97075 3.03594
-0.2711564 1.721542 3.05899
-0.316701 1.458492 3.072407
-0.2768486 1.222571 3.069844
-0.2593901 1.143438 3.076711
0.05558981 1.724019 3.139539
0.1117723 1.506324 3.16499
0.1273053 1.232218 3.142764
0.149145 1.156372 3.121655
-0.169961 1.222103 3.09117
-0.152191 0.8619712 3.176224
-0.1344708 0.4082939 3.275353
-0.1313156 0.3792359 3.141801
-0.02399105 1.227921 3.144481
0.1260142 0.9647433 2.893787
0.0988336 0.6137887 3.091138
0.1082684 0.5750238 3.023501
-0.1203282 1.768492 3.088014
-0.2490508 1.071773 3.089878
-0.2802333 1.116993 3.041609
0.1550878 1.151232 3.114017
0.1601672 1.155609 3.101102
84
-0.09834146 1.227898 3.156233
-0.1134205 1.539691 3.120651
-0.1223686 1.843974 3.074441
-0.08276373 1.97075 3.03594
-0.2711564 1.721542 3.05899
-0.316701 1.458492 3.072407
-0.2768486 1.222571 3.069844
-0.2593901 1.143438 3.076711
0.05558981 1.724019 3.139539
0.1117723 1.506324 3.16499
0.1273053 1.232218 3.142764
0.149145 1.156372 3.121655
-0.169961 1.222103 3.09117
-0.152191 0.8619712 3.176224
-0.1344708 0.4082939 3.275353
-0.1313156 0.3792359 3.141801
-0.02399105 1.227921 3.144481
0.1260142 0.9647433 2.893787
0.0988336 0.6137887 3.091138
0.1082684 0.5750238 3.023501
-0.1203282 1.768492 3.088014
-0.2490508 1.071773 3.089878
-0.2802333 1.116993 3.041609
0.1550878 1.151232 3.114017
0.1601672 1.155609 3.101102
85
-0.09834146 1.227898 3.156233
-0.1134205 1.539691 3.120651
-0.1223686 1.843974 3.074441
-0.08276373 1.97075 3.03594
-0.2711564 1.721542 3.05899
-0.316701 1.458492 3.072407
-0.2768486 1.222571 3.069844
-0.2593901 1.143438 3.076711
0.05558981 1.724019 3.139539
0.1117723 1.506324 3.16499
0.1273053 1.232218 3.142764
0.149145 1.156372 3.121655
-0.169961 1.222103 3.09117
-0.152191 0.8619712 3.176224
-0.1344708 0.4082939 3.275353
-0.1313156 0.3792359 3.141801
-0.02399105 1.227921 3.144481
0.1260142 0.9647433 2.893787
0.0988336 0.6137887 3.091138
0.1082684 0.5750238 3.023501
-0.1203282 1.768492 3.088014
-0.2490508 1.071773 3.089878
-0.2802333 1.116993 3.041609
0.1550878 1.151232 3.114017
0.1601672 1.155609 3.101102
86
-0.08494405 1.226419 3.165205
-0.1061542 1.54013 3.124647
-0.1191736 1.84463 3.075851
-0.07856199 1.971012 3.038074
-0.2675808 1.722391 3.060321
-0.3144435 1.45635 3.073245
-0.272024 1.221768 3.067791
-0.2553376 1.143439 3.075493
0.05857759 1.723804 3.141787
0.1173405 1.481479 3.174031
0.128665 1.229343 3.146614
0.1457005 1.185696 3.131937
-0.1544289 1.219125 3.101968
-0.1498658 0.85164 3.17944
-0.1349773 0.4070948 3.27479
-0.1319133 0.3783462 3.14028
-0.01304716 1.227715 3.151942
0.1187682 0.9149324 2.925104
0.1094488 0.5446683 3.125183
0.1143405 0.5065053 3.054787
-0.1163918 1.769334 3.089911
-0.2463357 1.072094 3.088904
-0.2778188 1.117839 3.041658
0.1437712 1.195506 3.120178
0.1518533 1.183992 3.10913
87
-0.08494405 1.226419 3.165205
-0.1061542 1.54013 3.124647
-0.1191736 1.84463 3.075851
-0.07856199 1.971012 3.038074
-0.2675808 1.722391 3.060321
-0.3144435 1.45635 3.073245
-0.272024 1.221768 3.067791
-0.2553376 1.143439 3.075493
0.05857759 1.723804 3.141787
0.1173405 1.481479 3.174031
0.128665 1.229343 3.146614
0.1457005 1.185696 3.131937
-0.1544289 1.219125 3.101968
-0.1498658 0.85164 3.17944
-0.1349773 0.4070948 3.27479
-0.1319133 0.3783462 3.14028
-0.01304716 1.227715 3.151942
0.1187682 0.9149324 2.925104
0.1094488 0.5446683 3.125183
0.1143405 0.5065053 3.054787
-0.1163918 1.769334 3.089911
-0.2463357 1.072094 3.088904
-0.2778188 1.117839 3.041658
0.1437712 1.195506 3.120178
0.1518533 1.183992 3.10913
88
-0.07337096 1.224562 3.173402
-0.09677973 1.540012 3.129979
-0.1137905 1.845268 3.078117
-0.07377142 1.971305 3.040192
-0.2631696 1.722994 3.062176
-0.3126784 1.455884 3.073868
-0.2675585 1.220722 3.066061
-0.2517301 1.1433 3.074612
0.0630126 1.723037 3.143527
0.1365387 1.497211 3.171097
0.1423907 1.24805 3.149255
0.1430917 1.209719 3.142527
-0.142679 1.216025 3.111447
-0.1476546 0.8431734 3.182267
-0.1352116 0.4041158 3.274388
-0.1325558 0.3759526 3.1398
-0.001964116 1.227121 3.159054
0.1067368 0.8719782 2.965364
0.1191482 0.4725105 3.155763
0.1238925 0.4383568 3.083797
-0.1100456 1.770054 3.092904
-0.2418752 1.072958 3.085685
-0.2773194 1.123376 3.045702
0.1430587 1.202766 3.124355
0.1517288 1.21302 3.136105
89
-0.06473085 1.222152 3.179214
-0.08822034 1.539037 3.134289
-0.1072479 1.845446 3.080194
-0.06767527 1.971271 3.042273
-0.2571167 1.722692 3.064554
-0.3112201 1.457156 3.074257
-0.2643363 1.219849 3.064832
-0.2487021 1.142986 3.073822
0.06961286 1.721384 3.143765
0.1458922 1.503608 3.168915
0.1514068 1.259852 3.150018
0.1426399 1.21942 3.147314
-0.134039 1.21258 3.118792
-0.1448067 0.8343551 3.186119
-0.1355287 0.400936 3.273825
-0.1329083 0.3738134 3.139515
0.006546712 1.225706 3.163637
0.09691577 0.8269801 3.007826
0.1243521 0.4044135 3.192194
0.131613 0.3728665 3.118808
-0.102923 1.770142 3.095592
-0.2389416 1.072785 3.085018
-0.2745743 1.121991 3.045171
0.1528756 1.171967 3.130745
0.1523729 1.222774 3.143688
90
-0.06473085 1.222152 3.179214
-0.08822034 1.539037 3.134289
-0.1072479 1.845446 3.080194
-0.06767527 1.971271 3.042273
-0.2571167 1.722692 3.064554
-0.3112201 1.457156 3.074257
-0.2643363 1.219849 3.064832
-0.2487021 1.142986 3.073822
0.06961286 1.721384 3.143765
0.1458922 1.503608 3.168915
0.1514068 1.259852 3.150018
0.1426399 1.21942 3.147314
-0.134039 1.21258 3.118792
-0.1448067 0.8343551 3.186119
-0.1355287 0.400936 3.273825
-0.1329083 0.3738134 3.139515
0.006546712 1.225706 3.163637
0.09691577 0.8269801 3.007826
0.1243521 0.4044135 3.192194
0.131613 0.3728665 3.118808
-0.102923 1.770142 3.095592
-0.2389416 1.072785 3.085018
-0.2745743 1.121991 3.045171
0.1528756 1.171967 3.130745
0.1523729 1.222774 3.143688
91
-0.06473085 1.222152 3.179214
-0.08822034 1.539037 3.134289
-0.1072479 1.845446 3.080194
-0.06767527 1.971271 3.042273
-0.2571167 1.722692 3.064554
-0.3112201 1.457156 3.074257
-0.2643363 1.219849 3.064832
-0.2487021 1.142986 3.073822
0.06961286 1.721384 3.143765
0.1458922 1.503608 3.168915
0.1514068 1.259852 3.150018
0.1426399 1.21942 3.147314
-0.134039 1.21258 3.118792
-0.1448067 0.8343551 3.186119
-0.1355287 0.400936 3.273825
-0.1329083 0.3738134 3.139515
0.006546712 1.225706 3.163637
0.09691577 0.8269801 3.007826
0.1243521 0.4044135 3.192194
0.131613 0.3728665 3.118808
-0.102923 1.770142 3.095592
-0.2389416 1.072785 3.085018
-0.2745743 1.121991 3.045171
0.1528756 1.171967 3.130745
0.1523729 1.222774 3.143688
92
-0.05905328 1.219978 3.183082
-0.08125754 1.537718 3.137312
-0.09906089 1.845167 3.08152
-0.06039605 1.970691 3.044105
-0.2492048 1.721761 3.067347
-0.3093406 1.459118 3.074727
-0.2616695 1.219046 3.063895
-0.2461148 1.142629 3.073376
0.07873125 1.719076 3.142092
0.1536245 1.507735 3.165459
0.1561899 1.257569 3.151585
0.150182 1.181049 3.152642
-0.1286086 1.209991 3.123861
-0.1408318 0.8227824 3.191988
-0.1356773 0.3967895 3.272961
-0.1330872 0.37142 3.139328
0.01254264 1.223819 3.166486
0.08648071 0.787007 3.059813
0.1204762 0.3749959 3.217509
0.1357068 0.3498976 3.148652
-0.0950908 1.769685 3.097485
-0.2374585 1.072916 3.084198
-0.2731865 1.123442 3.045395
0.1629278 1.105181 3.139141
0.1701766 1.152889 3.147859
93
-0.05905328 1.219978 3.183082
-0.08125754 1.537718 3.137312
-0.09906089 1.845167 3.08152
-0.06039605 1.970691 3.044105
-0.2492048 1.721761 3.067347
-0.3093406 1.459118 3.074727
-0.2616695 1.219046 3.063895
-0.2461148 1.142629 3.073376
0.07873125 1.719076 3.142092
0.1536245 1.507735 3.165459
0.1561899 1.257569 3.151585
0.150182 1.181049 3.152642
-0.1286086 1.209991 3.123861
-0.1408318 0.8227824 3.191988
-0.1356773 0.3967895 3.272961
-0.1330872 0.37142 3.139328
0.01254264 1.223819 3.166486
0.08648071 0.787007 3.059813
0.1204762 0.3749959 3.217509
0.1357068 0.3498976 3.148652
-0.0950908 1.769685 3.097485
-0.2374585 1.072916 3.084198
-0.2731865 1.123442 3.045395
0.1629278 1.105181 3.139141
0.1701766 1.152889 3.147859
94
-0.05498675 1.21792 3.185757
-0.07445873 1.535901 3.139584
-0.08764281 1.844242 3.082419
-0.05069139 1.97041 3.045365
-0.2383608 1.720539 3.069943
-0.3063195 1.462362 3.075487
-0.2589109 1.218246 3.063128
-0.2436153 1.142125 3.07295
0.09083296 1.715982 3.13795
0.1613384 1.510075 3.160357
0.1601754 1.252626 3.152459
0.1536904 1.166403 3.154422
-0.124946 1.207932 3.127445
-0.1372864 0.8116291 3.197772
-0.1346811 0.3929255 3.272454
-0.1330113 0.3691486 3.139091
0.01718453 1.221548 3.168202
0.07507253 0.7653266 3.114313
0.1195454 0.3623689 3.242172
0.1368129 0.3376302 3.158201
-0.08497442 1.768509 3.098912
-0.2359768 1.072751 3.083369
-0.2723948 1.123816 3.045535
0.1703635 1.063027 3.144652
0.1815195 1.101131 3.150698
95
-0.05498675 1.21792 3.185757
-0.07445873 1.535901 3.139584
-0.08764281 1.844242 3.082419
-0.05069139 1.97041 3.045365
-0.2383608 1.720539 3.069943
-0.3063195 1.462362 3.075487
-0.2589109 1.218246 3.063128
-0.2436153 1.142125 3.07295
0.09083296 1.715982 3.13795
0.1613384 1.510075 3.160357
0.1601754 1.252626 3.152459
0.1536904 1.166403 3.154422
-0.124946 1.207932 3.127445
-0.1372864 0.8116291 3.197772
-0.1346811 0.3929255 3.272454
-0.1330113 0.3691486 3.139091
0.01718453 1.221548 3.168202
0.07507253 0.7653266 3.114313
0.1195454 0.3623689 3.242172
0.1368129 0.3376302 3.158201
-0.08497442 1.768509 3.098912
-0.2359768 1.072751 3.083369
-0.2723948 1.123816 3.045535
0.1703635 1.063027 3.144652
0.1815195 1.101131 3.150698
96
-0.05116387 1.215671 3.187693
-0.06520029 1.53353 3.141144
-0.07127313 1.843114 3.082399
-0.03892032 1.97065 3.045547
-0.2307921 1.719703 3.071602
-0.3010126 1.466326 3.076761
-0.2558821 1.217175 3.062602
-0.2415421 1.141877 3.073039
0.1048687 1.713418 3.13141
0.1726524 1.511207 3.148501
0.1640333 1.242263 3.152758
0.1562374 1.157197 3.154648
-0.1218151 1.206123 3.130246
-0.1351311 0.804823 3.201357
-0.1323842 0.3904212 3.272555
-0.1329521 0.3674908 3.139113
0.02192746 1.218654 3.168916
0.0677517 0.7626415 3.173215
0.1146971 0.3560293 3.25949
0.1345901 0.3394523 3.170539
-0.07032376 1.766984 3.09945
-0.2350412 1.072705 3.083023
-0.2712413 1.126018 3.047884
0.1732072 1.04856 3.146499
0.1862136 1.10589 3.147775
97
-0.04539711 1.212757 3.189216
-0.05405281 1.531364 3.141906
-0.05710018 1.842615 3.081713
-0.02203446 1.971406 3.044306
-0.2176481 1.718413 3.072936
-0.2935374 1.470923 3.078274
-0.2519712 1.216104 3.06244
-0.2386817 1.141815 3.073786
0.1192524 1.711531 3.1248
0.183118 1.510862 3.137903
0.1659905 1.237982 3.15292
0.1601196 1.145944 3.151136
-0.1171679 1.203887 3.133023
-0.1334167 0.7999907 3.203861
-0.1302326 0.3882794 3.272972
-0.1328409 0.3659064 3.139809
0.02856409 1.215237 3.168796
0.06756984 0.771892 3.21834
0.09117818 0.3546752 3.300803
0.1327031 0.3338387 3.183492
-0.05663754 1.766069 3.099174
-0.2340281 1.073032 3.082957
-0.2685444 1.131688 3.050421
0.1747724 1.039625 3.147346
0.1915946 1.09471 3.147027
98
-0.04539711 1.212757 3.189216
-0.05405281 1.531364 3.141906
-0.05710018 1.842615 3.081713
-0.02203446 1.971406 3.044306
-0.2176481 1.718413 3.072936
-0.2935374 1.470923 3.078274
-0.2519712 1.216104 3.06244
-0.2386817 1.141815 3.073786
0.1192524 1.711531 3.1248
0.183118 1.510862 3.137903
0.1659905 1.237982 3.15292
0.1601196 1.145944 3.151136
-0.1171679 1.203887 3.133023
-0.1334167 0.7999907 3.203861
-0.1302326 0.3882794 3.272972
-0.1328409 0.3659064 3.139809
0.02856409 1.215237 3.168796
0.06756984 0.771892 3.21834
0.09117818 0.3546752 3.300803
0.1327031 0.3338387 3.183492
-0.05663754 1.766069 3.099174
-0.2340281 1.073032 3.082957
-0.2685444 1.131688 3.050421
0.1747724 1.039625 3.147346
0.1915946 1.09471 3.147027
99
-0.03966481 1.210697 3.190354
-0.04244903 1.530466 3.142089
-0.04079095 1.84349 3.080105
-0.00621211 1.972136 3.042847
-0.2040746 1.718603 3.073308
-0.2792681 1.486187 3.077825
-0.247265 1.214991 3.063029
-0.234312 1.142096 3.075685
0.1330875 1.710274 3.119156
0.1924717 1.509855 3.130054
0.1675591 1.234485 3.152799
0.162026 1.139841 3.146976
-0.1122652 1.202539 3.135336
-0.1319821 0.7966042 3.205608
-0.1283521 0.3862392 3.273161
-0.1325281 0.3643901 3.140658
0.03476207 1.212693 3.168544
0.06852263 0.780421 3.241727
0.07019962 0.3842598 3.330327
0.1219312 0.355638 3.20137
-0.04139865 1.766497 3.098075
-0.232735 1.073771 3.083611
-0.2655427 1.13241 3.052077
0.1745963 1.038544 3.143798
0.1953343 1.101734 3.137985
100
-0.03966481 1.210697 3.190354
-0.04244903 1.530466 3.142089
-0.04079095 1.84349 3.080105
-0.00621211 1.972136 3.042847
-0.2040746 1.718603 3.073308
-0.2792681 1.486187 3.077825
-0.247265 1.214991 3.063029
-0.234312 1.142096 3.075685
0.1330875 1.710274 3.119156
0.1924717 1.509855 3.130054
0.1675591 1.234485 3.152799
0.162026 1.139841 3.146976
-0.1122652 1.202539 3.135336
-0.1319821 0.7966042 3.205608
-0.1283521 0.3862392 3.273161
-0.1325281 0.3643901 3.140658
0.03476207 1.212693 3.168544
0.06852263 0.780421 3.241727
0.07019962 0.3842598 3.330327
0.1219312 0.355638 3.20137
-0.04139865 1.766497 3.098075
-0.232735 1.073771 3.083611
-0.2655427 1.13241 3.052077
0.1745963 1.038544 3.143798
0.1953343 1.101734 3.137985
101
-0.03966481 1.210697 3.190354
-0.04244903 1.530466 3.142089
-0.04079095 1.84349 3.080105
-0.00621211 1.972136 3.042847
-0.2040746 1.718603 3.073308
-0.2792681 1.486187 3.077825
-0.247265 1.214991 3.063029
-0.234312 1.142096 3.075685
0.1330875 1.710274 3.119156
0.1924717 1.509855 3.130054
0.1675591 1.234485 3.152799
0.162026 1.139841 3.146976
-0.1122652 1.202539 3.135336
-0.1319821 0.7966042 3.205608
-0.1283521 0.3862392 3.273161
-0.1325281 0.3643901 3.140658
0.03476207 1.212693 3.168544
0.06852263 0.780421 3.241727
0.07019962 0.3842598 3.330327
0.1219312 0.355638 3.20137
-0.04139865 1.766497 3.098075
-0.232735 1.073771 3.083611
-0.2655427 1.13241 3.052077
0.1745963 1.038544 3.143798
0.1953343 1.101734 3.137985
102
-0.03115237 1.209546 3.19155
-0.0301371 1.530824 3.141878
-0.02736087 1.844952 3.078366
0.01001751 1.973282 3.04121
-0.1900605 1.719491 3.072382
-0.2673338 1.495758 3.077406
-0.2390129 1.214386 3.065313
-0.2266941 1.143361 3.078786
0.1451463 1.710725 3.115421
0.1996438 1.509371 3.12417
0.169044 1.231991 3.152452
0.1637745 1.135908 3.143848
-0.1044389 1.202209 3.137795
-0.130314 0.7937377 3.206539
-0.1268084 0.3842945 3.273287
-0.1322664 0.3628546 3.142058
0.04325515 1.211055 3.168391
0.07064509 0.7883362 3.256056
0.06147934 0.3995761 3.342493
0.1154836 0.3689561 3.210503
-0.02809463 1.767729 3.096697
-0.2296292 1.076469 3.084906
-0.257772 1.127606 3.057542
0.1735347 1.042441 3.139962
0.1971085 1.111393 3.130582
103
-0.03115237 1.209546 3.19155
-0.0301371 1.530824 3.141878
-0.02736087 1.844952 3.078366
0.01001751 1.973282 3.04121
-0.1900605 1.719491 3.072382
-0.2673338 1.495758 3.077406
-0.2390129 1.214386 3.065313
-0.2266941 1.143361 3.078786
0.1451463 1.710725 3.115421
0.1996438 1.509371 3.12417
0.169044 1.231991 3.152452
0.1637745 1.135908 3.143848
-0.1044389 1.202209 3.137795
-0.130314 0.7937377 3.206539
-0.1268084 0.3842945 3.273287
-0.1322664 0.3628546 3.142058
0.04325515 1.211055 3.168391
0.07064509 0.7883362 3.256056
0.06147934 0.3995761 3.342493
0.1154836 0.3689561 3.210503
-0.02809463 1.767729 3.096697
-0.2296292 1.076469 3.084906
-0.257772 1.127606 3.057542
0.1735347 1.042441 3.139962
0.1971085 1.111393 3.130582
104
-0.02134096 1.209553 3.192677
-0.01867935 1.53182 3.141695
-0.01610745 1.846304 3.077086
0.02284791 1.974119 3.040122
-0.1783925 1.720759 3.070915
-0.257923 1.504045 3.07648
-0.2300509 1.216535 3.068348
-0.2163211 1.146645 3.082844
0.1556769 1.711368 3.113363
0.2066286 1.508818 3.120085
0.1709423 1.229825 3.15183
0.1653607 1.133391 3.140077
-0.09516034 1.202982 3.139836
-0.1281036 0.7915897 3.206652
-0.1255051 0.3828577 3.272362
-0.1319815 0.3620031 3.142899
0.05290812 1.210571 3.16858
0.07303156 0.7950181 3.265312
0.0577037 0.4054808 3.348936
0.1122425 0.3745845 3.215011
-0.01671121 1.769026 3.095656
-0.2228131 1.082546 3.086828
-0.2460634 1.132994 3.065288
0.1721411 1.048236 3.135618
0.1977397 1.117338 3.122765
105
-0.02134096 1.209553 3.192677
-0.01867935 1.53182 3.141695
-0.01610745 1.846304 3.077086
0.02284791 1.974119 3.040122
-0.1783925 1.720759 3.070915
-0.257923 1.504045 3.07648
-0.2300509 1.216535 3.068348
-0.2163211 1.146645 3.082844
0.1556769 1.711368 3.113363
0.2066286 1.508818 3.120085
0.1709423 1.229825 3.15183
0.1653607 1.133391 3.140077
-0.09516034 1.202982 3.139836
-0.1281036 0.7915897 3.206652
-0.1255051 0.3828577 3.272362
-0.1319815 0.3620031 3.142899
0.05290812 1.210571 3.16858
0.07303156 0.7950181 3.265312
0.0577037 0.4054808 3.348936
0.1122425 0.3745845 3.215011
-0.01671121 1.769026 3.095656
-0.2228131 1.082546 3.086828
-0.2460634 1.132994 3.065288
0.1721411 1.048236 3.135618
0.1977397 1.117338 3.122765
106
-0.01097916 1.210473 3.193994
-0.008136113 1.533044 3.141721
-0.006145538 1.847357 3.076161
0.0348627 1.97457 3.039925
-0.1663871 1.722285 3.068767
-0.2483036 1.511767 3.075589
-0.2218965 1.220618 3.072539
-0.2032154 1.151346 3.087112
0.1659353 1.712338 3.112981
0.2143424 1.508339 3.11778
0.1740141 1.229422 3.151818
0.1680444 1.133709 3.136907
-0.08513191 1.204683 3.141532
-0.1236535 0.7906215 3.205151
-0.1251186 0.3820304 3.271086
-0.1316542 0.3613528 3.142803
0.06312917 1.210927 3.169534
0.07596599 0.8024257 3.267338
0.05673558 0.4117849 3.350899
0.1092977 0.3809112 3.218664
-0.006584101 1.770136 3.094933
-0.207875 1.089106 3.088485
-0.2278635 1.127595 3.06843
0.1745295 1.058428 3.132232
0.2002571 1.115214 3.120088
107
-0.01097916 1.210473 3.193994
-0.008136113 1.533044 3.141721
-0.006145538 1.847357 3.076161
0.0348627 1.97457 3.039925
-0.1663871 1.722285 3.068767
-0.2483036 1.511767 3.075589
-0.2218965 1.220618 3.072539
-0.2032154 1.151346 3.087112
0.1659353 1.712338 3.112981
0.2143424 1.508339 3.11778
0.1740141 1.229422 3.151818
0.1680444 1.133709 3.136907
-0.08513191 1.204683 3.141532
-0.1236535 0.7906215 3.205151
-0.1251186 0.3820304 3.271086
-0.1316542 0.3613528 3.142803
0.06312917 1.210927 3.169534
0.07596599 0.8024257 3.267338
0.05673558 0.4117849 3.350899
0.1092977 0.3809112 3.218664
-0.006584101 1.770136 3.094933
-0.207875 1.089106 3.088485
-0.2278635 1.127595 3.06843
0.1745295 1.058428 3.132232
0.2002571 1.115214 3.120088
108
-0.00225262 1.210888 3.195212
0.0009019175 1.533814 3.141994
0.003046086 1.848148 3.075737
0.04466086 1.97433 3.039721
-0.1556134 1.72407 3.066483
-0.2411116 1.516734 3.074982
-0.2173639 1.222718 3.07498
-0.1929865 1.154482 3.09008
0.1743011 1.712933 3.11377
0.2220469 1.507721 3.117534
0.1774078 1.229792 3.15215
0.1728402 1.139808 3.132397
-0.07673937 1.206151 3.14278
-0.115019 0.7891026 3.201612
-0.1257956 0.3818297 3.270042
-0.1312796 0.3605813 3.142714
0.0722675 1.210302 3.170845
0.07889569 0.8069826 3.267475
0.05825977 0.4144631 3.349337
0.1075587 0.3849986 3.220484
0.002568437 1.770931 3.094657
-0.1978046 1.092844 3.088944
-0.2137399 1.122494 3.069919
0.1782227 1.071275 3.126496
0.2065293 1.10362 3.117543
109
0.005230528 1.211129 3.196204
0.008311625 1.534208 3.142391
0.01039692 1.848449 3.07575
0.05486618 1.973827 3.039915
-0.147027 1.725204 3.065
-0.2306446 1.516117 3.075546
-0.2128106 1.222844 3.077749
-0.1817891 1.153422 3.092987
0.1821445 1.712875 3.116083
0.2312738 1.506569 3.120023
0.1819745 1.230866 3.153317
0.1794682 1.14578 3.130197
-0.06923265 1.207119 3.143669
-0.1083831 0.7881293 3.198779
-0.1230904 0.3789431 3.263646
-0.130876 0.3599873 3.142308
0.07958598 1.209867 3.171978
0.08159765 0.8099038 3.265959
0.06093281 0.4150856 3.345471
0.1067109 0.3874818 3.220302
0.009930843 1.771262 3.094745
-0.1846826 1.092678 3.093252
-0.2027861 1.117779 3.07286
0.1814793 1.078676 3.123371
0.2146563 1.132083 3.117337
110
0.005230528 1.211129 3.196204
0.008311625 1.534208 3.142391
0.01039692 1.848449 3.07575
0.05486618 1.973827 3.039915
-0.147027 1.725204 3.065
-0.2306446 1.516117 3.075546
-0.2128106 1.222844 3.077749
-0.1817891 1.153422 3.092987
0.1821445 1.712875 3.116083
0.2312738 1.506569 3.120023
0.1819745 1.230866 3.153317
0.1794682 1.14578 3.130197
-0.06923265 1.207119 3.143669
-0.1083831 0.7881293 3.198779
-0.1230904 0.3789431 3.263646
-0.130876 0.3599873 3.142308
0.07958598 1.209867 3.171978
0.08159765 0.8099038 3.265959
0.06093281 0.4150856 3.345471
0.1067109 0.3874818 3.220302
0.009930843 1.771262 3.094745
-0.1846826 1.092678 3.093252
-0.2027861 1.117779 3.07286
0.1814793 1.078676 3.123371
0.2146563 1.132083 3.117337
111
0.005230528 1.211129 3.196204
0.008311625 1.534208 3.142391
0.01039692 1.848449 3.07575
0.05486618 1.973827 3.039915
-0.147027 1.725204 3.065
-0.2306446 1.516117 3.075546
-0.2128106 1.222844 3.077749
-0.1817891 1.153422 3.092987
0.1821445 1.712875 3.116083
0.2312738 1.506569 3.120023
0.1819745 1.230866 3.153317
0.1794682 1.14578 3.130197
-0.06923265 1.207119 3.143669
-0.1083831 0.7881293 3.198779
-0.1230904 0.3789431 3.263646
-0.130876 0.3599873 3.142308
0.07958598 1.209867 3.171978
0.08159765 0.8099038 3.265959
0.06093281 0.4150856 3.345471
0.1067109 0.3874818 3.220302
0.009930843 1.771262 3.094745
-0.1846826 1.092678 3.093252
-0.2027861 1.117779 3.07286
0.1814793 1.078676 3.123371
0.2146563 1.132083 3.117337
112
0.0113395 1.211354 3.197114
0.01447408 1.534424 3.142959
0.01675941 1.848447 3.076167
0.06361152 1.973064 3.04063
-0.1387809 1.726626 3.06418
-0.2221177 1.5157 3.076072
-0.2060629 1.224938 3.082179
-0.1733258 1.153352 3.094966
0.1910902 1.711515 3.121094
0.2419572 1.504133 3.126312
0.2011794 1.222741 3.141993
0.1852134 1.134885 3.129096
-0.0629699 1.207897 3.144296
-0.101808 0.7875962 3.19603
-0.1201225 0.3760709 3.256597
-0.1303209 0.3596844 3.142174
0.08545724 1.209592 3.173182
0.08404229 0.8114823 3.264017
0.06380536 0.4151219 3.341421
0.1064687 0.3889559 3.218588
0.01623394 1.771322 3.09518
-0.1728606 1.091459 3.097192
-0.195081 1.117056 3.074445
0.1830957 1.071239 3.125414
0.2185889 1.1332 3.116768
113
0.0167238 1.21151 3.197996
0.02051399 1.534469 3.143881
0.02385252 1.848137 3.077436
0.07170737 1.972168 3.042022
-0.1308158 1.727913 3.064052
-0.2152809 1.516746 3.07594
-0.195578 1.227928 3.087727
-0.1674485 1.153399 3.096263
0.1978757 1.710119 3.12556
0.2517194 1.50231 3.133283
0.2104785 1.237045 3.137599
0.1937747 1.150076 3.128322
-0.05737511 1.208435 3.144855
-0.09607177 0.7877349 3.193295
-0.1159873 0.3732295 3.249034
-0.1297269 0.3594984 3.142014
0.09051171 1.209406 3.174377
0.08631068 0.8124837 3.261575
0.06665079 0.4149213 3.337452
0.1064747 0.3900294 3.217347
0.02303291 1.771115 3.096329
-0.1635918 1.088151 3.100984
-0.1890117 1.119585 3.075973
0.1919273 1.086796 3.119291
0.2241013 1.146125 3.116345
114
0.0167238 1.21151 3.197996
0.02051399 1.534469 3.143881
0.02385252 1.848137 3.077436
0.07170737 1.972168 3.042022
-0.1308158 1.727913 3.064052
-0.2152809 1.516746 3.07594
-0.195578 1.227928 3.087727
-0.1674485 1.153399 3.096263
0.1978757 1.710119 3.12556
0.2517194 1.50231 3.133283
0.2104785 1.237045 3.137599
0.1937747 1.150076 3.128322
-0.05737511 1.208435 3.144855
-0.09607177 0.7877349 3.193295
-0.1159873 0.3732295 3.249034
-0.1297269 0.3594984 3.142014
0.09051171 1.209406 3.174377
0.08631068 0.8124837 3.261575
0.06665079 0.4149213 3.337452
0.1064747 0.3900294 3.217347
0.02303291 1.771115 3.096329
-0.1635918 1.088151 3.100984
-0.1890117 1.119585 3.075973
0.1919273 1.086796 3.119291
0.2241013 1.146125 3.116345
115
0.02303155 1.211718 3.19903
0.02649029 1.534432 3.145
0.02984695 1.847763 3.078791
0.07844637 1.971506 3.04372
-0.1240271 1.72898 3.064282
-0.20491 1.510913 3.077235
-0.1852636 1.225253 3.091838
-0.1601771 1.149997 3.097966
0.2046117 1.708553 3.130568
0.2618203 1.500932 3.140571
0.2149435 1.242009 3.135864
0.1994227 1.159677 3.128162
-0.05061758 1.208982 3.145379
-0.09003764 0.7910467 3.189133
-0.1125843 0.3719608 3.243342
-0.1290026 0.359694 3.14168
0.09622858 1.209321 3.175879
0.08944611 0.8133048 3.258168
0.06889094 0.4150366 3.33394
0.1067742 0.3906179 3.215868
0.02900504 1.770826 3.09761
-0.1536723 1.080989 3.106904
-0.18111 1.111369 3.080665
0.1957117 1.094308 3.117121
0.2297534 1.157004 3.117493
116
0.02303155 1.211718 3.19903
0.02649029 1.534432 3.145
0.02984695 1.847763 3.078791
0.07844637 1.971506 3.04372
-0.1240271 1.72898 3.064282
-0.20491 1.510913 3.077235
-0.1852636 1.225253 3.091838
-0.1601771 1.149997 3.097966
0.2046117 1.708553 3.130568
0.2618203 1.500932 3.140571
0.2149435 1.242009 3.135864
0.1994227 1.159677 3.128162
-0.05061758 1.208982 3.145379
-0.09003764 0.7910467 3.189133
-0.1125843 0.3719608 3.243342
-0.1290026 0.359694 3.14168
0.09622858 1.209321 3.175879
0.08944611 0.8133048 3.258168
0.06889094 0.4150366 3.33394
0.1067742 0.3906179 3.215868
0.02900504 1.770826 3.09761
-0.1536723 1.080989 3.106904
-0.18111 1.111369 3.080665
0.1957117 1.094308 3.117121
0.2297534 1.157004 3.117493
117
0.02303155 1.211718 3.19903
0.02649029 1.534432 3.145
0.02984695 1.847763 3.078791
0.07844637 1.971506 3.04372
-0.1240271 1.72898 3.064282
-0.20491 1.510913 3.077235
-0.1852636 1.225253 3.091838
-0.1601771 1.149997 3.097966
0.2046117 1.708553 3.130568
0.2618203 1.500932 3.140571
0.2149435 1.242009 3.135864
0.1994227 1.159677 3.128162
-0.05061758 1.208982 3.145379
-0.09003764 0.7910467 3.189133
-0.1125843 0.3719608 3.243342
-0.1290026 0.359694 3.14168
0.09622858 1.209321 3.175879
0.08944611 0.8133048 3.258168
0.06889094 0.4150366 3.33394
0.1067742 0.3906179 3.215868
0.02900504 1.770826 3.09761
-0.1536723 1.080989 3.106904
-0.18111 1.111369 3.080665
0.1957117 1.094308 3.117121
0.2297534 1.157004 3.117493
118
0.02988603 1.211801 3.200253
0.03210661 1.534333 3.146258
0.0347047 1.847449 3.080127
0.08508278 1.970687 3.046568
-0.1184525 1.729662 3.064779
-0.1976974 1.506475 3.078148
-0.1763438 1.22284 3.093957
-0.1541143 1.147435 3.098344
0.2110552 1.706737 3.13562
0.2715936 1.499753 3.147748
0.2186752 1.246482 3.135305
0.2051468 1.166383 3.129748
-0.04354746 1.209197 3.146017
-0.0854676 0.7937252 3.185882
-0.1093615 0.3714119 3.238953
-0.1279395 0.3602174 3.141508
0.1026417 1.209303 3.177677
0.09418452 0.8131676 3.253659
0.07538049 0.4136184 3.328388
0.107248 0.3907664 3.214226
0.03402244 1.770562 3.098922
-0.1435791 1.075746 3.108931
-0.1771438 1.11212 3.081984
0.1998487 1.099546 3.117235
0.2347697 1.16243 3.119534
119
0.02988603 1.211801 3.200253
0.03210661 1.534333 3.146258
0.0347047 1.847449 3.080127
0.08508278 1.970687 3.046568
-0.1184525 1.729662 3.064779
-0.1976974 1.506475 3.078148
-0.1763438 1.22284 3.093957
-0.1541143 1.147435 3.098344
0.2110552 1.706737 3.13562
0.2715936 1.499753 3.147748
0.2186752 1.246482 3.135305
0.2051468 1.166383 3.129748
-0.04354746 1.209197 3.146017
-0.0854676 0.7937252 3.185882
-0.1093615 0.3714119 3.238953
-0.1279395 0.3602174 3.141508
0.1026417 1.209303 3.177677
0.09418452 0.8131676 3.253659
0.07538049 0.4136184 3.328388
0.107248 0.3907664 3.214226
0.03402244 1.770562 3.098922
-0.1435791 1.075746 3.108931
-0.1771438 1.11212 3.081984
0.1998487 1.099546 3.117235
0.2347697 1.16243 3.119534
120
0.03540212 1.211843 3.201083
0.03700833 1.534283 3.147392
0.03920821 1.847282 3.081618
0.09070072 1.969893 3.049515
-0.113726 1.730222 3.065412
-0.1921573 1.505278 3.078244
-0.1637427 1.252673 3.083
-0.1470151 1.169383 3.095286
0.2167348 1.705057 3.14001
0.2857783 1.500222 3.155545
0.2358784 1.235844 3.14012
0.2198972 1.134588 3.137951
-0.03769088 1.209309 3.146322
-0.08130065 0.7959889 3.18225
-0.1060267 0.3715954 3.236205
-0.1270707 0.3607577 3.141316
0.1076865 1.209295 3.179003
0.1005427 0.8121685 3.247402
0.07976262 0.4121287 3.32449
0.1095749 0.3886289 3.210578
0.03861561 1.770422 3.100319
-0.1430648 1.104576 3.087253
-0.1711757 1.163285 3.077018
0.19523 1.057962 3.130031
0.2458628 1.116648 3.117126
121
0.03540212 1.211843 3.201083
0.03700833 1.534283 3.147392
0.03920821 1.847282 3.081618
0.09070072 1.969893 3.049515
-0.113726 1.730222 3.065412
-0.1921573 1.505278 3.078244
-0.1637427 1.252673 3.083
-0.1470151 1.169383 3.095286
0.2167348 1.705057 3.14001
0.2857783 1.500222 3.155545
0.2358784 1.235844 3.14012
0.2198972 1.134588 3.137951
-0.03769088 1.209309 3.146322
-0.08130065 0.7959889 3.18225
-0.1060267 0.3715954 3.236205
-0.1270707 0.3607577 3.141316
0.1076865 1.209295 3.179003
0.1005427 0.8121685 3.247402
0.07976262 0.4121287 3.32449
0.1095749 0.3886289 3.210578
0.03861561 1.770422 3.100319
-0.1430648 1.104576 3.087253
-0.1711757 1.163285 3.077018
0.19523 1.057962 3.130031
0.2458628 1.116648 3.117126
122
0.04133666 1.211663 3.201998
0.04208559 1.534121 3.148844
0.04362493 1.847113 3.083585
0.09566991 1.969079 3.052474
-0.1090259 1.730709 3.066461
-0.187912 1.504499 3.078363
-0.1545832 1.247445 3.082897
-0.1384288 1.159208 3.092432
0.2218826 1.70336 3.144193
0.2932542 1.499709 3.159586
0.241966 1.232016 3.141603
0.2294299 1.118272 3.144714
-0.03148823 1.209002 3.146705
-0.07831778 0.7972511 3.179468
-0.1032477 0.3720716 3.234656
-0.1262985 0.3612787 3.141093
0.1131922 1.209254 3.18044
0.107984 0.8101358 3.240838
0.08440445 0.4100335 3.320662
0.1124756 0.3857727 3.207351
0.04318652 1.770252 3.102157
-0.1314066 1.077843 3.088443
-0.1679142 1.160797 3.06435
0.2086675 1.042754 3.144589
0.252232 1.069352 3.131163
123
0.04133666 1.211663 3.201998
0.04208559 1.534121 3.148844
0.04362493 1.847113 3.083585
0.09566991 1.969079 3.052474
-0.1090259 1.730709 3.066461
-0.187912 1.504499 3.078363
-0.1545832 1.247445 3.082897
-0.1384288 1.159208 3.092432
0.2218826 1.70336 3.144193
0.2932542 1.499709 3.159586
0.241966 1.232016 3.141603
0.2294299 1.118272 3.144714
-0.03148823 1.209002 3.146705
-0.07831778 0.7972511 3.179468
-0.1032477 0.3720716 3.234656
-0.1262985 0.3612787 3.141093
0.1131922 1.209254 3.18044
0.107984 0.8101358 3.240838
0.08440445 0.4100335 3.320662
0.1124756 0.3857727 3.207351
0.04318652 1.770252 3.102157
-0.1314066 1.077843 3.088443
-0.1679142 1.160797 3.06435
0.2086675 1.042754 3.144589
0.252232 1.069352 3.131163
124
0.04665012 1.211128 3.202487
0.04674007 1.533641 3.150071
0.04773463 1.846659 3.085524
0.09954835 1.968202 3.054833
-0.1043953 1.730986 3.067715
-0.1843857 1.50416 3.078285
-0.1496259 1.242292 3.082776
-0.1336551 1.154517 3.090209
0.2260262 1.702145 3.147361
0.2983366 1.499337 3.161999
0.2454917 1.228011 3.142726
0.2351671 1.114718 3.147607
-0.02613441 1.208615 3.146698
-0.07558496 0.7979438 3.176636
-0.101082 0.3729006 3.233955
-0.1255504 0.3618881 3.14141
0.1184551 1.208502 3.181456
0.1160115 0.8073428 3.233426
0.08895439 0.4071536 3.316602
0.1165516 0.3812589 3.20099
0.04742682 1.769791 3.103917
-0.1276102 1.073576 3.088355
-0.1622748 1.147092 3.060967
0.224417 1.042283 3.150078
0.2626302 1.069986 3.132704
125
0.04665012 1.211128 3.202487
0.04674007 1.533641 3.150071
0.04773463 1.846659 3.085524
0.09954835 1.968202 3.054833
-0.1043953 1.730986 3.067715
-0.1843857 1.50416 3.078285
-0.1496259 1.242292 3.082776
-0.1336551 1.154517 3.090209
0.2260262 1.702145 3.147361
0.2983366 1.499337 3.161999
0.2454917 1.228011 3.142726
0.2351671 1.114718 3.147607
-0.02613441 1.208615 3.146698
-0.07558496 0.7979438 3.176636
-0.101082 0.3729006 3.233955
-0.1255504 0.3618881 3.14141
0.1184551 1.208502 3.181456
0.1160115 0.8073428 3.233426
0.08895439 0.4071536 3.316602
0.1165516 0.3812589 3.20099
0.04742682 1.769791 3.103917
-0.1276102 1.073576 3.088355
-0.1622748 1.147092 3.060967
0.224417 1.042283 3.150078
0.2626302 1.069986 3.132704
126
0.05148597 1.210427 3.202671
0.05076298 1.533068 3.151033
0.05107513 1.846178 3.087136
0.1031262 1.967398 3.057009
-0.1001998 1.731153 3.069039
-0.169176 1.483324 3.082242
-0.1464541 1.230808 3.083528
-0.1302442 1.14938 3.088235
0.2293555 1.701277 3.149897
0.3017005 1.499031 3.163575
0.2474104 1.225854 3.143281
0.241164 1.116663 3.150993
-0.02134344 1.208208 3.146439
-0.07318625 0.7982165 3.173799
-0.09920862 0.3743177 3.234014
-0.1247374 0.3628235 3.142064
0.1232915 1.207456 3.182117
0.1233098 0.8034757 3.227411
0.09576197 0.4041287 3.311555
0.1194801 0.3782642 3.196566
0.05092696 1.769289 3.105374
-0.1253047 1.062046 3.094448
-0.1607672 1.14611 3.060946
0.2402914 1.049385 3.155408
0.2737446 1.121703 3.14143
127
0.05148597 1.210427 3.202671
0.05076298 1.533068 3.151033
0.05107513 1.846178 3.087136
0.1031262 1.967398 3.057009
-0.1001998 1.731153 3.069039
-0.169176 1.483324 3.082242
-0.1464541 1.230808 3.083528
-0.1302442 1.14938 3.088235
0.2293555 1.701277 3.149897
0.3017005 1.499031 3.163575
0.2474104 1.225854 3.143281
0.241164 1.116663 3.150993
-0.02134344 1.208208 3.146439
-0.07318625 0.7982165 3.173799
-0.09920862 0.3743177 3.234014
-0.1247374 0.3628235 3.142064
0.1232915 1.207456 3.182117
0.1233098 0.8034757 3.227411
0.09576197 0.4041287 3.311555
0.1194801 0.3782642 3.196566
0.05092696 1.769289 3.105374
-0.1253047 1.062046 3.094448
-0.1607672 1.14611 3.060946
0.2402914 1.049385 3.155408
0.2737446 1.121703 3.14143
128
0.05600216 1.209557 3.202571
0.05449975 1.532405 3.15181
0.05413425 1.845673 3.088632
0.1063013 1.966764 3.059
-0.09608932 1.73118 3.070397
-0.1625333 1.474208 3.083991
-0.1448275 1.223156 3.083874
-0.127911 1.146106 3.086206
0.2326699 1.700597 3.152378
0.3042351 1.498723 3.164665
0.2483668 1.223994 3.143731
0.2464715 1.11948 3.153265
-0.01675052 1.207702 3.145939
-0.07115062 0.7980481 3.171211
-0.09610421 0.3763476 3.236002
-0.1240041 0.3636435 3.142569
0.1276439 1.206226 3.182435
0.1284106 0.800737 3.223651
0.1007686 0.4020535 3.308194
0.1211995 0.3764202 3.193993
0.05414474 1.768747 3.106698
-0.1235123 1.059337 3.094842
-0.1566459 1.124674 3.061263
0.2490877 1.054008 3.157032
0.2844742 1.142374 3.146995
