89
1
0.2240315 0.5078064 3.889736
0.2250433 0.8218902 3.905478
0.2259832 1.131827 3.90906
0.2197392 1.267373 3.890384
0.04516349 1.021368 3.904511
0.006844146 0.7702661 3.899494
-0.0004952282 0.585973 3.839385
0.01213155 0.5098738 3.824038
0.3987752 1.028952 3.895869
0.4465071 0.7813269 3.907665
0.4456346 0.5862935 3.860787
0.4323609 0.5202873 3.843983
0.142437 0.5115317 3.856682
0.1169374 0.1825653 3.885827
0.1565599 -0.1679333 3.946915
0.1318458 -0.1893853 3.839861
0.3016353 0.5133268 3.85092
0.3228858 0.186413 3.887879
0.306017 -0.1759041 3.946141
0.3186043 -0.1936695 3.839306
0.2259529 1.054879 3.910477
0.01046189 0.4385533 3.820168
-0.02161469 0.504739 3.81821
0.4329645 0.4611692 3.840024
0.4019458 0.5381888 3.799438
2
0.2240315 0.5078064 3.889736
0.2250433 0.8218902 3.905478
0.2259832 1.131827 3.90906
0.2197392 1.267373 3.890384
0.04516349 1.021368 3.904511
0.006844146 0.7702661 3.899494
-0.0004952282 0.585973 3.839385
0.01213155 0.5098738 3.824038
0.3987752 1.028952 3.895869
0.4465071 0.7813269 3.907665
0.4456346 0.5862935 3.860787
0.4323609 0.5202873 3.843983
0.142437 0.5115317 3.856682
0.1169374 0.1825653 3.885827
0.1565599 -0.1679333 3.946915
0.1318458 -0.1893853 3.839861
0.3016353 0.5133268 3.85092
0.3228858 0.186413 3.887879
0.306017 -0.1759041 3.946141
0.3186043 -0.1936695 3.839306
0.2259529 1.054879 3.910477
0.01046189 0.4385533 3.820168
-0.02161469 0.504739 3.81821
0.4329645 0.4611692 3.840024
0.4019458 0.5381888 3.799438
3
0.2241247 0.5078567 3.889788
0.2250777 0.8219758 3.905546
0.2258666 1.131999 3.909152
0.2197416 1.267714 3.890958
0.0451992 1.021345 3.904491
0.00679896 0.7702456 3.899713
-0.0004752978 0.5859249 3.839521
0.01211264 0.5097938 3.824133
0.398867 1.029044 3.895944
0.4465335 0.7813948 3.907754
0.4456106 0.587027 3.861071
0.4327376 0.5211021 3.84426
0.1425353 0.5115955 3.856756
0.1172005 0.1826472 3.885832
0.1563839 -0.1687597 3.946697
0.1316303 -0.1901618 3.839067
0.3017242 0.5133692 3.85097
0.3230349 0.1864774 3.887969
0.3059255 -0.1759685 3.94606
0.3186833 -0.1936894 3.839253
0.2258898 1.055025 3.910564
0.01041685 0.4384714 3.820302
-0.02201174 0.5079034 3.821131
0.4334638 0.462034 3.839558
0.4111245 0.4995383 3.811898
4
0.2241247 0.5078567 3.889788
0.2250777 0.8219758 3.905546
0.2258666 1.131999 3.909152
0.2197416 1.267714 3.890958
0.0451992 1.021345 3.904491
0.00679896 0.7702456 3.899713
-0.0004752978 0.5859249 3.839521
0.01211264 0.5097938 3.824133
0.398867 1.029044 3.895944
0.4465335 0.7813948 3.907754
0.4456106 0.587027 3.861071
0.4327376 0.5211021 3.84426
0.1425353 0.5115955 3.856756
0.1172005 0.1826472 3.885832
0.1563839 -0.1687597 3.946697
0.1316303 -0.1901618 3.839067
0.3017242 0.5133692 3.85097
0.3230349 0.1864774 3.887969
0.3059255 -0.1759685 3.94606
0.3186833 -0.1936894 3.839253
0.2258898 1.055025 3.910564
0.01041685 0.4384714 3.820302
-0.02201174 0.5079034 3.821131
0.4334638 0.462034 3.839558
0.4111245 0.4995383 3.811898
5
0.2242194 0.5079108 3.889856
0.22511 0.8220735 3.905633
0.2257447 1.132183 3.90926
0.2198039 1.268141 3.891616
0.0452255 1.021327 3.904481
0.006762316 0.7702258 3.89995
-0.0004585175 0.5858719 3.839671
0.01198958 0.5108415 3.824859
0.3989474 1.029132 3.896012
0.4465329 0.7814689 3.907864
0.4455138 0.5862894 3.861236
0.4328944 0.5212975 3.844447
0.1426395 0.5116653 3.85687
0.117425 0.1827145 3.88584
0.1563418 -0.1688404 3.946686
0.1315796 -0.1902432 3.838863
0.3018097 0.5134127 3.851022
0.3231604 0.1865398 3.888063
0.3058173 -0.1759133 3.946217
0.3187615 -0.1936993 3.839222
0.2258195 1.055185 3.910668
0.01026573 0.4394492 3.820655
-0.02215934 0.5088739 3.822142
0.4335271 0.4617456 3.839741
0.412434 0.5001416 3.812269
6
0.2242194 0.5079108 3.889856
0.22511 0.8220735 3.905633
0.2257447 1.132183 3.90926
0.2198039 1.268141 3.891616
0.0452255 1.021327 3.904481
0.006762316 0.7702258 3.89995
-0.0004585175 0.5858719 3.839671
0.01198958 0.5108415 3.824859
0.3989474 1.029132 3.896012
0.4465329 0.7814689 3.907864
0.4455138 0.5862894 3.861236
0.4328944 0.5212975 3.844447
0.1426395 0.5116653 3.85687
0.117425 0.1827145 3.88584
0.1563418 -0.1688404 3.946686
0.1315796 -0.1902432 3.838863
0.3018097 0.5134127 3.851022
0.3231604 0.1865398 3.888063
0.3058173 -0.1759133 3.946217
0.3187615 -0.1936993 3.839222
0.2258195 1.055185 3.910668
0.01026573 0.4394492 3.820655
-0.02215934 0.5088739 3.822142
0.4335271 0.4617456 3.839741
0.412434 0.5001416 3.812269
7
0.2243071 0.5079642 3.88992
0.2251316 0.8221704 3.905715
0.2255853 1.132375 3.909369
0.219862 1.268523 3.89221
0.0452469 1.021313 3.904474
0.006729056 0.7702134 3.900167
-0.0004449903 0.5858256 3.839811
0.01205587 0.5116884 3.825251
0.3990175 1.029214 3.896072
0.4465557 0.7815351 3.907939
0.4453226 0.5857918 3.861305
0.433061 0.5214446 3.844549
0.142734 0.5117322 3.856976
0.1176338 0.1827808 3.885862
0.1563691 -0.1692683 3.946517
0.1314038 -0.190636 3.83844
0.3018897 0.5134562 3.851068
0.3232749 0.186602 3.888151
0.3057362 -0.1758288 3.946427
0.3188449 -0.1937073 3.839182
0.2257216 1.055351 3.910772
0.01011309 0.4404523 3.821297
-0.02129517 0.5086045 3.82199
0.4337589 0.4614917 3.839719
0.4124404 0.5086923 3.809919
8
0.2243071 0.5079642 3.88992
0.2251316 0.8221704 3.905715
0.2255853 1.132375 3.909369
0.219862 1.268523 3.89221
0.0452469 1.021313 3.904474
0.006729056 0.7702134 3.900167
-0.0004449903 0.5858256 3.839811
0.01205587 0.5116884 3.825251
0.3990175 1.029214 3.896072
0.4465557 0.7815351 3.907939
0.4453226 0.5857918 3.861305
0.433061 0.5214446 3.844549
0.142734 0.5117322 3.856976
0.1176338 0.1827808 3.885862
0.1563691 -0.1692683 3.946517
0.1314038 -0.190636 3.83844
0.3018897 0.5134562 3.851068
0.3232749 0.186602 3.888151
0.3057362 -0.1758288 3.946427
0.3188449 -0.1937073 3.839182
0.2257216 1.055351 3.910772
0.01011309 0.4404523 3.821297
-0.02129517 0.5086045 3.82199
0.4337589 0.4614917 3.839719
0.4124404 0.5086923 3.809919
9
0.2243896 0.5080171 3.889981
0.225146 0.8222669 3.905795
0.2254015 1.132568 3.909484
0.219918 1.268878 3.892734
0.04526564 1.021301 3.904469
0.006694817 0.7702045 3.900368
-0.0004355367 0.5857592 3.840029
0.01207411 0.5123641 3.825512
0.3990763 1.02929 3.896123
0.4465764 0.7815984 3.908004
0.4444825 0.5653362 3.859245
0.4334954 0.5162126 3.844474
0.1428211 0.5117969 3.857076
0.1178121 0.1828416 3.885882
0.1564418 -0.1695695 3.946383
0.1312528 -0.1909117 3.83815
0.3019656 0.5135002 3.851111
0.3233723 0.1866614 3.888233
0.3057325 -0.1756636 3.946786
0.3189346 -0.1937001 3.839154
0.2256046 1.055519 3.91088
0.009945983 0.4417663 3.820645
-0.0219111 0.5067659 3.823523
0.4352551 0.4515156 3.84395
0.4123983 0.5013005 3.809804
10
0.2243896 0.5080171 3.889981
0.225146 0.8222669 3.905795
0.2254015 1.132568 3.909484
0.219918 1.268878 3.892734
0.04526564 1.021301 3.904469
0.006694817 0.7702045 3.900368
-0.0004355367 0.5857592 3.840029
0.01207411 0.5123641 3.825512
0.3990763 1.02929 3.896123
0.4465764 0.7815984 3.908004
0.4444825 0.5653362 3.859245
0.4334954 0.5162126 3.844474
0.1428211 0.5117969 3.857076
0.1178121 0.1828416 3.885882
0.1564418 -0.1695695 3.946383
0.1312528 -0.1909117 3.83815
0.3019656 0.5135002 3.851111
0.3233723 0.1866614 3.888233
0.3057325 -0.1756636 3.946786
0.3189346 -0.1937001 3.839154
0.2256046 1.055519 3.91088
0.009945983 0.4417663 3.820645
-0.0219111 0.5067659 3.823523
0.4352551 0.4515156 3.84395
0.4123983 0.5013005 3.809804
11
0.2244745 0.5080707 3.890042
0.2251586 0.8223609 3.90587
0.2252271 1.132752 3.909584
0.2199657 1.269232 3.893255
0.04528242 1.02129 3.904465
0.00666767 0.7701959 3.900528
-0.0004242308 0.5856925 3.840242
0.01219832 0.5129746 3.825793
0.3991308 1.029366 3.896168
0.4465949 0.7816582 3.908054
0.4442264 0.5588874 3.858445
0.4336387 0.5138204 3.844574
0.1429084 0.5118605 3.857173
0.1179663 0.1828973 3.8859
0.1564797 -0.169722 3.946314
0.1311596 -0.1910483 3.83798
0.3020442 0.513545 3.851154
0.3234622 0.1867181 3.888309
0.3057641 -0.175473 3.94718
0.3190094 -0.1936813 3.839139
0.2254917 1.05568 3.910976
0.01033538 0.4427532 3.820511
-0.01553503 0.4727806 3.822686
0.4303154 0.4391595 3.84545
0.4124889 0.4995206 3.809787
12
0.2244745 0.5080707 3.890042
0.2251586 0.8223609 3.90587
0.2252271 1.132752 3.909584
0.2199657 1.269232 3.893255
0.04528242 1.02129 3.904465
0.00666767 0.7701959 3.900528
-0.0004242308 0.5856925 3.840242
0.01219832 0.5129746 3.825793
0.3991308 1.029366 3.896168
0.4465949 0.7816582 3.908054
0.4442264 0.5588874 3.858445
0.4336387 0.5138204 3.844574
0.1429084 0.5118605 3.857173
0.1179663 0.1828973 3.8859
0.1564797 -0.169722 3.946314
0.1311596 -0.1910483 3.83798
0.3020442 0.513545 3.851154
0.3234622 0.1867181 3.888309
0.3057641 -0.175473 3.94718
0.3190094 -0.1936813 3.839139
0.2254917 1.05568 3.910976
0.01033538 0.4427532 3.820511
-0.01553503 0.4727806 3.822686
0.4303154 0.4391595 3.84545
0.4124889 0.4995206 3.809787
13
0.224566 0.5081295 3.890106
0.2251693 0.8224587 3.905947
0.2250511 1.132937 3.909684
0.2200291 1.269621 3.893794
0.04529724 1.02128 3.904464
0.006646774 0.7701898 3.900669
-0.0004061675 0.5856305 3.840422
0.01222539 0.5132545 3.82595
0.3991793 1.029438 3.896209
0.4466385 0.7817259 3.908091
0.4439241 0.5557094 3.857696
0.4337393 0.5126009 3.844664
0.1430025 0.5119274 3.857274
0.1181012 0.1829501 3.885914
0.1565027 -0.1698555 3.946261
0.1311017 -0.1911564 3.837894
0.3021276 0.5135947 3.851198
0.3235534 0.1867744 3.888373
0.3060178 -0.1751277 3.947959
0.3190581 -0.1936717 3.839167
0.2253754 1.055843 3.911072
0.01026586 0.4436906 3.820281
-0.01440813 0.4700387 3.820382
0.4291955 0.4354089 3.846573
0.4124625 0.4977986 3.809822
14
0.224566 0.5081295 3.890106
0.2251693 0.8224587 3.905947
0.2250511 1.132937 3.909684
0.2200291 1.269621 3.893794
0.04529724 1.02128 3.904464
0.006646774 0.7701898 3.900669
-0.0004061675 0.5856305 3.840422
0.01222539 0.5132545 3.82595
0.3991793 1.029438 3.896209
0.4466385 0.7817259 3.908091
0.4439241 0.5557094 3.857696
0.4337393 0.5126009 3.844664
0.1430025 0.5119274 3.857274
0.1181012 0.1829501 3.885914
0.1565027 -0.1698555 3.946261
0.1311017 -0.1911564 3.837894
0.3021276 0.5135947 3.851198
0.3235534 0.1867744 3.888373
0.3060178 -0.1751277 3.947959
0.3190581 -0.1936717 3.839167
0.2253754 1.055843 3.911072
0.01026586 0.4436906 3.820281
-0.01440813 0.4700387 3.820382
0.4291955 0.4354089 3.846573
0.4124625 0.4977986 3.809822
15
0.2246501 0.5081899 3.890172
0.2251792 0.8225633 3.906031
0.2248996 1.13312 3.909792
0.2201143 1.270118 3.8944
0.04531359 1.021274 3.904465
0.006628842 0.7701911 3.900795
-0.0003969231 0.5855556 3.840659
0.01209768 0.5132113 3.826264
0.3992192 1.029507 3.896242
0.4466864 0.7817974 3.908118
0.4434176 0.5540867 3.856778
0.4337312 0.5116246 3.844654
0.1430871 0.5119939 3.85737
0.1182224 0.1830014 3.885929
0.1565557 -0.1698389 3.946302
0.1310617 -0.191153 3.837924
0.3022047 0.5136467 3.851246
0.3236516 0.1868374 3.888447
0.3062594 -0.1747823 3.94871
0.3191079 -0.1936436 3.839236
0.2252709 1.056009 3.911177
0.01045155 0.4435015 3.820717
-0.01715109 0.4750701 3.821292
0.4284734 0.4330249 3.847052
0.4091371 0.4953073 3.807412
16
0.2246501 0.5081899 3.890172
0.2251792 0.8225633 3.906031
0.2248996 1.13312 3.909792
0.2201143 1.270118 3.8944
0.04531359 1.021274 3.904465
0.006628842 0.7701911 3.900795
-0.0003969231 0.5855556 3.840659
0.01209768 0.5132113 3.826264
0.3992192 1.029507 3.896242
0.4466864 0.7817974 3.908118
0.4434176 0.5540867 3.856778
0.4337312 0.5116246 3.844654
0.1430871 0.5119939 3.85737
0.1182224 0.1830014 3.885929
0.1565557 -0.1698389 3.946302
0.1310617 -0.191153 3.837924
0.3022047 0.5136467 3.851246
0.3236516 0.1868374 3.888447
0.3062594 -0.1747823 3.94871
0.3191079 -0.1936436 3.839236
0.2252709 1.056009 3.911177
0.01045155 0.4435015 3.820717
-0.01715109 0.4750701 3.821292
0.4284734 0.4330249 3.847052
0.4091371 0.4953073 3.807412
17
0.2247235 0.5082443 3.890234
0.2251807 0.8226657 3.906113
0.224742 1.133304 3.909902
0.220192 1.270604 3.894999
0.04532949 1.021269 3.904467
0.006614783 0.7701964 3.900914
-0.0004060531 0.5854945 3.840846
0.01200517 0.5126325 3.825813
0.3992424 1.029563 3.89626
0.4467356 0.7818705 3.908148
0.4434773 0.5522426 3.855934
0.4343777 0.5098842 3.843914
0.1431574 0.5120512 3.857456
0.1183293 0.1830444 3.885939
0.1566126 -0.1697416 3.94636
0.1310446 -0.1910812 3.837963
0.302274 0.5136949 3.851292
0.3237414 0.1868985 3.888524
0.3060862 -0.1759154 3.946409
0.3191519 -0.1936468 3.839257
0.2251576 1.056175 3.911283
0.01007717 0.4432092 3.820234
-0.01733232 0.4932627 3.808081
0.4310079 0.4316707 3.845989
0.4085586 0.4941993 3.806949
18
0.2247235 0.5082443 3.890234
0.2251807 0.8226657 3.906113
0.224742 1.133304 3.909902
0.220192 1.270604 3.894999
0.04532949 1.021269 3.904467
0.006614783 0.7701964 3.900914
-0.0004060531 0.5854945 3.840846
0.01200517 0.5126325 3.825813
0.3992424 1.029563 3.89626
0.4467356 0.7818705 3.908148
0.4434773 0.5522426 3.855934
0.4343777 0.5098842 3.843914
0.1431574 0.5120512 3.857456
0.1183293 0.1830444 3.885939
0.1566126 -0.1697416 3.94636
0.1310446 -0.1910812 3.837963
0.302274 0.5136949 3.851292
0.3237414 0.1868985 3.888524
0.3060862 -0.1759154 3.946409
0.3191519 -0.1936468 3.839257
0.2251576 1.056175 3.911283
0.01007717 0.4432092 3.820234
-0.01733232 0.4932627 3.808081
0.4310079 0.4316707 3.845989
0.4085586 0.4941993 3.806949
19
0.2247897 0.5082985 3.890293
0.2251805 0.8227704 3.906196
0.224603 1.133481 3.910007
0.2202636 1.271121 3.895554
0.04534637 1.021269 3.90447
0.00652597 0.770243 3.90115
-0.0004606459 0.5854389 3.840953
0.0111959 0.5122682 3.824141
0.3992595 1.029621 3.896271
0.4467455 0.7819466 3.908206
0.4467048 0.5566705 3.855311
0.4368341 0.5079647 3.838845
0.1432185 0.5121077 3.857534
0.1184165 0.1830871 3.885953
0.1566812 -0.1695988 3.946425
0.1310675 -0.1909648 3.838021
0.3023373 0.5137432 3.851339
0.3238327 0.1869626 3.888606
0.3060564 -0.1759761 3.946334
0.3191921 -0.193647 3.839281
0.2250544 1.056339 3.911386
0.005838394 0.4422497 3.813941
-0.0211066 0.5064267 3.796102
0.4465263 0.427409 3.835721
0.4076173 0.4940857 3.804159
20
0.2247897 0.5082985 3.890293
0.2251805 0.8227704 3.906196
0.224603 1.133481 3.910007
0.2202636 1.271121 3.895554
0.04534637 1.021269 3.90447
0.00652597 0.770243 3.90115
-0.0004606459 0.5854389 3.840953
0.0111959 0.5122682 3.824141
0.3992595 1.029621 3.896271
0.4467455 0.7819466 3.908206
0.4467048 0.5566705 3.855311
0.4368341 0.5079647 3.838845
0.1432185 0.5121077 3.857534
0.1184165 0.1830871 3.885953
0.1566812 -0.1695988 3.946425
0.1310675 -0.1909648 3.838021
0.3023373 0.5137432 3.851339
0.3238327 0.1869626 3.888606
0.3060564 -0.1759761 3.946334
0.3191921 -0.193647 3.839281
0.2250544 1.056339 3.911386
0.005838394 0.4422497 3.813941
-0.0211066 0.5064267 3.796102
0.4465263 0.427409 3.835721
0.4076173 0.4940857 3.804159
21
0.2248375 0.5083534 3.89035
0.2251722 0.8228797 3.906277
0.2244753 1.133652 3.910103
0.2203376 1.271627 3.896066
0.04536662 1.021273 3.904471
0.006168463 0.7703751 3.901499
-0.001489438 0.5856318 3.839234
0.0002737022 0.5168632 3.806969
0.3992708 1.029684 3.896277
0.4470848 0.7822273 3.908554
0.4522696 0.5688253 3.853155
0.4425688 0.5236314 3.823528
0.1432569 0.5121658 3.857612
0.1185235 0.1831378 3.885978
0.1567672 -0.1693943 3.946491
0.1311063 -0.1907836 3.8381
0.3023866 0.5137917 3.851381
0.323931 0.1870374 3.888697
0.3059998 -0.1759649 3.946408
0.3192299 -0.1936446 3.839311
0.2249554 1.056499 3.911481
-0.007479971 0.437492 3.800703
-0.02248459 0.5290962 3.756912
0.4735179 0.4612242 3.796165
0.4026232 0.5097774 3.795982
22
0.2248375 0.5083534 3.89035
0.2251722 0.8228797 3.906277
0.2244753 1.133652 3.910103
0.2203376 1.271627 3.896066
0.04536662 1.021273 3.904471
0.006168463 0.7703751 3.901499
-0.001489438 0.5856318 3.839234
0.0002737022 0.5168632 3.806969
0.3992708 1.029684 3.896277
0.4470848 0.7822273 3.908554
0.4522696 0.5688253 3.853155
0.4425688 0.5236314 3.823528
0.1432569 0.5121658 3.857612
0.1185235 0.1831378 3.885978
0.1567672 -0.1693943 3.946491
0.1311063 -0.1907836 3.8381
0.3023866 0.5137917 3.851381
0.323931 0.1870374 3.888697
0.3059998 -0.1759649 3.946408
0.3192299 -0.1936446 3.839311
0.2249554 1.056499 3.911481
-0.007479971 0.437492 3.800703
-0.02248459 0.5290962 3.756912
0.4735179 0.4612242 3.796165
0.4026232 0.5097774 3.795982
23
0.2248772 0.508409 3.89042
0.2251596 0.8229932 3.906364
0.2243592 1.133821 3.910195
0.2204037 1.272066 3.896531
0.04539372 1.021281 3.904473
0.00404019 0.7709814 3.902631
-0.01007034 0.5921904 3.832825
-0.01645615 0.5342981 3.784405
0.3992776 1.029745 3.89628
0.44862 0.7829623 3.909388
0.4632847 0.5992006 3.841527
0.4514388 0.5535833 3.799361
0.1432831 0.5122272 3.857702
0.1186375 0.1831919 3.886022
0.1568308 -0.1693673 3.946503
0.1311117 -0.1907476 3.838112
0.3024309 0.5138383 3.851436
0.3240258 0.187102 3.888785
0.3059438 -0.1759066 3.946588
0.3192536 -0.1936484 3.839332
0.2248624 1.056658 3.911575
-0.03987664 0.4570154 3.762841
-0.03511617 0.5615689 3.725544
0.5020864 0.5023456 3.739413
0.4000859 0.5308269 3.792419
24
0.2248772 0.508409 3.89042
0.2251596 0.8229932 3.906364
0.2243592 1.133821 3.910195
0.2204037 1.272066 3.896531
0.04539372 1.021281 3.904473
0.00404019 0.7709814 3.902631
-0.01007034 0.5921904 3.832825
-0.01645615 0.5342981 3.784405
0.3992776 1.029745 3.89628
0.44862 0.7829623 3.909388
0.4632847 0.5992006 3.841527
0.4514388 0.5535833 3.799361
0.1432831 0.5122272 3.857702
0.1186375 0.1831919 3.886022
0.1568308 -0.1693673 3.946503
0.1311117 -0.1907476 3.838112
0.3024309 0.5138383 3.851436
0.3240258 0.187102 3.888785
0.3059438 -0.1759066 3.946588
0.3192536 -0.1936484 3.839332
0.2248624 1.056658 3.911575
-0.03987664 0.4570154 3.762841
-0.03511617 0.5615689 3.725544
0.5020864 0.5023456 3.739413
0.4000859 0.5308269 3.792419
25
0.2249144 0.5085061 3.890532
0.2251483 0.8231086 3.906451
0.2242749 1.133961 3.910263
0.2204656 1.272449 3.896921
0.04543091 1.021315 3.90449
0.0006333558 0.7720991 3.904418
-0.03953226 0.6158226 3.798545
-0.04263609 0.5833228 3.748555
0.3992563 1.02996 3.896282
0.4515402 0.78578 3.910201
0.4800408 0.6375014 3.807755
0.4753651 0.5888157 3.743896
0.1432998 0.5123206 3.857812
0.1187514 0.1832666 3.886064
0.1569045 -0.1695376 3.94643
0.1311067 -0.190881 3.837996
0.3024817 0.5139341 3.851555
0.3241334 0.1871961 3.888889
0.3054827 -0.1765262 3.945289
0.3192652 -0.1936657 3.839314
0.2247886 1.056799 3.911653
-0.0777495 0.4947712 3.711688
-0.04317429 0.6016394 3.687063
0.5232166 0.5483541 3.671391
0.4324766 0.5853452 3.741138
26
0.2249144 0.5085061 3.890532
0.2251483 0.8231086 3.906451
0.2242749 1.133961 3.910263
0.2204656 1.272449 3.896921
0.04543091 1.021315 3.90449
0.0006333558 0.7720991 3.904418
-0.03953226 0.6158226 3.798545
-0.04263609 0.5833228 3.748555
0.3992563 1.02996 3.896282
0.4515402 0.78578 3.910201
0.4800408 0.6375014 3.807755
0.4753651 0.5888157 3.743896
0.1432998 0.5123206 3.857812
0.1187514 0.1832666 3.886064
0.1569045 -0.1695376 3.94643
0.1311067 -0.190881 3.837996
0.3024817 0.5139341 3.851555
0.3241334 0.1871961 3.888889
0.3054827 -0.1765262 3.945289
0.3192652 -0.1936657 3.839314
0.2247886 1.056799 3.911653
-0.0777495 0.4947712 3.711688
-0.04317429 0.6016394 3.687063
0.5232166 0.5483541 3.671391
0.4324766 0.5853452 3.741138
27
0.224947 0.5086159 3.890661
0.2251335 0.8232321 3.906546
0.2241989 1.134095 3.910326
0.2205311 1.272805 3.897276
0.04547439 1.021359 3.904518
-0.005253736 0.7749364 3.906312
-0.04942482 0.6531798 3.760617
-0.0536188 0.6506605 3.729811
0.3992152 1.03026 3.8963
0.4603171 0.8003215 3.907755
0.4881776 0.6804017 3.770148
0.4874777 0.6450927 3.701407
0.1433044 0.5124279 3.857939
0.1189939 0.1833979 3.886216
0.1568997 -0.1699162 3.946303
0.1311284 -0.191126 3.837846
0.3025348 0.5140421 3.851693
0.324228 0.1873073 3.889031
0.3051766 -0.1784704 3.94565
0.3108647 -0.1948573 3.841699
0.2247193 1.056938 3.911728
-0.08160651 0.5999264 3.672368
-0.04667194 0.6646485 3.658491
0.5285918 0.6102952 3.626909
0.4500049 0.6583465 3.683951
28
0.224947 0.5086159 3.890661
0.2251335 0.8232321 3.906546
0.2241989 1.134095 3.910326
0.2205311 1.272805 3.897276
0.04547439 1.021359 3.904518
-0.005253736 0.7749364 3.906312
-0.04942482 0.6531798 3.760617
-0.0536188 0.6506605 3.729811
0.3992152 1.03026 3.8963
0.4603171 0.8003215 3.907755
0.4881776 0.6804017 3.770148
0.4874777 0.6450927 3.701407
0.1433044 0.5124279 3.857939
0.1189939 0.1833979 3.886216
0.1568997 -0.1699162 3.946303
0.1311284 -0.191126 3.837846
0.3025348 0.5140421 3.851693
0.324228 0.1873073 3.889031
0.3051766 -0.1784704 3.94565
0.3108647 -0.1948573 3.841699
0.2247193 1.056938 3.911728
-0.08160651 0.5999264 3.672368
-0.04667194 0.6646485 3.658491
0.5285918 0.6102952 3.626909
0.4500049 0.6583465 3.683951
29
0.2249765 0.5087256 3.890797
0.2251144 0.823365 3.906657
0.2241184 1.134246 3.910412
0.2205942 1.273123 3.89761
0.04551714 1.021394 3.904554
-0.01672572 0.7904328 3.907655
-0.03634856 0.7274927 3.717476
-0.05203987 0.7278077 3.687383
0.3991811 1.030575 3.896318
0.4743374 0.8275807 3.896357
0.4780693 0.7368357 3.723167
0.4797226 0.7190048 3.674383
0.1433017 0.5125342 3.858068
0.1192419 0.1835463 3.886431
0.1568335 -0.17102 3.94568
0.1311226 -0.1918361 3.837423
0.3025939 0.5141515 3.851848
0.3243366 0.1874364 3.889233
0.305014 -0.1785483 3.946082
0.309062 -0.1948474 3.842528
0.2246448 1.057091 3.911825
-0.08818958 0.7010707 3.613538
-0.04886774 0.73906 3.62502
0.5223107 0.6930002 3.591826
0.4673794 0.7448808 3.643403
30
0.2249765 0.5087256 3.890797
0.2251144 0.823365 3.906657
0.2241184 1.134246 3.910412
0.2205942 1.273123 3.89761
0.04551714 1.021394 3.904554
-0.01672572 0.7904328 3.907655
-0.03634856 0.7274927 3.717476
-0.05203987 0.7278077 3.687383
0.3991811 1.030575 3.896318
0.4743374 0.8275807 3.896357
0.4780693 0.7368357 3.723167
0.4797226 0.7190048 3.674383
0.1433017 0.5125342 3.858068
0.1192419 0.1835463 3.886431
0.1568335 -0.17102 3.94568
0.1311226 -0.1918361 3.837423
0.3025939 0.5141515 3.851848
0.3243366 0.1874364 3.889233
0.305014 -0.1785483 3.946082
0.309062 -0.1948474 3.842528
0.2246448 1.057091 3.911825
-0.08818958 0.7010707 3.613538
-0.04886774 0.73906 3.62502
0.5223107 0.6930002 3.591826
0.4673794 0.7448808 3.643403
31
0.2250164 0.5088441 3.890965
0.2250852 0.8235041 3.906795
0.2239988 1.134403 3.910534
0.2206459 1.273386 3.89792
0.04555907 1.021425 3.904599
-0.02075154 0.8034725 3.905661
-0.01524051 0.8059707 3.670167
-0.02849174 0.8205615 3.646633
0.3991362 1.031052 3.896341
0.4864317 0.864571 3.872159
0.44414 0.8072856 3.678102
0.4577737 0.8051093 3.641424
0.1432976 0.5126395 3.858209
0.1194748 0.1836817 3.886644
0.1567193 -0.1721273 3.945049
0.1310975 -0.1925462 3.836995
0.3026869 0.5142841 3.852059
0.3244581 0.187588 3.889504
0.3048538 -0.178602 3.946458
0.308493 -0.1949786 3.842414
0.2245404 1.05725 3.911956
-0.06669265 0.8186911 3.573577
-0.01693067 0.8371261 3.612467
0.4987327 0.800759 3.557069
0.447251 0.839506 3.601903
32
0.2250164 0.5088441 3.890965
0.2250852 0.8235041 3.906795
0.2239988 1.134403 3.910534
0.2206459 1.273386 3.89792
0.04555907 1.021425 3.904599
-0.02075154 0.8034725 3.905661
-0.01524051 0.8059707 3.670167
-0.02849174 0.8205615 3.646633
0.3991362 1.031052 3.896341
0.4864317 0.864571 3.872159
0.44414 0.8072856 3.678102
0.4577737 0.8051093 3.641424
0.1432976 0.5126395 3.858209
0.1194748 0.1836817 3.886644
0.1567193 -0.1721273 3.945049
0.1310975 -0.1925462 3.836995
0.3026869 0.5142841 3.852059
0.3244581 0.187588 3.889504
0.3048538 -0.178602 3.946458
0.308493 -0.1949786 3.842414
0.2245404 1.05725 3.911956
-0.06669265 0.8186911 3.573577
-0.01693067 0.8371261 3.612467
0.4987327 0.800759 3.557069
0.447251 0.839506 3.601903
33
0.2250672 0.5089704 3.891179
0.2250363 0.8236547 3.907003
0.2238029 1.134569 3.910767
0.2206416 1.273601 3.898378
0.04567399 1.02155 3.904702
-0.03119891 0.8150522 3.884489
0.008041583 0.8702604 3.648766
0.003391225 0.9079599 3.63397
0.3990189 1.031625 3.896288
0.4947032 0.8767416 3.829838
0.4111741 0.8965961 3.629528
0.4220979 0.8903075 3.615515
0.1432946 0.5127537 3.85841
0.1197327 0.1838062 3.886883
0.1567135 -0.1725271 3.944804
0.1310974 -0.1927295 3.836875
0.3027949 0.5144206 3.852298
0.3246636 0.1877639 3.889848
0.3047785 -0.1782625 3.947713
0.3077716 -0.195049 3.842558
0.224377 1.057418 3.912184
-0.004003374 0.9215854 3.598995
0.025285 0.9413335 3.63955
0.4427323 0.9067158 3.56144
0.4001129 0.9001496 3.596554
34
0.2250672 0.5089704 3.891179
0.2250363 0.8236547 3.907003
0.2238029 1.134569 3.910767
0.2206416 1.273601 3.898378
0.04567399 1.02155 3.904702
-0.03119891 0.8150522 3.884489
0.008041583 0.8702604 3.648766
0.003391225 0.9079599 3.63397
0.3990189 1.031625 3.896288
0.4947032 0.8767416 3.829838
0.4111741 0.8965961 3.629528
0.4220979 0.8903075 3.615515
0.1432946 0.5127537 3.85841
0.1197327 0.1838062 3.886883
0.1567135 -0.1725271 3.944804
0.1310974 -0.1927295 3.836875
0.3027949 0.5144206 3.852298
0.3246636 0.1877639 3.889848
0.3047785 -0.1782625 3.947713
0.3077716 -0.195049 3.842558
0.224377 1.057418 3.912184
-0.004003374 0.9215854 3.598995
0.025285 0.9413335 3.63955
0.4427323 0.9067158 3.56144
0.4001129 0.9001496 3.596554
35
0.2251146 0.5091335 3.891499
0.224963 0.8238382 3.907423
0.2235611 1.134709 3.91134
0.2205871 1.273752 3.898928
0.04638041 1.023578 3.905651
-0.01918822 0.8320786 3.827749
0.04311398 0.9464933 3.621267
0.03922801 0.9801054 3.625456
0.397908 1.033583 3.895985
0.4856652 0.876186 3.788989
0.3803861 0.9519103 3.602844
0.379312 0.9598686 3.607844
0.1432685 0.5129129 3.85875
0.1201996 0.1839511 3.887208
0.1566201 -0.1729492 3.944607
0.1310891 -0.1929001 3.836755
0.3029083 0.5145809 3.852605
0.3248813 0.1879541 3.890235
0.3046986 -0.1778513 3.948918
0.3072966 -0.1950506 3.842598
0.2241707 1.05758 3.912714
0.03658258 1.034638 3.593916
0.06522889 1.018022 3.640391
0.3836787 1.012129 3.5623
0.3533834 0.9760094 3.601219
36
0.2251146 0.5091335 3.891499
0.224963 0.8238382 3.907423
0.2235611 1.134709 3.91134
0.2205871 1.273752 3.898928
0.04638041 1.023578 3.905651
-0.01918822 0.8320786 3.827749
0.04311398 0.9464933 3.621267
0.03922801 0.9801054 3.625456
0.397908 1.033583 3.895985
0.4856652 0.876186 3.788989
0.3803861 0.9519103 3.602844
0.379312 0.9598686 3.607844
0.1432685 0.5129129 3.85875
0.1201996 0.1839511 3.887208
0.1566201 -0.1729492 3.944607
0.1310891 -0.1929001 3.836755
0.3029083 0.5145809 3.852605
0.3248813 0.1879541 3.890235
0.3046986 -0.1778513 3.948918
0.3072966 -0.1950506 3.842598
0.2241707 1.05758 3.912714
0.03658258 1.034638 3.593916
0.06522889 1.018022 3.640391
0.3836787 1.012129 3.5623
0.3533834 0.9760094 3.601219
37
0.2251843 0.5091488 3.892052
0.2248661 0.8239352 3.908053
0.2232824 1.134796 3.912081
0.2204225 1.273722 3.900012
0.046894 1.025072 3.906061
-0.01350522 0.8355794 3.807919
0.0660679 0.9837898 3.662947
0.07943166 1.045033 3.620433
0.3971475 1.035669 3.895637
0.4799745 0.8748798 3.769824
0.3516806 0.985141 3.631424
0.3367054 1.00429 3.6217
0.1432687 0.5128876 3.85935
0.1208859 0.1838347 3.88769
0.1564782 -0.1734142 3.944427
0.131116 -0.193054 3.836673
0.3030361 0.5146239 3.853103
0.3250784 0.1880005 3.890737
0.3047351 -0.1776496 3.949828
0.3070687 -0.1951068 3.842606
0.2239277 1.05768 3.913423
0.08626688 1.101069 3.601678
0.08996338 1.055284 3.630467
0.327636 1.072355 3.573013
0.3013526 1.047376 3.653384
38
0.2251843 0.5091488 3.892052
0.2248661 0.8239352 3.908053
0.2232824 1.134796 3.912081
0.2204225 1.273722 3.900012
0.046894 1.025072 3.906061
-0.01350522 0.8355794 3.807919
0.0660679 0.9837898 3.662947
0.07943166 1.045033 3.620433
0.3971475 1.035669 3.895637
0.4799745 0.8748798 3.769824
0.3516806 0.985141 3.631424
0.3367054 1.00429 3.6217
0.1432687 0.5128876 3.85935
0.1208859 0.1838347 3.88769
0.1564782 -0.1734142 3.944427
0.131116 -0.193054 3.836673
0.3030361 0.5146239 3.853103
0.3250784 0.1880005 3.890737
0.3047351 -0.1776496 3.949828
0.3070687 -0.1951068 3.842606
0.2239277 1.05768 3.913423
0.08626688 1.101069 3.601678
0.08996338 1.055284 3.630467
0.327636 1.072355 3.573013
0.3013526 1.047376 3.653384
39
0.2252591 0.5081 3.89317
0.2247762 0.8238119 3.908698
0.2230531 1.134837 3.912709
0.2200938 1.273254 3.9017
0.04736707 1.026298 3.906147
0.001065039 0.8552314 3.777876
0.09705144 1.021863 3.653802
0.1005424 1.079798 3.617113
0.3965944 1.0369 3.89426
0.465251 0.8767725 3.753636
0.3331463 1.012528 3.625397
0.2964894 1.047743 3.620134
0.1430553 0.511456 3.860976
0.1219436 0.1822388 3.888768
0.15661 -0.173377 3.944428
0.1312776 -0.1926766 3.8369
0.3033 0.5138055 3.853857
0.3254291 0.1871635 3.89184
0.3047073 -0.1773952 3.950663
0.3072891 -0.194981 3.842583
0.2237253 1.057711 3.914037
0.1223834 1.109942 3.614154
0.1056931 1.078923 3.627337
0.2790322 1.116118 3.598753
0.2616811 1.08672 3.670286
40
0.2252591 0.5081 3.89317
0.2247762 0.8238119 3.908698
0.2230531 1.134837 3.912709
0.2200938 1.273254 3.9017
0.04736707 1.026298 3.906147
0.001065039 0.8552314 3.777876
0.09705144 1.021863 3.653802
0.1005424 1.079798 3.617113
0.3965944 1.0369 3.89426
0.465251 0.8767725 3.753636
0.3331463 1.012528 3.625397
0.2964894 1.047743 3.620134
0.1430553 0.511456 3.860976
0.1219436 0.1822388 3.888768
0.15661 -0.173377 3.944428
0.1312776 -0.1926766 3.8369
0.3033 0.5138055 3.853857
0.3254291 0.1871635 3.89184
0.3047073 -0.1773952 3.950663
0.3072891 -0.194981 3.842583
0.2237253 1.057711 3.914037
0.1223834 1.109942 3.614154
0.1056931 1.078923 3.627337
0.2790322 1.116118 3.598753
0.2616811 1.08672 3.670286
41
0.2253353 0.5064979 3.894458
0.2249275 0.8233171 3.909313
0.223611 1.134467 3.912961
0.2195784 1.272575 3.903541
0.04789977 1.027435 3.905933
0.006872369 0.866012 3.764797
0.1102057 1.047005 3.65099
0.1289897 1.096783 3.625487
0.3958344 1.037782 3.891825
0.4517387 0.8797414 3.742324
0.3076485 1.031459 3.646976
0.2683339 1.062575 3.625269
0.1428356 0.5096675 3.86254
0.1234324 0.1801175 3.890051
0.1562345 -0.1745652 3.943819
0.1313116 -0.193111 3.836685
0.3036255 0.512293 3.854929
0.3260098 0.1856666 3.893165
0.3025231 -0.1743207 3.954726
0.3079184 -0.1937506 3.843163
0.2240746 1.057378 3.914385
0.1630995 1.122986 3.635732
0.1570534 1.137525 3.640246
0.2455429 1.116223 3.613778
0.2422636 1.113496 3.628345
42
0.2253353 0.5064979 3.894458
0.2249275 0.8233171 3.909313
0.223611 1.134467 3.912961
0.2195784 1.272575 3.903541
0.04789977 1.027435 3.905933
0.006872369 0.866012 3.764797
0.1102057 1.047005 3.65099
0.1289897 1.096783 3.625487
0.3958344 1.037782 3.891825
0.4517387 0.8797414 3.742324
0.3076485 1.031459 3.646976
0.2683339 1.062575 3.625269
0.1428356 0.5096675 3.86254
0.1234324 0.1801175 3.890051
0.1562345 -0.1745652 3.943819
0.1313116 -0.193111 3.836685
0.3036255 0.512293 3.854929
0.3260098 0.1856666 3.893165
0.3025231 -0.1743207 3.954726
0.3079184 -0.1937506 3.843163
0.2240746 1.057378 3.914385
0.1630995 1.122986 3.635732
0.1570534 1.137525 3.640246
0.2455429 1.116223 3.613778
0.2422636 1.113496 3.628345
43
0.2253353 0.5064979 3.894458
0.2249275 0.8233171 3.909313
0.223611 1.134467 3.912961
0.2195784 1.272575 3.903541
0.04789977 1.027435 3.905933
0.006872369 0.866012 3.764797
0.1102057 1.047005 3.65099
0.1289897 1.096783 3.625487
0.3958344 1.037782 3.891825
0.4517387 0.8797414 3.742324
0.3076485 1.031459 3.646976
0.2683339 1.062575 3.625269
0.1428356 0.5096675 3.86254
0.1234324 0.1801175 3.890051
0.1562345 -0.1745652 3.943819
0.1313116 -0.193111 3.836685
0.3036255 0.512293 3.854929
0.3260098 0.1856666 3.893165
0.3025231 -0.1743207 3.954726
0.3079184 -0.1937506 3.843163
0.2240746 1.057378 3.914385
0.1630995 1.122986 3.635732
0.1570534 1.137525 3.640246
0.2455429 1.116223 3.613778
0.2422636 1.113496 3.628345
44
0.2254953 0.5047678 3.895715
0.2250863 0.8226422 3.909804
0.2239866 1.133887 3.912753
0.2191114 1.271908 3.905348
0.04882437 1.028378 3.905064
0.009669003 0.8719582 3.757551
0.1256722 1.026513 3.667326
0.1505424 1.083359 3.645217
0.3952201 1.038763 3.889792
0.4455917 0.8770105 3.737664
0.2946035 1.044007 3.651457
0.2447142 1.086448 3.629225
0.1427365 0.5078444 3.863895
0.1245087 0.1781159 3.891173
0.1560311 -0.1748364 3.943695
0.1312875 -0.1929647 3.83672
0.3040324 0.510592 3.856113
0.3265531 0.184012 3.894435
0.3020193 -0.1736443 3.955706
0.3089386 -0.193466 3.842771
0.2243399 1.056854 3.914415
0.1916212 1.125278 3.645879
0.1656898 1.092046 3.646541
0.2096497 1.131693 3.630187
0.2314545 1.104732 3.630783
45
0.2256396 0.5033398 3.896729
0.2252675 0.8219814 3.910248
0.2243804 1.133354 3.91262
0.2187257 1.271338 3.906929
0.04969411 1.029177 3.90415
0.01095485 0.8772659 3.754412
0.1369947 1.022936 3.674005
0.1684386 1.068751 3.659933
0.3945199 1.039876 3.887375
0.4289742 0.8872611 3.733294
0.2854143 1.048373 3.655807
0.2248448 1.088284 3.638897
0.1426764 0.506372 3.86496
0.1253582 0.1765245 3.892041
0.1558753 -0.1750471 3.943628
0.131253 -0.19287 3.836728
0.304377 0.5091755 3.857081
0.3271479 0.1826185 3.895282
0.3016507 -0.172958 3.956333
0.3101978 -0.1931356 3.842384
0.2246424 1.056333 3.914455
0.2230233 1.118506 3.644638
0.2014655 1.115382 3.636509
0.175084 1.135235 3.640988
0.2035478 1.139238 3.630931
46
0.2256396 0.5033398 3.896729
0.2252675 0.8219814 3.910248
0.2243804 1.133354 3.91262
0.2187257 1.271338 3.906929
0.04969411 1.029177 3.90415
0.01095485 0.8772659 3.754412
0.1369947 1.022936 3.674005
0.1684386 1.068751 3.659933
0.3945199 1.039876 3.887375
0.4289742 0.8872611 3.733294
0.2854143 1.048373 3.655807
0.2248448 1.088284 3.638897
0.1426764 0.506372 3.86496
0.1253582 0.1765245 3.892041
0.1558753 -0.1750471 3.943628
0.131253 -0.19287 3.836728
0.304377 0.5091755 3.857081
0.3271479 0.1826185 3.895282
0.3016507 -0.172958 3.956333
0.3101978 -0.1931356 3.842384
0.2246424 1.056333 3.914455
0.2230233 1.118506 3.644638
0.2014655 1.115382 3.636509
0.175084 1.135235 3.640988
0.2035478 1.139238 3.630931
47
0.2257533 0.5022016 3.897517
0.225452 0.8214019 3.910605
0.224823 1.132924 3.91246
0.2183732 1.270987 3.908168
0.05053338 1.030075 3.903268
0.0115729 0.8808144 3.753849
0.1443136 1.016894 3.680448
0.1823007 1.066411 3.667443
0.3939151 1.04044 3.885015
0.4172703 0.8914871 3.730397
0.2783999 1.048867 3.659177
0.2151826 1.081736 3.650754
0.14263 0.5052402 3.865761
0.1260383 0.1753063 3.892713
0.1558013 -0.1749097 3.94373
0.1312222 -0.192562 3.83689
0.3046497 0.5080302 3.857842
0.3275617 0.1814983 3.895907
0.3013661 -0.1726003 3.956758
0.3111609 -0.1930297 3.842093
0.224983 1.055891 3.914451
0.2374609 1.120055 3.647777
0.2122957 1.118659 3.634743
0.1702549 1.12953 3.645579
0.1949645 1.139264 3.62729
48
0.2257533 0.5022016 3.897517
0.225452 0.8214019 3.910605
0.224823 1.132924 3.91246
0.2183732 1.270987 3.908168
0.05053338 1.030075 3.903268
0.0115729 0.8808144 3.753849
0.1443136 1.016894 3.680448
0.1823007 1.066411 3.667443
0.3939151 1.04044 3.885015
0.4172703 0.8914871 3.730397
0.2783999 1.048867 3.659177
0.2151826 1.081736 3.650754
0.14263 0.5052402 3.865761
0.1260383 0.1753063 3.892713
0.1558013 -0.1749097 3.94373
0.1312222 -0.192562 3.83689
0.3046497 0.5080302 3.857842
0.3275617 0.1814983 3.895907
0.3013661 -0.1726003 3.956758
0.3111609 -0.1930297 3.842093
0.224983 1.055891 3.914451
0.2374609 1.120055 3.647777
0.2122957 1.118659 3.634743
0.1702549 1.12953 3.645579
0.1949645 1.139264 3.62729
49
0.2258392 0.501334 3.898108
0.2256549 0.8208925 3.910902
0.2254233 1.132517 3.912326
0.2180187 1.270791 3.909193
0.05120703 1.031202 3.9028
0.01184674 0.8828206 3.755657
0.1488581 1.011594 3.685037
0.1909653 1.063469 3.674672
0.3933899 1.040844 3.88288
0.4095864 0.893497 3.729924
0.2738398 1.045888 3.661842
0.2134255 1.068876 3.663472
0.1425994 0.5044001 3.866354
0.1265602 0.174408 3.893212
0.1546296 -0.1745828 3.945648
0.1310748 -0.192842 3.836732
0.3048505 0.5071546 3.858406
0.3278424 0.1806442 3.89638
0.3011895 -0.1721564 3.957055
0.3120598 -0.1927902 3.841853
0.2254385 1.055466 3.914446
0.2418019 1.111419 3.651505
0.2175656 1.110057 3.635138
0.1688165 1.112932 3.656465
0.1922975 1.127753 3.628467
50
0.2258392 0.501334 3.898108
0.2256549 0.8208925 3.910902
0.2254233 1.132517 3.912326
0.2180187 1.270791 3.909193
0.05120703 1.031202 3.9028
0.01184674 0.8828206 3.755657
0.1488581 1.011594 3.685037
0.1909653 1.063469 3.674672
0.3933899 1.040844 3.88288
0.4095864 0.893497 3.729924
0.2738398 1.045888 3.661842
0.2134255 1.068876 3.663472
0.1425994 0.5044001 3.866354
0.1265602 0.174408 3.893212
0.1546296 -0.1745828 3.945648
0.1310748 -0.192842 3.836732
0.3048505 0.5071546 3.858406
0.3278424 0.1806442 3.89638
0.3011895 -0.1721564 3.957055
0.3120598 -0.1927902 3.841853
0.2254385 1.055466 3.914446
0.2418019 1.111419 3.651505
0.2175656 1.110057 3.635138
0.1688165 1.112932 3.656465
0.1922975 1.127753 3.628467
51
0.225913 0.500658 3.898552
0.2258636 0.8204376 3.911139
0.2260109 1.132158 3.912193
0.2177154 1.270684 3.909998
0.05176258 1.032104 3.902396
0.01076014 0.8827537 3.760158
0.1528216 0.9945811 3.694378
0.1972936 1.055573 3.68137
0.3929861 1.041097 3.881209
0.404725 0.8944196 3.730188
0.2714321 1.041002 3.663926
0.2167296 1.056681 3.672697
0.1425817 0.5037534 3.866802
0.1269796 0.1737172 3.893579
0.1545533 -0.1744975 3.946012
0.1310609 -0.1927896 3.836887
0.3050173 0.5064727 3.858808
0.328051 0.1799787 3.896731
0.3012097 -0.171974 3.957143
0.3129668 -0.1927196 3.841506
0.2258995 1.055078 3.914423
0.2444991 1.078549 3.659331
0.2040421 1.074852 3.649222
0.1841643 1.10226 3.658794
0.1956129 1.118602 3.629183
52
0.225913 0.500658 3.898552
0.2258636 0.8204376 3.911139
0.2260109 1.132158 3.912193
0.2177154 1.270684 3.909998
0.05176258 1.032104 3.902396
0.01076014 0.8827537 3.760158
0.1528216 0.9945811 3.694378
0.1972936 1.055573 3.68137
0.3929861 1.041097 3.881209
0.404725 0.8944196 3.730188
0.2714321 1.041002 3.663926
0.2167296 1.056681 3.672697
0.1425817 0.5037534 3.866802
0.1269796 0.1737172 3.893579
0.1545533 -0.1744975 3.946012
0.1310609 -0.1927896 3.836887
0.3050173 0.5064727 3.858808
0.328051 0.1799787 3.896731
0.3012097 -0.171974 3.957143
0.3129668 -0.1927196 3.841506
0.2258995 1.055078 3.914423
0.2444991 1.078549 3.659331
0.2040421 1.074852 3.649222
0.1841643 1.10226 3.658794
0.1956129 1.118602 3.629183
53
0.2259707 0.5001314 3.898873
0.2260902 0.8200275 3.911299
0.2266985 1.131825 3.911988
0.2173996 1.270662 3.910625
0.05221242 1.032782 3.90205
0.009363577 0.8817266 3.764789
0.1543126 0.9900981 3.698225
0.1984851 1.051192 3.685604
0.392666 1.041257 3.879929
0.4027173 0.8913451 3.734516
0.2726901 1.031494 3.666367
0.2214987 1.046517 3.678871
0.14257 0.503255 3.867139
0.1272627 0.1732029 3.893831
0.1545297 -0.1744529 3.946211
0.1310337 -0.1927497 3.837003
0.3051465 0.5059392 3.859061
0.3282278 0.179463 3.896978
0.3013823 -0.1720339 3.956898
0.313796 -0.1927175 3.841127
0.2264438 1.054709 3.914327
0.2459397 1.072432 3.661336
0.1978824 1.070069 3.652659
0.1889239 1.094606 3.665067
0.2106663 1.095032 3.636251
54
0.2259707 0.5001314 3.898873
0.2260902 0.8200275 3.911299
0.2266985 1.131825 3.911988
0.2173996 1.270662 3.910625
0.05221242 1.032782 3.90205
0.009363577 0.8817266 3.764789
0.1543126 0.9900981 3.698225
0.1984851 1.051192 3.685604
0.392666 1.041257 3.879929
0.4027173 0.8913451 3.734516
0.2726901 1.031494 3.666367
0.2214987 1.046517 3.678871
0.14257 0.503255 3.867139
0.1272627 0.1732029 3.893831
0.1545297 -0.1744529 3.946211
0.1310337 -0.1927497 3.837003
0.3051465 0.5059392 3.859061
0.3282278 0.179463 3.896978
0.3013823 -0.1720339 3.956898
0.313796 -0.1927175 3.841127
0.2264438 1.054709 3.914327
0.2459397 1.072432 3.661336
0.1978824 1.070069 3.652659
0.1889239 1.094606 3.665067
0.2106663 1.095032 3.636251
55
0.2259707 0.5001314 3.898873
0.2260902 0.8200275 3.911299
0.2266985 1.131825 3.911988
0.2173996 1.270662 3.910625
0.05221242 1.032782 3.90205
0.009363577 0.8817266 3.764789
0.1543126 0.9900981 3.698225
0.1984851 1.051192 3.685604
0.392666 1.041257 3.879929
0.4027173 0.8913451 3.734516
0.2726901 1.031494 3.666367
0.2214987 1.046517 3.678871
0.14257 0.503255 3.867139
0.1272627 0.1732029 3.893831
0.1545297 -0.1744529 3.946211
0.1310337 -0.1927497 3.837003
0.3051465 0.5059392 3.859061
0.3282278 0.179463 3.896978
0.3013823 -0.1720339 3.956898
0.313796 -0.1927175 3.841127
0.2264438 1.054709 3.914327
0.2459397 1.072432 3.661336
0.1978824 1.070069 3.652659
0.1889239 1.094606 3.665067
0.2106663 1.095032 3.636251
56
0.226014 0.4997187 3.899111
0.2262853 0.8196645 3.911402
0.2272421 1.131536 3.911755
0.2170897 1.270663 3.911094
0.05255503 1.033285 3.901791
0.006646555 0.8752623 3.773707
0.1484507 0.9782954 3.69885
0.1569172 1.005793 3.69764
0.3924023 1.041346 3.878949
0.4031649 0.886958 3.739723
0.2674915 1.00049 3.684427
0.2205927 1.042062 3.681699
0.14256 0.5028699 3.867389
0.1274613 0.1728123 3.894005
0.1547727 -0.174005 3.94661
0.1310539 -0.1924455 3.837351
0.3052464 0.5055171 3.859242
0.3283581 0.1790574 3.897158
0.3016088 -0.1721085 3.956631
0.314492 -0.1927025 3.840826
0.2268915 1.054381 3.914189
0.201177 1.051269 3.66153
0.184402 1.05741 3.657296
0.1791495 1.072075 3.666324
0.1945896 1.050169 3.636075
57
0.226042 0.4994815 3.899271
0.2264329 0.8193906 3.911474
0.2275994 1.131305 3.911575
0.2167601 1.270643 3.911446
0.05280882 1.033637 3.901595
0.003889791 0.869838 3.781763
0.1381986 0.9693673 3.695589
0.1458716 0.9929464 3.695779
0.392146 1.041247 3.878117
0.4100032 0.8778178 3.748786
0.2675498 0.9831787 3.693512
0.2246972 1.03201 3.67879
0.1425568 0.5026424 3.867554
0.1276226 0.172574 3.894124
0.1548285 -0.1739643 3.946813
0.1311888 -0.1924262 3.837593
0.3053046 0.50528 3.859376
0.3284438 0.1788242 3.897277
0.3018343 -0.1722078 3.956362
0.3150357 -0.1926802 3.840676
0.2272085 1.054122 3.914073
0.1669219 1.03475 3.65259
0.1527918 1.002361 3.662492
0.170011 1.053808 3.664978
0.1743131 1.030291 3.640752
58
0.226042 0.4994815 3.899271
0.2264329 0.8193906 3.911474
0.2275994 1.131305 3.911575
0.2167601 1.270643 3.911446
0.05280882 1.033637 3.901595
0.003889791 0.869838 3.781763
0.1381986 0.9693673 3.695589
0.1458716 0.9929464 3.695779
0.392146 1.041247 3.878117
0.4100032 0.8778178 3.748786
0.2675498 0.9831787 3.693512
0.2246972 1.03201 3.67879
0.1425568 0.5026424 3.867554
0.1276226 0.172574 3.894124
0.1548285 -0.1739643 3.946813
0.1311888 -0.1924262 3.837593
0.3053046 0.50528 3.859376
0.3284438 0.1788242 3.897277
0.3018343 -0.1722078 3.956362
0.3150357 -0.1926802 3.840676
0.2272085 1.054122 3.914073
0.1669219 1.03475 3.65259
0.1527918 1.002361 3.662492
0.170011 1.053808 3.664978
0.1743131 1.030291 3.640752
59
0.2260951 0.4994883 3.899384
0.2265345 0.8192258 3.911548
0.2278144 1.131153 3.911545
0.2164125 1.270599 3.911698
0.05299609 1.033877 3.901446
0.001414803 0.8560936 3.795679
0.1214576 0.9392658 3.681394
0.1286943 0.9718997 3.690619
0.3919458 1.041171 3.877573
0.4323974 0.8593812 3.773237
0.2744474 0.9643846 3.696592
0.2307508 1.015049 3.670972
0.142628 0.5027026 3.867643
0.1277819 0.172641 3.894139
0.1547052 -0.1738894 3.947701
0.1312708 -0.1927235 3.837628
0.305353 0.5052752 3.859468
0.3285312 0.1788099 3.897271
0.3020807 -0.1723931 3.955909
0.3156987 -0.1927226 3.840291
0.2274057 1.053958 3.914063
0.1487857 1.019148 3.643649
0.1474266 0.9908129 3.663588
0.1642104 1.035027 3.655518
0.208081 0.9953706 3.669268
60
0.2260951 0.4994883 3.899384
0.2265345 0.8192258 3.911548
0.2278144 1.131153 3.911545
0.2164125 1.270599 3.911698
0.05299609 1.033877 3.901446
0.001414803 0.8560936 3.795679
0.1214576 0.9392658 3.681394
0.1286943 0.9718997 3.690619
0.3919458 1.041171 3.877573
0.4323974 0.8593812 3.773237
0.2744474 0.9643846 3.696592
0.2307508 1.015049 3.670972
0.142628 0.5027026 3.867643
0.1277819 0.172641 3.894139
0.1547052 -0.1738894 3.947701
0.1312708 -0.1927235 3.837628
0.305353 0.5052752 3.859468
0.3285312 0.1788099 3.897271
0.3020807 -0.1723931 3.955909
0.3156987 -0.1927226 3.840291
0.2274057 1.053958 3.914063
0.1487857 1.019148 3.643649
0.1474266 0.9908129 3.663588
0.1642104 1.035027 3.655518
0.208081 0.9953706 3.669268
61
0.2260951 0.4994883 3.899384
0.2265345 0.8192258 3.911548
0.2278144 1.131153 3.911545
0.2164125 1.270599 3.911698
0.05299609 1.033877 3.901446
0.001414803 0.8560936 3.795679
0.1214576 0.9392658 3.681394
0.1286943 0.9718997 3.690619
0.3919458 1.041171 3.877573
0.4323974 0.8593812 3.773237
0.2744474 0.9643846 3.696592
0.2307508 1.015049 3.670972
0.142628 0.5027026 3.867643
0.1277819 0.172641 3.894139
0.1547052 -0.1738894 3.947701
0.1312708 -0.1927235 3.837628
0.305353 0.5052752 3.859468
0.3285312 0.1788099 3.897271
0.3020807 -0.1723931 3.955909
0.3156987 -0.1927226 3.840291
0.2274057 1.053958 3.914063
0.1487857 1.019148 3.643649
0.1474266 0.9908129 3.663588
0.1642104 1.035027 3.655518
0.208081 0.9953706 3.669268
62
0.2261457 0.4996016 3.899442
0.2266147 0.8191018 3.911611
0.2279704 1.131001 3.911636
0.2160859 1.270545 3.911849
0.05314165 1.034033 3.901333
0.00142159 0.8181543 3.828521
0.09079807 0.9049422 3.682517
0.108631 0.9403664 3.655408
0.3917174 1.041016 3.877211
0.4443039 0.8500797 3.786039
0.2753492 0.9402578 3.686354
0.2397719 0.9771687 3.649054
0.1427113 0.5028591 3.867687
0.1279278 0.1728113 3.894122
0.1546667 -0.1737678 3.948525
0.1313207 -0.1929854 3.837574
0.3053797 0.5054018 3.859474
0.3286057 0.1789331 3.897199
0.3024329 -0.1726966 3.95528
0.3162698 -0.1927811 3.839922
0.2275561 1.053816 3.914112
0.1286251 0.9811404 3.612182
0.1306939 0.9568966 3.635084
0.1492797 0.9893948 3.620837
0.1727366 0.9654609 3.631507
63
0.226189 0.499807 3.89945
0.2266783 0.8190075 3.911661
0.2280769 1.130857 3.911764
0.2157843 1.270423 3.911841
0.05323483 1.033992 3.901403
-0.003795299 0.8054384 3.833977
0.06384513 0.8617148 3.655421
0.08465829 0.8892165 3.602879
0.3914834 1.040833 3.877016
0.4559191 0.8451631 3.799678
0.3300877 0.854121 3.652672
0.294145 0.891774 3.599724
0.1428021 0.5031059 3.867682
0.128055 0.1730746 3.894049
0.154945 -0.1739696 3.948389
0.1313337 -0.193121 3.837763
0.3053817 0.5056238 3.859423
0.3286694 0.179152 3.897084
0.3021836 -0.1817212 3.955766
0.2995532 -0.2000012 3.842162
0.2276698 1.053694 3.914178
0.09825739 0.9144585 3.563506
0.1035219 0.9039961 3.575853
0.2629574 0.8879701 3.557293
0.2589302 0.8872004 3.56873
64
0.226189 0.499807 3.89945
0.2266783 0.8190075 3.911661
0.2280769 1.130857 3.911764
0.2157843 1.270423 3.911841
0.05323483 1.033992 3.901403
-0.003795299 0.8054384 3.833977
0.06384513 0.8617148 3.655421
0.08465829 0.8892165 3.602879
0.3914834 1.040833 3.877016
0.4559191 0.8451631 3.799678
0.3300877 0.854121 3.652672
0.294145 0.891774 3.599724
0.1428021 0.5031059 3.867682
0.128055 0.1730746 3.894049
0.154945 -0.1739696 3.948389
0.1313337 -0.193121 3.837763
0.3053817 0.5056238 3.859423
0.3286694 0.179152 3.897084
0.3021836 -0.1817212 3.955766
0.2995532 -0.2000012 3.842162
0.2276698 1.053694 3.914178
0.09825739 0.9144585 3.563506
0.1035219 0.9039961 3.575853
0.2629574 0.8879701 3.557293
0.2589302 0.8872004 3.56873
65
0.226189 0.499807 3.89945
0.2266783 0.8190075 3.911661
0.2280769 1.130857 3.911764
0.2157843 1.270423 3.911841
0.05323483 1.033992 3.901403
-0.003795299 0.8054384 3.833977
0.06384513 0.8617148 3.655421
0.08465829 0.8892165 3.602879
0.3914834 1.040833 3.877016
0.4559191 0.8451631 3.799678
0.3300877 0.854121 3.652672
0.294145 0.891774 3.599724
0.1428021 0.5031059 3.867682
0.128055 0.1730746 3.894049
0.154945 -0.1739696 3.948389
0.1313337 -0.193121 3.837763
0.3053817 0.5056238 3.859423
0.3286694 0.179152 3.897084
0.3021836 -0.1817212 3.955766
0.2995532 -0.2000012 3.842162
0.2276698 1.053694 3.914178
0.09825739 0.9144585 3.563506
0.1035219 0.9039961 3.575853
0.2629574 0.8879701 3.557293
0.2589302 0.8872004 3.56873
66
0.2261764 0.5000758 3.899392
0.2267136 0.8189419 3.911699
0.2280698 1.130736 3.911969
0.2155151 1.270301 3.911766
0.05316284 1.033332 3.902138
-0.008670479 0.8121015 3.857286
0.04827348 0.8346119 3.648835
0.05388945 0.8136054 3.565043
0.3912957 1.040495 3.877063
0.4738647 0.8461173 3.830838
0.3791935 0.7857947 3.637985
0.3474305 0.7890061 3.561959
0.1428257 0.5034361 3.86759
0.1281351 0.17343 3.893947
0.1553731 -0.1739435 3.948281
0.1314455 -0.1930439 3.838161
0.3053336 0.5058911 3.859326
0.3287143 0.1794155 3.89695
0.3023826 -0.183592 3.955231
0.2975737 -0.2013623 3.842374
0.2277076 1.053596 3.914281
0.05699002 0.8177144 3.534981
0.06740466 0.8243952 3.539941
0.3164719 0.7831179 3.526498
0.3128275 0.7942491 3.536874
67
0.2261764 0.5000758 3.899392
0.2267136 0.8189419 3.911699
0.2280698 1.130736 3.911969
0.2155151 1.270301 3.911766
0.05316284 1.033332 3.902138
-0.008670479 0.8121015 3.857286
0.04827348 0.8346119 3.648835
0.05388945 0.8136054 3.565043
0.3912957 1.040495 3.877063
0.4738647 0.8461173 3.830838
0.3791935 0.7857947 3.637985
0.3474305 0.7890061 3.561959
0.1428257 0.5034361 3.86759
0.1281351 0.17343 3.893947
0.1553731 -0.1739435 3.948281
0.1314455 -0.1930439 3.838161
0.3053336 0.5058911 3.859326
0.3287143 0.1794155 3.89695
0.3023826 -0.183592 3.955231
0.2975737 -0.2013623 3.842374
0.2277076 1.053596 3.914281
0.05699002 0.8177144 3.534981
0.06740466 0.8243952 3.539941
0.3164719 0.7831179 3.526498
0.3128275 0.7942491 3.536874
68
0.2261482 0.5003915 3.89928
0.2267326 0.818895 3.911727
0.2279288 1.130635 3.912201
0.215246 1.270173 3.911585
0.05258281 1.031315 3.903704
-0.009090288 0.8128051 3.868301
0.005731063 0.7424198 3.675256
0.01039594 0.7098415 3.555742
0.3919116 1.039033 3.87832
0.4823901 0.84016 3.841268
0.4282454 0.7036509 3.657815
0.4060675 0.678058 3.5518
0.1428388 0.5037931 3.867466
0.1281825 0.173813 3.893842
0.1558393 -0.17393 3.94804
0.1316315 -0.1929058 3.838642
0.3052602 0.50622 3.859144
0.3286735 0.1797357 3.896789
0.3026016 -0.1849166 3.954732
0.2971665 -0.2024068 3.842215
0.2276623 1.053517 3.914398
0.01138431 0.6898395 3.522009
0.01772376 0.7317739 3.538249
0.398326 0.6519672 3.507427
0.3812371 0.6891298 3.526436
69
0.2260884 0.5007172 3.899142
0.226742 0.8188614 3.91175
0.2277729 1.130547 3.912448
0.2149979 1.270025 3.911314
0.05203671 1.029403 3.905189
-0.009442743 0.8042287 3.877387
-0.02770424 0.6605011 3.705538
-0.03252172 0.6120842 3.601748
0.3945091 1.036295 3.881608
0.4858583 0.8308855 3.846717
0.4632205 0.6411329 3.690339
0.4557114 0.578749 3.588361
0.1428273 0.5041573 3.867326
0.1282136 0.1741997 3.893736
0.1560248 -0.1743934 3.947699
0.131811 -0.1931953 3.83872
0.3051432 0.5065498 3.858932
0.3286195 0.1800542 3.896629
0.3029515 -0.1843759 3.95419
0.299675 -0.2019033 3.841761
0.227596 1.053451 3.914527
-0.04162768 0.5620446 3.570502
-0.03420784 0.6259762 3.56087
0.4700284 0.5238464 3.535084
0.4304476 0.5755197 3.57492
70
0.2260884 0.5007172 3.899142
0.226742 0.8188614 3.91175
0.2277729 1.130547 3.912448
0.2149979 1.270025 3.911314
0.05203671 1.029403 3.905189
-0.009442743 0.8042287 3.877387
-0.02770424 0.6605011 3.705538
-0.03252172 0.6120842 3.601748
0.3945091 1.036295 3.881608
0.4858583 0.8308855 3.846717
0.4632205 0.6411329 3.690339
0.4557114 0.578749 3.588361
0.1428273 0.5041573 3.867326
0.1282136 0.1741997 3.893736
0.1560248 -0.1743934 3.947699
0.131811 -0.1931953 3.83872
0.3051432 0.5065498 3.858932
0.3286195 0.1800542 3.896629
0.3029515 -0.1843759 3.95419
0.299675 -0.2019033 3.841761
0.227596 1.053451 3.914527
-0.04162768 0.5620446 3.570502
-0.03420784 0.6259762 3.56087
0.4700284 0.5238464 3.535084
0.4304476 0.5755197 3.57492
71
0.2260164 0.5010262 3.898987
0.2267442 0.8188378 3.911771
0.2276068 1.130476 3.912697
0.2147969 1.269868 3.910977
0.05159625 1.027824 3.906396
-0.008992577 0.7951199 3.882286
-0.05385046 0.5937014 3.743478
-0.06943188 0.5283459 3.660435
0.3964547 1.034164 3.884139
0.4815949 0.8155145 3.850907
0.4990526 0.5730613 3.717906
0.4937382 0.5082324 3.659291
0.1428028 0.504502 3.867177
0.1282084 0.1745671 3.893638
0.1560982 -0.1753829 3.946626
0.1319259 -0.1936603 3.838638
0.3050157 0.5068545 3.858705
0.328524 0.180353 3.896487
0.3030069 -0.1851597 3.950363
0.302518 -0.2012127 3.841223
0.2275143 1.053398 3.914662
-0.08893955 0.4678469 3.645854
-0.05662822 0.531582 3.628273
0.5134718 0.4459145 3.626892
0.4628049 0.5109994 3.651196
72
0.2260164 0.5010262 3.898987
0.2267442 0.8188378 3.911771
0.2276068 1.130476 3.912697
0.2147969 1.269868 3.910977
0.05159625 1.027824 3.906396
-0.008992577 0.7951199 3.882286
-0.05385046 0.5937014 3.743478
-0.06943188 0.5283459 3.660435
0.3964547 1.034164 3.884139
0.4815949 0.8155145 3.850907
0.4990526 0.5730613 3.717906
0.4937382 0.5082324 3.659291
0.1428028 0.504502 3.867177
0.1282084 0.1745671 3.893638
0.1560982 -0.1753829 3.946626
0.1319259 -0.1936603 3.838638
0.3050157 0.5068545 3.858705
0.328524 0.180353 3.896487
0.3030069 -0.1851597 3.950363
0.302518 -0.2012127 3.841223
0.2275143 1.053398 3.914662
-0.08893955 0.4678469 3.645854
-0.05662822 0.531582 3.628273
0.5134718 0.4459145 3.626892
0.4628049 0.5109994 3.651196
73
0.2259315 0.5013114 3.898806
0.2267416 0.8188215 3.911787
0.22745 1.130419 3.91293
0.2146675 1.269651 3.910395
0.05124345 1.02654 3.907336
-0.0077018 0.7842712 3.883669
-0.07686054 0.5424098 3.79106
-0.09055163 0.4709756 3.752107
0.3976661 1.032482 3.885852
0.4696815 0.7954962 3.852714
0.5156848 0.5532218 3.773613
0.5213454 0.4754848 3.749245
0.1427672 0.5048158 3.867013
0.1281545 0.1749055 3.893508
0.1561044 -0.1763574 3.945561
0.1320111 -0.194137 3.838518
0.3048733 0.5071333 3.858449
0.3284196 0.1806262 3.896356
0.3032332 -0.1849064 3.948562
0.305284 -0.2004564 3.840677
0.2274292 1.053355 3.914793
-0.1140289 0.4015828 3.749348
-0.07255822 0.4810879 3.715062
0.5532598 0.404723 3.743515
0.4953346 0.46944 3.736026
74
0.2259315 0.5013114 3.898806
0.2267416 0.8188215 3.911787
0.22745 1.130419 3.91293
0.2146675 1.269651 3.910395
0.05124345 1.02654 3.907336
-0.0077018 0.7842712 3.883669
-0.07686054 0.5424098 3.79106
-0.09055163 0.4709756 3.752107
0.3976661 1.032482 3.885852
0.4696815 0.7954962 3.852714
0.5156848 0.5532218 3.773613
0.5213454 0.4754848 3.749245
0.1427672 0.5048158 3.867013
0.1281545 0.1749055 3.893508
0.1561044 -0.1763574 3.945561
0.1320111 -0.194137 3.838518
0.3048733 0.5071333 3.858449
0.3284196 0.1806262 3.896356
0.3032332 -0.1849064 3.948562
0.305284 -0.2004564 3.840677
0.2274292 1.053355 3.914793
-0.1140289 0.4015828 3.749348
-0.07255822 0.4810879 3.715062
0.5532598 0.404723 3.743515
0.4953346 0.46944 3.736026
75
0.2258059 0.5015774 3.898576
0.2267317 0.8188112 3.911795
0.2273261 1.130378 3.9131
0.2146925 1.269281 3.909221
0.0509667 1.025548 3.90803
-0.007451421 0.7782684 3.88586
-0.07688975 0.5421647 3.845701
-0.08872259 0.4699495 3.842202
0.3985932 1.031007 3.886965
0.4615666 0.7801815 3.859554
0.5214128 0.5631374 3.832279
0.5287562 0.4870744 3.830392
0.1426918 0.5051255 3.866796
0.1280559 0.175237 3.893368
0.1561606 -0.176723 3.945136
0.1320878 -0.194328 3.838513
0.3046885 0.5073698 3.858156
0.3283085 0.1808553 3.89623
0.3034257 -0.184108 3.947743
0.3077237 -0.1995673 3.840293
0.2273553 1.053323 3.914889
-0.09528868 0.4083091 3.865888
-0.08743881 0.4707369 3.798821
0.5484068 0.4325379 3.832676
0.5108052 0.467618 3.811406
76
0.2258059 0.5015774 3.898576
0.2267317 0.8188112 3.911795
0.2273261 1.130378 3.9131
0.2146925 1.269281 3.909221
0.0509667 1.025548 3.90803
-0.007451421 0.7782684 3.88586
-0.07688975 0.5421647 3.845701
-0.08872259 0.4699495 3.842202
0.3985932 1.031007 3.886965
0.4615666 0.7801815 3.859554
0.5214128 0.5631374 3.832279
0.5287562 0.4870744 3.830392
0.1426918 0.5051255 3.866796
0.1280559 0.175237 3.893368
0.1561606 -0.176723 3.945136
0.1320878 -0.194328 3.838513
0.3046885 0.5073698 3.858156
0.3283085 0.1808553 3.89623
0.3034257 -0.184108 3.947743
0.3077237 -0.1995673 3.840293
0.2273553 1.053323 3.914889
-0.09528868 0.4083091 3.865888
-0.08743881 0.4707369 3.798821
0.5484068 0.4325379 3.832676
0.5108052 0.467618 3.811406
77
0.2255819 0.5019013 3.898201
0.2266846 0.8188176 3.911758
0.2272213 1.130347 3.913192
0.2149643 1.268871 3.907399
0.05064435 1.02478 3.90845
-0.00744409 0.7729207 3.89468
-0.07311197 0.5542337 3.89764
-0.08223093 0.4759188 3.910353
0.3992151 1.030022 3.88763
0.4580404 0.7726743 3.86586
0.5245047 0.5668829 3.875415
0.5250398 0.5016276 3.895036
0.1425197 0.5055215 3.86642
0.1279354 0.1756263 3.893164
0.156167 -0.1772066 3.944738
0.1321161 -0.1946829 3.838343
0.3044125 0.5076291 3.857746
0.3281624 0.181106 3.89607
0.3035952 -0.1833823 3.947141
0.3099129 -0.1988402 3.839859
0.2272818 1.053298 3.914935
-0.090974 0.4092517 3.938707
-0.1008707 0.4731269 3.893752
0.5459469 0.4369072 3.915013
0.506421 0.4763961 3.873209
78
0.2255819 0.5019013 3.898201
0.2266846 0.8188176 3.911758
0.2272213 1.130347 3.913192
0.2149643 1.268871 3.907399
0.05064435 1.02478 3.90845
-0.00744409 0.7729207 3.89468
-0.07311197 0.5542337 3.89764
-0.08223093 0.4759188 3.910353
0.3992151 1.030022 3.88763
0.4580404 0.7726743 3.86586
0.5245047 0.5668829 3.875415
0.5250398 0.5016276 3.895036
0.1425197 0.5055215 3.86642
0.1279354 0.1756263 3.893164
0.156167 -0.1772066 3.944738
0.1321161 -0.1946829 3.838343
0.3044125 0.5076291 3.857746
0.3281624 0.181106 3.89607
0.3035952 -0.1833823 3.947141
0.3099129 -0.1988402 3.839859
0.2272818 1.053298 3.914935
-0.090974 0.4092517 3.938707
-0.1008707 0.4731269 3.893752
0.5459469 0.4369072 3.915013
0.506421 0.4763961 3.873209
79
0.2255819 0.5019013 3.898201
0.2266846 0.8188176 3.911758
0.2272213 1.130347 3.913192
0.2149643 1.268871 3.907399
0.05064435 1.02478 3.90845
-0.00744409 0.7729207 3.89468
-0.07311197 0.5542337 3.89764
-0.08223093 0.4759188 3.910353
0.3992151 1.030022 3.88763
0.4580404 0.7726743 3.86586
0.5245047 0.5668829 3.875415
0.5250398 0.5016276 3.895036
0.1425197 0.5055215 3.86642
0.1279354 0.1756263 3.893164
0.156167 -0.1772066 3.944738
0.1321161 -0.1946829 3.838343
0.3044125 0.5076291 3.857746
0.3281624 0.181106 3.89607
0.3035952 -0.1833823 3.947141
0.3099129 -0.1988402 3.839859
0.2272818 1.053298 3.914935
-0.090974 0.4092517 3.938707
-0.1008707 0.4731269 3.893752
0.5459469 0.4369072 3.915013
0.506421 0.4763961 3.873209
80
0.2253382 0.5022681 3.897706
0.226604 0.8188767 3.911577
0.2271173 1.130353 3.913123
0.2154752 1.268605 3.904517
0.05027831 1.024107 3.908691
-0.01033475 0.7709094 3.91502
-0.0696461 0.5462332 3.954855
-0.07451025 0.4713154 3.972961
0.3996231 1.029395 3.888076
0.4562241 0.7702787 3.885138
0.5248512 0.56112 3.931663
0.5183005 0.5027089 3.951921
0.1423329 0.5059431 3.865954
0.127744 0.1760663 3.892705
0.1561067 -0.1773413 3.944444
0.1321577 -0.1948045 3.838288
0.3041156 0.5079355 3.857198
0.3279727 0.1814131 3.895734
0.3038518 -0.182511 3.946873
0.311729 -0.1981112 3.839571
0.2271954 1.053308 3.914846
-0.07110593 0.4104301 3.991357
-0.1030919 0.4655913 3.966241
0.5230065 0.4353067 3.970964
0.4917656 0.4854971 3.926142
81
0.2253382 0.5022681 3.897706
0.226604 0.8188767 3.911577
0.2271173 1.130353 3.913123
0.2154752 1.268605 3.904517
0.05027831 1.024107 3.908691
-0.01033475 0.7709094 3.91502
-0.0696461 0.5462332 3.954855
-0.07451025 0.4713154 3.972961
0.3996231 1.029395 3.888076
0.4562241 0.7702787 3.885138
0.5248512 0.56112 3.931663
0.5183005 0.5027089 3.951921
0.1423329 0.5059431 3.865954
0.127744 0.1760663 3.892705
0.1561067 -0.1773413 3.944444
0.1321577 -0.1948045 3.838288
0.3041156 0.5079355 3.857198
0.3279727 0.1814131 3.895734
0.3038518 -0.182511 3.946873
0.311729 -0.1981112 3.839571
0.2271954 1.053308 3.914846
-0.07110593 0.4104301 3.991357
-0.1030919 0.4655913 3.966241
0.5230065 0.4353067 3.970964
0.4917656 0.4854971 3.926142
82
0.2250702 0.5026844 3.897133
0.2263949 0.8190734 3.911103
0.2267275 1.13056 3.91241
0.2161656 1.268458 3.900996
0.04992372 1.023592 3.908866
-0.01341638 0.7751403 3.947093
-0.06189577 0.5557593 3.989925
-0.05999465 0.4782266 4.017068
0.3999098 1.028952 3.88839
0.4562971 0.7764407 3.919999
0.5165482 0.5709404 3.962482
0.5003602 0.5151045 3.987427
0.1421243 0.5064006 3.865416
0.1273568 0.1765871 3.891943
0.1561048 -0.1771575 3.944293
0.1322203 -0.1947901 3.838262
0.303797 0.5082949 3.856586
0.3277796 0.1817807 3.895293
0.3041322 -0.1816385 3.946871
0.3131351 -0.1974821 3.839365
0.2268731 1.053487 3.914251
-0.05828722 0.4135087 4.030102
-0.09292432 0.4726782 4.009926
0.4985341 0.452653 4.00351
0.4721544 0.5040622 3.953372
83
0.2250702 0.5026844 3.897133
0.2263949 0.8190734 3.911103
0.2267275 1.13056 3.91241
0.2161656 1.268458 3.900996
0.04992372 1.023592 3.908866
-0.01341638 0.7751403 3.947093
-0.06189577 0.5557593 3.989925
-0.05999465 0.4782266 4.017068
0.3999098 1.028952 3.88839
0.4562971 0.7764407 3.919999
0.5165482 0.5709404 3.962482
0.5003602 0.5151045 3.987427
0.1421243 0.5064006 3.865416
0.1273568 0.1765871 3.891943
0.1561048 -0.1771575 3.944293
0.1322203 -0.1947901 3.838262
0.303797 0.5082949 3.856586
0.3277796 0.1817807 3.895293
0.3041322 -0.1816385 3.946871
0.3131351 -0.1974821 3.839365
0.2268731 1.053487 3.914251
-0.05828722 0.4135087 4.030102
-0.09292432 0.4726782 4.009926
0.4985341 0.452653 4.00351
0.4721544 0.5040622 3.953372
84
0.2248304 0.5032246 3.896343
0.2261996 0.8194361 3.910176
0.2264137 1.130913 3.910936
0.2170617 1.268602 3.895988
0.0495804 1.023157 3.908978
-0.01457378 0.7800479 3.96968
-0.05608899 0.5622671 4.014113
-0.05104683 0.4864508 4.041041
0.4001227 1.028642 3.888637
0.4575377 0.7819495 3.940058
0.5107529 0.5766256 3.984788
0.4899908 0.5239541 4.005278
0.1419436 0.5069655 3.864694
0.1269663 0.1772021 3.891106
0.1560232 -0.1769794 3.944211
0.1322507 -0.1948213 3.838223
0.3035072 0.5087821 3.855739
0.3275588 0.1822766 3.89478
0.3045408 -0.1807063 3.947222
0.3142358 -0.1969248 3.83922
0.2265965 1.053813 3.913002
-0.04151843 0.4253131 4.053211
-0.0818029 0.4793299 4.026321
0.4841874 0.4669916 4.012697
0.4611356 0.5067866 3.974236
85
0.224618 0.5038787 3.895336
0.225864 0.8199815 3.908587
0.2256476 1.131403 3.908043
0.2179515 1.268827 3.891033
0.04924429 1.022808 3.909056
-0.01522201 0.7834637 3.982633
-0.05183301 0.5651274 4.02989
-0.04408257 0.4955801 4.059627
0.4002829 1.028436 3.88882
0.4572931 0.786306 3.952921
0.5056784 0.5794898 3.997591
0.4848451 0.5260105 4.030037
0.1417855 0.5076317 3.863781
0.1265176 0.1779114 3.890158
0.1559323 -0.1768974 3.944074
0.1322635 -0.1949565 3.838145
0.3032497 0.5093873 3.854663
0.327296 0.1828949 3.894177
0.3047941 -0.1799108 3.947541
0.3150987 -0.1965016 3.839091
0.2259629 1.054294 3.910566
-0.03671244 0.4422885 4.065341
-0.07936022 0.5197354 4.041894
0.457276 0.461544 4.027105
0.4526308 0.5242445 3.976238
86
0.224618 0.5038787 3.895336
0.225864 0.8199815 3.908587
0.2256476 1.131403 3.908043
0.2179515 1.268827 3.891033
0.04924429 1.022808 3.909056
-0.01522201 0.7834637 3.982633
-0.05183301 0.5651274 4.02989
-0.04408257 0.4955801 4.059627
0.4002829 1.028436 3.88882
0.4572931 0.786306 3.952921
0.5056784 0.5794898 3.997591
0.4848451 0.5260105 4.030037
0.1417855 0.5076317 3.863781
0.1265176 0.1779114 3.890158
0.1559323 -0.1768974 3.944074
0.1322635 -0.1949565 3.838145
0.3032497 0.5093873 3.854663
0.327296 0.1828949 3.894177
0.3047941 -0.1799108 3.947541
0.3150987 -0.1965016 3.839091
0.2259629 1.054294 3.910566
-0.03671244 0.4422885 4.065341
-0.07936022 0.5197354 4.041894
0.457276 0.461544 4.027105
0.4526308 0.5242445 3.976238
87
0.2244348 0.5044832 3.894396
0.2255347 0.8205241 3.906915
0.2249609 1.131851 3.904996
0.218611 1.268951 3.886828
0.04894861 1.022538 3.909108
-0.01362908 0.787885 3.99471
-0.04818186 0.5679798 4.04101
-0.03930249 0.5031072 4.075587
0.4003884 1.028345 3.888959
0.4564963 0.789614 3.961337
0.484464 0.5648441 4.009796
0.4781374 0.5188785 4.036823
0.1416506 0.5082614 3.862881
0.1261298 0.1785622 3.889294
0.1558228 -0.1767963 3.943967
0.1322628 -0.1950564 3.838076
0.3030289 0.5099386 3.853696
0.3270548 0.1834762 3.893608
0.3024209 -0.1757332 3.952862
0.3158516 -0.1953521 3.839511
0.2253733 1.054752 3.907963
-0.03451447 0.4568164 4.07652
-0.06938754 0.535116 4.0597
0.4475311 0.4650595 4.04156
0.4461443 0.5119115 3.992195
88
0.2244348 0.5044832 3.894396
0.2255347 0.8205241 3.906915
0.2249609 1.131851 3.904996
0.218611 1.268951 3.886828
0.04894861 1.022538 3.909108
-0.01362908 0.787885 3.99471
-0.04818186 0.5679798 4.04101
-0.03930249 0.5031072 4.075587
0.4003884 1.028345 3.888959
0.4564963 0.789614 3.961337
0.484464 0.5648441 4.009796
0.4781374 0.5188785 4.036823
0.1416506 0.5082614 3.862881
0.1261298 0.1785622 3.889294
0.1558228 -0.1767963 3.943967
0.1322628 -0.1950564 3.838076
0.3030289 0.5099386 3.853696
0.3270548 0.1834762 3.893608
0.3024209 -0.1757332 3.952862
0.3158516 -0.1953521 3.839511
0.2253733 1.054752 3.907963
-0.03451447 0.4568164 4.07652
-0.06938754 0.535116 4.0597
0.4475311 0.4650595 4.04156
0.4461443 0.5119115 3.992195
89
0.2244348 0.5044832 3.894396
0.2255347 0.8205241 3.906915
0.2249609 1.131851 3.904996
0.218611 1.268951 3.886828
0.04894861 1.022538 3.909108
-0.01362908 0.787885 3.99471
-0.04818186 0.5679798 4.04101
-0.03930249 0.5031072 4.075587
0.4003884 1.028345 3.888959
0.4564963 0.789614 3.961337
0.484464 0.5648441 4.009796
0.4781374 0.5188785 4.036823
0.1416506 0.5082614 3.862881
0.1261298 0.1785622 3.889294
0.1558228 -0.1767963 3.943967
0.1322628 -0.1950564 3.838076
0.3030289 0.5099386 3.853696
0.3270548 0.1834762 3.893608
0.3024209 -0.1757332 3.952862
0.3158516 -0.1953521 3.839511
0.2253733 1.054752 3.907963
-0.03451447 0.4568164 4.07652
-0.06938754 0.535116 4.0597
0.4475311 0.4650595 4.04156
0.4461443 0.5119115 3.992195
