127
1
0.068749 0.3846097 3.900954
0.07466595 0.7249398 3.914465
0.08011533 1.06001 3.913482
0.08630862 1.209439 3.905854
-0.1049803 0.932059 3.891584
-0.1548802 0.6814933 3.869891
-0.1414431 0.4660952 3.816023
-0.1308607 0.4303897 3.813771
0.2564286 0.9338782 3.889811
0.3042768 0.6736547 3.866986
0.2870804 0.4603426 3.806444
0.266489 0.4238084 3.810706
-0.01395695 0.388854 3.864278
-0.0160159 0.0298036 3.914397
-0.03515504 -0.2826019 3.963504
-0.1140105 -0.2867056 3.906664
0.1503632 0.3922366 3.859042
0.1608051 0.03345048 3.909471
0.1339854 -0.253147 3.962425
0.262536 -0.2797019 3.883812
0.07890043 0.9769871 3.916337
-0.1120558 0.3770542 3.817773
-0.0917117 0.4489345 3.780061
0.247225 0.3508383 3.811667
0.2276787 0.4277811 3.781238
2
0.068749 0.3846097 3.900954
0.07466595 0.7249398 3.914465
0.08011533 1.06001 3.913482
0.08630862 1.209439 3.905854
-0.1049803 0.932059 3.891584
-0.1548802 0.6814933 3.869891
-0.1414431 0.4660952 3.816023
-0.1308607 0.4303897 3.813771
0.2564286 0.9338782 3.889811
0.3042768 0.6736547 3.866986
0.2870804 0.4603426 3.806444
0.266489 0.4238084 3.810706
-0.01395695 0.388854 3.864278
-0.0160159 0.0298036 3.914397
-0.03515504 -0.2826019 3.963504
-0.1140105 -0.2867056 3.906664
0.1503632 0.3922366 3.859042
0.1608051 0.03345048 3.909471
0.1339854 -0.253147 3.962425
0.262536 -0.2797019 3.883812
0.07890043 0.9769871 3.916337
-0.1120558 0.3770542 3.817773
-0.0917117 0.4489345 3.780061
0.247225 0.3508383 3.811667
0.2276787 0.4277811 3.781238
3
0.06873696 0.3845881 3.900976
0.07464469 0.7249327 3.914465
0.08004793 1.060016 3.91345
0.08626984 1.209417 3.905826
-0.1050026 0.9320572 3.891593
-0.1548573 0.6814 3.86998
-0.1413678 0.4660286 3.816093
-0.1313472 0.4304875 3.813804
0.2564281 0.9338861 3.889807
0.304267 0.6736676 3.86699
0.2870153 0.4603559 3.806519
0.2664883 0.4237208 3.810813
-0.01396433 0.3888097 3.864312
-0.01602707 0.02975181 3.914406
-0.03622031 -0.2919228 3.963361
-0.1025302 -0.297107 3.901944
0.1503416 0.3922437 3.859059
0.1607956 0.03344927 3.909458
0.1318074 -0.273989 3.966747
0.2096108 -0.2921812 3.908488
0.07884649 0.9769861 3.916318
-0.1114325 0.3773457 3.815259
-0.0932674 0.4515881 3.780426
0.2475996 0.3463889 3.811463
0.2253322 0.4190309 3.779577
4
0.06873696 0.3845881 3.900976
0.07464469 0.7249327 3.914465
0.08004793 1.060016 3.91345
0.08626984 1.209417 3.905826
-0.1050026 0.9320572 3.891593
-0.1548573 0.6814 3.86998
-0.1413678 0.4660286 3.816093
-0.1313472 0.4304875 3.813804
0.2564281 0.9338861 3.889807
0.304267 0.6736676 3.86699
0.2870153 0.4603559 3.806519
0.2664883 0.4237208 3.810813
-0.01396433 0.3888097 3.864312
-0.01602707 0.02975181 3.914406
-0.03622031 -0.2919228 3.963361
-0.1025302 -0.297107 3.901944
0.1503416 0.3922437 3.859059
0.1607956 0.03344927 3.909458
0.1318074 -0.273989 3.966747
0.2096108 -0.2921812 3.908488
0.07884649 0.9769861 3.916318
-0.1114325 0.3773457 3.815259
-0.0932674 0.4515881 3.780426
0.2475996 0.3463889 3.811463
0.2253322 0.4190309 3.779577
5
0.0687219 0.384571 3.900999
0.07462405 0.7249262 3.914465
0.07999583 1.060018 3.913425
0.0862325 1.209396 3.905798
-0.1050347 0.9320495 3.891613
-0.1548279 0.6812986 3.870069
-0.1413076 0.4659605 3.816158
-0.1318194 0.4305264 3.814016
0.2564237 0.9338942 3.8898
0.3042582 0.673681 3.866994
0.2869522 0.4603725 3.806579
0.2664223 0.4236692 3.810965
-0.01397285 0.3887765 3.864344
-0.01603953 0.02971275 3.914417
-0.0365624 -0.2917083 3.962485
-0.1079262 -0.296747 3.898323
0.1503085 0.3922556 3.859078
0.160789 0.03345111 3.909447
0.1320538 -0.2697782 3.966613
0.2286338 -0.290515 3.905165
0.07880119 0.9769844 3.916302
-0.1114334 0.3774455 3.815271
-0.0942564 0.45208 3.781214
0.2477455 0.3411869 3.808656
0.2238587 0.4116325 3.77869
6
0.0687219 0.384571 3.900999
0.07462405 0.7249262 3.914465
0.07999583 1.060018 3.913425
0.0862325 1.209396 3.905798
-0.1050347 0.9320495 3.891613
-0.1548279 0.6812986 3.870069
-0.1413076 0.4659605 3.816158
-0.1318194 0.4305264 3.814016
0.2564237 0.9338942 3.8898
0.3042582 0.673681 3.866994
0.2869522 0.4603725 3.806579
0.2664223 0.4236692 3.810965
-0.01397285 0.3887765 3.864344
-0.01603953 0.02971275 3.914417
-0.0365624 -0.2917083 3.962485
-0.1079262 -0.296747 3.898323
0.1503085 0.3922556 3.859078
0.160789 0.03345111 3.909447
0.1320538 -0.2697782 3.966613
0.2286338 -0.290515 3.905165
0.07880119 0.9769844 3.916302
-0.1114334 0.3774455 3.815271
-0.0942564 0.45208 3.781214
0.2477455 0.3411869 3.808656
0.2238587 0.4116325 3.77869
7
0.06870809 0.3845572 3.901019
0.07460436 0.7249201 3.914464
0.07994852 1.06002 3.913403
0.08620071 1.209378 3.905773
-0.1050682 0.9320413 3.891635
-0.1547894 0.6811618 3.870174
-0.1412626 0.4658739 3.816218
-0.1321322 0.4305641 3.81417
0.2564187 0.9339013 3.889794
0.3042423 0.6737045 3.867004
0.2869147 0.4603928 3.80663
0.266446 0.4237207 3.810854
-0.01398092 0.388754 3.864368
-0.0160484 0.02968623 3.914428
-0.03727158 -0.2916571 3.961461
-0.1098134 -0.296485 3.895742
0.150277 0.3922665 3.859098
0.1607845 0.03345183 3.909435
0.1320468 -0.2686227 3.966717
0.2413388 -0.2911238 3.902888
0.07875913 0.9769824 3.916287
-0.1114227 0.3775733 3.814546
-0.09482631 0.4499685 3.781014
0.2479144 0.3376666 3.808202
0.2239223 0.4109334 3.778797
8
0.06870809 0.3845572 3.901019
0.07460436 0.7249201 3.914464
0.07994852 1.06002 3.913403
0.08620071 1.209378 3.905773
-0.1050682 0.9320413 3.891635
-0.1547894 0.6811618 3.870174
-0.1412626 0.4658739 3.816218
-0.1321322 0.4305641 3.81417
0.2564187 0.9339013 3.889794
0.3042423 0.6737045 3.867004
0.2869147 0.4603928 3.80663
0.266446 0.4237207 3.810854
-0.01398092 0.388754 3.864368
-0.0160484 0.02968623 3.914428
-0.03727158 -0.2916571 3.961461
-0.1098134 -0.296485 3.895742
0.150277 0.3922665 3.859098
0.1607845 0.03345183 3.909435
0.1320468 -0.2686227 3.966717
0.2413388 -0.2911238 3.902888
0.07875913 0.9769824 3.916287
-0.1114227 0.3775733 3.814546
-0.09482631 0.4499685 3.781014
0.2479144 0.3376666 3.808202
0.2239223 0.4109334 3.778797
9
0.06869493 0.3845458 3.901038
0.07458369 0.7249141 3.914464
0.07989461 1.060017 3.913381
0.08617204 1.209361 3.905749
-0.1050969 0.9320329 3.891655
-0.1547422 0.6809763 3.870308
-0.1412372 0.4657666 3.816262
-0.1322892 0.4305986 3.814243
0.2564151 0.9339052 3.88979
0.3042328 0.6737127 3.86701
0.2868879 0.4603792 3.806776
0.2664752 0.4236747 3.810964
-0.01398868 0.3887384 3.86439
-0.01605782 0.02966574 3.914432
-0.03815731 -0.2968704 3.961586
-0.08670348 -0.3045533 3.885631
0.1502456 0.3922777 3.859117
0.1607813 0.03345291 3.909426
0.132056 -0.2675217 3.966779
0.2505812 -0.2910786 3.902521
0.07871193 0.9769776 3.916273
-0.1122409 0.3770592 3.816014
-0.09511023 0.4496297 3.781132
0.2508644 0.349084 3.815214
0.2266005 0.4145317 3.780073
10
0.06869493 0.3845458 3.901038
0.07458369 0.7249141 3.914464
0.07989461 1.060017 3.913381
0.08617204 1.209361 3.905749
-0.1050969 0.9320329 3.891655
-0.1547422 0.6809763 3.870308
-0.1412372 0.4657666 3.816262
-0.1322892 0.4305986 3.814243
0.2564151 0.9339052 3.88979
0.3042328 0.6737127 3.86701
0.2868879 0.4603792 3.806776
0.2664752 0.4236747 3.810964
-0.01398868 0.3887384 3.86439
-0.01605782 0.02966574 3.914432
-0.03815731 -0.2968704 3.961586
-0.08670348 -0.3045533 3.885631
0.1502456 0.3922777 3.859117
0.1607813 0.03345291 3.909426
0.132056 -0.2675217 3.966779
0.2505812 -0.2910786 3.902521
0.07871193 0.9769776 3.916273
-0.1122409 0.3770592 3.816014
-0.09511023 0.4496297 3.781132
0.2508644 0.349084 3.815214
0.2266005 0.4145317 3.780073
11
0.06868251 0.3845399 3.901059
0.07456371 0.7249084 3.914465
0.07984349 1.060009 3.913364
0.08614219 1.209346 3.905726
-0.1051246 0.9320246 3.891675
-0.1546276 0.680499 3.870433
-0.14123 0.4653836 3.816282
-0.1326954 0.430319 3.814717
0.2564111 0.9339095 3.889786
0.3042243 0.6737198 3.867016
0.2868493 0.4603618 3.806943
0.2662911 0.4232828 3.811287
-0.01399754 0.3887305 3.864413
-0.01606246 0.02965106 3.914435
-0.0386228 -0.2978969 3.961538
-0.08240872 -0.3059247 3.884743
0.150216 0.3922961 3.859141
0.1607776 0.03345643 3.909417
0.1320921 -0.2667148 3.966829
0.2565113 -0.2909563 3.90225
0.07866682 0.9769704 3.916261
-0.1138301 0.3766553 3.817477
-0.09512248 0.4480268 3.781817
0.2506455 0.3474392 3.812174
0.2269816 0.4147281 3.780624
12
0.06868251 0.3845399 3.901059
0.07456371 0.7249084 3.914465
0.07984349 1.060009 3.913364
0.08614219 1.209346 3.905726
-0.1051246 0.9320246 3.891675
-0.1546276 0.680499 3.870433
-0.14123 0.4653836 3.816282
-0.1326954 0.430319 3.814717
0.2564111 0.9339095 3.889786
0.3042243 0.6737198 3.867016
0.2868493 0.4603618 3.806943
0.2662911 0.4232828 3.811287
-0.01399754 0.3887305 3.864413
-0.01606246 0.02965106 3.914435
-0.0386228 -0.2978969 3.961538
-0.08240872 -0.3059247 3.884743
0.150216 0.3922961 3.859141
0.1607776 0.03345643 3.909417
0.1320921 -0.2667148 3.966829
0.2565113 -0.2909563 3.90225
0.07866682 0.9769704 3.916261
-0.1138301 0.3766553 3.817477
-0.09512248 0.4480268 3.781817
0.2506455 0.3474392 3.812174
0.2269816 0.4147281 3.780624
13
0.06867287 0.3845344 3.901079
0.07454913 0.7249035 3.914466
0.07980909 1.060004 3.913351
0.08611433 1.209331 3.905703
-0.1051505 0.9320164 3.891694
-0.1545796 0.6800866 3.870515
-0.1412536 0.4650445 3.816243
-0.1328506 0.4302838 3.814836
0.2564076 0.9339126 3.889783
0.3041688 0.6736873 3.867004
0.2868279 0.4602595 3.807118
0.2661999 0.4231444 3.811219
-0.01400487 0.3887278 3.864433
-0.01606446 0.02964212 3.91444
-0.0388578 -0.2980091 3.961843
-0.0792977 -0.3064283 3.884203
0.1501976 0.3923016 3.859163
0.160772 0.03345508 3.909414
0.1214129 -0.2622269 3.961869
0.2595161 -0.2912415 3.901942
0.07863537 0.9769648 3.916253
-0.1136664 0.3763374 3.816055
-0.09520815 0.4481216 3.782162
0.2504855 0.3469643 3.810623
0.2278597 0.4177152 3.780343
14
0.06867287 0.3845344 3.901079
0.07454913 0.7249035 3.914466
0.07980909 1.060004 3.913351
0.08611433 1.209331 3.905703
-0.1051505 0.9320164 3.891694
-0.1545796 0.6800866 3.870515
-0.1412536 0.4650445 3.816243
-0.1328506 0.4302838 3.814836
0.2564076 0.9339126 3.889783
0.3041688 0.6736873 3.867004
0.2868279 0.4602595 3.807118
0.2661999 0.4231444 3.811219
-0.01400487 0.3887278 3.864433
-0.01606446 0.02964212 3.91444
-0.0388578 -0.2980091 3.961843
-0.0792977 -0.3064283 3.884203
0.1501976 0.3923016 3.859163
0.160772 0.03345508 3.909414
0.1214129 -0.2622269 3.961869
0.2595161 -0.2912415 3.901942
0.07863537 0.9769648 3.916253
-0.1136664 0.3763374 3.816055
-0.09520815 0.4481216 3.782162
0.2504855 0.3469643 3.810623
0.2278597 0.4177152 3.780343
15
0.06865685 0.3845256 3.901103
0.07453578 0.7248982 3.914468
0.0797882 1.06 3.913343
0.0860882 1.209316 3.905681
-0.1051788 0.9320172 3.891723
-0.1545997 0.6800643 3.870632
-0.1398955 0.4642674 3.81601
-0.1333589 0.4305796 3.815064
0.2564016 0.9339147 3.889778
0.3041394 0.6736523 3.867006
0.2868089 0.4601547 3.807274
0.2661476 0.4230307 3.811295
-0.01402038 0.3887384 3.864453
-0.01605396 0.02964832 3.91445
-0.03872172 -0.2938354 3.962987
-0.07770047 -0.3025621 3.886622
0.1501339 0.3922246 3.859235
0.1607883 0.03337995 3.909423
0.1198908 -0.2584732 3.960787
0.2616567 -0.2895229 3.897238
0.07861374 0.9769594 3.916247
-0.1147145 0.3767567 3.814082
-0.0956983 0.4481865 3.782664
0.2464427 0.3552728 3.811963
0.2275709 0.4240594 3.780635
16
0.06865685 0.3845256 3.901103
0.07453578 0.7248982 3.914468
0.0797882 1.06 3.913343
0.0860882 1.209316 3.905681
-0.1051788 0.9320172 3.891723
-0.1545997 0.6800643 3.870632
-0.1398955 0.4642674 3.81601
-0.1333589 0.4305796 3.815064
0.2564016 0.9339147 3.889778
0.3041394 0.6736523 3.867006
0.2868089 0.4601547 3.807274
0.2661476 0.4230307 3.811295
-0.01402038 0.3887384 3.864453
-0.01605396 0.02964832 3.91445
-0.03872172 -0.2938354 3.962987
-0.07770047 -0.3025621 3.886622
0.1501339 0.3922246 3.859235
0.1607883 0.03337995 3.909423
0.1198908 -0.2584732 3.960787
0.2616567 -0.2895229 3.897238
0.07861374 0.9769594 3.916247
-0.1147145 0.3767567 3.814082
-0.0956983 0.4481865 3.782664
0.2464427 0.3552728 3.811963
0.2275709 0.4240594 3.780635
17
0.06864739 0.3845193 3.901116
0.07452116 0.7248926 3.914466
0.07975994 1.059993 3.913331
0.08605947 1.209297 3.905653
-0.105202 0.9320214 3.891742
-0.1546456 0.6801041 3.870717
-0.1393606 0.4639179 3.815871
-0.1337898 0.4308299 3.815041
0.2563879 0.9339167 3.88976
0.3041094 0.6736181 3.867007
0.2867931 0.4600583 3.807412
0.2659722 0.4227398 3.811575
-0.01403586 0.3887568 3.864464
-0.01605101 0.02965983 3.914453
-0.03829428 -0.2841938 3.963072
-0.08280397 -0.2961463 3.865552
0.1500944 0.3921477 3.859274
0.160812 0.03329584 3.909426
0.1191685 -0.2559516 3.959851
0.2636248 -0.2886765 3.891434
0.07858577 0.9769519 3.916237
-0.1150904 0.3766791 3.812529
-0.09681885 0.4492679 3.783358
0.2453975 0.355719 3.81158
0.2264199 0.4225724 3.780363
18
0.06864739 0.3845193 3.901116
0.07452116 0.7248926 3.914466
0.07975994 1.059993 3.913331
0.08605947 1.209297 3.905653
-0.105202 0.9320214 3.891742
-0.1546456 0.6801041 3.870717
-0.1393606 0.4639179 3.815871
-0.1337898 0.4308299 3.815041
0.2563879 0.9339167 3.88976
0.3041094 0.6736181 3.867007
0.2867931 0.4600583 3.807412
0.2659722 0.4227398 3.811575
-0.01403586 0.3887568 3.864464
-0.01605101 0.02965983 3.914453
-0.03829428 -0.2841938 3.963072
-0.08280397 -0.2961463 3.865552
0.1500944 0.3921477 3.859274
0.160812 0.03329584 3.909426
0.1191685 -0.2559516 3.959851
0.2636248 -0.2886765 3.891434
0.07858577 0.9769519 3.916237
-0.1150904 0.3766791 3.812529
-0.09681885 0.4492679 3.783358
0.2453975 0.355719 3.81158
0.2264199 0.4225724 3.780363
19
0.06864798 0.3845074 3.901129
0.07450838 0.7248852 3.914464
0.07972146 1.059979 3.913305
0.08603152 1.209278 3.905626
-0.1052248 0.9320263 3.891759
-0.1546747 0.6801318 3.87078
-0.1391363 0.4637569 3.815826
-0.1341742 0.4308851 3.815246
0.2563723 0.9339209 3.889741
0.3041099 0.6736291 3.867025
0.2867539 0.4600558 3.807528
0.2658249 0.4230283 3.813618
-0.01403619 0.3887864 3.86447
-0.01605749 0.02968593 3.914453
-0.03868991 -0.2864016 3.959314
-0.108564 -0.2921159 3.8838
0.1501061 0.3919536 3.859351
0.1608144 0.03308233 3.909442
0.1209609 -0.2575239 3.957284
0.2683834 -0.2899005 3.883425
0.07855287 0.9769396 3.916219
-0.1153963 0.3763885 3.813328
-0.09709033 0.4493783 3.783554
0.245204 0.3554206 3.81185
0.2303561 0.4337793 3.783972
20
0.06864798 0.3845074 3.901129
0.07450838 0.7248852 3.914464
0.07972146 1.059979 3.913305
0.08603152 1.209278 3.905626
-0.1052248 0.9320263 3.891759
-0.1546747 0.6801318 3.87078
-0.1391363 0.4637569 3.815826
-0.1341742 0.4308851 3.815246
0.2563723 0.9339209 3.889741
0.3041099 0.6736291 3.867025
0.2867539 0.4600558 3.807528
0.2658249 0.4230283 3.813618
-0.01403619 0.3887864 3.86447
-0.01605749 0.02968593 3.914453
-0.03868991 -0.2864016 3.959314
-0.108564 -0.2921159 3.8838
0.1501061 0.3919536 3.859351
0.1608144 0.03308233 3.909442
0.1209609 -0.2575239 3.957284
0.2683834 -0.2899005 3.883425
0.07855287 0.9769396 3.916219
-0.1153963 0.3763885 3.813328
-0.09709033 0.4493783 3.783554
0.245204 0.3554206 3.81185
0.2303561 0.4337793 3.783972
21
0.06864937 0.3844971 3.90114
0.07449646 0.724878 3.914459
0.07968463 1.059965 3.913278
0.08599587 1.209256 3.905595
-0.1052523 0.9320323 3.891783
-0.154699 0.680145 3.870834
-0.1389757 0.4636539 3.815797
-0.1346304 0.4311403 3.815223
0.2563556 0.9339257 3.889721
0.3041159 0.6735958 3.867031
0.2866894 0.4599774 3.807642
0.2648523 0.4221712 3.814837
-0.01403027 0.3890243 3.864413
-0.01606567 0.02992236 3.91442
-0.03868329 -0.2851211 3.958736
-0.1125618 -0.2902581 3.884511
0.1501203 0.3916587 3.859448
0.1607902 0.03277376 3.909506
0.123488 -0.2594919 3.955981
0.2710829 -0.2906986 3.878197
0.07852145 0.976927 3.916201
-0.1152462 0.3763578 3.813026
-0.09753238 0.4500605 3.783879
0.2392122 0.3362478 3.812815
0.2295459 0.434676 3.78526
22
0.06864937 0.3844971 3.90114
0.07449646 0.724878 3.914459
0.07968463 1.059965 3.913278
0.08599587 1.209256 3.905595
-0.1052523 0.9320323 3.891783
-0.154699 0.680145 3.870834
-0.1389757 0.4636539 3.815797
-0.1346304 0.4311403 3.815223
0.2563556 0.9339257 3.889721
0.3041159 0.6735958 3.867031
0.2866894 0.4599774 3.807642
0.2648523 0.4221712 3.814837
-0.01403027 0.3890243 3.864413
-0.01606567 0.02992236 3.91442
-0.03868329 -0.2851211 3.958736
-0.1125618 -0.2902581 3.884511
0.1501203 0.3916587 3.859448
0.1607902 0.03277376 3.909506
0.123488 -0.2594919 3.955981
0.2710829 -0.2906986 3.878197
0.07852145 0.976927 3.916201
-0.1152462 0.3763578 3.813026
-0.09753238 0.4500605 3.783879
0.2392122 0.3362478 3.812815
0.2295459 0.434676 3.78526
23
0.06865101 0.3844795 3.901151
0.07448378 0.7248685 3.914455
0.07964922 1.05995 3.913252
0.08596146 1.209232 3.905563
-0.1052823 0.9320351 3.89181
-0.154725 0.6801686 3.87088
-0.1388727 0.4636175 3.815774
-0.1346572 0.4312345 3.815144
0.2563373 0.933931 3.889697
0.3041189 0.6735886 3.867038
0.2864507 0.4599565 3.807806
0.264015 0.421637 3.815645
-0.01402642 0.3892648 3.864352
-0.01610325 0.03015692 3.914357
-0.0386737 -0.2840016 3.958364
-0.1150241 -0.288785 3.885056
0.1501227 0.3912516 3.859561
0.1607746 0.0323482 3.909568
0.1256006 -0.2608987 3.955277
0.2725514 -0.2910468 3.874944
0.07849096 0.9769135 3.916183
-0.1153529 0.3764514 3.812085
-0.09693677 0.4528594 3.784775
0.2370875 0.3300036 3.813755
0.2260786 0.4319648 3.784865
24
0.06865101 0.3844795 3.901151
0.07448378 0.7248685 3.914455
0.07964922 1.05995 3.913252
0.08596146 1.209232 3.905563
-0.1052823 0.9320351 3.89181
-0.154725 0.6801686 3.87088
-0.1388727 0.4636175 3.815774
-0.1346572 0.4312345 3.815144
0.2563373 0.933931 3.889697
0.3041189 0.6735886 3.867038
0.2864507 0.4599565 3.807806
0.264015 0.421637 3.815645
-0.01402642 0.3892648 3.864352
-0.01610325 0.03015692 3.914357
-0.0386737 -0.2840016 3.958364
-0.1150241 -0.288785 3.885056
0.1501227 0.3912516 3.859561
0.1607746 0.0323482 3.909568
0.1256006 -0.2608987 3.955277
0.2725514 -0.2910468 3.874944
0.07849096 0.9769135 3.916183
-0.1153529 0.3764514 3.812085
-0.09693677 0.4528594 3.784775
0.2370875 0.3300036 3.813755
0.2260786 0.4319648 3.784865
25
0.06865712 0.3844396 3.901182
0.07446947 0.7248531 3.914457
0.07961391 1.059934 3.913233
0.08592131 1.209207 3.905542
-0.1053126 0.9320306 3.89184
-0.1547415 0.6802011 3.870955
-0.1388059 0.4636044 3.815763
-0.1348772 0.4312609 3.81548
0.2563181 0.933934 3.889668
0.304119 0.6735854 3.867039
0.2861277 0.4599541 3.808007
0.2631749 0.4214953 3.816403
-0.01401972 0.3894975 3.864308
-0.0161579 0.03038039 3.914285
-0.03779743 -0.280712 3.959442
-0.1011894 -0.2866613 3.88808
0.1501369 0.3906305 3.859807
0.1607957 0.03167875 3.909637
0.1257631 -0.272689 3.95701
0.2096599 -0.2974427 3.86001
0.07846019 0.9768974 3.916171
-0.115375 0.3764924 3.811912
-0.09696501 0.4533792 3.785042
0.234542 0.3277947 3.813694
0.2248561 0.4318895 3.785316
26
0.06865712 0.3844396 3.901182
0.07446947 0.7248531 3.914457
0.07961391 1.059934 3.913233
0.08592131 1.209207 3.905542
-0.1053126 0.9320306 3.89184
-0.1547415 0.6802011 3.870955
-0.1388059 0.4636044 3.815763
-0.1348772 0.4312609 3.81548
0.2563181 0.933934 3.889668
0.304119 0.6735854 3.867039
0.2861277 0.4599541 3.808007
0.2631749 0.4214953 3.816403
-0.01401972 0.3894975 3.864308
-0.0161579 0.03038039 3.914285
-0.03779743 -0.280712 3.959442
-0.1011894 -0.2866613 3.88808
0.1501369 0.3906305 3.859807
0.1607957 0.03167875 3.909637
0.1257631 -0.272689 3.95701
0.2096599 -0.2974427 3.86001
0.07846019 0.9768974 3.916171
-0.115375 0.3764924 3.811912
-0.09696501 0.4533792 3.785042
0.234542 0.3277947 3.813694
0.2248561 0.4318895 3.785316
27
0.06865755 0.3844012 3.901219
0.07445277 0.7248363 3.91446
0.07957723 1.059916 3.913214
0.08587761 1.209182 3.90552
-0.1053447 0.9320227 3.891876
-0.1547628 0.6802601 3.871054
-0.1388183 0.4636962 3.815779
-0.1349729 0.4313788 3.815491
0.2562796 0.9339631 3.889607
0.3040947 0.6737723 3.866946
0.2857243 0.4601696 3.80831
0.262649 0.4212748 3.816871
-0.0140267 0.3898442 3.86427
-0.01621611 0.03069586 3.914161
-0.03707036 -0.2787586 3.961027
-0.09673192 -0.2855973 3.889322
0.1500975 0.3899502 3.86011
0.1606431 0.03092945 3.909746
0.1285911 -0.2628547 3.95887
0.2289661 -0.2884862 3.871075
0.07842784 0.9768798 3.916159
-0.1147546 0.3769967 3.810724
-0.09681892 0.4535065 3.785043
0.2333226 0.3255183 3.813812
0.2234055 0.4313509 3.785342
28
0.06865755 0.3844012 3.901219
0.07445277 0.7248363 3.91446
0.07957723 1.059916 3.913214
0.08587761 1.209182 3.90552
-0.1053447 0.9320227 3.891876
-0.1547628 0.6802601 3.871054
-0.1388183 0.4636962 3.815779
-0.1349729 0.4313788 3.815491
0.2562796 0.9339631 3.889607
0.3040947 0.6737723 3.866946
0.2857243 0.4601696 3.80831
0.262649 0.4212748 3.816871
-0.0140267 0.3898442 3.86427
-0.01621611 0.03069586 3.914161
-0.03707036 -0.2787586 3.961027
-0.09673192 -0.2855973 3.889322
0.1500975 0.3899502 3.86011
0.1606431 0.03092945 3.909746
0.1285911 -0.2628547 3.95887
0.2289661 -0.2884862 3.871075
0.07842784 0.9768798 3.916159
-0.1147546 0.3769967 3.810724
-0.09681892 0.4535065 3.785043
0.2333226 0.3255183 3.813812
0.2234055 0.4313509 3.785342
29
0.06865518 0.3843537 3.901265
0.07443145 0.724816 3.914469
0.07953671 1.059902 3.913208
0.08581715 1.209152 3.905497
-0.1054002 0.9320123 3.891944
-0.1547996 0.6803396 3.871196
-0.1389102 0.4638252 3.815834
-0.1350747 0.4313664 3.815728
0.2562321 0.9339985 3.889528
0.3038865 0.6740176 3.866594
0.285381 0.4602987 3.808464
0.262017 0.4211747 3.817067
-0.01403958 0.3901609 3.864253
-0.01622283 0.03097797 3.914081
-0.03688136 -0.2784171 3.96212
-0.1002975 -0.2856891 3.888013
0.1500504 0.3892983 3.860399
0.1604926 0.03020892 3.909835
0.1281584 -0.2779222 3.96236
0.1919096 -0.2984762 3.881026
0.07839099 0.9768635 3.916158
-0.1146978 0.3769346 3.812545
-0.0970201 0.4534701 3.785187
0.2325947 0.3239779 3.813836
0.2173408 0.4179786 3.784065
30
0.06865518 0.3843537 3.901265
0.07443145 0.724816 3.914469
0.07953671 1.059902 3.913208
0.08581715 1.209152 3.905497
-0.1054002 0.9320123 3.891944
-0.1547996 0.6803396 3.871196
-0.1389102 0.4638252 3.815834
-0.1350747 0.4313664 3.815728
0.2562321 0.9339985 3.889528
0.3038865 0.6740176 3.866594
0.285381 0.4602987 3.808464
0.262017 0.4211747 3.817067
-0.01403958 0.3901609 3.864253
-0.01622283 0.03097797 3.914081
-0.03688136 -0.2784171 3.96212
-0.1002975 -0.2856891 3.888013
0.1500504 0.3892983 3.860399
0.1604926 0.03020892 3.909835
0.1281584 -0.2779222 3.96236
0.1919096 -0.2984762 3.881026
0.07839099 0.9768635 3.916158
-0.1146978 0.3769346 3.812545
-0.0970201 0.4534701 3.785187
0.2325947 0.3239779 3.813836
0.2173408 0.4179786 3.784065
31
0.06865212 0.3842987 3.901316
0.07440992 0.7247943 3.914479
0.07949886 1.059888 3.9132
0.08570942 1.209131 3.905457
-0.1054705 0.9319924 3.892027
-0.154801 0.6794868 3.871364
-0.1391005 0.4633159 3.81584
-0.1349407 0.430562 3.816145
0.2561793 0.934058 3.889375
0.3019038 0.6758893 3.863401
0.2833008 0.4619083 3.806099
0.2614574 0.4233781 3.814566
-0.01405193 0.3904297 3.864254
-0.01621544 0.03121606 3.91403
-0.03674017 -0.278523 3.962981
-0.1060587 -0.2859969 3.886625
0.1500063 0.3887043 3.860653
0.1603847 0.02955821 3.909904
0.1306102 -0.2671669 3.962784
0.2197628 -0.2919526 3.873902
0.07835598 0.9768475 3.916155
-0.1142571 0.3764941 3.812517
-0.0970764 0.4493375 3.784388
0.2411776 0.3586337 3.80971
0.217531 0.4259254 3.781787
32
0.06865212 0.3842987 3.901316
0.07440992 0.7247943 3.914479
0.07949886 1.059888 3.9132
0.08570942 1.209131 3.905457
-0.1054705 0.9319924 3.892027
-0.154801 0.6794868 3.871364
-0.1391005 0.4633159 3.81584
-0.1349407 0.430562 3.816145
0.2561793 0.934058 3.889375
0.3019038 0.6758893 3.863401
0.2833008 0.4619083 3.806099
0.2614574 0.4233781 3.814566
-0.01405193 0.3904297 3.864254
-0.01621544 0.03121606 3.91403
-0.03674017 -0.278523 3.962981
-0.1060587 -0.2859969 3.886625
0.1500063 0.3887043 3.860653
0.1603847 0.02955821 3.909904
0.1306102 -0.2671669 3.962784
0.2197628 -0.2919526 3.873902
0.07835598 0.9768475 3.916155
-0.1142571 0.3764941 3.812517
-0.0970764 0.4493375 3.784388
0.2411776 0.3586337 3.80971
0.217531 0.4259254 3.781787
33
0.06864203 0.3842567 3.90136
0.07438523 0.7247753 3.914491
0.07945913 1.059878 3.913198
0.08553391 1.209101 3.905432
-0.1055724 0.931928 3.89216
-0.1548511 0.6789651 3.871651
-0.1392559 0.4630771 3.815892
-0.1350236 0.4304356 3.81634
0.2560477 0.9341704 3.889053
0.297196 0.6825096 3.8539
0.2808948 0.4742214 3.781197
0.2566503 0.4472577 3.796541
-0.01408129 0.390666 3.864275
-0.01620411 0.03141495 3.913994
-0.03900939 -0.2835765 3.958107
-0.113558 -0.2883697 3.885342
0.1499578 0.3883784 3.860768
0.1603291 0.02921708 3.909953
0.1318822 -0.2596628 3.962582
0.2436492 -0.2864529 3.875943
0.07831852 0.9768344 3.916157
-0.1115562 0.3767947 3.807463
-0.09733941 0.4487108 3.78435
0.2459295 0.372324 3.807102
0.2089287 0.4385355 3.774707
34
0.06864203 0.3842567 3.90136
0.07438523 0.7247753 3.914491
0.07945913 1.059878 3.913198
0.08553391 1.209101 3.905432
-0.1055724 0.931928 3.89216
-0.1548511 0.6789651 3.871651
-0.1392559 0.4630771 3.815892
-0.1350236 0.4304356 3.81634
0.2560477 0.9341704 3.889053
0.297196 0.6825096 3.8539
0.2808948 0.4742214 3.781197
0.2566503 0.4472577 3.796541
-0.01408129 0.390666 3.864275
-0.01620411 0.03141495 3.913994
-0.03900939 -0.2835765 3.958107
-0.113558 -0.2883697 3.885342
0.1499578 0.3883784 3.860768
0.1603291 0.02921708 3.909953
0.1318822 -0.2596628 3.962582
0.2436492 -0.2864529 3.875943
0.07831852 0.9768344 3.916157
-0.1115562 0.3767947 3.807463
-0.09733941 0.4487108 3.78435
0.2459295 0.372324 3.807102
0.2089287 0.4385355 3.774707
35
0.06861059 0.3842051 3.901423
0.07432399 0.7247444 3.914533
0.07936466 1.059863 3.913239
0.08519169 1.209046 3.905479
-0.1058091 0.9317783 3.892512
-0.1548856 0.6785327 3.872041
-0.1395027 0.4628481 3.816109
-0.1349257 0.4301858 3.817413
0.2557599 0.9342363 3.888461
0.2914484 0.6993586 3.835202
0.2774228 0.4889929 3.763256
0.2513632 0.4529461 3.777004
-0.01414496 0.3908352 3.864368
-0.01619133 0.03152334 3.913979
-0.03901047 -0.2902876 3.957798
-0.1165575 -0.2940344 3.889897
0.1498924 0.3881286 3.860854
0.1602926 0.02897086 3.909997
0.1325929 -0.256954 3.962845
0.2547631 -0.2846242 3.877173
0.07823003 0.9768128 3.916198
-0.1108562 0.3764351 3.808481
-0.09765003 0.448168 3.785612
0.2460221 0.3810638 3.788997
0.2022818 0.4523195 3.77224
36
0.06861059 0.3842051 3.901423
0.07432399 0.7247444 3.914533
0.07936466 1.059863 3.913239
0.08519169 1.209046 3.905479
-0.1058091 0.9317783 3.892512
-0.1548856 0.6785327 3.872041
-0.1395027 0.4628481 3.816109
-0.1349257 0.4301858 3.817413
0.2557599 0.9342363 3.888461
0.2914484 0.6993586 3.835202
0.2774228 0.4889929 3.763256
0.2513632 0.4529461 3.777004
-0.01414496 0.3908352 3.864368
-0.01619133 0.03152334 3.913979
-0.03901047 -0.2902876 3.957798
-0.1165575 -0.2940344 3.889897
0.1498924 0.3881286 3.860854
0.1602926 0.02897086 3.909997
0.1325929 -0.256954 3.962845
0.2547631 -0.2846242 3.877173
0.07823003 0.9768128 3.916198
-0.1108562 0.3764351 3.808481
-0.09765003 0.448168 3.785612
0.2460221 0.3810638 3.788997
0.2022818 0.4523195 3.77224
37
0.06853214 0.3841662 3.901497
0.07423825 0.7247133 3.914593
0.07925434 1.059842 3.913313
0.08471633 1.208978 3.905616
-0.106153 0.9315349 3.893006
-0.1549048 0.6779866 3.872541
-0.140028 0.4623107 3.816931
-0.1346399 0.4289415 3.819115
0.2551505 0.9344598 3.887434
0.2865514 0.7168538 3.81793
0.2698604 0.5215371 3.712605
0.2523309 0.4784524 3.727613
-0.01425621 0.3909861 3.864509
-0.01611759 0.03162382 3.913997
-0.03945988 -0.2950033 3.957939
-0.109156 -0.2994234 3.88806
0.1497404 0.3879822 3.860889
0.160278 0.02882141 3.910022
0.1318003 -0.2536737 3.964125
0.2591837 -0.2830313 3.877885
0.07812358 0.9767877 3.916266
-0.109716 0.3757028 3.808882
-0.09701 0.448034 3.787804
0.2523061 0.4226054 3.736666
0.2022789 0.4633823 3.769022
38
0.06853214 0.3841662 3.901497
0.07423825 0.7247133 3.914593
0.07925434 1.059842 3.913313
0.08471633 1.208978 3.905616
-0.106153 0.9315349 3.893006
-0.1549048 0.6779866 3.872541
-0.140028 0.4623107 3.816931
-0.1346399 0.4289415 3.819115
0.2551505 0.9344598 3.887434
0.2865514 0.7168538 3.81793
0.2698604 0.5215371 3.712605
0.2523309 0.4784524 3.727613
-0.01425621 0.3909861 3.864509
-0.01611759 0.03162382 3.913997
-0.03945988 -0.2950033 3.957939
-0.109156 -0.2994234 3.88806
0.1497404 0.3879822 3.860889
0.160278 0.02882141 3.910022
0.1318003 -0.2536737 3.964125
0.2591837 -0.2830313 3.877885
0.07812358 0.9767877 3.916266
-0.109716 0.3757028 3.808882
-0.09701 0.448034 3.787804
0.2523061 0.4226054 3.736666
0.2022789 0.4633823 3.769022
39
0.06842932 0.3841439 3.901571
0.07412595 0.7246929 3.914682
0.0790947 1.059837 3.913506
0.08372431 1.208935 3.906059
-0.1066851 0.9312316 3.893767
-0.154824 0.6776128 3.87329
-0.1405724 0.4620411 3.817802
-0.1346878 0.4286824 3.820095
0.2542233 0.9349204 3.885683
0.2822063 0.7227483 3.810126
0.2658999 0.5656626 3.644376
0.2566012 0.5043455 3.659692
-0.01438889 0.3911161 3.864671
-0.01600368 0.03170682 3.91402
-0.03961154 -0.2971554 3.958381
-0.1016894 -0.3019808 3.889573
0.1495175 0.3879562 3.86086
0.1602972 0.02876834 3.910029
0.1310701 -0.2517394 3.964736
0.2623487 -0.2820952 3.879222
0.07797483 0.9767761 3.91642
-0.1092989 0.3750805 3.810697
-0.09700642 0.4478592 3.788532
0.2620647 0.4497107 3.674851
0.2685997 0.4764679 3.68189
40
0.06842932 0.3841439 3.901571
0.07412595 0.7246929 3.914682
0.0790947 1.059837 3.913506
0.08372431 1.208935 3.906059
-0.1066851 0.9312316 3.893767
-0.154824 0.6776128 3.87329
-0.1405724 0.4620411 3.817802
-0.1346878 0.4286824 3.820095
0.2542233 0.9349204 3.885683
0.2822063 0.7227483 3.810126
0.2658999 0.5656626 3.644376
0.2566012 0.5043455 3.659692
-0.01438889 0.3911161 3.864671
-0.01600368 0.03170682 3.91402
-0.03961154 -0.2971554 3.958381
-0.1016894 -0.3019808 3.889573
0.1495175 0.3879562 3.86086
0.1602972 0.02876834 3.910029
0.1310701 -0.2517394 3.964736
0.2623487 -0.2820952 3.879222
0.07797483 0.9767761 3.91642
-0.1092989 0.3750805 3.810697
-0.09700642 0.4478592 3.788532
0.2620647 0.4497107 3.674851
0.2685997 0.4764679 3.68189
41
0.06830616 0.3841379 3.901656
0.07399474 0.724707 3.914831
0.07893899 1.059934 3.913923
0.08238488 1.208969 3.906696
-0.1072355 0.9308873 3.89454
-0.154712 0.677396 3.874111
-0.1411337 0.461924 3.818825
-0.1344431 0.4283748 3.821064
0.2525129 0.9356538 3.883027
0.2907936 0.7593892 3.74812
0.2557879 0.6081396 3.572044
0.2551057 0.5604748 3.579309
-0.01456872 0.3912372 3.864942
-0.01573549 0.03175421 3.914011
-0.03946636 -0.2950585 3.958738
-0.1079536 -0.3002802 3.884246
0.1492458 0.3880356 3.860777
0.1604261 0.02886127 3.91004
0.1309829 -0.2533583 3.963896
0.2664963 -0.2833948 3.880581
0.07781845 0.9768416 3.916739
-0.1103202 0.3741055 3.816193
-0.09757749 0.4442923 3.790308
0.2580109 0.5052533 3.585199
0.2872007 0.5332357 3.582447
42
0.06830616 0.3841379 3.901656
0.07399474 0.724707 3.914831
0.07893899 1.059934 3.913923
0.08238488 1.208969 3.906696
-0.1072355 0.9308873 3.89454
-0.154712 0.677396 3.874111
-0.1411337 0.461924 3.818825
-0.1344431 0.4283748 3.821064
0.2525129 0.9356538 3.883027
0.2907936 0.7593892 3.74812
0.2557879 0.6081396 3.572044
0.2551057 0.5604748 3.579309
-0.01456872 0.3912372 3.864942
-0.01573549 0.03175421 3.914011
-0.03946636 -0.2950585 3.958738
-0.1079536 -0.3002802 3.884246
0.1492458 0.3880356 3.860777
0.1604261 0.02886127 3.91004
0.1309829 -0.2533583 3.963896
0.2664963 -0.2833948 3.880581
0.07781845 0.9768416 3.916739
-0.1103202 0.3741055 3.816193
-0.09757749 0.4442923 3.790308
0.2580109 0.5052533 3.585199
0.2872007 0.5332357 3.582447
43
0.06816344 0.3841901 3.901812
0.07385202 0.7247538 3.915081
0.07879832 1.060034 3.914475
0.08093092 1.209072 3.90757
-0.107812 0.9305525 3.895324
-0.1545815 0.6772029 3.874893
-0.1416818 0.4617986 3.819875
-0.1341577 0.4280493 3.822923
0.2511672 0.9362763 3.880925
0.3026313 0.8097529 3.685668
0.2357417 0.6740777 3.501795
0.2499571 0.6251016 3.491752
-0.01478274 0.3914974 3.865507
-0.01542747 0.03182704 3.913933
-0.03948214 -0.2886288 3.960511
-0.09593673 -0.2960636 3.880205
0.1489921 0.3881692 3.860707
0.1605899 0.02903774 3.91008
0.1311623 -0.2545826 3.963663
0.2676868 -0.2853222 3.875934
0.07766837 0.9769204 3.917185
-0.1111903 0.3731251 3.822031
-0.09818876 0.4241531 3.791578
0.2537802 0.5839242 3.478007
0.2956127 0.618403 3.475
44
0.06816344 0.3841901 3.901812
0.07385202 0.7247538 3.915081
0.07879832 1.060034 3.914475
0.08093092 1.209072 3.90757
-0.107812 0.9305525 3.895324
-0.1545815 0.6772029 3.874893
-0.1416818 0.4617986 3.819875
-0.1341577 0.4280493 3.822923
0.2511672 0.9362763 3.880925
0.3026313 0.8097529 3.685668
0.2357417 0.6740777 3.501795
0.2499571 0.6251016 3.491752
-0.01478274 0.3914974 3.865507
-0.01542747 0.03182704 3.913933
-0.03948214 -0.2886288 3.960511
-0.09593673 -0.2960636 3.880205
0.1489921 0.3881692 3.860707
0.1605899 0.02903774 3.91008
0.1311623 -0.2545826 3.963663
0.2676868 -0.2853222 3.875934
0.07766837 0.9769204 3.917185
-0.1111903 0.3731251 3.822031
-0.09818876 0.4241531 3.791578
0.2537802 0.5839242 3.478007
0.2956127 0.618403 3.475
45
0.06806192 0.3843013 3.902013
0.07371539 0.7248814 3.915514
0.07861093 1.060251 3.915526
0.07939446 1.209125 3.908686
-0.1083425 0.9302618 3.896096
-0.1545178 0.676957 3.875592
-0.1421192 0.461602 3.82075
-0.1340053 0.4278859 3.823514
0.2499006 0.9370206 3.879317
0.3101372 0.8714445 3.637718
0.2281818 0.7624973 3.438196
0.2417713 0.7247279 3.413212
-0.01493916 0.3917679 3.866142
-0.01467214 0.03192482 3.91383
-0.03857309 -0.2866455 3.963292
-0.1178508 -0.2898376 3.904425
0.1488393 0.3884467 3.860654
0.1610309 0.02951425 3.910167
0.1310285 -0.2548701 3.963132
0.2689482 -0.2858162 3.875098
0.07748847 0.9771078 3.918034
-0.1116502 0.3729182 3.823647
-0.09756573 0.4125817 3.791024
0.2449447 0.6925917 3.373832
0.2863489 0.7342635 3.393122
46
0.06806192 0.3843013 3.902013
0.07371539 0.7248814 3.915514
0.07861093 1.060251 3.915526
0.07939446 1.209125 3.908686
-0.1083425 0.9302618 3.896096
-0.1545178 0.676957 3.875592
-0.1421192 0.461602 3.82075
-0.1340053 0.4278859 3.823514
0.2499006 0.9370206 3.879317
0.3101372 0.8714445 3.637718
0.2281818 0.7624973 3.438196
0.2417713 0.7247279 3.413212
-0.01493916 0.3917679 3.866142
-0.01467214 0.03192482 3.91383
-0.03857309 -0.2866455 3.963292
-0.1178508 -0.2898376 3.904425
0.1488393 0.3884467 3.860654
0.1610309 0.02951425 3.910167
0.1310285 -0.2548701 3.963132
0.2689482 -0.2858162 3.875098
0.07748847 0.9771078 3.918034
-0.1116502 0.3729182 3.823647
-0.09756573 0.4125817 3.791024
0.2449447 0.6925917 3.373832
0.2863489 0.7342635 3.393122
47
0.06812415 0.384773 3.90238
0.07356501 0.7251504 3.916103
0.0781847 1.060565 3.916879
0.07787672 1.20919 3.910048
-0.1088023 0.9300132 3.896764
-0.1544029 0.6769988 3.876352
-0.1424479 0.4617083 3.821514
-0.1337223 0.4280508 3.823669
0.2454632 0.9411741 3.876498
0.3118062 0.8937199 3.620089
0.2185228 0.8736378 3.396634
0.2311096 0.8485265 3.358752
-0.01491771 0.3923341 3.867098
-0.01372713 0.0321856 3.913574
-0.03835617 -0.2901677 3.955284
-0.123115 -0.2903178 3.904075
0.1490145 0.3894344 3.860498
0.1616396 0.03068031 3.910211
0.1305604 -0.258393 3.961735
0.2672496 -0.2884662 3.875462
0.07716078 0.9774035 3.919127
-0.1117124 0.3731183 3.824399
-0.0980629 0.4220026 3.791611
0.2303965 0.8250681 3.300736
0.2603537 0.8605212 3.337723
48
0.06812415 0.384773 3.90238
0.07356501 0.7251504 3.916103
0.0781847 1.060565 3.916879
0.07787672 1.20919 3.910048
-0.1088023 0.9300132 3.896764
-0.1544029 0.6769988 3.876352
-0.1424479 0.4617083 3.821514
-0.1337223 0.4280508 3.823669
0.2454632 0.9411741 3.876498
0.3118062 0.8937199 3.620089
0.2185228 0.8736378 3.396634
0.2311096 0.8485265 3.358752
-0.01491771 0.3923341 3.867098
-0.01372713 0.0321856 3.913574
-0.03835617 -0.2901677 3.955284
-0.123115 -0.2903178 3.904075
0.1490145 0.3894344 3.860498
0.1616396 0.03068031 3.910211
0.1305604 -0.258393 3.961735
0.2672496 -0.2884662 3.875462
0.07716078 0.9774035 3.919127
-0.1117124 0.3731183 3.824399
-0.0980629 0.4220026 3.791611
0.2303965 0.8250681 3.300736
0.2603537 0.8605212 3.337723
49
0.06846996 0.3853072 3.902803
0.07346604 0.7254619 3.916739
0.07769084 1.060957 3.918285
0.07662811 1.209258 3.911238
-0.10918 0.9298072 3.897328
-0.1542882 0.677161 3.877058
-0.1427327 0.4619231 3.82219
-0.1334501 0.4282939 3.82366
0.2380289 0.9482677 3.874653
0.3109523 0.9090145 3.611273
0.2196237 0.8434098 3.423141
0.218754 0.8821173 3.379583
-0.01454623 0.392759 3.868164
-0.01291731 0.03230366 3.913463
-0.0384167 -0.2887187 3.955867
-0.1252251 -0.2888715 3.902509
0.1496638 0.3906823 3.860265
0.162177 0.03199916 3.910412
0.1293373 -0.2673846 3.962763
0.2190323 -0.2939323 3.867208
0.07681026 0.9777591 3.920268
-0.112275 0.373649 3.825575
-0.09744927 0.4208332 3.790912
0.2200878 0.871385 3.283339
0.2473692 0.9080669 3.320389
50
0.06846996 0.3853072 3.902803
0.07346604 0.7254619 3.916739
0.07769084 1.060957 3.918285
0.07662811 1.209258 3.911238
-0.10918 0.9298072 3.897328
-0.1542882 0.677161 3.877058
-0.1427327 0.4619231 3.82219
-0.1334501 0.4282939 3.82366
0.2380289 0.9482677 3.874653
0.3109523 0.9090145 3.611273
0.2196237 0.8434098 3.423141
0.218754 0.8821173 3.379583
-0.01454623 0.392759 3.868164
-0.01291731 0.03230366 3.913463
-0.0384167 -0.2887187 3.955867
-0.1252251 -0.2888715 3.902509
0.1496638 0.3906823 3.860265
0.162177 0.03199916 3.910412
0.1293373 -0.2673846 3.962763
0.2190323 -0.2939323 3.867208
0.07681026 0.9777591 3.920268
-0.112275 0.373649 3.825575
-0.09744927 0.4208332 3.790912
0.2200878 0.871385 3.283339
0.2473692 0.9080669 3.320389
51
0.06882946 0.3857903 3.903196
0.07338019 0.7257507 3.917339
0.07718482 1.061294 3.919548
0.07559294 1.209297 3.912497
-0.1094692 0.9296527 3.897781
-0.1541301 0.6777467 3.877577
-0.1428809 0.4624918 3.822733
-0.1327676 0.4289568 3.823053
0.2324313 0.9531997 3.873376
0.3317861 0.9832051 3.633195
0.2520416 0.9131098 3.431026
0.2442942 0.895497 3.38221
-0.0141602 0.3929347 3.869116
-0.01199288 0.03223568 3.913377
-0.03749824 -0.2879247 3.955478
-0.1264141 -0.2879609 3.901337
0.1503178 0.3918496 3.860057
0.1628413 0.03328039 3.910619
0.1291634 -0.2676022 3.962441
0.2220592 -0.2951068 3.863117
0.07645153 0.978073 3.921317
-0.1122358 0.3744923 3.825501
-0.09460333 0.4349469 3.790351
0.244755 0.863174 3.315938
0.2650934 0.8999782 3.352273
52
0.06882946 0.3857903 3.903196
0.07338019 0.7257507 3.917339
0.07718482 1.061294 3.919548
0.07559294 1.209297 3.912497
-0.1094692 0.9296527 3.897781
-0.1541301 0.6777467 3.877577
-0.1428809 0.4624918 3.822733
-0.1327676 0.4289568 3.823053
0.2324313 0.9531997 3.873376
0.3317861 0.9832051 3.633195
0.2520416 0.9131098 3.431026
0.2442942 0.895497 3.38221
-0.0141602 0.3929347 3.869116
-0.01199288 0.03223568 3.913377
-0.03749824 -0.2879247 3.955478
-0.1264141 -0.2879609 3.901337
0.1503178 0.3918496 3.860057
0.1628413 0.03328039 3.910619
0.1291634 -0.2676022 3.962441
0.2220592 -0.2951068 3.863117
0.07645153 0.978073 3.921317
-0.1122358 0.3744923 3.825501
-0.09460333 0.4349469 3.790351
0.244755 0.863174 3.315938
0.2650934 0.8999782 3.352273
53
0.06923127 0.386262 3.903567
0.07332696 0.726032 3.917891
0.07675777 1.061583 3.920592
0.07494698 1.209366 3.91362
-0.1095242 0.9295384 3.898067
-0.1539809 0.6783425 3.877997
-0.1428456 0.4631644 3.82297
-0.1322522 0.4303143 3.820672
0.2286436 0.9566227 3.872566
0.2995326 1.09438 3.672305
0.2526585 1.037579 3.453631
0.2289623 1.164432 3.459462
-0.01374055 0.3930109 3.869937
-0.01114434 0.03210702 3.913316
-0.03681724 -0.2922186 3.956119
-0.1203966 -0.2928686 3.901063
0.1510933 0.3931714 3.859897
0.1644222 0.03503784 3.910959
0.128959 -0.264234 3.961654
0.2327038 -0.2928706 3.865176
0.07614648 0.9783511 3.922209
-0.1129687 0.3763185 3.823838
-0.09423483 0.4495416 3.787976
0.2142556 1.174622 3.415006
0.2413658 1.164745 3.447244
54
0.06923127 0.386262 3.903567
0.07332696 0.726032 3.917891
0.07675777 1.061583 3.920592
0.07494698 1.209366 3.91362
-0.1095242 0.9295384 3.898067
-0.1539809 0.6783425 3.877997
-0.1428456 0.4631644 3.82297
-0.1322522 0.4303143 3.820672
0.2286436 0.9566227 3.872566
0.2995326 1.09438 3.672305
0.2526585 1.037579 3.453631
0.2289623 1.164432 3.459462
-0.01374055 0.3930109 3.869937
-0.01114434 0.03210702 3.913316
-0.03681724 -0.2922186 3.956119
-0.1203966 -0.2928686 3.901063
0.1510933 0.3931714 3.859897
0.1644222 0.03503784 3.910959
0.128959 -0.264234 3.961654
0.2327038 -0.2928706 3.865176
0.07614648 0.9783511 3.922209
-0.1129687 0.3763185 3.823838
-0.09423483 0.4495416 3.787976
0.2142556 1.174622 3.415006
0.2413658 1.164745 3.447244
55
0.07025081 0.3872469 3.904054
0.07345985 0.7264092 3.918349
0.07656194 1.061785 3.921168
0.07453386 1.209451 3.914529
-0.1095101 0.9294508 3.89823
-0.1539592 0.6814877 3.877561
-0.1423786 0.4640824 3.822446
-0.1312964 0.4318076 3.817984
0.2256905 0.9606195 3.871593
0.2945805 1.17249 3.719628
0.2490171 1.238557 3.524467
0.2142834 1.323822 3.474616
-0.01301856 0.393121 3.870649
-0.01057903 0.03205176 3.913231
-0.03727415 -0.3040104 3.956545
-0.09652872 -0.3085931 3.88447
0.1529786 0.3960677 3.859984
0.1656828 0.0374064 3.910768
0.1288828 -0.2674813 3.962308
0.1851591 -0.2916681 3.859413
0.07602182 0.978578 3.922748
-0.1135274 0.3776353 3.822838
-0.09355038 0.4551875 3.786791
0.1908226 1.348302 3.417139
0.2291882 1.331104 3.446655
56
0.07025081 0.3872469 3.904054
0.07345985 0.7264092 3.918349
0.07656194 1.061785 3.921168
0.07453386 1.209451 3.914529
-0.1095101 0.9294508 3.89823
-0.1539592 0.6814877 3.877561
-0.1423786 0.4640824 3.822446
-0.1312964 0.4318076 3.817984
0.2256905 0.9606195 3.871593
0.2945805 1.17249 3.719628
0.2490171 1.238557 3.524467
0.2142834 1.323822 3.474616
-0.01301856 0.393121 3.870649
-0.01057903 0.03205176 3.913231
-0.03727415 -0.3040104 3.956545
-0.09652872 -0.3085931 3.88447
0.1529786 0.3960677 3.859984
0.1656828 0.0374064 3.910768
0.1288828 -0.2674813 3.962308
0.1851591 -0.2916681 3.859413
0.07602182 0.978578 3.922748
-0.1135274 0.3776353 3.822838
-0.09355038 0.4551875 3.786791
0.1908226 1.348302 3.417139
0.2291882 1.331104 3.446655
57
0.07298949 0.3896269 3.904324
0.07409316 0.7271053 3.918664
0.07648174 1.061926 3.921514
0.07436246 1.209533 3.915324
-0.1094511 0.9293978 3.898313
-0.153712 0.6850145 3.876849
-0.141708 0.4650894 3.821439
-0.1309537 0.4329029 3.815638
0.2234288 0.9681764 3.869903
0.2751394 1.225463 3.748186
0.2420068 1.395249 3.580108
0.2080368 1.446902 3.544628
-0.01113314 0.393848 3.870968
-0.01024682 0.03226254 3.913064
-0.03723403 -0.3058081 3.955374
-0.09417886 -0.3106964 3.879992
0.1566115 0.4004979 3.860018
0.1663172 0.04040341 3.90993
0.1291116 -0.2691431 3.962862
0.2192225 -0.294304 3.87906
0.07603917 0.9787815 3.923075
-0.1149272 0.3789998 3.821301
-0.09318949 0.4587007 3.786005
0.1891668 1.49517 3.501969
0.2312926 1.447715 3.514515
58
0.07298949 0.3896269 3.904324
0.07409316 0.7271053 3.918664
0.07648174 1.061926 3.921514
0.07436246 1.209533 3.915324
-0.1094511 0.9293978 3.898313
-0.153712 0.6850145 3.876849
-0.141708 0.4650894 3.821439
-0.1309537 0.4329029 3.815638
0.2234288 0.9681764 3.869903
0.2751394 1.225463 3.748186
0.2420068 1.395249 3.580108
0.2080368 1.446902 3.544628
-0.01113314 0.393848 3.870968
-0.01024682 0.03226254 3.913064
-0.03723403 -0.3058081 3.955374
-0.09417886 -0.3106964 3.879992
0.1566115 0.4004979 3.860018
0.1663172 0.04040341 3.90993
0.1291116 -0.2691431 3.962862
0.2192225 -0.294304 3.87906
0.07603917 0.9787815 3.923075
-0.1149272 0.3789998 3.821301
-0.09318949 0.4587007 3.786005
0.1891668 1.49517 3.501969
0.2312926 1.447715 3.514515
59
0.0748359 0.3921763 3.904383
0.0747802 0.7279385 3.91877
0.07667821 1.062107 3.921486
0.07441619 1.209599 3.915996
-0.1092079 0.9295207 3.898203
-0.1534982 0.6877921 3.876164
-0.1410708 0.4660915 3.820351
-0.1309966 0.4344836 3.812737
0.222005 0.9791966 3.867932
0.2728233 1.244554 3.763436
0.2335304 1.462735 3.642016
0.2108449 1.517075 3.614244
-0.009574775 0.3947208 3.871073
-0.00996372 0.03270596 3.912819
-0.03812117 -0.2994768 3.955214
-0.09856515 -0.3039148 3.880295
0.1583077 0.4049775 3.859884
0.1670109 0.04440794 3.908357
0.1301984 -0.2643343 3.962346
0.1962907 -0.2886648 3.868276
0.07625449 0.9790511 3.923131
-0.1161086 0.3807822 3.819974
-0.09303281 0.4625295 3.784312
0.1996035 1.574502 3.573019
0.2356418 1.52659 3.580193
60
0.0748359 0.3921763 3.904383
0.0747802 0.7279385 3.91877
0.07667821 1.062107 3.921486
0.07441619 1.209599 3.915996
-0.1092079 0.9295207 3.898203
-0.1534982 0.6877921 3.876164
-0.1410708 0.4660915 3.820351
-0.1309966 0.4344836 3.812737
0.222005 0.9791966 3.867932
0.2728233 1.244554 3.763436
0.2335304 1.462735 3.642016
0.2108449 1.517075 3.614244
-0.009574775 0.3947208 3.871073
-0.00996372 0.03270596 3.912819
-0.03812117 -0.2994768 3.955214
-0.09856515 -0.3039148 3.880295
0.1583077 0.4049775 3.859884
0.1670109 0.04440794 3.908357
0.1301984 -0.2643343 3.962346
0.1962907 -0.2886648 3.868276
0.07625449 0.9790511 3.923131
-0.1161086 0.3807822 3.819974
-0.09303281 0.4625295 3.784312
0.1996035 1.574502 3.573019
0.2356418 1.52659 3.580193
61
0.07600939 0.3945057 3.904257
0.07546133 0.7289873 3.918535
0.07727119 1.0625 3.920521
0.0749085 1.209799 3.916407
-0.1085149 0.9297689 3.897479
-0.153196 0.6898505 3.875384
-0.14037 0.4671453 3.818961
-0.1308673 0.4355665 3.811165
0.2213483 0.9862258 3.867004
0.2704768 1.289673 3.783178
0.2386267 1.499928 3.696433
0.2188581 1.568398 3.676323
-0.008379001 0.3955745 3.87101
-0.009764303 0.03330505 3.912499
-0.03938816 -0.29386 3.955693
-0.1039796 -0.2978061 3.881503
0.1589992 0.4088331 3.859589
0.1672808 0.04810034 3.90643
0.1316943 -0.2557287 3.961167
0.2268502 -0.2854806 3.857888
0.076755 0.9795756 3.922518
-0.1170044 0.3818278 3.819676
-0.0928914 0.4643273 3.7838
0.210221 1.635172 3.654797
0.2488702 1.579894 3.645137
62
0.07600939 0.3945057 3.904257
0.07546133 0.7289873 3.918535
0.07727119 1.0625 3.920521
0.0749085 1.209799 3.916407
-0.1085149 0.9297689 3.897479
-0.153196 0.6898505 3.875384
-0.14037 0.4671453 3.818961
-0.1308673 0.4355665 3.811165
0.2213483 0.9862258 3.867004
0.2704768 1.289673 3.783178
0.2386267 1.499928 3.696433
0.2188581 1.568398 3.676323
-0.008379001 0.3955745 3.87101
-0.009764303 0.03330505 3.912499
-0.03938816 -0.29386 3.955693
-0.1039796 -0.2978061 3.881503
0.1589992 0.4088331 3.859589
0.1672808 0.04810034 3.90643
0.1316943 -0.2557287 3.961167
0.2268502 -0.2854806 3.857888
0.076755 0.9795756 3.922518
-0.1170044 0.3818278 3.819676
-0.0928914 0.4643273 3.7838
0.210221 1.635172 3.654797
0.2488702 1.579894 3.645137
63
0.0765943 0.3977095 3.903768
0.07618549 0.7304946 3.917619
0.07853428 1.062903 3.9173
0.07608139 1.210397 3.916278
-0.1078074 0.9302256 3.896621
-0.1528902 0.6914481 3.874613
-0.1398125 0.4680382 3.817656
-0.1307504 0.4363697 3.81021
0.2218431 0.9974983 3.86691
0.2717077 1.316473 3.79639
0.2398518 1.544576 3.742958
0.223562 1.603507 3.740014
-0.007344441 0.3972133 3.870455
-0.00955092 0.03492421 3.911678
-0.04175358 -0.2898839 3.957844
-0.1036235 -0.2929666 3.892997
0.1587024 0.413219 3.85913
0.1668171 0.05232402 3.903463
0.1318967 -0.2553403 3.961752
0.2463383 -0.2864813 3.865943
0.07772071 0.9803399 3.920289
-0.1174402 0.3824625 3.819525
-0.09527518 0.4627753 3.780754
0.2170457 1.666321 3.726671
0.2558804 1.621287 3.717283
64
0.0765943 0.3977095 3.903768
0.07618549 0.7304946 3.917619
0.07853428 1.062903 3.9173
0.07608139 1.210397 3.916278
-0.1078074 0.9302256 3.896621
-0.1528902 0.6914481 3.874613
-0.1398125 0.4680382 3.817656
-0.1307504 0.4363697 3.81021
0.2218431 0.9974983 3.86691
0.2717077 1.316473 3.79639
0.2398518 1.544576 3.742958
0.223562 1.603507 3.740014
-0.007344441 0.3972133 3.870455
-0.00955092 0.03492421 3.911678
-0.04175358 -0.2898839 3.957844
-0.1036235 -0.2929666 3.892997
0.1587024 0.413219 3.85913
0.1668171 0.05232402 3.903463
0.1318967 -0.2553403 3.961752
0.2463383 -0.2864813 3.865943
0.07772071 0.9803399 3.920289
-0.1174402 0.3824625 3.819525
-0.09527518 0.4627753 3.780754
0.2170457 1.666321 3.726671
0.2558804 1.621287 3.717283
65
0.07723835 0.401302 3.903416
0.07703674 0.7323821 3.916467
0.07971191 1.063449 3.914146
0.07737414 1.210993 3.91586
-0.1068649 0.9311333 3.895278
-0.1526172 0.6926097 3.873995
-0.1394259 0.4688478 3.816535
-0.130798 0.4370754 3.809855
0.2222477 1.004068 3.866983
0.2898268 1.299361 3.821367
0.2525683 1.523684 3.798546
0.2332882 1.613785 3.800938
-0.006273107 0.399276 3.869852
-0.009571261 0.03701094 3.910702
-0.04281149 -0.2842335 3.959727
-0.114131 -0.2876937 3.888698
0.1586371 0.4177086 3.859025
0.1651632 0.05666476 3.900093
0.1323847 -0.2542863 3.96244
0.2547408 -0.2861399 3.8679
0.07872193 0.98127 3.917888
-0.1168623 0.383453 3.818503
-0.09546283 0.4649096 3.781139
0.226563 1.67993 3.791756
0.2699709 1.62257 3.779003
66
0.07723835 0.401302 3.903416
0.07703674 0.7323821 3.916467
0.07971191 1.063449 3.914146
0.07737414 1.210993 3.91586
-0.1068649 0.9311333 3.895278
-0.1526172 0.6926097 3.873995
-0.1394259 0.4688478 3.816535
-0.130798 0.4370754 3.809855
0.2222477 1.004068 3.866983
0.2898268 1.299361 3.821367
0.2525683 1.523684 3.798546
0.2332882 1.613785 3.800938
-0.006273107 0.399276 3.869852
-0.009571261 0.03701094 3.910702
-0.04281149 -0.2842335 3.959727
-0.114131 -0.2876937 3.888698
0.1586371 0.4177086 3.859025
0.1651632 0.05666476 3.900093
0.1323847 -0.2542863 3.96244
0.2547408 -0.2861399 3.8679
0.07872193 0.98127 3.917888
-0.1168623 0.383453 3.818503
-0.09546283 0.4649096 3.781139
0.226563 1.67993 3.791756
0.2699709 1.62257 3.779003
67
0.07745625 0.4041092 3.903048
0.07765931 0.7342705 3.915194
0.08066825 1.064275 3.9111
0.07888122 1.211758 3.915012
-0.106042 0.9321305 3.893642
-0.1524142 0.6933908 3.873471
-0.1391564 0.4695268 3.815634
-0.1308566 0.4374858 3.809628
0.222562 1.008167 3.867073
0.2972825 1.299002 3.834069
0.260973 1.522917 3.83091
0.2409414 1.617303 3.849984
-0.0056604 0.4011202 3.869193
-0.009761815 0.03898396 3.909602
-0.043231 -0.2812611 3.961363
-0.1190786 -0.2851182 3.888454
0.1583667 0.4209086 3.858907
0.1634225 0.05975608 3.897359
0.132908 -0.2533619 3.962815
0.2618921 -0.2851961 3.870661
0.07956108 0.98241 3.915393
-0.1175876 0.3843189 3.816974
-0.09582638 0.465186 3.781088
0.2393305 1.687815 3.85108
0.2760572 1.630069 3.826562
68
0.07745625 0.4041092 3.903048
0.07765931 0.7342705 3.915194
0.08066825 1.064275 3.9111
0.07888122 1.211758 3.915012
-0.106042 0.9321305 3.893642
-0.1524142 0.6933908 3.873471
-0.1391564 0.4695268 3.815634
-0.1308566 0.4374858 3.809628
0.222562 1.008167 3.867073
0.2972825 1.299002 3.834069
0.260973 1.522917 3.83091
0.2409414 1.617303 3.849984
-0.0056604 0.4011202 3.869193
-0.009761815 0.03898396 3.909602
-0.043231 -0.2812611 3.961363
-0.1190786 -0.2851182 3.888454
0.1583667 0.4209086 3.858907
0.1634225 0.05975608 3.897359
0.132908 -0.2533619 3.962815
0.2618921 -0.2851961 3.870661
0.07956108 0.98241 3.915393
-0.1175876 0.3843189 3.816974
-0.09582638 0.465186 3.781088
0.2393305 1.687815 3.85108
0.2760572 1.630069 3.826562
69
0.07745625 0.4041092 3.903048
0.07765931 0.7342705 3.915194
0.08066825 1.064275 3.9111
0.07888122 1.211758 3.915012
-0.106042 0.9321305 3.893642
-0.1524142 0.6933908 3.873471
-0.1391564 0.4695268 3.815634
-0.1308566 0.4374858 3.809628
0.222562 1.008167 3.867073
0.2972825 1.299002 3.834069
0.260973 1.522917 3.83091
0.2409414 1.617303 3.849984
-0.0056604 0.4011202 3.869193
-0.009761815 0.03898396 3.909602
-0.043231 -0.2812611 3.961363
-0.1190786 -0.2851182 3.888454
0.1583667 0.4209086 3.858907
0.1634225 0.05975608 3.897359
0.132908 -0.2533619 3.962815
0.2618921 -0.2851961 3.870661
0.07956108 0.98241 3.915393
-0.1175876 0.3843189 3.816974
-0.09582638 0.465186 3.781088
0.2393305 1.687815 3.85108
0.2760572 1.630069 3.826562
70
0.07757608 0.4062403 3.902776
0.07838523 0.7360895 3.913849
0.0823198 1.065435 3.907357
0.08046148 1.212472 3.913934
-0.1050407 0.9333309 3.891597
-0.1522672 0.6939415 3.872981
-0.1390567 0.4699883 3.815114
-0.1311021 0.4378046 3.809845
0.222913 1.011059 3.86726
0.3016753 1.298607 3.8414
0.2701733 1.519421 3.862218
0.2517198 1.607829 3.886826
-0.005215257 0.4026472 3.868623
-0.01033462 0.0407111 3.908517
-0.04079473 -0.280369 3.960318
-0.1208835 -0.2841592 3.889732
0.1581424 0.4232273 3.85888
0.1617639 0.06194662 3.895164
0.1330616 -0.2560477 3.963895
0.2603198 -0.2884695 3.867033
0.08095477 0.9838121 3.912329
-0.1176148 0.3848223 3.816187
-0.09663148 0.4631886 3.782005
0.2450515 1.674473 3.890687
0.2901893 1.621754 3.862513
71
0.07759447 0.4084468 3.902101
0.07901677 0.7378365 3.912241
0.08351458 1.066265 3.904316
0.08210474 1.213192 3.912457
-0.1042537 0.9343015 3.88995
-0.1521986 0.6943401 3.872535
-0.1390681 0.4704423 3.814702
-0.1312481 0.4379842 3.809891
0.2232428 1.013077 3.867452
0.3043574 1.298709 3.845792
0.276019 1.513744 3.876547
0.2598086 1.597765 3.900245
-0.004750391 0.4065517 3.866001
-0.01124114 0.04486974 3.907079
-0.03548178 -0.279613 3.958905
-0.1223047 -0.2840008 3.890822
0.1579539 0.4248819 3.858808
0.16038 0.06347615 3.893557
0.1326821 -0.2654878 3.966444
0.2044789 -0.2929336 3.869856
0.08202517 0.984905 3.909633
-0.1186736 0.3852311 3.815755
-0.09803411 0.4580899 3.782051
0.2557465 1.661639 3.902374
0.2980028 1.618924 3.88626
72
0.07759447 0.4084468 3.902101
0.07901677 0.7378365 3.912241
0.08351458 1.066265 3.904316
0.08210474 1.213192 3.912457
-0.1042537 0.9343015 3.88995
-0.1521986 0.6943401 3.872535
-0.1390681 0.4704423 3.814702
-0.1312481 0.4379842 3.809891
0.2232428 1.013077 3.867452
0.3043574 1.298709 3.845792
0.276019 1.513744 3.876547
0.2598086 1.597765 3.900245
-0.004750391 0.4065517 3.866001
-0.01124114 0.04486974 3.907079
-0.03548178 -0.279613 3.958905
-0.1223047 -0.2840008 3.890822
0.1579539 0.4248819 3.858808
0.16038 0.06347615 3.893557
0.1326821 -0.2654878 3.966444
0.2044789 -0.2929336 3.869856
0.08202517 0.984905 3.909633
-0.1186736 0.3852311 3.815755
-0.09803411 0.4580899 3.782051
0.2557465 1.661639 3.902374
0.2980028 1.618924 3.88626
73
0.07753468 0.4100781 3.901554
0.07943073 0.7391648 3.910914
0.08424795 1.066826 3.902005
0.08369669 1.213681 3.910825
-0.103217 0.9354345 3.888005
-0.152162 0.6946239 3.872152
-0.1391394 0.4708092 3.814467
-0.1318316 0.4381032 3.811437
0.2235938 1.014469 3.86768
0.3061702 1.297419 3.847409
0.2797543 1.506068 3.877082
0.2646939 1.588756 3.89748
-0.004559486 0.4091952 3.864085
-0.01195275 0.0477195 3.906093
-0.03451132 -0.2791024 3.958975
-0.1225047 -0.2837426 3.892762
0.1577694 0.4260767 3.858761
0.1593097 0.06451081 3.892362
0.1332864 -0.2635733 3.966593
0.2147035 -0.2925939 3.866872
0.08270834 0.98568 3.907521
-0.1198304 0.3855245 3.816077
-0.09852622 0.4564791 3.782358
0.2652179 1.650712 3.893257
0.3015432 1.599695 3.86779
74
0.07753468 0.4100781 3.901554
0.07943073 0.7391648 3.910914
0.08424795 1.066826 3.902005
0.08369669 1.213681 3.910825
-0.103217 0.9354345 3.888005
-0.152162 0.6946239 3.872152
-0.1391394 0.4708092 3.814467
-0.1318316 0.4381032 3.811437
0.2235938 1.014469 3.86768
0.3061702 1.297419 3.847409
0.2797543 1.506068 3.877082
0.2646939 1.588756 3.89748
-0.004559486 0.4091952 3.864085
-0.01195275 0.0477195 3.906093
-0.03451132 -0.2791024 3.958975
-0.1225047 -0.2837426 3.892762
0.1577694 0.4260767 3.858761
0.1593097 0.06451081 3.892362
0.1332864 -0.2635733 3.966593
0.2147035 -0.2925939 3.866872
0.08270834 0.98568 3.907521
-0.1198304 0.3855245 3.816077
-0.09852622 0.4564791 3.782358
0.2652179 1.650712 3.893257
0.3015432 1.599695 3.86779
75
0.07753468 0.4100781 3.901554
0.07943073 0.7391648 3.910914
0.08424795 1.066826 3.902005
0.08369669 1.213681 3.910825
-0.103217 0.9354345 3.888005
-0.152162 0.6946239 3.872152
-0.1391394 0.4708092 3.814467
-0.1318316 0.4381032 3.811437
0.2235938 1.014469 3.86768
0.3061702 1.297419 3.847409
0.2797543 1.506068 3.877082
0.2646939 1.588756 3.89748
-0.004559486 0.4091952 3.864085
-0.01195275 0.0477195 3.906093
-0.03451132 -0.2791024 3.958975
-0.1225047 -0.2837426 3.892762
0.1577694 0.4260767 3.858761
0.1593097 0.06451081 3.892362
0.1332864 -0.2635733 3.966593
0.2147035 -0.2925939 3.866872
0.08270834 0.98568 3.907521
-0.1198304 0.3855245 3.816077
-0.09852622 0.4564791 3.782358
0.2652179 1.650712 3.893257
0.3015432 1.599695 3.86779
76
0.07734639 0.4113863 3.901049
0.07968201 0.7401848 3.909824
0.08472677 1.067197 3.900316
0.08502704 1.21396 3.909418
-0.1025004 0.9363501 3.88662
-0.1521706 0.694913 3.871837
-0.1392995 0.4711002 3.814384
-0.1324658 0.4382491 3.812531
0.2243292 1.015614 3.868129
0.3073203 1.292266 3.844878
0.281574 1.496113 3.860499
0.2658908 1.578532 3.86726
-0.004510672 0.4111529 3.86261
-0.01250516 0.04983722 3.905346
-0.03399526 -0.2794583 3.959335
-0.1219891 -0.2860476 3.884119
0.1574522 0.4270163 3.858709
0.1585847 0.06523928 3.891493
0.1340912 -0.2606776 3.966591
0.2321057 -0.2902009 3.870431
0.08316074 0.9862207 3.90593
-0.1198461 0.3858077 3.814706
-0.09880907 0.4555764 3.782495
0.264505 1.640271 3.866039
0.3029315 1.589797 3.845893
77
0.07734639 0.4113863 3.901049
0.07968201 0.7401848 3.909824
0.08472677 1.067197 3.900316
0.08502704 1.21396 3.909418
-0.1025004 0.9363501 3.88662
-0.1521706 0.694913 3.871837
-0.1392995 0.4711002 3.814384
-0.1324658 0.4382491 3.812531
0.2243292 1.015614 3.868129
0.3073203 1.292266 3.844878
0.281574 1.496113 3.860499
0.2658908 1.578532 3.86726
-0.004510672 0.4111529 3.86261
-0.01250516 0.04983722 3.905346
-0.03399526 -0.2794583 3.959335
-0.1219891 -0.2860476 3.884119
0.1574522 0.4270163 3.858709
0.1585847 0.06523928 3.891493
0.1340912 -0.2606776 3.966591
0.2321057 -0.2902009 3.870431
0.08316074 0.9862207 3.90593
-0.1198461 0.3858077 3.814706
-0.09880907 0.4555764 3.782495
0.264505 1.640271 3.866039
0.3029315 1.589797 3.845893
78
0.07706569 0.4124684 3.900555
0.07983771 0.7409729 3.908908
0.08506442 1.067432 3.89904
0.08614808 1.214182 3.908164
-0.1019881 0.9370264 3.885628
-0.1522327 0.6951591 3.871553
-0.1395575 0.4714012 3.814451
-0.13304 0.4386515 3.813232
0.2250428 1.016369 3.868578
0.3064763 1.292742 3.836602
0.2779581 1.501108 3.820073
0.2618516 1.578591 3.817193
-0.004577207 0.4127266 3.861356
-0.01286607 0.05150688 3.90473
-0.03370116 -0.2787149 3.960667
-0.1228053 -0.2864726 3.88168
0.1570556 0.4277279 3.858654
0.1580701 0.06575006 3.890864
0.1345972 -0.2601433 3.967041
0.2418516 -0.2898627 3.872947
0.08348078 0.9865931 3.904698
-0.1195757 0.3862571 3.809901
-0.09922843 0.4548956 3.782535
0.2604441 1.636552 3.818704
0.2984197 1.589233 3.799801
79
0.07672703 0.4133739 3.900027
0.07993045 0.7415724 3.908168
0.0852967 1.067581 3.898128
0.08704561 1.214295 3.907127
-0.101446 0.937543 3.884722
-0.1523111 0.6953575 3.871308
-0.1398456 0.4716603 3.814652
-0.1337818 0.4389384 3.814525
0.2257082 1.016817 3.86901
0.3046654 1.29327 3.823993
0.2674278 1.502826 3.76815
0.2531969 1.562043 3.758336
-0.004874821 0.4143022 3.859956
-0.01305751 0.05313576 3.904187
-0.0340768 -0.2827566 3.96273
-0.1175802 -0.2880657 3.902287
0.1566782 0.4282252 3.858593
0.157705 0.06609887 3.890404
0.1344748 -0.2592031 3.967366
0.246744 -0.289194 3.874488
0.08370272 0.9868506 3.903788
-0.1190309 0.3868018 3.807496
-0.09986503 0.4533588 3.782642
0.2499629 1.625574 3.756738
0.2903243 1.573129 3.742543
80
0.07672703 0.4133739 3.900027
0.07993045 0.7415724 3.908168
0.0852967 1.067581 3.898128
0.08704561 1.214295 3.907127
-0.101446 0.937543 3.884722
-0.1523111 0.6953575 3.871308
-0.1398456 0.4716603 3.814652
-0.1337818 0.4389384 3.814525
0.2257082 1.016817 3.86901
0.3046654 1.29327 3.823993
0.2674278 1.502826 3.76815
0.2531969 1.562043 3.758336
-0.004874821 0.4143022 3.859956
-0.01305751 0.05313576 3.904187
-0.0340768 -0.2827566 3.96273
-0.1175802 -0.2880657 3.902287
0.1566782 0.4282252 3.858593
0.157705 0.06609887 3.890404
0.1344748 -0.2592031 3.967366
0.246744 -0.289194 3.874488
0.08370272 0.9868506 3.903788
-0.1190309 0.3868018 3.807496
-0.09986503 0.4533588 3.782642
0.2499629 1.625574 3.756738
0.2903243 1.573129 3.742543
81
0.07672703 0.4133739 3.900027
0.07993045 0.7415724 3.908168
0.0852967 1.067581 3.898128
0.08704561 1.214295 3.907127
-0.101446 0.937543 3.884722
-0.1523111 0.6953575 3.871308
-0.1398456 0.4716603 3.814652
-0.1337818 0.4389384 3.814525
0.2257082 1.016817 3.86901
0.3046654 1.29327 3.823993
0.2674278 1.502826 3.76815
0.2531969 1.562043 3.758336
-0.004874821 0.4143022 3.859956
-0.01305751 0.05313576 3.904187
-0.0340768 -0.2827566 3.96273
-0.1175802 -0.2880657 3.902287
0.1566782 0.4282252 3.858593
0.157705 0.06609887 3.890404
0.1344748 -0.2592031 3.967366
0.246744 -0.289194 3.874488
0.08370272 0.9868506 3.903788
-0.1190309 0.3868018 3.807496
-0.09986503 0.4533588 3.782642
0.2499629 1.625574 3.756738
0.2903243 1.573129 3.742543
82
0.07637469 0.4141093 3.899544
0.07998331 0.7420244 3.907582
0.08546264 1.067676 3.89747
0.08779993 1.214364 3.906299
-0.100762 0.9380395 3.883767
-0.1523884 0.6955259 3.871106
-0.1401363 0.4718853 3.814898
-0.1342787 0.4391325 3.815661
0.2263206 1.017012 3.869412
0.3034019 1.272493 3.794228
0.2567096 1.48115 3.710842
0.2430613 1.537613 3.692508
-0.005172078 0.4155611 3.858845
-0.01316135 0.05444378 3.903694
-0.03433837 -0.2830077 3.963994
-0.1164768 -0.2882848 3.905615
0.1562704 0.4285656 3.85852
0.1574523 0.06633614 3.890064
0.134457 -0.2578422 3.967388
0.2504375 -0.2882754 3.874289
0.08385945 0.9870282 3.903115
-0.118722 0.3866408 3.807456
-0.1000886 0.4528342 3.782717
0.2358079 1.603079 3.675311
0.2783245 1.55074 3.673404
83
0.07611964 0.4146937 3.899156
0.08001427 0.7423574 3.90714
0.08553784 1.067681 3.897032
0.08845518 1.214286 3.905644
-0.1001122 0.938388 3.882968
-0.1524956 0.695693 3.87092
-0.1404203 0.4720725 3.815156
-0.1345003 0.4392418 3.816064
0.2269865 1.017093 3.869827
0.2995685 1.260025 3.771968
0.2499905 1.454838 3.649345
0.2338637 1.502403 3.628507
-0.00536384 0.4165598 3.85797
-0.01324473 0.05552685 3.903343
-0.03472759 -0.2828075 3.965103
-0.1160281 -0.2883746 3.906326
0.1559823 0.4288032 3.858488
0.1572651 0.06647586 3.889805
0.1344006 -0.2567385 3.967392
0.2529726 -0.2875542 3.87396
0.0839553 0.9871313 3.902663
-0.1188308 0.3866847 3.807127
-0.1002683 0.4522112 3.782853
0.228766 1.572019 3.604986
0.2689241 1.506702 3.608529
84
0.07611964 0.4146937 3.899156
0.08001427 0.7423574 3.90714
0.08553784 1.067681 3.897032
0.08845518 1.214286 3.905644
-0.1001122 0.938388 3.882968
-0.1524956 0.695693 3.87092
-0.1404203 0.4720725 3.815156
-0.1345003 0.4392418 3.816064
0.2269865 1.017093 3.869827
0.2995685 1.260025 3.771968
0.2499905 1.454838 3.649345
0.2338637 1.502403 3.628507
-0.00536384 0.4165598 3.85797
-0.01324473 0.05552685 3.903343
-0.03472759 -0.2828075 3.965103
-0.1160281 -0.2883746 3.906326
0.1559823 0.4288032 3.858488
0.1572651 0.06647586 3.889805
0.1344006 -0.2567385 3.967392
0.2529726 -0.2875542 3.87396
0.0839553 0.9871313 3.902663
-0.1188308 0.3866847 3.807127
-0.1002683 0.4522112 3.782853
0.228766 1.572019 3.604986
0.2689241 1.506702 3.608529
85
0.07611964 0.4146937 3.899156
0.08001427 0.7423574 3.90714
0.08553784 1.067681 3.897032
0.08845518 1.214286 3.905644
-0.1001122 0.938388 3.882968
-0.1524956 0.695693 3.87092
-0.1404203 0.4720725 3.815156
-0.1345003 0.4392418 3.816064
0.2269865 1.017093 3.869827
0.2995685 1.260025 3.771968
0.2499905 1.454838 3.649345
0.2338637 1.502403 3.628507
-0.00536384 0.4165598 3.85797
-0.01324473 0.05552685 3.903343
-0.03472759 -0.2828075 3.965103
-0.1160281 -0.2883746 3.906326
0.1559823 0.4288032 3.858488
0.1572651 0.06647586 3.889805
0.1344006 -0.2567385 3.967392
0.2529726 -0.2875542 3.87396
0.0839553 0.9871313 3.902663
-0.1188308 0.3866847 3.807127
-0.1002683 0.4522112 3.782853
0.228766 1.572019 3.604986
0.2689241 1.506702 3.608529
86
0.07593635 0.4151249 3.89885
0.08005884 0.7425841 3.906828
0.08562438 1.067534 3.896809
0.08917901 1.213995 3.905107
-0.09952269 0.9386511 3.882309
-0.1525901 0.6958517 3.870767
-0.1406772 0.4722134 3.815396
-0.1346773 0.4393334 3.816404
0.2276463 1.016855 3.870245
0.28114 1.253431 3.727121
0.2401289 1.437086 3.579234
0.2262615 1.449951 3.57102
-0.005440233 0.4172149 3.857328
-0.01331374 0.05625502 3.903112
-0.03527112 -0.2860813 3.966616
-0.08209413 -0.2954108 3.900133
0.1557485 0.4289647 3.858473
0.1571385 0.0665393 3.889608
0.1342701 -0.2570342 3.968003
0.2549555 -0.2875554 3.877233
0.08405297 0.9871444 3.902356
-0.1185483 0.3867467 3.807199
-0.100686 0.4530978 3.783241
0.218672 1.515622 3.544756
0.2612249 1.460171 3.552467
87
0.07593635 0.4151249 3.89885
0.08005884 0.7425841 3.906828
0.08562438 1.067534 3.896809
0.08917901 1.213995 3.905107
-0.09952269 0.9386511 3.882309
-0.1525901 0.6958517 3.870767
-0.1406772 0.4722134 3.815396
-0.1346773 0.4393334 3.816404
0.2276463 1.016855 3.870245
0.28114 1.253431 3.727121
0.2401289 1.437086 3.579234
0.2262615 1.449951 3.57102
-0.005440233 0.4172149 3.857328
-0.01331374 0.05625502 3.903112
-0.03527112 -0.2860813 3.966616
-0.08209413 -0.2954108 3.900133
0.1557485 0.4289647 3.858473
0.1571385 0.0665393 3.889608
0.1342701 -0.2570342 3.968003
0.2549555 -0.2875554 3.877233
0.08405297 0.9871444 3.902356
-0.1185483 0.3867467 3.807199
-0.100686 0.4530978 3.783241
0.218672 1.515622 3.544756
0.2612249 1.460171 3.552467
88
0.07599463 0.4153292 3.898511
0.08020911 0.7426781 3.906569
0.08583167 1.067133 3.896901
0.09023964 1.213635 3.904855
-0.09884652 0.938919 3.88175
-0.1526997 0.6960398 3.87062
-0.1408608 0.4723315 3.815556
-0.1349842 0.4396187 3.816384
0.2292978 1.009439 3.87233
0.2685098 1.205185 3.708499
0.2350981 1.366796 3.535028
0.2170528 1.386196 3.509178
-0.00538304 0.4175267 3.856797
-0.01337174 0.0566888 3.902962
-0.03554684 -0.2865303 3.967293
-0.08243715 -0.2963089 3.898958
0.1559794 0.4288523 3.858348
0.1569549 0.06637672 3.88954
0.1342897 -0.256587 3.968021
0.2567217 -0.2871974 3.877411
0.08426327 0.9869438 3.90225
-0.118216 0.3862442 3.809505
-0.1014034 0.4547202 3.78284
0.2095607 1.438937 3.471364
0.2527277 1.404899 3.484446
89
0.07607348 0.4152177 3.898249
0.08036924 0.7426661 3.906413
0.08607084 1.066674 3.897303
0.0911935 1.213218 3.904804
-0.09824602 0.9391158 3.88131
-0.1527673 0.6961918 3.870509
-0.1410186 0.4724229 3.815688
-0.135135 0.4396954 3.816445
0.2303984 1.003391 3.873866
0.2650715 1.158438 3.697975
0.2334216 1.282542 3.489964
0.2118612 1.304635 3.455141
-0.005324677 0.4172337 3.85644
-0.01344079 0.05660529 3.902902
-0.03556705 -0.2838364 3.967234
-0.0906527 -0.2950722 3.888829
0.1562619 0.4283913 3.85829
0.1568569 0.06578478 3.889724
0.1342925 -0.2561535 3.967997
0.2578899 -0.2868268 3.877468
0.0845022 0.9866504 3.902371
-0.1185786 0.3857395 3.812279
-0.101588 0.4549125 3.782837
0.2119087 1.347879 3.393573
0.2475985 1.31974 3.422158
90
0.07607348 0.4152177 3.898249
0.08036924 0.7426661 3.906413
0.08607084 1.066674 3.897303
0.0911935 1.213218 3.904804
-0.09824602 0.9391158 3.88131
-0.1527673 0.6961918 3.870509
-0.1410186 0.4724229 3.815688
-0.135135 0.4396954 3.816445
0.2303984 1.003391 3.873866
0.2650715 1.158438 3.697975
0.2334216 1.282542 3.489964
0.2118612 1.304635 3.455141
-0.005324677 0.4172337 3.85644
-0.01344079 0.05660529 3.902902
-0.03556705 -0.2838364 3.967234
-0.0906527 -0.2950722 3.888829
0.1562619 0.4283913 3.85829
0.1568569 0.06578478 3.889724
0.1342925 -0.2561535 3.967997
0.2578899 -0.2868268 3.877468
0.0845022 0.9866504 3.902371
-0.1185786 0.3857395 3.812279
-0.101588 0.4549125 3.782837
0.2119087 1.347879 3.393573
0.2475985 1.31974 3.422158
91
0.07607348 0.4152177 3.898249
0.08036924 0.7426661 3.906413
0.08607084 1.066674 3.897303
0.0911935 1.213218 3.904804
-0.09824602 0.9391158 3.88131
-0.1527673 0.6961918 3.870509
-0.1410186 0.4724229 3.815688
-0.135135 0.4396954 3.816445
0.2303984 1.003391 3.873866
0.2650715 1.158438 3.697975
0.2334216 1.282542 3.489964
0.2118612 1.304635 3.455141
-0.005324677 0.4172337 3.85644
-0.01344079 0.05660529 3.902902
-0.03556705 -0.2838364 3.967234
-0.0906527 -0.2950722 3.888829
0.1562619 0.4283913 3.85829
0.1568569 0.06578478 3.889724
0.1342925 -0.2561535 3.967997
0.2578899 -0.2868268 3.877468
0.0845022 0.9866504 3.902371
-0.1185786 0.3857395 3.812279
-0.101588 0.4549125 3.782837
0.2119087 1.347879 3.393573
0.2475985 1.31974 3.422158
92
0.07656555 0.4136557 3.898104
0.08064422 0.7423194 3.90642
0.08629661 1.066144 3.897944
0.09205506 1.21278 3.904916
-0.09792603 0.93921 3.881077
-0.1527157 0.6959317 3.870248
-0.1411487 0.4724958 3.8158
-0.1353073 0.4398795 3.816431
0.2314512 0.9962524 3.87516
0.2663917 1.107897 3.676847
0.2248652 1.193961 3.448939
0.2089747 1.208264 3.420194
-0.004965893 0.4152939 3.856456
-0.01350741 0.05501023 3.903182
-0.0359431 -0.2822237 3.967226
-0.09457238 -0.293351 3.888095
0.1571436 0.4260747 3.858428
0.1567079 0.06330685 3.89048
0.1330154 -0.2734525 3.972253
0.1848464 -0.2981819 3.885429
0.0847567 0.9862165 3.902725
-0.1189107 0.3853848 3.816503
-0.1026272 0.4565395 3.782194
0.2070146 1.23052 3.379261
0.2399273 1.221211 3.367918
93
0.07656555 0.4136557 3.898104
0.08064422 0.7423194 3.90642
0.08629661 1.066144 3.897944
0.09205506 1.21278 3.904916
-0.09792603 0.93921 3.881077
-0.1527157 0.6959317 3.870248
-0.1411487 0.4724958 3.8158
-0.1353073 0.4398795 3.816431
0.2314512 0.9962524 3.87516
0.2663917 1.107897 3.676847
0.2248652 1.193961 3.448939
0.2089747 1.208264 3.420194
-0.004965893 0.4152939 3.856456
-0.01350741 0.05501023 3.903182
-0.0359431 -0.2822237 3.967226
-0.09457238 -0.293351 3.888095
0.1571436 0.4260747 3.858428
0.1567079 0.06330685 3.89048
0.1330154 -0.2734525 3.972253
0.1848464 -0.2981819 3.885429
0.0847567 0.9862165 3.902725
-0.1189107 0.3853848 3.816503
-0.1026272 0.4565395 3.782194
0.2070146 1.23052 3.379261
0.2399273 1.221211 3.367918
94
0.07699542 0.4115458 3.898053
0.08091658 0.741661 3.906621
0.08645323 1.06547 3.899015
0.09274861 1.212369 3.905294
-0.09765041 0.9392574 3.880908
-0.1526075 0.6958049 3.870048
-0.1412477 0.4725526 3.815885
-0.1352414 0.4402157 3.815841
0.2325934 0.9897552 3.875933
0.2723126 1.074613 3.662543
0.2115643 1.091738 3.419395
0.1983785 1.10153 3.394117
-0.004697442 0.4126045 3.856712
-0.01351606 0.05256884 3.903535
-0.03524515 -0.2805253 3.965105
-0.1125029 -0.291594 3.877957
0.1578541 0.4234944 3.858586
0.156711 0.06058341 3.891424
0.1367561 -0.2765247 3.963949
0.2370788 -0.3026816 3.869971
0.08496863 0.9855774 3.903441
-0.1188357 0.3852992 3.817481
-0.1030024 0.4570138 3.782018
0.1880952 1.110251 3.360214
0.2190532 1.111453 3.371662
95
0.07741941 0.4083135 3.897916
0.08113016 0.7408456 3.906919
0.08638378 1.064955 3.900353
0.09326733 1.212092 3.905832
-0.09742393 0.9392542 3.880803
-0.152383 0.6951306 3.869727
-0.141304 0.4725897 3.815934
-0.1351438 0.440282 3.815658
0.2332107 0.9831305 3.876367
0.2743513 1.058155 3.655709
0.2230187 1.132874 3.448063
0.2087065 1.170056 3.401643
-0.004520284 0.4097246 3.857047
-0.01368625 0.04975207 3.903656
-0.03445171 -0.2804673 3.962516
-0.1212995 -0.2909828 3.872882
0.1586648 0.4184593 3.858271
0.1562955 0.05589462 3.894237
0.1378156 -0.2691439 3.971023
0.2360043 -0.2985688 3.870096
0.0850331 0.9849792 3.904335
-0.1185778 0.3848828 3.820038
-0.103173 0.4572906 3.781943
0.1959234 1.176392 3.367917
0.2258122 1.173242 3.377729
96
0.07741941 0.4083135 3.897916
0.08113016 0.7408456 3.906919
0.08638378 1.064955 3.900353
0.09326733 1.212092 3.905832
-0.09742393 0.9392542 3.880803
-0.152383 0.6951306 3.869727
-0.141304 0.4725897 3.815934
-0.1351438 0.440282 3.815658
0.2332107 0.9831305 3.876367
0.2743513 1.058155 3.655709
0.2230187 1.132874 3.448063
0.2087065 1.170056 3.401643
-0.004520284 0.4097246 3.857047
-0.01368625 0.04975207 3.903656
-0.03445171 -0.2804673 3.962516
-0.1212995 -0.2909828 3.872882
0.1586648 0.4184593 3.858271
0.1562955 0.05589462 3.894237
0.1378156 -0.2691439 3.971023
0.2360043 -0.2985688 3.870096
0.0850331 0.9849792 3.904335
-0.1185778 0.3848828 3.820038
-0.103173 0.4572906 3.781943
0.1959234 1.176392 3.367917
0.2258122 1.173242 3.377729
97
0.07741941 0.4083135 3.897916
0.08113016 0.7408456 3.906919
0.08638378 1.064955 3.900353
0.09326733 1.212092 3.905832
-0.09742393 0.9392542 3.880803
-0.152383 0.6951306 3.869727
-0.141304 0.4725897 3.815934
-0.1351438 0.440282 3.815658
0.2332107 0.9831305 3.876367
0.2743513 1.058155 3.655709
0.2230187 1.132874 3.448063
0.2087065 1.170056 3.401643
-0.004520284 0.4097246 3.857047
-0.01368625 0.04975207 3.903656
-0.03445171 -0.2804673 3.962516
-0.1212995 -0.2909828 3.872882
0.1586648 0.4184593 3.858271
0.1562955 0.05589462 3.894237
0.1378156 -0.2691439 3.971023
0.2360043 -0.2985688 3.870096
0.0850331 0.9849792 3.904335
-0.1185778 0.3848828 3.820038
-0.103173 0.4572906 3.781943
0.1959234 1.176392 3.367917
0.2258122 1.173242 3.377729
98
0.07774443 0.4055964 3.897852
0.08122188 0.7399211 3.907434
0.08568897 1.064528 3.902842
0.0936288 1.211782 3.906702
-0.09720951 0.9391609 3.880753
-0.1521573 0.6944836 3.869443
-0.1413417 0.4726239 3.815968
-0.1348981 0.4402777 3.815403
0.2323546 0.9791241 3.875697
0.27474 1.047797 3.650873
0.2196432 1.134643 3.447531
0.2049756 1.177047 3.39162
-0.004379914 0.4073662 3.857438
-0.01364902 0.04745021 3.903923
-0.03437326 -0.280184 3.961941
-0.1263961 -0.2904907 3.870867
0.1592093 0.4144682 3.858006
0.156064 0.05226957 3.896468
0.1386309 -0.2640159 3.972927
0.2430516 -0.2949128 3.868926
0.08468084 0.9843214 3.906045
-0.1182942 0.3843929 3.821687
-0.1030073 0.4575101 3.781833
0.1897953 1.180671 3.36264
0.2190465 1.177481 3.372335
99
0.07774443 0.4055964 3.897852
0.08122188 0.7399211 3.907434
0.08568897 1.064528 3.902842
0.0936288 1.211782 3.906702
-0.09720951 0.9391609 3.880753
-0.1521573 0.6944836 3.869443
-0.1413417 0.4726239 3.815968
-0.1348981 0.4402777 3.815403
0.2323546 0.9791241 3.875697
0.27474 1.047797 3.650873
0.2196432 1.134643 3.447531
0.2049756 1.177047 3.39162
-0.004379914 0.4073662 3.857438
-0.01364902 0.04745021 3.903923
-0.03437326 -0.280184 3.961941
-0.1263961 -0.2904907 3.870867
0.1592093 0.4144682 3.858006
0.156064 0.05226957 3.896468
0.1386309 -0.2640159 3.972927
0.2430516 -0.2949128 3.868926
0.08468084 0.9843214 3.906045
-0.1182942 0.3843929 3.821687
-0.1030073 0.4575101 3.781833
0.1897953 1.180671 3.36264
0.2190465 1.177481 3.372335
100
0.07797832 0.4034871 3.897833
0.08126075 0.7390816 3.907963
0.08501615 1.064266 3.905016
0.09378987 1.211542 3.907589
-0.0971403 0.9390016 3.880916
-0.1519611 0.6939059 3.869216
-0.1413614 0.4726537 3.815988
-0.1343228 0.4403456 3.815071
0.2303172 0.9769678 3.873941
0.2749874 1.040204 3.646937
0.2239021 1.146765 3.45049
0.2098254 1.196082 3.389697
-0.004257355 0.4054827 3.858082
-0.01339811 0.04548404 3.904082
-0.03404459 -0.2802421 3.961016
-0.129209 -0.2902007 3.869533
0.1595249 0.4115598 3.85771
0.1560391 0.04971493 3.898186
0.1394481 -0.2601533 3.975799
0.2473383 -0.2923961 3.870133
0.0842904 0.9838079 3.907638
-0.1180827 0.3843305 3.822714
-0.1026832 0.4573734 3.78181
0.1941095 1.193403 3.359977
0.2232617 1.194774 3.372874
101
0.07797832 0.4034871 3.897833
0.08126075 0.7390816 3.907963
0.08501615 1.064266 3.905016
0.09378987 1.211542 3.907589
-0.0971403 0.9390016 3.880916
-0.1519611 0.6939059 3.869216
-0.1413614 0.4726537 3.815988
-0.1343228 0.4403456 3.815071
0.2303172 0.9769678 3.873941
0.2749874 1.040204 3.646937
0.2239021 1.146765 3.45049
0.2098254 1.196082 3.389697
-0.004257355 0.4054827 3.858082
-0.01339811 0.04548404 3.904082
-0.03404459 -0.2802421 3.961016
-0.129209 -0.2902007 3.869533
0.1595249 0.4115598 3.85771
0.1560391 0.04971493 3.898186
0.1394481 -0.2601533 3.975799
0.2473383 -0.2923961 3.870133
0.0842904 0.9838079 3.907638
-0.1180827 0.3843305 3.822714
-0.1026832 0.4573734 3.78181
0.1941095 1.193403 3.359977
0.2232617 1.194774 3.372874
102
0.07812931 0.4018844 3.897918
0.08122661 0.7382687 3.908652
0.08431429 1.064099 3.907171
0.09370065 1.211354 3.908641
-0.09777316 0.9384941 3.8819
-0.1516838 0.6929083 3.869096
-0.1413331 0.4726158 3.816014
-0.1339605 0.44024 3.814986
0.2285887 0.9756718 3.871912
0.2679115 1.022043 3.637437
0.2239518 1.144208 3.448636
0.2104153 1.195247 3.384338
-0.004148061 0.4039107 3.859236
-0.01304201 0.0438113 3.904155
-0.03364567 -0.2789173 3.963078
-0.1009066 -0.2870084 3.895241
0.1597089 0.4094724 3.857474
0.1564374 0.04784182 3.899904
0.1386208 -0.25673 3.976554
0.2515885 -0.2892256 3.873689
0.0838161 0.9833747 3.909374
-0.1170407 0.3838219 3.824388
-0.1019749 0.4543829 3.781533
0.19419 1.19261 3.356198
0.2233307 1.19358 3.369125
103
0.07812329 0.4006917 3.897976
0.08112449 0.7375703 3.909265
0.08373886 1.063992 3.908859
0.09348397 1.211229 3.909599
-0.09857645 0.9379882 3.883044
-0.1513992 0.6916447 3.869089
-0.1412832 0.4724493 3.816063
-0.1336456 0.4399736 3.815103
0.2294334 0.9728568 3.866057
0.2517862 0.8465015 3.65799
0.2086708 0.7225097 3.476428
0.2026399 0.7135559 3.4702
-0.004205355 0.4027473 3.860251
-0.01263758 0.04253662 3.904261
-0.03365038 -0.2801828 3.965341
-0.1082427 -0.2865336 3.906126
0.159629 0.4079296 3.857124
0.1571937 0.04657986 3.901582
0.1376987 -0.2609955 3.975945
0.1984473 -0.2919949 3.863652
0.08339156 0.9830429 3.910798
-0.1165524 0.3840442 3.822768
-0.09879616 0.4279718 3.777249
0.1972426 0.6690696 3.430994
0.2324284 0.7092688 3.449826
104
0.07812329 0.4006917 3.897976
0.08112449 0.7375703 3.909265
0.08373886 1.063992 3.908859
0.09348397 1.211229 3.909599
-0.09857645 0.9379882 3.883044
-0.1513992 0.6916447 3.869089
-0.1412832 0.4724493 3.816063
-0.1336456 0.4399736 3.815103
0.2294334 0.9728568 3.866057
0.2517862 0.8465015 3.65799
0.2086708 0.7225097 3.476428
0.2026399 0.7135559 3.4702
-0.004205355 0.4027473 3.860251
-0.01263758 0.04253662 3.904261
-0.03365038 -0.2801828 3.965341
-0.1082427 -0.2865336 3.906126
0.159629 0.4079296 3.857124
0.1571937 0.04657986 3.901582
0.1376987 -0.2609955 3.975945
0.1984473 -0.2919949 3.863652
0.08339156 0.9830429 3.910798
-0.1165524 0.3840442 3.822768
-0.09879616 0.4279718 3.777249
0.1972426 0.6690696 3.430994
0.2324284 0.7092688 3.449826
105
0.07803956 0.399814 3.898015
0.08098378 0.7370065 3.909811
0.08326008 1.063967 3.910225
0.09307557 1.211193 3.910487
-0.09940213 0.9374679 3.88416
-0.1513778 0.6903861 3.869536
-0.1412709 0.4722783 3.816165
-0.1335171 0.4397995 3.81515
0.2299659 0.9711413 3.862285
0.2476646 0.7757177 3.684598
0.2184036 0.6309533 3.521858
0.2049717 0.6182659 3.507004
-0.004362877 0.4020026 3.861009
-0.01234777 0.04172214 3.904388
-0.03352621 -0.277108 3.966355
-0.09170848 -0.2871273 3.894919
0.1594409 0.4067617 3.856795
0.1581716 0.04577574 3.903373
0.1213223 -0.2629876 3.961678
0.217732 -0.2939305 3.858747
0.08300953 0.9828255 3.911994
-0.1120643 0.3840159 3.813639
-0.09803793 0.4305032 3.777908
0.2013741 0.5667877 3.470469
0.2360752 0.6093052 3.488238
106
0.07803956 0.399814 3.898015
0.08098378 0.7370065 3.909811
0.08326008 1.063967 3.910225
0.09307557 1.211193 3.910487
-0.09940213 0.9374679 3.88416
-0.1513778 0.6903861 3.869536
-0.1412709 0.4722783 3.816165
-0.1335171 0.4397995 3.81515
0.2299659 0.9711413 3.862285
0.2476646 0.7757177 3.684598
0.2184036 0.6309533 3.521858
0.2049717 0.6182659 3.507004
-0.004362877 0.4020026 3.861009
-0.01234777 0.04172214 3.904388
-0.03352621 -0.277108 3.966355
-0.09170848 -0.2871273 3.894919
0.1594409 0.4067617 3.856795
0.1581716 0.04577574 3.903373
0.1213223 -0.2629876 3.961678
0.217732 -0.2939305 3.858747
0.08300953 0.9828255 3.911994
-0.1120643 0.3840159 3.813639
-0.09803793 0.4305032 3.777908
0.2013741 0.5667877 3.470469
0.2360752 0.6093052 3.488238
107
0.07803956 0.399814 3.898015
0.08098378 0.7370065 3.909811
0.08326008 1.063967 3.910225
0.09307557 1.211193 3.910487
-0.09940213 0.9374679 3.88416
-0.1513778 0.6903861 3.869536
-0.1412709 0.4722783 3.816165
-0.1335171 0.4397995 3.81515
0.2299659 0.9711413 3.862285
0.2476646 0.7757177 3.684598
0.2184036 0.6309533 3.521858
0.2049717 0.6182659 3.507004
-0.004362877 0.4020026 3.861009
-0.01234777 0.04172214 3.904388
-0.03352621 -0.277108 3.966355
-0.09170848 -0.2871273 3.894919
0.1594409 0.4067617 3.856795
0.1581716 0.04577574 3.903373
0.1213223 -0.2629876 3.961678
0.217732 -0.2939305 3.858747
0.08300953 0.9828255 3.911994
-0.1120643 0.3840159 3.813639
-0.09803793 0.4305032 3.777908
0.2013741 0.5667877 3.470469
0.2360752 0.6093052 3.488238
108
0.07746504 0.3987405 3.897947
0.08076323 0.7364337 3.910287
0.08290745 1.063941 3.911256
0.09259552 1.211176 3.911137
-0.1003227 0.9369459 3.885292
-0.1515027 0.6891853 3.87011
-0.1412756 0.4719985 3.816432
-0.1336351 0.4395398 3.815627
0.2332528 0.9652631 3.857543
0.2497728 0.7254921 3.719239
0.2233992 0.5422763 3.588723
0.2106931 0.5130244 3.58091
-0.004858766 0.4013018 3.861704
-0.01206636 0.04098424 3.904458
-0.03358908 -0.2749549 3.967217
-0.08315063 -0.2870677 3.889243
0.1584526 0.4052332 3.855943
0.159326 0.04504382 3.905225
0.1179859 -0.2558564 3.960975
0.2253275 -0.2889152 3.862144
0.08270123 0.9826434 3.912931
-0.112097 0.3841929 3.812525
-0.09780565 0.4312562 3.778064
0.21049 0.4529633 3.566402
0.2413111 0.5136639 3.574757
109
0.07746504 0.3987405 3.897947
0.08076323 0.7364337 3.910287
0.08290745 1.063941 3.911256
0.09259552 1.211176 3.911137
-0.1003227 0.9369459 3.885292
-0.1515027 0.6891853 3.87011
-0.1412756 0.4719985 3.816432
-0.1336351 0.4395398 3.815627
0.2332528 0.9652631 3.857543
0.2497728 0.7254921 3.719239
0.2233992 0.5422763 3.588723
0.2106931 0.5130244 3.58091
-0.004858766 0.4013018 3.861704
-0.01206636 0.04098424 3.904458
-0.03358908 -0.2749549 3.967217
-0.08315063 -0.2870677 3.889243
0.1584526 0.4052332 3.855943
0.159326 0.04504382 3.905225
0.1179859 -0.2558564 3.960975
0.2253275 -0.2889152 3.862144
0.08270123 0.9826434 3.912931
-0.112097 0.3841929 3.812525
-0.09780565 0.4312562 3.778064
0.21049 0.4529633 3.566402
0.2413111 0.5136639 3.574757
110
0.07516076 0.396645 3.897774
0.08027182 0.7357221 3.910758
0.08263434 1.063929 3.91204
0.09207582 1.211179 3.911657
-0.101411 0.9364185 3.886573
-0.1522575 0.6877787 3.871299
-0.1413344 0.471623 3.816923
-0.1340763 0.4391042 3.816908
0.2372204 0.9587299 3.85429
0.2596818 0.7015188 3.762365
0.2227648 0.508654 3.654628
0.2153717 0.458581 3.641273
-0.006613244 0.3998784 3.862643
-0.01150846 0.0397575 3.90468
-0.03393756 -0.2753393 3.96823
-0.08757328 -0.2872145 3.89042
0.155312 0.4028381 3.854505
0.1607686 0.04420849 3.907034
0.1208995 -0.2581469 3.957785
0.2530912 -0.2915886 3.862401
0.08243697 0.9825025 3.913669
-0.1118522 0.3842184 3.81111
-0.09762432 0.4343574 3.779002
0.2226542 0.3874212 3.643245
0.2232475 0.4412535 3.657003
111
0.07516076 0.396645 3.897774
0.08027182 0.7357221 3.910758
0.08263434 1.063929 3.91204
0.09207582 1.211179 3.911657
-0.101411 0.9364185 3.886573
-0.1522575 0.6877787 3.871299
-0.1413344 0.471623 3.816923
-0.1340763 0.4391042 3.816908
0.2372204 0.9587299 3.85429
0.2596818 0.7015188 3.762365
0.2227648 0.508654 3.654628
0.2153717 0.458581 3.641273
-0.006613244 0.3998784 3.862643
-0.01150846 0.0397575 3.90468
-0.03393756 -0.2753393 3.96823
-0.08757328 -0.2872145 3.89042
0.155312 0.4028381 3.854505
0.1607686 0.04420849 3.907034
0.1208995 -0.2581469 3.957785
0.2530912 -0.2915886 3.862401
0.08243697 0.9825025 3.913669
-0.1118522 0.3842184 3.81111
-0.09762432 0.4343574 3.779002
0.2226542 0.3874212 3.643245
0.2232475 0.4412535 3.657003
112
0.07273623 0.3947984 3.897621
0.07957669 0.7349648 3.911211
0.08240953 1.063921 3.912648
0.09153963 1.211157 3.911947
-0.1023662 0.9359784 3.887664
-0.1532561 0.686338 3.872825
-0.1415106 0.4710721 3.817754
-0.1344188 0.4384592 3.817767
0.2414321 0.952741 3.853296
0.2640499 0.6938622 3.78443
0.2326153 0.4920151 3.692862
0.2211061 0.4312932 3.693246
-0.008511428 0.3987043 3.863383
-0.01117401 0.03884098 3.904875
-0.04940221 -0.307111 3.963797
-0.09138103 -0.315783 3.885644
0.1522046 0.4007304 3.853364
0.1618703 0.04346945 3.908295
0.1214372 -0.2571589 3.955269
0.2696842 -0.2899034 3.873314
0.08217947 0.9823783 3.914273
-0.1119839 0.3845047 3.808662
-0.09736302 0.4406367 3.780596
0.2299255 0.3633562 3.686331
0.1921155 0.4028907 3.711274
113
0.07027754 0.3930608 3.897514
0.07874456 0.7341871 3.911582
0.08223034 1.063918 3.913083
0.09102467 1.211181 3.912072
-0.1032228 0.9356608 3.888668
-0.1544256 0.6854497 3.87476
-0.1418932 0.4707659 3.819034
-0.1348815 0.4382695 3.818843
0.2448224 0.9485822 3.853254
0.2686917 0.6752654 3.806288
0.2465186 0.4654621 3.738713
0.2212044 0.4059972 3.744339
-0.01054441 0.397482 3.863951
-0.01082887 0.03790014 3.90513
-0.05087066 -0.3049492 3.964492
-0.09560813 -0.3120857 3.893096
0.1493505 0.3989684 3.852562
0.1627416 0.04281705 3.90918
0.1199068 -0.2641231 3.956396
0.207891 -0.2898576 3.86892
0.08194315 0.9822766 3.914724
-0.111696 0.3852267 3.804909
-0.09724031 0.4426925 3.780991
0.2395588 0.3298929 3.753046
0.1717763 0.3874645 3.762006
114
0.07027754 0.3930608 3.897514
0.07874456 0.7341871 3.911582
0.08223034 1.063918 3.913083
0.09102467 1.211181 3.912072
-0.1032228 0.9356608 3.888668
-0.1544256 0.6854497 3.87476
-0.1418932 0.4707659 3.819034
-0.1348815 0.4382695 3.818843
0.2448224 0.9485822 3.853254
0.2686917 0.6752654 3.806288
0.2465186 0.4654621 3.738713
0.2212044 0.4059972 3.744339
-0.01054441 0.397482 3.863951
-0.01082887 0.03790014 3.90513
-0.05087066 -0.3049492 3.964492
-0.09560813 -0.3120857 3.893096
0.1493505 0.3989684 3.852562
0.1627416 0.04281705 3.90918
0.1199068 -0.2641231 3.956396
0.207891 -0.2898576 3.86892
0.08194315 0.9822766 3.914724
-0.111696 0.3852267 3.804909
-0.09724031 0.4426925 3.780991
0.2395588 0.3298929 3.753046
0.1717763 0.3874645 3.762006
115
0.06809708 0.3915277 3.897446
0.07786251 0.7333563 3.911834
0.08210884 1.0639 3.913363
0.09050589 1.211219 3.912049
-0.1039587 0.9354027 3.88948
-0.155432 0.6847434 3.87636
-0.1424922 0.4703629 3.820652
-0.1364168 0.437758 3.821219
0.2474423 0.9456533 3.85373
0.2723789 0.6644003 3.823513
0.2532897 0.4583283 3.75956
0.2302376 0.4114773 3.773452
-0.01248162 0.3962692 3.864356
-0.01065582 0.03695606 3.905494
-0.05079848 -0.3005931 3.966481
-0.09706873 -0.3074746 3.897938
0.1470246 0.3975667 3.852026
0.1631225 0.0422765 3.909707
0.1202921 -0.2591561 3.956066
0.2278837 -0.2864539 3.877976
0.0817421 0.9821593 3.91502
-0.1158339 0.3849955 3.809267
-0.09739382 0.443708 3.781278
0.2471661 0.3320839 3.784812
0.1737416 0.4018313 3.777501
116
0.06809708 0.3915277 3.897446
0.07786251 0.7333563 3.911834
0.08210884 1.0639 3.913363
0.09050589 1.211219 3.912049
-0.1039587 0.9354027 3.88948
-0.155432 0.6847434 3.87636
-0.1424922 0.4703629 3.820652
-0.1364168 0.437758 3.821219
0.2474423 0.9456533 3.85373
0.2723789 0.6644003 3.823513
0.2532897 0.4583283 3.75956
0.2302376 0.4114773 3.773452
-0.01248162 0.3962692 3.864356
-0.01065582 0.03695606 3.905494
-0.05079848 -0.3005931 3.966481
-0.09706873 -0.3074746 3.897938
0.1470246 0.3975667 3.852026
0.1631225 0.0422765 3.909707
0.1202921 -0.2591561 3.956066
0.2278837 -0.2864539 3.877976
0.0817421 0.9821593 3.91502
-0.1158339 0.3849955 3.809267
-0.09739382 0.443708 3.781278
0.2471661 0.3320839 3.784812
0.1737416 0.4018313 3.777501
117
0.06809708 0.3915277 3.897446
0.07786251 0.7333563 3.911834
0.08210884 1.0639 3.913363
0.09050589 1.211219 3.912049
-0.1039587 0.9354027 3.88948
-0.155432 0.6847434 3.87636
-0.1424922 0.4703629 3.820652
-0.1364168 0.437758 3.821219
0.2474423 0.9456533 3.85373
0.2723789 0.6644003 3.823513
0.2532897 0.4583283 3.75956
0.2302376 0.4114773 3.773452
-0.01248162 0.3962692 3.864356
-0.01065582 0.03695606 3.905494
-0.05079848 -0.3005931 3.966481
-0.09706873 -0.3074746 3.897938
0.1470246 0.3975667 3.852026
0.1631225 0.0422765 3.909707
0.1202921 -0.2591561 3.956066
0.2278837 -0.2864539 3.877976
0.0817421 0.9821593 3.91502
-0.1158339 0.3849955 3.809267
-0.09739382 0.443708 3.781278
0.2471661 0.3320839 3.784812
0.1737416 0.4018313 3.777501
118
0.06642368 0.3903211 3.897415
0.0770716 0.7326067 3.911998
0.08200861 1.063878 3.913549
0.08999407 1.211256 3.911907
-0.1045949 0.9352382 3.890148
-0.1565421 0.6833311 3.878006
-0.1434074 0.4689294 3.822775
-0.1378135 0.4370006 3.823744
0.2495707 0.943315 3.854608
0.2774275 0.6623049 3.835763
0.2610588 0.4379213 3.797056
0.2480915 0.4033641 3.806777
-0.01404954 0.3952247 3.864638
-0.01062752 0.03605306 3.905996
-0.04895747 -0.2923187 3.967979
-0.08599554 -0.3021751 3.892857
0.1453219 0.3965351 3.851685
0.1631543 0.04166477 3.90998
0.1205632 -0.2605058 3.957578
0.2109719 -0.2851195 3.882219
0.08156345 0.9820471 3.915218
-0.1165075 0.3834945 3.811611
-0.09848274 0.4436022 3.782462
0.2543767 0.3300956 3.806427
0.1966209 0.4262544 3.787192
119
0.06642368 0.3903211 3.897415
0.0770716 0.7326067 3.911998
0.08200861 1.063878 3.913549
0.08999407 1.211256 3.911907
-0.1045949 0.9352382 3.890148
-0.1565421 0.6833311 3.878006
-0.1434074 0.4689294 3.822775
-0.1378135 0.4370006 3.823744
0.2495707 0.943315 3.854608
0.2774275 0.6623049 3.835763
0.2610588 0.4379213 3.797056
0.2480915 0.4033641 3.806777
-0.01404954 0.3952247 3.864638
-0.01062752 0.03605306 3.905996
-0.04895747 -0.2923187 3.967979
-0.08599554 -0.3021751 3.892857
0.1453219 0.3965351 3.851685
0.1631543 0.04166477 3.90998
0.1205632 -0.2605058 3.957578
0.2109719 -0.2851195 3.882219
0.08156345 0.9820471 3.915218
-0.1165075 0.3834945 3.811611
-0.09848274 0.4436022 3.782462
0.2543767 0.3300956 3.806427
0.1966209 0.4262544 3.787192
120
0.06516663 0.3894364 3.897393
0.07633937 0.7319607 3.912091
0.08188864 1.063848 3.913642
0.08952862 1.211264 3.9116
-0.1051163 0.9351212 3.890675
-0.1574315 0.6822333 3.879239
-0.1441914 0.467747 3.824461
-0.1388096 0.436446 3.824821
0.2512582 0.9414714 3.855667
0.2820776 0.6614671 3.844934
0.2659267 0.4400372 3.81007
0.2586954 0.40505 3.830489
-0.01529801 0.3945011 3.864751
-0.01073638 0.03540028 3.90648
-0.04711139 -0.2864582 3.966575
-0.09518901 -0.2957155 3.887894
0.1440746 0.3957822 3.851476
0.1628639 0.04101174 3.91006
0.1211632 -0.2620374 3.958782
0.2372693 -0.2903125 3.882285
0.08134867 0.9819266 3.915332
-0.1168298 0.3822237 3.810639
-0.1034051 0.446703 3.785511
0.2648861 0.3497933 3.826842
0.20543 0.4263331 3.808853
121
0.06516663 0.3894364 3.897393
0.07633937 0.7319607 3.912091
0.08188864 1.063848 3.913642
0.08952862 1.211264 3.9116
-0.1051163 0.9351212 3.890675
-0.1574315 0.6822333 3.879239
-0.1441914 0.467747 3.824461
-0.1388096 0.436446 3.824821
0.2512582 0.9414714 3.855667
0.2820776 0.6614671 3.844934
0.2659267 0.4400372 3.81007
0.2586954 0.40505 3.830489
-0.01529801 0.3945011 3.864751
-0.01073638 0.03540028 3.90648
-0.04711139 -0.2864582 3.966575
-0.09518901 -0.2957155 3.887894
0.1440746 0.3957822 3.851476
0.1628639 0.04101174 3.91006
0.1211632 -0.2620374 3.958782
0.2372693 -0.2903125 3.882285
0.08134867 0.9819266 3.915332
-0.1168298 0.3822237 3.810639
-0.1034051 0.446703 3.785511
0.2648861 0.3497933 3.826842
0.20543 0.4263331 3.808853
122
0.06422624 0.3887854 3.897378
0.07567076 0.7313964 3.912103
0.08170722 1.063789 3.913539
0.08908993 1.211309 3.911155
-0.1055929 0.9350766 3.891098
-0.1581322 0.6813134 3.880159
-0.1448928 0.466695 3.82579
-0.1399082 0.4356761 3.82552
0.2525558 0.939913 3.857001
0.28849 0.6609299 3.853234
0.2700823 0.4419749 3.817812
0.2651199 0.4102236 3.838537
-0.0162751 0.393977 3.864789
-0.0113691 0.03478895 3.906951
-0.04419373 -0.2787582 3.967957
-0.1111403 -0.2882075 3.88337
0.1431489 0.3952121 3.851358
0.1624368 0.04035636 3.909992
0.1239761 -0.2557387 3.958692
0.2572279 -0.2860682 3.879524
0.08107248 0.9817782 3.915302
-0.117579 0.381461 3.808928
-0.1048632 0.4477703 3.786337
0.267417 0.3636635 3.838072
0.2178479 0.4399188 3.803939
123
0.06422624 0.3887854 3.897378
0.07567076 0.7313964 3.912103
0.08170722 1.063789 3.913539
0.08908993 1.211309 3.911155
-0.1055929 0.9350766 3.891098
-0.1581322 0.6813134 3.880159
-0.1448928 0.466695 3.82579
-0.1399082 0.4356761 3.82552
0.2525558 0.939913 3.857001
0.28849 0.6609299 3.853234
0.2700823 0.4419749 3.817812
0.2651199 0.4102236 3.838537
-0.0162751 0.393977 3.864789
-0.0113691 0.03478895 3.906951
-0.04419373 -0.2787582 3.967957
-0.1111403 -0.2882075 3.88337
0.1431489 0.3952121 3.851358
0.1624368 0.04035636 3.909992
0.1239761 -0.2557387 3.958692
0.2572279 -0.2860682 3.879524
0.08107248 0.9817782 3.915302
-0.117579 0.381461 3.808928
-0.1048632 0.4477703 3.786337
0.267417 0.3636635 3.838072
0.2178479 0.4399188 3.803939
124
0.06352369 0.3882982 3.897384
0.07510463 0.7309221 3.912084
0.0815225 1.063713 3.913323
0.08870517 1.211356 3.91066
-0.1060167 0.9350632 3.891436
-0.158687 0.6805107 3.88078
-0.1457409 0.4655931 3.826975
-0.1406104 0.4352241 3.82601
0.2535568 0.9386399 3.85865
0.2937681 0.6613443 3.859082
0.2739615 0.4439605 3.823778
0.2707261 0.4149262 3.843972
-0.01702971 0.3936363 3.864787
-0.01194054 0.03437003 3.907291
-0.04227424 -0.2754813 3.969327
-0.1168841 -0.2850402 3.885101
0.1424169 0.3945718 3.851474
0.1617614 0.03928754 3.909752
0.1297079 -0.2507118 3.963327
0.2643648 -0.2812989 3.878324
0.080798 0.9816211 3.915195
-0.1171517 0.3804409 3.807707
-0.1066045 0.4486917 3.787286
0.2698012 0.373526 3.843422
0.2265814 0.4458714 3.803654
125
0.06352369 0.3882982 3.897384
0.07510463 0.7309221 3.912084
0.0815225 1.063713 3.913323
0.08870517 1.211356 3.91066
-0.1060167 0.9350632 3.891436
-0.158687 0.6805107 3.88078
-0.1457409 0.4655931 3.826975
-0.1406104 0.4352241 3.82601
0.2535568 0.9386399 3.85865
0.2937681 0.6613443 3.859082
0.2739615 0.4439605 3.823778
0.2707261 0.4149262 3.843972
-0.01702971 0.3936363 3.864787
-0.01194054 0.03437003 3.907291
-0.04227424 -0.2754813 3.969327
-0.1168841 -0.2850402 3.885101
0.1424169 0.3945718 3.851474
0.1617614 0.03928754 3.909752
0.1297079 -0.2507118 3.963327
0.2643648 -0.2812989 3.878324
0.080798 0.9816211 3.915195
-0.1171517 0.3804409 3.807707
-0.1066045 0.4486917 3.787286
0.2698012 0.373526 3.843422
0.2265814 0.4458714 3.803654
126
0.06302442 0.3879481 3.897394
0.07465316 0.7305421 3.912045
0.08136382 1.063643 3.913022
0.08838417 1.211388 3.910118
-0.1063822 0.9350733 3.891679
-0.1592063 0.6799554 3.881134
-0.1465741 0.4647769 3.827926
-0.1419357 0.4341471 3.826975
0.2546319 0.937503 3.861217
0.2999053 0.663249 3.864763
0.2784819 0.446966 3.827934
0.2744222 0.4181085 3.847542
-0.01759422 0.393402 3.864751
-0.01252288 0.03407145 3.907601
-0.04129292 -0.2730445 3.969906
-0.132211 -0.2838733 3.874546
0.1419237 0.394068 3.851669
0.1610684 0.03827535 3.909375
0.1312522 -0.2487087 3.964285
0.2685075 -0.2794774 3.878005
0.08055601 0.981478 3.915033
-0.1179209 0.3796562 3.805729
-0.10748 0.4491484 3.787832
0.2723465 0.3793241 3.847366
0.2319392 0.4495774 3.805282
127
0.06302442 0.3879481 3.897394
0.07465316 0.7305421 3.912045
0.08136382 1.063643 3.913022
0.08838417 1.211388 3.910118
-0.1063822 0.9350733 3.891679
-0.1592063 0.6799554 3.881134
-0.1465741 0.4647769 3.827926
-0.1419357 0.4341471 3.826975
0.2546319 0.937503 3.861217
0.2999053 0.663249 3.864763
0.2784819 0.446966 3.827934
0.2744222 0.4181085 3.847542
-0.01759422 0.393402 3.864751
-0.01252288 0.03407145 3.907601
-0.04129292 -0.2730445 3.969906
-0.132211 -0.2838733 3.874546
0.1419237 0.394068 3.851669
0.1610684 0.03827535 3.909375
0.1312522 -0.2487087 3.964285
0.2685075 -0.2794774 3.878005
0.08055601 0.981478 3.915033
-0.1179209 0.3796562 3.805729
-0.10748 0.4491484 3.787832
0.2723465 0.3793241 3.847366
0.2319392 0.4495774 3.805282
