109
1
-0.03181937 0.5381991 4.081596
-0.03214173 0.8166198 4.095791
-0.03148388 1.091669 4.097666
-0.03233202 1.238647 4.083055
-0.201691 0.9685177 4.087413
-0.2529823 0.7307396 4.091803
-0.2520299 0.511425 4.026252
-0.2443503 0.4464487 4.003402
0.1357469 0.9747791 4.108452
0.1835587 0.7390528 4.12886
0.1777701 0.5264287 4.050308
0.152663 0.4425141 3.999749
-0.1072826 0.5423948 4.045523
-0.1476346 0.09316002 4.031579
-0.1579535 -0.2047111 4.105604
-0.1960152 -0.2324152 3.988818
0.04448579 0.5414537 4.051855
0.05721587 0.08298598 4.066214
0.06818736 -0.1771569 4.098967
0.0421613 -0.1901167 4.004753
-0.03170662 1.02334 4.099397
-0.2457374 0.369714 3.975202
-0.2124447 0.4429807 3.959689
0.150215 0.3624852 3.970002
0.1227138 0.4501074 3.973074
2
-0.03185763 0.5385078 4.080151
-0.03207447 0.8169382 4.09445
-0.03135177 1.091975 4.096488
-0.03213654 1.238864 4.08175
-0.2015465 0.9691526 4.08564
-0.2528302 0.7304685 4.09085
-0.2518103 0.5114864 4.025141
-0.2441452 0.4464177 4.00203
0.1361928 0.9750697 4.106048
0.1844712 0.7400162 4.126789
0.1782459 0.5275007 4.0484
0.1530255 0.4419833 3.998708
-0.1073483 0.5427809 4.043815
-0.1472833 0.09264068 4.028922
-0.1580024 -0.2017803 4.10301
-0.1954492 -0.2296477 3.986849
0.04446938 0.5417168 4.050756
0.05706025 0.08329877 4.065548
0.06937204 -0.1983376 4.10113
0.01623375 -0.2123005 4.009
-0.03158862 1.023652 4.098174
-0.2455461 0.3699282 3.973196
-0.2117862 0.4501539 3.95791
0.1514384 0.364857 3.970971
0.1225037 0.4491526 3.971705
3
-0.03185763 0.5385078 4.080151
-0.03207447 0.8169382 4.09445
-0.03135177 1.091975 4.096488
-0.03213654 1.238864 4.08175
-0.2015465 0.9691526 4.08564
-0.2528302 0.7304685 4.09085
-0.2518103 0.5114864 4.025141
-0.2441452 0.4464177 4.00203
0.1361928 0.9750697 4.106048
0.1844712 0.7400162 4.126789
0.1782459 0.5275007 4.0484
0.1530255 0.4419833 3.998708
-0.1073483 0.5427809 4.043815
-0.1472833 0.09264068 4.028922
-0.1580024 -0.2017803 4.10301
-0.1954492 -0.2296477 3.986849
0.04446938 0.5417168 4.050756
0.05706025 0.08329877 4.065548
0.06937204 -0.1983376 4.10113
0.01623375 -0.2123005 4.009
-0.03158862 1.023652 4.098174
-0.2455461 0.3699282 3.973196
-0.2117862 0.4501539 3.95791
0.1514384 0.364857 3.970971
0.1225037 0.4491526 3.971705
4
-0.03192418 0.5387077 4.078213
-0.03194106 0.8171698 4.092464
-0.03109 1.092222 4.094621
-0.03192811 1.239028 4.080538
-0.20121 0.9696654 4.083539
-0.2526488 0.7302684 4.089642
-0.2514881 0.5118119 4.023441
-0.2439549 0.4464785 4.000079
0.1366307 0.9753683 4.103514
0.1853713 0.7410428 4.124849
0.1797388 0.5292644 4.045215
0.154684 0.4454851 3.997147
-0.1074199 0.5431066 4.042039
-0.1468755 0.0921904 4.026674
-0.1582208 -0.2018027 4.101418
-0.1956025 -0.2299135 3.985174
0.04437714 0.5417652 4.04868
0.0569269 0.08330014 4.064498
0.07011718 -0.2100198 4.102073
0.008372439 -0.2250754 4.006218
-0.03135433 1.023898 4.096265
-0.2458788 0.370052 3.972107
-0.2119118 0.4497839 3.95582
0.1528283 0.3686803 3.969327
0.125735 0.4559723 3.970306
5
-0.03192418 0.5387077 4.078213
-0.03194106 0.8171698 4.092464
-0.03109 1.092222 4.094621
-0.03192811 1.239028 4.080538
-0.20121 0.9696654 4.083539
-0.2526488 0.7302684 4.089642
-0.2514881 0.5118119 4.023441
-0.2439549 0.4464785 4.000079
0.1366307 0.9753683 4.103514
0.1853713 0.7410428 4.124849
0.1797388 0.5292644 4.045215
0.154684 0.4454851 3.997147
-0.1074199 0.5431066 4.042039
-0.1468755 0.0921904 4.026674
-0.1582208 -0.2018027 4.101418
-0.1956025 -0.2299135 3.985174
0.04437714 0.5417652 4.04868
0.0569269 0.08330014 4.064498
0.07011718 -0.2100198 4.102073
0.008372439 -0.2250754 4.006218
-0.03135433 1.023898 4.096265
-0.2458788 0.370052 3.972107
-0.2119118 0.4497839 3.95582
0.1528283 0.3686803 3.969327
0.125735 0.4559723 3.970306
6
-0.03192963 0.5388567 4.075846
-0.03175417 0.8173649 4.090379
-0.03081869 1.092433 4.092885
-0.03169742 1.239187 4.079267
-0.2006072 0.9699646 4.080933
-0.2523441 0.7299752 4.088216
-0.2508898 0.512117 4.021298
-0.2436812 0.4462749 3.997595
0.1369857 0.9757158 4.101155
0.1861445 0.7420862 4.122953
0.1809098 0.5307587 4.042602
0.1553715 0.4466666 3.996277
-0.1074013 0.5432302 4.039627
-0.1465893 0.09169896 4.024895
-0.1581294 -0.2018375 4.100047
-0.1960352 -0.2300221 3.984139
0.04431954 0.5418774 4.046375
0.05681078 0.08297466 4.063166
0.0708431 -0.2155177 4.1018
0.003269877 -0.2311693 4.005416
-0.03109897 1.024108 4.094441
-0.2457005 0.3704858 3.970146
-0.2145467 0.411188 3.94612
0.1539916 0.37179 3.96767
0.1259835 0.4563937 3.969325
7
-0.03192963 0.5388567 4.075846
-0.03175417 0.8173649 4.090379
-0.03081869 1.092433 4.092885
-0.03169742 1.239187 4.079267
-0.2006072 0.9699646 4.080933
-0.2523441 0.7299752 4.088216
-0.2508898 0.512117 4.021298
-0.2436812 0.4462749 3.997595
0.1369857 0.9757158 4.101155
0.1861445 0.7420862 4.122953
0.1809098 0.5307587 4.042602
0.1553715 0.4466666 3.996277
-0.1074013 0.5432302 4.039627
-0.1465893 0.09169896 4.024895
-0.1581294 -0.2018375 4.100047
-0.1960352 -0.2300221 3.984139
0.04431954 0.5418774 4.046375
0.05681078 0.08297466 4.063166
0.0708431 -0.2155177 4.1018
0.003269877 -0.2311693 4.005416
-0.03109897 1.024108 4.094441
-0.2457005 0.3704858 3.970146
-0.2145467 0.411188 3.94612
0.1539916 0.37179 3.96767
0.1259835 0.4563937 3.969325
8
-0.03194446 0.5389439 4.073457
-0.03154611 0.8175784 4.088217
-0.03049267 1.092746 4.091014
-0.03141819 1.239422 4.077915
-0.2000721 0.9701944 4.078753
-0.2519277 0.7297431 4.0865
-0.2504523 0.5123959 4.019365
-0.2433876 0.446202 3.994814
0.1373024 0.9760408 4.099116
0.1868055 0.7422162 4.120657
0.1818544 0.5310391 4.039907
0.1567402 0.4497194 3.994858
-0.107394 0.5433232 4.037591
-0.146328 0.09125467 4.023587
-0.1580668 -0.2019815 4.098164
-0.1970207 -0.2296922 3.983073
0.04425314 0.5418468 4.043408
0.05650289 0.08249541 4.060883
0.07130675 -0.2176081 4.101135
0.000814755 -0.2340235 4.004674
-0.03079757 1.024399 4.092496
-0.2450689 0.3711678 3.967742
-0.2144459 0.4129964 3.943577
0.1549638 0.3744671 3.967338
0.1281668 0.4593508 3.968361
9
-0.03194446 0.5389439 4.073457
-0.03154611 0.8175784 4.088217
-0.03049267 1.092746 4.091014
-0.03141819 1.239422 4.077915
-0.2000721 0.9701944 4.078753
-0.2519277 0.7297431 4.0865
-0.2504523 0.5123959 4.019365
-0.2433876 0.446202 3.994814
0.1373024 0.9760408 4.099116
0.1868055 0.7422162 4.120657
0.1818544 0.5310391 4.039907
0.1567402 0.4497194 3.994858
-0.107394 0.5433232 4.037591
-0.146328 0.09125467 4.023587
-0.1580668 -0.2019815 4.098164
-0.1970207 -0.2296922 3.983073
0.04425314 0.5418468 4.043408
0.05650289 0.08249541 4.060883
0.07130675 -0.2176081 4.101135
0.000814755 -0.2340235 4.004674
-0.03079757 1.024399 4.092496
-0.2450689 0.3711678 3.967742
-0.2144459 0.4129964 3.943577
0.1549638 0.3744671 3.967338
0.1281668 0.4593508 3.968361
10
-0.03176003 0.5389298 4.070701
-0.03129509 0.8177411 4.086005
-0.03022018 1.09302 4.08929
-0.0311081 1.239599 4.076714
-0.199367 0.9701101 4.076181
-0.2513958 0.7299221 4.084157
-0.2500592 0.5130204 4.01713
-0.2431824 0.446143 3.992595
0.1376072 0.976302 4.097157
0.1873641 0.7421335 4.118595
0.1825752 0.5312819 4.035966
0.1573564 0.4512237 3.993465
-0.1072117 0.5434147 4.035309
-0.1458569 0.09121969 4.021112
-0.1580308 -0.2022429 4.096241
-0.1981712 -0.2299062 3.98168
0.04438609 0.5416209 4.040153
0.05641502 0.08178455 4.057691
0.07155367 -0.217529 4.100028
0.005850415 -0.2352148 3.998488
-0.0305312 1.024651 4.090659
-0.244275 0.3720824 3.964449
-0.2145157 0.409811 3.941106
0.1565543 0.3778803 3.964944
0.1285805 0.4597729 3.966168
11
-0.03176003 0.5389298 4.070701
-0.03129509 0.8177411 4.086005
-0.03022018 1.09302 4.08929
-0.0311081 1.239599 4.076714
-0.199367 0.9701101 4.076181
-0.2513958 0.7299221 4.084157
-0.2500592 0.5130204 4.01713
-0.2431824 0.446143 3.992595
0.1376072 0.976302 4.097157
0.1873641 0.7421335 4.118595
0.1825752 0.5312819 4.035966
0.1573564 0.4512237 3.993465
-0.1072117 0.5434147 4.035309
-0.1458569 0.09121969 4.021112
-0.1580308 -0.2022429 4.096241
-0.1981712 -0.2299062 3.98168
0.04438609 0.5416209 4.040153
0.05641502 0.08178455 4.057691
0.07155367 -0.217529 4.100028
0.005850415 -0.2352148 3.998488
-0.0305312 1.024651 4.090659
-0.244275 0.3720824 3.964449
-0.2145157 0.409811 3.941106
0.1565543 0.3778803 3.964944
0.1285805 0.4597729 3.966168
12
-0.03159181 0.5389529 4.06798
-0.03104454 0.817902 4.083913
-0.02995712 1.093265 4.087754
-0.03074476 1.239734 4.075484
-0.1987296 0.9699551 4.073818
-0.2507913 0.7302466 4.081787
-0.2497524 0.5135913 4.015311
-0.2428662 0.4464155 3.990379
0.1378809 0.9765382 4.095403
0.1879275 0.7419105 4.116524
0.1831269 0.5312836 4.032848
0.157786 0.4516905 3.989753
-0.1070257 0.543533 4.032974
-0.1454249 0.09123909 4.019126
-0.1581277 -0.2006114 4.092926
-0.1994012 -0.227567 3.979221
0.0444872 0.5414777 4.037158
0.05689748 0.08135626 4.052027
0.07189994 -0.2219362 4.099354
0.01317613 -0.2420096 3.989331
-0.03026998 1.02488 4.088996
-0.2438948 0.3724494 3.963293
-0.211289 0.4370431 3.939409
0.1561963 0.378211 3.962262
0.1283197 0.4616875 3.963659
13
-0.03159181 0.5389529 4.06798
-0.03104454 0.817902 4.083913
-0.02995712 1.093265 4.087754
-0.03074476 1.239734 4.075484
-0.1987296 0.9699551 4.073818
-0.2507913 0.7302466 4.081787
-0.2497524 0.5135913 4.015311
-0.2428662 0.4464155 3.990379
0.1378809 0.9765382 4.095403
0.1879275 0.7419105 4.116524
0.1831269 0.5312836 4.032848
0.157786 0.4516905 3.989753
-0.1070257 0.543533 4.032974
-0.1454249 0.09123909 4.019126
-0.1581277 -0.2006114 4.092926
-0.1994012 -0.227567 3.979221
0.0444872 0.5414777 4.037158
0.05689748 0.08135626 4.052027
0.07189994 -0.2219362 4.099354
0.01317613 -0.2420096 3.989331
-0.03026998 1.02488 4.088996
-0.2438948 0.3724494 3.963293
-0.211289 0.4370431 3.939409
0.1561963 0.378211 3.962262
0.1283197 0.4616875 3.963659
14
-0.03134233 0.5390515 4.065118
-0.03074747 0.8180416 4.081719
-0.02968238 1.093437 4.086203
-0.03033573 1.239869 4.074194
-0.1980962 0.9698555 4.071402
-0.2501879 0.7305283 4.079322
-0.2494784 0.5141147 4.013308
-0.2426116 0.4468422 3.987613
0.1381963 0.976715 4.093844
0.1886972 0.7421223 4.113963
0.1839972 0.5316525 4.029901
0.1585864 0.4520359 3.98587
-0.1067807 0.543681 4.030726
-0.1450921 0.09116915 4.017396
-0.1584617 -0.1992434 4.089615
-0.2007072 -0.2253464 3.976827
0.04467899 0.5414852 4.033747
0.05738327 0.080998 4.046919
0.07217801 -0.224013 4.098141
0.01719444 -0.2459134 3.983613
-0.02998822 1.025046 4.087293
-0.2436137 0.3733253 3.959517
-0.2108866 0.4405717 3.93834
0.1574298 0.3789182 3.956561
0.1297121 0.4607709 3.959661
15
-0.03134233 0.5390515 4.065118
-0.03074747 0.8180416 4.081719
-0.02968238 1.093437 4.086203
-0.03033573 1.239869 4.074194
-0.1980962 0.9698555 4.071402
-0.2501879 0.7305283 4.079322
-0.2494784 0.5141147 4.013308
-0.2426116 0.4468422 3.987613
0.1381963 0.976715 4.093844
0.1886972 0.7421223 4.113963
0.1839972 0.5316525 4.029901
0.1585864 0.4520359 3.98587
-0.1067807 0.543681 4.030726
-0.1450921 0.09116915 4.017396
-0.1584617 -0.1992434 4.089615
-0.2007072 -0.2253464 3.976827
0.04467899 0.5414852 4.033747
0.05738327 0.080998 4.046919
0.07217801 -0.224013 4.098141
0.01719444 -0.2459134 3.983613
-0.02998822 1.025046 4.087293
-0.2436137 0.3733253 3.959517
-0.2108866 0.4405717 3.93834
0.1574298 0.3789182 3.956561
0.1297121 0.4607709 3.959661
16
-0.03143127 0.539291 4.061311
-0.03049199 0.8183016 4.078986
-0.0293054 1.093708 4.084345
-0.02993277 1.239997 4.072954
-0.1975551 0.9698306 4.069431
-0.2496388 0.7315212 4.077164
-0.2491834 0.5152568 4.011519
-0.2422998 0.4482893 3.985534
0.138547 0.9770101 4.092227
0.1893528 0.742351 4.111686
0.1846915 0.5320437 4.027238
0.1587929 0.4531472 3.983634
-0.1067314 0.5441194 4.027759
-0.1446054 0.09173961 4.014633
-0.1588568 -0.1997501 4.087193
-0.2016446 -0.2255572 3.975117
0.04436246 0.5414419 4.029137
0.05779087 0.08053332 4.042747
0.07252175 -0.2246531 4.096692
0.01835759 -0.2476575 3.98134
-0.02963029 1.025315 4.085236
-0.2439428 0.3759283 3.957417
-0.209639 0.4509936 3.93906
0.1580134 0.3803252 3.954293
0.1289376 0.4624158 3.956174
17
-0.03143127 0.539291 4.061311
-0.03049199 0.8183016 4.078986
-0.0293054 1.093708 4.084345
-0.02993277 1.239997 4.072954
-0.1975551 0.9698306 4.069431
-0.2496388 0.7315212 4.077164
-0.2491834 0.5152568 4.011519
-0.2422998 0.4482893 3.985534
0.138547 0.9770101 4.092227
0.1893528 0.742351 4.111686
0.1846915 0.5320437 4.027238
0.1587929 0.4531472 3.983634
-0.1067314 0.5441194 4.027759
-0.1446054 0.09173961 4.014633
-0.1588568 -0.1997501 4.087193
-0.2016446 -0.2255572 3.975117
0.04436246 0.5414419 4.029137
0.05779087 0.08053332 4.042747
0.07252175 -0.2246531 4.096692
0.01835759 -0.2476575 3.98134
-0.02963029 1.025315 4.085236
-0.2439428 0.3759283 3.957417
-0.209639 0.4509936 3.93906
0.1580134 0.3803252 3.954293
0.1289376 0.4624158 3.956174
18
-0.03151995 0.5395201 4.058327
-0.0302664 0.8185293 4.076806
-0.02893256 1.093943 4.082834
-0.02957059 1.240119 4.071853
-0.1970925 0.9698994 4.067664
-0.2490291 0.7322241 4.074827
-0.2488794 0.515932 4.009987
-0.2421199 0.4497874 3.983516
0.1388485 0.9772353 4.090916
0.1900078 0.7422768 4.109293
0.1852212 0.5320466 4.025047
0.1590672 0.4532052 3.980988
-0.1066969 0.5445219 4.025253
-0.1442607 0.09151197 4.012842
-0.1590341 -0.1996549 4.085468
-0.2023395 -0.2252866 3.973898
0.04410149 0.5414593 4.025745
0.058247 0.08021388 4.038498
0.0715531 -0.197403 4.089993
0.02949918 -0.2188572 3.985196
-0.02928736 1.025548 4.083568
-0.2447158 0.3779892 3.956023
-0.2191868 0.4215569 3.929193
0.1574467 0.3801044 3.949644
0.1279883 0.461455 3.951499
19
-0.03151995 0.5395201 4.058327
-0.0302664 0.8185293 4.076806
-0.02893256 1.093943 4.082834
-0.02957059 1.240119 4.071853
-0.1970925 0.9698994 4.067664
-0.2490291 0.7322241 4.074827
-0.2488794 0.515932 4.009987
-0.2421199 0.4497874 3.983516
0.1388485 0.9772353 4.090916
0.1900078 0.7422768 4.109293
0.1852212 0.5320466 4.025047
0.1590672 0.4532052 3.980988
-0.1066969 0.5445219 4.025253
-0.1442607 0.09151197 4.012842
-0.1590341 -0.1996549 4.085468
-0.2023395 -0.2252866 3.973898
0.04410149 0.5414593 4.025745
0.058247 0.08021388 4.038498
0.0715531 -0.197403 4.089993
0.02949918 -0.2188572 3.985196
-0.02928736 1.025548 4.083568
-0.2447158 0.3779892 3.956023
-0.2191868 0.4215569 3.929193
0.1574467 0.3801044 3.949644
0.1279883 0.461455 3.951499
20
-0.03161266 0.5397466 4.055861
-0.03007131 0.8187575 4.074833
-0.02856648 1.094174 4.08137
-0.02920367 1.240229 4.070772
-0.1967535 0.969959 4.066175
-0.2485348 0.7327724 4.072721
-0.248588 0.5164358 4.008667
-0.2418384 0.4513664 3.981697
0.1391645 0.9774591 4.089709
0.1906274 0.7420143 4.106743
0.185678 0.5318199 4.023274
0.159185 0.4533149 3.979393
-0.1067627 0.5447665 4.022677
-0.1441108 0.09323344 4.005539
-0.1591814 -0.1990173 4.083572
-0.2014647 -0.2266272 3.972002
0.04392882 0.541638 4.0232
0.05857237 0.0800922 4.033849
0.0718736 -0.1924407 4.086832
0.03072437 -0.2142216 3.985126
-0.02895798 1.025779 4.081975
-0.2450106 0.3796641 3.954603
-0.2180135 0.4294603 3.930234
0.1565333 0.3793376 3.946557
0.1263101 0.4592126 3.945133
21
-0.03161266 0.5397466 4.055861
-0.03007131 0.8187575 4.074833
-0.02856648 1.094174 4.08137
-0.02920367 1.240229 4.070772
-0.1967535 0.969959 4.066175
-0.2485348 0.7327724 4.072721
-0.248588 0.5164358 4.008667
-0.2418384 0.4513664 3.981697
0.1391645 0.9774591 4.089709
0.1906274 0.7420143 4.106743
0.185678 0.5318199 4.023274
0.159185 0.4533149 3.979393
-0.1067627 0.5447665 4.022677
-0.1441108 0.09323344 4.005539
-0.1591814 -0.1990173 4.083572
-0.2014647 -0.2266272 3.972002
0.04392882 0.541638 4.0232
0.05857237 0.0800922 4.033849
0.0718736 -0.1924407 4.086832
0.03072437 -0.2142216 3.985126
-0.02895798 1.025779 4.081975
-0.2450106 0.3796641 3.954603
-0.2180135 0.4294603 3.930234
0.1565333 0.3793376 3.946557
0.1263101 0.4592126 3.945133
22
-0.03162659 0.5400093 4.053742
-0.02985467 0.818959 4.073067
-0.02819643 1.094333 4.080011
-0.02885202 1.240314 4.06981
-0.1963962 0.97008 4.064682
-0.2481235 0.7331748 4.070914
-0.2484174 0.5169789 4.006814
-0.2414837 0.4526643 3.979862
0.1395447 0.9776143 4.088584
0.1912617 0.7420723 4.104527
0.1860033 0.5317771 4.022017
0.1593989 0.45333 3.977934
-0.1067358 0.545054 4.020329
-0.1438566 0.09291656 4.002245
-0.1588608 -0.1908527 4.080194
-0.1963856 -0.2191007 3.970134
0.04383997 0.5418509 4.021201
0.05895009 0.08049118 4.028981
0.07207349 -0.18982 4.083631
0.03084028 -0.2120046 3.983802
-0.02862201 1.025947 4.080508
-0.2452619 0.3814315 3.952916
-0.2145827 0.4434551 3.927992
0.1560267 0.3791369 3.942728
0.1269216 0.4620991 3.942582
23
-0.03162659 0.5400093 4.053742
-0.02985467 0.818959 4.073067
-0.02819643 1.094333 4.080011
-0.02885202 1.240314 4.06981
-0.1963962 0.97008 4.064682
-0.2481235 0.7331748 4.070914
-0.2484174 0.5169789 4.006814
-0.2414837 0.4526643 3.979862
0.1395447 0.9776143 4.088584
0.1912617 0.7420723 4.104527
0.1860033 0.5317771 4.022017
0.1593989 0.45333 3.977934
-0.1067358 0.545054 4.020329
-0.1438566 0.09291656 4.002245
-0.1588608 -0.1908527 4.080194
-0.1963856 -0.2191007 3.970134
0.04383997 0.5418509 4.021201
0.05895009 0.08049118 4.028981
0.07207349 -0.18982 4.083631
0.03084028 -0.2120046 3.983802
-0.02862201 1.025947 4.080508
-0.2452619 0.3814315 3.952916
-0.2145827 0.4434551 3.927992
0.1560267 0.3791369 3.942728
0.1269216 0.4620991 3.942582
24
-0.0315796 0.5402573 4.050787
-0.02952466 0.8192016 4.070569
-0.02767022 1.094563 4.078099
-0.02843976 1.240431 4.068749
-0.1959236 0.9703206 4.06272
-0.247658 0.7333361 4.067931
-0.2483475 0.5172879 4.003504
-0.241032 0.4533563 3.976513
0.1401546 0.9777887 4.086533
0.1917454 0.7419137 4.101593
0.1865476 0.5318245 4.017856
0.160343 0.4562152 3.97367
-0.1066023 0.54551 4.016665
-0.1439796 0.09014524 3.998327
-0.1587515 -0.1887219 4.077889
-0.1950585 -0.2177972 3.96924
0.0437947 0.5419674 4.018893
0.06097366 0.07724643 4.02118
0.07565813 -0.2461158 4.092002
0.0416135 -0.2731083 3.975817
-0.02813751 1.026182 4.078439
-0.2448697 0.3814305 3.948714
-0.2129764 0.4492424 3.924834
0.1561093 0.3814993 3.938239
0.1287542 0.4690188 3.940338
25
-0.0315796 0.5402573 4.050787
-0.02952466 0.8192016 4.070569
-0.02767022 1.094563 4.078099
-0.02843976 1.240431 4.068749
-0.1959236 0.9703206 4.06272
-0.247658 0.7333361 4.067931
-0.2483475 0.5172879 4.003504
-0.241032 0.4533563 3.976513
0.1401546 0.9777887 4.086533
0.1917454 0.7419137 4.101593
0.1865476 0.5318245 4.017856
0.160343 0.4562152 3.97367
-0.1066023 0.54551 4.016665
-0.1439796 0.09014524 3.998327
-0.1587515 -0.1887219 4.077889
-0.1950585 -0.2177972 3.96924
0.0437947 0.5419674 4.018893
0.06097366 0.07724643 4.02118
0.07565813 -0.2461158 4.092002
0.0416135 -0.2731083 3.975817
-0.02813751 1.026182 4.078439
-0.2448697 0.3814305 3.948714
-0.2129764 0.4492424 3.924834
0.1561093 0.3814993 3.938239
0.1287542 0.4690188 3.940338
26
-0.03175552 0.5405785 4.048183
-0.02927258 0.8194315 4.068578
-0.02716473 1.094794 4.076588
-0.02807939 1.240559 4.067878
-0.1955508 0.9705244 4.06117
-0.2471905 0.7332869 4.06581
-0.2482724 0.5173513 4.000975
-0.2408607 0.4537083 3.975489
0.1406645 0.9779428 4.084966
0.1921169 0.7417468 4.099315
0.1867243 0.5321113 4.013275
0.1609926 0.4578021 3.970673
-0.1067001 0.5460441 4.013532
-0.1439265 0.08924756 3.996029
-0.158069 -0.1754272 4.07289
-0.190668 -0.2030165 3.971887
0.04356613 0.5421392 4.016863
0.06191038 0.07599833 4.016902
0.07689294 -0.2619228 4.092976
0.03636194 -0.290826 3.97257
-0.02770237 1.026407 4.076796
-0.2449814 0.3815042 3.947384
-0.2121931 0.4522351 3.925085
0.1578338 0.3837746 3.934614
0.1283057 0.4717692 3.939062
27
-0.03175552 0.5405785 4.048183
-0.02927258 0.8194315 4.068578
-0.02716473 1.094794 4.076588
-0.02807939 1.240559 4.067878
-0.1955508 0.9705244 4.06117
-0.2471905 0.7332869 4.06581
-0.2482724 0.5173513 4.000975
-0.2408607 0.4537083 3.975489
0.1406645 0.9779428 4.084966
0.1921169 0.7417468 4.099315
0.1867243 0.5321113 4.013275
0.1609926 0.4578021 3.970673
-0.1067001 0.5460441 4.013532
-0.1439265 0.08924756 3.996029
-0.158069 -0.1754272 4.07289
-0.190668 -0.2030165 3.971887
0.04356613 0.5421392 4.016863
0.06191038 0.07599833 4.016902
0.07689294 -0.2619228 4.092976
0.03636194 -0.290826 3.97257
-0.02770237 1.026407 4.076796
-0.2449814 0.3815042 3.947384
-0.2121931 0.4522351 3.925085
0.1578338 0.3837746 3.934614
0.1283057 0.4717692 3.939062
28
-0.03202445 0.5409015 4.045882
-0.02911107 0.8196378 4.066983
-0.02676813 1.094986 4.075418
-0.02777521 1.240673 4.067172
-0.1952571 0.9706896 4.059916
-0.2467783 0.7331082 4.064063
-0.2482945 0.5172635 3.998721
-0.2405837 0.4539584 3.974065
0.1410169 0.9780713 4.083657
0.1930899 0.7416776 4.09549
0.1930076 0.524958 3.979481
0.1652564 0.448285 3.953716
-0.1069261 0.5464906 4.010786
-0.1438706 0.0885554 3.994498
-0.1581984 -0.1775156 4.072553
-0.1905685 -0.205951 3.96968
0.04328205 0.5423715 4.015089
0.06243317 0.07531888 4.014103
0.07457206 -0.2065844 4.078109
0.02910278 -0.2288238 3.988782
-0.02736629 1.026593 4.075518
-0.2451187 0.3813452 3.945573
-0.2116518 0.452868 3.924339
0.1572305 0.3723181 3.918254
0.1303693 0.4578734 3.92752
29
-0.03202445 0.5409015 4.045882
-0.02911107 0.8196378 4.066983
-0.02676813 1.094986 4.075418
-0.02777521 1.240673 4.067172
-0.1952571 0.9706896 4.059916
-0.2467783 0.7331082 4.064063
-0.2482945 0.5172635 3.998721
-0.2405837 0.4539584 3.974065
0.1410169 0.9780713 4.083657
0.1930899 0.7416776 4.09549
0.1930076 0.524958 3.979481
0.1652564 0.448285 3.953716
-0.1069261 0.5464906 4.010786
-0.1438706 0.0885554 3.994498
-0.1581984 -0.1775156 4.072553
-0.1905685 -0.205951 3.96968
0.04328205 0.5423715 4.015089
0.06243317 0.07531888 4.014103
0.07457206 -0.2065844 4.078109
0.02910278 -0.2288238 3.988782
-0.02736629 1.026593 4.075518
-0.2451187 0.3813452 3.945573
-0.2116518 0.452868 3.924339
0.1572305 0.3723181 3.918254
0.1303693 0.4578734 3.92752
30
-0.03227793 0.5412744 4.043858
-0.02900489 0.8198237 4.065741
-0.02649484 1.09514 4.074601
-0.02751823 1.240776 4.066618
-0.1950367 0.9708371 4.058903
-0.2464923 0.7330011 4.062685
-0.248298 0.517224 3.997093
-0.2404608 0.4540702 3.972943
0.1412634 0.9782858 4.082733
0.1987028 0.7465857 4.083831
0.2111948 0.5501386 3.943035
0.1897189 0.4671498 3.911939
-0.1071153 0.5469854 4.008317
-0.1438105 0.08812764 3.993431
-0.1561397 -0.1506079 4.064053
-0.169486 -0.1702702 3.995255
0.04300585 0.5426498 4.013577
0.06277391 0.07487102 4.012223
0.07374767 -0.1854803 4.07149
0.02597873 -0.2050628 3.994312
-0.02712713 1.026748 4.074581
-0.245015 0.3811298 3.944601
-0.2110856 0.4530025 3.924206
0.1836641 0.3987179 3.882731
0.1541166 0.4729342 3.903725
31
-0.03227793 0.5412744 4.043858
-0.02900489 0.8198237 4.065741
-0.02649484 1.09514 4.074601
-0.02751823 1.240776 4.066618
-0.1950367 0.9708371 4.058903
-0.2464923 0.7330011 4.062685
-0.248298 0.517224 3.997093
-0.2404608 0.4540702 3.972943
0.1412634 0.9782858 4.082733
0.1987028 0.7465857 4.083831
0.2111948 0.5501386 3.943035
0.1897189 0.4671498 3.911939
-0.1071153 0.5469854 4.008317
-0.1438105 0.08812764 3.993431
-0.1561397 -0.1506079 4.064053
-0.169486 -0.1702702 3.995255
0.04300585 0.5426498 4.013577
0.06277391 0.07487102 4.012223
0.07374767 -0.1854803 4.07149
0.02597873 -0.2050628 3.994312
-0.02712713 1.026748 4.074581
-0.245015 0.3811298 3.944601
-0.2110856 0.4530025 3.924206
0.1836641 0.3987179 3.882731
0.1541166 0.4729342 3.903725
32
-0.03259115 0.5416147 4.042156
-0.02894892 0.819981 4.064782
-0.02629469 1.09526 4.074018
-0.02730708 1.240873 4.066221
-0.1948184 0.9710814 4.057903
-0.2463324 0.7329155 4.061476
-0.2482344 0.5172092 3.995515
-0.2403002 0.4539268 3.971728
0.1414271 0.9784036 4.082218
0.214906 0.7628597 4.062662
0.2321511 0.5827091 3.878835
0.2189447 0.5110413 3.842465
-0.1075068 0.5473687 4.005826
-0.1436628 0.08614852 3.99435
-0.1556991 -0.1502614 4.062666
-0.17395 -0.1681276 3.997624
0.0427184 0.5429381 4.012406
0.06300949 0.07457589 4.010919
0.07279173 -0.1709839 4.06595
0.02457158 -0.1883328 3.997108
-0.02695294 1.026873 4.073891
-0.2449068 0.380876 3.943923
-0.214569 0.4183762 3.923302
0.2187231 0.4459438 3.818119
0.1840179 0.5131829 3.837872
33
-0.03259115 0.5416147 4.042156
-0.02894892 0.819981 4.064782
-0.02629469 1.09526 4.074018
-0.02730708 1.240873 4.066221
-0.1948184 0.9710814 4.057903
-0.2463324 0.7329155 4.061476
-0.2482344 0.5172092 3.995515
-0.2403002 0.4539268 3.971728
0.1414271 0.9784036 4.082218
0.214906 0.7628597 4.062662
0.2321511 0.5827091 3.878835
0.2189447 0.5110413 3.842465
-0.1075068 0.5473687 4.005826
-0.1436628 0.08614852 3.99435
-0.1556991 -0.1502614 4.062666
-0.17395 -0.1681276 3.997624
0.0427184 0.5429381 4.012406
0.06300949 0.07457589 4.010919
0.07279173 -0.1709839 4.06595
0.02457158 -0.1883328 3.997108
-0.02695294 1.026873 4.073891
-0.2449068 0.380876 3.943923
-0.214569 0.4183762 3.923302
0.2187231 0.4459438 3.818119
0.1840179 0.5131829 3.837872
34
-0.03374403 0.5419722 4.040257
-0.02904053 0.8201181 4.064024
-0.02616994 1.095338 4.073647
-0.02710673 1.240952 4.065934
-0.1946663 0.9713151 4.057084
-0.2462282 0.732685 4.060352
-0.2482065 0.5170251 3.994162
-0.2401077 0.4539089 3.970964
0.1415382 0.9784865 4.081855
0.2365406 0.7792747 4.041095
0.2622047 0.6547892 3.810752
0.2574495 0.5984591 3.753509
-0.1090299 0.5480042 4.003084
-0.1444349 0.0786542 3.998415
-0.1569284 -0.1508612 4.060757
-0.1734226 -0.1661969 4.000992
0.04183801 0.5431191 4.01117
0.06316474 0.07438656 4.009982
0.07220854 -0.1645467 4.063039
0.0238903 -0.1808698 3.997767
-0.02685268 1.026959 4.073436
-0.2445936 0.3805421 3.943574
-0.2153216 0.3945785 3.919366
0.2663316 0.555405 3.729124
0.2468675 0.6141817 3.730561
35
-0.03374403 0.5419722 4.040257
-0.02904053 0.8201181 4.064024
-0.02616994 1.095338 4.073647
-0.02710673 1.240952 4.065934
-0.1946663 0.9713151 4.057084
-0.2462282 0.732685 4.060352
-0.2482065 0.5170251 3.994162
-0.2401077 0.4539089 3.970964
0.1415382 0.9784865 4.081855
0.2365406 0.7792747 4.041095
0.2622047 0.6547892 3.810752
0.2574495 0.5984591 3.753509
-0.1090299 0.5480042 4.003084
-0.1444349 0.0786542 3.998415
-0.1569284 -0.1508612 4.060757
-0.1734226 -0.1661969 4.000992
0.04183801 0.5431191 4.01117
0.06316474 0.07438656 4.009982
0.07220854 -0.1645467 4.063039
0.0238903 -0.1808698 3.997767
-0.02685268 1.026959 4.073436
-0.2445936 0.3805421 3.943574
-0.2153216 0.3945785 3.919366
0.2663316 0.555405 3.729124
0.2468675 0.6141817 3.730561
36
-0.03511529 0.5423446 4.038494
-0.02918751 0.8202676 4.063414
-0.02605925 1.095438 4.0734
-0.02688329 1.241058 4.06571
-0.1944837 0.9715951 4.056299
-0.2471386 0.7348998 4.058379
-0.2482222 0.518486 3.993229
-0.2399694 0.4542796 3.970358
0.1416206 0.9785482 4.081596
0.26271 0.7982794 4.018882
0.2774648 0.7000052 3.778084
0.2998545 0.7408475 3.677582
-0.1110004 0.5490133 4.000268
-0.144799 0.0748625 4.000792
-0.1575368 -0.1521865 4.060304
-0.1741854 -0.1663084 4.002863
0.04080997 0.5431934 4.0101
0.06316366 0.07450199 4.009461
0.07212444 -0.1683119 4.063238
0.02705076 -0.1866848 3.987791
-0.02677876 1.027045 4.073113
-0.2446236 0.381418 3.942624
-0.2089733 0.4266636 3.925738
0.3143909 0.7357161 3.643389
0.2832209 0.7619646 3.680753
37
-0.03511529 0.5423446 4.038494
-0.02918751 0.8202676 4.063414
-0.02605925 1.095438 4.0734
-0.02688329 1.241058 4.06571
-0.1944837 0.9715951 4.056299
-0.2471386 0.7348998 4.058379
-0.2482222 0.518486 3.993229
-0.2399694 0.4542796 3.970358
0.1416206 0.9785482 4.081596
0.26271 0.7982794 4.018882
0.2774648 0.7000052 3.778084
0.2998545 0.7408475 3.677582
-0.1110004 0.5490133 4.000268
-0.144799 0.0748625 4.000792
-0.1575368 -0.1521865 4.060304
-0.1741854 -0.1663084 4.002863
0.04080997 0.5431934 4.0101
0.06316366 0.07450199 4.009461
0.07212444 -0.1683119 4.063238
0.02705076 -0.1866848 3.987791
-0.02677876 1.027045 4.073113
-0.2446236 0.381418 3.942624
-0.2089733 0.4266636 3.925738
0.3143909 0.7357161 3.643389
0.2832209 0.7619646 3.680753
38
-0.03628454 0.5426804 4.037177
-0.02936254 0.8204301 4.06299
-0.02594358 1.095658 4.073526
-0.02633283 1.241205 4.065733
-0.1943313 0.9718464 4.05566
-0.2480644 0.7366253 4.056818
-0.2482547 0.5196468 3.992537
-0.2398643 0.454558 3.969992
0.1416821 0.9786015 4.081424
0.2995885 0.8323581 3.996224
0.3198858 0.8557768 3.75408
0.3233878 0.9209675 3.669783
-0.1125313 0.5497964 3.99823
-0.1448709 0.07455931 4.001014
-0.1580049 -0.1538858 4.060513
-0.1764214 -0.1694371 3.99674
0.0398443 0.543318 4.009359
0.06278728 0.07561764 4.009619
0.07260342 -0.1917747 4.068244
0.02630057 -0.2146842 3.971506
-0.02673885 1.027196 4.073004
-0.2444918 0.3819664 3.942538
-0.2049958 0.4474897 3.929912
0.3509374 0.9324312 3.610315
0.3027141 0.940114 3.647886
39
-0.03628454 0.5426804 4.037177
-0.02936254 0.8204301 4.06299
-0.02594358 1.095658 4.073526
-0.02633283 1.241205 4.065733
-0.1943313 0.9718464 4.05566
-0.2480644 0.7366253 4.056818
-0.2482547 0.5196468 3.992537
-0.2398643 0.454558 3.969992
0.1416821 0.9786015 4.081424
0.2995885 0.8323581 3.996224
0.3198858 0.8557768 3.75408
0.3233878 0.9209675 3.669783
-0.1125313 0.5497964 3.99823
-0.1448709 0.07455931 4.001014
-0.1580049 -0.1538858 4.060513
-0.1764214 -0.1694371 3.99674
0.0398443 0.543318 4.009359
0.06278728 0.07561764 4.009619
0.07260342 -0.1917747 4.068244
0.02630057 -0.2146842 3.971506
-0.02673885 1.027196 4.073004
-0.2444918 0.3819664 3.942538
-0.2049958 0.4474897 3.929912
0.3509374 0.9324312 3.610315
0.3027141 0.940114 3.647886
40
-0.03717328 0.5429879 4.0362
-0.02950514 0.8205738 4.062697
-0.02569209 1.095873 4.074091
-0.02553378 1.241346 4.065872
-0.1939954 0.9721823 4.054842
-0.2498427 0.7397355 4.054514
-0.2485247 0.5218678 3.991742
-0.2396532 0.4561775 3.969287
0.1417481 0.9786832 4.081326
0.3316066 0.8958686 3.957388
0.3329507 1.024116 3.732372
0.3261969 1.094165 3.660623
-0.1136126 0.5504073 3.996748
-0.1449179 0.07488517 4.001098
-0.1584117 -0.1539742 4.060363
-0.1766992 -0.1698651 3.994835
0.03908499 0.5434805 4.00884
0.06191937 0.07835975 4.010378
0.07415875 -0.2443998 4.079449
0.01162759 -0.2687458 3.976765
-0.02664952 1.027363 4.073153
-0.2442389 0.385302 3.943022
-0.2046657 0.4481208 3.929039
0.3396145 1.121914 3.611809
0.2993045 1.101483 3.65664
41
-0.03717328 0.5429879 4.0362
-0.02950514 0.8205738 4.062697
-0.02569209 1.095873 4.074091
-0.02553378 1.241346 4.065872
-0.1939954 0.9721823 4.054842
-0.2498427 0.7397355 4.054514
-0.2485247 0.5218678 3.991742
-0.2396532 0.4561775 3.969287
0.1417481 0.9786832 4.081326
0.3316066 0.8958686 3.957388
0.3329507 1.024116 3.732372
0.3261969 1.094165 3.660623
-0.1136126 0.5504073 3.996748
-0.1449179 0.07488517 4.001098
-0.1584117 -0.1539742 4.060363
-0.1766992 -0.1698651 3.994835
0.03908499 0.5434805 4.00884
0.06191937 0.07835975 4.010378
0.07415875 -0.2443998 4.079449
0.01162759 -0.2687458 3.976765
-0.02664952 1.027363 4.073153
-0.2442389 0.385302 3.943022
-0.2046657 0.4481208 3.929039
0.3396145 1.121914 3.611809
0.2993045 1.101483 3.65664
42
-0.03788582 0.5433481 4.035577
-0.02965356 0.8207475 4.06252
-0.02542497 1.096093 4.07477
-0.02405795 1.241576 4.066275
-0.193609 0.9725855 4.054131
-0.2511917 0.7423148 4.052742
-0.2490093 0.5241681 3.990799
-0.2393354 0.4580481 3.968261
0.1418507 0.9788728 4.081266
0.3496008 0.9689681 3.930213
0.3272395 1.155422 3.752386
0.3179337 1.236197 3.685181
-0.1144507 0.5509751 3.995753
-0.1449569 0.07522163 4.001407
-0.1587293 -0.1542244 4.060321
-0.1768807 -0.1704487 3.992891
0.0384581 0.5437412 4.008612
0.06102675 0.08094968 4.011247
0.07499549 -0.2868375 4.08774
0.005609659 -0.3112954 3.982815
-0.02654645 1.027557 4.07345
-0.2439194 0.388562 3.942092
-0.2039112 0.451976 3.92984
0.3234503 1.280829 3.642681
0.2814156 1.234433 3.659984
43
-0.03788582 0.5433481 4.035577
-0.02965356 0.8207475 4.06252
-0.02542497 1.096093 4.07477
-0.02405795 1.241576 4.066275
-0.193609 0.9725855 4.054131
-0.2511917 0.7423148 4.052742
-0.2490093 0.5241681 3.990799
-0.2393354 0.4580481 3.968261
0.1418507 0.9788728 4.081266
0.3496008 0.9689681 3.930213
0.3272395 1.155422 3.752386
0.3179337 1.236197 3.685181
-0.1144507 0.5509751 3.995753
-0.1449569 0.07522163 4.001407
-0.1587293 -0.1542244 4.060321
-0.1768807 -0.1704487 3.992891
0.0384581 0.5437412 4.008612
0.06102675 0.08094968 4.011247
0.07499549 -0.2868375 4.08774
0.005609659 -0.3112954 3.982815
-0.02654645 1.027557 4.07345
-0.2439194 0.388562 3.942092
-0.2039112 0.451976 3.92984
0.3234503 1.280829 3.642681
0.2814156 1.234433 3.659984
44
-0.03850275 0.5440171 4.035219
-0.0298117 0.8210703 4.062504
-0.02509054 1.096373 4.075678
-0.02227602 1.241738 4.066753
-0.1931506 0.9731143 4.053503
-0.2522018 0.7444927 4.051476
-0.2494569 0.5264273 3.989913
-0.2390992 0.4598056 3.967474
0.1428985 0.9804657 4.080874
0.3510767 1.04153 3.913312
0.3132408 1.247414 3.784307
0.2926171 1.330237 3.740164
-0.1151452 0.5518597 3.995184
-0.1449281 0.07601783 4.001715
-0.1590119 -0.1550003 4.060637
-0.1770794 -0.171849 3.990259
0.037923 0.5442576 4.008566
0.05957177 0.08290372 4.013623
0.07458486 -0.3004723 4.08963
0.00906612 -0.3252268 3.97771
-0.02638485 1.02785 4.074002
-0.2436305 0.3913384 3.940889
-0.2027438 0.462523 3.931556
0.2908494 1.391918 3.697797
0.2569647 1.328183 3.705353
45
-0.03850275 0.5440171 4.035219
-0.0298117 0.8210703 4.062504
-0.02509054 1.096373 4.075678
-0.02227602 1.241738 4.066753
-0.1931506 0.9731143 4.053503
-0.2522018 0.7444927 4.051476
-0.2494569 0.5264273 3.989913
-0.2390992 0.4598056 3.967474
0.1428985 0.9804657 4.080874
0.3510767 1.04153 3.913312
0.3132408 1.247414 3.784307
0.2926171 1.330237 3.740164
-0.1151452 0.5518597 3.995184
-0.1449281 0.07601783 4.001715
-0.1590119 -0.1550003 4.060637
-0.1770794 -0.171849 3.990259
0.037923 0.5442576 4.008566
0.05957177 0.08290372 4.013623
0.07458486 -0.3004723 4.08963
0.00906612 -0.3252268 3.97771
-0.02638485 1.02785 4.074002
-0.2436305 0.3913384 3.940889
-0.2027438 0.462523 3.931556
0.2908494 1.391918 3.697797
0.2569647 1.328183 3.705353
46
-0.03914652 0.54532 4.035206
-0.0299901 0.8216375 4.062658
-0.02474955 1.096683 4.076579
-0.02022941 1.241827 4.067297
-0.1924995 0.9739299 4.052925
-0.2535211 0.7519392 4.049745
-0.251112 0.535244 3.98734
-0.2388546 0.4643036 3.966827
0.1452637 0.9858223 4.078086
0.3371223 1.105601 3.907523
0.2842943 1.342001 3.817725
0.2681095 1.430113 3.792348
-0.1158565 0.5532621 3.9951
-0.1449045 0.07709637 4.002022
-0.1594051 -0.1556197 4.06099
-0.1766936 -0.1730891 3.987797
0.03740211 0.545453 4.008809
0.05843492 0.08461444 4.015512
0.07470582 -0.3015952 4.090432
0.01088929 -0.3261725 3.977595
-0.02619558 1.028218 4.074644
-0.2417649 0.3977599 3.93871
-0.2012077 0.493779 3.937623
0.2657333 1.491483 3.761526
0.2346225 1.449944 3.748424
47
-0.03914652 0.54532 4.035206
-0.0299901 0.8216375 4.062658
-0.02474955 1.096683 4.076579
-0.02022941 1.241827 4.067297
-0.1924995 0.9739299 4.052925
-0.2535211 0.7519392 4.049745
-0.251112 0.535244 3.98734
-0.2388546 0.4643036 3.966827
0.1452637 0.9858223 4.078086
0.3371223 1.105601 3.907523
0.2842943 1.342001 3.817725
0.2681095 1.430113 3.792348
-0.1158565 0.5532621 3.9951
-0.1449045 0.07709637 4.002022
-0.1594051 -0.1556197 4.06099
-0.1766936 -0.1730891 3.987797
0.03740211 0.545453 4.008809
0.05843492 0.08461444 4.015512
0.07470582 -0.3015952 4.090432
0.01088929 -0.3261725 3.977595
-0.02619558 1.028218 4.074644
-0.2417649 0.3977599 3.93871
-0.2012077 0.493779 3.937623
0.2657333 1.491483 3.761526
0.2346225 1.449944 3.748424
48
-0.03974732 0.5470148 4.035494
-0.03014543 0.8225537 4.062998
-0.02428301 1.097189 4.077533
-0.01841564 1.242003 4.067756
-0.1918213 0.9748006 4.052447
-0.25388 0.7570401 4.048782
-0.2515831 0.5369465 3.986474
-0.238724 0.4653079 3.966426
0.1469647 0.9917368 4.074927
0.324428 1.126679 3.911328
0.2617542 1.418344 3.856628
0.2439183 1.501472 3.847991
-0.1165637 0.5550116 3.995619
-0.144854 0.08034005 4.002311
-0.1598942 -0.1568214 4.061775
-0.1769375 -0.1756002 3.982567
0.03696199 0.5471989 4.009164
0.05743823 0.08581698 4.017265
0.07438792 -0.2910475 4.088886
0.01195803 -0.3149502 3.977887
-0.02588728 1.028819 4.075425
-0.2421752 0.3983323 3.938103
-0.2006213 0.4991464 3.938528
0.244413 1.56945 3.809515
0.204071 1.483775 3.812604
49
-0.03974732 0.5470148 4.035494
-0.03014543 0.8225537 4.062998
-0.02428301 1.097189 4.077533
-0.01841564 1.242003 4.067756
-0.1918213 0.9748006 4.052447
-0.25388 0.7570401 4.048782
-0.2515831 0.5369465 3.986474
-0.238724 0.4653079 3.966426
0.1469647 0.9917368 4.074927
0.324428 1.126679 3.911328
0.2617542 1.418344 3.856628
0.2439183 1.501472 3.847991
-0.1165637 0.5550116 3.995619
-0.144854 0.08034005 4.002311
-0.1598942 -0.1568214 4.061775
-0.1769375 -0.1756002 3.982567
0.03696199 0.5471989 4.009164
0.05743823 0.08581698 4.017265
0.07438792 -0.2910475 4.088886
0.01195803 -0.3149502 3.977887
-0.02588728 1.028819 4.075425
-0.2421752 0.3983323 3.938103
-0.2006213 0.4991464 3.938528
0.244413 1.56945 3.809515
0.204071 1.483775 3.812604
50
-0.04029805 0.5493592 4.036175
-0.03026216 0.8236493 4.063461
-0.02382822 1.097664 4.078389
-0.01675339 1.242263 4.0682
-0.1908107 0.9760554 4.052158
-0.2539467 0.7605721 4.048226
-0.2520156 0.5387473 3.986212
-0.2386269 0.4666394 3.96649
0.1488889 1.00014 4.071215
0.3141509 1.159034 3.913584
0.2407632 1.430282 3.904892
0.2196857 1.509963 3.910947
-0.1171892 0.557585 3.997109
-0.1450324 0.08256482 4.002867
-0.1602199 -0.1572215 4.062243
-0.1773397 -0.1763656 3.980553
0.03656241 0.5495138 4.009576
0.05680411 0.08597077 4.019416
0.07103205 -0.2188147 4.076325
0.01977073 -0.2379797 3.986499
-0.02556208 1.02942 4.07618
-0.2426563 0.3993354 3.938608
-0.2001249 0.5029265 3.939619
0.2133787 1.573859 3.897621
0.1819313 1.509481 3.88946
51
-0.04029805 0.5493592 4.036175
-0.03026216 0.8236493 4.063461
-0.02382822 1.097664 4.078389
-0.01675339 1.242263 4.0682
-0.1908107 0.9760554 4.052158
-0.2539467 0.7605721 4.048226
-0.2520156 0.5387473 3.986212
-0.2386269 0.4666394 3.96649
0.1488889 1.00014 4.071215
0.3141509 1.159034 3.913584
0.2407632 1.430282 3.904892
0.2196857 1.509963 3.910947
-0.1171892 0.557585 3.997109
-0.1450324 0.08256482 4.002867
-0.1602199 -0.1572215 4.062243
-0.1773397 -0.1763656 3.980553
0.03656241 0.5495138 4.009576
0.05680411 0.08597077 4.019416
0.07103205 -0.2188147 4.076325
0.01977073 -0.2379797 3.986499
-0.02556208 1.02942 4.07618
-0.2426563 0.3993354 3.938608
-0.2001249 0.5029265 3.939619
0.2133787 1.573859 3.897621
0.1819313 1.509481 3.88946
52
-0.04062422 0.5521961 4.036895
-0.03032176 0.8249601 4.063972
-0.0234136 1.098113 4.079136
-0.01542962 1.242501 4.068532
-0.1896448 0.9773719 4.052042
-0.2537969 0.762913 4.04792
-0.2522103 0.5399477 3.986105
-0.2384129 0.4681163 3.966618
0.1500706 1.008041 4.068599
0.3062766 1.169929 3.918607
0.2215138 1.464124 3.947268
0.1993157 1.528791 3.957582
-0.1175873 0.5601555 3.998711
-0.1452011 0.08521654 4.003118
-0.1606486 -0.1577037 4.06274
-0.1778709 -0.1774448 3.977847
0.03646104 0.5530291 4.009646
0.0563032 0.08567408 4.021764
0.06908832 -0.1795429 4.069902
0.02219518 -0.1955053 3.994412
-0.02524085 1.030031 4.076887
-0.242726 0.3999796 3.939104
-0.2003691 0.4989019 3.941236
0.188593 1.597658 3.954065
0.159692 1.518581 3.935569
53
-0.04062422 0.5521961 4.036895
-0.03032176 0.8249601 4.063972
-0.0234136 1.098113 4.079136
-0.01542962 1.242501 4.068532
-0.1896448 0.9773719 4.052042
-0.2537969 0.762913 4.04792
-0.2522103 0.5399477 3.986105
-0.2384129 0.4681163 3.966618
0.1500706 1.008041 4.068599
0.3062766 1.169929 3.918607
0.2215138 1.464124 3.947268
0.1993157 1.528791 3.957582
-0.1175873 0.5601555 3.998711
-0.1452011 0.08521654 4.003118
-0.1606486 -0.1577037 4.06274
-0.1778709 -0.1774448 3.977847
0.03646104 0.5530291 4.009646
0.0563032 0.08567408 4.021764
0.06908832 -0.1795429 4.069902
0.02219518 -0.1955053 3.994412
-0.02524085 1.030031 4.076887
-0.242726 0.3999796 3.939104
-0.2003691 0.4989019 3.941236
0.188593 1.597658 3.954065
0.159692 1.518581 3.935569
54
-0.04096795 0.5549453 4.037673
-0.03039691 0.8262528 4.064459
-0.02306719 1.098498 4.079738
-0.01442485 1.242691 4.068772
-0.1886168 0.9785548 4.052104
-0.2533273 0.7646605 4.048017
-0.2521399 0.5407282 3.986248
-0.2382689 0.4688931 3.966675
0.1507201 1.014071 4.067167
0.300112 1.176949 3.923927
0.2135198 1.464772 3.963594
0.1864644 1.530004 3.988884
-0.1179913 0.5627286 4.000493
-0.145245 0.08706497 4.003855
-0.1611582 -0.1574727 4.062938
-0.1771526 -0.1772987 3.976573
0.03630745 0.5561472 4.009692
0.05595512 0.08530958 4.023643
0.07055658 -0.2188923 4.075575
0.05376111 -0.2400054 3.956624
-0.02496672 1.030577 4.07748
-0.2429307 0.4000331 3.940793
-0.2020295 0.4769558 3.939241
0.1785203 1.595137 3.977209
0.1480989 1.525328 3.984585
55
-0.04096795 0.5549453 4.037673
-0.03039691 0.8262528 4.064459
-0.02306719 1.098498 4.079738
-0.01442485 1.242691 4.068772
-0.1886168 0.9785548 4.052104
-0.2533273 0.7646605 4.048017
-0.2521399 0.5407282 3.986248
-0.2382689 0.4688931 3.966675
0.1507201 1.014071 4.067167
0.300112 1.176949 3.923927
0.2135198 1.464772 3.963594
0.1864644 1.530004 3.988884
-0.1179913 0.5627286 4.000493
-0.145245 0.08706497 4.003855
-0.1611582 -0.1574727 4.062938
-0.1771526 -0.1772987 3.976573
0.03630745 0.5561472 4.009692
0.05595512 0.08530958 4.023643
0.07055658 -0.2188923 4.075575
0.05376111 -0.2400054 3.956624
-0.02496672 1.030577 4.07748
-0.2429307 0.4000331 3.940793
-0.2020295 0.4769558 3.939241
0.1785203 1.595137 3.977209
0.1480989 1.525328 3.984585
56
-0.04121731 0.5570502 4.038286
-0.03046506 0.8273578 4.064893
-0.02277134 1.098827 4.080279
-0.01374965 1.24279 4.06894
-0.1877512 0.9796334 4.052297
-0.2526567 0.7667752 4.048839
-0.25161 0.5418279 3.987444
-0.2379882 0.4706633 3.967675
0.1510308 1.018355 4.066393
0.2963206 1.174456 3.932058
0.2074774 1.463256 3.976563
0.1818207 1.519032 4.003555
-0.1183032 0.5645 4.001932
-0.1455997 0.08779627 4.005176
-0.161473 -0.1572737 4.063299
-0.1763378 -0.1766827 3.977404
0.03616254 0.5588236 4.009593
0.05570502 0.08497082 4.025123
0.07141674 -0.2450526 4.078718
0.06959377 -0.2682088 3.936663
-0.02473333 1.031055 4.078023
-0.2430224 0.4014841 3.941642
-0.2023232 0.4740701 3.939903
0.1685054 1.583611 3.995953
0.1427412 1.520152 4.002705
57
-0.04121731 0.5570502 4.038286
-0.03046506 0.8273578 4.064893
-0.02277134 1.098827 4.080279
-0.01374965 1.24279 4.06894
-0.1877512 0.9796334 4.052297
-0.2526567 0.7667752 4.048839
-0.25161 0.5418279 3.987444
-0.2379882 0.4706633 3.967675
0.1510308 1.018355 4.066393
0.2963206 1.174456 3.932058
0.2074774 1.463256 3.976563
0.1818207 1.519032 4.003555
-0.1183032 0.5645 4.001932
-0.1455997 0.08779627 4.005176
-0.161473 -0.1572737 4.063299
-0.1763378 -0.1766827 3.977404
0.03616254 0.5588236 4.009593
0.05570502 0.08497082 4.025123
0.07141674 -0.2450526 4.078718
0.06959377 -0.2682088 3.936663
-0.02473333 1.031055 4.078023
-0.2430224 0.4014841 3.941642
-0.2023232 0.4740701 3.939903
0.1685054 1.583611 3.995953
0.1427412 1.520152 4.002705
58
-0.04163015 0.5586137 4.03868
-0.03056318 0.8282794 4.065267
-0.02250974 1.099112 4.08077
-0.01329819 1.24287 4.069057
-0.1870814 0.9805718 4.052562
-0.2518035 0.7684692 4.050026
-0.2508942 0.5451298 3.991167
-0.237735 0.4745944 3.969976
0.1512005 1.021383 4.065977
0.2928553 1.1742 3.937909
0.2018488 1.467457 3.986631
0.1791552 1.5154 4.010296
-0.1187737 0.5656521 4.003088
-0.1458191 0.08849072 4.006306
-0.163213 -0.1829274 4.070216
-0.1862503 -0.2051646 3.969506
0.03565787 0.5611318 4.00915
0.05554077 0.08465295 4.026247
0.07176578 -0.2594507 4.079829
0.07704159 -0.283008 3.926945
-0.02453682 1.031468 4.078507
-0.2426252 0.4059819 3.94381
-0.2025753 0.4722011 3.940909
0.1644841 1.579357 4.007602
0.1454307 1.499388 3.999227
59
-0.04163015 0.5586137 4.03868
-0.03056318 0.8282794 4.065267
-0.02250974 1.099112 4.08077
-0.01329819 1.24287 4.069057
-0.1870814 0.9805718 4.052562
-0.2518035 0.7684692 4.050026
-0.2508942 0.5451298 3.991167
-0.237735 0.4745944 3.969976
0.1512005 1.021383 4.065977
0.2928553 1.1742 3.937909
0.2018488 1.467457 3.986631
0.1791552 1.5154 4.010296
-0.1187737 0.5656521 4.003088
-0.1458191 0.08849072 4.006306
-0.163213 -0.1829274 4.070216
-0.1862503 -0.2051646 3.969506
0.03565787 0.5611318 4.00915
0.05554077 0.08465295 4.026247
0.07176578 -0.2594507 4.079829
0.07704159 -0.283008 3.926945
-0.02453682 1.031468 4.078507
-0.2426252 0.4059819 3.94381
-0.2025753 0.4722011 3.940909
0.1644841 1.579357 4.007602
0.1454307 1.499388 3.999227
60
-0.04208941 0.560061 4.038997
-0.03069942 0.8291135 4.065593
-0.02230586 1.09934 4.081172
-0.01299376 1.242924 4.069138
-0.1866025 0.9813941 4.052967
-0.2512117 0.7699364 4.051805
-0.2502607 0.5479932 3.994346
-0.2375574 0.4777373 3.972269
0.1512076 1.023604 4.065859
0.2972168 1.162689 3.947052
0.2072863 1.447481 3.979583
0.1836369 1.50045 3.998823
-0.1192265 0.5667393 4.004099
-0.1460337 0.08890413 4.007349
-0.1642726 -0.1964609 4.074302
-0.1881769 -0.2205782 3.964998
0.03510284 0.5630519 4.008707
0.05551517 0.08415043 4.027136
0.07022382 -0.2322228 4.074611
0.02453249 -0.2446554 4.005916
-0.02438914 1.031813 4.078912
-0.2429552 0.4099737 3.947963
-0.2032296 0.4728574 3.943905
0.1665912 1.56562 4.003695
0.1485574 1.474921 3.976136
61
-0.04208941 0.560061 4.038997
-0.03069942 0.8291135 4.065593
-0.02230586 1.09934 4.081172
-0.01299376 1.242924 4.069138
-0.1866025 0.9813941 4.052967
-0.2512117 0.7699364 4.051805
-0.2502607 0.5479932 3.994346
-0.2375574 0.4777373 3.972269
0.1512076 1.023604 4.065859
0.2972168 1.162689 3.947052
0.2072863 1.447481 3.979583
0.1836369 1.50045 3.998823
-0.1192265 0.5667393 4.004099
-0.1460337 0.08890413 4.007349
-0.1642726 -0.1964609 4.074302
-0.1881769 -0.2205782 3.964998
0.03510284 0.5630519 4.008707
0.05551517 0.08415043 4.027136
0.07022382 -0.2322228 4.074611
0.02453249 -0.2446554 4.005916
-0.02438914 1.031813 4.078912
-0.2429552 0.4099737 3.947963
-0.2032296 0.4728574 3.943905
0.1665912 1.56562 4.003695
0.1485574 1.474921 3.976136
62
-0.04242402 0.5611408 4.039217
-0.03082395 0.8298087 4.065879
-0.02215482 1.09956 4.081633
-0.01280984 1.242984 4.069212
-0.1863894 0.9822015 4.053712
-0.2508121 0.7710696 4.053967
-0.249632 0.5501996 3.996901
-0.2375843 0.4801272 3.974353
0.1511597 1.025164 4.06585
0.3001868 1.15463 3.951377
0.2123206 1.434466 3.968343
0.1920376 1.486284 3.968579
-0.1195932 0.5674562 4.0049
-0.1461272 0.08908693 4.008453
-0.1646911 -0.1994941 4.076109
-0.1890352 -0.2241797 3.964136
0.03488111 0.5647061 4.008142
0.05551754 0.08365744 4.027839
0.06877168 -0.2047802 4.069914
-0.006393864 -0.2107708 4.052525
-0.02428634 1.032139 4.07935
-0.2431353 0.4125534 3.95004
-0.2032046 0.4730217 3.946114
0.1795534 1.555252 3.972282
0.1512489 1.471616 3.95103
63
-0.04242402 0.5611408 4.039217
-0.03082395 0.8298087 4.065879
-0.02215482 1.09956 4.081633
-0.01280984 1.242984 4.069212
-0.1863894 0.9822015 4.053712
-0.2508121 0.7710696 4.053967
-0.249632 0.5501996 3.996901
-0.2375843 0.4801272 3.974353
0.1511597 1.025164 4.06585
0.3001868 1.15463 3.951377
0.2123206 1.434466 3.968343
0.1920376 1.486284 3.968579
-0.1195932 0.5674562 4.0049
-0.1461272 0.08908693 4.008453
-0.1646911 -0.1994941 4.076109
-0.1890352 -0.2241797 3.964136
0.03488111 0.5647061 4.008142
0.05551754 0.08365744 4.027839
0.06877168 -0.2047802 4.069914
-0.006393864 -0.2107708 4.052525
-0.02428634 1.032139 4.07935
-0.2431353 0.4125534 3.95004
-0.2032046 0.4730217 3.946114
0.1795534 1.555252 3.972282
0.1512489 1.471616 3.95103
64
-0.04278884 0.5619161 4.039323
-0.03097941 0.8303227 4.066123
-0.02205422 1.099669 4.082166
-0.01278355 1.243029 4.06929
-0.1862777 0.9828303 4.054453
-0.2503862 0.7717803 4.055979
-0.2491714 0.5516793 3.998589
-0.2375734 0.4820946 3.975849
0.1510139 1.026277 4.066012
0.305394 1.141084 3.951624
0.227242 1.393179 3.933451
0.2030122 1.465585 3.931512
-0.1201408 0.567805 4.005575
-0.1462136 0.0888887 4.009759
-0.1645309 -0.1945636 4.075807
-0.1881018 -0.2182799 3.967489
0.03460876 0.5660017 4.007516
0.05551315 0.08374279 4.027877
0.06760121 -0.181915 4.066086
-0.01923104 -0.1856348 4.067694
-0.02423928 1.03236 4.079809
-0.2429931 0.4145338 3.952024
-0.2031554 0.4744305 3.946484
0.1880739 1.535777 3.933483
0.1622267 1.449641 3.914509
65
-0.04278884 0.5619161 4.039323
-0.03097941 0.8303227 4.066123
-0.02205422 1.099669 4.082166
-0.01278355 1.243029 4.06929
-0.1862777 0.9828303 4.054453
-0.2503862 0.7717803 4.055979
-0.2491714 0.5516793 3.998589
-0.2375734 0.4820946 3.975849
0.1510139 1.026277 4.066012
0.305394 1.141084 3.951624
0.227242 1.393179 3.933451
0.2030122 1.465585 3.931512
-0.1201408 0.567805 4.005575
-0.1462136 0.0888887 4.009759
-0.1645309 -0.1945636 4.075807
-0.1881018 -0.2182799 3.967489
0.03460876 0.5660017 4.007516
0.05551315 0.08374279 4.027877
0.06760121 -0.181915 4.066086
-0.01923104 -0.1856348 4.067694
-0.02423928 1.03236 4.079809
-0.2429931 0.4145338 3.952024
-0.2031554 0.4744305 3.946484
0.1880739 1.535777 3.933483
0.1622267 1.449641 3.914509
66
-0.04319827 0.5624983 4.039391
-0.03121471 0.830746 4.066378
-0.0220414 1.099726 4.082753
-0.01298852 1.243109 4.069433
-0.1863631 0.9833457 4.05536
-0.250052 0.7717481 4.058167
-0.2488262 0.5524477 3.999682
-0.2375232 0.4833252 3.977151
0.1506793 1.026885 4.066426
0.3115274 1.120933 3.946822
0.2376711 1.357644 3.897222
0.2166126 1.441487 3.888138
-0.1208786 0.5678602 4.006221
-0.1464318 0.08824451 4.011245
-0.1642865 -0.1873804 4.074944
-0.1862472 -0.2096538 3.972412
0.03430959 0.566992 4.006972
0.05560942 0.0838313 4.027735
0.0662147 -0.1524815 4.061452
0.0009930058 -0.1555991 4.060117
-0.02428155 1.032529 4.080315
-0.2425548 0.4158362 3.954205
-0.2028765 0.4782202 3.948316
0.210202 1.51194 3.87727
0.1775348 1.435003 3.874654
67
-0.04319827 0.5624983 4.039391
-0.03121471 0.830746 4.066378
-0.0220414 1.099726 4.082753
-0.01298852 1.243109 4.069433
-0.1863631 0.9833457 4.05536
-0.250052 0.7717481 4.058167
-0.2488262 0.5524477 3.999682
-0.2375232 0.4833252 3.977151
0.1506793 1.026885 4.066426
0.3115274 1.120933 3.946822
0.2376711 1.357644 3.897222
0.2166126 1.441487 3.888138
-0.1208786 0.5678602 4.006221
-0.1464318 0.08824451 4.011245
-0.1642865 -0.1873804 4.074944
-0.1862472 -0.2096538 3.972412
0.03430959 0.566992 4.006972
0.05560942 0.0838313 4.027735
0.0662147 -0.1524815 4.061452
0.0009930058 -0.1555991 4.060117
-0.02428155 1.032529 4.080315
-0.2425548 0.4158362 3.954205
-0.2028765 0.4782202 3.948316
0.210202 1.51194 3.87727
0.1775348 1.435003 3.874654
68
-0.0446239 0.5626587 4.03921
-0.03185609 0.8310666 4.066642
-0.02216645 1.099749 4.083319
-0.01347995 1.243271 4.069653
-0.1866501 0.9836173 4.056268
-0.2500334 0.7717845 4.05974
-0.2480522 0.5520745 4.001089
-0.237432 0.4837218 3.978189
0.1493817 1.025099 4.068126
0.3148987 1.093354 3.938806
0.2475268 1.313336 3.846324
0.2307144 1.395928 3.837286
-0.1225079 0.5672593 4.006618
-0.1465607 0.08765756 4.012558
-0.1611365 -0.1858001 4.07904
-0.1880118 -0.2090569 3.977486
0.03297831 0.567493 4.006228
0.05571809 0.08395362 4.027475
0.06565461 -0.1404354 4.059367
0.007884262 -0.1429163 4.059911
-0.02449757 1.032648 4.080824
-0.2419962 0.4155197 3.955687
-0.2029848 0.4673945 3.946753
0.2272631 1.464107 3.825112
0.1937995 1.398798 3.829875
69
-0.0446239 0.5626587 4.03921
-0.03185609 0.8310666 4.066642
-0.02216645 1.099749 4.083319
-0.01347995 1.243271 4.069653
-0.1866501 0.9836173 4.056268
-0.2500334 0.7717845 4.05974
-0.2480522 0.5520745 4.001089
-0.237432 0.4837218 3.978189
0.1493817 1.025099 4.068126
0.3148987 1.093354 3.938806
0.2475268 1.313336 3.846324
0.2307144 1.395928 3.837286
-0.1225079 0.5672593 4.006618
-0.1465607 0.08765756 4.012558
-0.1611365 -0.1858001 4.07904
-0.1880118 -0.2090569 3.977486
0.03297831 0.567493 4.006228
0.05571809 0.08395362 4.027475
0.06565461 -0.1404354 4.059367
0.007884262 -0.1429163 4.059911
-0.02449757 1.032648 4.080824
-0.2419962 0.4155197 3.955687
-0.2029848 0.4673945 3.946753
0.2272631 1.464107 3.825112
0.1937995 1.398798 3.829875
70
-0.04645986 0.5623116 4.039041
-0.03288654 0.8311939 4.067111
-0.02265154 1.099692 4.084444
-0.01449924 1.24346 4.070046
-0.1876037 0.9835542 4.058115
-0.2506666 0.7665986 4.062385
-0.2469869 0.5488179 4.002429
-0.2373582 0.4827075 3.979311
0.1442796 1.010785 4.075318
0.3156736 1.036237 3.931006
0.2549626 1.255421 3.789117
0.2439429 1.314812 3.778762
-0.1244701 0.5662071 4.006941
-0.1466563 0.08713073 4.013624
-0.1595422 -0.1803237 4.079421
-0.1896384 -0.2021519 3.984798
0.03127388 0.56738 4.005623
0.05586777 0.08453086 4.026676
0.06556416 -0.1376267 4.058422
0.008724457 -0.140402 4.056361
-0.02509706 1.03268 4.081802
-0.2415706 0.4119078 3.955538
-0.2028488 0.4668904 3.946539
0.2441482 1.377368 3.774296
0.2068286 1.337004 3.778429
71
-0.04645986 0.5623116 4.039041
-0.03288654 0.8311939 4.067111
-0.02265154 1.099692 4.084444
-0.01449924 1.24346 4.070046
-0.1876037 0.9835542 4.058115
-0.2506666 0.7665986 4.062385
-0.2469869 0.5488179 4.002429
-0.2373582 0.4827075 3.979311
0.1442796 1.010785 4.075318
0.3156736 1.036237 3.931006
0.2549626 1.255421 3.789117
0.2439429 1.314812 3.778762
-0.1244701 0.5662071 4.006941
-0.1466563 0.08713073 4.013624
-0.1595422 -0.1803237 4.079421
-0.1896384 -0.2021519 3.984798
0.03127388 0.56738 4.005623
0.05586777 0.08453086 4.026676
0.06556416 -0.1376267 4.058422
0.008724457 -0.140402 4.056361
-0.02509706 1.03268 4.081802
-0.2415706 0.4119078 3.955538
-0.2028488 0.4668904 3.946539
0.2441482 1.377368 3.774296
0.2068286 1.337004 3.778429
72
-0.0482153 0.5616758 4.038795
-0.03404721 0.8311319 4.067591
-0.0233944 1.099509 4.085719
-0.01637043 1.243631 4.070625
-0.1888884 0.983116 4.060114
-0.2512081 0.7603166 4.064903
-0.2462714 0.5443672 4.003192
-0.2372002 0.4817718 3.979882
0.1414133 1.001239 4.079364
0.3173604 0.9565421 3.93162
0.2695909 1.146085 3.756495
0.2581328 1.220037 3.718443
-0.1261026 0.5652158 4.007127
-0.1467353 0.0867227 4.014457
-0.1587204 -0.1840233 4.08159
-0.1914083 -0.2064195 3.985431
0.02923014 0.5664645 4.004919
0.05599377 0.085971 4.024989
0.06836498 -0.193061 4.066417
0.0002126875 -0.2057178 4.001519
-0.02592919 1.032574 4.082894
-0.2418716 0.4083938 3.9558
-0.2027935 0.4661936 3.946466
0.262821 1.272545 3.716884
0.2308315 1.262245 3.72122
73
-0.0482153 0.5616758 4.038795
-0.03404721 0.8311319 4.067591
-0.0233944 1.099509 4.085719
-0.01637043 1.243631 4.070625
-0.1888884 0.983116 4.060114
-0.2512081 0.7603166 4.064903
-0.2462714 0.5443672 4.003192
-0.2372002 0.4817718 3.979882
0.1414133 1.001239 4.079364
0.3173604 0.9565421 3.93162
0.2695909 1.146085 3.756495
0.2581328 1.220037 3.718443
-0.1261026 0.5652158 4.007127
-0.1467353 0.0867227 4.014457
-0.1587204 -0.1840233 4.08159
-0.1914083 -0.2064195 3.985431
0.02923014 0.5664645 4.004919
0.05599377 0.085971 4.024989
0.06836498 -0.193061 4.066417
0.0002126875 -0.2057178 4.001519
-0.02592919 1.032574 4.082894
-0.2418716 0.4083938 3.9558
-0.2027935 0.4661936 3.946466
0.262821 1.272545 3.716884
0.2308315 1.262245 3.72122
74
-0.05006252 0.5602509 4.038595
-0.03530402 0.8307657 4.068186
-0.02422406 1.099225 4.08712
-0.01901859 1.243554 4.07206
-0.1903496 0.9824023 4.062048
-0.2515216 0.7537403 4.067377
-0.2459154 0.5390449 4.003949
-0.237104 0.4784666 3.98089
0.1395284 0.9944219 4.082406
0.3140689 0.8974421 3.936658
0.2730988 1.037477 3.729827
0.2700334 1.089944 3.68186
-0.1278367 0.5636513 4.007119
-0.1467703 0.08639529 4.015154
-0.1580086 -0.1828819 4.082212
-0.1915691 -0.2051984 3.986974
0.02723222 0.5644903 4.004624
0.05618072 0.08714678 4.023739
0.07020136 -0.2228032 4.07135
-0.004644046 -0.2398445 3.982449
-0.02685335 1.032323 4.084116
-0.2408169 0.4005145 3.955921
-0.202316 0.4671395 3.946489
0.2766762 1.118751 3.663682
0.2615 1.150303 3.728197
75
-0.05006252 0.5602509 4.038595
-0.03530402 0.8307657 4.068186
-0.02422406 1.099225 4.08712
-0.01901859 1.243554 4.07206
-0.1903496 0.9824023 4.062048
-0.2515216 0.7537403 4.067377
-0.2459154 0.5390449 4.003949
-0.237104 0.4784666 3.98089
0.1395284 0.9944219 4.082406
0.3140689 0.8974421 3.936658
0.2730988 1.037477 3.729827
0.2700334 1.089944 3.68186
-0.1278367 0.5636513 4.007119
-0.1467703 0.08639529 4.015154
-0.1580086 -0.1828819 4.082212
-0.1915691 -0.2051984 3.986974
0.02723222 0.5644903 4.004624
0.05618072 0.08714678 4.023739
0.07020136 -0.2228032 4.07135
-0.004644046 -0.2398445 3.982449
-0.02685335 1.032323 4.084116
-0.2408169 0.4005145 3.955921
-0.202316 0.4671395 3.946489
0.2766762 1.118751 3.663682
0.2615 1.150303 3.728197
76
-0.05141389 0.5584675 4.038696
-0.03645367 0.8302393 4.068873
-0.02507563 1.098933 4.088503
-0.02212059 1.243477 4.073837
-0.1923968 0.9811736 4.064585
-0.251703 0.7477707 4.069184
-0.2458668 0.5335828 4.004478
-0.2365683 0.4743724 3.981843
0.1378107 0.9892392 4.08504
0.3084187 0.8653588 3.940784
0.2867222 0.9211711 3.703767
0.2814453 0.939116 3.677603
-0.1291158 0.5616499 4.007314
-0.1466381 0.08593261 4.016144
-0.1575493 -0.1785952 4.081714
-0.1887573 -0.2004483 3.988359
0.02585748 0.5623794 4.004739
0.05631765 0.08805779 4.022822
0.0728163 -0.2648773 4.079049
-0.007653441 -0.2848429 3.977336
-0.027775 1.032025 4.085349
-0.2395367 0.3948105 3.957124
-0.2020838 0.4674026 3.946453
0.3021812 0.9380235 3.643535
0.2770937 0.9751225 3.685723
77
-0.05141389 0.5584675 4.038696
-0.03645367 0.8302393 4.068873
-0.02507563 1.098933 4.088503
-0.02212059 1.243477 4.073837
-0.1923968 0.9811736 4.064585
-0.251703 0.7477707 4.069184
-0.2458668 0.5335828 4.004478
-0.2365683 0.4743724 3.981843
0.1378107 0.9892392 4.08504
0.3084187 0.8653588 3.940784
0.2867222 0.9211711 3.703767
0.2814453 0.939116 3.677603
-0.1291158 0.5616499 4.007314
-0.1466381 0.08593261 4.016144
-0.1575493 -0.1785952 4.081714
-0.1887573 -0.2004483 3.988359
0.02585748 0.5623794 4.004739
0.05631765 0.08805779 4.022822
0.0728163 -0.2648773 4.079049
-0.007653441 -0.2848429 3.977336
-0.027775 1.032025 4.085349
-0.2395367 0.3948105 3.957124
-0.2020838 0.4674026 3.946453
0.3021812 0.9380235 3.643535
0.2770937 0.9751225 3.685723
78
-0.05266206 0.5559485 4.0394
-0.03759746 0.8294396 4.069886
-0.02587922 1.098652 4.089962
-0.02524893 1.243328 4.075739
-0.1943154 0.9799849 4.066928
-0.2518108 0.7433687 4.070942
-0.2459847 0.5296798 4.004848
-0.236622 0.4713984 3.982837
0.1363589 0.9853308 4.08696
0.2999665 0.8404102 3.946503
0.264688 0.9291379 3.736179
0.2533279 0.9685191 3.692064
-0.1302652 0.5588694 4.007874
-0.1464163 0.08535562 4.0174
-0.1572998 -0.1755188 4.081382
-0.1862644 -0.1969014 3.989272
0.02464201 0.5596994 4.005759
0.05633361 0.08859956 4.022415
0.07238466 -0.2436819 4.076682
-0.005950603 -0.2638082 3.976616
-0.02866015 1.03168 4.086725
-0.2394455 0.3913916 3.957005
-0.2019521 0.4683497 3.947044
0.2788161 0.965238 3.657953
0.2517 0.9744054 3.68397
79
-0.05266206 0.5559485 4.0394
-0.03759746 0.8294396 4.069886
-0.02587922 1.098652 4.089962
-0.02524893 1.243328 4.075739
-0.1943154 0.9799849 4.066928
-0.2518108 0.7433687 4.070942
-0.2459847 0.5296798 4.004848
-0.236622 0.4713984 3.982837
0.1363589 0.9853308 4.08696
0.2999665 0.8404102 3.946503
0.264688 0.9291379 3.736179
0.2533279 0.9685191 3.692064
-0.1302652 0.5588694 4.007874
-0.1464163 0.08535562 4.0174
-0.1572998 -0.1755188 4.081382
-0.1862644 -0.1969014 3.989272
0.02464201 0.5596994 4.005759
0.05633361 0.08859956 4.022415
0.07238466 -0.2436819 4.076682
-0.005950603 -0.2638082 3.976616
-0.02866015 1.03168 4.086725
-0.2394455 0.3913916 3.957005
-0.2019521 0.4683497 3.947044
0.2788161 0.965238 3.657953
0.2517 0.9744054 3.68397
80
-0.05383432 0.553421 4.040179
-0.03872541 0.8285449 4.07091
-0.02663823 1.0984 4.09126
-0.02784677 1.243128 4.077306
-0.1963215 0.9788491 4.069355
-0.2519193 0.7402068 4.072264
-0.2461661 0.5266821 4.005274
-0.2367062 0.4692281 3.983181
0.1352218 0.9824594 4.088224
0.2573673 0.7826715 3.995163
0.256781 0.721132 3.757648
0.2502548 0.687449 3.686772
-0.1312602 0.5561368 4.0085
-0.146126 0.08472102 4.018682
-0.1568731 -0.1720987 4.081365
-0.1823034 -0.1928263 3.99208
0.02345726 0.5571651 4.006806
0.05634196 0.08901051 4.022126
0.07121038 -0.20903 4.072217
0.009276691 -0.2279562 3.977993
-0.02950658 1.031336 4.087983
-0.2394635 0.388938 3.957316
-0.2017737 0.4688523 3.946958
0.2667851 0.6447111 3.641907
0.2407871 0.6864899 3.648116
81
-0.05383432 0.553421 4.040179
-0.03872541 0.8285449 4.07091
-0.02663823 1.0984 4.09126
-0.02784677 1.243128 4.077306
-0.1963215 0.9788491 4.069355
-0.2519193 0.7402068 4.072264
-0.2461661 0.5266821 4.005274
-0.2367062 0.4692281 3.983181
0.1352218 0.9824594 4.088224
0.2573673 0.7826715 3.995163
0.256781 0.721132 3.757648
0.2502548 0.687449 3.686772
-0.1312602 0.5561368 4.0085
-0.146126 0.08472102 4.018682
-0.1568731 -0.1720987 4.081365
-0.1823034 -0.1928263 3.99208
0.02345726 0.5571651 4.006806
0.05634196 0.08901051 4.022126
0.07121038 -0.20903 4.072217
0.009276691 -0.2279562 3.977993
-0.02950658 1.031336 4.087983
-0.2394635 0.388938 3.957316
-0.2017737 0.4688523 3.946958
0.2667851 0.6447111 3.641907
0.2407871 0.6864899 3.648116
82
-0.05443598 0.5508705 4.041153
-0.03959343 0.8276914 4.07182
-0.02724933 1.098197 4.092294
-0.03010041 1.24291 4.078663
-0.1980694 0.9778775 4.071482
-0.2520383 0.737994 4.073525
-0.2464361 0.5246003 4.005803
-0.2368112 0.467178 3.983761
0.133967 0.9800519 4.08894
0.2189882 0.7473502 4.029303
0.2359883 0.570075 3.796542
0.2282952 0.5111824 3.732966
-0.1312501 0.553692 4.009472
-0.1457869 0.08404195 4.020092
-0.1567294 -0.1686632 4.081104
-0.1775937 -0.1886792 3.994458
0.02254436 0.5541489 4.008074
0.05636013 0.08928697 4.02194
0.07251463 -0.2236008 4.075984
0.008133358 -0.2438514 3.97799
-0.03018668 1.031047 4.088996
-0.2398513 0.386945 3.958367
-0.2015986 0.4685442 3.946823
0.232843 0.4556781 3.695817
0.1981624 0.5129855 3.709265
83
-0.05443598 0.5508705 4.041153
-0.03959343 0.8276914 4.07182
-0.02724933 1.098197 4.092294
-0.03010041 1.24291 4.078663
-0.1980694 0.9778775 4.071482
-0.2520383 0.737994 4.073525
-0.2464361 0.5246003 4.005803
-0.2368112 0.467178 3.983761
0.133967 0.9800519 4.08894
0.2189882 0.7473502 4.029303
0.2359883 0.570075 3.796542
0.2282952 0.5111824 3.732966
-0.1312501 0.553692 4.009472
-0.1457869 0.08404195 4.020092
-0.1567294 -0.1686632 4.081104
-0.1775937 -0.1886792 3.994458
0.02254436 0.5541489 4.008074
0.05636013 0.08928697 4.02194
0.07251463 -0.2236008 4.075984
0.008133358 -0.2438514 3.97799
-0.03018668 1.031047 4.088996
-0.2398513 0.386945 3.958367
-0.2015986 0.4685442 3.946823
0.232843 0.4556781 3.695817
0.1981624 0.5129855 3.709265
84
-0.05421515 0.5483523 4.042426
-0.04020145 0.8268661 4.072614
-0.02774819 1.098005 4.093055
-0.03179802 1.242718 4.079644
-0.2001184 0.9767289 4.073876
-0.2521851 0.7362912 4.074985
-0.2467501 0.5231375 4.006253
-0.2371621 0.4655992 3.984262
0.1328174 0.9781662 4.08928
0.2005129 0.7260119 4.043999
0.2072703 0.5181202 3.862723
0.2039275 0.4390117 3.81808
-0.1305316 0.5513647 4.010759
-0.1455268 0.08356271 4.021247
-0.1567896 -0.1689254 4.0818
-0.1752675 -0.1891449 3.994055
0.02253067 0.5513292 4.009486
0.05643192 0.08917357 4.022261
0.0729344 -0.2168168 4.076061
0.007193118 -0.23671 3.983083
-0.03072661 1.030776 4.089774
-0.2404474 0.3856061 3.958452
-0.2023199 0.4671469 3.947158
0.2044461 0.3713445 3.785913
0.1749136 0.4371895 3.789954
85
-0.05421515 0.5483523 4.042426
-0.04020145 0.8268661 4.072614
-0.02774819 1.098005 4.093055
-0.03179802 1.242718 4.079644
-0.2001184 0.9767289 4.073876
-0.2521851 0.7362912 4.074985
-0.2467501 0.5231375 4.006253
-0.2371621 0.4655992 3.984262
0.1328174 0.9781662 4.08928
0.2005129 0.7260119 4.043999
0.2072703 0.5181202 3.862723
0.2039275 0.4390117 3.81808
-0.1305316 0.5513647 4.010759
-0.1455268 0.08356271 4.021247
-0.1567896 -0.1689254 4.0818
-0.1752675 -0.1891449 3.994055
0.02253067 0.5513292 4.009486
0.05643192 0.08917357 4.022261
0.0729344 -0.2168168 4.076061
0.007193118 -0.23671 3.983083
-0.03072661 1.030776 4.089774
-0.2404474 0.3856061 3.958452
-0.2023199 0.4671469 3.947158
0.2044461 0.3713445 3.785913
0.1749136 0.4371895 3.789954
86
-0.05312935 0.5461269 4.043676
-0.04054019 0.8261726 4.073247
-0.0281339 1.097862 4.093613
-0.03317284 1.242608 4.080237
-0.201831 0.9757636 4.075913
-0.2523858 0.7350305 4.076484
-0.2470418 0.5220934 4.006629
-0.237366 0.4643638 3.984678
0.1319562 0.9768205 4.089429
0.1810396 0.7012491 4.06041
0.1803523 0.4640911 3.918414
0.176244 0.3792039 3.879334
-0.1289273 0.5490909 4.012064
-0.1452342 0.08337985 4.022281
-0.1567463 -0.1681788 4.082409
-0.1740594 -0.1883928 3.994525
0.02335249 0.5491896 4.010756
0.05661405 0.08871246 4.022761
0.07333515 -0.2128107 4.07658
0.007840566 -0.2328335 3.984751
-0.03113364 1.030563 4.090359
-0.2405645 0.3847187 3.958581
-0.2025341 0.4632018 3.946026
0.1791658 0.3088003 3.854996
0.1344081 0.3763055 3.83777
87
-0.05312935 0.5461269 4.043676
-0.04054019 0.8261726 4.073247
-0.0281339 1.097862 4.093613
-0.03317284 1.242608 4.080237
-0.201831 0.9757636 4.075913
-0.2523858 0.7350305 4.076484
-0.2470418 0.5220934 4.006629
-0.237366 0.4643638 3.984678
0.1319562 0.9768205 4.089429
0.1810396 0.7012491 4.06041
0.1803523 0.4640911 3.918414
0.176244 0.3792039 3.879334
-0.1289273 0.5490909 4.012064
-0.1452342 0.08337985 4.022281
-0.1567463 -0.1681788 4.082409
-0.1740594 -0.1883928 3.994525
0.02335249 0.5491896 4.010756
0.05661405 0.08871246 4.022761
0.07333515 -0.2128107 4.07658
0.007840566 -0.2328335 3.984751
-0.03113364 1.030563 4.090359
-0.2405645 0.3847187 3.958581
-0.2025341 0.4632018 3.946026
0.1791658 0.3088003 3.854996
0.1344081 0.3763055 3.83777
88
-0.05192851 0.5444059 4.044929
-0.04070515 0.8255553 4.073812
-0.02840534 1.097749 4.094007
-0.03422838 1.242498 4.080621
-0.2031392 0.9750813 4.077527
-0.2525856 0.7338679 4.079734
-0.2473323 0.521363 4.007097
-0.2374659 0.4633473 3.985259
0.1312896 0.9757519 4.089404
0.1708168 0.6901692 4.071742
0.1710519 0.4674026 3.965238
0.1493156 0.3885162 3.937098
-0.1273198 0.5472886 4.013361
-0.144941 0.08330121 4.023869
-0.1566645 -0.1682525 4.083412
-0.1736063 -0.1884317 3.994823
0.02431795 0.5476388 4.011995
0.05693234 0.08787928 4.023444
0.07216135 -0.1817171 4.07217
0.01703994 -0.1960774 4.009943
-0.03141976 1.030387 4.090793
-0.2408935 0.3841378 3.960189
-0.2025 0.4654728 3.948097
0.145602 0.311009 3.910415
0.1070847 0.4062668 3.922556
89
-0.05192851 0.5444059 4.044929
-0.04070515 0.8255553 4.073812
-0.02840534 1.097749 4.094007
-0.03422838 1.242498 4.080621
-0.2031392 0.9750813 4.077527
-0.2525856 0.7338679 4.079734
-0.2473323 0.521363 4.007097
-0.2374659 0.4633473 3.985259
0.1312896 0.9757519 4.089404
0.1708168 0.6901692 4.071742
0.1710519 0.4674026 3.965238
0.1493156 0.3885162 3.937098
-0.1273198 0.5472886 4.013361
-0.144941 0.08330121 4.023869
-0.1566645 -0.1682525 4.083412
-0.1736063 -0.1884317 3.994823
0.02431795 0.5476388 4.011995
0.05693234 0.08787928 4.023444
0.07216135 -0.1817171 4.07217
0.01703994 -0.1960774 4.009943
-0.03141976 1.030387 4.090793
-0.2408935 0.3841378 3.960189
-0.2025 0.4654728 3.948097
0.145602 0.311009 3.910415
0.1070847 0.4062668 3.922556
90
-0.05059697 0.5431494 4.04615
-0.04071088 0.8250096 4.074297
-0.02858422 1.09766 4.094264
-0.0350289 1.242401 4.08083
-0.2041014 0.9745755 4.078774
-0.2530361 0.7342455 4.083971
-0.2479521 0.5216511 4.008424
-0.2378667 0.4629603 3.986664
0.1308094 0.9749736 4.089329
0.1662016 0.6905293 4.083909
0.1676383 0.4811458 4.002926
0.1278592 0.384936 3.99036
-0.1256756 0.5460348 4.014631
-0.1446503 0.08320583 4.025517
-0.1566467 -0.1700691 4.084813
-0.1747194 -0.1903012 3.994738
0.02543363 0.5465068 4.013163
0.05706224 0.08734999 4.023852
0.0717627 -0.1745409 4.0715
0.01921312 -0.1883222 4.011966
-0.03160596 1.030244 4.091089
-0.2423406 0.3858076 3.966494
-0.2029676 0.4745418 3.951257
0.1279233 0.3530089 3.962223
0.1027891 0.4370241 3.955191
91
-0.05059697 0.5431494 4.04615
-0.04071088 0.8250096 4.074297
-0.02858422 1.09766 4.094264
-0.0350289 1.242401 4.08083
-0.2041014 0.9745755 4.078774
-0.2530361 0.7342455 4.083971
-0.2479521 0.5216511 4.008424
-0.2378667 0.4629603 3.986664
0.1308094 0.9749736 4.089329
0.1662016 0.6905293 4.083909
0.1676383 0.4811458 4.002926
0.1278592 0.384936 3.99036
-0.1256756 0.5460348 4.014631
-0.1446503 0.08320583 4.025517
-0.1566467 -0.1700691 4.084813
-0.1747194 -0.1903012 3.994738
0.02543363 0.5465068 4.013163
0.05706224 0.08734999 4.023852
0.0717627 -0.1745409 4.0715
0.01921312 -0.1883222 4.011966
-0.03160596 1.030244 4.091089
-0.2423406 0.3858076 3.966494
-0.2029676 0.4745418 3.951257
0.1279233 0.3530089 3.962223
0.1027891 0.4370241 3.955191
92
-0.04919647 0.5423074 4.047318
-0.04053209 0.8244936 4.07471
-0.02866076 1.097486 4.094334
-0.03565338 1.242227 4.080783
-0.2047424 0.9742188 4.079746
-0.2536801 0.7359295 4.088286
-0.2488537 0.5232611 4.010917
-0.2383202 0.4629949 3.989066
0.1305081 0.9744112 4.089293
0.1676976 0.7132568 4.10291
0.1667045 0.5067908 4.021651
0.1169283 0.4043178 4.021802
-0.1239868 0.5452688 4.015873
-0.1444433 0.08325677 4.026836
-0.157374 -0.1796213 4.0877
-0.1812701 -0.2008033 3.991137
0.0266063 0.5457351 4.014239
0.0571445 0.08689345 4.0243
0.07146458 -0.1704252 4.071226
0.01943617 -0.1839993 4.01267
-0.03167858 1.030055 4.091255
-0.2424451 0.3868014 3.969952
-0.203154 0.4805824 3.95553
0.118803 0.3582475 3.967574
0.09833063 0.4576344 3.975314
93
-0.04919647 0.5423074 4.047318
-0.04053209 0.8244936 4.07471
-0.02866076 1.097486 4.094334
-0.03565338 1.242227 4.080783
-0.2047424 0.9742188 4.079746
-0.2536801 0.7359295 4.088286
-0.2488537 0.5232611 4.010917
-0.2383202 0.4629949 3.989066
0.1305081 0.9744112 4.089293
0.1676976 0.7132568 4.10291
0.1667045 0.5067908 4.021651
0.1169283 0.4043178 4.021802
-0.1239868 0.5452688 4.015873
-0.1444433 0.08325677 4.026836
-0.157374 -0.1796213 4.0877
-0.1812701 -0.2008033 3.991137
0.0266063 0.5457351 4.014239
0.0571445 0.08689345 4.0243
0.07146458 -0.1704252 4.071226
0.01943617 -0.1839993 4.01267
-0.03167858 1.030055 4.091255
-0.2424451 0.3868014 3.969952
-0.203154 0.4805824 3.95553
0.118803 0.3582475 3.967574
0.09833063 0.4576344 3.975314
94
-0.04749825 0.5417904 4.048587
-0.0401763 0.8240227 4.075126
-0.02869196 1.097315 4.094333
-0.0360504 1.242029 4.080554
-0.2051509 0.9739495 4.080464
-0.2542285 0.7374039 4.091434
-0.249671 0.5248085 4.013362
-0.238849 0.4631246 3.991887
0.1303044 0.9740105 4.089308
0.1691444 0.7279248 4.113186
0.1666679 0.5263757 4.035228
0.1184819 0.4376585 4.023292
-0.1222102 0.544812 4.017057
-0.1442778 0.08334816 4.027887
-0.1577867 -0.1839488 4.089338
-0.1847337 -0.2055499 3.989454
0.0282484 0.5453209 4.015583
0.0571817 0.08647946 4.024773
0.07093343 -0.1611629 4.070009
0.02846256 -0.1737253 4.014149
-0.03169676 1.029876 4.091361
-0.2428993 0.3875933 3.973658
-0.2031549 0.4849629 3.958548
0.1145153 0.3754043 3.978202
0.09743352 0.4685537 3.978003
95
-0.04749825 0.5417904 4.048587
-0.0401763 0.8240227 4.075126
-0.02869196 1.097315 4.094333
-0.0360504 1.242029 4.080554
-0.2051509 0.9739495 4.080464
-0.2542285 0.7374039 4.091434
-0.249671 0.5248085 4.013362
-0.238849 0.4631246 3.991887
0.1303044 0.9740105 4.089308
0.1691444 0.7279248 4.113186
0.1666679 0.5263757 4.035228
0.1184819 0.4376585 4.023292
-0.1222102 0.544812 4.017057
-0.1442778 0.08334816 4.027887
-0.1577867 -0.1839488 4.089338
-0.1847337 -0.2055499 3.989454
0.0282484 0.5453209 4.015583
0.0571817 0.08647946 4.024773
0.07093343 -0.1611629 4.070009
0.02846256 -0.1737253 4.014149
-0.03169676 1.029876 4.091361
-0.2428993 0.3875933 3.973658
-0.2031549 0.4849629 3.958548
0.1145153 0.3754043 3.978202
0.09743352 0.4685537 3.978003
96
-0.0460599 0.5414363 4.049584
-0.03969982 0.8235414 4.075418
-0.02858726 1.097001 4.093964
-0.03611341 1.241325 4.079357
-0.2053998 0.9737356 4.08093
-0.2544416 0.7379212 4.093129
-0.2502874 0.5253942 4.015274
-0.2394606 0.4628465 3.993963
0.1302675 0.9737172 4.089302
0.1709696 0.7369941 4.11789
0.1701697 0.5471055 4.033484
0.1235391 0.4591601 4.013539
-0.1207641 0.5445698 4.017941
-0.1441201 0.08350917 4.028604
-0.1581811 -0.1856853 4.089946
-0.1862996 -0.2074469 3.988002
0.02976479 0.5448555 4.016732
0.0572172 0.08631918 4.024934
0.07060524 -0.1548758 4.069096
0.0334582 -0.1667894 4.015289
-0.03157218 1.029579 4.091241
-0.2432912 0.3883009 3.975149
-0.2109373 0.4513441 3.957911
0.1218722 0.3941985 3.970565
0.1007878 0.4868521 3.966388
97
-0.0460599 0.5414363 4.049584
-0.03969982 0.8235414 4.075418
-0.02858726 1.097001 4.093964
-0.03611341 1.241325 4.079357
-0.2053998 0.9737356 4.08093
-0.2544416 0.7379212 4.093129
-0.2502874 0.5253942 4.015274
-0.2394606 0.4628465 3.993963
0.1302675 0.9737172 4.089302
0.1709696 0.7369941 4.11789
0.1701697 0.5471055 4.033484
0.1235391 0.4591601 4.013539
-0.1207641 0.5445698 4.017941
-0.1441201 0.08350917 4.028604
-0.1581811 -0.1856853 4.089946
-0.1862996 -0.2074469 3.988002
0.02976479 0.5448555 4.016732
0.0572172 0.08631918 4.024934
0.07060524 -0.1548758 4.069096
0.0334582 -0.1667894 4.015289
-0.03157218 1.029579 4.091241
-0.2432912 0.3883009 3.975149
-0.2109373 0.4513441 3.957911
0.1218722 0.3941985 3.970565
0.1007878 0.4868521 3.966388
98
-0.04481802 0.5410936 4.050734
-0.0391021 0.8230293 4.075837
-0.02843291 1.09673 4.093678
-0.03603146 1.240649 4.078186
-0.2054497 0.9735779 4.081407
-0.2545338 0.7379285 4.095182
-0.2512636 0.5249499 4.019034
-0.2404843 0.4610224 3.998836
0.130778 0.9734758 4.089953
0.1731905 0.7431984 4.121268
0.1741036 0.5578778 4.030289
0.1361819 0.4782231 4.002217
-0.1195982 0.544386 4.018824
-0.1439719 0.08380565 4.029269
-0.1587087 -0.1899311 4.091123
-0.1885705 -0.212358 3.984757
0.03112886 0.5443456 4.018195
0.05723716 0.08621047 4.025062
0.07012038 -0.1460326 4.067676
0.04445206 -0.1551801 4.025582
-0.03138615 1.029295 4.091162
-0.2449252 0.3862381 3.980877
-0.2133293 0.4465421 3.963637
0.1295096 0.4092414 3.967715
0.104559 0.4999229 3.967246
99
-0.04481802 0.5410936 4.050734
-0.0391021 0.8230293 4.075837
-0.02843291 1.09673 4.093678
-0.03603146 1.240649 4.078186
-0.2054497 0.9735779 4.081407
-0.2545338 0.7379285 4.095182
-0.2512636 0.5249499 4.019034
-0.2404843 0.4610224 3.998836
0.130778 0.9734758 4.089953
0.1731905 0.7431984 4.121268
0.1741036 0.5578778 4.030289
0.1361819 0.4782231 4.002217
-0.1195982 0.544386 4.018824
-0.1439719 0.08380565 4.029269
-0.1587087 -0.1899311 4.091123
-0.1885705 -0.212358 3.984757
0.03112886 0.5443456 4.018195
0.05723716 0.08621047 4.025062
0.07012038 -0.1460326 4.067676
0.04445206 -0.1551801 4.025582
-0.03138615 1.029295 4.091162
-0.2449252 0.3862381 3.980877
-0.2133293 0.4465421 3.963637
0.1295096 0.4092414 3.967715
0.104559 0.4999229 3.967246
100
-0.0427355 0.5409938 4.051965
-0.03822434 0.8224908 4.076239
-0.02823986 1.096429 4.09335
-0.03578336 1.239917 4.076961
-0.2053853 0.9734454 4.081767
-0.2544608 0.7374749 4.096743
-0.2519531 0.5239855 4.021683
-0.2411905 0.4598699 4.001241
0.1314322 0.9732816 4.090621
0.1752953 0.7473367 4.122892
0.177676 0.5632809 4.025273
0.141274 0.48445 3.996411
-0.1177497 0.5443933 4.01954
-0.14386 0.08415159 4.029738
-0.159281 -0.1963385 4.092922
-0.1911004 -0.2195081 3.982299
0.03355964 0.5442023 4.020064
0.0572498 0.08614206 4.025163
0.07528683 -0.2392836 4.084972
0.03648777 -0.2540172 4.016506
-0.03112645 1.028971 4.091033
-0.245787 0.385228 3.983865
-0.2155441 0.4291359 3.963841
0.1384571 0.41144 3.959744
0.114829 0.495461 3.95545
101
-0.0427355 0.5409938 4.051965
-0.03822434 0.8224908 4.076239
-0.02823986 1.096429 4.09335
-0.03578336 1.239917 4.076961
-0.2053853 0.9734454 4.081767
-0.2544608 0.7374749 4.096743
-0.2519531 0.5239855 4.021683
-0.2411905 0.4598699 4.001241
0.1314322 0.9732816 4.090621
0.1752953 0.7473367 4.122892
0.177676 0.5632809 4.025273
0.141274 0.48445 3.996411
-0.1177497 0.5443933 4.01954
-0.14386 0.08415159 4.029738
-0.159281 -0.1963385 4.092922
-0.1911004 -0.2195081 3.982299
0.03355964 0.5442023 4.020064
0.0572498 0.08614206 4.025163
0.07528683 -0.2392836 4.084972
0.03648777 -0.2540172 4.016506
-0.03112645 1.028971 4.091033
-0.245787 0.385228 3.983865
-0.2155441 0.4291359 3.963841
0.1384571 0.41144 3.959744
0.114829 0.495461 3.95545
102
-0.04103769 0.5410394 4.052991
-0.03730746 0.8220511 4.076637
-0.02796768 1.096156 4.093043
-0.03544499 1.239164 4.075776
-0.2052125 0.9733474 4.082057
-0.2543162 0.7369241 4.097916
-0.2524398 0.5229824 4.02378
-0.2417374 0.4591601 4.002911
0.1321279 0.9731601 4.091294
0.1779594 0.7492777 4.122979
0.1805931 0.563159 4.018054
0.1485204 0.4898233 3.986619
-0.1162354 0.5445698 4.020216
-0.1438087 0.08454525 4.030027
-0.1596714 -0.201042 4.0943
-0.1934084 -0.2246774 3.980954
0.03547641 0.544188 4.02152
0.05725608 0.08610182 4.02524
0.07399914 -0.2158961 4.080841
0.02556121 -0.2334558 4.00005
-0.030771 1.028664 4.090908
-0.2467884 0.3844004 3.98583
-0.2161019 0.4310439 3.964906
0.1451275 0.4145489 3.955768
0.1191328 0.4954748 3.95029
103
-0.04103769 0.5410394 4.052991
-0.03730746 0.8220511 4.076637
-0.02796768 1.096156 4.093043
-0.03544499 1.239164 4.075776
-0.2052125 0.9733474 4.082057
-0.2543162 0.7369241 4.097916
-0.2524398 0.5229824 4.02378
-0.2417374 0.4591601 4.002911
0.1321279 0.9731601 4.091294
0.1779594 0.7492777 4.122979
0.1805931 0.563159 4.018054
0.1485204 0.4898233 3.986619
-0.1162354 0.5445698 4.020216
-0.1438087 0.08454525 4.030027
-0.1596714 -0.201042 4.0943
-0.1934084 -0.2246774 3.980954
0.03547641 0.544188 4.02152
0.05725608 0.08610182 4.02524
0.07399914 -0.2158961 4.080841
0.02556121 -0.2334558 4.00005
-0.030771 1.028664 4.090908
-0.2467884 0.3844004 3.98583
-0.2161019 0.4310439 3.964906
0.1451275 0.4145489 3.955768
0.1191328 0.4954748 3.95029
104
-0.03970389 0.5411109 4.053794
-0.0364632 0.8216661 4.076979
-0.02766974 1.095868 4.092726
-0.03492746 1.238341 4.07461
-0.2049661 0.9732732 4.082287
-0.254079 0.736241 4.098855
-0.252893 0.5217407 4.025877
-0.2423479 0.458267 4.00493
0.1327994 0.9730815 4.091928
0.1806938 0.7496498 4.122165
0.1826232 0.5602577 4.011929
0.1537782 0.4863964 3.979876
-0.115027 0.544759 4.020739
-0.1437419 0.08518455 4.030124
-0.1599654 -0.2056089 4.095688
-0.1957573 -0.2296521 3.980194
0.0369311 0.5441973 4.022647
0.05720039 0.08610714 4.0254
0.07427339 -0.2204137 4.081819
0.02435477 -0.2406897 3.986767
-0.03038453 1.028344 4.090765
-0.2476329 0.3835669 3.988275
-0.2154964 0.4415032 3.968467
0.1494621 0.4104497 3.95382
0.1220351 0.4943523 3.947454
105
-0.03970389 0.5411109 4.053794
-0.0364632 0.8216661 4.076979
-0.02766974 1.095868 4.092726
-0.03492746 1.238341 4.07461
-0.2049661 0.9732732 4.082287
-0.254079 0.736241 4.098855
-0.252893 0.5217407 4.025877
-0.2423479 0.458267 4.00493
0.1327994 0.9730815 4.091928
0.1806938 0.7496498 4.122165
0.1826232 0.5602577 4.011929
0.1537782 0.4863964 3.979876
-0.115027 0.544759 4.020739
-0.1437419 0.08518455 4.030124
-0.1599654 -0.2056089 4.095688
-0.1957573 -0.2296521 3.980194
0.0369311 0.5441973 4.022647
0.05720039 0.08610714 4.0254
0.07427339 -0.2204137 4.081819
0.02435477 -0.2406897 3.986767
-0.03038453 1.028344 4.090765
-0.2476329 0.3835669 3.988275
-0.2154964 0.4415032 3.968467
0.1494621 0.4104497 3.95382
0.1220351 0.4943523 3.947454
106
-0.03866505 0.5411861 4.054407
-0.03568416 0.8213216 4.077262
-0.02734931 1.095571 4.092407
-0.0343819 1.237557 4.073571
-0.2046883 0.9732081 4.082486
-0.2538844 0.7361084 4.099378
-0.2531571 0.521358 4.027341
-0.2426222 0.4579137 4.005775
0.1334338 0.9730531 4.092513
0.183303 0.7491021 4.120558
0.1837198 0.5564364 4.00795
0.1563845 0.4829324 3.976429
-0.1140775 0.544919 4.021129
-0.1436915 0.0857986 4.030145
-0.1601716 -0.2077279 4.096246
-0.1969029 -0.2319802 3.979394
0.03803678 0.5442278 4.023497
0.05712681 0.08614944 4.025515
0.07443983 -0.2230701 4.082392
0.02009666 -0.2450775 3.979287
-0.02996924 1.02801 4.090607
-0.2480672 0.3831351 3.988981
-0.2134134 0.4564123 3.968542
0.1521871 0.4057859 3.950803
0.1241298 0.4922472 3.946692
107
-0.03866505 0.5411861 4.054407
-0.03568416 0.8213216 4.077262
-0.02734931 1.095571 4.092407
-0.0343819 1.237557 4.073571
-0.2046883 0.9732081 4.082486
-0.2538844 0.7361084 4.099378
-0.2531571 0.521358 4.027341
-0.2426222 0.4579137 4.005775
0.1334338 0.9730531 4.092513
0.183303 0.7491021 4.120558
0.1837198 0.5564364 4.00795
0.1563845 0.4829324 3.976429
-0.1140775 0.544919 4.021129
-0.1436915 0.0857986 4.030145
-0.1601716 -0.2077279 4.096246
-0.1969029 -0.2319802 3.979394
0.03803678 0.5442278 4.023497
0.05712681 0.08614944 4.025515
0.07443983 -0.2230701 4.082392
0.02009666 -0.2450775 3.979287
-0.02996924 1.02801 4.090607
-0.2480672 0.3831351 3.988981
-0.2134134 0.4564123 3.968542
0.1521871 0.4057859 3.950803
0.1241298 0.4922472 3.946692
108
-0.03772692 0.5413254 4.054967
-0.03489549 0.8210443 4.077527
-0.02700117 1.095297 4.092094
-0.03388645 1.236887 4.072714
-0.2044035 0.9731593 4.082644
-0.2535999 0.7359448 4.099728
-0.2533358 0.521023 4.028327
-0.2428807 0.4575618 4.006475
0.1340733 0.9729932 4.093073
0.1853427 0.7481499 4.118875
0.1841572 0.5527888 4.005304
0.1574091 0.4825104 3.974987
-0.1132681 0.5451092 4.021451
-0.1436282 0.08656128 4.029982
-0.1602706 -0.2099751 4.096805
-0.1979836 -0.2344549 3.978781
0.03908574 0.544352 4.024326
0.05703636 0.08621915 4.025633
0.07475793 -0.2265252 4.083325
0.01885487 -0.2497993 3.974331
-0.02951728 1.027703 4.090444
-0.2487696 0.3826968 3.988108
-0.2133846 0.4578506 3.969079
0.1492531 0.4009073 3.947219
0.1251558 0.4823306 3.947947
109
-0.03772692 0.5413254 4.054967
-0.03489549 0.8210443 4.077527
-0.02700117 1.095297 4.092094
-0.03388645 1.236887 4.072714
-0.2044035 0.9731593 4.082644
-0.2535999 0.7359448 4.099728
-0.2533358 0.521023 4.028327
-0.2428807 0.4575618 4.006475
0.1340733 0.9729932 4.093073
0.1853427 0.7481499 4.118875
0.1841572 0.5527888 4.005304
0.1574091 0.4825104 3.974987
-0.1132681 0.5451092 4.021451
-0.1436282 0.08656128 4.029982
-0.1602706 -0.2099751 4.096805
-0.1979836 -0.2344549 3.978781
0.03908574 0.544352 4.024326
0.05703636 0.08621915 4.025633
0.07475793 -0.2265252 4.083325
0.01885487 -0.2497993 3.974331
-0.02951728 1.027703 4.090444
-0.2487696 0.3826968 3.988108
-0.2133846 0.4578506 3.969079
0.1492531 0.4009073 3.947219
0.1251558 0.4823306 3.947947
