101
1
0.07379885 0.3699246 4.003186
0.06578346 0.720139 4.012749
0.06149184 1.065254 4.003859
0.07628748 1.191983 3.997933
-0.1314367 0.956287 3.967461
-0.1871419 0.6786115 3.962745
-0.1652273 0.4433327 3.916456
-0.1582593 0.4051253 3.910584
0.2659573 0.9467508 4.007532
0.3104205 0.666224 3.990375
0.2830459 0.4414153 3.919365
0.2640198 0.4048969 3.913735
-0.01404401 0.3785875 3.950859
-0.05323819 0.1098997 3.96663
-0.09511912 -0.2963133 4.035145
-0.09904006 -0.3156587 3.918053
0.1597889 0.3739409 3.971746
0.189876 0.09884867 4.009432
0.2006467 -0.292623 4.040991
0.238443 -0.298577 3.954235
0.06232872 0.9796506 4.008932
-0.1355271 0.3216963 3.907469
-0.1187531 0.4142895 3.872893
0.2569636 0.3514378 3.918336
0.2281841 0.4088947 3.887142
2
0.07342574 0.3697847 4.002699
0.06597702 0.7201017 4.011905
0.06204635 1.065324 4.002889
0.07722999 1.191874 3.996602
-0.1308778 0.9563844 3.966501
-0.1868301 0.6788505 3.962139
-0.1658957 0.4433716 3.916045
-0.1590551 0.4053506 3.909012
0.2662032 0.9466983 4.006638
0.3101923 0.6655646 3.98896
0.281931 0.4408357 3.916643
0.2626582 0.4045662 3.912061
-0.014485 0.3785685 3.950436
-0.05896876 0.1075695 3.966758
-0.1058881 -0.2960716 4.036071
-0.1061086 -0.3164785 3.917082
0.1595302 0.3737157 3.971169
0.1901815 0.09897535 4.010041
0.2032445 -0.3002619 4.042773
0.2445782 -0.3054908 3.9625
0.06280361 0.9796925 4.007982
-0.1372439 0.332876 3.900934
-0.1212676 0.4201165 3.867018
0.2550873 0.3513275 3.915671
0.2275725 0.4119596 3.884619
3
0.07342574 0.3697847 4.002699
0.06597702 0.7201017 4.011905
0.06204635 1.065324 4.002889
0.07722999 1.191874 3.996602
-0.1308778 0.9563844 3.966501
-0.1868301 0.6788505 3.962139
-0.1658957 0.4433716 3.916045
-0.1590551 0.4053506 3.909012
0.2662032 0.9466983 4.006638
0.3101923 0.6655646 3.98896
0.281931 0.4408357 3.916643
0.2626582 0.4045662 3.912061
-0.014485 0.3785685 3.950436
-0.05896876 0.1075695 3.966758
-0.1058881 -0.2960716 4.036071
-0.1061086 -0.3164785 3.917082
0.1595302 0.3737157 3.971169
0.1901815 0.09897535 4.010041
0.2032445 -0.3002619 4.042773
0.2445782 -0.3054908 3.9625
0.06280361 0.9796925 4.007982
-0.1372439 0.332876 3.900934
-0.1212676 0.4201165 3.867018
0.2550873 0.3513275 3.915671
0.2275725 0.4119596 3.884619
4
0.07308914 0.3696315 4.002265
0.06613604 0.7200448 4.011192
0.06248092 1.065359 4.002111
0.07797486 1.191754 3.995584
-0.1303211 0.9565043 3.965511
-0.1864384 0.6790905 3.961345
-0.1667013 0.4434875 3.915555
-0.1601448 0.4050292 3.907847
0.2663998 0.946592 4.005939
0.3100891 0.6651633 3.987929
0.2810804 0.4406193 3.914679
0.261936 0.4043865 3.911182
-0.014884 0.3785279 3.95006
-0.06313319 0.1059756 3.96681
-0.1131821 -0.2961722 4.03736
-0.1121162 -0.3174573 3.916787
0.1593016 0.3734835 3.97067
0.1904913 0.09905183 4.010764
0.205246 -0.3127632 4.044284
0.2520546 -0.3165584 3.977054
0.06318187 0.9797044 4.007209
-0.1404503 0.3235777 3.902806
-0.1223471 0.4142827 3.866513
0.2548376 0.3513713 3.914399
0.2270755 0.4138033 3.883996
5
0.07308914 0.3696315 4.002265
0.06613604 0.7200448 4.011192
0.06248092 1.065359 4.002111
0.07797486 1.191754 3.995584
-0.1303211 0.9565043 3.965511
-0.1864384 0.6790905 3.961345
-0.1667013 0.4434875 3.915555
-0.1601448 0.4050292 3.907847
0.2663998 0.946592 4.005939
0.3100891 0.6651633 3.987929
0.2810804 0.4406193 3.914679
0.261936 0.4043865 3.911182
-0.014884 0.3785279 3.95006
-0.06313319 0.1059756 3.96681
-0.1131821 -0.2961722 4.03736
-0.1121162 -0.3174573 3.916787
0.1593016 0.3734835 3.97067
0.1904913 0.09905183 4.010764
0.205246 -0.3127632 4.044284
0.2520546 -0.3165584 3.977054
0.06318187 0.9797044 4.007209
-0.1404503 0.3235777 3.902806
-0.1223471 0.4142827 3.866513
0.2548376 0.3513713 3.914399
0.2270755 0.4138033 3.883996
6
0.0727907 0.3694715 4.001918
0.06625818 0.7199824 4.010623
0.06280809 1.065376 4.001509
0.07858393 1.19162 3.994798
-0.1298702 0.9565997 3.964682
-0.1860889 0.6793545 3.960383
-0.1684711 0.444608 3.914398
-0.1613473 0.4059128 3.906044
0.2665789 0.9463928 4.005391
0.3105744 0.6661587 3.987285
0.2803648 0.4423589 3.913227
0.2612505 0.4052552 3.910647
-0.0152319 0.3784742 3.949751
-0.06614731 0.1048188 3.966825
-0.1183777 -0.2960171 4.038437
-0.1160846 -0.3180715 3.916666
0.1590942 0.3732469 3.970294
0.1907896 0.0991272 4.011609
0.2070827 -0.3195192 4.045846
0.25191 -0.3250395 3.957011
0.06347027 0.9797018 4.006607
-0.1481612 0.3245033 3.906358
-0.1231141 0.4088221 3.866152
0.2552709 0.3539243 3.91304
0.2263674 0.4185431 3.8859
7
0.0727907 0.3694715 4.001918
0.06625818 0.7199824 4.010623
0.06280809 1.065376 4.001509
0.07858393 1.19162 3.994798
-0.1298702 0.9565997 3.964682
-0.1860889 0.6793545 3.960383
-0.1684711 0.444608 3.914398
-0.1613473 0.4059128 3.906044
0.2665789 0.9463928 4.005391
0.3105744 0.6661587 3.987285
0.2803648 0.4423589 3.913227
0.2612505 0.4052552 3.910647
-0.0152319 0.3784742 3.949751
-0.06614731 0.1048188 3.966825
-0.1183777 -0.2960171 4.038437
-0.1160846 -0.3180715 3.916666
0.1590942 0.3732469 3.970294
0.1907896 0.0991272 4.011609
0.2070827 -0.3195192 4.045846
0.25191 -0.3250395 3.957011
0.06347027 0.9797018 4.006607
-0.1481612 0.3245033 3.906358
-0.1231141 0.4088221 3.866152
0.2552709 0.3539243 3.91304
0.2263674 0.4185431 3.8859
8
0.07246541 0.3692626 4.001564
0.06634074 0.7199062 4.010124
0.06305052 1.065382 4.001029
0.07905251 1.191507 3.994206
-0.1294077 0.9564279 3.963553
-0.1858043 0.679503 3.959326
-0.1701072 0.4455272 3.91302
-0.1621958 0.4065162 3.904952
0.2667243 0.9461263 4.004978
0.3134841 0.6728487 3.987893
0.2797647 0.4453398 3.912511
0.2569009 0.4076141 3.911354
-0.01567587 0.3783499 3.949345
-0.06832395 0.1043621 3.966632
-0.1216439 -0.2957672 4.039186
-0.1186689 -0.3183976 3.916566
0.1588872 0.3729842 3.96997
0.1910553 0.09912598 4.012642
0.2084586 -0.3227058 4.046876
0.2537277 -0.3277828 3.961304
0.06368519 0.9796903 4.006118
-0.1486238 0.3393595 3.903065
-0.1235189 0.4072094 3.865771
0.2576149 0.3533571 3.913622
0.2142116 0.4258635 3.885595
9
0.07246541 0.3692626 4.001564
0.06634074 0.7199062 4.010124
0.06305052 1.065382 4.001029
0.07905251 1.191507 3.994206
-0.1294077 0.9564279 3.963553
-0.1858043 0.679503 3.959326
-0.1701072 0.4455272 3.91302
-0.1621958 0.4065162 3.904952
0.2667243 0.9461263 4.004978
0.3134841 0.6728487 3.987893
0.2797647 0.4453398 3.912511
0.2569009 0.4076141 3.911354
-0.01567587 0.3783499 3.949345
-0.06832395 0.1043621 3.966632
-0.1216439 -0.2957672 4.039186
-0.1186689 -0.3183976 3.916566
0.1588872 0.3729842 3.96997
0.1910553 0.09912598 4.012642
0.2084586 -0.3227058 4.046876
0.2537277 -0.3277828 3.961304
0.06368519 0.9796903 4.006118
-0.1486238 0.3393595 3.903065
-0.1235189 0.4072094 3.865771
0.2576149 0.3533571 3.913622
0.2142116 0.4258635 3.885595
10
0.0720843 0.3690087 4.001285
0.06639946 0.719823 4.009734
0.06325158 1.065369 4.00066
0.07941637 1.19138 3.993805
-0.1290313 0.9562052 3.962486
-0.1854686 0.6795614 3.958124
-0.1715758 0.4463329 3.911206
-0.1626374 0.4068536 3.903648
0.2668259 0.9458908 4.004679
0.3155662 0.6775943 3.988506
0.2792628 0.448589 3.912464
0.2533975 0.4098868 3.91297
-0.01614579 0.3781962 3.948987
-0.07036113 0.1044631 3.966359
-0.1237645 -0.295575 4.039737
-0.1204698 -0.3186186 3.916507
0.1585892 0.3726429 3.96977
0.1912408 0.09901316 4.013906
0.2095958 -0.3241177 4.047573
0.2546642 -0.3287118 3.96526
0.06386071 0.9796631 4.005741
-0.1503481 0.3458472 3.902712
-0.1237712 0.4061635 3.865466
0.258074 0.3531029 3.913611
0.20583 0.4312126 3.886087
11
0.0720843 0.3690087 4.001285
0.06639946 0.719823 4.009734
0.06325158 1.065369 4.00066
0.07941637 1.19138 3.993805
-0.1290313 0.9562052 3.962486
-0.1854686 0.6795614 3.958124
-0.1715758 0.4463329 3.911206
-0.1626374 0.4068536 3.903648
0.2668259 0.9458908 4.004679
0.3155662 0.6775943 3.988506
0.2792628 0.448589 3.912464
0.2533975 0.4098868 3.91297
-0.01614579 0.3781962 3.948987
-0.07036113 0.1044631 3.966359
-0.1237645 -0.295575 4.039737
-0.1204698 -0.3186186 3.916507
0.1585892 0.3726429 3.96977
0.1912408 0.09901316 4.013906
0.2095958 -0.3241177 4.047573
0.2546642 -0.3287118 3.96526
0.06386071 0.9796631 4.005741
-0.1503481 0.3458472 3.902712
-0.1237712 0.4061635 3.865466
0.258074 0.3531029 3.913611
0.20583 0.4312126 3.886087
12
0.07174246 0.368769 4.001047
0.06644076 0.7197284 4.009393
0.06340379 1.065329 4.000352
0.07972492 1.191233 3.993493
-0.1286103 0.9558988 3.961275
-0.1851477 0.6793453 3.956673
-0.1727549 0.4468312 3.908543
-0.1631311 0.4068081 3.901993
0.2668886 0.9456874 4.004478
0.3163455 0.6795313 3.988796
0.2789534 0.4515688 3.912678
0.2510455 0.411062 3.913796
-0.0165753 0.3780332 3.948633
-0.07183103 0.1046094 3.966128
-0.1252098 -0.2954178 4.040238
-0.1217831 -0.3188145 3.916417
0.1583177 0.3723282 3.969625
0.1913757 0.09890762 4.015004
0.2110802 -0.3242989 4.048743
0.2550351 -0.3286499 3.968496
0.06399538 0.9796133 4.005422
-0.157658 0.3256623 3.906356
-0.1239096 0.4048806 3.865159
0.24733 0.3408441 3.917804
0.1992953 0.4284878 3.884607
13
0.07174246 0.368769 4.001047
0.06644076 0.7197284 4.009393
0.06340379 1.065329 4.000352
0.07972492 1.191233 3.993493
-0.1286103 0.9558988 3.961275
-0.1851477 0.6793453 3.956673
-0.1727549 0.4468312 3.908543
-0.1631311 0.4068081 3.901993
0.2668886 0.9456874 4.004478
0.3163455 0.6795313 3.988796
0.2789534 0.4515688 3.912678
0.2510455 0.411062 3.913796
-0.0165753 0.3780332 3.948633
-0.07183103 0.1046094 3.966128
-0.1252098 -0.2954178 4.040238
-0.1217831 -0.3188145 3.916417
0.1583177 0.3723282 3.969625
0.1913757 0.09890762 4.015004
0.2110802 -0.3242989 4.048743
0.2550351 -0.3286499 3.968496
0.06399538 0.9796133 4.005422
-0.157658 0.3256623 3.906356
-0.1239096 0.4048806 3.865159
0.24733 0.3408441 3.917804
0.1992953 0.4284878 3.884607
14
0.0713569 0.3684813 4.000807
0.06646461 0.7196323 4.009107
0.06352166 1.065289 4.00011
0.07996558 1.191103 3.993263
-0.1282073 0.9555388 3.960119
-0.1849376 0.6790539 3.95532
-0.1735021 0.4470849 3.906602
-0.1635425 0.4065852 3.901027
0.2669001 0.9454295 4.004412
0.3167373 0.6807201 3.989209
0.2786207 0.4529032 3.913059
0.2490647 0.4115009 3.91506
-0.01707959 0.3778282 3.94821
-0.0729625 0.1048829 3.965864
-0.126077 -0.2951518 4.040843
-0.1227311 -0.3189304 3.916346
0.1579979 0.3719379 3.969528
0.191368 0.09878485 4.016163
0.2119957 -0.3242628 4.049356
0.2555217 -0.3282095 3.972005
0.06409995 0.9795646 4.005169
-0.1544663 0.3127411 3.906386
-0.1236615 0.4015857 3.866171
0.2476692 0.340388 3.919324
0.196427 0.4290252 3.88451
15
0.0713569 0.3684813 4.000807
0.06646461 0.7196323 4.009107
0.06352166 1.065289 4.00011
0.07996558 1.191103 3.993263
-0.1282073 0.9555388 3.960119
-0.1849376 0.6790539 3.95532
-0.1735021 0.4470849 3.906602
-0.1635425 0.4065852 3.901027
0.2669001 0.9454295 4.004412
0.3167373 0.6807201 3.989209
0.2786207 0.4529032 3.913059
0.2490647 0.4115009 3.91506
-0.01707959 0.3778282 3.94821
-0.0729625 0.1048829 3.965864
-0.126077 -0.2951518 4.040843
-0.1227311 -0.3189304 3.916346
0.1579979 0.3719379 3.969528
0.191368 0.09878485 4.016163
0.2119957 -0.3242628 4.049356
0.2555217 -0.3282095 3.972005
0.06409995 0.9795646 4.005169
-0.1544663 0.3127411 3.906386
-0.1236615 0.4015857 3.866171
0.2476692 0.340388 3.919324
0.196427 0.4290252 3.88451
16
0.07098339 0.368199 4.000589
0.06646982 0.7195404 4.008867
0.06360325 1.065255 3.999927
0.08015458 1.19099 3.993098
-0.1278555 0.9552022 3.95904
-0.1847791 0.6787966 3.954083
-0.1739904 0.4472678 3.90507
-0.1638278 0.4067078 3.899842
0.2668129 0.945137 4.00449
0.3169401 0.6816845 3.98987
0.2782578 0.4535682 3.914223
0.2501003 0.4119938 3.918045
-0.01756673 0.3776205 3.947799
-0.07379287 0.1051056 3.965677
-0.1263555 -0.2947515 4.041582
-0.1233817 -0.3189232 3.916307
0.1576918 0.3715671 3.969462
0.1913793 0.09746856 4.018098
0.2098559 -0.2704611 4.045555
0.2319902 -0.2784256 3.923931
0.0641726 0.9795217 4.004972
-0.1501287 0.3312765 3.901843
-0.1242431 0.4078782 3.864328
0.2475715 0.3462051 3.920657
0.2073357 0.4352679 3.895226
17
0.07098339 0.368199 4.000589
0.06646982 0.7195404 4.008867
0.06360325 1.065255 3.999927
0.08015458 1.19099 3.993098
-0.1278555 0.9552022 3.95904
-0.1847791 0.6787966 3.954083
-0.1739904 0.4472678 3.90507
-0.1638278 0.4067078 3.899842
0.2668129 0.945137 4.00449
0.3169401 0.6816845 3.98987
0.2782578 0.4535682 3.914223
0.2501003 0.4119938 3.918045
-0.01756673 0.3776205 3.947799
-0.07379287 0.1051056 3.965677
-0.1263555 -0.2947515 4.041582
-0.1233817 -0.3189232 3.916307
0.1576918 0.3715671 3.969462
0.1913793 0.09746856 4.018098
0.2098559 -0.2704611 4.045555
0.2319902 -0.2784256 3.923931
0.0641726 0.9795217 4.004972
-0.1501287 0.3312765 3.901843
-0.1242431 0.4078782 3.864328
0.2475715 0.3462051 3.920657
0.2073357 0.4352679 3.895226
18
0.07063664 0.367945 4.000395
0.06646294 0.719453 4.008665
0.06366155 1.065221 3.999784
0.08028331 1.190886 3.99297
-0.1275892 0.9548771 3.958098
-0.1846692 0.6787124 3.953001
-0.1744081 0.4475754 3.903541
-0.164145 0.4067849 3.899312
0.266129 0.9449929 4.005363
0.3167029 0.6821654 3.990861
0.2779463 0.4535483 3.91596
0.2511349 0.4116794 3.920274
-0.01801122 0.3774348 3.947422
-0.07435848 0.1054182 3.965455
-0.1263036 -0.2944524 4.04216
-0.1238326 -0.3189253 3.916254
0.1574056 0.3712362 3.969419
0.1913523 0.09680644 4.01938
0.2085852 -0.2409458 4.043729
0.2194259 -0.2509466 3.897333
0.06422415 0.9794793 4.004817
-0.1478506 0.3411936 3.90125
-0.1244423 0.4130847 3.863411
0.2483689 0.3486843 3.92177
0.2142949 0.4363914 3.900979
19
0.07063664 0.367945 4.000395
0.06646294 0.719453 4.008665
0.06366155 1.065221 3.999784
0.08028331 1.190886 3.99297
-0.1275892 0.9548771 3.958098
-0.1846692 0.6787124 3.953001
-0.1744081 0.4475754 3.903541
-0.164145 0.4067849 3.899312
0.266129 0.9449929 4.005363
0.3167029 0.6821654 3.990861
0.2779463 0.4535483 3.91596
0.2511349 0.4116794 3.920274
-0.01801122 0.3774348 3.947422
-0.07435848 0.1054182 3.965455
-0.1263036 -0.2944524 4.04216
-0.1238326 -0.3189253 3.916254
0.1574056 0.3712362 3.969419
0.1913523 0.09680644 4.01938
0.2085852 -0.2409458 4.043729
0.2194259 -0.2509466 3.897333
0.06422415 0.9794793 4.004817
-0.1478506 0.3411936 3.90125
-0.1244423 0.4130847 3.863411
0.2483689 0.3486843 3.92177
0.2142949 0.4363914 3.900979
20
0.0702795 0.3677138 4.000243
0.06642769 0.7193829 4.008497
0.06368662 1.065205 3.99967
0.08036041 1.190827 3.992846
-0.1274116 0.9546031 3.957323
-0.1846413 0.6787203 3.952106
-0.174681 0.4478872 3.90238
-0.1643165 0.4068407 3.89894
0.2654947 0.9448474 4.006162
0.3160581 0.6820689 3.992214
0.2776664 0.4529628 3.918744
0.2529093 0.4113078 3.924398
-0.01843744 0.3772716 3.947104
-0.07479522 0.105528 3.965344
-0.1260299 -0.2942146 4.042667
-0.1241522 -0.3189146 3.916219
0.1570917 0.3709324 3.969421
0.1912821 0.09588061 4.020513
0.2081062 -0.2298361 4.043207
0.2144688 -0.2403845 3.887093
0.06424384 0.9794546 4.004692
-0.1462997 0.3480698 3.899429
-0.1248577 0.4198971 3.863229
0.2488107 0.3506878 3.924889
0.2197283 0.4365654 3.906285
21
0.0702795 0.3677138 4.000243
0.06642769 0.7193829 4.008497
0.06368662 1.065205 3.99967
0.08036041 1.190827 3.992846
-0.1274116 0.9546031 3.957323
-0.1846413 0.6787203 3.952106
-0.174681 0.4478872 3.90238
-0.1643165 0.4068407 3.89894
0.2654947 0.9448474 4.006162
0.3160581 0.6820689 3.992214
0.2776664 0.4529628 3.918744
0.2529093 0.4113078 3.924398
-0.01843744 0.3772716 3.947104
-0.07479522 0.105528 3.965344
-0.1260299 -0.2942146 4.042667
-0.1241522 -0.3189146 3.916219
0.1570917 0.3709324 3.969421
0.1912821 0.09588061 4.020513
0.2081062 -0.2298361 4.043207
0.2144688 -0.2403845 3.887093
0.06424384 0.9794546 4.004692
-0.1462997 0.3480698 3.899429
-0.1248577 0.4198971 3.863229
0.2488107 0.3506878 3.924889
0.2197283 0.4365654 3.906285
22
0.06993334 0.3675273 4.00014
0.06637588 0.7193302 4.008343
0.06367202 1.065224 3.999491
0.08040513 1.190794 3.992711
-0.127303 0.9544252 3.956725
-0.1846436 0.6787567 3.951359
-0.1748719 0.4481237 3.901574
-0.1644268 0.4069888 3.898815
0.2649231 0.9447866 4.006757
0.3150719 0.6815522 3.993734
0.2774673 0.4517387 3.922531
0.25438 0.4102154 3.928468
-0.0188355 0.3771465 3.946844
-0.07508245 0.1055546 3.965286
-0.1254962 -0.2939639 4.043049
-0.1242814 -0.318823 3.916118
0.1567722 0.3706831 3.969485
0.1912047 0.09507641 4.021407
0.2112327 -0.2919868 4.047623
0.2443026 -0.2962131 3.959963
0.06423163 0.9794546 4.00453
-0.1462167 0.3520492 3.899378
-0.1249368 0.4217141 3.863105
0.2487028 0.3518332 3.926536
0.22326 0.4368627 3.910798
23
0.06993334 0.3675273 4.00014
0.06637588 0.7193302 4.008343
0.06367202 1.065224 3.999491
0.08040513 1.190794 3.992711
-0.127303 0.9544252 3.956725
-0.1846436 0.6787567 3.951359
-0.1748719 0.4481237 3.901574
-0.1644268 0.4069888 3.898815
0.2649231 0.9447866 4.006757
0.3150719 0.6815522 3.993734
0.2774673 0.4517387 3.922531
0.25438 0.4102154 3.928468
-0.0188355 0.3771465 3.946844
-0.07508245 0.1055546 3.965286
-0.1254962 -0.2939639 4.043049
-0.1242814 -0.318823 3.916118
0.1567722 0.3706831 3.969485
0.1912047 0.09507641 4.021407
0.2112327 -0.2919868 4.047623
0.2443026 -0.2962131 3.959963
0.06423163 0.9794546 4.00453
-0.1462167 0.3520492 3.899378
-0.1249368 0.4217141 3.863105
0.2487028 0.3518332 3.926536
0.22326 0.4368627 3.910798
24
0.06957574 0.3673642 4.000091
0.06629046 0.7192759 4.008135
0.06362463 1.065266 3.998296
0.07997329 1.191024 3.991263
-0.1272324 0.9543389 3.956038
-0.1846587 0.6787975 3.950757
-0.174972 0.4482885 3.901039
-0.1644855 0.4070885 3.898735
0.26446 0.9445838 4.006949
0.3135685 0.6801127 3.995304
0.2772327 0.4504316 3.9264
0.2558492 0.4089598 3.932564
-0.01921481 0.37704 3.946646
-0.07526596 0.1055523 3.96524
-0.1249357 -0.2938185 4.043187
-0.1243047 -0.3187245 3.915981
0.1564157 0.3704643 3.969623
0.1911656 0.09409888 4.022026
0.2083072 -0.3122413 4.037585
0.2547791 -0.3125958 3.977128
0.064169 0.9794613 4.003774
-0.1461927 0.3549134 3.901005
-0.1244054 0.4325213 3.86142
0.2486533 0.3525349 3.929197
0.2261266 0.4366788 3.914333
25
0.06957574 0.3673642 4.000091
0.06629046 0.7192759 4.008135
0.06362463 1.065266 3.998296
0.07997329 1.191024 3.991263
-0.1272324 0.9543389 3.956038
-0.1846587 0.6787975 3.950757
-0.174972 0.4482885 3.901039
-0.1644855 0.4070885 3.898735
0.26446 0.9445838 4.006949
0.3135685 0.6801127 3.995304
0.2772327 0.4504316 3.9264
0.2558492 0.4089598 3.932564
-0.01921481 0.37704 3.946646
-0.07526596 0.1055523 3.96524
-0.1249357 -0.2938185 4.043187
-0.1243047 -0.3187245 3.915981
0.1564157 0.3704643 3.969623
0.1911656 0.09409888 4.022026
0.2083072 -0.3122413 4.037585
0.2547791 -0.3125958 3.977128
0.064169 0.9794613 4.003774
-0.1461927 0.3549134 3.901005
-0.1244054 0.4325213 3.86142
0.2486533 0.3525349 3.929197
0.2261266 0.4366788 3.914333
26
0.06911575 0.3671741 4.000177
0.06614036 0.7192007 4.007825
0.06340457 1.065248 3.995382
0.07938466 1.191393 3.988172
-0.1272063 0.9542204 3.955197
-0.1847041 0.6788815 3.950278
-0.1750237 0.4483886 3.900708
-0.1644076 0.4074019 3.899556
0.2637798 0.9442395 4.006439
0.3118276 0.6780524 3.997014
0.2771305 0.4483245 3.931641
0.2569242 0.4071496 3.937523
-0.01967446 0.3769034 3.946579
-0.07539503 0.1054974 3.965156
-0.1243371 -0.2938389 4.043002
-0.1242846 -0.3186283 3.91587
0.1559577 0.3702307 3.969929
0.1911719 0.09369725 4.02229
0.2073788 -0.3248228 4.035465
0.2608613 -0.3241635 3.99062
0.06395109 0.9794127 4.001927
-0.1533069 0.3414063 3.90995
-0.1235929 0.4151033 3.870833
0.2487783 0.352865 3.932784
0.2281766 0.4371083 3.920119
27
0.06911575 0.3671741 4.000177
0.06614036 0.7192007 4.007825
0.06340457 1.065248 3.995382
0.07938466 1.191393 3.988172
-0.1272063 0.9542204 3.955197
-0.1847041 0.6788815 3.950278
-0.1750237 0.4483886 3.900708
-0.1644076 0.4074019 3.899556
0.2637798 0.9442395 4.006439
0.3118276 0.6780524 3.997014
0.2771305 0.4483245 3.931641
0.2569242 0.4071496 3.937523
-0.01967446 0.3769034 3.946579
-0.07539503 0.1054974 3.965156
-0.1243371 -0.2938389 4.043002
-0.1242846 -0.3186283 3.91587
0.1559577 0.3702307 3.969929
0.1911719 0.09369725 4.02229
0.2073788 -0.3248228 4.035465
0.2608613 -0.3241635 3.99062
0.06395109 0.9794127 4.001927
-0.1533069 0.3414063 3.90995
-0.1235929 0.4151033 3.870833
0.2487783 0.352865 3.932784
0.2281766 0.4371083 3.920119
28
0.06856157 0.3669223 4.000542
0.06590877 0.7190434 4.007272
0.06294201 1.06456 3.988128
0.07868519 1.191463 3.979847
-0.1273529 0.953783 3.953063
-0.1847538 0.6789489 3.949918
-0.1749289 0.4482165 3.900591
-0.1640182 0.4074041 3.900098
0.2631585 0.9433331 4.003968
0.3101645 0.675999 3.99855
0.2771018 0.4461043 3.936015
0.2574992 0.4042208 3.941627
-0.02020749 0.376695 3.946768
-0.07563735 0.1053132 3.964491
-0.1233843 -0.2943289 4.041619
-0.1242117 -0.3185233 3.915743
0.1554059 0.3699577 3.970562
0.1911719 0.09345447 4.021644
0.206856 -0.3322871 4.034333
0.2619577 -0.3325401 3.957732
0.06352177 0.9788966 3.997248
-0.1530128 0.3425726 3.911547
-0.1229746 0.4130466 3.874891
0.2491158 0.3528749 3.935326
0.2288024 0.429823 3.923942
29
0.06856157 0.3669223 4.000542
0.06590877 0.7190434 4.007272
0.06294201 1.06456 3.988128
0.07868519 1.191463 3.979847
-0.1273529 0.953783 3.953063
-0.1847538 0.6789489 3.949918
-0.1749289 0.4482165 3.900591
-0.1640182 0.4074041 3.900098
0.2631585 0.9433331 4.003968
0.3101645 0.675999 3.99855
0.2771018 0.4461043 3.936015
0.2574992 0.4042208 3.941627
-0.02020749 0.376695 3.946768
-0.07563735 0.1053132 3.964491
-0.1233843 -0.2943289 4.041619
-0.1242117 -0.3185233 3.915743
0.1554059 0.3699577 3.970562
0.1911719 0.09345447 4.021644
0.206856 -0.3322871 4.034333
0.2619577 -0.3325401 3.957732
0.06352177 0.9788966 3.997248
-0.1530128 0.3425726 3.911547
-0.1229746 0.4130466 3.874891
0.2491158 0.3528749 3.935326
0.2288024 0.429823 3.923942
30
0.06787029 0.3662316 4.001388
0.0653308 0.7178018 4.005415
0.0615697 1.059819 3.974021
0.07735923 1.187488 3.966102
-0.1273943 0.9497502 3.945091
-0.1847999 0.6789892 3.949646
-0.1748639 0.4482362 3.901445
-0.1636712 0.4070632 3.900792
0.2624853 0.9407934 3.996649
0.3085763 0.6737947 3.999871
0.2771238 0.4437162 3.939898
0.2585544 0.4007714 3.945373
-0.02104414 0.375884 3.947611
-0.07632991 0.1049371 3.9616
-0.1158526 -0.2996893 4.03045
-0.1240004 -0.3184435 3.915557
0.1548618 0.3693838 3.971534
0.19048 0.09278663 4.017828
0.2065395 -0.3364389 4.034166
0.2644826 -0.3371505 3.958517
0.06236421 0.9750896 3.986839
-0.1495406 0.3278396 3.909734
-0.122573 0.4117435 3.876492
0.2474125 0.3206554 3.945175
0.2263154 0.3991211 3.927995
31
0.06787029 0.3662316 4.001388
0.0653308 0.7178018 4.005415
0.0615697 1.059819 3.974021
0.07735923 1.187488 3.966102
-0.1273943 0.9497502 3.945091
-0.1847999 0.6789892 3.949646
-0.1748639 0.4482362 3.901445
-0.1636712 0.4070632 3.900792
0.2624853 0.9407934 3.996649
0.3085763 0.6737947 3.999871
0.2771238 0.4437162 3.939898
0.2585544 0.4007714 3.945373
-0.02104414 0.375884 3.947611
-0.07632991 0.1049371 3.9616
-0.1158526 -0.2996893 4.03045
-0.1240004 -0.3184435 3.915557
0.1548618 0.3693838 3.971534
0.19048 0.09278663 4.017828
0.2065395 -0.3364389 4.034166
0.2644826 -0.3371505 3.958517
0.06236421 0.9750896 3.986839
-0.1495406 0.3278396 3.909734
-0.122573 0.4117435 3.876492
0.2474125 0.3206554 3.945175
0.2263154 0.3991211 3.927995
32
0.06640473 0.3633366 4.004288
0.06430747 0.7133066 4.001585
0.060947 1.049197 3.956782
0.0767996 1.175105 3.943722
-0.1277009 0.9433468 3.935824
-0.1851028 0.6776351 3.949557
-0.175255 0.4456035 3.90484
-0.1620597 0.4013987 3.905204
0.2627856 0.935191 3.987731
0.3069032 0.6696543 4.001232
0.2772925 0.439677 3.944163
0.2599224 0.3931859 3.949473
-0.02282285 0.3728463 3.950537
-0.07715987 0.1045654 3.957301
-0.106776 -0.3018241 4.022449
-0.1223951 -0.3178942 3.915103
0.1538047 0.3667631 3.974515
0.1895999 0.09154213 4.009272
0.2063662 -0.3313522 4.034676
0.2620072 -0.3346508 3.943042
0.0615533 0.9659238 3.972904
-0.1509884 0.3096676 3.910951
-0.1225877 0.3919152 3.883644
0.248453 0.3073497 3.948659
0.2267775 0.3947757 3.933736
33
0.06640473 0.3633366 4.004288
0.06430747 0.7133066 4.001585
0.060947 1.049197 3.956782
0.0767996 1.175105 3.943722
-0.1277009 0.9433468 3.935824
-0.1851028 0.6776351 3.949557
-0.175255 0.4456035 3.90484
-0.1620597 0.4013987 3.905204
0.2627856 0.935191 3.987731
0.3069032 0.6696543 4.001232
0.2772925 0.439677 3.944163
0.2599224 0.3931859 3.949473
-0.02282285 0.3728463 3.950537
-0.07715987 0.1045654 3.957301
-0.106776 -0.3018241 4.022449
-0.1223951 -0.3178942 3.915103
0.1538047 0.3667631 3.974515
0.1895999 0.09154213 4.009272
0.2063662 -0.3313522 4.034676
0.2620072 -0.3346508 3.943042
0.0615533 0.9659238 3.972904
-0.1509884 0.3096676 3.910951
-0.1225877 0.3919152 3.883644
0.248453 0.3073497 3.948659
0.2267775 0.3947757 3.933736
34
0.06468025 0.3529976 4.011428
0.06386865 0.6957956 3.993385
0.06317308 1.022046 3.93308
0.07457003 1.155492 3.92111
-0.1280386 0.9209948 3.919984
-0.1855814 0.6634657 3.951643
-0.1773785 0.3966875 3.914925
-0.1593595 0.3525673 3.911866
0.2634825 0.9205199 3.972069
0.3056831 0.6632828 4.002264
0.2781404 0.4336712 3.947755
0.2636554 0.3809671 3.952055
-0.02556681 0.3613166 3.958457
-0.07801083 0.1040079 3.94931
-0.09283914 -0.3018922 4.010801
-0.1133139 -0.316151 3.911742
0.1531412 0.3578413 3.98109
0.194667 0.088395 3.987972
0.2048163 -0.3248112 4.037476
0.2620255 -0.3350026 3.940681
0.06314111 0.940654 3.952192
-0.1538849 0.2487029 3.905147
-0.1226003 0.34265 3.884713
0.250232 0.2900844 3.947554
0.2270126 0.3830041 3.936595
35
0.06468025 0.3529976 4.011428
0.06386865 0.6957956 3.993385
0.06317308 1.022046 3.93308
0.07457003 1.155492 3.92111
-0.1280386 0.9209948 3.919984
-0.1855814 0.6634657 3.951643
-0.1773785 0.3966875 3.914925
-0.1593595 0.3525673 3.911866
0.2634825 0.9205199 3.972069
0.3056831 0.6632828 4.002264
0.2781404 0.4336712 3.947755
0.2636554 0.3809671 3.952055
-0.02556681 0.3613166 3.958457
-0.07801083 0.1040079 3.94931
-0.09283914 -0.3018922 4.010801
-0.1133139 -0.316151 3.911742
0.1531412 0.3578413 3.98109
0.194667 0.088395 3.987972
0.2048163 -0.3248112 4.037476
0.2620255 -0.3350026 3.940681
0.06314111 0.940654 3.952192
-0.1538849 0.2487029 3.905147
-0.1226003 0.34265 3.884713
0.250232 0.2900844 3.947554
0.2270126 0.3830041 3.936595
36
0.06401182 0.3268433 4.027217
0.06433092 0.6629958 3.984933
0.06486075 0.9857451 3.911661
0.07028624 1.114633 3.897135
-0.1289267 0.8855978 3.903139
-0.1871802 0.6433789 3.95413
-0.1784156 0.3674943 3.92184
-0.1608636 0.3301061 3.91683
0.2626188 0.8840287 3.952611
0.3053165 0.6353996 4.004644
0.2796867 0.3906081 3.951034
0.26921 0.3367694 3.951366
-0.02770855 0.3344894 3.974225
-0.08069655 0.09522646 3.934274
-0.08413912 -0.2984743 4.004954
-0.1052734 -0.315534 3.908899
0.154164 0.3333262 3.996899
0.2076652 0.08475944 3.96146
0.2096574 -0.3155374 4.037814
0.2618837 -0.3335884 3.941817
0.06468162 0.905397 3.933355
-0.1552904 0.217684 3.897677
-0.1225982 0.3175195 3.887593
0.2607137 0.2425383 3.936097
0.230033 0.3400294 3.932874
37
0.06401182 0.3268433 4.027217
0.06433092 0.6629958 3.984933
0.06486075 0.9857451 3.911661
0.07028624 1.114633 3.897135
-0.1289267 0.8855978 3.903139
-0.1871802 0.6433789 3.95413
-0.1784156 0.3674943 3.92184
-0.1608636 0.3301061 3.91683
0.2626188 0.8840287 3.952611
0.3053165 0.6353996 4.004644
0.2796867 0.3906081 3.951034
0.26921 0.3367694 3.951366
-0.02770855 0.3344894 3.974225
-0.08069655 0.09522646 3.934274
-0.08413912 -0.2984743 4.004954
-0.1052734 -0.315534 3.908899
0.154164 0.3333262 3.996899
0.2076652 0.08475944 3.96146
0.2096574 -0.3155374 4.037814
0.2618837 -0.3335884 3.941817
0.06468162 0.905397 3.933355
-0.1552904 0.217684 3.897677
-0.1225982 0.3175195 3.887593
0.2607137 0.2425383 3.936097
0.230033 0.3400294 3.932874
38
0.06189819 0.2926464 4.046007
0.06466774 0.6227521 3.982011
0.06764243 0.9437667 3.89763
0.06661765 1.072465 3.877661
-0.1291718 0.8398959 3.888996
-0.1903075 0.580456 3.962872
-0.1871271 0.3235487 3.936758
-0.1684713 0.2963484 3.923275
0.2622219 0.8504341 3.939282
0.3085614 0.6185102 4.004397
0.2817132 0.3703468 3.953377
0.2759991 0.3070047 3.950191
-0.03116519 0.2986326 3.994193
-0.08480021 0.07020652 3.907689
-0.07834569 -0.2897633 4.002723
-0.09979665 -0.3154526 3.906874
0.1536037 0.3014773 4.014751
0.2234565 0.07272246 3.938718
0.2134422 -0.3078179 4.036916
0.2621124 -0.3333248 3.943035
0.06693804 0.8640021 3.921582
-0.1646302 0.1758791 3.89168
-0.1295855 0.2806073 3.887448
0.268972 0.2216652 3.931116
0.2334305 0.3230909 3.934391
39
0.06189819 0.2926464 4.046007
0.06466774 0.6227521 3.982011
0.06764243 0.9437667 3.89763
0.06661765 1.072465 3.877661
-0.1291718 0.8398959 3.888996
-0.1903075 0.580456 3.962872
-0.1871271 0.3235487 3.936758
-0.1684713 0.2963484 3.923275
0.2622219 0.8504341 3.939282
0.3085614 0.6185102 4.004397
0.2817132 0.3703468 3.953377
0.2759991 0.3070047 3.950191
-0.03116519 0.2986326 3.994193
-0.08480021 0.07020652 3.907689
-0.07834569 -0.2897633 4.002723
-0.09979665 -0.3154526 3.906874
0.1536037 0.3014773 4.014751
0.2234565 0.07272246 3.938718
0.2134422 -0.3078179 4.036916
0.2621124 -0.3333248 3.943035
0.06693804 0.8640021 3.921582
-0.1646302 0.1758791 3.89168
-0.1295855 0.2806073 3.887448
0.268972 0.2216652 3.931116
0.2334305 0.3230909 3.934391
40
0.0620249 0.2591555 4.063838
0.06306503 0.5813781 3.980721
0.06277277 0.8947623 3.880563
0.06386431 1.023157 3.856266
-0.1263544 0.8021281 3.877051
-0.1935106 0.5321567 3.967448
-0.1958018 0.2693799 3.946962
-0.1858165 0.2386404 3.928624
0.2588073 0.8053413 3.921307
0.3171068 0.5904568 4.002687
0.2809922 0.355452 3.958855
0.2755034 0.2922203 3.950736
-0.03223805 0.2649667 4.012959
-0.09300447 0.04892882 3.884795
-0.07436702 -0.2808724 4.0005
-0.09566248 -0.3154993 3.905231
0.1550406 0.2689144 4.031706
0.2384158 0.05523873 3.92144
0.2159014 -0.3012439 4.035277
0.2624238 -0.3331326 3.944618
0.06314112 0.8173203 3.908675
-0.1731106 0.1574656 3.882928
-0.1424566 0.2543971 3.886082
0.2725395 0.2089853 3.926115
0.2150346 0.2857738 3.924673
41
0.0620249 0.2591555 4.063838
0.06306503 0.5813781 3.980721
0.06277277 0.8947623 3.880563
0.06386431 1.023157 3.856266
-0.1263544 0.8021281 3.877051
-0.1935106 0.5321567 3.967448
-0.1958018 0.2693799 3.946962
-0.1858165 0.2386404 3.928624
0.2588073 0.8053413 3.921307
0.3171068 0.5904568 4.002687
0.2809922 0.355452 3.958855
0.2755034 0.2922203 3.950736
-0.03223805 0.2649667 4.012959
-0.09300447 0.04892882 3.884795
-0.07436702 -0.2808724 4.0005
-0.09566248 -0.3154993 3.905231
0.1550406 0.2689144 4.031706
0.2384158 0.05523873 3.92144
0.2159014 -0.3012439 4.035277
0.2624238 -0.3331326 3.944618
0.06314112 0.8173203 3.908675
-0.1731106 0.1574656 3.882928
-0.1424566 0.2543971 3.886082
0.2725395 0.2089853 3.926115
0.2150346 0.2857738 3.924673
42
0.06071442 0.2169759 4.116369
0.06250641 0.531944 3.997771
0.06305928 0.8434959 3.867022
0.06215858 0.9772188 3.845686
-0.1277789 0.7443382 3.871257
-0.2007384 0.4785715 3.966239
-0.212592 0.2346893 3.970534
-0.21802 0.2103457 3.956001
0.2547826 0.7660136 3.907701
0.3231705 0.5750996 4.001417
0.2808783 0.3472831 3.961531
0.2747119 0.282158 3.952453
-0.03448637 0.2213366 4.066068
-0.09787194 0.04176909 3.871891
-0.07198721 -0.2767543 3.998182
-0.09281581 -0.3157758 3.904033
0.1547707 0.2286555 4.08383
0.2460788 0.04837075 3.910982
0.2198267 -0.2976079 4.030615
0.2611665 -0.3318486 3.940662
0.0631219 0.7671599 3.902351
-0.2214909 0.1652421 3.926619
-0.1731202 0.2228679 3.908397
0.2721937 0.2019365 3.920486
0.2078943 0.2748978 3.927364
43
0.06071442 0.2169759 4.116369
0.06250641 0.531944 3.997771
0.06305928 0.8434959 3.867022
0.06215858 0.9772188 3.845686
-0.1277789 0.7443382 3.871257
-0.2007384 0.4785715 3.966239
-0.212592 0.2346893 3.970534
-0.21802 0.2103457 3.956001
0.2547826 0.7660136 3.907701
0.3231705 0.5750996 4.001417
0.2808783 0.3472831 3.961531
0.2747119 0.282158 3.952453
-0.03448637 0.2213366 4.066068
-0.09787194 0.04176909 3.871891
-0.07198721 -0.2767543 3.998182
-0.09281581 -0.3157758 3.904033
0.1547707 0.2286555 4.08383
0.2460788 0.04837075 3.910982
0.2198267 -0.2976079 4.030615
0.2611665 -0.3318486 3.940662
0.0631219 0.7671599 3.902351
-0.2214909 0.1652421 3.926619
-0.1731202 0.2228679 3.908397
0.2721937 0.2019365 3.920486
0.2078943 0.2748978 3.927364
44
0.06517836 0.1639702 4.153937
0.06546916 0.4750298 4.010462
0.06493139 0.7848054 3.856384
0.05804943 0.9195899 3.835449
-0.1258518 0.6829007 3.86486
-0.2078037 0.4488825 3.962672
-0.244543 0.1873949 3.988019
-0.243524 0.1774749 3.978798
0.2548613 0.7050511 3.89848
0.3203391 0.4643356 4.004993
0.2665426 0.2472097 3.936494
0.2658452 0.2032588 3.920769
-0.03130353 0.1674072 4.108648
-0.127882 0.09332498 3.838357
-0.08445648 -0.2631707 3.961354
-0.08626353 -0.3044985 3.842207
0.1604532 0.1773106 4.116586
0.28643 0.07833289 3.871994
0.2478074 -0.2916673 3.980053
0.2668599 -0.3295434 3.857173
0.06520572 0.7084427 3.897448
-0.2565414 0.1435665 3.966383
-0.2090878 0.184385 3.938872
0.2418286 0.1163244 3.870191
0.2018572 0.2116481 3.90335
45
0.06517836 0.1639702 4.153937
0.06546916 0.4750298 4.010462
0.06493139 0.7848054 3.856384
0.05804943 0.9195899 3.835449
-0.1258518 0.6829007 3.86486
-0.2078037 0.4488825 3.962672
-0.244543 0.1873949 3.988019
-0.243524 0.1774749 3.978798
0.2548613 0.7050511 3.89848
0.3203391 0.4643356 4.004993
0.2665426 0.2472097 3.936494
0.2658452 0.2032588 3.920769
-0.03130353 0.1674072 4.108648
-0.127882 0.09332498 3.838357
-0.08445648 -0.2631707 3.961354
-0.08626353 -0.3044985 3.842207
0.1604532 0.1773106 4.116586
0.28643 0.07833289 3.871994
0.2478074 -0.2916673 3.980053
0.2668599 -0.3295434 3.857173
0.06520572 0.7084427 3.897448
-0.2565414 0.1435665 3.966383
-0.2090878 0.184385 3.938872
0.2418286 0.1163244 3.870191
0.2018572 0.2116481 3.90335
46
0.06699217 0.1290258 4.173984
0.06575646 0.4379709 4.017153
0.06362866 0.7420456 3.849104
0.05785321 0.8609442 3.822924
-0.1237686 0.6408897 3.86
-0.213115 0.3843225 3.965633
-0.2671102 0.1450132 4.00404
-0.2623771 0.146783 3.999566
0.2550354 0.6481416 3.889599
0.3209987 0.4025084 4.004331
0.2584893 0.1464272 3.918588
0.2536699 0.1051281 3.88191
-0.02982096 0.1326125 4.13158
-0.137708 0.1119317 3.824526
-0.08682965 -0.2579234 3.950941
-0.08016163 -0.3039417 3.813621
0.1625536 0.1427396 4.133893
0.3052612 0.09594246 3.853101
0.2595727 -0.2905577 3.95753
0.2657357 -0.3300673 3.813999
0.06430757 0.6668871 3.893907
-0.2777714 0.1087079 4.024874
-0.2377594 0.1379311 3.97128
0.2435026 0.01754598 3.850966
0.1995285 0.1193013 3.872469
47
0.06699217 0.1290258 4.173984
0.06575646 0.4379709 4.017153
0.06362866 0.7420456 3.849104
0.05785321 0.8609442 3.822924
-0.1237686 0.6408897 3.86
-0.213115 0.3843225 3.965633
-0.2671102 0.1450132 4.00404
-0.2623771 0.146783 3.999566
0.2550354 0.6481416 3.889599
0.3209987 0.4025084 4.004331
0.2584893 0.1464272 3.918588
0.2536699 0.1051281 3.88191
-0.02982096 0.1326125 4.13158
-0.137708 0.1119317 3.824526
-0.08682965 -0.2579234 3.950941
-0.08016163 -0.3039417 3.813621
0.1625536 0.1427396 4.133893
0.3052612 0.09594246 3.853101
0.2595727 -0.2905577 3.95753
0.2657357 -0.3300673 3.813999
0.06430757 0.6668871 3.893907
-0.2777714 0.1087079 4.024874
-0.2377594 0.1379311 3.97128
0.2435026 0.01754598 3.850966
0.1995285 0.1193013 3.872469
48
0.05851652 0.08135544 4.192545
0.05874775 0.3853576 4.022619
0.05845862 0.686103 3.840464
0.06032034 0.8040072 3.813094
-0.1192954 0.5842372 3.85645
-0.218506 0.3337091 3.969704
-0.2782324 0.09285405 4.023062
-0.2756407 0.102153 4.021144
0.2551285 0.6148602 3.88283
0.3309885 0.3404261 3.995468
0.258001 0.09742358 3.907449
0.2516697 0.05862926 3.862608
-0.03729386 0.08511013 4.1491
-0.1415687 0.1187182 3.819004
-0.08081425 -0.2838514 3.961709
-0.08473593 -0.3213313 3.857649
0.1532211 0.09566239 4.153656
0.3078093 0.1094955 3.852998
0.2575363 -0.323961 3.960891
0.2624721 -0.3438597 3.883248
0.05861964 0.6113726 3.888774
-0.2861047 0.06679967 4.040662
-0.256309 0.08444332 3.999362
0.2478193 -0.04274425 3.840595
0.2069736 0.06591741 3.844922
49
0.05851652 0.08135544 4.192545
0.05874775 0.3853576 4.022619
0.05845862 0.686103 3.840464
0.06032034 0.8040072 3.813094
-0.1192954 0.5842372 3.85645
-0.218506 0.3337091 3.969704
-0.2782324 0.09285405 4.023062
-0.2756407 0.102153 4.021144
0.2551285 0.6148602 3.88283
0.3309885 0.3404261 3.995468
0.258001 0.09742358 3.907449
0.2516697 0.05862926 3.862608
-0.03729386 0.08511013 4.1491
-0.1415687 0.1187182 3.819004
-0.08081425 -0.2838514 3.961709
-0.08473593 -0.3213313 3.857649
0.1532211 0.09566239 4.153656
0.3078093 0.1094955 3.852998
0.2575363 -0.323961 3.960891
0.2624721 -0.3438597 3.883248
0.05861964 0.6113726 3.888774
-0.2861047 0.06679967 4.040662
-0.256309 0.08444332 3.999362
0.2478193 -0.04274425 3.840595
0.2069736 0.06591741 3.844922
50
0.05690753 0.03321303 4.20157
0.05830463 0.3285882 4.023474
0.05914316 0.623763 3.831723
0.05975917 0.7394913 3.810926
-0.1134197 0.5342151 3.850416
-0.2204989 0.3133232 3.969522
-0.281746 0.07663907 4.028797
-0.2828394 0.0646619 4.034208
0.2564332 0.5590661 3.876796
0.3430038 0.2992868 3.98491
0.3251227 0.08195332 3.896605
0.2952984 0.04720608 3.861632
-0.03832543 0.04137851 4.156014
-0.1323223 0.1109454 3.826274
-0.07770672 -0.2980331 3.968154
-0.08734895 -0.331607 3.875087
0.1510547 0.04542881 4.165181
0.3026219 0.1106091 3.86041
0.2387527 -0.3143453 3.979928
0.2651854 -0.3442415 3.887755
0.05898569 0.5501388 3.882425
-0.286764 0.02726806 4.053264
-0.2608928 0.06508584 4.00749
0.3150857 -0.02813334 3.83928
0.2907023 0.06370263 3.817076
51
0.05690753 0.03321303 4.20157
0.05830463 0.3285882 4.023474
0.05914316 0.623763 3.831723
0.05975917 0.7394913 3.810926
-0.1134197 0.5342151 3.850416
-0.2204989 0.3133232 3.969522
-0.281746 0.07663907 4.028797
-0.2828394 0.0646619 4.034208
0.2564332 0.5590661 3.876796
0.3430038 0.2992868 3.98491
0.3251227 0.08195332 3.896605
0.2952984 0.04720608 3.861632
-0.03832543 0.04137851 4.156014
-0.1323223 0.1109454 3.826274
-0.07770672 -0.2980331 3.968154
-0.08734895 -0.331607 3.875087
0.1510547 0.04542881 4.165181
0.3026219 0.1106091 3.86041
0.2387527 -0.3143453 3.979928
0.2651854 -0.3442415 3.887755
0.05898569 0.5501388 3.882425
-0.286764 0.02726806 4.053264
-0.2608928 0.06508584 4.00749
0.3150857 -0.02813334 3.83928
0.2907023 0.06370263 3.817076
52
0.04779718 -0.01304101 4.199795
0.06415718 0.286068 4.02291
0.08467833 0.5725011 3.831205
0.06553999 0.6714101 3.813317
-0.1114556 0.4815469 3.845066
-0.2224033 0.2754918 3.955831
-0.2766566 0.04517686 4.028887
-0.281125 0.02009698 4.037043
0.2547026 0.5120139 3.872258
0.3534787 0.2675217 3.977499
0.3552468 0.03854803 3.883636
0.3141433 0.02964815 3.855307
-0.04850144 -0.005254451 4.153435
-0.1202607 0.08558472 3.836066
-0.07582776 -0.3056905 3.972744
-0.08970047 -0.3377203 3.88556
0.143226 0.0004223082 4.164566
0.2931198 0.09941769 3.876911
0.2283075 -0.3156176 3.990866
0.2662763 -0.3456511 3.903075
0.08015133 0.4990924 3.881847
-0.2736325 -0.01798344 4.051898
-0.2569995 0.01863187 4.019392
0.3169168 -0.07156036 3.82943
0.3009179 0.0275059 3.778003
53
0.04779718 -0.01304101 4.199795
0.06415718 0.286068 4.02291
0.08467833 0.5725011 3.831205
0.06553999 0.6714101 3.813317
-0.1114556 0.4815469 3.845066
-0.2224033 0.2754918 3.955831
-0.2766566 0.04517686 4.028887
-0.281125 0.02009698 4.037043
0.2547026 0.5120139 3.872258
0.3534787 0.2675217 3.977499
0.3552468 0.03854803 3.883636
0.3141433 0.02964815 3.855307
-0.04850144 -0.005254451 4.153435
-0.1202607 0.08558472 3.836066
-0.07582776 -0.3056905 3.972744
-0.08970047 -0.3377203 3.88556
0.143226 0.0004223082 4.164566
0.2931198 0.09941769 3.876911
0.2283075 -0.3156176 3.990866
0.2662763 -0.3456511 3.903075
0.08015133 0.4990924 3.881847
-0.2736325 -0.01798344 4.051898
-0.2569995 0.01863187 4.019392
0.3169168 -0.07156036 3.82943
0.3009179 0.0275059 3.778003
54
0.04171805 -0.05155177 4.193445
0.05982757 0.2349618 4.016541
0.0813338 0.5199456 3.82611
0.06766132 0.6428661 3.812
-0.1106471 0.4579653 3.841377
-0.2216757 0.2500992 3.948717
-0.270624 0.01983288 4.026005
-0.2795838 -0.01089649 4.032675
0.255493 0.4723785 3.866129
0.3596927 0.2489017 3.972476
0.3705405 0.02356763 3.878599
0.3567805 0.001812393 3.860561
-0.05412736 -0.03707957 4.149594
-0.113667 0.07190741 3.840237
-0.07476338 -0.3098368 3.975406
-0.09115107 -0.3412018 3.891542
0.1367947 -0.04598333 4.15513
0.2850191 0.0851619 3.885194
0.2229317 -0.3156439 3.996626
0.2667168 -0.3464006 3.910394
0.07637275 0.4474683 3.876454
-0.2749634 -0.05702839 4.03544
-0.2500845 -0.01043749 4.01138
0.3523855 -0.06422062 3.851713
0.3163992 0.01195474 3.767432
55
0.04171805 -0.05155177 4.193445
0.05982757 0.2349618 4.016541
0.0813338 0.5199456 3.82611
0.06766132 0.6428661 3.812
-0.1106471 0.4579653 3.841377
-0.2216757 0.2500992 3.948717
-0.270624 0.01983288 4.026005
-0.2795838 -0.01089649 4.032675
0.255493 0.4723785 3.866129
0.3596927 0.2489017 3.972476
0.3705405 0.02356763 3.878599
0.3567805 0.001812393 3.860561
-0.05412736 -0.03707957 4.149594
-0.113667 0.07190741 3.840237
-0.07476338 -0.3098368 3.975406
-0.09115107 -0.3412018 3.891542
0.1367947 -0.04598333 4.15513
0.2850191 0.0851619 3.885194
0.2229317 -0.3156439 3.996626
0.2667168 -0.3464006 3.910394
0.07637275 0.4474683 3.876454
-0.2749634 -0.05702839 4.03544
-0.2500845 -0.01043749 4.01138
0.3523855 -0.06422062 3.851713
0.3163992 0.01195474 3.767432
56
0.03797246 -0.07305682 4.188505
0.05769403 0.2117239 4.013331
0.07975865 0.4947578 3.823161
0.07002833 0.6177309 3.806696
-0.1100894 0.435795 3.836521
-0.2194227 0.2319282 3.937577
-0.2676508 0.006263589 4.023073
-0.2739992 -0.0331528 4.024745
0.2546145 0.4479293 3.860538
0.3726686 0.2023333 3.961807
0.411598 -0.01820702 3.880521
0.4071546 -0.04772523 3.878094
-0.05856263 -0.05967333 4.143377
-0.1082565 0.05872772 3.839458
-0.07422767 -0.3113363 3.977231
-0.09229821 -0.3435006 3.895299
0.1336557 -0.06678186 4.151121
0.2774184 0.05648042 3.88515
0.2200933 -0.3131258 3.999936
0.2670069 -0.3468571 3.914751
0.07475162 0.4232547 3.873512
-0.2695628 -0.09202843 4.025195
-0.2360997 -0.03159596 3.99658
0.3968032 -0.08402225 3.87909
0.4039769 -0.03068293 3.817494
57
0.03797246 -0.07305682 4.188505
0.05769403 0.2117239 4.013331
0.07975865 0.4947578 3.823161
0.07002833 0.6177309 3.806696
-0.1100894 0.435795 3.836521
-0.2194227 0.2319282 3.937577
-0.2676508 0.006263589 4.023073
-0.2739992 -0.0331528 4.024745
0.2546145 0.4479293 3.860538
0.3726686 0.2023333 3.961807
0.411598 -0.01820702 3.880521
0.4071546 -0.04772523 3.878094
-0.05856263 -0.05967333 4.143377
-0.1082565 0.05872772 3.839458
-0.07422767 -0.3113363 3.977231
-0.09229821 -0.3435006 3.895299
0.1336557 -0.06678186 4.151121
0.2774184 0.05648042 3.88515
0.2200933 -0.3131258 3.999936
0.2670069 -0.3468571 3.914751
0.07475162 0.4232547 3.873512
-0.2695628 -0.09202843 4.025195
-0.2360997 -0.03159596 3.99658
0.3968032 -0.08402225 3.87909
0.4039769 -0.03068293 3.817494
58
0.03882807 -0.0916563 4.186995
0.06192208 0.1814889 4.010571
0.08462991 0.4546354 3.818226
0.07446412 0.5867395 3.799813
-0.1094597 0.4011695 3.83128
-0.2201409 0.2116327 3.91226
-0.2645434 -0.002465113 4.015948
-0.2678972 -0.05302365 4.013083
0.2526721 0.3957857 3.852131
0.3782916 0.1786673 3.956397
0.429354 -0.04188786 3.883639
0.4364366 -0.08604183 3.889472
-0.05811778 -0.07748009 4.141996
-0.104729 0.04802387 3.83698
-0.07136195 -0.3151491 3.976631
-0.09649468 -0.3482391 3.896583
0.1347551 -0.08557945 4.14963
0.2729451 0.03925036 3.882124
0.2184758 -0.3109506 4.001671
0.2672467 -0.3472583 3.917533
0.07938123 0.3861843 3.869187
-0.2679465 -0.1190482 4.011899
-0.227912 -0.0501439 3.983692
0.4298463 -0.1052137 3.884134
0.4491735 -0.06917354 3.83851
59
0.03882807 -0.0916563 4.186995
0.06192208 0.1814889 4.010571
0.08462991 0.4546354 3.818226
0.07446412 0.5867395 3.799813
-0.1094597 0.4011695 3.83128
-0.2201409 0.2116327 3.91226
-0.2645434 -0.002465113 4.015948
-0.2678972 -0.05302365 4.013083
0.2526721 0.3957857 3.852131
0.3782916 0.1786673 3.956397
0.429354 -0.04188786 3.883639
0.4364366 -0.08604183 3.889472
-0.05811778 -0.07748009 4.141996
-0.104729 0.04802387 3.83698
-0.07136195 -0.3151491 3.976631
-0.09649468 -0.3482391 3.896583
0.1347551 -0.08557945 4.14963
0.2729451 0.03925036 3.882124
0.2184758 -0.3109506 4.001671
0.2672467 -0.3472583 3.917533
0.07938123 0.3861843 3.869187
-0.2679465 -0.1190482 4.011899
-0.227912 -0.0501439 3.983692
0.4298463 -0.1052137 3.884134
0.4491735 -0.06917354 3.83851
60
0.04728386 -0.1184275 4.17518
0.06342349 0.1613335 4.005666
0.08338159 0.434245 3.814539
0.07673758 0.5633733 3.79583
-0.1084843 0.3835713 3.827781
-0.2135849 0.1760319 3.894379
-0.2552269 -0.0502504 4.000034
-0.2646239 -0.07941449 4.004891
0.2517513 0.3744816 3.848403
0.3794557 0.1437055 3.952854
0.4264896 -0.0667434 3.877692
0.4352373 -0.09299722 3.892423
-0.04802832 -0.1111238 4.127462
-0.1029702 0.03910638 3.833844
-0.06950312 -0.3171875 3.97609
-0.0989536 -0.3515916 3.896844
0.1414037 -0.1061219 4.140827
0.2718636 0.02818866 3.879373
0.2173436 -0.3085376 4.002427
0.2676994 -0.3472784 3.918727
0.07879807 0.3664923 3.865465
-0.2693684 -0.1457017 4.001668
-0.2249332 -0.1007281 3.969708
0.4457774 -0.1412317 3.901386
0.4623171 -0.0792039 3.857655
61
0.04728386 -0.1184275 4.17518
0.06342349 0.1613335 4.005666
0.08338159 0.434245 3.814539
0.07673758 0.5633733 3.79583
-0.1084843 0.3835713 3.827781
-0.2135849 0.1760319 3.894379
-0.2552269 -0.0502504 4.000034
-0.2646239 -0.07941449 4.004891
0.2517513 0.3744816 3.848403
0.3794557 0.1437055 3.952854
0.4264896 -0.0667434 3.877692
0.4352373 -0.09299722 3.892423
-0.04802832 -0.1111238 4.127462
-0.1029702 0.03910638 3.833844
-0.06950312 -0.3171875 3.97609
-0.0989536 -0.3515916 3.896844
0.1414037 -0.1061219 4.140827
0.2718636 0.02818866 3.879373
0.2173436 -0.3085376 4.002427
0.2676994 -0.3472784 3.918727
0.07879807 0.3664923 3.865465
-0.2693684 -0.1457017 4.001668
-0.2249332 -0.1007281 3.969708
0.4457774 -0.1412317 3.901386
0.4623171 -0.0792039 3.857655
62
0.04080566 -0.1471165 4.171238
0.06044067 0.1360283 4.002391
0.08153336 0.4129772 3.812947
0.07733392 0.5421808 3.791147
-0.1048112 0.3601307 3.824066
-0.2115862 0.1627582 3.887414
-0.2531078 -0.06510701 3.994166
-0.2596941 -0.1009984 3.995705
0.2511438 0.3516007 3.845843
0.3804296 0.1241585 3.95147
0.432043 -0.09057002 3.883112
0.4513041 -0.1280856 3.89628
-0.05299544 -0.1359725 4.125226
-0.1022105 0.0313949 3.829958
-0.06873532 -0.31739 3.976102
-0.1003587 -0.3532322 3.897804
0.1336606 -0.1378913 4.134933
0.2746039 0.01376231 3.874567
0.2167229 -0.3045466 4.001974
0.2684129 -0.3473329 3.918562
0.07661734 0.3444136 3.863486
-0.2756954 -0.1719945 3.992209
-0.2167183 -0.1323026 3.9551
0.4518843 -0.1776806 3.901981
0.4744412 -0.1458657 3.878129
63
0.04080566 -0.1471165 4.171238
0.06044067 0.1360283 4.002391
0.08153336 0.4129772 3.812947
0.07733392 0.5421808 3.791147
-0.1048112 0.3601307 3.824066
-0.2115862 0.1627582 3.887414
-0.2531078 -0.06510701 3.994166
-0.2596941 -0.1009984 3.995705
0.2511438 0.3516007 3.845843
0.3804296 0.1241585 3.95147
0.432043 -0.09057002 3.883112
0.4513041 -0.1280856 3.89628
-0.05299544 -0.1359725 4.125226
-0.1022105 0.0313949 3.829958
-0.06873532 -0.31739 3.976102
-0.1003587 -0.3532322 3.897804
0.1336606 -0.1378913 4.134933
0.2746039 0.01376231 3.874567
0.2167229 -0.3045466 4.001974
0.2684129 -0.3473329 3.918562
0.07661734 0.3444136 3.863486
-0.2756954 -0.1719945 3.992209
-0.2167183 -0.1323026 3.9551
0.4518843 -0.1776806 3.901981
0.4744412 -0.1458657 3.878129
64
0.03974845 -0.1628268 4.171401
0.05923188 0.1193529 4.001487
0.07889339 0.3950274 3.811789
0.07838356 0.5151353 3.788046
-0.1029474 0.340975 3.822422
-0.2065247 0.1120942 3.890028
-0.2532626 -0.08240701 3.991892
-0.2551526 -0.1277635 3.984595
0.2505307 0.3296924 3.844811
0.3785389 0.102331 3.949454
0.4324225 -0.1165555 3.887442
0.4487961 -0.1597283 3.900777
-0.05440973 -0.1516139 4.127184
-0.1019206 0.02417994 3.824757
-0.06824858 -0.3166474 3.97608
-0.101559 -0.3543642 3.898543
0.1329124 -0.1533232 4.133811
0.2793016 0.00448123 3.870746
0.2173644 -0.3029478 3.998514
0.2717218 -0.3484146 3.915465
0.07431985 0.3267866 3.862371
-0.2722532 -0.2112851 3.989229
-0.2157464 -0.1572044 3.942989
0.4424514 -0.2194869 3.905074
0.4640608 -0.1810518 3.883005
65
0.03974845 -0.1628268 4.171401
0.05923188 0.1193529 4.001487
0.07889339 0.3950274 3.811789
0.07838356 0.5151353 3.788046
-0.1029474 0.340975 3.822422
-0.2065247 0.1120942 3.890028
-0.2532626 -0.08240701 3.991892
-0.2551526 -0.1277635 3.984595
0.2505307 0.3296924 3.844811
0.3785389 0.102331 3.949454
0.4324225 -0.1165555 3.887442
0.4487961 -0.1597283 3.900777
-0.05440973 -0.1516139 4.127184
-0.1019206 0.02417994 3.824757
-0.06824858 -0.3166474 3.97608
-0.101559 -0.3543642 3.898543
0.1329124 -0.1533232 4.133811
0.2793016 0.00448123 3.870746
0.2173644 -0.3029478 3.998514
0.2717218 -0.3484146 3.915465
0.07431985 0.3267866 3.862371
-0.2722532 -0.2112851 3.989229
-0.2157464 -0.1572044 3.942989
0.4424514 -0.2194869 3.905074
0.4640608 -0.1810518 3.883005
66
0.03816403 -0.1752264 4.169958
0.05802854 0.1070702 4.000034
0.07756276 0.3840233 3.810967
0.0792255 0.5018471 3.785819
-0.1001791 0.3246529 3.820043
-0.2043539 0.09198164 3.891199
-0.2536678 -0.09312586 3.989881
-0.2508202 -0.1436791 3.973563
0.2504618 0.315177 3.84398
0.3769051 0.08775824 3.946903
0.4324254 -0.1329368 3.889925
0.4423887 -0.1844692 3.901753
-0.05637275 -0.1623811 4.125825
-0.1018519 0.01828887 3.819273
-0.06800201 -0.3156367 3.975779
-0.1023425 -0.3552077 3.898777
0.1319017 -0.1679681 4.132373
0.2846922 -0.001735014 3.866381
0.2181722 -0.3009521 3.994818
0.2743335 -0.3490552 3.911841
0.07297575 0.3154689 3.861413
-0.2707062 -0.2282353 3.981784
-0.2148475 -0.1715012 3.934431
0.4352721 -0.2457851 3.907478
0.4611512 -0.2010839 3.889611
67
0.03816403 -0.1752264 4.169958
0.05802854 0.1070702 4.000034
0.07756276 0.3840233 3.810967
0.0792255 0.5018471 3.785819
-0.1001791 0.3246529 3.820043
-0.2043539 0.09198164 3.891199
-0.2536678 -0.09312586 3.989881
-0.2508202 -0.1436791 3.973563
0.2504618 0.315177 3.84398
0.3769051 0.08775824 3.946903
0.4324254 -0.1329368 3.889925
0.4423887 -0.1844692 3.901753
-0.05637275 -0.1623811 4.125825
-0.1018519 0.01828887 3.819273
-0.06800201 -0.3156367 3.975779
-0.1023425 -0.3552077 3.898777
0.1319017 -0.1679681 4.132373
0.2846922 -0.001735014 3.866381
0.2181722 -0.3009521 3.994818
0.2743335 -0.3490552 3.911841
0.07297575 0.3154689 3.861413
-0.2707062 -0.2282353 3.981784
-0.2148475 -0.1715012 3.934431
0.4352721 -0.2457851 3.907478
0.4611512 -0.2010839 3.889611
68
0.03695354 -0.188922 4.165873
0.05701014 0.09592565 3.997944
0.0765568 0.3756683 3.810522
0.08010454 0.4912367 3.784517
-0.09884924 0.3128843 3.819147
-0.2030117 0.08101894 3.891163
-0.243482 -0.1404416 3.968357
-0.2458106 -0.1682303 3.964667
0.2506111 0.3047126 3.843613
0.3756765 0.07783561 3.945248
0.4317429 -0.1442266 3.892112
0.4306868 -0.2055896 3.900885
-0.05855776 -0.1750518 4.122391
-0.1018445 0.01389717 3.814974
-0.067852 -0.3148969 3.975193
-0.1028441 -0.3558701 3.898533
0.1317287 -0.1812808 4.128291
0.2880138 -0.005831595 3.861915
0.2193463 -0.2998132 3.988148
0.2791364 -0.3490195 3.906076
0.07190661 0.3065239 3.860688
-0.2586612 -0.2446917 3.967493
-0.2108793 -0.1891053 3.928844
0.4229496 -0.2668721 3.905664
0.4370802 -0.2417245 3.89044
69
0.03695354 -0.188922 4.165873
0.05701014 0.09592565 3.997944
0.0765568 0.3756683 3.810522
0.08010454 0.4912367 3.784517
-0.09884924 0.3128843 3.819147
-0.2030117 0.08101894 3.891163
-0.243482 -0.1404416 3.968357
-0.2458106 -0.1682303 3.964667
0.2506111 0.3047126 3.843613
0.3756765 0.07783561 3.945248
0.4317429 -0.1442266 3.892112
0.4306868 -0.2055896 3.900885
-0.05855776 -0.1750518 4.122391
-0.1018445 0.01389717 3.814974
-0.067852 -0.3148969 3.975193
-0.1028441 -0.3558701 3.898533
0.1317287 -0.1812808 4.128291
0.2880138 -0.005831595 3.861915
0.2193463 -0.2998132 3.988148
0.2791364 -0.3490195 3.906076
0.07190661 0.3065239 3.860688
-0.2586612 -0.2446917 3.967493
-0.2108793 -0.1891053 3.928844
0.4229496 -0.2668721 3.905664
0.4370802 -0.2417245 3.89044
70
0.03650857 -0.1961336 4.164034
0.05648477 0.08945365 3.996889
0.07576196 0.3699788 3.810283
0.08061214 0.4846322 3.783673
-0.09802885 0.3060518 3.818511
-0.2020179 0.07732397 3.890753
-0.2390103 -0.1601109 3.958993
-0.242147 -0.1832375 3.958737
0.2507309 0.2977039 3.843306
0.3746251 0.07101584 3.943989
0.4309146 -0.1518429 3.893897
0.4113517 -0.2197887 3.898619
-0.05939896 -0.1818137 4.120965
-0.1019332 0.009699678 3.810646
-0.06777612 -0.3139758 3.974544
-0.1029993 -0.3564034 3.898096
0.1317164 -0.1884589 4.126307
0.2907465 -0.008410126 3.858365
0.2202232 -0.2993512 3.983957
0.2822171 -0.3493686 3.9029
0.07119755 0.3006817 3.860254
-0.2397476 -0.2641807 3.961913
-0.2067234 -0.1949081 3.923387
0.4055435 -0.2851048 3.911692
0.4220972 -0.2393428 3.885853
71
0.03650857 -0.1961336 4.164034
0.05648477 0.08945365 3.996889
0.07576196 0.3699788 3.810283
0.08061214 0.4846322 3.783673
-0.09802885 0.3060518 3.818511
-0.2020179 0.07732397 3.890753
-0.2390103 -0.1601109 3.958993
-0.242147 -0.1832375 3.958737
0.2507309 0.2977039 3.843306
0.3746251 0.07101584 3.943989
0.4309146 -0.1518429 3.893897
0.4113517 -0.2197887 3.898619
-0.05939896 -0.1818137 4.120965
-0.1019332 0.009699678 3.810646
-0.06777612 -0.3139758 3.974544
-0.1029993 -0.3564034 3.898096
0.1317164 -0.1884589 4.126307
0.2907465 -0.008410126 3.858365
0.2202232 -0.2993512 3.983957
0.2822171 -0.3493686 3.9029
0.07119755 0.3006817 3.860254
-0.2397476 -0.2641807 3.961913
-0.2067234 -0.1949081 3.923387
0.4055435 -0.2851048 3.911692
0.4220972 -0.2393428 3.885853
72
0.03599996 -0.2010028 4.162876
0.05603356 0.08494218 3.99617
0.07499046 0.3661434 3.810246
0.08100928 0.4801556 3.783251
-0.09745983 0.3013197 3.81806
-0.2009168 0.07922811 3.890619
-0.2369048 -0.1696981 3.953882
-0.2387423 -0.192081 3.953595
0.250838 0.2929443 3.843122
0.3737523 0.06636292 3.942944
0.4292378 -0.1569721 3.89592
0.4006377 -0.2232858 3.898297
-0.06011477 -0.1863969 4.120058
-0.1020007 0.006652799 3.807395
-0.06776469 -0.3135158 3.973788
-0.1030893 -0.3567865 3.897795
0.1314237 -0.1933539 4.124991
0.2926682 -0.01007553 3.855629
0.2199 -0.3017004 3.982715
0.2813353 -0.3529618 3.900262
0.0705696 0.2966065 3.859979
-0.2359577 -0.2667428 3.956829
-0.2032631 -0.1989354 3.91902
0.3978313 -0.2923954 3.91728
0.4098458 -0.2158603 3.8839
73
0.03599996 -0.2010028 4.162876
0.05603356 0.08494218 3.99617
0.07499046 0.3661434 3.810246
0.08100928 0.4801556 3.783251
-0.09745983 0.3013197 3.81806
-0.2009168 0.07922811 3.890619
-0.2369048 -0.1696981 3.953882
-0.2387423 -0.192081 3.953595
0.250838 0.2929443 3.843122
0.3737523 0.06636292 3.942944
0.4292378 -0.1569721 3.89592
0.4006377 -0.2232858 3.898297
-0.06011477 -0.1863969 4.120058
-0.1020007 0.006652799 3.807395
-0.06776469 -0.3135158 3.973788
-0.1030893 -0.3567865 3.897795
0.1314237 -0.1933539 4.124991
0.2926682 -0.01007553 3.855629
0.2199 -0.3017004 3.982715
0.2813353 -0.3529618 3.900262
0.0705696 0.2966065 3.859979
-0.2359577 -0.2667428 3.956829
-0.2032631 -0.1989354 3.91902
0.3978313 -0.2923954 3.91728
0.4098458 -0.2158603 3.8839
74
0.03376812 -0.2036496 4.160607
0.05518103 0.08242565 3.995359
0.07400171 0.3650627 3.810684
0.08123914 0.4796652 3.783839
-0.09707806 0.2989192 3.818065
-0.1934941 0.08066748 3.895223
-0.2351952 -0.1794498 3.951734
-0.2352428 -0.2000095 3.950639
0.2511705 0.2907069 3.843331
0.3727216 0.06384439 3.94206
0.4263521 -0.1591112 3.890347
0.3813898 -0.2088892 3.895761
-0.06308968 -0.1885391 4.117723
-0.1020278 0.004730293 3.805282
-0.0678964 -0.3135389 3.972976
-0.1035607 -0.3569418 3.89786
0.1297928 -0.1960853 4.122761
0.2937551 -0.01141624 3.854063
0.2196458 -0.3034807 3.98193
0.2807312 -0.3554536 3.898621
0.06969275 0.2948043 3.859964
-0.2319204 -0.2545658 3.952089
-0.1992684 -0.2040351 3.918674
0.3834198 -0.2796795 3.917116
0.4014261 -0.2145682 3.88321
75
0.03376812 -0.2036496 4.160607
0.05518103 0.08242565 3.995359
0.07400171 0.3650627 3.810684
0.08123914 0.4796652 3.783839
-0.09707806 0.2989192 3.818065
-0.1934941 0.08066748 3.895223
-0.2351952 -0.1794498 3.951734
-0.2352428 -0.2000095 3.950639
0.2511705 0.2907069 3.843331
0.3727216 0.06384439 3.94206
0.4263521 -0.1591112 3.890347
0.3813898 -0.2088892 3.895761
-0.06308968 -0.1885391 4.117723
-0.1020278 0.004730293 3.805282
-0.0678964 -0.3135389 3.972976
-0.1035607 -0.3569418 3.89786
0.1297928 -0.1960853 4.122761
0.2937551 -0.01141624 3.854063
0.2196458 -0.3034807 3.98193
0.2807312 -0.3554536 3.898621
0.06969275 0.2948043 3.859964
-0.2319204 -0.2545658 3.952089
-0.1992684 -0.2040351 3.918674
0.3834198 -0.2796795 3.917116
0.4014261 -0.2145682 3.88321
76
0.02229242 -0.1940647 4.155169
0.05192434 0.08842641 3.993586
0.07473489 0.3749102 3.812299
0.08158885 0.4956916 3.788083
-0.09752122 0.3043614 3.819782
-0.188269 0.08315611 3.89846
-0.2329231 -0.1717931 3.948777
-0.2307297 -0.1953723 3.945724
0.2531912 0.3018251 3.845331
0.3712991 0.06462988 3.941011
0.4236318 -0.1590894 3.884546
0.3718317 -0.2019791 3.895411
-0.07621739 -0.1771776 4.112262
-0.1019593 0.003474216 3.803845
-0.06807598 -0.3137423 3.972203
-0.1039373 -0.3570491 3.897822
0.12006 -0.187762 4.117263
0.2945188 -0.01228004 3.852978
0.2197028 -0.3037887 3.981051
0.2809812 -0.3561762 3.897608
0.06919366 0.3025108 3.860461
-0.2173994 -0.2265778 3.944995
-0.188647 -0.1752902 3.90671
0.3647434 -0.2509698 3.9186
0.3899837 -0.1916248 3.879709
77
0.02229242 -0.1940647 4.155169
0.05192434 0.08842641 3.993586
0.07473489 0.3749102 3.812299
0.08158885 0.4956916 3.788083
-0.09752122 0.3043614 3.819782
-0.188269 0.08315611 3.89846
-0.2329231 -0.1717931 3.948777
-0.2307297 -0.1953723 3.945724
0.2531912 0.3018251 3.845331
0.3712991 0.06462988 3.941011
0.4236318 -0.1590894 3.884546
0.3718317 -0.2019791 3.895411
-0.07621739 -0.1771776 4.112262
-0.1019593 0.003474216 3.803845
-0.06807598 -0.3137423 3.972203
-0.1039373 -0.3570491 3.897822
0.12006 -0.187762 4.117263
0.2945188 -0.01228004 3.852978
0.2197028 -0.3037887 3.981051
0.2809812 -0.3561762 3.897608
0.06919366 0.3025108 3.860461
-0.2173994 -0.2265778 3.944995
-0.188647 -0.1752902 3.90671
0.3647434 -0.2509698 3.9186
0.3899837 -0.1916248 3.879709
78
0.01374185 -0.1645925 4.14457
0.04997761 0.1257599 3.987612
0.08137393 0.4193065 3.814781
0.08366721 0.5335916 3.797019
-0.09698584 0.346042 3.825276
-0.1839396 0.08735726 3.903931
-0.2244959 -0.1464079 3.943672
-0.2217643 -0.1522433 3.935986
0.2546847 0.3366729 3.849306
0.3655119 0.1026888 3.940958
0.4385263 -0.1082281 3.952646
0.3914735 -0.1634165 3.983861
-0.08474108 -0.1471032 4.099337
-0.1016946 0.003034089 3.802807
-0.06824827 -0.3140824 3.971607
-0.1041673 -0.3571764 3.897766
0.1118892 -0.1590384 4.108587
0.2947702 -0.01220517 3.852429
0.2196479 -0.3042387 3.980473
0.2811052 -0.3566892 3.896905
0.07362246 0.3455313 3.860609
-0.2126933 -0.1886833 3.934928
-0.1829453 -0.1320033 3.89676
0.3848711 -0.2104641 4.007119
0.4134779 -0.1534001 3.965266
79
0.01374185 -0.1645925 4.14457
0.04997761 0.1257599 3.987612
0.08137393 0.4193065 3.814781
0.08366721 0.5335916 3.797019
-0.09698584 0.346042 3.825276
-0.1839396 0.08735726 3.903931
-0.2244959 -0.1464079 3.943672
-0.2217643 -0.1522433 3.935986
0.2546847 0.3366729 3.849306
0.3655119 0.1026888 3.940958
0.4385263 -0.1082281 3.952646
0.3914735 -0.1634165 3.983861
-0.08474108 -0.1471032 4.099337
-0.1016946 0.003034089 3.802807
-0.06824827 -0.3140824 3.971607
-0.1041673 -0.3571764 3.897766
0.1118892 -0.1590384 4.108587
0.2947702 -0.01220517 3.852429
0.2196479 -0.3042387 3.980473
0.2811052 -0.3566892 3.896905
0.07362246 0.3455313 3.860609
-0.2126933 -0.1886833 3.934928
-0.1829453 -0.1320033 3.89676
0.3848711 -0.2104641 4.007119
0.4134779 -0.1534001 3.965266
80
-0.02421362 -0.1282928 4.116786
0.03689296 0.167577 3.975839
0.08930705 0.4654977 3.817206
0.08201133 0.5923271 3.80414
-0.09813698 0.3905305 3.829778
-0.1853003 0.1529135 3.904798
-0.2445853 -0.07565898 3.958416
-0.2245886 -0.1073401 3.93189
0.2567083 0.3832559 3.85429
0.3548629 0.1448642 3.943177
0.4449897 -0.0664914 3.984517
0.3953657 -0.1067338 3.949884
-0.11947 -0.1077341 4.071174
-0.1005703 0.006404941 3.799675
-0.06874371 -0.3138939 3.970538
-0.1051107 -0.3566899 3.897086
0.07152227 -0.1262058 4.080999
0.2943308 -0.01103508 3.852379
0.2195113 -0.3047748 3.980242
0.2811408 -0.3569708 3.896394
0.07664442 0.389356 3.859741
-0.2221094 -0.1388905 3.926281
-0.2016864 -0.07104792 3.890944
0.3966133 -0.106709 3.918599
0.4030062 -0.08978097 3.904319
81
-0.02421362 -0.1282928 4.116786
0.03689296 0.167577 3.975839
0.08930705 0.4654977 3.817206
0.08201133 0.5923271 3.80414
-0.09813698 0.3905305 3.829778
-0.1853003 0.1529135 3.904798
-0.2445853 -0.07565898 3.958416
-0.2245886 -0.1073401 3.93189
0.2567083 0.3832559 3.85429
0.3548629 0.1448642 3.943177
0.4449897 -0.0664914 3.984517
0.3953657 -0.1067338 3.949884
-0.11947 -0.1077341 4.071174
-0.1005703 0.006404941 3.799675
-0.06874371 -0.3138939 3.970538
-0.1051107 -0.3566899 3.897086
0.07152227 -0.1262058 4.080999
0.2943308 -0.01103508 3.852379
0.2195113 -0.3047748 3.980242
0.2811408 -0.3569708 3.896394
0.07664442 0.389356 3.859741
-0.2221094 -0.1388905 3.926281
-0.2016864 -0.07104792 3.890944
0.3966133 -0.106709 3.918599
0.4030062 -0.08978097 3.904319
82
-0.0430795 -0.08839221 4.101462
0.0216561 0.2232354 3.971885
0.08019701 0.5295968 3.826142
0.08604459 0.6550796 3.817289
-0.09971879 0.4412722 3.836906
-0.1878717 0.2007047 3.907714
-0.2563161 -0.02604076 3.970124
-0.2273284 -0.06580122 3.930956
0.2579036 0.4435096 3.859877
0.3506672 0.1821303 3.944374
0.3574238 -0.0287113 3.872021
0.3368531 -0.0659878 3.891679
-0.1396921 -0.06826647 4.055705
-0.09658594 0.0176004 3.794604
-0.06954336 -0.3146039 3.970107
-0.1051354 -0.3563699 3.896533
0.05507122 -0.08588437 4.065668
0.2907078 -0.003523723 3.854513
0.2188329 -0.3065098 3.981261
0.2809749 -0.3567256 3.896461
0.06588328 0.4520662 3.865403
-0.2271633 -0.09295082 3.925043
-0.2154101 -0.01627009 3.888987
0.2940875 -0.1356477 3.900072
0.3848104 -0.04743 3.885354
83
-0.0430795 -0.08839221 4.101462
0.0216561 0.2232354 3.971885
0.08019701 0.5295968 3.826142
0.08604459 0.6550796 3.817289
-0.09971879 0.4412722 3.836906
-0.1878717 0.2007047 3.907714
-0.2563161 -0.02604076 3.970124
-0.2273284 -0.06580122 3.930956
0.2579036 0.4435096 3.859877
0.3506672 0.1821303 3.944374
0.3574238 -0.0287113 3.872021
0.3368531 -0.0659878 3.891679
-0.1396921 -0.06826647 4.055705
-0.09658594 0.0176004 3.794604
-0.06954336 -0.3146039 3.970107
-0.1051354 -0.3563699 3.896533
0.05507122 -0.08588437 4.065668
0.2907078 -0.003523723 3.854513
0.2188329 -0.3065098 3.981261
0.2809749 -0.3567256 3.896461
0.06588328 0.4520662 3.865403
-0.2271633 -0.09295082 3.925043
-0.2154101 -0.01627009 3.888987
0.2940875 -0.1356477 3.900072
0.3848104 -0.04743 3.885354
84
-0.0398491 -0.05027779 4.094914
0.01991966 0.2717917 3.971696
0.0772481 0.592711 3.833891
0.08468913 0.7023818 3.828533
-0.09892751 0.4881676 3.840063
-0.1870726 0.2528903 3.912869
-0.2614022 -0.00284153 3.976015
-0.2277774 -0.0446563 3.93379
0.2589196 0.4905117 3.863518
0.3450651 0.2413812 3.947421
0.3389511 -0.003030403 3.859449
0.2986868 -0.04780739 3.855582
-0.1374805 -0.03319581 4.049659
-0.09466691 0.0345112 3.786683
-0.07005106 -0.3143829 3.969421
-0.1047744 -0.3557397 3.895137
0.05835315 -0.04749705 4.058485
0.2863145 0.005619791 3.85655
0.2181592 -0.3079385 3.982516
0.2805761 -0.3559771 3.896707
0.06323668 0.5119312 3.871073
-0.2310932 -0.05750875 3.937278
-0.2214662 0.002438415 3.893554
0.2691617 -0.1332823 3.891371
0.3700681 -0.01098614 3.853555
85
-0.0398491 -0.05027779 4.094914
0.01991966 0.2717917 3.971696
0.0772481 0.592711 3.833891
0.08468913 0.7023818 3.828533
-0.09892751 0.4881676 3.840063
-0.1870726 0.2528903 3.912869
-0.2614022 -0.00284153 3.976015
-0.2277774 -0.0446563 3.93379
0.2589196 0.4905117 3.863518
0.3450651 0.2413812 3.947421
0.3389511 -0.003030403 3.859449
0.2986868 -0.04780739 3.855582
-0.1374805 -0.03319581 4.049659
-0.09466691 0.0345112 3.786683
-0.07005106 -0.3143829 3.969421
-0.1047744 -0.3557397 3.895137
0.05835315 -0.04749705 4.058485
0.2863145 0.005619791 3.85655
0.2181592 -0.3079385 3.982516
0.2805761 -0.3559771 3.896707
0.06323668 0.5119312 3.871073
-0.2310932 -0.05750875 3.937278
-0.2214662 0.002438415 3.893554
0.2691617 -0.1332823 3.891371
0.3700681 -0.01098614 3.853555
86
-0.04398804 0.002556015 4.101872
0.0193946 0.3250144 3.978101
0.08044045 0.6386358 3.839417
0.08086357 0.7437397 3.842552
-0.1018049 0.5370392 3.845395
-0.1866152 0.2721084 3.915645
-0.2612506 0.01787363 3.983388
-0.2286417 -0.01532162 3.9388
0.2602594 0.5421013 3.871289
0.3424552 0.2818767 3.949097
0.3117331 0.05475844 3.823395
0.2918351 -0.01412426 3.834894
-0.1426395 0.02034338 4.054789
-0.09272839 0.04239975 3.782471
-0.07037077 -0.3130975 3.968692
-0.1043929 -0.3546597 3.893435
0.05532559 0.003899589 4.067009
0.277313 0.03870431 3.859268
0.2170762 -0.3128171 3.985022
0.2799039 -0.355011 3.897171
0.06598877 0.5613347 3.876897
-0.2172011 -0.02017072 3.948532
-0.2202112 0.0210789 3.897647
0.2501024 -0.08627183 3.841545
0.3531034 0.02180238 3.84199
87
-0.04398804 0.002556015 4.101872
0.0193946 0.3250144 3.978101
0.08044045 0.6386358 3.839417
0.08086357 0.7437397 3.842552
-0.1018049 0.5370392 3.845395
-0.1866152 0.2721084 3.915645
-0.2612506 0.01787363 3.983388
-0.2286417 -0.01532162 3.9388
0.2602594 0.5421013 3.871289
0.3424552 0.2818767 3.949097
0.3117331 0.05475844 3.823395
0.2918351 -0.01412426 3.834894
-0.1426395 0.02034338 4.054789
-0.09272839 0.04239975 3.782471
-0.07037077 -0.3130975 3.968692
-0.1043929 -0.3546597 3.893435
0.05532559 0.003899589 4.067009
0.277313 0.03870431 3.859268
0.2170762 -0.3128171 3.985022
0.2799039 -0.355011 3.897171
0.06598877 0.5613347 3.876897
-0.2172011 -0.02017072 3.948532
-0.2202112 0.0210789 3.897647
0.2501024 -0.08627183 3.841545
0.3531034 0.02180238 3.84199
88
-0.007971296 0.05788002 4.118318
0.03642886 0.3789113 3.989408
0.08013469 0.693039 3.845899
0.07672055 0.806261 3.850887
-0.1000424 0.5906923 3.847993
-0.1832094 0.2957683 3.918588
-0.2442419 0.06482805 3.960927
-0.2214176 0.03159972 3.936323
0.2626558 0.5988343 3.87654
0.3434487 0.3308327 3.947478
0.3216394 0.1009909 3.843977
0.2918094 0.05117173 3.820866
-0.1052019 0.07390648 4.073562
-0.09475803 0.0494013 3.784202
-0.07003483 -0.3117965 3.968103
-0.1038647 -0.3531124 3.891503
0.08926415 0.06021417 4.080855
0.2747923 0.05434524 3.859165
0.2166288 -0.3136586 3.98627
0.2789576 -0.3539385 3.89817
0.0697197 0.6155997 3.884576
-0.2125397 0.02076998 3.931298
-0.2022007 0.06146691 3.892537
0.2770037 -0.01472648 3.794396
0.3515639 0.06422358 3.838651
89
-0.007971296 0.05788002 4.118318
0.03642886 0.3789113 3.989408
0.08013469 0.693039 3.845899
0.07672055 0.806261 3.850887
-0.1000424 0.5906923 3.847993
-0.1832094 0.2957683 3.918588
-0.2442419 0.06482805 3.960927
-0.2214176 0.03159972 3.936323
0.2626558 0.5988343 3.87654
0.3434487 0.3308327 3.947478
0.3216394 0.1009909 3.843977
0.2918094 0.05117173 3.820866
-0.1052019 0.07390648 4.073562
-0.09475803 0.0494013 3.784202
-0.07003483 -0.3117965 3.968103
-0.1038647 -0.3531124 3.891503
0.08926415 0.06021417 4.080855
0.2747923 0.05434524 3.859165
0.2166288 -0.3136586 3.98627
0.2789576 -0.3539385 3.89817
0.0697197 0.6155997 3.884576
-0.2125397 0.02076998 3.931298
-0.2022007 0.06146691 3.892537
0.2770037 -0.01472648 3.794396
0.3515639 0.06422358 3.838651
90
0.04768435 0.1131224 4.143762
0.06318586 0.4298987 4.005861
0.07929317 0.7338228 3.852018
0.07261362 0.8645482 3.860364
-0.09874583 0.6201393 3.850317
-0.1825945 0.3273816 3.927144
-0.2368355 0.08833223 3.951195
-0.2142766 0.06429479 3.931436
0.2669574 0.6471416 3.88168
0.345564 0.3596379 3.94548
0.3258587 0.1358262 3.857929
0.2920282 0.1085417 3.826191
-0.04869448 0.1233589 4.099995
-0.1018124 0.06541001 3.813402
-0.06880794 -0.3171929 3.967643
-0.103066 -0.3513882 3.89015
0.1430303 0.1203762 4.10505
0.2733749 0.07075819 3.856748
0.2173715 -0.3166632 3.985526
0.278602 -0.3541901 3.899257
0.07443766 0.6587107 3.892922
-0.1994173 0.06153362 3.905857
-0.1768499 0.08651248 3.840327
0.2945163 0.04687973 3.774229
0.3510374 0.1090399 3.839519
91
0.04768435 0.1131224 4.143762
0.06318586 0.4298987 4.005861
0.07929317 0.7338228 3.852018
0.07261362 0.8645482 3.860364
-0.09874583 0.6201393 3.850317
-0.1825945 0.3273816 3.927144
-0.2368355 0.08833223 3.951195
-0.2142766 0.06429479 3.931436
0.2669574 0.6471416 3.88168
0.345564 0.3596379 3.94548
0.3258587 0.1358262 3.857929
0.2920282 0.1085417 3.826191
-0.04869448 0.1233589 4.099995
-0.1018124 0.06541001 3.813402
-0.06880794 -0.3171929 3.967643
-0.103066 -0.3513882 3.89015
0.1430303 0.1203762 4.10505
0.2733749 0.07075819 3.856748
0.2173715 -0.3166632 3.985526
0.278602 -0.3541901 3.899257
0.07443766 0.6587107 3.892922
-0.1994173 0.06153362 3.905857
-0.1768499 0.08651248 3.840327
0.2945163 0.04687973 3.774229
0.3510374 0.1090399 3.839519
92
0.08386786 0.1522678 4.15571
0.07867831 0.468927 4.015396
0.07681713 0.7854293 3.863136
0.07190306 0.9151254 3.872506
-0.09665635 0.667686 3.856279
-0.1787308 0.3678206 3.92969
-0.2285728 0.1248323 3.942117
-0.2097039 0.1019295 3.930929
0.2687175 0.6725432 3.885379
0.3466485 0.408014 3.944639
0.3344448 0.1839674 3.879257
0.2931814 0.1468504 3.83739
-0.0123497 0.1588547 4.111642
-0.108397 0.08364911 3.827912
-0.06781098 -0.3184772 3.96793
-0.1020467 -0.3493464 3.889199
0.1783894 0.1626 4.117116
0.2739484 0.08681382 3.853137
0.220636 -0.3235489 3.980672
0.276655 -0.3549906 3.90292
0.07707801 0.7088305 3.904038
-0.1906119 0.08589543 3.904067
-0.1660547 0.1315706 3.853369
0.3132313 0.09211069 3.789464
0.3548698 0.1549578 3.852444
93
0.08386786 0.1522678 4.15571
0.07867831 0.468927 4.015396
0.07681713 0.7854293 3.863136
0.07190306 0.9151254 3.872506
-0.09665635 0.667686 3.856279
-0.1787308 0.3678206 3.92969
-0.2285728 0.1248323 3.942117
-0.2097039 0.1019295 3.930929
0.2687175 0.6725432 3.885379
0.3466485 0.408014 3.944639
0.3344448 0.1839674 3.879257
0.2931814 0.1468504 3.83739
-0.0123497 0.1588547 4.111642
-0.108397 0.08364911 3.827912
-0.06781098 -0.3184772 3.96793
-0.1020467 -0.3493464 3.889199
0.1783894 0.1626 4.117116
0.2739484 0.08681382 3.853137
0.220636 -0.3235489 3.980672
0.276655 -0.3549906 3.90292
0.07707801 0.7088305 3.904038
-0.1906119 0.08589543 3.904067
-0.1660547 0.1315706 3.853369
0.3132313 0.09211069 3.789464
0.3548698 0.1549578 3.852444
94
0.1106555 0.1823825 4.152301
0.09256472 0.5025328 4.0189
0.07910722 0.8298084 3.873756
0.07320287 0.9649569 3.888061
-0.09640697 0.6986814 3.860778
-0.1764385 0.3984157 3.932748
-0.2274974 0.1576938 3.936911
-0.2055748 0.1550672 3.927731
0.2711171 0.706912 3.894116
0.3452633 0.4303547 3.945954
0.3384894 0.2060753 3.888067
0.2913286 0.1698079 3.843478
0.0140668 0.1843827 4.109297
-0.1118224 0.0944912 3.835859
-0.06731706 -0.3172025 3.96935
-0.1010012 -0.3469724 3.888768
0.2050334 0.1975166 4.112308
0.2750519 0.09505843 3.847192
0.226384 -0.3353375 3.969523
0.2744224 -0.3575875 3.910353
0.08202538 0.7467444 3.911982
-0.1931148 0.1309618 3.904583
-0.1644082 0.1699612 3.873917
0.3147544 0.1213548 3.78216
0.3540221 0.1745093 3.856241
95
0.1106555 0.1823825 4.152301
0.09256472 0.5025328 4.0189
0.07910722 0.8298084 3.873756
0.07320287 0.9649569 3.888061
-0.09640697 0.6986814 3.860778
-0.1764385 0.3984157 3.932748
-0.2274974 0.1576938 3.936911
-0.2055748 0.1550672 3.927731
0.2711171 0.706912 3.894116
0.3452633 0.4303547 3.945954
0.3384894 0.2060753 3.888067
0.2913286 0.1698079 3.843478
0.0140668 0.1843827 4.109297
-0.1118224 0.0944912 3.835859
-0.06731706 -0.3172025 3.96935
-0.1010012 -0.3469724 3.888768
0.2050334 0.1975166 4.112308
0.2750519 0.09505843 3.847192
0.226384 -0.3353375 3.969523
0.2744224 -0.3575875 3.910353
0.08202538 0.7467444 3.911982
-0.1931148 0.1309618 3.904583
-0.1644082 0.1699612 3.873917
0.3147544 0.1213548 3.78216
0.3540221 0.1745093 3.856241
96
0.1161182 0.2036916 4.147543
0.0969165 0.5397415 4.022048
0.08269405 0.8805542 3.888069
0.07626075 1.012579 3.906767
-0.09801801 0.7392718 3.871093
-0.1751921 0.4382181 3.936538
-0.2073245 0.2055704 3.923949
-0.1976518 0.1895386 3.923125
0.2739803 0.7548029 3.907765
0.3408358 0.4784613 3.949033
0.339497 0.2204409 3.892798
0.2897907 0.1840243 3.847942
0.02030193 0.2091061 4.103968
-0.1127685 0.1026731 3.839952
-0.06755012 -0.3138132 3.972214
-0.09948893 -0.3437038 3.889009
0.2093637 0.2151504 4.107787
0.2756261 0.1005862 3.845525
0.2331248 -0.310022 3.956217
0.2561979 -0.3418598 3.846975
0.08591704 0.7960508 3.923911
-0.1690699 0.1614952 3.875096
-0.1466711 0.2217104 3.882003
0.3375908 0.1034777 3.845254
0.3490803 0.198246 3.866858
97
0.1161182 0.2036916 4.147543
0.0969165 0.5397415 4.022048
0.08269405 0.8805542 3.888069
0.07626075 1.012579 3.906767
-0.09801801 0.7392718 3.871093
-0.1751921 0.4382181 3.936538
-0.2073245 0.2055704 3.923949
-0.1976518 0.1895386 3.923125
0.2739803 0.7548029 3.907765
0.3408358 0.4784613 3.949033
0.339497 0.2204409 3.892798
0.2897907 0.1840243 3.847942
0.02030193 0.2091061 4.103968
-0.1127685 0.1026731 3.839952
-0.06755012 -0.3138132 3.972214
-0.09948893 -0.3437038 3.889009
0.2093637 0.2151504 4.107787
0.2756261 0.1005862 3.845525
0.2331248 -0.310022 3.956217
0.2561979 -0.3418598 3.846975
0.08591704 0.7960508 3.923911
-0.1690699 0.1614952 3.875096
-0.1466711 0.2217104 3.882003
0.3375908 0.1034777 3.845254
0.3490803 0.198246 3.866858
98
0.1159072 0.2282986 4.138657
0.09784611 0.5714652 4.024192
0.08443195 0.926479 3.903825
0.07757342 1.046647 3.920578
-0.099062 0.7834498 3.880845
-0.1796628 0.4918739 3.939542
-0.1881378 0.2371334 3.915226
-0.1849061 0.2127065 3.915661
0.2750279 0.7798271 3.915015
0.3407278 0.5116664 3.950671
0.339686 0.2306689 3.896046
0.2868738 0.1942022 3.852473
0.01872157 0.233062 4.093763
-0.1138686 0.1098564 3.843028
-0.07674716 -0.2869747 3.955736
-0.08671667 -0.323693 3.829739
0.2110607 0.2398668 4.100725
0.2758619 0.1041451 3.845371
0.232994 -0.3280957 3.958313
0.2599112 -0.3515406 3.878804
0.087462 0.8367278 3.935349
-0.1547658 0.1740136 3.853369
-0.1361933 0.2420658 3.882077
0.308329 0.1362078 3.83832
0.3415222 0.1655459 3.853819
99
0.1159072 0.2282986 4.138657
0.09784611 0.5714652 4.024192
0.08443195 0.926479 3.903825
0.07757342 1.046647 3.920578
-0.099062 0.7834498 3.880845
-0.1796628 0.4918739 3.939542
-0.1881378 0.2371334 3.915226
-0.1849061 0.2127065 3.915661
0.2750279 0.7798271 3.915015
0.3407278 0.5116664 3.950671
0.339686 0.2306689 3.896046
0.2868738 0.1942022 3.852473
0.01872157 0.233062 4.093763
-0.1138686 0.1098564 3.843028
-0.07674716 -0.2869747 3.955736
-0.08671667 -0.323693 3.829739
0.2110607 0.2398668 4.100725
0.2758619 0.1041451 3.845371
0.232994 -0.3280957 3.958313
0.2599112 -0.3515406 3.878804
0.087462 0.8367278 3.935349
-0.1547658 0.1740136 3.853369
-0.1361933 0.2420658 3.882077
0.308329 0.1362078 3.83832
0.3415222 0.1655459 3.853819
100
0.1082766 0.2652658 4.122012
0.09285454 0.6177473 4.024847
0.07898526 0.9741002 3.917931
0.07748713 1.093839 3.93921
-0.09819987 0.8273558 3.892295
-0.1793726 0.5284367 3.940282
-0.181227 0.2881013 3.912738
-0.1761521 0.2548728 3.914954
0.2748435 0.8238996 3.928109
0.3395211 0.5437946 3.955572
0.3384727 0.2703466 3.908439
0.2937342 0.2305143 3.884972
0.01259835 0.2684019 4.076147
-0.1146046 0.1180457 3.847043
-0.08365768 -0.266678 3.944469
-0.07940528 -0.3053801 3.790289
0.2019226 0.2775506 4.085002
0.2777249 0.1122915 3.850847
0.2409321 -0.2991732 3.945365
0.2552889 -0.3280823 3.825104
0.08233245 0.8847835 3.946681
-0.1424341 0.2144441 3.858391
-0.128449 0.2778314 3.886703
0.3071723 0.1773287 3.871493
0.3357474 0.224577 3.872428
101
0.1082766 0.2652658 4.122012
0.09285454 0.6177473 4.024847
0.07898526 0.9741002 3.917931
0.07748713 1.093839 3.93921
-0.09819987 0.8273558 3.892295
-0.1793726 0.5284367 3.940282
-0.181227 0.2881013 3.912738
-0.1761521 0.2548728 3.914954
0.2748435 0.8238996 3.928109
0.3395211 0.5437946 3.955572
0.3384727 0.2703466 3.908439
0.2937342 0.2305143 3.884972
0.01259835 0.2684019 4.076147
-0.1146046 0.1180457 3.847043
-0.08365768 -0.266678 3.944469
-0.07940528 -0.3053801 3.790289
0.2019226 0.2775506 4.085002
0.2777249 0.1122915 3.850847
0.2409321 -0.2991732 3.945365
0.2552889 -0.3280823 3.825104
0.08233245 0.8847835 3.946681
-0.1424341 0.2144441 3.858391
-0.128449 0.2778314 3.886703
0.3071723 0.1773287 3.871493
0.3357474 0.224577 3.872428
