133
1
0.06464063 0.45995 3.477057
0.06604757 0.780301 3.489326
0.06701468 1.096688 3.486087
0.06890291 1.233342 3.452948
-0.1274764 0.9808145 3.466044
-0.1729847 0.7323039 3.469168
-0.1539838 0.4988247 3.400986
-0.1357914 0.4294092 3.374747
0.2611015 0.9757481 3.485535
0.2854825 0.7225483 3.488616
0.2814398 0.4912231 3.41799
0.2609659 0.4182782 3.400291
-0.01622934 0.4686162 3.438122
-0.02261691 0.1069259 3.482809
-0.03128122 -0.2746399 3.525428
-0.03598172 -0.2826176 3.453049
0.1436122 0.4647767 3.436918
0.1662326 0.1105817 3.475071
0.1595629 -0.2740079 3.532772
0.1710269 -0.2851861 3.459592
0.06682027 1.018284 3.489724
-0.1238562 0.3659658 3.372592
-0.1675467 0.4187652 3.365569
0.2632312 0.3446078 3.398667
0.2823155 0.4206231 3.382854
2
0.06457563 0.460204 3.47682
0.06598011 0.7805087 3.489222
0.06695667 1.096829 3.48607
0.0689701 1.234141 3.453772
-0.1276872 0.9811105 3.466259
-0.1734068 0.7324179 3.467894
-0.1537602 0.5007346 3.397713
-0.1330359 0.4312684 3.371579
0.2610358 0.9757777 3.485305
0.2854261 0.7225789 3.488331
0.2812138 0.4915448 3.417332
0.2610406 0.4194562 3.398692
-0.01632866 0.4688023 3.437851
-0.02282281 0.1070084 3.482755
-0.03124201 -0.274583 3.525468
-0.03598797 -0.2825885 3.453011
0.1436216 0.4649221 3.43681
0.1663465 0.109567 3.472057
0.1594955 -0.2734014 3.532763
0.171012 -0.2852128 3.45955
0.06676859 1.01843 3.489671
-0.1211191 0.3672766 3.368217
-0.1651191 0.4228938 3.363799
0.2633524 0.3461886 3.396505
0.2824689 0.4030269 3.377029
3
0.06457563 0.460204 3.47682
0.06598011 0.7805087 3.489222
0.06695667 1.096829 3.48607
0.0689701 1.234141 3.453772
-0.1276872 0.9811105 3.466259
-0.1734068 0.7324179 3.467894
-0.1537602 0.5007346 3.397713
-0.1330359 0.4312684 3.371579
0.2610358 0.9757777 3.485305
0.2854261 0.7225789 3.488331
0.2812138 0.4915448 3.417332
0.2610406 0.4194562 3.398692
-0.01632866 0.4688023 3.437851
-0.02282281 0.1070084 3.482755
-0.03124201 -0.274583 3.525468
-0.03598797 -0.2825885 3.453011
0.1436216 0.4649221 3.43681
0.1663465 0.109567 3.472057
0.1594955 -0.2734014 3.532763
0.171012 -0.2852128 3.45955
0.06676859 1.01843 3.489671
-0.1211191 0.3672766 3.368217
-0.1651191 0.4228938 3.363799
0.2633524 0.3461886 3.396505
0.2824689 0.4030269 3.377029
4
0.06452187 0.4604504 3.476568
0.06591852 0.7807012 3.489127
0.06690037 1.096964 3.486075
0.06907641 1.234813 3.454541
-0.1278552 0.9813634 3.466446
-0.173771 0.7325111 3.466877
-0.1489696 0.4985625 3.393252
-0.1293619 0.4330945 3.36926
0.260982 0.9758038 3.485127
0.2853757 0.7226048 3.488102
0.2810288 0.4918588 3.416775
0.2610185 0.4203748 3.397792
-0.0164143 0.4689818 3.437563
-0.0230869 0.1071001 3.482705
-0.0311745 -0.2745205 3.525533
-0.03599691 -0.2825614 3.452975
0.1436349 0.4650755 3.436686
0.1664219 0.1088346 3.469392
0.1593223 -0.2729016 3.53265
0.1709977 -0.2852391 3.459508
0.0667197 1.018567 3.489635
-0.115491 0.3677739 3.365897
-0.1631852 0.4245941 3.362484
0.2641975 0.3475877 3.395032
0.2854014 0.4429179 3.380002
5
0.06452187 0.4604504 3.476568
0.06591852 0.7807012 3.489127
0.06690037 1.096964 3.486075
0.06907641 1.234813 3.454541
-0.1278552 0.9813634 3.466446
-0.173771 0.7325111 3.466877
-0.1489696 0.4985625 3.393252
-0.1293619 0.4330945 3.36926
0.260982 0.9758038 3.485127
0.2853757 0.7226048 3.488102
0.2810288 0.4918588 3.416775
0.2610185 0.4203748 3.397792
-0.0164143 0.4689818 3.437563
-0.0230869 0.1071001 3.482705
-0.0311745 -0.2745205 3.525533
-0.03599691 -0.2825614 3.452975
0.1436349 0.4650755 3.436686
0.1664219 0.1088346 3.469392
0.1593223 -0.2729016 3.53265
0.1709977 -0.2852391 3.459508
0.0667197 1.018567 3.489635
-0.115491 0.3677739 3.365897
-0.1631852 0.4245941 3.362484
0.2641975 0.3475877 3.395032
0.2854014 0.4429179 3.380002
6
0.06450446 0.4606872 3.47633
0.06586222 0.7808956 3.489064
0.06674395 1.097208 3.486281
0.06919471 1.235445 3.455566
-0.1279844 0.9815756 3.466619
-0.1740479 0.7325758 3.466113
-0.1483062 0.4996365 3.391683
-0.1279939 0.4339638 3.368307
0.2609428 0.9758288 3.48501
0.2853553 0.722629 3.487968
0.280898 0.4913451 3.416128
0.2609742 0.4202895 3.397259
-0.01645448 0.4691435 3.437315
-0.02339565 0.1071812 3.482675
-0.03109447 -0.2744423 3.525608
-0.03600374 -0.2825179 3.452946
0.1436725 0.4652467 3.436547
0.1664887 0.107749 3.467443
0.1591845 -0.2725386 3.532533
0.1709825 -0.2852694 3.459478
0.06661996 1.018771 3.489709
-0.1142696 0.3682326 3.364386
-0.1621829 0.4254312 3.362212
0.2645375 0.3476265 3.394574
0.2857407 0.4422029 3.380546
7
0.06450446 0.4606872 3.47633
0.06586222 0.7808956 3.489064
0.06674395 1.097208 3.486281
0.06919471 1.235445 3.455566
-0.1279844 0.9815756 3.466619
-0.1740479 0.7325758 3.466113
-0.1483062 0.4996365 3.391683
-0.1279939 0.4339638 3.368307
0.2609428 0.9758288 3.48501
0.2853553 0.722629 3.487968
0.280898 0.4913451 3.416128
0.2609742 0.4202895 3.397259
-0.01645448 0.4691435 3.437315
-0.02339565 0.1071812 3.482675
-0.03109447 -0.2744423 3.525608
-0.03600374 -0.2825179 3.452946
0.1436725 0.4652467 3.436547
0.1664887 0.107749 3.467443
0.1591845 -0.2725386 3.532533
0.1709825 -0.2852694 3.459478
0.06661996 1.018771 3.489709
-0.1142696 0.3682326 3.364386
-0.1621829 0.4254312 3.362212
0.2645375 0.3476265 3.394574
0.2857407 0.4422029 3.380546
8
0.06448772 0.4609118 3.476084
0.06580994 0.7810758 3.489012
0.06658359 1.097451 3.486535
0.06919527 1.236082 3.456924
-0.1280842 0.9817544 3.466773
-0.1742739 0.7326248 3.465534
-0.1454769 0.4980375 3.388638
-0.1267742 0.4347522 3.367301
0.2609068 0.9758481 3.48492
0.2853403 0.7226471 3.487868
0.2808204 0.4913338 3.415805
0.2610858 0.4203121 3.396743
-0.01649407 0.4692914 3.437072
-0.02368063 0.1072474 3.482646
-0.03101251 -0.2743875 3.525695
-0.03599526 -0.2824982 3.452943
0.1437108 0.4654293 3.436373
0.1665323 0.1064927 3.465971
0.1590594 -0.2722709 3.532411
0.1709678 -0.2853034 3.459453
0.06651703 1.018973 3.489815
-0.112903 0.3685844 3.363051
-0.1615299 0.4260425 3.361747
0.265142 0.3475197 3.394345
0.2864243 0.4325151 3.38026
9
0.06448772 0.4609118 3.476084
0.06580994 0.7810758 3.489012
0.06658359 1.097451 3.486535
0.06919527 1.236082 3.456924
-0.1280842 0.9817544 3.466773
-0.1742739 0.7326248 3.465534
-0.1454769 0.4980375 3.388638
-0.1267742 0.4347522 3.367301
0.2609068 0.9758481 3.48492
0.2853403 0.7226471 3.487868
0.2808204 0.4913338 3.415805
0.2610858 0.4203121 3.396743
-0.01649407 0.4692914 3.437072
-0.02368063 0.1072474 3.482646
-0.03101251 -0.2743875 3.525695
-0.03599526 -0.2824982 3.452943
0.1437108 0.4654293 3.436373
0.1665323 0.1064927 3.465971
0.1590594 -0.2722709 3.532411
0.1709678 -0.2853034 3.459453
0.06651703 1.018973 3.489815
-0.112903 0.3685844 3.363051
-0.1615299 0.4260425 3.361747
0.265142 0.3475197 3.394345
0.2864243 0.4325151 3.38026
10
0.06452375 0.4611314 3.475809
0.06576417 0.7812439 3.488967
0.06640981 1.097692 3.48681
0.06910621 1.236606 3.458448
-0.1281644 0.9818545 3.466954
-0.1744632 0.7325852 3.465034
-0.1453568 0.4992169 3.386721
-0.1259183 0.4353534 3.366501
0.2608781 0.9758649 3.484853
0.2853281 0.7226624 3.487791
0.280753 0.4913789 3.415501
0.2610843 0.4202526 3.396263
-0.01648142 0.4694289 3.436809
-0.02393533 0.1072998 3.482613
-0.03090787 -0.2743295 3.525805
-0.0359887 -0.2824833 3.45294
0.1437958 0.4656291 3.436154
0.1665139 0.1057344 3.465011
0.1589688 -0.2721193 3.532306
0.1709524 -0.2853378 3.45943
0.06640843 1.019174 3.489936
-0.1121503 0.3688298 3.362141
-0.1606979 0.4279106 3.361329
0.2652908 0.3473217 3.394408
0.2859951 0.4277138 3.379323
11
0.06452375 0.4611314 3.475809
0.06576417 0.7812439 3.488967
0.06640981 1.097692 3.48681
0.06910621 1.236606 3.458448
-0.1281644 0.9818545 3.466954
-0.1744632 0.7325852 3.465034
-0.1453568 0.4992169 3.386721
-0.1259183 0.4353534 3.366501
0.2608781 0.9758649 3.484853
0.2853281 0.7226624 3.487791
0.280753 0.4913789 3.415501
0.2610843 0.4202526 3.396263
-0.01648142 0.4694289 3.436809
-0.02393533 0.1072998 3.482613
-0.03090787 -0.2743295 3.525805
-0.0359887 -0.2824833 3.45294
0.1437958 0.4656291 3.436154
0.1665139 0.1057344 3.465011
0.1589688 -0.2721193 3.532306
0.1709524 -0.2853378 3.45943
0.06640843 1.019174 3.489936
-0.1121503 0.3688298 3.362141
-0.1606979 0.4279106 3.361329
0.2652908 0.3473217 3.394408
0.2859951 0.4277138 3.379323
12
0.06457879 0.4613381 3.475523
0.06572207 0.7814006 3.488928
0.06622776 1.097925 3.487093
0.06899121 1.237039 3.459769
-0.1282245 0.9819309 3.467121
-0.1745961 0.7325275 3.464597
-0.1455097 0.5003737 3.385317
-0.1253627 0.4357166 3.365977
0.2608465 0.9758791 3.484799
0.2853173 0.722675 3.487728
0.2806989 0.4915537 3.41522
0.261141 0.4210705 3.396023
-0.01644946 0.4695549 3.43654
-0.02416017 0.1073454 3.482581
-0.03081803 -0.274256 3.5259
-0.03597238 -0.2824472 3.452949
0.1438969 0.4658299 3.435909
0.1665108 0.1053044 3.464433
0.1588832 -0.2720432 3.532273
0.1709308 -0.2853849 3.459417
0.06629399 1.019369 3.490068
-0.1119582 0.3689227 3.361566
-0.1602881 0.428437 3.360993
0.2655763 0.3477496 3.394447
0.2872891 0.4450068 3.382837
13
0.06457879 0.4613381 3.475523
0.06572207 0.7814006 3.488928
0.06622776 1.097925 3.487093
0.06899121 1.237039 3.459769
-0.1282245 0.9819309 3.467121
-0.1745961 0.7325275 3.464597
-0.1455097 0.5003737 3.385317
-0.1253627 0.4357166 3.365977
0.2608465 0.9758791 3.484799
0.2853173 0.722675 3.487728
0.2806989 0.4915537 3.41522
0.261141 0.4210705 3.396023
-0.01644946 0.4695549 3.43654
-0.02416017 0.1073454 3.482581
-0.03081803 -0.274256 3.5259
-0.03597238 -0.2824472 3.452949
0.1438969 0.4658299 3.435909
0.1665108 0.1053044 3.464433
0.1588832 -0.2720432 3.532273
0.1709308 -0.2853849 3.459417
0.06629399 1.019369 3.490068
-0.1119582 0.3689227 3.361566
-0.1602881 0.428437 3.360993
0.2655763 0.3477496 3.394447
0.2872891 0.4450068 3.382837
14
0.06466 0.4615328 3.475233
0.06568458 0.7815453 3.488896
0.0660163 1.098161 3.487433
0.06889059 1.237368 3.460884
-0.1282718 0.9819822 3.467334
-0.1746947 0.7324535 3.464235
-0.145806 0.5014134 3.384315
-0.1249581 0.4359894 3.365575
0.2608207 0.9758925 3.484761
0.2853083 0.7226866 3.487678
0.2806629 0.4917865 3.414964
0.2611968 0.42167 3.395861
-0.01639246 0.4696679 3.436273
-0.02431691 0.107372 3.482561
-0.03074539 -0.2741571 3.525991
-0.03594079 -0.2823807 3.452981
0.144024 0.466036 3.435643
0.1665153 0.1050567 3.464056
0.1588063 -0.2720368 3.532262
0.1708914 -0.2854578 3.459427
0.06616349 1.019568 3.490236
-0.112042 0.3689456 3.361157
-0.1598135 0.4273433 3.360106
0.2658215 0.3485667 3.39364
0.2840986 0.4144486 3.378003
15
0.06466 0.4615328 3.475233
0.06568458 0.7815453 3.488896
0.0660163 1.098161 3.487433
0.06889059 1.237368 3.460884
-0.1282718 0.9819822 3.467334
-0.1746947 0.7324535 3.464235
-0.145806 0.5014134 3.384315
-0.1249581 0.4359894 3.365575
0.2608207 0.9758925 3.484761
0.2853083 0.7226866 3.487678
0.2806629 0.4917865 3.414964
0.2611968 0.42167 3.395861
-0.01639246 0.4696679 3.436273
-0.02431691 0.107372 3.482561
-0.03074539 -0.2741571 3.525991
-0.03594079 -0.2823807 3.452981
0.144024 0.466036 3.435643
0.1665153 0.1050567 3.464056
0.1588063 -0.2720368 3.532262
0.1708914 -0.2854578 3.459427
0.06616349 1.019568 3.490236
-0.112042 0.3689456 3.361157
-0.1598135 0.4273433 3.360106
0.2658215 0.3485667 3.39364
0.2840986 0.4144486 3.378003
16
0.06476338 0.4617095 3.474931
0.06564836 0.7816797 3.488866
0.06576322 1.098391 3.48778
0.06880482 1.23762 3.461783
-0.1283176 0.9819998 3.467596
-0.1747692 0.7323509 3.463914
-0.1461803 0.5023339 3.383617
-0.1246586 0.436191 3.365267
0.260801 0.9759035 3.484733
0.2852962 0.7226979 3.487616
0.2806699 0.49207 3.414741
0.2612105 0.4224191 3.395674
-0.01631653 0.4697667 3.436005
-0.02441723 0.1073798 3.482548
-0.03068446 -0.2737319 3.526025
-0.03578546 -0.2819688 3.453085
0.1441759 0.4662332 3.435343
0.166525 0.1045468 3.464265
0.1587878 -0.2721598 3.532216
0.1708513 -0.2855351 3.45944
0.06600677 1.019765 3.490414
-0.1116469 0.3689786 3.36072
-0.1595983 0.4273888 3.359853
0.2660091 0.3490243 3.393469
0.2831163 0.4073949 3.376274
17
0.06476338 0.4617095 3.474931
0.06564836 0.7816797 3.488866
0.06576322 1.098391 3.48778
0.06880482 1.23762 3.461783
-0.1283176 0.9819998 3.467596
-0.1747692 0.7323509 3.463914
-0.1461803 0.5023339 3.383617
-0.1246586 0.436191 3.365267
0.260801 0.9759035 3.484733
0.2852962 0.7226979 3.487616
0.2806699 0.49207 3.414741
0.2612105 0.4224191 3.395674
-0.01631653 0.4697667 3.436005
-0.02441723 0.1073798 3.482548
-0.03068446 -0.2737319 3.526025
-0.03578546 -0.2819688 3.453085
0.1441759 0.4662332 3.435343
0.166525 0.1045468 3.464265
0.1587878 -0.2721598 3.532216
0.1708513 -0.2855351 3.45944
0.06600677 1.019765 3.490414
-0.1116469 0.3689786 3.36072
-0.1595983 0.4273888 3.359853
0.2660091 0.3490243 3.393469
0.2831163 0.4073949 3.376274
18
0.06487972 0.4618696 3.474627
0.06561717 0.7818044 3.488838
0.06553155 1.098598 3.488098
0.06862323 1.237916 3.462811
-0.1283595 0.9820009 3.467863
-0.1748198 0.7322389 3.46363
-0.1465452 0.5031224 3.383047
-0.1242604 0.4363214 3.364785
0.2607834 0.9759136 3.484712
0.2852783 0.7227089 3.487541
0.2808351 0.4919702 3.414404
0.2612285 0.4222972 3.395503
-0.01622417 0.4698543 3.43574
-0.0244903 0.1073776 3.482538
-0.03063437 -0.2734441 3.526066
-0.03566692 -0.2817006 3.453122
0.1443349 0.4664181 3.435024
0.1666314 0.1043906 3.464616
0.1587621 -0.2723291 3.53215
0.1708121 -0.2856127 3.459455
0.06585971 1.019946 3.490583
-0.1113629 0.3689867 3.360467
-0.1594564 0.4274369 3.359719
0.265859 0.3489061 3.393546
0.2827327 0.4043896 3.375778
19
0.06487972 0.4618696 3.474627
0.06561717 0.7818044 3.488838
0.06553155 1.098598 3.488098
0.06862323 1.237916 3.462811
-0.1283595 0.9820009 3.467863
-0.1748198 0.7322389 3.46363
-0.1465452 0.5031224 3.383047
-0.1242604 0.4363214 3.364785
0.2607834 0.9759136 3.484712
0.2852783 0.7227089 3.487541
0.2808351 0.4919702 3.414404
0.2612285 0.4222972 3.395503
-0.01622417 0.4698543 3.43574
-0.0244903 0.1073776 3.482538
-0.03063437 -0.2734441 3.526066
-0.03566692 -0.2817006 3.453122
0.1443349 0.4664181 3.435024
0.1666314 0.1043906 3.464616
0.1587621 -0.2723291 3.53215
0.1708121 -0.2856127 3.459455
0.06585971 1.019946 3.490583
-0.1113629 0.3689867 3.360467
-0.1594564 0.4274369 3.359719
0.265859 0.3489061 3.393546
0.2827327 0.4043896 3.375778
20
0.06503194 0.4620211 3.474303
0.0655904 0.7819196 3.488813
0.0653114 1.098784 3.4884
0.06846268 1.238164 3.463688
-0.1283874 0.9819973 3.468111
-0.1748286 0.7321203 3.463358
-0.1469065 0.503801 3.382647
-0.1239545 0.436572 3.36416
0.2607582 0.9759257 3.484691
0.2852764 0.7227227 3.487477
0.2809553 0.492052 3.414208
0.2612424 0.4222873 3.39529
-0.01609585 0.4699315 3.435464
-0.0245446 0.1073753 3.48253
-0.03059166 -0.2732088 3.526121
-0.03555966 -0.2814866 3.45316
0.144529 0.4666047 3.434669
0.166711 0.1037976 3.465403
0.1587382 -0.2725802 3.532061
0.1707766 -0.2856923 3.459466
0.06571829 1.020113 3.49075
-0.1111979 0.3690843 3.358724
-0.1594093 0.427782 3.359785
0.2659549 0.3486637 3.392996
0.2822983 0.4008568 3.374628
21
0.06503194 0.4620211 3.474303
0.0655904 0.7819196 3.488813
0.0653114 1.098784 3.4884
0.06846268 1.238164 3.463688
-0.1283874 0.9819973 3.468111
-0.1748286 0.7321203 3.463358
-0.1469065 0.503801 3.382647
-0.1239545 0.436572 3.36416
0.2607582 0.9759257 3.484691
0.2852764 0.7227227 3.487477
0.2809553 0.492052 3.414208
0.2612424 0.4222873 3.39529
-0.01609585 0.4699315 3.435464
-0.0245446 0.1073753 3.48253
-0.03059166 -0.2732088 3.526121
-0.03555966 -0.2814866 3.45316
0.144529 0.4666047 3.434669
0.166711 0.1037976 3.465403
0.1587382 -0.2725802 3.532061
0.1707766 -0.2856923 3.459466
0.06571829 1.020113 3.49075
-0.1111979 0.3690843 3.358724
-0.1594093 0.427782 3.359785
0.2659549 0.3486637 3.392996
0.2822983 0.4008568 3.374628
22
0.06532286 0.4621748 3.473832
0.06559195 0.7820303 3.488771
0.06515155 1.098934 3.488647
0.06835648 1.238377 3.464388
-0.1284001 0.9819913 3.468324
-0.1748108 0.7320098 3.463129
-0.1471119 0.5043015 3.382159
-0.1223145 0.4373026 3.360584
0.2607292 0.9759367 3.484665
0.2852749 0.7227345 3.487417
0.281094 0.492081 3.413933
0.2611914 0.4220401 3.394188
-0.01587884 0.4699851 3.435128
-0.0245811 0.1073671 3.482528
-0.03054669 -0.2724819 3.52611
-0.03565663 -0.2807667 3.453203
0.1449436 0.466853 3.434007
0.1668173 0.1035466 3.46602
0.1587211 -0.2728084 3.531984
0.1707368 -0.2857761 3.459471
0.06561896 1.02025 3.490884
-0.1082639 0.3695005 3.355017
-0.1498059 0.4153995 3.344342
0.2656195 0.3483337 3.392397
0.2814154 0.4022208 3.371928
23
0.06532286 0.4621748 3.473832
0.06559195 0.7820303 3.488771
0.06515155 1.098934 3.488647
0.06835648 1.238377 3.464388
-0.1284001 0.9819913 3.468324
-0.1748108 0.7320098 3.463129
-0.1471119 0.5043015 3.382159
-0.1223145 0.4373026 3.360584
0.2607292 0.9759367 3.484665
0.2852749 0.7227345 3.487417
0.281094 0.492081 3.413933
0.2611914 0.4220401 3.394188
-0.01587884 0.4699851 3.435128
-0.0245811 0.1073671 3.482528
-0.03054669 -0.2724819 3.52611
-0.03565663 -0.2807667 3.453203
0.1449436 0.466853 3.434007
0.1668173 0.1035466 3.46602
0.1587211 -0.2728084 3.531984
0.1707368 -0.2857761 3.459471
0.06561896 1.02025 3.490884
-0.1082639 0.3695005 3.355017
-0.1498059 0.4153995 3.344342
0.2656195 0.3483337 3.392397
0.2814154 0.4022208 3.371928
24
0.06571076 0.4623428 3.473307
0.06560914 0.7821509 3.488724
0.06500706 1.099083 3.488885
0.06823419 1.238726 3.465179
-0.1284052 0.9819827 3.468517
-0.1747838 0.731911 3.462944
-0.1450489 0.5050033 3.376981
-0.1157478 0.4381952 3.347472
0.2607097 0.9759477 3.484647
0.2857075 0.7228389 3.487471
0.2811672 0.4925008 3.412355
0.2590503 0.4254454 3.384126
-0.01556649 0.4700384 3.434731
-0.02460617 0.1073586 3.482528
-0.03048722 -0.2720262 3.52616
-0.03574718 -0.2803321 3.453232
0.145446 0.4671281 3.433312
0.1669074 0.1033798 3.466663
0.1587118 -0.2730604 3.531912
0.1706991 -0.2858733 3.459496
0.06552964 1.020389 3.491018
-0.1020565 0.3682052 3.343524
-0.1414751 0.4158747 3.321725
0.2623594 0.3545164 3.372627
0.2797233 0.4100551 3.358044
25
0.06571076 0.4623428 3.473307
0.06560914 0.7821509 3.488724
0.06500706 1.099083 3.488885
0.06823419 1.238726 3.465179
-0.1284052 0.9819827 3.468517
-0.1747838 0.731911 3.462944
-0.1450489 0.5050033 3.376981
-0.1157478 0.4381952 3.347472
0.2607097 0.9759477 3.484647
0.2857075 0.7228389 3.487471
0.2811672 0.4925008 3.412355
0.2590503 0.4254454 3.384126
-0.01556649 0.4700384 3.434731
-0.02460617 0.1073586 3.482528
-0.03048722 -0.2720262 3.52616
-0.03574718 -0.2803321 3.453232
0.145446 0.4671281 3.433312
0.1669074 0.1033798 3.466663
0.1587118 -0.2730604 3.531912
0.1706991 -0.2858733 3.459496
0.06552964 1.020389 3.491018
-0.1020565 0.3682052 3.343524
-0.1414751 0.4158747 3.321725
0.2623594 0.3545164 3.372627
0.2797233 0.4100551 3.358044
26
0.06614294 0.4624969 3.472765
0.06565384 0.7822781 3.488662
0.06490552 1.09921 3.489079
0.06814005 1.239034 3.465889
-0.1284013 0.9819767 3.468685
-0.1747739 0.7318273 3.462765
-0.1320439 0.5095358 3.351928
-0.1052205 0.4509562 3.310179
0.2606852 0.9759606 3.484621
0.2862599 0.7229763 3.487615
0.2763446 0.4940114 3.391355
0.2508328 0.4324661 3.350577
-0.01518969 0.4700634 3.434308
-0.02461328 0.1073404 3.482536
-0.03042591 -0.2716972 3.526249
-0.03585021 -0.2800362 3.453221
0.145971 0.4674033 3.432613
0.166956 0.1033606 3.467348
0.1587277 -0.2733245 3.531833
0.1706682 -0.2859657 3.459514
0.06546923 1.02051 3.491129
-0.09530931 0.3895668 3.299325
-0.1263465 0.4358093 3.271518
0.2551751 0.3619861 3.32642
0.2705989 0.4258724 3.311409
27
0.06614294 0.4624969 3.472765
0.06565384 0.7822781 3.488662
0.06490552 1.09921 3.489079
0.06814005 1.239034 3.465889
-0.1284013 0.9819767 3.468685
-0.1747739 0.7318273 3.462765
-0.1320439 0.5095358 3.351928
-0.1052205 0.4509562 3.310179
0.2606852 0.9759606 3.484621
0.2862599 0.7229763 3.487615
0.2763446 0.4940114 3.391355
0.2508328 0.4324661 3.350577
-0.01518969 0.4700634 3.434308
-0.02461328 0.1073404 3.482536
-0.03042591 -0.2716972 3.526249
-0.03585021 -0.2800362 3.453221
0.145971 0.4674033 3.432613
0.166956 0.1033606 3.467348
0.1587277 -0.2733245 3.531833
0.1706682 -0.2859657 3.459514
0.06546923 1.02051 3.491129
-0.09530931 0.3895668 3.299325
-0.1263465 0.4358093 3.271518
0.2551751 0.3619861 3.32642
0.2705989 0.4258724 3.311409
28
0.06653809 0.462619 3.472289
0.06570124 0.7823983 3.488601
0.06480853 1.099332 3.489258
0.06805422 1.239383 3.466524
-0.1283846 0.9819559 3.468876
-0.175148 0.7323514 3.462367
-0.111109 0.5308585 3.314042
-0.08288564 0.4844896 3.285239
0.2606672 0.975973 3.484601
0.2874288 0.7232401 3.487991
0.2682319 0.5136288 3.351365
0.2464395 0.4654351 3.305781
-0.01482291 0.4700661 3.433923
-0.02460359 0.1073161 3.482548
-0.0303672 -0.2714344 3.52634
-0.03595157 -0.2798087 3.453177
0.146425 0.4676284 3.432021
0.166977 0.1034072 3.46801
0.1587466 -0.2735828 3.531761
0.1706373 -0.2860569 3.459531
0.06541105 1.020629 3.491235
-0.08535646 0.4279467 3.238261
-0.102169 0.4893377 3.220431
0.247651 0.3954225 3.264855
0.2674066 0.460267 3.258669
29
0.06653809 0.462619 3.472289
0.06570124 0.7823983 3.488601
0.06480853 1.099332 3.489258
0.06805422 1.239383 3.466524
-0.1283846 0.9819559 3.468876
-0.175148 0.7323514 3.462367
-0.111109 0.5308585 3.314042
-0.08288564 0.4844896 3.285239
0.2606672 0.975973 3.484601
0.2874288 0.7232401 3.487991
0.2682319 0.5136288 3.351365
0.2464395 0.4654351 3.305781
-0.01482291 0.4700661 3.433923
-0.02460359 0.1073161 3.482548
-0.0303672 -0.2714344 3.52634
-0.03595157 -0.2798087 3.453177
0.146425 0.4676284 3.432021
0.166977 0.1034072 3.46801
0.1587466 -0.2735828 3.531761
0.1706373 -0.2860569 3.459531
0.06541105 1.020629 3.491235
-0.08535646 0.4279467 3.238261
-0.102169 0.4893377 3.220431
0.247651 0.3954225 3.264855
0.2674066 0.460267 3.258669
30
0.06675085 0.4626899 3.47196
0.06573333 0.7825095 3.48856
0.06472141 1.099486 3.489486
0.06801695 1.239613 3.467214
-0.1283531 0.9819413 3.469049
-0.1757778 0.7337686 3.46163
-0.08825463 0.5625789 3.278633
-0.06693313 0.5294605 3.24092
0.2606491 0.9759871 3.48458
0.2890033 0.7235637 3.488216
0.2547324 0.5439034 3.305615
0.2342768 0.50703 3.269138
-0.01458215 0.4700456 3.433648
-0.02458789 0.1072912 3.482564
-0.03035234 -0.2712152 3.526437
-0.03604605 -0.2796256 3.453129
0.1466179 0.4677733 3.431614
0.1669313 0.1036403 3.468717
0.1587028 -0.2738256 3.531731
0.1706105 -0.2861365 3.459541
0.06535265 1.020773 3.491381
-0.06859984 0.4853751 3.17494
-0.07414089 0.5556387 3.178113
0.2390823 0.4463844 3.192686
0.258869 0.5262336 3.223091
31
0.06675085 0.4626899 3.47196
0.06573333 0.7825095 3.48856
0.06472141 1.099486 3.489486
0.06801695 1.239613 3.467214
-0.1283531 0.9819413 3.469049
-0.1757778 0.7337686 3.46163
-0.08825463 0.5625789 3.278633
-0.06693313 0.5294605 3.24092
0.2606491 0.9759871 3.48458
0.2890033 0.7235637 3.488216
0.2547324 0.5439034 3.305615
0.2342768 0.50703 3.269138
-0.01458215 0.4700456 3.433648
-0.02458789 0.1072912 3.482564
-0.03035234 -0.2712152 3.526437
-0.03604605 -0.2796256 3.453129
0.1466179 0.4677733 3.431614
0.1669313 0.1036403 3.468717
0.1587028 -0.2738256 3.531731
0.1706105 -0.2861365 3.459541
0.06535265 1.020773 3.491381
-0.06859984 0.4853751 3.17494
-0.07414089 0.5556387 3.178113
0.2390823 0.4463844 3.192686
0.258869 0.5262336 3.223091
32
0.06685743 0.4627657 3.471694
0.0657538 0.782622 3.488527
0.06465067 1.099636 3.489717
0.06800357 1.239819 3.467907
-0.1283029 0.9819396 3.469221
-0.1769878 0.7399277 3.459308
-0.07521217 0.6187007 3.257789
-0.05112617 0.5930476 3.197634
0.2606298 0.9760028 3.48456
0.3025621 0.738649 3.482146
0.2462482 0.5948913 3.26348
0.2238768 0.5692327 3.215101
-0.01445252 0.4700532 3.433449
-0.024567 0.1072661 3.482583
-0.03029415 -0.2710427 3.526545
-0.03612636 -0.2794905 3.453088
0.1466877 0.467912 3.431262
0.1668148 0.1040647 3.469499
0.1586615 -0.2740865 3.531695
0.1705864 -0.2862098 3.45955
0.06529977 1.020917 3.491536
-0.04931275 0.5636331 3.121837
-0.04539986 0.6275042 3.149169
0.2253831 0.5299187 3.136316
0.2173465 0.6011179 3.191327
33
0.06685743 0.4627657 3.471694
0.0657538 0.782622 3.488527
0.06465067 1.099636 3.489717
0.06800357 1.239819 3.467907
-0.1283029 0.9819396 3.469221
-0.1769878 0.7399277 3.459308
-0.07521217 0.6187007 3.257789
-0.05112617 0.5930476 3.197634
0.2606298 0.9760028 3.48456
0.3025621 0.738649 3.482146
0.2462482 0.5948913 3.26348
0.2238768 0.5692327 3.215101
-0.01445252 0.4700532 3.433449
-0.024567 0.1072661 3.482583
-0.03029415 -0.2710427 3.526545
-0.03612636 -0.2794905 3.453088
0.1466877 0.467912 3.431262
0.1668148 0.1040647 3.469499
0.1586615 -0.2740865 3.531695
0.1705864 -0.2862098 3.45955
0.06529977 1.020917 3.491536
-0.04931275 0.5636331 3.121837
-0.04539986 0.6275042 3.149169
0.2253831 0.5299187 3.136316
0.2173465 0.6011179 3.191327
34
0.06685743 0.4627657 3.471694
0.0657538 0.782622 3.488527
0.06465067 1.099636 3.489717
0.06800357 1.239819 3.467907
-0.1283029 0.9819396 3.469221
-0.1769878 0.7399277 3.459308
-0.07521217 0.6187007 3.257789
-0.05112617 0.5930476 3.197634
0.2606298 0.9760028 3.48456
0.3025621 0.738649 3.482146
0.2462482 0.5948913 3.26348
0.2238768 0.5692327 3.215101
-0.01445252 0.4700532 3.433449
-0.024567 0.1072661 3.482583
-0.03029415 -0.2710427 3.526545
-0.03612636 -0.2794905 3.453088
0.1466877 0.467912 3.431262
0.1668148 0.1040647 3.469499
0.1586615 -0.2740865 3.531695
0.1705864 -0.2862098 3.45955
0.06529977 1.020917 3.491536
-0.04931275 0.5636331 3.121837
-0.04539986 0.6275042 3.149169
0.2253831 0.5299187 3.136316
0.2173465 0.6011179 3.191327
35
0.06691133 0.4628348 3.471517
0.06576494 0.7827556 3.488529
0.06460777 1.099827 3.490041
0.06801447 1.240355 3.469499
-0.1282309 0.9819461 3.469387
-0.1784638 0.751999 3.454337
-0.06358412 0.6596439 3.246939
-0.03523836 0.6645576 3.174492
0.2606117 0.9760163 3.484546
0.3116971 0.7490776 3.477198
0.2373433 0.6451376 3.246215
0.214667 0.6435237 3.177136
-0.01436953 0.4700695 3.433321
-0.02454607 0.1072456 3.482602
-0.03023786 -0.2709235 3.526649
-0.03619301 -0.2794068 3.453048
0.146686 0.4680275 3.431031
0.166674 0.1045526 3.470227
0.1585607 -0.2743163 3.531703
0.1705635 -0.2862798 3.459559
0.06525724 1.021106 3.491778
-0.0322222 0.657252 3.089996
-0.06084181 0.6940847 3.18683
0.2036195 0.6245596 3.09311
0.1881332 0.670993 3.151509
36
0.06691714 0.4629284 3.471426
0.06576128 0.782972 3.488631
0.06458549 1.100093 3.490521
0.06823207 1.240881 3.471377
-0.1281216 0.9819774 3.469555
-0.1857584 0.7565221 3.453464
-0.0626594 0.7240255 3.257683
-0.01825888 0.7384694 3.179842
0.2605763 0.9760371 3.484538
0.321932 0.7652562 3.469529
0.2219061 0.7164903 3.226265
0.1994919 0.7174122 3.143307
-0.0143225 0.4701084 3.433246
-0.02452552 0.1072514 3.482629
-0.03020683 -0.2708319 3.526751
-0.0362529 -0.2793468 3.453008
0.1466231 0.4681665 3.430937
0.1665166 0.1050281 3.470888
0.1583903 -0.2745016 3.531779
0.1705419 -0.2863469 3.459568
0.06521833 1.021385 3.492187
-0.006944455 0.7547524 3.089658
-0.01670728 0.775439 3.134451
0.1807892 0.716714 3.085996
0.1653112 0.7393765 3.104705
37
0.06691714 0.4629284 3.471426
0.06576128 0.782972 3.488631
0.06458549 1.100093 3.490521
0.06823207 1.240881 3.471377
-0.1281216 0.9819774 3.469555
-0.1857584 0.7565221 3.453464
-0.0626594 0.7240255 3.257683
-0.01825888 0.7384694 3.179842
0.2605763 0.9760371 3.484538
0.321932 0.7652562 3.469529
0.2219061 0.7164903 3.226265
0.1994919 0.7174122 3.143307
-0.0143225 0.4701084 3.433246
-0.02452552 0.1072514 3.482629
-0.03020683 -0.2708319 3.526751
-0.0362529 -0.2793468 3.453008
0.1466231 0.4681665 3.430937
0.1665166 0.1050281 3.470888
0.1583903 -0.2745016 3.531779
0.1705419 -0.2863469 3.459568
0.06521833 1.021385 3.492187
-0.006944455 0.7547524 3.089658
-0.01670728 0.775439 3.134451
0.1807892 0.716714 3.085996
0.1653112 0.7393765 3.104705
38
0.06688865 0.4630576 3.471425
0.06574487 0.7832688 3.488865
0.06455953 1.100425 3.491194
0.06855578 1.241495 3.47363
-0.1279777 0.9820357 3.46973
-0.1854566 0.7754037 3.439277
-0.0596974 0.7604641 3.261211
0.0009909687 0.8139538 3.16688
0.2602474 0.9762267 3.48455
0.3187125 0.7793005 3.439751
0.214938 0.7677764 3.223712
0.1807061 0.7871656 3.13256
-0.01429727 0.4701743 3.433227
-0.02450116 0.1072646 3.482661
-0.03018021 -0.2707618 3.526853
-0.03630862 -0.279307 3.452968
0.1465059 0.4683526 3.430992
0.1663675 0.1055171 3.471498
0.158331 -0.2746995 3.531792
0.1705235 -0.2864093 3.459576
0.06516749 1.021742 3.492797
0.0198328 0.8404636 3.104284
0.02170509 0.8508079 3.113162
0.1564307 0.8091632 3.079332
0.1614888 0.7998064 3.108433
39
0.06688865 0.4630576 3.471425
0.06574487 0.7832688 3.488865
0.06455953 1.100425 3.491194
0.06855578 1.241495 3.47363
-0.1279777 0.9820357 3.46973
-0.1854566 0.7754037 3.439277
-0.0596974 0.7604641 3.261211
0.0009909687 0.8139538 3.16688
0.2602474 0.9762267 3.48455
0.3187125 0.7793005 3.439751
0.214938 0.7677764 3.223712
0.1807061 0.7871656 3.13256
-0.01429727 0.4701743 3.433227
-0.02450116 0.1072646 3.482661
-0.03018021 -0.2707618 3.526853
-0.03630862 -0.279307 3.452968
0.1465059 0.4683526 3.430992
0.1663675 0.1055171 3.471498
0.158331 -0.2746995 3.531792
0.1705235 -0.2864093 3.459576
0.06516749 1.021742 3.492797
0.0198328 0.8404636 3.104284
0.02170509 0.8508079 3.113162
0.1564307 0.8091632 3.079332
0.1614888 0.7998064 3.108433
40
0.06688865 0.4630576 3.471425
0.06574487 0.7832688 3.488865
0.06455953 1.100425 3.491194
0.06855578 1.241495 3.47363
-0.1279777 0.9820357 3.46973
-0.1854566 0.7754037 3.439277
-0.0596974 0.7604641 3.261211
0.0009909687 0.8139538 3.16688
0.2602474 0.9762267 3.48455
0.3187125 0.7793005 3.439751
0.214938 0.7677764 3.223712
0.1807061 0.7871656 3.13256
-0.01429727 0.4701743 3.433227
-0.02450116 0.1072646 3.482661
-0.03018021 -0.2707618 3.526853
-0.03630862 -0.279307 3.452968
0.1465059 0.4683526 3.430992
0.1663675 0.1055171 3.471498
0.158331 -0.2746995 3.531792
0.1705235 -0.2864093 3.459576
0.06516749 1.021742 3.492797
0.0198328 0.8404636 3.104284
0.02170509 0.8508079 3.113162
0.1564307 0.8091632 3.079332
0.1614888 0.7998064 3.108433
41
0.06679849 0.4633124 3.471616
0.06576046 0.7836992 3.489361
0.06470187 1.100825 3.492304
0.06884342 1.242025 3.475659
-0.127781 0.9821244 3.469903
-0.1860593 0.7724603 3.4216
-0.05309813 0.7858522 3.260631
0.005601651 0.8565091 3.176605
0.259796 0.9764651 3.484574
0.3288475 0.7729824 3.397964
0.2088904 0.789463 3.218647
0.1576277 0.8529344 3.129832
-0.01430608 0.470376 3.433404
-0.02448047 0.1072735 3.482691
-0.03017843 -0.270704 3.526929
-0.03634214 -0.2792704 3.452944
0.1463098 0.4686439 3.431243
0.1662413 0.1054177 3.472186
0.1582763 -0.2748964 3.531813
0.1705043 -0.2864767 3.459585
0.06523973 1.022189 3.493806
0.03081593 0.8950441 3.116229
0.01369054 0.8683404 3.132108
0.1371556 0.8822333 3.0982
0.133935 0.8870016 3.095983
42
0.06666096 0.4636277 3.471902
0.06576249 0.7841952 3.48999
0.06487478 1.101266 3.4936
0.06925756 1.242457 3.478369
-0.12752 0.9822491 3.470045
-0.182503 0.7767999 3.408843
-0.03388578 0.8326797 3.25455
-0.0002285209 0.8741516 3.215332
0.2590386 0.9768704 3.484581
0.3333164 0.7686808 3.379552
0.1911108 0.8428028 3.222353
0.1471659 0.8866723 3.165205
-0.01433996 0.4706328 3.433664
-0.02446017 0.1072628 3.482727
-0.03018311 -0.2706667 3.526985
-0.03636969 -0.2792456 3.452927
0.1460396 0.4689994 3.431611
0.1661527 0.1054042 3.472682
0.1582382 -0.2750539 3.53184
0.1704859 -0.2865428 3.45959
0.06532875 1.022681 3.494988
0.03898561 0.9293349 3.141297
0.005737813 0.892445 3.174048
0.1239646 0.9340643 3.122118
0.1246325 0.9391352 3.110934
43
0.06666096 0.4636277 3.471902
0.06576249 0.7841952 3.48999
0.06487478 1.101266 3.4936
0.06925756 1.242457 3.478369
-0.12752 0.9822491 3.470045
-0.182503 0.7767999 3.408843
-0.03388578 0.8326797 3.25455
-0.0002285209 0.8741516 3.215332
0.2590386 0.9768704 3.484581
0.3333164 0.7686808 3.379552
0.1911108 0.8428028 3.222353
0.1471659 0.8866723 3.165205
-0.01433996 0.4706328 3.433664
-0.02446017 0.1072628 3.482727
-0.03018311 -0.2706667 3.526985
-0.03636969 -0.2792456 3.452927
0.1460396 0.4689994 3.431611
0.1661527 0.1054042 3.472682
0.1582382 -0.2750539 3.53184
0.1704859 -0.2865428 3.45959
0.06532875 1.022681 3.494988
0.03898561 0.9293349 3.141297
0.005737813 0.892445 3.174048
0.1239646 0.9340643 3.122118
0.1246325 0.9391352 3.110934
44
0.06652478 0.463922 3.472203
0.06574351 0.7846817 3.490741
0.0649467 1.101755 3.495492
0.06961828 1.242799 3.480938
-0.127224 0.9823993 3.470157
-0.1780571 0.7825881 3.39851
-0.01884606 0.8609446 3.252614
0.007936404 0.9098975 3.212911
0.2583408 0.9772488 3.484591
0.331194 0.7645381 3.365741
0.1845123 0.8649583 3.227928
0.1390342 0.9234508 3.171113
-0.01436958 0.4708642 3.433907
-0.0244865 0.107204 3.482775
-0.03018887 -0.2706461 3.527031
-0.03642647 -0.2792411 3.452845
0.1457635 0.4693317 3.43207
0.1660523 0.1053675 3.473114
0.1582416 -0.2751761 3.531931
0.1704657 -0.2866066 3.4596
0.06534063 1.023203 3.496607
0.04808327 0.962737 3.160626
0.01965891 0.9312347 3.165721
0.1146623 0.9690695 3.146029
0.1182719 0.9666867 3.125518
45
0.06652478 0.463922 3.472203
0.06574351 0.7846817 3.490741
0.0649467 1.101755 3.495492
0.06961828 1.242799 3.480938
-0.127224 0.9823993 3.470157
-0.1780571 0.7825881 3.39851
-0.01884606 0.8609446 3.252614
0.007936404 0.9098975 3.212911
0.2583408 0.9772488 3.484591
0.331194 0.7645381 3.365741
0.1845123 0.8649583 3.227928
0.1390342 0.9234508 3.171113
-0.01436958 0.4708642 3.433907
-0.0244865 0.107204 3.482775
-0.03018887 -0.2706461 3.527031
-0.03642647 -0.2792411 3.452845
0.1457635 0.4693317 3.43207
0.1660523 0.1053675 3.473114
0.1582416 -0.2751761 3.531931
0.1704657 -0.2866066 3.4596
0.06534063 1.023203 3.496607
0.04808327 0.962737 3.160626
0.01965891 0.9312347 3.165721
0.1146623 0.9690695 3.146029
0.1182719 0.9666867 3.125518
46
0.06652478 0.463922 3.472203
0.06574351 0.7846817 3.490741
0.0649467 1.101755 3.495492
0.06961828 1.242799 3.480938
-0.127224 0.9823993 3.470157
-0.1780571 0.7825881 3.39851
-0.01884606 0.8609446 3.252614
0.007936404 0.9098975 3.212911
0.2583408 0.9772488 3.484591
0.331194 0.7645381 3.365741
0.1845123 0.8649583 3.227928
0.1390342 0.9234508 3.171113
-0.01436958 0.4708642 3.433907
-0.0244865 0.107204 3.482775
-0.03018887 -0.2706461 3.527031
-0.03642647 -0.2792411 3.452845
0.1457635 0.4693317 3.43207
0.1660523 0.1053675 3.473114
0.1582416 -0.2751761 3.531931
0.1704657 -0.2866066 3.4596
0.06534063 1.023203 3.496607
0.04808327 0.962737 3.160626
0.01965891 0.9312347 3.165721
0.1146623 0.9690695 3.146029
0.1182719 0.9666867 3.125518
47
0.06639171 0.4641986 3.472523
0.06570057 0.7851695 3.491566
0.06493213 1.102275 3.49742
0.06995241 1.24314 3.483387
-0.1268553 0.9826168 3.470243
-0.1536117 0.7902183 3.362328
7.650349E-06 0.8889077 3.249511
0.01287946 0.9259887 3.219492
0.2577603 0.9775589 3.484585
0.3244411 0.7665852 3.356103
0.1484049 0.9161391 3.226448
0.1195179 0.9581853 3.184814
-0.0143906 0.4711041 3.434211
-0.02462934 0.1071618 3.482834
-0.03017844 -0.2706366 3.52707
-0.03648389 -0.2792441 3.452766
0.1455031 0.4696284 3.432516
0.1659728 0.1053437 3.473464
0.158252 -0.2752773 3.53203
0.1704471 -0.286668 3.459611
0.06528799 1.023742 3.498282
0.09965372 0.9818057 3.176774
0.03177353 0.9637415 3.185312
0.08205425 1.010627 3.178083
0.107522 0.9983492 3.140452
48
0.06639171 0.4641986 3.472523
0.06570057 0.7851695 3.491566
0.06493213 1.102275 3.49742
0.06995241 1.24314 3.483387
-0.1268553 0.9826168 3.470243
-0.1536117 0.7902183 3.362328
7.650349E-06 0.8889077 3.249511
0.01287946 0.9259887 3.219492
0.2577603 0.9775589 3.484585
0.3244411 0.7665852 3.356103
0.1484049 0.9161391 3.226448
0.1195179 0.9581853 3.184814
-0.0143906 0.4711041 3.434211
-0.02462934 0.1071618 3.482834
-0.03017844 -0.2706366 3.52707
-0.03648389 -0.2792441 3.452766
0.1455031 0.4696284 3.432516
0.1659728 0.1053437 3.473464
0.158252 -0.2752773 3.53203
0.1704471 -0.286668 3.459611
0.06528799 1.023742 3.498282
0.09965372 0.9818057 3.176774
0.03177353 0.9637415 3.185312
0.08205425 1.010627 3.178083
0.107522 0.9983492 3.140452
49
0.06626852 0.4644538 3.472834
0.06565638 0.7857219 3.492474
0.06490904 1.103097 3.499556
0.07024954 1.243385 3.485785
-0.1264503 0.9828956 3.470303
-0.1430755 0.7933178 3.34729
0.006154238 0.9016958 3.248383
0.01533854 0.9364638 3.227998
0.2570822 0.9778797 3.48443
0.3186006 0.7713171 3.352725
0.134032 0.9370078 3.229133
0.1079119 0.9772074 3.199118
-0.0144063 0.4713421 3.434537
-0.02474353 0.1071216 3.482893
-0.03017249 -0.270641 3.527122
-0.03654012 -0.2792644 3.452686
0.1452689 0.4698887 3.432925
0.1659034 0.1054363 3.473702
0.1582734 -0.2753825 3.532062
0.1704307 -0.2867272 3.459622
0.06523133 1.024505 3.500126
0.07029309 0.9722026 3.201161
0.02702251 0.962848 3.191567
0.07252946 1.014341 3.195833
0.09827212 1.023116 3.167883
50
0.06626852 0.4644538 3.472834
0.06565638 0.7857219 3.492474
0.06490904 1.103097 3.499556
0.07024954 1.243385 3.485785
-0.1264503 0.9828956 3.470303
-0.1430755 0.7933178 3.34729
0.006154238 0.9016958 3.248383
0.01533854 0.9364638 3.227998
0.2570822 0.9778797 3.48443
0.3186006 0.7713171 3.352725
0.134032 0.9370078 3.229133
0.1079119 0.9772074 3.199118
-0.0144063 0.4713421 3.434537
-0.02474353 0.1071216 3.482893
-0.03017249 -0.270641 3.527122
-0.03654012 -0.2792644 3.452686
0.1452689 0.4698887 3.432925
0.1659034 0.1054363 3.473702
0.1582734 -0.2753825 3.532062
0.1704307 -0.2867272 3.459622
0.06523133 1.024505 3.500126
0.07029309 0.9722026 3.201161
0.02702251 0.962848 3.191567
0.07252946 1.014341 3.195833
0.09827212 1.023116 3.167883
51
0.06615323 0.4646697 3.473119
0.06556798 0.78623 3.493393
0.06471428 1.103935 3.50183
0.07075667 1.243534 3.488919
-0.1260211 0.9832157 3.470329
-0.1379793 0.7950454 3.339698
0.010427 0.9108179 3.247646
0.01860119 0.9434722 3.239079
0.2562701 0.9781978 3.484065
0.3096146 0.7791578 3.352176
0.1267689 0.9489923 3.230077
0.08334531 0.9921883 3.23007
-0.0144228 0.471556 3.434843
-0.0248585 0.1070408 3.482963
-0.0301765 -0.2706542 3.527167
-0.03659228 -0.27929 3.452607
0.1450567 0.4700871 3.43328
0.1658454 0.1055769 3.473895
0.1583489 -0.2754785 3.53209
0.1704151 -0.2867817 3.459633
0.06504568 1.025257 3.502058
0.09081217 0.9845558 3.215991
0.04653118 0.9587419 3.215096
0.06092219 1.038976 3.214527
0.08515877 1.035856 3.198091
52
0.06615323 0.4646697 3.473119
0.06556798 0.78623 3.493393
0.06471428 1.103935 3.50183
0.07075667 1.243534 3.488919
-0.1260211 0.9832157 3.470329
-0.1379793 0.7950454 3.339698
0.010427 0.9108179 3.247646
0.01860119 0.9434722 3.239079
0.2562701 0.9781978 3.484065
0.3096146 0.7791578 3.352176
0.1267689 0.9489923 3.230077
0.08334531 0.9921883 3.23007
-0.0144228 0.471556 3.434843
-0.0248585 0.1070408 3.482963
-0.0301765 -0.2706542 3.527167
-0.03659228 -0.27929 3.452607
0.1450567 0.4700871 3.43328
0.1658454 0.1055769 3.473895
0.1583489 -0.2754785 3.53209
0.1704151 -0.2867817 3.459633
0.06504568 1.025257 3.502058
0.09081217 0.9845558 3.215991
0.04653118 0.9587419 3.215096
0.06092219 1.038976 3.214527
0.08515877 1.035856 3.198091
53
0.06604861 0.4648106 3.473369
0.06547076 0.7866673 3.49424
0.06449936 1.104734 3.503838
0.07125802 1.243749 3.491538
-0.1254988 0.9836543 3.470314
-0.1403605 0.7985286 3.342547
0.008838398 0.9128851 3.249622
0.01553803 0.9405664 3.255176
0.2552834 0.9784685 3.483332
0.3011563 0.7875699 3.352526
0.1298416 0.9376722 3.251093
0.07651933 0.9975616 3.245093
-0.0144468 0.4717038 3.43512
-0.02495941 0.1069732 3.483031
-0.03018075 -0.2706819 3.527198
-0.0366497 -0.2793289 3.452497
0.1448757 0.4702006 3.433577
0.1658074 0.1057795 3.474038
0.1584616 -0.2755739 3.532094
0.1703996 -0.2868339 3.459642
0.06484709 1.025949 3.503775
0.06012742 0.9620268 3.253984
0.0300648 0.9362693 3.242229
0.05595796 1.041177 3.232059
0.07843115 1.041948 3.212515
54
0.06604861 0.4648106 3.473369
0.06547076 0.7866673 3.49424
0.06449936 1.104734 3.503838
0.07125802 1.243749 3.491538
-0.1254988 0.9836543 3.470314
-0.1403605 0.7985286 3.342547
0.008838398 0.9128851 3.249622
0.01553803 0.9405664 3.255176
0.2552834 0.9784685 3.483332
0.3011563 0.7875699 3.352526
0.1298416 0.9376722 3.251093
0.07651933 0.9975616 3.245093
-0.0144468 0.4717038 3.43512
-0.02495941 0.1069732 3.483031
-0.03018075 -0.2706819 3.527198
-0.0366497 -0.2793289 3.452497
0.1448757 0.4702006 3.433577
0.1658074 0.1057795 3.474038
0.1584616 -0.2755739 3.532094
0.1703996 -0.2868339 3.459642
0.06484709 1.025949 3.503775
0.06012742 0.9620268 3.253984
0.0300648 0.9362693 3.242229
0.05595796 1.041177 3.232059
0.07843115 1.041948 3.212515
55
0.06595917 0.4648985 3.47359
0.06538169 0.7870257 3.494976
0.06431702 1.105379 3.505424
0.07169996 1.243956 3.493703
-0.1249866 0.9841045 3.470281
-0.139081 0.8001511 3.339767
0.009371377 0.91405 3.251943
0.01649106 0.9424654 3.263894
0.2542138 0.9786993 3.482362
0.2948153 0.7937664 3.352974
0.1333418 0.929181 3.26645
0.07325141 0.9996549 3.257246
-0.01447071 0.4717903 3.435374
-0.02504859 0.1069194 3.483096
-0.03017082 -0.2707299 3.527213
-0.03670607 -0.2793833 3.452379
0.1447264 0.4702672 3.433826
0.16578 0.1059962 3.474151
0.1586211 -0.2756562 3.53212
0.1703836 -0.2868837 3.459655
0.06467734 1.02651 3.505159
0.05634313 0.9605595 3.266015
0.04453951 0.9461593 3.25361
0.05368828 1.042082 3.245132
0.07392254 1.04312 3.225855
56
0.06595917 0.4648985 3.47359
0.06538169 0.7870257 3.494976
0.06431702 1.105379 3.505424
0.07169996 1.243956 3.493703
-0.1249866 0.9841045 3.470281
-0.139081 0.8001511 3.339767
0.009371377 0.91405 3.251943
0.01649106 0.9424654 3.263894
0.2542138 0.9786993 3.482362
0.2948153 0.7937664 3.352974
0.1333418 0.929181 3.26645
0.07325141 0.9996549 3.257246
-0.01447071 0.4717903 3.435374
-0.02504859 0.1069194 3.483096
-0.03017082 -0.2707299 3.527213
-0.03670607 -0.2793833 3.452379
0.1447264 0.4702672 3.433826
0.16578 0.1059962 3.474151
0.1586211 -0.2756562 3.53212
0.1703836 -0.2868837 3.459655
0.06467734 1.02651 3.505159
0.05634313 0.9605595 3.266015
0.04453951 0.9461593 3.25361
0.05368828 1.042082 3.245132
0.07392254 1.04312 3.225855
57
0.06587839 0.4649311 3.473773
0.0652866 0.7873169 3.495615
0.06409641 1.105964 3.506771
0.07209966 1.24418 3.49552
-0.1245101 0.9845489 3.470232
-0.1448807 0.8036056 3.34464
0.006532423 0.9116604 3.255272
0.01568158 0.9412501 3.271661
0.253222 0.9788758 3.481332
0.2892709 0.7976904 3.352858
0.1359596 0.9233124 3.274484
0.07245825 0.9979922 3.266559
-0.01449643 0.4718203 3.435562
-0.02512287 0.1068792 3.483151
-0.03016611 -0.2707829 3.527221
-0.03676006 -0.279442 3.452261
0.1445929 0.4702767 3.434045
0.1657637 0.1062916 3.474222
0.1588004 -0.2757068 3.532201
0.170369 -0.2869273 3.459663
0.06448402 1.027001 3.506335
0.05359235 0.9596649 3.273277
0.0492915 0.9508516 3.258071
0.05395672 1.038122 3.254426
0.07187206 1.041059 3.235267
58
0.06581989 0.4649333 3.473909
0.06520349 0.7875499 3.496145
0.06390727 1.10643 3.507819
0.07247153 1.244451 3.497122
-0.1240618 0.9849901 3.470182
-0.1450327 0.8049078 3.344021
0.00670343 0.9121129 3.256581
0.01676762 0.9423252 3.275721
0.2524556 0.9789897 3.480404
0.2857586 0.8002198 3.352771
0.1377084 0.9192899 3.278988
0.07396666 0.9932014 3.273643
-0.0145138 0.4718249 3.435694
-0.02518723 0.1068454 3.483201
-0.03016058 -0.270832 3.527225
-0.03680837 -0.2794945 3.452161
0.1444969 0.4702515 3.434213
0.1657537 0.1065808 3.47427
0.1591075 -0.2757539 3.532264
0.1703551 -0.2869619 3.459663
0.06431939 1.027391 3.50726
0.05407294 0.9620734 3.275064
0.05358663 0.958277 3.256023
0.05556173 1.034513 3.25895
0.0721909 1.035047 3.238744
59
0.06581989 0.4649333 3.473909
0.06520349 0.7875499 3.496145
0.06390727 1.10643 3.507819
0.07247153 1.244451 3.497122
-0.1240618 0.9849901 3.470182
-0.1450327 0.8049078 3.344021
0.00670343 0.9121129 3.256581
0.01676762 0.9423252 3.275721
0.2524556 0.9789897 3.480404
0.2857586 0.8002198 3.352771
0.1377084 0.9192899 3.278988
0.07396666 0.9932014 3.273643
-0.0145138 0.4718249 3.435694
-0.02518723 0.1068454 3.483201
-0.03016058 -0.270832 3.527225
-0.03680837 -0.2794945 3.452161
0.1444969 0.4702515 3.434213
0.1657537 0.1065808 3.47427
0.1591075 -0.2757539 3.532264
0.1703551 -0.2869619 3.459663
0.06431939 1.027391 3.50726
0.05407294 0.9620734 3.275064
0.05358663 0.958277 3.256023
0.05556173 1.034513 3.25895
0.0721909 1.035047 3.238744
60
0.0657737 0.4649228 3.474019
0.06512602 0.7877368 3.496599
0.06370551 1.106798 3.508718
0.0727645 1.244785 3.498717
-0.1236473 0.9854083 3.470129
-0.1446347 0.8060489 3.342819
0.00708093 0.9124655 3.257566
0.01904618 0.9434304 3.278697
0.2519839 0.979054 3.479766
0.2834439 0.8019254 3.352823
0.139214 0.9160718 3.2815
0.07628595 0.9875432 3.277929
-0.01452477 0.4718198 3.435796
-0.02527072 0.1068192 3.483249
-0.03015378 -0.270867 3.527222
-0.03683647 -0.2795285 3.452087
0.1444193 0.4702134 3.434351
0.1657598 0.1069368 3.474283
0.1594466 -0.2758072 3.53231
0.1703378 -0.2870019 3.459656
0.06415033 1.027701 3.508052
0.05798676 0.9646288 3.274729
0.06581298 0.9634857 3.254997
0.05862164 1.028922 3.25983
0.07380104 1.028953 3.239753
61
0.0657737 0.4649228 3.474019
0.06512602 0.7877368 3.496599
0.06370551 1.106798 3.508718
0.0727645 1.244785 3.498717
-0.1236473 0.9854083 3.470129
-0.1446347 0.8060489 3.342819
0.00708093 0.9124655 3.257566
0.01904618 0.9434304 3.278697
0.2519839 0.979054 3.479766
0.2834439 0.8019254 3.352823
0.139214 0.9160718 3.2815
0.07628595 0.9875432 3.277929
-0.01452477 0.4718198 3.435796
-0.02527072 0.1068192 3.483249
-0.03015378 -0.270867 3.527222
-0.03683647 -0.2795285 3.452087
0.1444193 0.4702134 3.434351
0.1657598 0.1069368 3.474283
0.1594466 -0.2758072 3.53231
0.1703378 -0.2870019 3.459656
0.06415033 1.027701 3.508052
0.05798676 0.9646288 3.274729
0.06581298 0.9634857 3.254997
0.05862164 1.028922 3.25983
0.07380104 1.028953 3.239753
62
0.06573837 0.4648914 3.474114
0.06505999 0.7878917 3.497009
0.06352487 1.107153 3.509556
0.07299758 1.245066 3.500026
-0.1232661 0.9858003 3.470085
-0.1438902 0.8070757 3.341141
0.007512307 0.9126814 3.258391
0.02270214 0.9444287 3.280953
0.2516161 0.9790863 3.479206
0.2818101 0.8031641 3.352685
0.1398829 0.9141701 3.283042
0.07810327 0.983061 3.280514
-0.01453022 0.4717905 3.435883
-0.02535063 0.106797 3.483294
-0.03014192 -0.2709121 3.527222
-0.0368632 -0.279573 3.452019
0.1443596 0.470159 3.434468
0.1657627 0.1072979 3.474279
0.1598411 -0.27586 3.532347
0.1703214 -0.2870394 3.459649
0.0640008 1.02799 3.508786
0.06507502 0.9666615 3.271664
0.0806291 0.9633459 3.253159
0.06058455 1.025575 3.261193
0.07469596 1.024481 3.240748
63
0.06573837 0.4648914 3.474114
0.06505999 0.7878917 3.497009
0.06352487 1.107153 3.509556
0.07299758 1.245066 3.500026
-0.1232661 0.9858003 3.470085
-0.1438902 0.8070757 3.341141
0.007512307 0.9126814 3.258391
0.02270214 0.9444287 3.280953
0.2516161 0.9790863 3.479206
0.2818101 0.8031641 3.352685
0.1398829 0.9141701 3.283042
0.07810327 0.983061 3.280514
-0.01453022 0.4717905 3.435883
-0.02535063 0.106797 3.483294
-0.03014192 -0.2709121 3.527222
-0.0368632 -0.279573 3.452019
0.1443596 0.470159 3.434468
0.1657627 0.1072979 3.474279
0.1598411 -0.27586 3.532347
0.1703214 -0.2870394 3.459649
0.0640008 1.02799 3.508786
0.06507502 0.9666615 3.271664
0.0806291 0.9633459 3.253159
0.06058455 1.025575 3.261193
0.07469596 1.024481 3.240748
64
0.06573837 0.4648914 3.474114
0.06505999 0.7878917 3.497009
0.06352487 1.107153 3.509556
0.07299758 1.245066 3.500026
-0.1232661 0.9858003 3.470085
-0.1438902 0.8070757 3.341141
0.007512307 0.9126814 3.258391
0.02270214 0.9444287 3.280953
0.2516161 0.9790863 3.479206
0.2818101 0.8031641 3.352685
0.1398829 0.9141701 3.283042
0.07810327 0.983061 3.280514
-0.01453022 0.4717905 3.435883
-0.02535063 0.106797 3.483294
-0.03014192 -0.2709121 3.527222
-0.0368632 -0.279573 3.452019
0.1443596 0.470159 3.434468
0.1657627 0.1072979 3.474279
0.1598411 -0.27586 3.532347
0.1703214 -0.2870394 3.459649
0.0640008 1.02799 3.508786
0.06507502 0.9666615 3.271664
0.0806291 0.9633459 3.253159
0.06058455 1.025575 3.261193
0.07469596 1.024481 3.240748
65
0.06570533 0.464844 3.474199
0.06500079 0.7880235 3.497368
0.06338314 1.107495 3.510261
0.07321638 1.245326 3.501317
-0.1228959 0.986196 3.470045
-0.15188 0.8137453 3.351979
0.004319157 0.9081356 3.260509
0.0216284 0.9410857 3.282722
0.2513349 0.9790996 3.478718
0.2806158 0.804041 3.35271
0.1404907 0.9125408 3.283734
0.08021782 0.9787226 3.281594
-0.01453967 0.4717419 3.435962
-0.02541264 0.1067743 3.483335
-0.03013288 -0.270959 3.52722
-0.03688982 -0.2796185 3.451957
0.1443092 0.4700936 3.434568
0.1657862 0.1076141 3.474277
0.1601198 -0.2759021 3.532404
0.1703062 -0.2870803 3.459643
0.06387915 1.028263 3.509409
0.06141447 0.9627394 3.269137
0.06533511 0.9542717 3.24887
0.06267671 1.022234 3.261156
0.07661305 1.019141 3.239385
66
0.06570533 0.464844 3.474199
0.06500079 0.7880235 3.497368
0.06338314 1.107495 3.510261
0.07321638 1.245326 3.501317
-0.1228959 0.986196 3.470045
-0.15188 0.8137453 3.351979
0.004319157 0.9081356 3.260509
0.0216284 0.9410857 3.282722
0.2513349 0.9790996 3.478718
0.2806158 0.804041 3.35271
0.1404907 0.9125408 3.283734
0.08021782 0.9787226 3.281594
-0.01453967 0.4717419 3.435962
-0.02541264 0.1067743 3.483335
-0.03013288 -0.270959 3.52722
-0.03688982 -0.2796185 3.451957
0.1443092 0.4700936 3.434568
0.1657862 0.1076141 3.474277
0.1601198 -0.2759021 3.532404
0.1703062 -0.2870803 3.459643
0.06387915 1.028263 3.509409
0.06141447 0.9627394 3.269137
0.06533511 0.9542717 3.24887
0.06267671 1.022234 3.261156
0.07661305 1.019141 3.239385
67
0.06567573 0.4647896 3.474267
0.06495924 0.788102 3.497601
0.06331796 1.107646 3.510607
0.07339694 1.245522 3.50236
-0.1225693 0.9865466 3.470006
-0.1526455 0.8134791 3.351099
0.003811696 0.9070703 3.261525
0.02255529 0.9405086 3.283781
0.2511138 0.9790959 3.478287
0.2799893 0.8045903 3.353174
0.1412068 0.9109949 3.283911
0.08217198 0.9752367 3.281447
-0.01454996 0.4716849 3.436024
-0.02546783 0.1067544 3.483372
-0.03012453 -0.2709897 3.527212
-0.03690423 -0.279645 3.451915
0.1442667 0.4700247 3.434645
0.1658191 0.1079397 3.474257
0.1603742 -0.2759252 3.532496
0.1702913 -0.2871197 3.459637
0.06381781 1.028393 3.50973
0.06203303 0.9624795 3.266807
0.06389874 0.9552788 3.24586
0.0645959 1.020609 3.258561
0.07845154 1.01549 3.239017
68
0.06567874 0.4647029 3.474321
0.06493215 0.7881638 3.497795
0.06326941 1.107775 3.510878
0.07356033 1.245631 3.503196
-0.1222514 0.9868674 3.469954
-0.1512834 0.8127154 3.348429
0.003665418 0.9064965 3.262147
0.02360719 0.9400948 3.284666
0.2510082 0.9790766 3.478005
0.2829941 0.7975757 3.360876
0.1419318 0.9097394 3.284204
0.0847436 0.9719754 3.281928
-0.01452795 0.471582 3.436063
-0.02550728 0.1067411 3.483401
-0.03011932 -0.2710185 3.527203
-0.03691497 -0.2796694 3.45188
0.1442613 0.4699321 3.43471
0.165859 0.108227 3.474234
0.1606037 -0.2759468 3.532579
0.1702776 -0.2871579 3.45963
0.06377331 1.028503 3.509985
0.06266802 0.9625644 3.266292
0.06398086 0.9573202 3.245493
0.06594472 1.019574 3.257802
0.07987243 1.012336 3.238247
69
0.06567874 0.4647029 3.474321
0.06493215 0.7881638 3.497795
0.06326941 1.107775 3.510878
0.07356033 1.245631 3.503196
-0.1222514 0.9868674 3.469954
-0.1512834 0.8127154 3.348429
0.003665418 0.9064965 3.262147
0.02360719 0.9400948 3.284666
0.2510082 0.9790766 3.478005
0.2829941 0.7975757 3.360876
0.1419318 0.9097394 3.284204
0.0847436 0.9719754 3.281928
-0.01452795 0.471582 3.436063
-0.02550728 0.1067411 3.483401
-0.03011932 -0.2710185 3.527203
-0.03691497 -0.2796694 3.45188
0.1442613 0.4699321 3.43471
0.165859 0.108227 3.474234
0.1606037 -0.2759468 3.532579
0.1702776 -0.2871579 3.45963
0.06377331 1.028503 3.509985
0.06266802 0.9625644 3.266292
0.06398086 0.9573202 3.245493
0.06594472 1.019574 3.257802
0.07987243 1.012336 3.238247
70
0.06567874 0.4647029 3.474321
0.06493215 0.7881638 3.497795
0.06326941 1.107775 3.510878
0.07356033 1.245631 3.503196
-0.1222514 0.9868674 3.469954
-0.1512834 0.8127154 3.348429
0.003665418 0.9064965 3.262147
0.02360719 0.9400948 3.284666
0.2510082 0.9790766 3.478005
0.2829941 0.7975757 3.360876
0.1419318 0.9097394 3.284204
0.0847436 0.9719754 3.281928
-0.01452795 0.471582 3.436063
-0.02550728 0.1067411 3.483401
-0.03011932 -0.2710185 3.527203
-0.03691497 -0.2796694 3.45188
0.1442613 0.4699321 3.43471
0.165859 0.108227 3.474234
0.1606037 -0.2759468 3.532579
0.1702776 -0.2871579 3.45963
0.06377331 1.028503 3.509985
0.06266802 0.9625644 3.266292
0.06398086 0.9573202 3.245493
0.06594472 1.019574 3.257802
0.07987243 1.012336 3.238247
71
0.06568301 0.4646056 3.474364
0.06491108 0.7882108 3.497951
0.06323539 1.107875 3.511079
0.07368477 1.245717 3.503839
-0.1219728 0.9871507 3.469903
-0.1492171 0.8119356 3.345647
0.006777535 0.9095508 3.275055
0.03085546 0.9429165 3.282967
0.2509483 0.9790409 3.477752
0.2842836 0.7954808 3.364183
0.1426587 0.9085902 3.284402
0.08664282 0.969165 3.281235
-0.01450588 0.4714691 3.43609
-0.02553572 0.1067309 3.483424
-0.03011852 -0.2710529 3.527193
-0.03692312 -0.2797 3.451845
0.1442578 0.4698295 3.434763
0.1658957 0.1085304 3.474195
0.1610144 -0.2759798 3.532619
0.1702654 -0.2871884 3.459623
0.06374154 1.028587 3.510178
0.07773726 0.9772677 3.253786
0.06488241 0.9715064 3.241973
0.06690359 1.018372 3.257635
0.08083016 1.010571 3.237414
72
0.06568301 0.4646056 3.474364
0.06491108 0.7882108 3.497951
0.06323539 1.107875 3.511079
0.07368477 1.245717 3.503839
-0.1219728 0.9871507 3.469903
-0.1492171 0.8119356 3.345647
0.006777535 0.9095508 3.275055
0.03085546 0.9429165 3.282967
0.2509483 0.9790409 3.477752
0.2842836 0.7954808 3.364183
0.1426587 0.9085902 3.284402
0.08664282 0.969165 3.281235
-0.01450588 0.4714691 3.43609
-0.02553572 0.1067309 3.483424
-0.03011852 -0.2710529 3.527193
-0.03692312 -0.2797 3.451845
0.1442578 0.4698295 3.434763
0.1658957 0.1085304 3.474195
0.1610144 -0.2759798 3.532619
0.1702654 -0.2871884 3.459623
0.06374154 1.028587 3.510178
0.07773726 0.9772677 3.253786
0.06488241 0.9715064 3.241973
0.06690359 1.018372 3.257635
0.08083016 1.010571 3.237414
73
0.06568878 0.4645017 3.474396
0.06489496 0.7882468 3.498078
0.06321419 1.107958 3.51123
0.07379074 1.245787 3.504344
-0.1217271 0.9874066 3.469854
-0.157688 0.8106497 3.360184
0.007266579 0.9101103 3.279954
0.0351014 0.9437583 3.281869
0.250927 0.9789793 3.477513
0.2847638 0.7946203 3.365739
0.1432933 0.9076242 3.284525
0.08866218 0.9665868 3.280177
-0.01448567 0.4713504 3.436106
-0.02555935 0.1067218 3.483445
-0.03011883 -0.2711066 3.527184
-0.03691162 -0.2797478 3.451832
0.1442586 0.4697213 3.434802
0.1659289 0.1088074 3.474159
0.1614061 -0.2760165 3.53264
0.1702547 -0.2872182 3.459615
0.0637202 1.028656 3.510324
0.08593871 0.9815799 3.247887
0.06351802 0.9739786 3.241926
0.06778527 1.016576 3.256194
0.0816331 1.009383 3.235825
74
0.06569821 0.4644071 3.474423
0.06488443 0.7882753 3.498187
0.06320222 1.108023 3.511343
0.07387646 1.245845 3.504746
-0.1215139 0.9876307 3.469809
-0.156621 0.8086243 3.360987
0.007633129 0.9102926 3.283828
0.03916423 0.9444135 3.280338
0.2509781 0.9789131 3.47736
0.2849875 0.7940385 3.366692
0.1436248 0.9069565 3.284619
0.09013753 0.9644756 3.279258
-0.01446427 0.4712428 3.436117
-0.02558297 0.1067093 3.483464
-0.03011447 -0.2711601 3.527173
-0.03689767 -0.2797947 3.451823
0.1442649 0.4696239 3.434837
0.1660121 0.1091743 3.474097
0.161772 -0.2760507 3.53266
0.1702451 -0.2872491 3.45961
0.06370709 1.02871 3.510437
0.09007311 0.986963 3.243308
0.06177712 0.9765466 3.238359
0.06841582 1.015169 3.254914
0.08261421 1.007948 3.234011
75
0.06569821 0.4644071 3.474423
0.06488443 0.7882753 3.498187
0.06320222 1.108023 3.511343
0.07387646 1.245845 3.504746
-0.1215139 0.9876307 3.469809
-0.156621 0.8086243 3.360987
0.007633129 0.9102926 3.283828
0.03916423 0.9444135 3.280338
0.2509781 0.9789131 3.47736
0.2849875 0.7940385 3.366692
0.1436248 0.9069565 3.284619
0.09013753 0.9644756 3.279258
-0.01446427 0.4712428 3.436117
-0.02558297 0.1067093 3.483464
-0.03011447 -0.2711601 3.527173
-0.03689767 -0.2797947 3.451823
0.1442649 0.4696239 3.434837
0.1660121 0.1091743 3.474097
0.161772 -0.2760507 3.53266
0.1702451 -0.2872491 3.45961
0.06370709 1.02871 3.510437
0.09007311 0.986963 3.243308
0.06177712 0.9765466 3.238359
0.06841582 1.015169 3.254914
0.08261421 1.007948 3.234011
76
0.0657113 0.4643175 3.474446
0.06487901 0.7882969 3.498285
0.06319705 1.108072 3.511432
0.07395018 1.245891 3.50506
-0.1213286 0.9878225 3.469766
-0.1635407 0.806394 3.375872
0.007901236 0.9103746 3.286722
0.04323406 0.9441727 3.276976
0.2510266 0.9788581 3.477221
0.2851889 0.7936794 3.36744
0.1454512 0.9046679 3.281382
0.0952265 0.9582057 3.275994
-0.01443924 0.4711417 3.436123
-0.0256011 0.106697 3.483487
-0.03011472 -0.2712177 3.527155
-0.03688525 -0.2798426 3.451813
0.144275 0.469532 3.434866
0.1660945 0.1095259 3.47403
0.1620904 -0.2760614 3.532713
0.1702351 -0.2872726 3.459604
0.06370099 1.028752 3.510528
0.09264918 0.9911405 3.238125
0.06407745 0.9820428 3.233366
0.07104833 1.006464 3.2476
0.08684345 1.003092 3.231012
77
0.0657113 0.4643175 3.474446
0.06487901 0.7882969 3.498285
0.06319705 1.108072 3.511432
0.07395018 1.245891 3.50506
-0.1213286 0.9878225 3.469766
-0.1635407 0.806394 3.375872
0.007901236 0.9103746 3.286722
0.04323406 0.9441727 3.276976
0.2510266 0.9788581 3.477221
0.2851889 0.7936794 3.36744
0.1454512 0.9046679 3.281382
0.0952265 0.9582057 3.275994
-0.01443924 0.4711417 3.436123
-0.0256011 0.106697 3.483487
-0.03011472 -0.2712177 3.527155
-0.03688525 -0.2798426 3.451813
0.144275 0.469532 3.434866
0.1660945 0.1095259 3.47403
0.1620904 -0.2760614 3.532713
0.1702351 -0.2872726 3.459604
0.06370099 1.028752 3.510528
0.09264918 0.9911405 3.238125
0.06407745 0.9820428 3.233366
0.07104833 1.006464 3.2476
0.08684345 1.003092 3.231012
78
0.0657113 0.4643175 3.474446
0.06487901 0.7882969 3.498285
0.06319705 1.108072 3.511432
0.07395018 1.245891 3.50506
-0.1213286 0.9878225 3.469766
-0.1635407 0.806394 3.375872
0.007901236 0.9103746 3.286722
0.04323406 0.9441727 3.276976
0.2510266 0.9788581 3.477221
0.2851889 0.7936794 3.36744
0.1454512 0.9046679 3.281382
0.0952265 0.9582057 3.275994
-0.01443924 0.4711417 3.436123
-0.0256011 0.106697 3.483487
-0.03011472 -0.2712177 3.527155
-0.03688525 -0.2798426 3.451813
0.144275 0.469532 3.434866
0.1660945 0.1095259 3.47403
0.1620904 -0.2760614 3.532713
0.1702351 -0.2872726 3.459604
0.06370099 1.028752 3.510528
0.09264918 0.9911405 3.238125
0.06407745 0.9820428 3.233366
0.07104833 1.006464 3.2476
0.08684345 1.003092 3.231012
79
0.06572496 0.4642315 3.474462
0.06487586 0.7883134 3.498369
0.06319636 1.108112 3.511503
0.07401174 1.245925 3.505313
-0.1211648 0.987988 3.469727
-0.1659419 0.8053846 3.380841
0.008114912 0.9102964 3.288892
0.04899685 0.9425445 3.27092
0.2510773 0.9788061 3.477111
0.2872974 0.7928889 3.370005
0.1503116 0.8994616 3.279031
0.0985616 0.9527826 3.270402
-0.01441568 0.4710487 3.436112
-0.02561328 0.1066829 3.483515
-0.03011428 -0.271273 3.527147
-0.03687208 -0.2798903 3.451805
0.1442868 0.4694428 3.434891
0.1661653 0.1098243 3.47399
0.1624734 -0.2760794 3.532755
0.1702253 -0.2872937 3.459598
0.06369901 1.028786 3.510604
0.09560503 0.9900835 3.232019
0.06804418 0.9864764 3.226116
0.07260603 1.000326 3.242151
0.09014329 0.9997872 3.226836
80
0.06572496 0.4642315 3.474462
0.06487586 0.7883134 3.498369
0.06319636 1.108112 3.511503
0.07401174 1.245925 3.505313
-0.1211648 0.987988 3.469727
-0.1659419 0.8053846 3.380841
0.008114912 0.9102964 3.288892
0.04899685 0.9425445 3.27092
0.2510773 0.9788061 3.477111
0.2872974 0.7928889 3.370005
0.1503116 0.8994616 3.279031
0.0985616 0.9527826 3.270402
-0.01441568 0.4710487 3.436112
-0.02561328 0.1066829 3.483515
-0.03011428 -0.271273 3.527147
-0.03687208 -0.2798903 3.451805
0.1442868 0.4694428 3.434891
0.1661653 0.1098243 3.47399
0.1624734 -0.2760794 3.532755
0.1702253 -0.2872937 3.459598
0.06369901 1.028786 3.510604
0.09560503 0.9900835 3.232019
0.06804418 0.9864764 3.226116
0.07260603 1.000326 3.242151
0.09014329 0.9997872 3.226836
81
0.06573512 0.4641717 3.47447
0.06487592 0.7883272 3.498445
0.06320739 1.108142 3.511565
0.07406192 1.245955 3.505487
-0.1210106 0.9881304 3.469685
-0.1674044 0.8047099 3.383713
0.0001427841 0.8704231 3.281602
0.0381387 0.9110552 3.264491
0.2511946 0.9787741 3.477078
0.2899261 0.7918602 3.373831
0.1514841 0.8958884 3.277287
0.09661675 0.935802 3.246861
-0.01439342 0.4709821 3.436092
-0.025626 0.1066708 3.483541
-0.03010993 -0.2713314 3.527118
-0.03685901 -0.2799346 3.451796
0.1442931 0.46938 3.434909
0.1662369 0.110108 3.473947
0.1626534 -0.2760866 3.532805
0.1702141 -0.2873146 3.459593
0.06370562 1.028813 3.510671
0.08194362 0.9430571 3.222234
0.02768824 0.9116789 3.227341
0.07674154 0.9859405 3.214903
0.09939643 0.9744008 3.204008
82
0.06573512 0.4641717 3.47447
0.06487592 0.7883272 3.498445
0.06320739 1.108142 3.511565
0.07406192 1.245955 3.505487
-0.1210106 0.9881304 3.469685
-0.1674044 0.8047099 3.383713
0.0001427841 0.8704231 3.281602
0.0381387 0.9110552 3.264491
0.2511946 0.9787741 3.477078
0.2899261 0.7918602 3.373831
0.1514841 0.8958884 3.277287
0.09661675 0.935802 3.246861
-0.01439342 0.4709821 3.436092
-0.025626 0.1066708 3.483541
-0.03010993 -0.2713314 3.527118
-0.03685901 -0.2799346 3.451796
0.1442931 0.46938 3.434909
0.1662369 0.110108 3.473947
0.1626534 -0.2760866 3.532805
0.1702141 -0.2873146 3.459593
0.06370562 1.028813 3.510671
0.08194362 0.9430571 3.222234
0.02768824 0.9116789 3.227341
0.07674154 0.9859405 3.214903
0.09939643 0.9744008 3.204008
83
0.065742 0.4641218 3.474477
0.06488013 0.7883375 3.498514
0.06325799 1.108157 3.511628
0.074105 1.245979 3.505616
-0.120874 0.988247 3.469646
-0.1683332 0.8041152 3.385634
-0.003378705 0.8481691 3.276846
0.03887056 0.8860396 3.250882
0.2514966 0.9786994 3.477212
0.2980631 0.7882037 3.387502
0.1485435 0.8725721 3.264624
0.0946044 0.9100268 3.222016
-0.01437497 0.4709288 3.436071
-0.02563507 0.1066591 3.48357
-0.03011132 -0.2713884 3.52709
-0.0368462 -0.279977 3.451789
0.1442938 0.469324 3.434927
0.1662915 0.1103292 3.473928
0.1627426 -0.275863 3.53281
0.1702492 -0.2870934 3.459606
0.06373505 1.028829 3.510739
0.09659484 0.9074724 3.196774
0.04382182 0.8960219 3.196843
0.07743271 0.9510259 3.190836
0.104582 0.9564645 3.187964
84
0.06575748 0.4641097 3.474476
0.06490334 0.7883602 3.498577
0.06336752 1.108159 3.511676
0.07415099 1.246094 3.505706
-0.1207436 0.9883428 3.46962
-0.1689438 0.8035037 3.386892
0.01374349 0.8312228 3.266862
0.06307043 0.8509809 3.217559
0.2520162 0.9785858 3.477592
0.3038318 0.7673106 3.396885
0.1168092 0.844198 3.258858
0.09486405 0.8663317 3.204724
-0.0143107 0.4709611 3.435993
-0.02563348 0.1066486 3.483602
-0.03011639 -0.271444 3.527054
-0.03683557 -0.2800151 3.451781
0.1442976 0.4693006 3.434942
0.1663343 0.1105061 3.473924
0.1628149 -0.2757041 3.532797
0.1702691 -0.286928 3.459613
0.06380371 1.028844 3.510796
0.1177318 0.8549626 3.169778
0.04158272 0.8375108 3.181315
0.0758111 0.8972681 3.170862
0.1092388 0.9003143 3.160542
85
0.06575748 0.4641097 3.474476
0.06490334 0.7883602 3.498577
0.06336752 1.108159 3.511676
0.07415099 1.246094 3.505706
-0.1207436 0.9883428 3.46962
-0.1689438 0.8035037 3.386892
0.01374349 0.8312228 3.266862
0.06307043 0.8509809 3.217559
0.2520162 0.9785858 3.477592
0.3038318 0.7673106 3.396885
0.1168092 0.844198 3.258858
0.09486405 0.8663317 3.204724
-0.0143107 0.4709611 3.435993
-0.02563348 0.1066486 3.483602
-0.03011639 -0.271444 3.527054
-0.03683557 -0.2800151 3.451781
0.1442976 0.4693006 3.434942
0.1663343 0.1105061 3.473924
0.1628149 -0.2757041 3.532797
0.1702691 -0.286928 3.459613
0.06380371 1.028844 3.510796
0.1177318 0.8549626 3.169778
0.04158272 0.8375108 3.181315
0.0758111 0.8972681 3.170862
0.1092388 0.9003143 3.160542
86
0.06578521 0.4641365 3.474476
0.06493692 0.7884034 3.498646
0.06347887 1.108166 3.511719
0.07419495 1.24622 3.505769
-0.1206294 0.9884203 3.469597
-0.1694546 0.8014016 3.388714
0.00791956 0.7745867 3.268509
0.04931364 0.7844204 3.207582
0.2527058 0.9784852 3.478203
0.3100308 0.7394702 3.415302
0.1335272 0.7847331 3.249956
0.1019648 0.8039161 3.177609
-0.01421665 0.4710688 3.435909
-0.02562143 0.1066491 3.483639
-0.03012429 -0.2714992 3.527018
-0.03682572 -0.2800511 3.451772
0.1443031 0.4692985 3.434964
0.1663724 0.1106698 3.473928
0.162879 -0.2756021 3.532785
0.1702777 -0.2868179 3.459616
0.06387766 1.028864 3.51085
0.1319873 0.7915107 3.152086
0.04533776 0.7836836 3.157847
0.06769254 0.8186034 3.151981
0.1310145 0.8118638 3.137025
87
0.06578521 0.4641365 3.474476
0.06493692 0.7884034 3.498646
0.06347887 1.108166 3.511719
0.07419495 1.24622 3.505769
-0.1206294 0.9884203 3.469597
-0.1694546 0.8014016 3.388714
0.00791956 0.7745867 3.268509
0.04931364 0.7844204 3.207582
0.2527058 0.9784852 3.478203
0.3100308 0.7394702 3.415302
0.1335272 0.7847331 3.249956
0.1019648 0.8039161 3.177609
-0.01421665 0.4710688 3.435909
-0.02562143 0.1066491 3.483639
-0.03012429 -0.2714992 3.527018
-0.03682572 -0.2800511 3.451772
0.1443031 0.4692985 3.434964
0.1663724 0.1106698 3.473928
0.162879 -0.2756021 3.532785
0.1702777 -0.2868179 3.459616
0.06387766 1.028864 3.51085
0.1319873 0.7915107 3.152086
0.04533776 0.7836836 3.157847
0.06769254 0.8186034 3.151981
0.1310145 0.8118638 3.137025
88
0.06583423 0.4642078 3.474472
0.06497979 0.7884591 3.498711
0.06359079 1.108173 3.51175
0.07422946 1.246421 3.50581
-0.1205311 0.9884819 3.46958
-0.1702678 0.7968983 3.393543
0.002962082 0.712448 3.255196
0.04347713 0.713562 3.190799
0.2535109 0.9783538 3.479007
0.3106699 0.728789 3.421913
0.1310251 0.7169752 3.240511
0.08690578 0.7282156 3.172979
-0.01410098 0.4712339 3.435802
-0.0256023 0.1066513 3.483681
-0.03013373 -0.2715595 3.526987
-0.0368155 -0.280093 3.451761
0.1443271 0.4693318 3.434997
0.1664058 0.1108152 3.473943
0.163022 -0.275297 3.532718
0.1703128 -0.2864896 3.459611
0.06395482 1.028886 3.510895
0.09981976 0.7231461 3.144618
0.04921699 0.7244229 3.13163
0.05109905 0.726584 3.142006
0.1278301 0.7322395 3.136574
89
0.06583423 0.4642078 3.474472
0.06497979 0.7884591 3.498711
0.06359079 1.108173 3.51175
0.07422946 1.246421 3.50581
-0.1205311 0.9884819 3.46958
-0.1702678 0.7968983 3.393543
0.002962082 0.712448 3.255196
0.04347713 0.713562 3.190799
0.2535109 0.9783538 3.479007
0.3106699 0.728789 3.421913
0.1310251 0.7169752 3.240511
0.08690578 0.7282156 3.172979
-0.01410098 0.4712339 3.435802
-0.0256023 0.1066513 3.483681
-0.03013373 -0.2715595 3.526987
-0.0368155 -0.280093 3.451761
0.1443271 0.4693318 3.434997
0.1664058 0.1108152 3.473943
0.163022 -0.275297 3.532718
0.1703128 -0.2864896 3.459611
0.06395482 1.028886 3.510895
0.09981976 0.7231461 3.144618
0.04921699 0.7244229 3.13163
0.05109905 0.726584 3.142006
0.1278301 0.7322395 3.136574
90
0.06583423 0.4642078 3.474472
0.06497979 0.7884591 3.498711
0.06359079 1.108173 3.51175
0.07422946 1.246421 3.50581
-0.1205311 0.9884819 3.46958
-0.1702678 0.7968983 3.393543
0.002962082 0.712448 3.255196
0.04347713 0.713562 3.190799
0.2535109 0.9783538 3.479007
0.3106699 0.728789 3.421913
0.1310251 0.7169752 3.240511
0.08690578 0.7282156 3.172979
-0.01410098 0.4712339 3.435802
-0.0256023 0.1066513 3.483681
-0.03013373 -0.2715595 3.526987
-0.0368155 -0.280093 3.451761
0.1443271 0.4693318 3.434997
0.1664058 0.1108152 3.473943
0.163022 -0.275297 3.532718
0.1703128 -0.2864896 3.459611
0.06395482 1.028886 3.510895
0.09981976 0.7231461 3.144618
0.04921699 0.7244229 3.13163
0.05109905 0.726584 3.142006
0.1278301 0.7322395 3.136574
91
0.06587481 0.4642787 3.474467
0.06502329 0.788515 3.498771
0.06370701 1.108178 3.511771
0.07426634 1.246627 3.505829
-0.1204535 0.9885246 3.46957
-0.1710835 0.7920337 3.39995
-0.02817787 0.6550195 3.259451
0.02772916 0.6308085 3.18478
0.2544076 0.977988 3.480056
0.3054939 0.7240691 3.437144
0.1292139 0.6838806 3.235739
0.05105617 0.6415106 3.17709
-0.01400697 0.4713917 3.435699
-0.02556749 0.1066543 3.483729
-0.03015133 -0.2716208 3.526951
-0.03680586 -0.2801327 3.451749
0.1443467 0.4693667 3.435029
0.1664347 0.1109421 3.473959
0.1631375 -0.2751256 3.532641
0.1703262 -0.2862884 3.459604
0.06403462 1.028907 3.510931
0.06944831 0.6282594 3.132542
0.04114198 0.6486433 3.123594
0.02708876 0.6238955 3.141572
0.08056817 0.6421993 3.134471
92
0.06587481 0.4642787 3.474467
0.06502329 0.788515 3.498771
0.06370701 1.108178 3.511771
0.07426634 1.246627 3.505829
-0.1204535 0.9885246 3.46957
-0.1710835 0.7920337 3.39995
-0.02817787 0.6550195 3.259451
0.02772916 0.6308085 3.18478
0.2544076 0.977988 3.480056
0.3054939 0.7240691 3.437144
0.1292139 0.6838806 3.235739
0.05105617 0.6415106 3.17709
-0.01400697 0.4713917 3.435699
-0.02556749 0.1066543 3.483729
-0.03015133 -0.2716208 3.526951
-0.03680586 -0.2801327 3.451749
0.1443467 0.4693667 3.435029
0.1664347 0.1109421 3.473959
0.1631375 -0.2751256 3.532641
0.1703262 -0.2862884 3.459604
0.06403462 1.028907 3.510931
0.06944831 0.6282594 3.132542
0.04114198 0.6486433 3.123594
0.02708876 0.6238955 3.141572
0.08056817 0.6421993 3.134471
93
0.06586784 0.4643026 3.474465
0.065047 0.7885466 3.498807
0.06384379 1.108169 3.511735
0.07440231 1.246884 3.505594
-0.1203968 0.9885437 3.469566
-0.1720337 0.7852279 3.408936
-0.05039493 0.5941229 3.262863
0.00899699 0.544455 3.194312
0.255242 0.9775056 3.481159
0.2997111 0.7207107 3.448293
0.2100295 0.6025611 3.287272
0.1548044 0.553093 3.22411
-0.01397896 0.4714792 3.435626
-0.02549384 0.1066514 3.483799
-0.03017437 -0.2716679 3.526912
-0.0367942 -0.2801518 3.451746
0.1442735 0.469349 3.435078
0.1664587 0.1110544 3.473979
0.1631823 -0.2750015 3.532556
0.1703379 -0.2861325 3.459596
0.06411319 1.028917 3.510936
0.02731615 0.5142835 3.133964
-0.003143777 0.5725439 3.149585
0.1550725 0.5285434 3.152682
0.1548373 0.5710911 3.185243
94
0.06586784 0.4643026 3.474465
0.065047 0.7885466 3.498807
0.06384379 1.108169 3.511735
0.07440231 1.246884 3.505594
-0.1203968 0.9885437 3.469566
-0.1720337 0.7852279 3.408936
-0.05039493 0.5941229 3.262863
0.00899699 0.544455 3.194312
0.255242 0.9775056 3.481159
0.2997111 0.7207107 3.448293
0.2100295 0.6025611 3.287272
0.1548044 0.553093 3.22411
-0.01397896 0.4714792 3.435626
-0.02549384 0.1066514 3.483799
-0.03017437 -0.2716679 3.526912
-0.0367942 -0.2801518 3.451746
0.1442735 0.469349 3.435078
0.1664587 0.1110544 3.473979
0.1631823 -0.2750015 3.532556
0.1703379 -0.2861325 3.459596
0.06411319 1.028917 3.510936
0.02731615 0.5142835 3.133964
-0.003143777 0.5725439 3.149585
0.1550725 0.5285434 3.152682
0.1548373 0.5710911 3.185243
95
0.06576707 0.4642897 3.474429
0.06505828 0.7885664 3.49883
0.06396827 1.108162 3.511691
0.07456117 1.247154 3.505341
-0.1203919 0.9881424 3.469852
-0.1712028 0.7769215 3.419355
-0.07902826 0.5393438 3.281486
-0.02992612 0.4552419 3.213512
0.2560311 0.9769934 3.482678
0.2955658 0.7185559 3.45653
0.2426997 0.524134 3.301301
0.1876059 0.4697704 3.284419
-0.01404184 0.4715182 3.43548
-0.02539896 0.1066327 3.483896
-0.03019315 -0.2717177 3.526882
-0.03678381 -0.2801716 3.45174
0.1440832 0.4692737 3.435121
0.1664779 0.1111595 3.474005
0.1630635 -0.2748606 3.532652
0.1703424 -0.2860247 3.459593
0.0641808 1.028925 3.510933
-0.02709474 0.3999167 3.173544
-0.05257657 0.4588061 3.182763
0.2024009 0.4106646 3.181239
0.2050319 0.4972643 3.221472
96
0.06576311 0.4642852 3.474193
0.06508161 0.7885979 3.498799
0.06408138 1.108161 3.511561
0.07477801 1.247417 3.504779
-0.1204027 0.9877146 3.470129
-0.1695358 0.7687972 3.426594
-0.1019425 0.5051491 3.301483
-0.07775158 0.4271805 3.269033
0.256676 0.9765735 3.48394
0.2921156 0.7164009 3.462022
0.2761447 0.4778007 3.33727
0.2425112 0.4189871 3.30841
-0.01405068 0.4715769 3.434918
-0.02529186 0.1066136 3.483974
-0.03020685 -0.2717639 3.52685
-0.03677355 -0.2801981 3.451664
0.1440706 0.4692343 3.435056
0.1664869 0.1112424 3.474027
0.1629921 -0.2747855 3.532645
0.1703457 -0.2859467 3.459582
0.06425375 1.02894 3.510858
-0.08236833 0.358818 3.241814
-0.1056224 0.4265632 3.248683
0.254089 0.3467928 3.236113
0.2587926 0.431355 3.265997
97
0.06576311 0.4642852 3.474193
0.06508161 0.7885979 3.498799
0.06408138 1.108161 3.511561
0.07477801 1.247417 3.504779
-0.1204027 0.9877146 3.470129
-0.1695358 0.7687972 3.426594
-0.1019425 0.5051491 3.301483
-0.07775158 0.4271805 3.269033
0.256676 0.9765735 3.48394
0.2921156 0.7164009 3.462022
0.2761447 0.4778007 3.33727
0.2425112 0.4189871 3.30841
-0.01405068 0.4715769 3.434918
-0.02529186 0.1066136 3.483974
-0.03020685 -0.2717639 3.52685
-0.03677355 -0.2801981 3.451664
0.1440706 0.4692343 3.435056
0.1664869 0.1112424 3.474027
0.1629921 -0.2747855 3.532645
0.1703457 -0.2859467 3.459582
0.06425375 1.02894 3.510858
-0.08236833 0.358818 3.241814
-0.1056224 0.4265632 3.248683
0.254089 0.3467928 3.236113
0.2587926 0.431355 3.265997
98
0.06576311 0.4642852 3.474193
0.06508161 0.7885979 3.498799
0.06408138 1.108161 3.511561
0.07477801 1.247417 3.504779
-0.1204027 0.9877146 3.470129
-0.1695358 0.7687972 3.426594
-0.1019425 0.5051491 3.301483
-0.07775158 0.4271805 3.269033
0.256676 0.9765735 3.48394
0.2921156 0.7164009 3.462022
0.2761447 0.4778007 3.33727
0.2425112 0.4189871 3.30841
-0.01405068 0.4715769 3.434918
-0.02529186 0.1066136 3.483974
-0.03020685 -0.2717639 3.52685
-0.03677355 -0.2801981 3.451664
0.1440706 0.4692343 3.435056
0.1664869 0.1112424 3.474027
0.1629921 -0.2747855 3.532645
0.1703457 -0.2859467 3.459582
0.06425375 1.02894 3.510858
-0.08236833 0.358818 3.241814
-0.1056224 0.4265632 3.248683
0.254089 0.3467928 3.236113
0.2587926 0.431355 3.265997
99
0.06588294 0.4642876 3.47391
0.06514692 0.7886395 3.49873
0.06421237 1.108166 3.511392
0.07499836 1.247674 3.504204
-0.1204234 0.9872978 3.470383
-0.1660325 0.7557835 3.433669
-0.1268394 0.4740587 3.337617
-0.11089 0.3960255 3.328002
0.2571685 0.9762142 3.485018
0.2893524 0.7151333 3.466115
0.2952465 0.4657188 3.379078
0.2724605 0.3998455 3.36033
-0.01394177 0.4716307 3.434302
-0.02520493 0.1065547 3.48405
-0.03023061 -0.2718206 3.526826
-0.03677288 -0.2802361 3.451617
0.1442031 0.4692 3.434956
0.1664947 0.1113131 3.474053
0.1629172 -0.2747321 3.53265
0.1703448 -0.2858924 3.459578
0.06435452 1.028962 3.510742
-0.1210583 0.3282952 3.317527
-0.149394 0.3927803 3.318613
0.2806347 0.330012 3.322421
0.2908607 0.4112216 3.324733
100
0.06588294 0.4642876 3.47391
0.06514692 0.7886395 3.49873
0.06421237 1.108166 3.511392
0.07499836 1.247674 3.504204
-0.1204234 0.9872978 3.470383
-0.1660325 0.7557835 3.433669
-0.1268394 0.4740587 3.337617
-0.11089 0.3960255 3.328002
0.2571685 0.9762142 3.485018
0.2893524 0.7151333 3.466115
0.2952465 0.4657188 3.379078
0.2724605 0.3998455 3.36033
-0.01394177 0.4716307 3.434302
-0.02520493 0.1065547 3.48405
-0.03023061 -0.2718206 3.526826
-0.03677288 -0.2802361 3.451617
0.1442031 0.4692 3.434956
0.1664947 0.1113131 3.474053
0.1629172 -0.2747321 3.53265
0.1703448 -0.2858924 3.459578
0.06435452 1.028962 3.510742
-0.1210583 0.3282952 3.317527
-0.149394 0.3927803 3.318613
0.2806347 0.330012 3.322421
0.2908607 0.4112216 3.324733
101
0.06598046 0.4642841 3.473685
0.06521301 0.7886794 3.498648
0.06435522 1.108174 3.511078
0.07522597 1.247964 3.503548
-0.120452 0.986893 3.470608
-0.163267 0.7438222 3.438797
-0.1538072 0.4538527 3.378301
-0.1467965 0.3746777 3.386327
0.2575364 0.9759342 3.485893
0.2873058 0.7145016 3.469456
0.3082387 0.4434118 3.412452
0.2927632 0.3739818 3.407135
-0.01386478 0.4716701 3.433799
-0.02512459 0.1064929 3.484118
-0.03025463 -0.2718655 3.526804
-0.03677593 -0.280265 3.45157
0.1443213 0.4691637 3.434886
0.1665004 0.1113739 3.474078
0.1628303 -0.2746941 3.532656
0.1703445 -0.2858542 3.459574
0.06446474 1.028986 3.510542
-0.1554659 0.2996759 3.397512
-0.1866774 0.3805325 3.386803
0.3010336 0.2929336 3.396844
0.3178008 0.3757611 3.383033
102
0.06598046 0.4642841 3.473685
0.06521301 0.7886794 3.498648
0.06435522 1.108174 3.511078
0.07522597 1.247964 3.503548
-0.120452 0.986893 3.470608
-0.163267 0.7438222 3.438797
-0.1538072 0.4538527 3.378301
-0.1467965 0.3746777 3.386327
0.2575364 0.9759342 3.485893
0.2873058 0.7145016 3.469456
0.3082387 0.4434118 3.412452
0.2927632 0.3739818 3.407135
-0.01386478 0.4716701 3.433799
-0.02512459 0.1064929 3.484118
-0.03025463 -0.2718655 3.526804
-0.03677593 -0.280265 3.45157
0.1443213 0.4691637 3.434886
0.1665004 0.1113739 3.474078
0.1628303 -0.2746941 3.532656
0.1703445 -0.2858542 3.459574
0.06446474 1.028986 3.510542
-0.1554659 0.2996759 3.397512
-0.1866774 0.3805325 3.386803
0.3010336 0.2929336 3.396844
0.3178008 0.3757611 3.383033
103
0.06601784 0.4642744 3.473587
0.06527277 0.7887183 3.498566
0.06449291 1.108221 3.510683
0.07547018 1.248275 3.5029
-0.1205078 0.9865246 3.470805
-0.162343 0.7361121 3.442678
-0.1704518 0.4597435 3.408884
-0.1588048 0.4103988 3.420127
0.2578324 0.9756994 3.486663
0.2856091 0.7143794 3.472533
0.3203712 0.4343987 3.447242
0.3081966 0.3719844 3.449318
-0.013843 0.4716895 3.433523
-0.02504573 0.1064239 3.484183
-0.0302845 -0.2719052 3.526787
-0.03677871 -0.280289 3.451539
0.1443872 0.4691179 3.434885
0.1664934 0.1114176 3.474119
0.1627204 -0.2746665 3.532664
0.1703431 -0.285825 3.459569
0.06457125 1.02903 3.5103
-0.1453429 0.3391154 3.42635
-0.199163 0.4019036 3.423641
0.3119945 0.2969563 3.449274
0.337843 0.3823378 3.432185
104
0.06601784 0.4642744 3.473587
0.06527277 0.7887183 3.498566
0.06449291 1.108221 3.510683
0.07547018 1.248275 3.5029
-0.1205078 0.9865246 3.470805
-0.162343 0.7361121 3.442678
-0.1704518 0.4597435 3.408884
-0.1588048 0.4103988 3.420127
0.2578324 0.9756994 3.486663
0.2856091 0.7143794 3.472533
0.3203712 0.4343987 3.447242
0.3081966 0.3719844 3.449318
-0.013843 0.4716895 3.433523
-0.02504573 0.1064239 3.484183
-0.0302845 -0.2719052 3.526787
-0.03677871 -0.280289 3.451539
0.1443872 0.4691179 3.434885
0.1664934 0.1114176 3.474119
0.1627204 -0.2746665 3.532664
0.1703431 -0.285825 3.459569
0.06457125 1.02903 3.5103
-0.1453429 0.3391154 3.42635
-0.199163 0.4019036 3.423641
0.3119945 0.2969563 3.449274
0.337843 0.3823378 3.432185
105
0.06603962 0.4642695 3.473524
0.06532919 0.7887588 3.498482
0.06464805 1.108323 3.510164
0.07569945 1.248603 3.502221
-0.1206182 0.9861566 3.470985
-0.1625297 0.7307688 3.446846
-0.1811753 0.4655758 3.430529
-0.1726051 0.4224582 3.449502
0.2580566 0.9755396 3.487307
0.2845157 0.7152587 3.477498
0.3242546 0.4369889 3.472474
0.3136762 0.3778178 3.48052
-0.01383752 0.4717051 3.433343
-0.02496218 0.1063499 3.484246
-0.03031857 -0.271945 3.52677
-0.0367815 -0.2803131 3.451514
0.1444396 0.4690762 3.434904
0.1664825 0.1114344 3.474184
0.1626063 -0.2746558 3.532661
0.1703425 -0.2858044 3.459566
0.06468844 1.029107 3.509985
-0.1588017 0.3424901 3.459866
-0.2108536 0.4309585 3.442636
0.3078235 0.3066633 3.488681
0.3466143 0.3713551 3.466875
106
0.06603962 0.4642695 3.473524
0.06532919 0.7887588 3.498482
0.06464805 1.108323 3.510164
0.07569945 1.248603 3.502221
-0.1206182 0.9861566 3.470985
-0.1625297 0.7307688 3.446846
-0.1811753 0.4655758 3.430529
-0.1726051 0.4224582 3.449502
0.2580566 0.9755396 3.487307
0.2845157 0.7152587 3.477498
0.3242546 0.4369889 3.472474
0.3136762 0.3778178 3.48052
-0.01383752 0.4717051 3.433343
-0.02496218 0.1063499 3.484246
-0.03031857 -0.271945 3.52677
-0.0367815 -0.2803131 3.451514
0.1444396 0.4690762 3.434904
0.1664825 0.1114344 3.474184
0.1626063 -0.2746558 3.532661
0.1703425 -0.2858044 3.459566
0.06468844 1.029107 3.509985
-0.1588017 0.3424901 3.459866
-0.2108536 0.4309585 3.442636
0.3078235 0.3066633 3.488681
0.3466143 0.3713551 3.466875
107
0.06604423 0.4642594 3.473507
0.06537913 0.7887986 3.498401
0.06480791 1.108473 3.509501
0.07594048 1.248966 3.501384
-0.1207862 0.9858023 3.471131
-0.1638962 0.7271067 3.453113
-0.1870179 0.4745954 3.445094
-0.1828301 0.4246546 3.46981
0.2582498 0.9754216 3.487853
0.2847475 0.7168415 3.483801
0.3252293 0.4433734 3.488254
0.3174926 0.3862632 3.500931
-0.01384744 0.4717172 3.433235
-0.02489277 0.1062667 3.48429
-0.03038026 -0.2719806 3.526752
-0.03678443 -0.2803364 3.451493
0.1444739 0.4690156 3.435023
0.166472 0.1114197 3.474279
0.1624939 -0.2746687 3.532655
0.1703393 -0.2857999 3.459571
0.06480617 1.029211 3.509596
-0.1604951 0.3507531 3.479759
-0.2196782 0.4301298 3.463998
0.2968624 0.3161206 3.499243
0.3544283 0.3673489 3.494881
108
0.06604423 0.4642594 3.473507
0.06537913 0.7887986 3.498401
0.06480791 1.108473 3.509501
0.07594048 1.248966 3.501384
-0.1207862 0.9858023 3.471131
-0.1638962 0.7271067 3.453113
-0.1870179 0.4745954 3.445094
-0.1828301 0.4246546 3.46981
0.2582498 0.9754216 3.487853
0.2847475 0.7168415 3.483801
0.3252293 0.4433734 3.488254
0.3174926 0.3862632 3.500931
-0.01384744 0.4717172 3.433235
-0.02489277 0.1062667 3.48429
-0.03038026 -0.2719806 3.526752
-0.03678443 -0.2803364 3.451493
0.1444739 0.4690156 3.435023
0.166472 0.1114197 3.474279
0.1624939 -0.2746687 3.532655
0.1703393 -0.2857999 3.459571
0.06480617 1.029211 3.509596
-0.1604951 0.3507531 3.479759
-0.2196782 0.4301298 3.463998
0.2968624 0.3161206 3.499243
0.3544283 0.3673489 3.494881
109
0.0660297 0.4642462 3.47354
0.06542157 0.7888423 3.498315
0.06494654 1.108725 3.508507
0.07619345 1.249327 3.50042
-0.1209478 0.9854853 3.471249
-0.165125 0.7251189 3.458275
-0.1896305 0.4817948 3.453011
-0.1844946 0.4292906 3.476569
0.2584082 0.9753495 3.488298
0.2860292 0.7191453 3.492156
0.3245517 0.4524233 3.49804
0.3179863 0.3959751 3.512095
-0.01388401 0.4717284 3.433185
-0.02483063 0.1062042 3.48431
-0.03041088 -0.2720108 3.526734
-0.03678779 -0.2803585 3.451474
0.1444919 0.468953 3.435192
0.1664631 0.1113635 3.474393
0.1624372 -0.2746933 3.532645
0.1703349 -0.285801 3.459575
0.06491209 1.029382 3.509005
-0.162946 0.3573169 3.490256
-0.2211175 0.4361874 3.471441
0.2985263 0.3321341 3.519413
0.3482151 0.3951016 3.502398
110
0.0660297 0.4642462 3.47354
0.06542157 0.7888423 3.498315
0.06494654 1.108725 3.508507
0.07619345 1.249327 3.50042
-0.1209478 0.9854853 3.471249
-0.165125 0.7251189 3.458275
-0.1896305 0.4817948 3.453011
-0.1844946 0.4292906 3.476569
0.2584082 0.9753495 3.488298
0.2860292 0.7191453 3.492156
0.3245517 0.4524233 3.49804
0.3179863 0.3959751 3.512095
-0.01388401 0.4717284 3.433185
-0.02483063 0.1062042 3.48431
-0.03041088 -0.2720108 3.526734
-0.03678779 -0.2803585 3.451474
0.1444919 0.468953 3.435192
0.1664631 0.1113635 3.474393
0.1624372 -0.2746933 3.532645
0.1703349 -0.285801 3.459575
0.06491209 1.029382 3.509005
-0.162946 0.3573169 3.490256
-0.2211175 0.4361874 3.471441
0.2985263 0.3321341 3.519413
0.3482151 0.3951016 3.502398
111
0.06595549 0.4642206 3.473747
0.06545237 0.7888827 3.498241
0.06504702 1.108968 3.507543
0.07647879 1.249654 3.499399
-0.1211656 0.9851474 3.471388
-0.1668502 0.7245044 3.464343
-0.1906591 0.4864851 3.458307
-0.1849753 0.4327192 3.479569
0.2585545 0.9753029 3.48873
0.2878391 0.7214151 3.500439
0.3231274 0.460122 3.504062
0.3166963 0.4022271 3.516826
-0.01400402 0.471736 3.433321
-0.02476645 0.1061394 3.484322
-0.03047649 -0.2720354 3.526724
-0.03678847 -0.2803772 3.451475
0.1444671 0.4688705 3.435545
0.1664521 0.111301 3.47451
0.1623063 -0.2747258 3.532634
0.1703292 -0.2858119 3.45958
0.06499383 1.029552 3.508417
-0.1641161 0.3634751 3.492996
-0.2180364 0.4376108 3.471821
0.2990395 0.337737 3.531281
0.3480002 0.3954934 3.515259
112
0.06595549 0.4642206 3.473747
0.06545237 0.7888827 3.498241
0.06504702 1.108968 3.507543
0.07647879 1.249654 3.499399
-0.1211656 0.9851474 3.471388
-0.1668502 0.7245044 3.464343
-0.1906591 0.4864851 3.458307
-0.1849753 0.4327192 3.479569
0.2585545 0.9753029 3.48873
0.2878391 0.7214151 3.500439
0.3231274 0.460122 3.504062
0.3166963 0.4022271 3.516826
-0.01400402 0.471736 3.433321
-0.02476645 0.1061394 3.484322
-0.03047649 -0.2720354 3.526724
-0.03678847 -0.2803772 3.451475
0.1444671 0.4688705 3.435545
0.1664521 0.111301 3.47451
0.1623063 -0.2747258 3.532634
0.1703292 -0.2858119 3.45958
0.06499383 1.029552 3.508417
-0.1641161 0.3634751 3.492996
-0.2180364 0.4376108 3.471821
0.2990395 0.337737 3.531281
0.3480002 0.3954934 3.515259
113
0.06584308 0.4642073 3.47415
0.06547787 0.7889202 3.498174
0.0651294 1.10917 3.506589
0.07672103 1.249926 3.498525
-0.1214767 0.984832 3.471617
-0.168413 0.724842 3.470037
-0.1900047 0.4905596 3.460455
-0.1821492 0.4346299 3.475588
0.2586817 0.9752885 3.489149
0.289472 0.7234019 3.507697
0.3212876 0.4667597 3.50749
0.3119102 0.4079531 3.514814
-0.01417912 0.4717627 3.433668
-0.02469523 0.1060621 3.484337
-0.03051957 -0.2720524 3.526726
-0.03677312 -0.2803874 3.451518
0.144419 0.468797 3.436086
0.1664305 0.111215 3.474661
0.1621661 -0.2747765 3.532613
0.1703252 -0.2858307 3.459587
0.0650632 1.029704 3.507828
-0.1650874 0.366154 3.487537
-0.2160621 0.4397913 3.471309
0.2985504 0.3417708 3.533643
0.3417868 0.4284326 3.506356
114
0.06573136 0.4641976 3.474625
0.06550057 0.7889536 3.498113
0.06522303 1.109299 3.505662
0.07690496 1.250109 3.497683
-0.1217844 0.9845513 3.47184
-0.1693236 0.7253414 3.474102
-0.1880725 0.4939415 3.460021
-0.1751588 0.4332937 3.461664
0.2587841 0.975287 3.489508
0.2906273 0.7247683 3.512673
0.3193204 0.4719502 3.508354
0.3053823 0.4114616 3.505053
-0.01436129 0.471794 3.434129
-0.02462878 0.1059875 3.484349
-0.03056762 -0.2720679 3.526743
-0.03675561 -0.2804003 3.451573
0.144375 0.4687306 3.436655
0.1664053 0.1111213 3.474819
0.1620196 -0.2748414 3.532587
0.1703186 -0.2858611 3.45959
0.0651398 1.029815 3.507237
-0.1622924 0.3629145 3.462823
-0.2047646 0.4346173 3.457777
0.2957066 0.3392519 3.521
0.3328438 0.4342212 3.496893
115
0.06573136 0.4641976 3.474625
0.06550057 0.7889536 3.498113
0.06522303 1.109299 3.505662
0.07690496 1.250109 3.497683
-0.1217844 0.9845513 3.47184
-0.1693236 0.7253414 3.474102
-0.1880725 0.4939415 3.460021
-0.1751588 0.4332937 3.461664
0.2587841 0.975287 3.489508
0.2906273 0.7247683 3.512673
0.3193204 0.4719502 3.508354
0.3053823 0.4114616 3.505053
-0.01436129 0.471794 3.434129
-0.02462878 0.1059875 3.484349
-0.03056762 -0.2720679 3.526743
-0.03675561 -0.2804003 3.451573
0.144375 0.4687306 3.436655
0.1664053 0.1111213 3.474819
0.1620196 -0.2748414 3.532587
0.1703186 -0.2858611 3.45959
0.0651398 1.029815 3.507237
-0.1622924 0.3629145 3.462823
-0.2047646 0.4346173 3.457777
0.2957066 0.3392519 3.521
0.3328438 0.4342212 3.496893
116
0.06556489 0.4641869 3.47522
0.0655198 0.7889838 3.498056
0.06534399 1.109387 3.504728
0.07702144 1.250255 3.496978
-0.1220651 0.9843095 3.472022
-0.1698476 0.7257524 3.476694
-0.1849105 0.4966935 3.457435
-0.1714766 0.4325396 3.453966
0.258868 0.9752962 3.489826
0.2913602 0.7256484 3.515871
0.3165228 0.477706 3.506713
0.2979627 0.4150866 3.492308
-0.01461272 0.4718321 3.434764
-0.0245788 0.1059207 3.484355
-0.03060592 -0.2720784 3.526762
-0.03673917 -0.2804098 3.451626
0.1442846 0.4686612 3.437288
0.1663864 0.1110473 3.474956
0.1618863 -0.2748922 3.532563
0.1703143 -0.2858825 3.459592
0.06522798 1.029903 3.506631
-0.158253 0.3607959 3.445231
-0.1896617 0.4020307 3.44151
0.2896717 0.3415746 3.493943
0.3216256 0.4352559 3.482725
117
0.06556489 0.4641869 3.47522
0.0655198 0.7889838 3.498056
0.06534399 1.109387 3.504728
0.07702144 1.250255 3.496978
-0.1220651 0.9843095 3.472022
-0.1698476 0.7257524 3.476694
-0.1849105 0.4966935 3.457435
-0.1714766 0.4325396 3.453966
0.258868 0.9752962 3.489826
0.2913602 0.7256484 3.515871
0.3165228 0.477706 3.506713
0.2979627 0.4150866 3.492308
-0.01461272 0.4718321 3.434764
-0.0245788 0.1059207 3.484355
-0.03060592 -0.2720784 3.526762
-0.03673917 -0.2804098 3.451626
0.1442846 0.4686612 3.437288
0.1663864 0.1110473 3.474956
0.1618863 -0.2748922 3.532563
0.1703143 -0.2858825 3.459592
0.06522798 1.029903 3.506631
-0.158253 0.3607959 3.445231
-0.1896617 0.4020307 3.44151
0.2896717 0.3415746 3.493943
0.3216256 0.4352559 3.482725
118
0.06556489 0.4641869 3.47522
0.0655198 0.7889838 3.498056
0.06534399 1.109387 3.504728
0.07702144 1.250255 3.496978
-0.1220651 0.9843095 3.472022
-0.1698476 0.7257524 3.476694
-0.1849105 0.4966935 3.457435
-0.1714766 0.4325396 3.453966
0.258868 0.9752962 3.489826
0.2913602 0.7256484 3.515871
0.3165228 0.477706 3.506713
0.2979627 0.4150866 3.492308
-0.01461272 0.4718321 3.434764
-0.0245788 0.1059207 3.484355
-0.03060592 -0.2720784 3.526762
-0.03673917 -0.2804098 3.451626
0.1442846 0.4686612 3.437288
0.1663864 0.1110473 3.474956
0.1618863 -0.2748922 3.532563
0.1703143 -0.2858825 3.459592
0.06522798 1.029903 3.506631
-0.158253 0.3607959 3.445231
-0.1896617 0.4020307 3.44151
0.2896717 0.3415746 3.493943
0.3216256 0.4352559 3.482725
119
0.06536384 0.4641917 3.475877
0.06553429 0.7890108 3.498008
0.06545073 1.109448 3.50393
0.07709193 1.250402 3.496113
-0.1223728 0.9840869 3.472249
-0.1702275 0.7261312 3.478436
-0.179191 0.4990001 3.451696
-0.1671565 0.4319147 3.445731
0.2589333 0.9753083 3.490108
0.2917683 0.7262158 3.518004
0.3128553 0.4837002 3.503168
0.2898974 0.4236501 3.476577
-0.01490877 0.4718928 3.435502
-0.02453542 0.1058618 3.484356
-0.0306496 -0.272085 3.526781
-0.03672956 -0.2804185 3.451664
0.1441672 0.4686057 3.437936
0.1663715 0.1110002 3.475056
0.1617278 -0.2749223 3.532542
0.1703131 -0.2858914 3.459597
0.06530639 1.029972 3.506092
-0.1544099 0.3595492 3.434443
-0.182603 0.4014892 3.43294
0.2841954 0.3465995 3.475092
0.3117774 0.4429528 3.466115
120
0.06536384 0.4641917 3.475877
0.06553429 0.7890108 3.498008
0.06545073 1.109448 3.50393
0.07709193 1.250402 3.496113
-0.1223728 0.9840869 3.472249
-0.1702275 0.7261312 3.478436
-0.179191 0.4990001 3.451696
-0.1671565 0.4319147 3.445731
0.2589333 0.9753083 3.490108
0.2917683 0.7262158 3.518004
0.3128553 0.4837002 3.503168
0.2898974 0.4236501 3.476577
-0.01490877 0.4718928 3.435502
-0.02453542 0.1058618 3.484356
-0.0306496 -0.272085 3.526781
-0.03672956 -0.2804185 3.451664
0.1441672 0.4686057 3.437936
0.1663715 0.1110002 3.475056
0.1617278 -0.2749223 3.532542
0.1703131 -0.2858914 3.459597
0.06530639 1.029972 3.506092
-0.1544099 0.3595492 3.434443
-0.182603 0.4014892 3.43294
0.2841954 0.3465995 3.475092
0.3117774 0.4429528 3.466115
121
0.06516675 0.4642123 3.476542
0.06554683 0.7890349 3.49797
0.06555271 1.109488 3.503266
0.07713471 1.250525 3.495401
-0.1226809 0.983888 3.472482
-0.1705553 0.7265356 3.479585
-0.1720667 0.5012049 3.443644
-0.1616677 0.431478 3.435839
0.258982 0.9753296 3.490363
0.2920347 0.7265995 3.519465
0.3081087 0.4907578 3.496318
0.2854248 0.4275392 3.468708
-0.01519603 0.471971 3.436265
-0.02449351 0.1057993 3.484354
-0.03069496 -0.2720917 3.526802
-0.03672061 -0.2804287 3.451701
0.1440506 0.4685673 3.438561
0.1663597 0.110969 3.475132
0.1614061 -0.274933 3.532544
0.1703119 -0.2858993 3.459602
0.06538174 1.030026 3.505627
-0.147748 0.3589568 3.420324
-0.1743707 0.4054545 3.419456
0.2787012 0.354174 3.459405
0.2953851 0.418117 3.44572
122
0.06516675 0.4642123 3.476542
0.06554683 0.7890349 3.49797
0.06555271 1.109488 3.503266
0.07713471 1.250525 3.495401
-0.1226809 0.983888 3.472482
-0.1705553 0.7265356 3.479585
-0.1720667 0.5012049 3.443644
-0.1616677 0.431478 3.435839
0.258982 0.9753296 3.490363
0.2920347 0.7265995 3.519465
0.3081087 0.4907578 3.496318
0.2854248 0.4275392 3.468708
-0.01519603 0.471971 3.436265
-0.02449351 0.1057993 3.484354
-0.03069496 -0.2720917 3.526802
-0.03672061 -0.2804287 3.451701
0.1440506 0.4685673 3.438561
0.1663597 0.110969 3.475132
0.1614061 -0.274933 3.532544
0.1703119 -0.2858993 3.459602
0.06538174 1.030026 3.505627
-0.147748 0.3589568 3.420324
-0.1743707 0.4054545 3.419456
0.2787012 0.354174 3.459405
0.2953851 0.418117 3.44572
123
0.06501865 0.4642575 3.47718
0.06556153 0.7890583 3.497941
0.06565219 1.109513 3.502737
0.07714382 1.250629 3.4948
-0.123028 0.9837244 3.472793
-0.1707919 0.7270026 3.480287
-0.1673104 0.5023052 3.437853
-0.1578758 0.4310186 3.428588
0.2590051 0.9753557 3.4906
0.2920699 0.7268468 3.52033
0.3032762 0.4969282 3.488181
0.281691 0.4311025 3.462269
-0.01541985 0.4720584 3.436978
-0.02447282 0.1057583 3.484354
-0.03074077 -0.2720982 3.526823
-0.0367124 -0.2804385 3.451735
0.143973 0.4685679 3.439169
0.1663419 0.1109445 3.475195
0.1610877 -0.2749445 3.532539
0.1703108 -0.2859079 3.459607
0.06545913 1.030068 3.50524
-0.1455951 0.3586276 3.414477
-0.1719166 0.4125901 3.410041
0.2756293 0.3579915 3.451783
0.2886311 0.4059316 3.437419
124
0.06487467 0.4643151 3.477778
0.06557327 0.7890827 3.497919
0.06573721 1.109535 3.502306
0.0771085 1.250746 3.494274
-0.1233439 0.9835883 3.473081
-0.1710386 0.7275972 3.48034
-0.1640117 0.5033742 3.432847
-0.1532565 0.4297236 3.416744
0.2590094 0.9753991 3.490812
0.2916349 0.7268866 3.519991
0.2982722 0.5024658 3.478455
0.2781799 0.433707 3.452852
-0.01562801 0.4721519 3.437648
-0.02446016 0.1057299 3.484347
-0.0307837 -0.2720999 3.526837
-0.03670816 -0.2804445 3.451753
0.1438904 0.4685871 3.439726
0.166324 0.1109284 3.475245
0.1606806 -0.2749381 3.532564
0.1703102 -0.2859159 3.459611
0.06552672 1.030107 3.504914
-0.1445806 0.3585545 3.410125
-0.1738649 0.4114535 3.404017
0.2734655 0.3617371 3.442345
0.2851418 0.4053733 3.430465
125
0.06487467 0.4643151 3.477778
0.06557327 0.7890827 3.497919
0.06573721 1.109535 3.502306
0.0771085 1.250746 3.494274
-0.1233439 0.9835883 3.473081
-0.1710386 0.7275972 3.48034
-0.1640117 0.5033742 3.432847
-0.1532565 0.4297236 3.416744
0.2590094 0.9753991 3.490812
0.2916349 0.7268866 3.519991
0.2982722 0.5024658 3.478455
0.2781799 0.433707 3.452852
-0.01562801 0.4721519 3.437648
-0.02446016 0.1057299 3.484347
-0.0307837 -0.2720999 3.526837
-0.03670816 -0.2804445 3.451753
0.1438904 0.4685871 3.439726
0.166324 0.1109284 3.475245
0.1606806 -0.2749381 3.532564
0.1703102 -0.2859159 3.459611
0.06552672 1.030107 3.504914
-0.1445806 0.3585545 3.410125
-0.1738649 0.4114535 3.404017
0.2734655 0.3617371 3.442345
0.2851418 0.4053733 3.430465
126
0.06487467 0.4643151 3.477778
0.06557327 0.7890827 3.497919
0.06573721 1.109535 3.502306
0.0771085 1.250746 3.494274
-0.1233439 0.9835883 3.473081
-0.1710386 0.7275972 3.48034
-0.1640117 0.5033742 3.432847
-0.1532565 0.4297236 3.416744
0.2590094 0.9753991 3.490812
0.2916349 0.7268866 3.519991
0.2982722 0.5024658 3.478455
0.2781799 0.433707 3.452852
-0.01562801 0.4721519 3.437648
-0.02446016 0.1057299 3.484347
-0.0307837 -0.2720999 3.526837
-0.03670816 -0.2804445 3.451753
0.1438904 0.4685871 3.439726
0.166324 0.1109284 3.475245
0.1606806 -0.2749381 3.532564
0.1703102 -0.2859159 3.459611
0.06552672 1.030107 3.504914
-0.1445806 0.3585545 3.410125
-0.1738649 0.4114535 3.404017
0.2734655 0.3617371 3.442345
0.2851418 0.4053733 3.430465
127
0.06473877 0.4643744 3.478311
0.06558353 0.7891062 3.497901
0.06581723 1.109551 3.501966
0.07696898 1.250931 3.493791
-0.1236286 0.9834741 3.473342
-0.1712828 0.7282434 3.479867
-0.1618139 0.5037746 3.42853
-0.1510527 0.4278317 3.408365
0.2590067 0.9754434 3.491003
0.2906688 0.7266002 3.51791
0.2952157 0.5052533 3.471664
0.2762069 0.4348026 3.447498
-0.01581547 0.4722367 3.438236
-0.02450775 0.1057077 3.484301
-0.03082909 -0.2720891 3.526853
-0.03670234 -0.2804472 3.451772
0.1438056 0.4686181 3.440225
0.1662942 0.1109206 3.475278
0.1605356 -0.2749946 3.53243
0.1703101 -0.2859242 3.459614
0.06559028 1.030139 3.504644
-0.1446048 0.3573705 3.405262
-0.1765053 0.4126799 3.397318
0.2726547 0.3635411 3.438123
0.285627 0.3997235 3.428135
128
0.06459029 0.4644454 3.478756
0.06559055 0.7891303 3.497888
0.06588452 1.109563 3.501711
0.07680903 1.251086 3.493414
-0.1239189 0.9833736 3.473615
-0.1715304 0.7288583 3.479086
-0.1605008 0.5040168 3.424259
-0.149318 0.4265639 3.401713
0.2590074 0.9754917 3.491172
0.2895276 0.7262135 3.51533
0.2933973 0.506545 3.466643
0.2751053 0.434864 3.443234
-0.01601537 0.4723329 3.438732
-0.02465415 0.1057083 3.484218
-0.03084495 -0.2720694 3.52687
-0.03669832 -0.2804508 3.451785
0.1437078 0.4686615 3.44063
0.1662525 0.1109245 3.47529
0.1603557 -0.2750419 3.532308
0.17031 -0.2859325 3.459617
0.06564477 1.030167 3.504429
-0.1447343 0.3562124 3.400605
-0.1780146 0.4144156 3.392916
0.2720407 0.3636038 3.435481
0.2856112 0.3970065 3.425724
129
0.06459029 0.4644454 3.478756
0.06559055 0.7891303 3.497888
0.06588452 1.109563 3.501711
0.07680903 1.251086 3.493414
-0.1239189 0.9833736 3.473615
-0.1715304 0.7288583 3.479086
-0.1605008 0.5040168 3.424259
-0.149318 0.4265639 3.401713
0.2590074 0.9754917 3.491172
0.2895276 0.7262135 3.51533
0.2933973 0.506545 3.466643
0.2751053 0.434864 3.443234
-0.01601537 0.4723329 3.438732
-0.02465415 0.1057083 3.484218
-0.03084495 -0.2720694 3.52687
-0.03669832 -0.2804508 3.451785
0.1437078 0.4686615 3.44063
0.1662525 0.1109245 3.47529
0.1603557 -0.2750419 3.532308
0.17031 -0.2859325 3.459617
0.06564477 1.030167 3.504429
-0.1447343 0.3562124 3.400605
-0.1780146 0.4144156 3.392916
0.2720407 0.3636038 3.435481
0.2856112 0.3970065 3.425724
130
0.06459029 0.4644454 3.478756
0.06559055 0.7891303 3.497888
0.06588452 1.109563 3.501711
0.07680903 1.251086 3.493414
-0.1239189 0.9833736 3.473615
-0.1715304 0.7288583 3.479086
-0.1605008 0.5040168 3.424259
-0.149318 0.4265639 3.401713
0.2590074 0.9754917 3.491172
0.2895276 0.7262135 3.51533
0.2933973 0.506545 3.466643
0.2751053 0.434864 3.443234
-0.01601537 0.4723329 3.438732
-0.02465415 0.1057083 3.484218
-0.03084495 -0.2720694 3.52687
-0.03669832 -0.2804508 3.451785
0.1437078 0.4686615 3.44063
0.1662525 0.1109245 3.47529
0.1603557 -0.2750419 3.532308
0.17031 -0.2859325 3.459617
0.06564477 1.030167 3.504429
-0.1447343 0.3562124 3.400605
-0.1780146 0.4144156 3.392916
0.2720407 0.3636038 3.435481
0.2856112 0.3970065 3.425724
131
0.06446828 0.464515 3.479127
0.06559616 0.7891613 3.497879
0.06592899 1.109586 3.50153
0.07662141 1.251251 3.493109
-0.1242578 0.9833066 3.473986
-0.1717926 0.7294406 3.478206
-0.1596667 0.5039732 3.420411
-0.1481146 0.425857 3.397563
0.258999 0.9755441 3.491342
0.2885786 0.7258813 3.513218
0.2923468 0.5068275 3.462636
0.2745093 0.4347192 3.440518
-0.016179 0.4724194 3.43915
-0.02483247 0.1057085 3.484153
-0.0308614 -0.2720563 3.526877
-0.03669582 -0.2804549 3.451796
0.1436301 0.4687136 3.440958
0.1662099 0.1109274 3.475299
0.1602315 -0.2750566 3.5323
0.1703102 -0.2859451 3.459624
0.0656843 1.030202 3.504265
-0.1452181 0.355459 3.398479
-0.1796405 0.4155995 3.390762
0.2719293 0.3626662 3.434556
0.2882467 0.39983 3.42486
132
0.06437632 0.4645906 3.479507
0.06560053 0.7892011 3.4979
0.06595474 1.109598 3.501418
0.07638595 1.251401 3.492929
-0.1246838 0.9832447 3.474597
-0.1720754 0.7298865 3.477621
-0.1591609 0.5039195 3.41767
-0.1461942 0.4263377 3.394551
0.2589728 0.9755902 3.491582
0.2878732 0.7255661 3.51163
0.2918784 0.5065651 3.459749
0.2746028 0.4340626 3.439068
-0.0163011 0.4724998 3.439579
-0.02499603 0.1057112 3.484174
-0.03088878 -0.2720408 3.526883
-0.03668557 -0.2804342 3.451846
0.1435722 0.4687813 3.441289
0.1661769 0.1109243 3.475314
0.1602572 -0.2751114 3.532364
0.1703216 -0.2860045 3.459699
0.06570659 1.030222 3.504171
-0.1438963 0.3565746 3.394969
-0.1799266 0.4160926 3.388934
0.2724326 0.3616395 3.434071
0.2920183 0.4052244 3.424463
133
0.06437632 0.4645906 3.479507
0.06560053 0.7892011 3.4979
0.06595474 1.109598 3.501418
0.07638595 1.251401 3.492929
-0.1246838 0.9832447 3.474597
-0.1720754 0.7298865 3.477621
-0.1591609 0.5039195 3.41767
-0.1461942 0.4263377 3.394551
0.2589728 0.9755902 3.491582
0.2878732 0.7255661 3.51163
0.2918784 0.5065651 3.459749
0.2746028 0.4340626 3.439068
-0.0163011 0.4724998 3.439579
-0.02499603 0.1057112 3.484174
-0.03088878 -0.2720408 3.526883
-0.03668557 -0.2804342 3.451846
0.1435722 0.4687813 3.441289
0.1661769 0.1109243 3.475314
0.1602572 -0.2751114 3.532364
0.1703216 -0.2860045 3.459699
0.06570659 1.030222 3.504171
-0.1438963 0.3565746 3.394969
-0.1799266 0.4160926 3.388934
0.2724326 0.3616395 3.434071
0.2920183 0.4052244 3.424463
