115
1
-0.1645175 0.5661111 3.730453
-0.1805988 0.8708287 3.733611
-0.1943828 1.170174 3.724316
-0.1894511 1.302147 3.716633
-0.3526044 1.055193 3.706132
-0.3693698 0.7928367 3.693888
-0.3505577 0.5794705 3.61797
-0.3311565 0.5099564 3.614438
-0.02889962 1.058266 3.732861
0.01083952 0.8067003 3.728273
0.01984967 0.5981076 3.646663
0.0002106119 0.532064 3.644844
-0.2377596 0.5675293 3.692331
-0.2579912 0.2536345 3.698444
-0.2501826 -0.1691834 3.732502
-0.307072 -0.1700408 3.734902
-0.08805869 0.5730543 3.698554
-0.07258718 0.2638028 3.720777
-0.07705529 -0.1598806 3.740533
-0.02093881 -0.1612054 3.724815
-0.1912034 1.096001 3.728713
-0.3315625 0.4597688 3.619236
-0.3744369 0.4949723 3.607445
0.006919841 0.4553142 3.639266
0.03317612 0.5346656 3.617417
2
-0.1645175 0.5661111 3.730453
-0.1805988 0.8708287 3.733611
-0.1943828 1.170174 3.724316
-0.1894511 1.302147 3.716633
-0.3526044 1.055193 3.706132
-0.3693698 0.7928367 3.693888
-0.3505577 0.5794705 3.61797
-0.3311565 0.5099564 3.614438
-0.02889962 1.058266 3.732861
0.01083952 0.8067003 3.728273
0.01984967 0.5981076 3.646663
0.0002106119 0.532064 3.644844
-0.2377596 0.5675293 3.692331
-0.2579912 0.2536345 3.698444
-0.2501826 -0.1691834 3.732502
-0.307072 -0.1700408 3.734902
-0.08805869 0.5730543 3.698554
-0.07258718 0.2638028 3.720777
-0.07705529 -0.1598806 3.740533
-0.02093881 -0.1612054 3.724815
-0.1912034 1.096001 3.728713
-0.3315625 0.4597688 3.619236
-0.3744369 0.4949723 3.607445
0.006919841 0.4553142 3.639266
0.03317612 0.5346656 3.617417
3
-0.1644841 0.5660962 3.73042
-0.1805121 0.8707857 3.733623
-0.1941543 1.17011 3.724401
-0.1891898 1.302208 3.716727
-0.3524646 1.055189 3.706147
-0.3694049 0.7923626 3.69423
-0.3518695 0.578831 3.619213
-0.3321851 0.5097172 3.61546
-0.0286807 1.058197 3.732886
0.01113467 0.8063342 3.728367
0.02030639 0.5974258 3.64757
0.000567817 0.5322925 3.645758
-0.2377155 0.5675045 3.69231
-0.2577198 0.2528871 3.698622
-0.2500415 -0.1721684 3.732935
-0.3094231 -0.1726247 3.740571
-0.08803599 0.5730489 3.698523
-0.07257625 0.2636777 3.720913
-0.07697587 -0.1603242 3.740546
-0.02070272 -0.1615962 3.725686
-0.1910148 1.095937 3.728791
-0.3357672 0.4590054 3.620499
-0.3741173 0.4980862 3.606835
0.004038338 0.4519179 3.639684
0.03354501 0.5307715 3.619736
4
-0.1644841 0.5660962 3.73042
-0.1805121 0.8707857 3.733623
-0.1941543 1.17011 3.724401
-0.1891898 1.302208 3.716727
-0.3524646 1.055189 3.706147
-0.3694049 0.7923626 3.69423
-0.3518695 0.578831 3.619213
-0.3321851 0.5097172 3.61546
-0.0286807 1.058197 3.732886
0.01113467 0.8063342 3.728367
0.02030639 0.5974258 3.64757
0.000567817 0.5322925 3.645758
-0.2377155 0.5675045 3.69231
-0.2577198 0.2528871 3.698622
-0.2500415 -0.1721684 3.732935
-0.3094231 -0.1726247 3.740571
-0.08803599 0.5730489 3.698523
-0.07257625 0.2636777 3.720913
-0.07697587 -0.1603242 3.740546
-0.02070272 -0.1615962 3.725686
-0.1910148 1.095937 3.728791
-0.3357672 0.4590054 3.620499
-0.3741173 0.4980862 3.606835
0.004038338 0.4519179 3.639684
0.03354501 0.5307715 3.619736
5
-0.1644578 0.5660846 3.730395
-0.1804272 0.8707498 3.733638
-0.1939356 1.170065 3.724482
-0.1889275 1.302266 3.716804
-0.3523283 1.055189 3.706157
-0.3695482 0.7917665 3.694739
-0.3529177 0.5783174 3.620151
-0.3327536 0.5094594 3.616121
-0.02846336 1.058144 3.732915
0.01140499 0.8060263 3.728466
0.02069735 0.5966657 3.648709
0.0005974445 0.5309229 3.647144
-0.2376769 0.567485 3.692297
-0.257632 0.2526224 3.698653
-0.2499108 -0.1744201 3.733404
-0.3114836 -0.1745573 3.745398
-0.08801955 0.5730443 3.6985
-0.07254243 0.2636049 3.72102
-0.07692242 -0.1605823 3.740498
-0.02054167 -0.1618206 3.72621
-0.190832 1.09589 3.728868
-0.3369243 0.4585894 3.621293
-0.3736049 0.4992402 3.606
0.003361849 0.450222 3.64011
0.03377672 0.5298975 3.620499
6
-0.1644578 0.5660846 3.730395
-0.1804272 0.8707498 3.733638
-0.1939356 1.170065 3.724482
-0.1889275 1.302266 3.716804
-0.3523283 1.055189 3.706157
-0.3695482 0.7917665 3.694739
-0.3529177 0.5783174 3.620151
-0.3327536 0.5094594 3.616121
-0.02846336 1.058144 3.732915
0.01140499 0.8060263 3.728466
0.02069735 0.5966657 3.648709
0.0005974445 0.5309229 3.647144
-0.2376769 0.567485 3.692297
-0.257632 0.2526224 3.698653
-0.2499108 -0.1744201 3.733404
-0.3114836 -0.1745573 3.745398
-0.08801955 0.5730443 3.6985
-0.07254243 0.2636049 3.72102
-0.07692242 -0.1605823 3.740498
-0.02054167 -0.1618206 3.72621
-0.190832 1.09589 3.728868
-0.3369243 0.4585894 3.621293
-0.3736049 0.4992402 3.606
0.003361849 0.450222 3.64011
0.03377672 0.5298975 3.620499
7
-0.1644387 0.5660759 3.730379
-0.1803569 0.8707231 3.733657
-0.1937725 1.170043 3.724554
-0.1886042 1.302342 3.716849
-0.3522005 1.055195 3.706162
-0.3697009 0.7912081 3.695229
-0.3537985 0.5779001 3.620922
-0.3332176 0.5092739 3.61663
-0.02825843 1.05811 3.732936
0.01164487 0.8057861 3.728558
0.02097376 0.5959437 3.649934
0.0007644838 0.5299872 3.648477
-0.2376442 0.5674689 3.692294
-0.2575785 0.2524453 3.698669
-0.2508778 -0.1203247 3.729093
-0.2580384 -0.1279979 3.636652
-0.08800932 0.5730395 3.698486
-0.07248022 0.2636322 3.721098
-0.0769067 -0.1606372 3.740487
-0.02012899 -0.1618714 3.726441
-0.1906902 1.095862 3.728937
-0.3377839 0.458247 3.622356
-0.3734375 0.4991936 3.606032
0.002996002 0.448524 3.641012
0.03409813 0.5288099 3.622008
8
-0.1644387 0.5660759 3.730379
-0.1803569 0.8707231 3.733657
-0.1937725 1.170043 3.724554
-0.1886042 1.302342 3.716849
-0.3522005 1.055195 3.706162
-0.3697009 0.7912081 3.695229
-0.3537985 0.5779001 3.620922
-0.3332176 0.5092739 3.61663
-0.02825843 1.05811 3.732936
0.01164487 0.8057861 3.728558
0.02097376 0.5959437 3.649934
0.0007644838 0.5299872 3.648477
-0.2376442 0.5674689 3.692294
-0.2575785 0.2524453 3.698669
-0.2508778 -0.1203247 3.729093
-0.2580384 -0.1279979 3.636652
-0.08800932 0.5730395 3.698486
-0.07248022 0.2636322 3.721098
-0.0769067 -0.1606372 3.740487
-0.02012899 -0.1618714 3.726441
-0.1906902 1.095862 3.728937
-0.3377839 0.458247 3.622356
-0.3734375 0.4991936 3.606032
0.002996002 0.448524 3.641012
0.03409813 0.5288099 3.622008
9
-0.164423 0.5660674 3.730369
-0.180292 0.8706977 3.733673
-0.1936392 1.170021 3.724589
-0.1882869 1.30241 3.716865
-0.3520817 1.055208 3.706165
-0.3698453 0.7907194 3.695664
-0.3544445 0.5775967 3.621482
-0.3334644 0.5092577 3.616947
-0.02802445 1.058066 3.732954
0.01183374 0.805608 3.728637
0.0211938 0.5953581 3.651021
0.0008193115 0.5294059 3.649083
-0.2376135 0.5674544 3.692297
-0.2575237 0.2522855 3.698683
-0.2503984 -0.1465141 3.731309
-0.2921593 -0.1506207 3.690233
-0.08800443 0.5730305 3.698479
-0.07241014 0.263681 3.721162
-0.07688054 -0.1606248 3.740508
-0.01970982 -0.1618556 3.726724
-0.190571 1.095835 3.72898
-0.3381152 0.4581269 3.622684
-0.3730428 0.4996365 3.605919
0.007782117 0.453641 3.637342
0.03427897 0.5259383 3.622432
10
-0.164423 0.5660674 3.730369
-0.180292 0.8706977 3.733673
-0.1936392 1.170021 3.724589
-0.1882869 1.30241 3.716865
-0.3520817 1.055208 3.706165
-0.3698453 0.7907194 3.695664
-0.3544445 0.5775967 3.621482
-0.3334644 0.5092577 3.616947
-0.02802445 1.058066 3.732954
0.01183374 0.805608 3.728637
0.0211938 0.5953581 3.651021
0.0008193115 0.5294059 3.649083
-0.2376135 0.5674544 3.692297
-0.2575237 0.2522855 3.698683
-0.2503984 -0.1465141 3.731309
-0.2921593 -0.1506207 3.690233
-0.08800443 0.5730305 3.698479
-0.07241014 0.263681 3.721162
-0.07688054 -0.1606248 3.740508
-0.01970982 -0.1618556 3.726724
-0.190571 1.095835 3.72898
-0.3381152 0.4581269 3.622684
-0.3730428 0.4996365 3.605919
0.007782117 0.453641 3.637342
0.03427897 0.5259383 3.622432
11
-0.1644071 0.5660572 3.730371
-0.1802276 0.8706744 3.73369
-0.1935162 1.170005 3.724613
-0.1879886 1.302467 3.716872
-0.3519722 1.055223 3.706161
-0.3699771 0.7903062 3.696047
-0.3549455 0.5773721 3.621911
-0.3335943 0.5092313 3.617279
-0.02775696 1.058031 3.732981
0.01197366 0.8054865 3.728718
0.02141088 0.5948424 3.652258
0.0009299982 0.5286981 3.649896
-0.2375787 0.5674414 3.692315
-0.25749 0.2521857 3.698697
-0.250762 -0.1161658 3.729101
-0.2552043 -0.1245689 3.628278
-0.08800425 0.5730143 3.698488
-0.07232786 0.263758 3.72121
-0.07700687 -0.160511 3.740742
-0.01935731 -0.1617849 3.726882
-0.1904598 1.095814 3.729013
-0.3379887 0.4579109 3.623451
-0.3723758 0.4998085 3.605607
0.007468865 0.4508472 3.641899
0.03431579 0.5257012 3.623339
12
-0.1644071 0.5660572 3.730371
-0.1802276 0.8706744 3.73369
-0.1935162 1.170005 3.724613
-0.1879886 1.302467 3.716872
-0.3519722 1.055223 3.706161
-0.3699771 0.7903062 3.696047
-0.3549455 0.5773721 3.621911
-0.3335943 0.5092313 3.617279
-0.02775696 1.058031 3.732981
0.01197366 0.8054865 3.728718
0.02141088 0.5948424 3.652258
0.0009299982 0.5286981 3.649896
-0.2375787 0.5674414 3.692315
-0.25749 0.2521857 3.698697
-0.250762 -0.1161658 3.729101
-0.2552043 -0.1245689 3.628278
-0.08800425 0.5730143 3.698488
-0.07232786 0.263758 3.72121
-0.07700687 -0.160511 3.740742
-0.01935731 -0.1617849 3.726882
-0.1904598 1.095814 3.729013
-0.3379887 0.4579109 3.623451
-0.3723758 0.4998085 3.605607
0.007468865 0.4508472 3.641899
0.03431579 0.5257012 3.623339
13
-0.1643885 0.566043 3.73038
-0.1801635 0.8706523 3.733708
-0.1934066 1.169995 3.72463
-0.1877124 1.302514 3.716876
-0.3518679 1.055203 3.706144
-0.3700945 0.7899588 3.696363
-0.3553265 0.5772079 3.622219
-0.3333583 0.5094381 3.617236
-0.02747141 1.058001 3.732998
0.01209398 0.8053972 3.728792
0.0216101 0.5944605 3.653251
0.0009787499 0.5279495 3.650164
-0.2375364 0.5674241 3.692341
-0.2574666 0.2521124 3.698709
-0.2499785 -0.1471329 3.731924
-0.2913079 -0.1512204 3.692109
-0.08800411 0.5729929 3.698505
-0.07219087 0.2641746 3.721164
-0.07711799 -0.1603387 3.740911
-0.01907676 -0.1616689 3.726799
-0.1903586 1.095798 3.729042
-0.3329907 0.4591402 3.619618
-0.3714123 0.500065 3.604989
0.00729876 0.4501039 3.642361
0.03437398 0.5251859 3.623729
14
-0.1643885 0.566043 3.73038
-0.1801635 0.8706523 3.733708
-0.1934066 1.169995 3.72463
-0.1877124 1.302514 3.716876
-0.3518679 1.055203 3.706144
-0.3700945 0.7899588 3.696363
-0.3553265 0.5772079 3.622219
-0.3333583 0.5094381 3.617236
-0.02747141 1.058001 3.732998
0.01209398 0.8053972 3.728792
0.0216101 0.5944605 3.653251
0.0009787499 0.5279495 3.650164
-0.2375364 0.5674241 3.692341
-0.2574666 0.2521124 3.698709
-0.2499785 -0.1471329 3.731924
-0.2913079 -0.1512204 3.692109
-0.08800411 0.5729929 3.698505
-0.07219087 0.2641746 3.721164
-0.07711799 -0.1603387 3.740911
-0.01907676 -0.1616689 3.726799
-0.1903586 1.095798 3.729042
-0.3329907 0.4591402 3.619618
-0.3714123 0.500065 3.604989
0.00729876 0.4501039 3.642361
0.03437398 0.5251859 3.623729
15
-0.1643696 0.5660291 3.730393
-0.1801 0.8706324 3.733727
-0.1933084 1.169988 3.724642
-0.1874455 1.302552 3.716861
-0.3517656 1.055186 3.706113
-0.3701916 0.7896739 3.69662
-0.355614 0.5770864 3.622447
-0.3328088 0.5097003 3.616925
-0.02720205 1.05798 3.733008
0.0121812 0.805334 3.728853
0.02176871 0.5941513 3.654159
0.0009892303 0.5276864 3.650475
-0.2374913 0.5674086 3.692371
-0.2574496 0.2520602 3.698716
-0.2496854 -0.1559798 3.732834
-0.292571 -0.1586263 3.710943
-0.08800479 0.5729707 3.698525
-0.07212867 0.2642256 3.721171
-0.07718803 -0.1598802 3.741021
-0.01795126 -0.1612624 3.726586
-0.1902659 1.095785 3.729065
-0.3297888 0.4594169 3.619086
-0.3689439 0.4982463 3.605082
0.007692953 0.4615826 3.644183
0.03443341 0.5247704 3.624121
16
-0.1643696 0.5660291 3.730393
-0.1801 0.8706324 3.733727
-0.1933084 1.169988 3.724642
-0.1874455 1.302552 3.716861
-0.3517656 1.055186 3.706113
-0.3701916 0.7896739 3.69662
-0.355614 0.5770864 3.622447
-0.3328088 0.5097003 3.616925
-0.02720205 1.05798 3.733008
0.0121812 0.805334 3.728853
0.02176871 0.5941513 3.654159
0.0009892303 0.5276864 3.650475
-0.2374913 0.5674086 3.692371
-0.2574496 0.2520602 3.698716
-0.2496854 -0.1559798 3.732834
-0.292571 -0.1586263 3.710943
-0.08800479 0.5729707 3.698525
-0.07212867 0.2642256 3.721171
-0.07718803 -0.1598802 3.741021
-0.01795126 -0.1612624 3.726586
-0.1902659 1.095785 3.729065
-0.3297888 0.4594169 3.619086
-0.3689439 0.4982463 3.605082
0.007692953 0.4615826 3.644183
0.03443341 0.5247704 3.624121
17
-0.1643506 0.5660152 3.730408
-0.1800383 0.8706126 3.733741
-0.1932227 1.16998 3.724643
-0.1872049 1.302579 3.716848
-0.3516561 1.05514 3.706068
-0.3702608 0.789436 3.696821
-0.3557999 0.5769988 3.622607
-0.3321526 0.5099008 3.616615
-0.02695901 1.057959 3.733015
0.01247212 0.8045602 3.728838
0.0219552 0.5930158 3.654931
0.0009794304 0.5260153 3.651613
-0.2374447 0.5673941 3.692401
-0.257438 0.2520196 3.698719
-0.249456 -0.16408 3.733628
-0.2996851 -0.165767 3.725004
-0.0880059 0.5729477 3.698547
-0.07207963 0.26427 3.721176
-0.07684037 -0.1262878 3.739547
-0.05194851 -0.1308112 3.649838
-0.1901834 1.095771 3.729079
-0.3259278 0.4253004 3.614487
-0.3673514 0.5048064 3.601226
0.008103773 0.4606365 3.646738
0.03471915 0.5223093 3.627281
18
-0.1643506 0.5660152 3.730408
-0.1800383 0.8706126 3.733741
-0.1932227 1.16998 3.724643
-0.1872049 1.302579 3.716848
-0.3516561 1.05514 3.706068
-0.3702608 0.789436 3.696821
-0.3557999 0.5769988 3.622607
-0.3321526 0.5099008 3.616615
-0.02695901 1.057959 3.733015
0.01247212 0.8045602 3.728838
0.0219552 0.5930158 3.654931
0.0009794304 0.5260153 3.651613
-0.2374447 0.5673941 3.692401
-0.257438 0.2520196 3.698719
-0.249456 -0.16408 3.733628
-0.2996851 -0.165767 3.725004
-0.0880059 0.5729477 3.698547
-0.07207963 0.26427 3.721176
-0.07684037 -0.1262878 3.739547
-0.05194851 -0.1308112 3.649838
-0.1901834 1.095771 3.729079
-0.3259278 0.4253004 3.614487
-0.3673514 0.5048064 3.601226
0.008103773 0.4606365 3.646738
0.03471915 0.5223093 3.627281
19
-0.1643316 0.5660018 3.730427
-0.1799801 0.8705937 3.733755
-0.1931494 1.169969 3.724639
-0.1869617 1.302605 3.716828
-0.3515318 1.055134 3.705996
-0.3703034 0.7892529 3.696973
-0.3559345 0.5769364 3.622719
-0.3312434 0.5103616 3.61568
-0.02681079 1.057951 3.733003
0.01274671 0.8043935 3.728777
0.02205102 0.5926269 3.65554
0.001127057 0.5248214 3.652102
-0.2373986 0.5673811 3.692433
-0.2574326 0.2519917 3.69872
-0.2502505 -0.1204577 3.730028
-0.2557704 -0.1283905 3.636927
-0.08800782 0.5729244 3.698575
-0.0720082 0.2642455 3.721182
-0.07708836 -0.1441078 3.740425
-0.01861116 -0.1472389 3.689418
-0.190111 1.095757 3.729088
-0.3227653 0.4311697 3.61237
-0.3662372 0.5053126 3.600579
0.007125907 0.4585778 3.647331
0.03487228 0.521215 3.629
20
-0.1643316 0.5660018 3.730427
-0.1799801 0.8705937 3.733755
-0.1931494 1.169969 3.724639
-0.1869617 1.302605 3.716828
-0.3515318 1.055134 3.705996
-0.3703034 0.7892529 3.696973
-0.3559345 0.5769364 3.622719
-0.3312434 0.5103616 3.61568
-0.02681079 1.057951 3.733003
0.01274671 0.8043935 3.728777
0.02205102 0.5926269 3.65554
0.001127057 0.5248214 3.652102
-0.2373986 0.5673811 3.692433
-0.2574326 0.2519917 3.69872
-0.2502505 -0.1204577 3.730028
-0.2557704 -0.1283905 3.636927
-0.08800782 0.5729244 3.698575
-0.0720082 0.2642455 3.721182
-0.07708836 -0.1441078 3.740425
-0.01861116 -0.1472389 3.689418
-0.190111 1.095757 3.729088
-0.3227653 0.4311697 3.61237
-0.3662372 0.5053126 3.600579
0.007125907 0.4585778 3.647331
0.03487228 0.521215 3.629
21
-0.1643133 0.5659898 3.730445
-0.1799254 0.870576 3.733768
-0.1930861 1.169958 3.724633
-0.1867425 1.302626 3.716807
-0.3513974 1.055138 3.705906
-0.3703161 0.789106 3.697078
-0.3559791 0.5769047 3.622747
-0.3304996 0.5107653 3.614899
-0.0266651 1.057944 3.732988
0.01297264 0.8042737 3.728708
0.02213264 0.5923278 3.656034
0.001029353 0.5239707 3.652378
-0.2373542 0.5673714 3.692461
-0.257431 0.2519699 3.698717
-0.2504511 -0.1084024 3.729054
-0.2433734 -0.1180668 3.612621
-0.08801003 0.572902 3.698605
-0.0719673 0.26392 3.721177
-0.07717247 -0.1499675 3.740599
-0.008453876 -0.1527149 3.700468
-0.1900467 1.095743 3.729094
-0.3223298 0.437941 3.611751
-0.3655125 0.5059422 3.599999
0.005997837 0.4556394 3.649325
0.03493114 0.5206141 3.629596
22
-0.1643133 0.5659898 3.730445
-0.1799254 0.870576 3.733768
-0.1930861 1.169958 3.724633
-0.1867425 1.302626 3.716807
-0.3513974 1.055138 3.705906
-0.3703161 0.789106 3.697078
-0.3559791 0.5769047 3.622747
-0.3304996 0.5107653 3.614899
-0.0266651 1.057944 3.732988
0.01297264 0.8042737 3.728708
0.02213264 0.5923278 3.656034
0.001029353 0.5239707 3.652378
-0.2373542 0.5673714 3.692461
-0.257431 0.2519699 3.698717
-0.2504511 -0.1084024 3.729054
-0.2433734 -0.1180668 3.612621
-0.08801003 0.572902 3.698605
-0.0719673 0.26392 3.721177
-0.07717247 -0.1499675 3.740599
-0.008453876 -0.1527149 3.700468
-0.1900467 1.095743 3.729094
-0.3223298 0.437941 3.611751
-0.3655125 0.5059422 3.599999
0.005997837 0.4556394 3.649325
0.03493114 0.5206141 3.629596
23
-0.1642839 0.5659744 3.730461
-0.1798686 0.8705589 3.733777
-0.1930309 1.169949 3.724625
-0.1865416 1.302654 3.716785
-0.3512539 1.05511 3.705794
-0.3703226 0.7889687 3.697145
-0.3559615 0.5768751 3.622708
-0.3295909 0.5111156 3.613787
-0.02651846 1.057944 3.732971
0.01314486 0.8042432 3.728626
0.02223168 0.5921556 3.656455
0.001063852 0.5236186 3.652575
-0.2372949 0.5673578 3.692487
-0.2574315 0.2519541 3.698713
-0.2506233 -0.09872735 3.728246
-0.2338599 -0.1098226 3.592639
-0.08800306 0.5728797 3.698625
-0.07191714 0.2637918 3.721115
-0.07708499 -0.1529436 3.740748
-0.007870099 -0.1554413 3.705951
-0.1899887 1.095732 3.729096
-0.3216041 0.4434834 3.612988
-0.363611 0.5060821 3.598454
0.006241482 0.4551868 3.649835
0.03513053 0.5187405 3.62957
24
-0.1642839 0.5659744 3.730461
-0.1798686 0.8705589 3.733777
-0.1930309 1.169949 3.724625
-0.1865416 1.302654 3.716785
-0.3512539 1.05511 3.705794
-0.3703226 0.7889687 3.697145
-0.3559615 0.5768751 3.622708
-0.3295909 0.5111156 3.613787
-0.02651846 1.057944 3.732971
0.01314486 0.8042432 3.728626
0.02223168 0.5921556 3.656455
0.001063852 0.5236186 3.652575
-0.2372949 0.5673578 3.692487
-0.2574315 0.2519541 3.698713
-0.2506233 -0.09872735 3.728246
-0.2338599 -0.1098226 3.592639
-0.08800306 0.5728797 3.698625
-0.07191714 0.2637918 3.721115
-0.07708499 -0.1529436 3.740748
-0.007870099 -0.1554413 3.705951
-0.1899887 1.095732 3.729096
-0.3216041 0.4434834 3.612988
-0.363611 0.5060821 3.598454
0.006241482 0.4551868 3.649835
0.03513053 0.5187405 3.62957
25
-0.1642594 0.5659609 3.730473
-0.1798173 0.8705454 3.733786
-0.1929868 1.16995 3.724625
-0.1863612 1.30268 3.716763
-0.3511168 1.055083 3.705677
-0.3703138 0.7888502 3.697178
-0.3558848 0.5768656 3.622577
-0.3286972 0.5115796 3.612643
-0.02636554 1.057941 3.732953
0.01327059 0.8042513 3.72855
0.02232108 0.5920484 3.656885
0.001070297 0.5232911 3.652736
-0.2372431 0.5673476 3.692502
-0.2574958 0.2523814 3.698537
-0.2497139 -0.1443981 3.732113
-0.2884515 -0.1496719 3.678768
-0.08799887 0.5728589 3.698643
-0.0718756 0.2637249 3.721071
-0.0770236 -0.15503 3.740823
-0.008526227 -0.1573343 3.709824
-0.1899399 1.095728 3.729104
-0.320454 0.4490447 3.612459
-0.3614446 0.504665 3.596368
0.00778544 0.4547856 3.649145
0.03418661 0.5087906 3.627092
26
-0.1642594 0.5659609 3.730473
-0.1798173 0.8705454 3.733786
-0.1929868 1.16995 3.724625
-0.1863612 1.30268 3.716763
-0.3511168 1.055083 3.705677
-0.3703138 0.7888502 3.697178
-0.3558848 0.5768656 3.622577
-0.3286972 0.5115796 3.612643
-0.02636554 1.057941 3.732953
0.01327059 0.8042513 3.72855
0.02232108 0.5920484 3.656885
0.001070297 0.5232911 3.652736
-0.2372431 0.5673476 3.692502
-0.2574958 0.2523814 3.698537
-0.2497139 -0.1443981 3.732113
-0.2884515 -0.1496719 3.678768
-0.08799887 0.5728589 3.698643
-0.0718756 0.2637249 3.721071
-0.0770236 -0.15503 3.740823
-0.008526227 -0.1573343 3.709824
-0.1899399 1.095728 3.729104
-0.320454 0.4490447 3.612459
-0.3614446 0.504665 3.596368
0.00778544 0.4547856 3.649145
0.03418661 0.5087906 3.627092
27
-0.1642306 0.5659489 3.73048
-0.1797687 0.8705333 3.733794
-0.1929515 1.169952 3.72463
-0.186198 1.302704 3.716751
-0.3509608 1.055085 3.70554
-0.3702779 0.7887146 3.697156
-0.3557787 0.5768517 3.622302
-0.3281316 0.5112015 3.611306
-0.02623331 1.057943 3.732927
0.01336609 0.8042589 3.728476
0.0225502 0.5919695 3.657275
0.001126178 0.5231586 3.652831
-0.2371834 0.5673386 3.692508
-0.2575575 0.2527912 3.698338
-0.2495524 -0.1516966 3.732696
-0.3000075 -0.1551225 3.70412
-0.08799291 0.5728424 3.698656
-0.0718134 0.2636975 3.721014
-0.07687116 -0.1565129 3.740911
-0.009887475 -0.1586575 3.712646
-0.1898979 1.095726 3.729114
-0.3202935 0.4520736 3.612497
-0.3607619 0.5043382 3.595534
0.00989804 0.4548095 3.65064
0.03424445 0.5081289 3.627336
28
-0.1642306 0.5659489 3.73048
-0.1797687 0.8705333 3.733794
-0.1929515 1.169952 3.72463
-0.186198 1.302704 3.716751
-0.3509608 1.055085 3.70554
-0.3702779 0.7887146 3.697156
-0.3557787 0.5768517 3.622302
-0.3281316 0.5112015 3.611306
-0.02623331 1.057943 3.732927
0.01336609 0.8042589 3.728476
0.0225502 0.5919695 3.657275
0.001126178 0.5231586 3.652831
-0.2371834 0.5673386 3.692508
-0.2575575 0.2527912 3.698338
-0.2495524 -0.1516966 3.732696
-0.3000075 -0.1551225 3.70412
-0.08799291 0.5728424 3.698656
-0.0718134 0.2636975 3.721014
-0.07687116 -0.1565129 3.740911
-0.009887475 -0.1586575 3.712646
-0.1898979 1.095726 3.729114
-0.3202935 0.4520736 3.612497
-0.3607619 0.5043382 3.595534
0.00989804 0.4548095 3.65064
0.03424445 0.5081289 3.627336
29
-0.164193 0.5659344 3.730481
-0.1797224 0.8705229 3.733802
-0.1929228 1.169963 3.724653
-0.1860615 1.302717 3.716766
-0.3508518 1.055066 3.705436
-0.3701762 0.7885244 3.696983
-0.355381 0.5768558 3.621497
-0.3276864 0.5108864 3.609367
-0.02611742 1.057947 3.732902
0.01343754 0.8043042 3.728342
0.02278055 0.5919194 3.65762
0.001178307 0.5230291 3.65298
-0.2371133 0.567327 3.692504
-0.2576072 0.2531899 3.698127
-0.249315 -0.163439 3.733593
-0.3160524 -0.1645245 3.736446
-0.0879823 0.5728251 3.698663
-0.07175037 0.2636812 3.720954
-0.07671379 -0.1573703 3.740979
-0.009419393 -0.1593847 3.715303
-0.1898618 1.09573 3.729133
-0.3189087 0.4562653 3.609412
-0.360564 0.5041048 3.594884
0.01074177 0.4530002 3.651431
0.03504371 0.5084516 3.627476
30
-0.164193 0.5659344 3.730481
-0.1797224 0.8705229 3.733802
-0.1929228 1.169963 3.724653
-0.1860615 1.302717 3.716766
-0.3508518 1.055066 3.705436
-0.3701762 0.7885244 3.696983
-0.355381 0.5768558 3.621497
-0.3276864 0.5108864 3.609367
-0.02611742 1.057947 3.732902
0.01343754 0.8043042 3.728342
0.02278055 0.5919194 3.65762
0.001178307 0.5230291 3.65298
-0.2371133 0.567327 3.692504
-0.2576072 0.2531899 3.698127
-0.249315 -0.163439 3.733593
-0.3160524 -0.1645245 3.736446
-0.0879823 0.5728251 3.698663
-0.07175037 0.2636812 3.720954
-0.07671379 -0.1573703 3.740979
-0.009419393 -0.1593847 3.715303
-0.1898618 1.09573 3.729133
-0.3189087 0.4562653 3.609412
-0.360564 0.5041048 3.594884
0.01074177 0.4530002 3.651431
0.03504371 0.5084516 3.627476
31
-0.1641355 0.5659174 3.730469
-0.1796792 0.8705132 3.733808
-0.1929071 1.169972 3.724672
-0.1859554 1.302729 3.716801
-0.350769 1.055037 3.705349
-0.3699399 0.7883289 3.696464
-0.3537345 0.5776398 3.617532
-0.3271451 0.5119942 3.604576
-0.0260357 1.057961 3.73286
0.01352199 0.8046492 3.727857
0.02295049 0.5919888 3.657846
0.001597676 0.5225505 3.652882
-0.2370189 0.5673119 3.69249
-0.2582799 0.2556272 3.696768
-0.248974 -0.1683804 3.734269
-0.3215563 -0.1686602 3.749117
-0.08795912 0.5728059 3.698656
-0.07171126 0.2635837 3.720893
-0.0765772 -0.1579521 3.741039
-0.009170851 -0.1598702 3.717186
-0.1898365 1.095733 3.729148
-0.3194648 0.4601707 3.60506
-0.3604828 0.5007567 3.588733
0.01189655 0.4527647 3.650918
0.0356931 0.5077083 3.627852
32
-0.1641355 0.5659174 3.730469
-0.1796792 0.8705132 3.733808
-0.1929071 1.169972 3.724672
-0.1859554 1.302729 3.716801
-0.350769 1.055037 3.705349
-0.3699399 0.7883289 3.696464
-0.3537345 0.5776398 3.617532
-0.3271451 0.5119942 3.604576
-0.0260357 1.057961 3.73286
0.01352199 0.8046492 3.727857
0.02295049 0.5919888 3.657846
0.001597676 0.5225505 3.652882
-0.2370189 0.5673119 3.69249
-0.2582799 0.2556272 3.696768
-0.248974 -0.1683804 3.734269
-0.3215563 -0.1686602 3.749117
-0.08795912 0.5728059 3.698656
-0.07171126 0.2635837 3.720893
-0.0765772 -0.1579521 3.741039
-0.009170851 -0.1598702 3.717186
-0.1898365 1.095733 3.729148
-0.3194648 0.4601707 3.60506
-0.3604828 0.5007567 3.588733
0.01189655 0.4527647 3.650918
0.0356931 0.5077083 3.627852
33
-0.1640501 0.5658907 3.730443
-0.1796376 0.8705042 3.733814
-0.192904 1.169991 3.724715
-0.1858579 1.302736 3.716881
-0.3507029 1.055028 3.705298
-0.3697054 0.7889052 3.695397
-0.3508812 0.5810668 3.611108
-0.3236935 0.5195553 3.587649
-0.0259714 1.057969 3.732819
0.01347881 0.8045509 3.726747
0.02314454 0.5918146 3.657954
0.002385672 0.521098 3.651927
-0.2368835 0.5672812 3.692444
-0.2586395 0.2568355 3.695923
-0.2487785 -0.1714661 3.734699
-0.324932 -0.171284 3.756077
-0.08791856 0.5727802 3.698643
-0.07157601 0.2637112 3.720757
-0.07647426 -0.158316 3.741098
-0.009004298 -0.1601873 3.718518
-0.1898165 1.09574 3.729173
-0.322311 0.470589 3.583887
-0.3572245 0.5135677 3.565452
0.01238194 0.4515625 3.650798
0.03656802 0.5088767 3.627879
34
-0.1640501 0.5658907 3.730443
-0.1796376 0.8705042 3.733814
-0.192904 1.169991 3.724715
-0.1858579 1.302736 3.716881
-0.3507029 1.055028 3.705298
-0.3697054 0.7889052 3.695397
-0.3508812 0.5810668 3.611108
-0.3236935 0.5195553 3.587649
-0.0259714 1.057969 3.732819
0.01347881 0.8045509 3.726747
0.02314454 0.5918146 3.657954
0.002385672 0.521098 3.651927
-0.2368835 0.5672812 3.692444
-0.2586395 0.2568355 3.695923
-0.2487785 -0.1714661 3.734699
-0.324932 -0.171284 3.756077
-0.08791856 0.5727802 3.698643
-0.07157601 0.2637112 3.720757
-0.07647426 -0.158316 3.741098
-0.009004298 -0.1601873 3.718518
-0.1898165 1.09574 3.729173
-0.322311 0.470589 3.583887
-0.3572245 0.5135677 3.565452
0.01238194 0.4515625 3.650798
0.03656802 0.5088767 3.627879
35
-0.1639119 0.5658631 3.730377
-0.1795978 0.8704976 3.73382
-0.19294 1.170044 3.724828
-0.1857668 1.302725 3.717031
-0.3506657 1.055026 3.705274
-0.3694707 0.7909847 3.693938
-0.3343743 0.5985476 3.588805
-0.3125969 0.5413347 3.559536
-0.0259188 1.057981 3.732778
0.01339751 0.8045427 3.725299
0.02334534 0.5917636 3.65687
0.002489552 0.5197753 3.648889
-0.2366873 0.5672331 3.69234
-0.2588933 0.2575999 3.695315
-0.2499578 -0.1178016 3.72986
-0.2578619 -0.1267039 3.635165
-0.08783398 0.5727637 3.698601
-0.07155287 0.2636425 3.720646
-0.07635295 -0.15863 3.741125
-0.00866929 -0.1604358 3.719753
-0.1898082 1.095761 3.729227
-0.3143566 0.4882564 3.547145
-0.3499019 0.5246567 3.532813
0.01177991 0.4503556 3.649184
0.03670928 0.5086805 3.627562
36
-0.1639119 0.5658631 3.730377
-0.1795978 0.8704976 3.73382
-0.19294 1.170044 3.724828
-0.1857668 1.302725 3.717031
-0.3506657 1.055026 3.705274
-0.3694707 0.7909847 3.693938
-0.3343743 0.5985476 3.588805
-0.3125969 0.5413347 3.559536
-0.0259188 1.057981 3.732778
0.01339751 0.8045427 3.725299
0.02334534 0.5917636 3.65687
0.002489552 0.5197753 3.648889
-0.2366873 0.5672331 3.69234
-0.2588933 0.2575999 3.695315
-0.2499578 -0.1178016 3.72986
-0.2578619 -0.1267039 3.635165
-0.08783398 0.5727637 3.698601
-0.07155287 0.2636425 3.720646
-0.07635295 -0.15863 3.741125
-0.00866929 -0.1604358 3.719753
-0.1898082 1.095761 3.729227
-0.3143566 0.4882564 3.547145
-0.3499019 0.5246567 3.532813
0.01177991 0.4503556 3.649184
0.03670928 0.5086805 3.627562
37
-0.1636175 0.5658088 3.730176
-0.1795356 0.8704882 3.733825
-0.1929666 1.170098 3.72499
-0.1856668 1.302665 3.717292
-0.3506415 1.055025 3.705264
-0.3690334 0.7926746 3.692417
-0.3116101 0.6213377 3.558625
-0.2936752 0.5688235 3.51808
-0.02588445 1.058001 3.732728
0.01301879 0.804604 3.722697
0.02161232 0.5930212 3.648286
-0.001674455 0.5235507 3.627006
-0.2363294 0.5671139 3.69206
-0.2590826 0.2581737 3.694837
-0.24922 -0.1454883 3.732353
-0.2896601 -0.1510931 3.682678
-0.08760273 0.5727529 3.698451
-0.07156637 0.2635043 3.720503
-0.07595274 -0.1273461 3.73963
-0.04902039 -0.132167 3.647289
-0.1897912 1.095785 3.729307
-0.2888888 0.5198955 3.501379
-0.3108403 0.5724332 3.47846
0.007511781 0.4539121 3.633167
0.03099223 0.5139869 3.606484
38
-0.1636175 0.5658088 3.730176
-0.1795356 0.8704882 3.733825
-0.1929666 1.170098 3.72499
-0.1856668 1.302665 3.717292
-0.3506415 1.055025 3.705264
-0.3690334 0.7926746 3.692417
-0.3116101 0.6213377 3.558625
-0.2936752 0.5688235 3.51808
-0.02588445 1.058001 3.732728
0.01301879 0.804604 3.722697
0.02161232 0.5930212 3.648286
-0.001674455 0.5235507 3.627006
-0.2363294 0.5671139 3.69206
-0.2590826 0.2581737 3.694837
-0.24922 -0.1454883 3.732353
-0.2896601 -0.1510931 3.682678
-0.08760273 0.5727529 3.698451
-0.07156637 0.2635043 3.720503
-0.07595274 -0.1273461 3.73963
-0.04902039 -0.132167 3.647289
-0.1897912 1.095785 3.729307
-0.2888888 0.5198955 3.501379
-0.3108403 0.5724332 3.47846
0.007511781 0.4539121 3.633167
0.03099223 0.5139869 3.606484
39
-0.1634239 0.5657773 3.729869
-0.179499 0.8704834 3.733829
-0.1930669 1.170176 3.725331
-0.1856053 1.302597 3.717614
-0.3506495 1.055031 3.705312
-0.3688011 0.7946602 3.690639
-0.2825022 0.6512846 3.530903
-0.2536975 0.6167454 3.507067
-0.02587204 1.058027 3.732677
0.01256827 0.8068854 3.717685
0.01009978 0.6004204 3.619473
-0.01639712 0.5335636 3.593901
-0.236091 0.5670386 3.691704
-0.2591461 0.2582698 3.694454
-0.2498926 -0.1161186 3.729533
-0.2546445 -0.1263416 3.621679
-0.08745874 0.5727492 3.698168
-0.07161733 0.2633955 3.720356
-0.07575261 -0.1119216 3.73889
-0.0689809 -0.1182528 3.612197
-0.1898107 1.095823 3.729473
-0.2588241 0.5723385 3.458192
-0.2698309 0.6307127 3.433047
-0.00865881 0.4783406 3.595959
0.01939513 0.5296329 3.574647
40
-0.1634239 0.5657773 3.729869
-0.179499 0.8704834 3.733829
-0.1930669 1.170176 3.725331
-0.1856053 1.302597 3.717614
-0.3506495 1.055031 3.705312
-0.3688011 0.7946602 3.690639
-0.2825022 0.6512846 3.530903
-0.2536975 0.6167454 3.507067
-0.02587204 1.058027 3.732677
0.01256827 0.8068854 3.717685
0.01009978 0.6004204 3.619473
-0.01639712 0.5335636 3.593901
-0.236091 0.5670386 3.691704
-0.2591461 0.2582698 3.694454
-0.2498926 -0.1161186 3.729533
-0.2546445 -0.1263416 3.621679
-0.08745874 0.5727492 3.698168
-0.07161733 0.2633955 3.720356
-0.07575261 -0.1119216 3.73889
-0.0689809 -0.1182528 3.612197
-0.1898107 1.095823 3.729473
-0.2588241 0.5723385 3.458192
-0.2698309 0.6307127 3.433047
-0.00865881 0.4783406 3.595959
0.01939513 0.5296329 3.574647
41
-0.1641353 0.5656642 3.729028
-0.1795278 0.8704822 3.733826
-0.1932091 1.170274 3.725719
-0.18563 1.302504 3.718126
-0.3506896 1.055028 3.705406
-0.380735 0.8202563 3.688246
-0.2582757 0.7043574 3.516443
-0.2136803 0.6720523 3.485982
-0.02587148 1.058056 3.732623
0.01187801 0.8102626 3.710853
-0.005296445 0.6213387 3.580459
-0.0355016 0.5552025 3.553368
-0.2366657 0.5670126 3.690938
-0.2591366 0.2575315 3.69403
-0.2494387 -0.1329243 3.731048
-0.2637467 -0.1413952 3.645448
-0.08838434 0.5724952 3.69719
-0.07170413 0.2632956 3.720165
-0.07608435 -0.1444312 3.740533
-0.03130503 -0.147751 3.683706
-0.1898831 1.095878 3.729683
-0.2156671 0.6516674 3.425543
-0.2227198 0.6994153 3.400284
-0.03472382 0.4988819 3.549829
-0.002914219 0.5497292 3.531705
42
-0.1641353 0.5656642 3.729028
-0.1795278 0.8704822 3.733826
-0.1932091 1.170274 3.725719
-0.18563 1.302504 3.718126
-0.3506896 1.055028 3.705406
-0.380735 0.8202563 3.688246
-0.2582757 0.7043574 3.516443
-0.2136803 0.6720523 3.485982
-0.02587148 1.058056 3.732623
0.01187801 0.8102626 3.710853
-0.005296445 0.6213387 3.580459
-0.0355016 0.5552025 3.553368
-0.2366657 0.5670126 3.690938
-0.2591366 0.2575315 3.69403
-0.2494387 -0.1329243 3.731048
-0.2637467 -0.1413952 3.645448
-0.08838434 0.5724952 3.69719
-0.07170413 0.2632956 3.720165
-0.07608435 -0.1444312 3.740533
-0.03130503 -0.147751 3.683706
-0.1898831 1.095878 3.729683
-0.2156671 0.6516674 3.425543
-0.2227198 0.6994153 3.400284
-0.03472382 0.4988819 3.549829
-0.002914219 0.5497292 3.531705
43
-0.1671183 0.5659711 3.726516
-0.1797717 0.8705022 3.733783
-0.1934131 1.17035 3.726298
-0.1857543 1.302367 3.718831
-0.3507996 1.054999 3.705624
-0.3836233 0.8307055 3.683673
-0.225895 0.7589455 3.509031
-0.1736361 0.7478689 3.482274
-0.02588175 1.05808 3.732571
0.01082189 0.8137535 3.704011
-0.04139554 0.6399546 3.534017
-0.06565791 0.5897629 3.506639
-0.2419358 0.5686659 3.687092
-0.2591069 0.2567215 3.693682
-0.2491127 -0.1450987 3.732092
-0.2744857 -0.1519345 3.667181
-0.09028703 0.5721781 3.695385
-0.07176849 0.2631209 3.720079
-0.07580873 -0.1195726 3.739288
-0.06148961 -0.1253247 3.627702
-0.1900257 1.095932 3.729995
-0.1597949 0.7482699 3.413317
-0.181425 0.781047 3.398721
-0.07355302 0.5353261 3.492194
-0.0484549 0.6044619 3.468126
44
-0.1671183 0.5659711 3.726516
-0.1797717 0.8705022 3.733783
-0.1934131 1.17035 3.726298
-0.1857543 1.302367 3.718831
-0.3507996 1.054999 3.705624
-0.3836233 0.8307055 3.683673
-0.225895 0.7589455 3.509031
-0.1736361 0.7478689 3.482274
-0.02588175 1.05808 3.732571
0.01082189 0.8137535 3.704011
-0.04139554 0.6399546 3.534017
-0.06565791 0.5897629 3.506639
-0.2419358 0.5686659 3.687092
-0.2591069 0.2567215 3.693682
-0.2491127 -0.1450987 3.732092
-0.2744857 -0.1519345 3.667181
-0.09028703 0.5721781 3.695385
-0.07176849 0.2631209 3.720079
-0.07580873 -0.1195726 3.739288
-0.06148961 -0.1253247 3.627702
-0.1900257 1.095932 3.729995
-0.1597949 0.7482699 3.413317
-0.181425 0.781047 3.398721
-0.07355302 0.5353261 3.492194
-0.0484549 0.6044619 3.468126
45
-0.16853 0.5660561 3.725444
-0.1800278 0.8705105 3.733773
-0.1936554 1.170398 3.726902
-0.1860501 1.302096 3.719835
-0.351035 1.054791 3.706006
-0.3867388 0.8365636 3.680558
-0.1874185 0.8397262 3.509422
-0.1352863 0.850327 3.480241
-0.02593484 1.058112 3.732498
0.00897462 0.8297554 3.688275
-0.0757117 0.6799268 3.49941
-0.1113 0.6413386 3.476483
-0.243326 0.5690374 3.685959
-0.2590591 0.2559647 3.693426
-0.2486187 -0.1550458 3.733232
-0.2845395 -0.1604424 3.686932
-0.09149791 0.5719727 3.694527
-0.07187828 0.262827 3.720029
-0.07611541 -0.1430293 3.740366
-0.02486005 -0.1468684 3.674431
-0.190213 1.095968 3.73036
-0.1077476 0.8616784 3.416108
-0.1296448 0.8653567 3.404533
-0.1197809 0.5971189 3.441278
-0.1014115 0.6678284 3.420757
46
-0.16853 0.5660561 3.725444
-0.1800278 0.8705105 3.733773
-0.1936554 1.170398 3.726902
-0.1860501 1.302096 3.719835
-0.351035 1.054791 3.706006
-0.3867388 0.8365636 3.680558
-0.1874185 0.8397262 3.509422
-0.1352863 0.850327 3.480241
-0.02593484 1.058112 3.732498
0.00897462 0.8297554 3.688275
-0.0757117 0.6799268 3.49941
-0.1113 0.6413386 3.476483
-0.243326 0.5690374 3.685959
-0.2590591 0.2559647 3.693426
-0.2486187 -0.1550458 3.733232
-0.2845395 -0.1604424 3.686932
-0.09149791 0.5719727 3.694527
-0.07187828 0.262827 3.720029
-0.07611541 -0.1430293 3.740366
-0.02486005 -0.1468684 3.674431
-0.190213 1.095968 3.73036
-0.1077476 0.8616784 3.416108
-0.1296448 0.8653567 3.404533
-0.1197809 0.5971189 3.441278
-0.1014115 0.6678284 3.420757
47
-0.1693997 0.5661517 3.724853
-0.1802817 0.870516 3.733815
-0.1939284 1.170392 3.727606
-0.1865447 1.301734 3.721126
-0.3513539 1.05461 3.706617
-0.387755 0.840491 3.676253
-0.1720549 0.8806651 3.51021
-0.1221039 0.9465761 3.502019
-0.02599438 1.058144 3.732425
0.005048083 0.8408278 3.667201
-0.1195097 0.7226465 3.480402
-0.1591601 0.7162634 3.449421
-0.2441513 0.5692884 3.685289
-0.2589165 0.2552167 3.693314
-0.2483478 -0.1598448 3.733728
-0.2898449 -0.1644998 3.696774
-0.09232554 0.5718934 3.694095
-0.0719902 0.2625476 3.719994
-0.07644462 -0.1534192 3.741437
-0.01138735 -0.1561458 3.70206
-0.190443 1.095972 3.730839
-0.09437842 0.9643546 3.450901
-0.1069051 0.9581266 3.435642
-0.1724194 0.6885332 3.407
-0.152601 0.7475451 3.382525
48
-0.1693997 0.5661517 3.724853
-0.1802817 0.870516 3.733815
-0.1939284 1.170392 3.727606
-0.1865447 1.301734 3.721126
-0.3513539 1.05461 3.706617
-0.387755 0.840491 3.676253
-0.1720549 0.8806651 3.51021
-0.1221039 0.9465761 3.502019
-0.02599438 1.058144 3.732425
0.005048083 0.8408278 3.667201
-0.1195097 0.7226465 3.480402
-0.1591601 0.7162634 3.449421
-0.2441513 0.5692884 3.685289
-0.2589165 0.2552167 3.693314
-0.2483478 -0.1598448 3.733728
-0.2898449 -0.1644998 3.696774
-0.09232554 0.5718934 3.694095
-0.0719902 0.2625476 3.719994
-0.07644462 -0.1534192 3.741437
-0.01138735 -0.1561458 3.70206
-0.190443 1.095972 3.730839
-0.09437842 0.9643546 3.450901
-0.1069051 0.9581266 3.435642
-0.1724194 0.6885332 3.407
-0.152601 0.7475451 3.382525
49
-0.1700621 0.5662417 3.724442
-0.1805243 0.8705219 3.733869
-0.1941514 1.170363 3.728253
-0.1870518 1.301421 3.72226
-0.3516372 1.054455 3.707167
-0.3827793 0.8435776 3.65954
-0.1913242 0.8636829 3.486956
-0.185038 0.8559743 3.468355
-0.02615879 1.058186 3.732197
0.005853374 0.8488414 3.653265
-0.17479 0.8026201 3.485283
-0.2133557 0.8134916 3.439798
-0.2447334 0.5694706 3.684817
-0.2587737 0.2545392 3.693247
-0.2491451 -0.1262079 3.73039
-0.258406 -0.1357847 3.634621
-0.09303938 0.5718654 3.693826
-0.07208051 0.2623359 3.719953
-0.07656635 -0.1586144 3.74204
-0.005542595 -0.1607865 3.715068
-0.1906498 1.095962 3.731303
-0.1535999 0.8621455 3.418114
-0.2006163 0.8436694 3.436816
-0.2272051 0.8085151 3.402208
-0.1977495 0.8262089 3.375793
50
-0.1700621 0.5662417 3.724442
-0.1805243 0.8705219 3.733869
-0.1941514 1.170363 3.728253
-0.1870518 1.301421 3.72226
-0.3516372 1.054455 3.707167
-0.3827793 0.8435776 3.65954
-0.1913242 0.8636829 3.486956
-0.185038 0.8559743 3.468355
-0.02615879 1.058186 3.732197
0.005853374 0.8488414 3.653265
-0.17479 0.8026201 3.485283
-0.2133557 0.8134916 3.439798
-0.2447334 0.5694706 3.684817
-0.2587737 0.2545392 3.693247
-0.2491451 -0.1262079 3.73039
-0.258406 -0.1357847 3.634621
-0.09303938 0.5718654 3.693826
-0.07208051 0.2623359 3.719953
-0.07656635 -0.1586144 3.74204
-0.005542595 -0.1607865 3.715068
-0.1906498 1.095962 3.731303
-0.1535999 0.8621455 3.418114
-0.2006163 0.8436694 3.436816
-0.2272051 0.8085151 3.402208
-0.1977495 0.8262089 3.375793
51
-0.1705125 0.5664179 3.724172
-0.1807526 0.8705351 3.733931
-0.1943809 1.17029 3.728858
-0.1877133 1.301117 3.723359
-0.3519161 1.054342 3.707644
-0.35896 0.8547068 3.613363
-0.1849341 0.9297032 3.444405
-0.1726069 0.9432583 3.457413
-0.02627317 1.058231 3.731838
0.007964983 0.8538393 3.643911
-0.2101318 0.8942544 3.482676
-0.2524601 0.9244139 3.427569
-0.2450924 0.5697259 3.684503
-0.2586387 0.2540069 3.693219
-0.2486578 -0.1437557 3.732037
-0.2797379 -0.150837 3.667468
-0.0935762 0.5719597 3.693655
-0.07213291 0.2622774 3.719905
-0.07669469 -0.1616768 3.74246
-0.00181187 -0.1635098 3.72315
-0.1908595 1.095933 3.731751
-0.1766889 0.9443644 3.417549
-0.1978972 0.9433737 3.414777
-0.2762831 0.9337939 3.404036
-0.2344247 0.9280389 3.374637
52
-0.1705125 0.5664179 3.724172
-0.1807526 0.8705351 3.733931
-0.1943809 1.17029 3.728858
-0.1877133 1.301117 3.723359
-0.3519161 1.054342 3.707644
-0.35896 0.8547068 3.613363
-0.1849341 0.9297032 3.444405
-0.1726069 0.9432583 3.457413
-0.02627317 1.058231 3.731838
0.007964983 0.8538393 3.643911
-0.2101318 0.8942544 3.482676
-0.2524601 0.9244139 3.427569
-0.2450924 0.5697259 3.684503
-0.2586387 0.2540069 3.693219
-0.2486578 -0.1437557 3.732037
-0.2797379 -0.150837 3.667468
-0.0935762 0.5719597 3.693655
-0.07213291 0.2622774 3.719905
-0.07669469 -0.1616768 3.74246
-0.00181187 -0.1635098 3.72315
-0.1908595 1.095933 3.731751
-0.1766889 0.9443644 3.417549
-0.1978972 0.9433737 3.414777
-0.2762831 0.9337939 3.404036
-0.2344247 0.9280389 3.374637
53
-0.1708997 0.5667176 3.724032
-0.1810255 0.8705669 3.734019
-0.1946944 1.170152 3.729453
-0.1883604 1.300873 3.724322
-0.3520287 1.054299 3.707814
-0.3253215 0.8707875 3.570098
-0.1924877 1.006785 3.418394
-0.1615529 1.003052 3.399918
-0.04006055 1.062484 3.713466
-0.008985262 0.8627751 3.610937
-0.2444802 0.9875422 3.470371
-0.2843301 1.018208 3.444881
-0.2452752 0.5701752 3.684463
-0.2585163 0.2534585 3.693229
-0.2484491 -0.1512899 3.732731
-0.2898436 -0.1573336 3.681356
-0.09410164 0.5721806 3.693547
-0.07237184 0.2630902 3.719512
-0.07675647 -0.1636908 3.742785
0.0006592744 -0.1652792 3.728244
-0.1911467 1.095868 3.732219
-0.1640646 1.006282 3.382339
-0.1923851 1.006212 3.364334
-0.3024261 1.031097 3.430548
-0.2635074 1.020012 3.393713
54
-0.1708997 0.5667176 3.724032
-0.1810255 0.8705669 3.734019
-0.1946944 1.170152 3.729453
-0.1883604 1.300873 3.724322
-0.3520287 1.054299 3.707814
-0.3253215 0.8707875 3.570098
-0.1924877 1.006785 3.418394
-0.1615529 1.003052 3.399918
-0.04006055 1.062484 3.713466
-0.008985262 0.8627751 3.610937
-0.2444802 0.9875422 3.470371
-0.2843301 1.018208 3.444881
-0.2452752 0.5701752 3.684463
-0.2585163 0.2534585 3.693229
-0.2484491 -0.1512899 3.732731
-0.2898436 -0.1573336 3.681356
-0.09410164 0.5721806 3.693547
-0.07237184 0.2630902 3.719512
-0.07675647 -0.1636908 3.742785
0.0006592744 -0.1652792 3.728244
-0.1911467 1.095868 3.732219
-0.1640646 1.006282 3.382339
-0.1923851 1.006212 3.364334
-0.3024261 1.031097 3.430548
-0.2635074 1.020012 3.393713
55
-0.1711233 0.5669876 3.723993
-0.1812697 0.8705903 3.73411
-0.1950048 1.169974 3.729973
-0.1889731 1.300663 3.725176
-0.3498496 1.053744 3.702776
-0.3060187 0.8747975 3.54477
-0.1948625 1.036901 3.408698
-0.1568674 1.028413 3.377586
-0.04679106 1.064606 3.704515
-0.014268 0.868616 3.592376
-0.2399376 1.029333 3.488049
-0.2911127 1.071801 3.468981
-0.2452365 0.5705556 3.684463
-0.258408 0.2529929 3.693249
-0.2481478 -0.163108 3.733847
-0.2999448 -0.1660442 3.716844
-0.09444094 0.5724239 3.693675
-0.07255606 0.2637571 3.719253
-0.07683335 -0.1647915 3.742948
0.001700305 -0.1662092 3.731484
-0.191428 1.095773 3.732644
-0.1642574 1.027774 3.36758
-0.1899119 1.03257 3.343577
-0.3084338 1.095466 3.455866
-0.2600825 1.078038 3.437373
56
-0.1711233 0.5669876 3.723993
-0.1812697 0.8705903 3.73411
-0.1950048 1.169974 3.729973
-0.1889731 1.300663 3.725176
-0.3498496 1.053744 3.702776
-0.3060187 0.8747975 3.54477
-0.1948625 1.036901 3.408698
-0.1568674 1.028413 3.377586
-0.04679106 1.064606 3.704515
-0.014268 0.868616 3.592376
-0.2399376 1.029333 3.488049
-0.2911127 1.071801 3.468981
-0.2452365 0.5705556 3.684463
-0.258408 0.2529929 3.693249
-0.2481478 -0.163108 3.733847
-0.2999448 -0.1660442 3.716844
-0.09444094 0.5724239 3.693675
-0.07255606 0.2637571 3.719253
-0.07683335 -0.1647915 3.742948
0.001700305 -0.1662092 3.731484
-0.191428 1.095773 3.732644
-0.1642574 1.027774 3.36758
-0.1899119 1.03257 3.343577
-0.3084338 1.095466 3.455866
-0.2600825 1.078038 3.437373
57
-0.1712716 0.5672089 3.724013
-0.1814944 0.8706124 3.734197
-0.1952838 1.169834 3.73039
-0.1895177 1.300499 3.725881
-0.3476804 1.053469 3.698307
-0.2865289 0.8821414 3.526467
-0.1932454 1.057401 3.40128
-0.1479569 1.047414 3.360504
-0.05051051 1.065852 3.699564
-0.05017904 0.8830964 3.556093
-0.2678614 1.076007 3.481339
-0.298709 1.128169 3.488666
-0.2451651 0.5708069 3.684462
-0.2582639 0.2524382 3.693326
-0.2481066 -0.1651097 3.734019
-0.3014624 -0.1675575 3.72222
-0.09469663 0.5726538 3.693967
-0.07261415 0.2639849 3.719118
-0.07692186 -0.1649332 3.742953
0.001318275 -0.166288 3.732713
-0.1916883 1.095693 3.733008
-0.1564273 1.045823 3.352708
-0.1797471 1.053616 3.325862
-0.3216898 1.146707 3.491955
-0.2678379 1.126537 3.476182
58
-0.1712716 0.5672089 3.724013
-0.1814944 0.8706124 3.734197
-0.1952838 1.169834 3.73039
-0.1895177 1.300499 3.725881
-0.3476804 1.053469 3.698307
-0.2865289 0.8821414 3.526467
-0.1932454 1.057401 3.40128
-0.1479569 1.047414 3.360504
-0.05051051 1.065852 3.699564
-0.05017904 0.8830964 3.556093
-0.2678614 1.076007 3.481339
-0.298709 1.128169 3.488666
-0.2451651 0.5708069 3.684462
-0.2582639 0.2524382 3.693326
-0.2481066 -0.1651097 3.734019
-0.3014624 -0.1675575 3.72222
-0.09469663 0.5726538 3.693967
-0.07261415 0.2639849 3.719118
-0.07692186 -0.1649332 3.742953
0.001318275 -0.166288 3.732713
-0.1916883 1.095693 3.733008
-0.1564273 1.045823 3.352708
-0.1797471 1.053616 3.325862
-0.3216898 1.146707 3.491955
-0.2678379 1.126537 3.476182
59
-0.1713622 0.5674131 3.724063
-0.181681 0.8706484 3.734264
-0.1954665 1.16978 3.730663
-0.1900115 1.300375 3.72648
-0.3456579 1.053754 3.694561
-0.274359 0.8874387 3.51732
-0.1905062 1.071038 3.396477
-0.1396457 1.059199 3.349818
-0.05252256 1.066885 3.696666
-0.06195704 0.8874949 3.545784
-0.2774958 1.087565 3.483517
-0.296867 1.156991 3.503415
-0.2450589 0.5710061 3.684425
-0.2581408 0.2519392 3.69341
-0.248084 -0.1665104 3.734131
-0.302363 -0.1686998 3.725039
-0.09488212 0.5728799 3.694299
-0.07265469 0.2641941 3.718987
-0.07699557 -0.1639217 3.742806
-0.004305465 -0.1653261 3.73081
-0.1918764 1.09567 3.733263
-0.1469218 1.057174 3.34232
-0.1693541 1.066319 3.314664
-0.3004116 1.156543 3.51355
-0.2591575 1.139032 3.497496
60
-0.1713622 0.5674131 3.724063
-0.181681 0.8706484 3.734264
-0.1954665 1.16978 3.730663
-0.1900115 1.300375 3.72648
-0.3456579 1.053754 3.694561
-0.274359 0.8874387 3.51732
-0.1905062 1.071038 3.396477
-0.1396457 1.059199 3.349818
-0.05252256 1.066885 3.696666
-0.06195704 0.8874949 3.545784
-0.2774958 1.087565 3.483517
-0.296867 1.156991 3.503415
-0.2450589 0.5710061 3.684425
-0.2581408 0.2519392 3.69341
-0.248084 -0.1665104 3.734131
-0.302363 -0.1686998 3.725039
-0.09488212 0.5728799 3.694299
-0.07265469 0.2641941 3.718987
-0.07699557 -0.1639217 3.742806
-0.004305465 -0.1653261 3.73081
-0.1918764 1.09567 3.733263
-0.1469218 1.057174 3.34232
-0.1693541 1.066319 3.314664
-0.3004116 1.156543 3.51355
-0.2591575 1.139032 3.497496
61
-0.1713705 0.5677566 3.724134
-0.1818684 0.8708266 3.734276
-0.1956214 1.169856 3.730813
-0.1905141 1.300295 3.727014
-0.3413253 1.056828 3.688312
-0.2643371 0.8925029 3.512899
-0.1844894 1.078961 3.393376
-0.1296461 1.065719 3.342305
-0.05397888 1.068035 3.694541
-0.0689658 0.8900174 3.540932
-0.2817676 1.080831 3.487144
-0.281078 1.16514 3.525474
-0.2448233 0.571367 3.684334
-0.2580831 0.2516404 3.693474
-0.2480703 -0.1669931 3.734145
-0.3022256 -0.1692367 3.724385
-0.09499628 0.5732115 3.694638
-0.07268837 0.2643919 3.718873
-0.07706145 -0.1633509 3.742655
-0.007446055 -0.1647101 3.731009
-0.19204 1.095777 3.733411
-0.1348457 1.063307 3.333903
-0.1569651 1.07306 3.306492
-0.2666199 1.146782 3.527892
-0.2656726 1.175574 3.517245
62
-0.1713705 0.5677566 3.724134
-0.1818684 0.8708266 3.734276
-0.1956214 1.169856 3.730813
-0.1905141 1.300295 3.727014
-0.3413253 1.056828 3.688312
-0.2643371 0.8925029 3.512899
-0.1844894 1.078961 3.393376
-0.1296461 1.065719 3.342305
-0.05397888 1.068035 3.694541
-0.0689658 0.8900174 3.540932
-0.2817676 1.080831 3.487144
-0.281078 1.16514 3.525474
-0.2448233 0.571367 3.684334
-0.2580831 0.2516404 3.693474
-0.2480703 -0.1669931 3.734145
-0.3022256 -0.1692367 3.724385
-0.09499628 0.5732115 3.694638
-0.07268837 0.2643919 3.718873
-0.07706145 -0.1633509 3.742655
-0.007446055 -0.1647101 3.731009
-0.19204 1.095777 3.733411
-0.1348457 1.063307 3.333903
-0.1569651 1.07306 3.306492
-0.2666199 1.146782 3.527892
-0.2656726 1.175574 3.517245
63
-0.1713459 0.568159 3.724211
-0.1820454 0.8711674 3.734231
-0.1957036 1.170214 3.730808
-0.1909628 1.300253 3.727459
-0.33854 1.059031 3.684574
-0.2589854 0.8952876 3.510187
-0.1806244 1.084399 3.394415
-0.1240181 1.070761 3.340269
-0.05455931 1.0692 3.693461
-0.07264773 0.8952745 3.534816
-0.2827377 1.08024 3.485413
-0.2668081 1.164423 3.542864
-0.2445804 0.5717768 3.684273
-0.2580476 0.251417 3.693531
-0.2480915 -0.1667609 3.734096
-0.3014328 -0.169224 3.721796
-0.09507488 0.5735859 3.694885
-0.07271425 0.2645613 3.718777
-0.07711907 -0.162862 3.74244
-0.009895789 -0.1641959 3.730859
-0.1921561 1.096112 3.73345
-0.1290566 1.068434 3.331033
-0.1504952 1.078384 3.304077
-0.2624728 1.170584 3.5459
-0.2583705 1.170429 3.532339
64
-0.1713459 0.568159 3.724211
-0.1820454 0.8711674 3.734231
-0.1957036 1.170214 3.730808
-0.1909628 1.300253 3.727459
-0.33854 1.059031 3.684574
-0.2589854 0.8952876 3.510187
-0.1806244 1.084399 3.394415
-0.1240181 1.070761 3.340269
-0.05455931 1.0692 3.693461
-0.07264773 0.8952745 3.534816
-0.2827377 1.08024 3.485413
-0.2668081 1.164423 3.542864
-0.2445804 0.5717768 3.684273
-0.2580476 0.251417 3.693531
-0.2480915 -0.1667609 3.734096
-0.3014328 -0.169224 3.721796
-0.09507488 0.5735859 3.694885
-0.07271425 0.2645613 3.718777
-0.07711907 -0.162862 3.74244
-0.009895789 -0.1641959 3.730859
-0.1921561 1.096112 3.73345
-0.1290566 1.068434 3.331033
-0.1504952 1.078384 3.304077
-0.2624728 1.170584 3.5459
-0.2583705 1.170429 3.532339
65
-0.1712577 0.5685712 3.724277
-0.1821945 0.8717347 3.734072
-0.195787 1.171384 3.73035
-0.1913827 1.300518 3.72772
-0.3367333 1.060559 3.68225
-0.2559362 0.8973348 3.510198
-0.1774083 1.08679 3.39758
-0.1197568 1.073342 3.341625
-0.05465807 1.07032 3.692996
-0.07763415 0.8952911 3.527832
-0.2883483 1.02982 3.452063
-0.3059713 1.057586 3.427923
-0.2443031 0.5721706 3.684264
-0.2580284 0.2511905 3.693595
-0.2481194 -0.1662176 3.734014
-0.3004635 -0.1689308 3.718827
-0.09502231 0.5740175 3.694953
-0.07272429 0.2646723 3.71872
-0.07716133 -0.1625568 3.742219
-0.01124976 -0.1638582 3.731004
-0.192276 1.09705 3.733181
-0.124634 1.071618 3.330392
-0.1455383 1.081272 3.304586
-0.3056752 1.057846 3.414093
-0.3048942 1.05546 3.407672
66
-0.1712577 0.5685712 3.724277
-0.1821945 0.8717347 3.734072
-0.195787 1.171384 3.73035
-0.1913827 1.300518 3.72772
-0.3367333 1.060559 3.68225
-0.2559362 0.8973348 3.510198
-0.1774083 1.08679 3.39758
-0.1197568 1.073342 3.341625
-0.05465807 1.07032 3.692996
-0.07763415 0.8952911 3.527832
-0.2883483 1.02982 3.452063
-0.3059713 1.057586 3.427923
-0.2443031 0.5721706 3.684264
-0.2580284 0.2511905 3.693595
-0.2481194 -0.1662176 3.734014
-0.3004635 -0.1689308 3.718827
-0.09502231 0.5740175 3.694953
-0.07272429 0.2646723 3.71872
-0.07716133 -0.1625568 3.742219
-0.01124976 -0.1638582 3.731004
-0.192276 1.09705 3.733181
-0.124634 1.071618 3.330392
-0.1455383 1.081272 3.304586
-0.3056752 1.057846 3.414093
-0.3048942 1.05546 3.407672
67
-0.1711425 0.5690145 3.724338
-0.1823008 0.8724713 3.733844
-0.1957543 1.172799 3.729732
-0.1918078 1.300987 3.727892
-0.3355633 1.061714 3.680928
-0.2552172 0.8987533 3.51306
-0.1747284 1.086302 3.401694
-0.1166636 1.073384 3.345063
-0.05411538 1.071608 3.693328
-0.06979531 0.8870302 3.555881
-0.2817505 1.014648 3.464298
-0.3046185 1.001082 3.503315
-0.2440206 0.5725849 3.684281
-0.2580188 0.2509996 3.69366
-0.2481679 -0.1656858 3.733923
-0.2993578 -0.1685601 3.716702
-0.09493687 0.5744782 3.694967
-0.07273204 0.2648103 3.718682
-0.07720686 -0.162245 3.74206
-0.01212269 -0.1635403 3.730856
-0.1923082 1.098227 3.732772
-0.1210769 1.072698 3.331405
-0.1417452 1.08159 3.307069
-0.3121423 1.008471 3.541998
-0.3078173 1.002122 3.532804
68
-0.1711425 0.5690145 3.724338
-0.1823008 0.8724713 3.733844
-0.1957543 1.172799 3.729732
-0.1918078 1.300987 3.727892
-0.3355633 1.061714 3.680928
-0.2552172 0.8987533 3.51306
-0.1747284 1.086302 3.401694
-0.1166636 1.073384 3.345063
-0.05411538 1.071608 3.693328
-0.06979531 0.8870302 3.555881
-0.2817505 1.014648 3.464298
-0.3046185 1.001082 3.503315
-0.2440206 0.5725849 3.684281
-0.2580188 0.2509996 3.69366
-0.2481679 -0.1656858 3.733923
-0.2993578 -0.1685601 3.716702
-0.09493687 0.5744782 3.694967
-0.07273204 0.2648103 3.718682
-0.07720686 -0.162245 3.74206
-0.01212269 -0.1635403 3.730856
-0.1923082 1.098227 3.732772
-0.1210769 1.072698 3.331405
-0.1417452 1.08159 3.307069
-0.3121423 1.008471 3.541998
-0.3078173 1.002122 3.532804
69
-0.1710411 0.5694621 3.724398
-0.1823952 0.8732102 3.733602
-0.1956995 1.174082 3.729132
-0.1921774 1.301478 3.728
-0.3347223 1.062622 3.680074
-0.2537638 0.9002668 3.516558
-0.1668873 1.078452 3.402706
-0.1098281 1.067596 3.346278
-0.0533811 1.072705 3.693953
-0.06160839 0.9001741 3.547458
-0.2760727 1.016226 3.463676
-0.2676735 1.047258 3.528078
-0.2437832 0.57298 3.684298
-0.2580137 0.2507978 3.693731
-0.2482247 -0.1653702 3.733864
-0.2988217 -0.1683296 3.715517
-0.09486634 0.574953 3.694973
-0.07273708 0.2649372 3.71865
-0.0772297 -0.1610667 3.741852
-0.01927773 -0.162448 3.727711
-0.1923178 1.099327 3.732354
-0.1131613 1.067568 3.330796
-0.1340064 1.075636 3.307606
-0.2583842 1.084257 3.529547
-0.2734747 1.049392 3.515825
70
-0.1710411 0.5694621 3.724398
-0.1823952 0.8732102 3.733602
-0.1956995 1.174082 3.729132
-0.1921774 1.301478 3.728
-0.3347223 1.062622 3.680074
-0.2537638 0.9002668 3.516558
-0.1668873 1.078452 3.402706
-0.1098281 1.067596 3.346278
-0.0533811 1.072705 3.693953
-0.06160839 0.9001741 3.547458
-0.2760727 1.016226 3.463676
-0.2676735 1.047258 3.528078
-0.2437832 0.57298 3.684298
-0.2580137 0.2507978 3.693731
-0.2482247 -0.1653702 3.733864
-0.2988217 -0.1683296 3.715517
-0.09486634 0.574953 3.694973
-0.07273708 0.2649372 3.71865
-0.0772297 -0.1610667 3.741852
-0.01927773 -0.162448 3.727711
-0.1923178 1.099327 3.732354
-0.1131613 1.067568 3.330796
-0.1340064 1.075636 3.307606
-0.2583842 1.084257 3.529547
-0.2734747 1.049392 3.515825
71
-0.1709414 0.5697756 3.724438
-0.182457 0.8738206 3.733382
-0.1956336 1.175132 3.72861
-0.1925003 1.301934 3.728082
-0.3341222 1.063344 3.67955
-0.2469149 0.9026258 3.515912
-0.08274987 1.045923 3.542633
-0.06157772 1.023946 3.549509
-0.05259572 1.073634 3.694689
-0.0571646 0.9069006 3.543018
-0.2705097 1.020285 3.464103
-0.2526247 1.074949 3.536268
-0.2436065 0.5732222 3.684299
-0.2580117 0.2506244 3.6938
-0.2484331 -0.158843 3.733206
-0.2651846 -0.1644499 3.679018
-0.09477441 0.5753022 3.694976
-0.07273577 0.2650959 3.718626
-0.07725805 -0.1605637 3.741725
-0.02116525 -0.161976 3.726682
-0.192307 1.100241 3.731978
-0.01555321 1.017371 3.60009
-0.04104244 0.9838097 3.526596
-0.2590747 1.092099 3.528893
-0.2566432 1.089591 3.514326
72
-0.1709414 0.5697756 3.724438
-0.182457 0.8738206 3.733382
-0.1956336 1.175132 3.72861
-0.1925003 1.301934 3.728082
-0.3341222 1.063344 3.67955
-0.2469149 0.9026258 3.515912
-0.08274987 1.045923 3.542633
-0.06157772 1.023946 3.549509
-0.05259572 1.073634 3.694689
-0.0571646 0.9069006 3.543018
-0.2705097 1.020285 3.464103
-0.2526247 1.074949 3.536268
-0.2436065 0.5732222 3.684299
-0.2580117 0.2506244 3.6938
-0.2484331 -0.158843 3.733206
-0.2651846 -0.1644499 3.679018
-0.09477441 0.5753022 3.694976
-0.07273577 0.2650959 3.718626
-0.07725805 -0.1605637 3.741725
-0.02116525 -0.161976 3.726682
-0.192307 1.100241 3.731978
-0.01555321 1.017371 3.60009
-0.04104244 0.9838097 3.526596
-0.2590747 1.092099 3.528893
-0.2566432 1.089591 3.514326
73
-0.1708528 0.5700086 3.724471
-0.1825002 0.8742908 3.733206
-0.195577 1.175879 3.728234
-0.192825 1.302318 3.728193
-0.3337034 1.063918 3.679261
-0.2636415 0.8978884 3.529081
-0.1150523 1.04177 3.613403
-0.09135519 1.02507 3.615561
-0.05183648 1.074378 3.69542
-0.02912171 0.9033285 3.552334
-0.2513935 1.014034 3.466865
-0.2442047 1.0678 3.540566
-0.2434724 0.5733723 3.684305
-0.2580142 0.2504683 3.693866
-0.2484878 -0.1582409 3.733108
-0.2655614 -0.1640927 3.676306
-0.09468362 0.5755904 3.694971
-0.07273483 0.2652482 3.718604
-0.07725736 -0.1600913 3.741517
-0.02185971 -0.161535 3.725652
-0.1922926 1.10091 3.731699
-0.06849356 1.100617 3.621171
-0.04222009 0.9823621 3.588594
-0.2499062 1.099869 3.526674
-0.2597177 0.9989234 3.515687
74
-0.1708528 0.5700086 3.724471
-0.1825002 0.8742908 3.733206
-0.195577 1.175879 3.728234
-0.192825 1.302318 3.728193
-0.3337034 1.063918 3.679261
-0.2636415 0.8978884 3.529081
-0.1150523 1.04177 3.613403
-0.09135519 1.02507 3.615561
-0.05183648 1.074378 3.69542
-0.02912171 0.9033285 3.552334
-0.2513935 1.014034 3.466865
-0.2442047 1.0678 3.540566
-0.2434724 0.5733723 3.684305
-0.2580142 0.2504683 3.693866
-0.2484878 -0.1582409 3.733108
-0.2655614 -0.1640927 3.676306
-0.09468362 0.5755904 3.694971
-0.07273483 0.2652482 3.718604
-0.07725736 -0.1600913 3.741517
-0.02185971 -0.161535 3.725652
-0.1922926 1.10091 3.731699
-0.06849356 1.100617 3.621171
-0.04222009 0.9823621 3.588594
-0.2499062 1.099869 3.526674
-0.2597177 0.9989234 3.515687
75
-0.1707415 0.5702206 3.724522
-0.1825207 0.8746437 3.733087
-0.1955405 1.176321 3.728015
-0.19307 1.302526 3.728283
-0.3334288 1.064236 3.67911
-0.2718442 0.8947474 3.535491
-0.1215087 1.03618 3.653257
-0.09791167 1.022549 3.651049
-0.0513789 1.074898 3.695698
-0.01679434 0.8993758 3.558641
-0.2392467 1.009873 3.470733
-0.2413385 1.067212 3.53928
-0.2433307 0.5734989 3.684319
-0.2580179 0.2503288 3.693924
-0.2483166 -0.1591755 3.732892
-0.2725424 -0.1644693 3.683291
-0.09456766 0.5758473 3.695023
-0.07273243 0.2653825 3.718584
-0.07726524 -0.159637 3.741416
-0.02212489 -0.1611268 3.72463
-0.1922793 1.101334 3.731531
-0.07399138 1.117068 3.638091
-0.04197207 0.9771268 3.656638
-0.2732435 1.105388 3.508856
-0.2684297 0.9590428 3.521881
76
-0.1707415 0.5702206 3.724522
-0.1825207 0.8746437 3.733087
-0.1955405 1.176321 3.728015
-0.19307 1.302526 3.728283
-0.3334288 1.064236 3.67911
-0.2718442 0.8947474 3.535491
-0.1215087 1.03618 3.653257
-0.09791167 1.022549 3.651049
-0.0513789 1.074898 3.695698
-0.01679434 0.8993758 3.558641
-0.2392467 1.009873 3.470733
-0.2413385 1.067212 3.53928
-0.2433307 0.5734989 3.684319
-0.2580179 0.2503288 3.693924
-0.2483166 -0.1591755 3.732892
-0.2725424 -0.1644693 3.683291
-0.09456766 0.5758473 3.695023
-0.07273243 0.2653825 3.718584
-0.07726524 -0.159637 3.741416
-0.02212489 -0.1611268 3.72463
-0.1922793 1.101334 3.731531
-0.07399138 1.117068 3.638091
-0.04197207 0.9771268 3.656638
-0.2732435 1.105388 3.508856
-0.2684297 0.9590428 3.521881
77
-0.1706314 0.570393 3.724571
-0.1825393 0.8748819 3.733008
-0.1955301 1.176596 3.727883
-0.1932791 1.302617 3.728388
-0.333533 1.064202 3.679565
-0.2887377 0.8830784 3.550069
-0.1281164 1.028874 3.675998
-0.1048436 1.019631 3.669572
-0.05042868 1.07395 3.694536
-0.006893339 0.8867154 3.566849
-0.2300632 1.007134 3.477431
-0.2392718 1.061553 3.524065
-0.2431869 0.5735952 3.684336
-0.2580262 0.2501242 3.694006
-0.2481785 -0.1601529 3.732656
-0.2788039 -0.1649181 3.689876
-0.09446119 0.576053 3.695075
-0.0727419 0.2654515 3.718582
-0.07726929 -0.1591825 3.741322
-0.02184502 -0.1607153 3.723733
-0.192284 1.101589 3.731434
-0.06696543 1.119851 3.623471
-0.04912489 0.9583895 3.637493
-0.2865992 1.08839 3.477927
-0.2746366 0.9719132 3.503195
78
-0.1706314 0.570393 3.724571
-0.1825393 0.8748819 3.733008
-0.1955301 1.176596 3.727883
-0.1932791 1.302617 3.728388
-0.333533 1.064202 3.679565
-0.2887377 0.8830784 3.550069
-0.1281164 1.028874 3.675998
-0.1048436 1.019631 3.669572
-0.05042868 1.07395 3.694536
-0.006893339 0.8867154 3.566849
-0.2300632 1.007134 3.477431
-0.2392718 1.061553 3.524065
-0.2431869 0.5735952 3.684336
-0.2580262 0.2501242 3.694006
-0.2481785 -0.1601529 3.732656
-0.2788039 -0.1649181 3.689876
-0.09446119 0.576053 3.695075
-0.0727419 0.2654515 3.718582
-0.07726929 -0.1591825 3.741322
-0.02184502 -0.1607153 3.723733
-0.192284 1.101589 3.731434
-0.06696543 1.119851 3.623471
-0.04912489 0.9583895 3.637493
-0.2865992 1.08839 3.477927
-0.2746366 0.9719132 3.503195
79
-0.1704794 0.5705866 3.724632
-0.182549 0.8750508 3.732966
-0.1955604 1.176593 3.727957
-0.1934974 1.302589 3.728537
-0.3343259 1.063755 3.680802
-0.3022901 0.8728822 3.562852
-0.1359681 1.020507 3.687806
-0.1114397 1.01627 3.678109
-0.0495796 1.072904 3.693562
-0.0408563 0.8753381 3.568626
-0.2249374 1.004877 3.476011
-0.2422508 1.033723 3.479441
-0.2429236 0.5737382 3.684421
-0.2580398 0.2499637 3.694061
-0.2480856 -0.1607054 3.732407
-0.2842214 -0.1650557 3.695197
-0.09434611 0.5762591 3.695116
-0.07275047 0.2654823 3.718588
-0.07728085 -0.1588174 3.741122
-0.02128119 -0.1603821 3.722918
-0.1923002 1.101709 3.731439
-0.04539016 1.102633 3.634251
-0.05509894 0.9493175 3.660606
-0.2862564 1.046499 3.442826
-0.2866575 0.9900743 3.475569
80
-0.1704794 0.5705866 3.724632
-0.182549 0.8750508 3.732966
-0.1955604 1.176593 3.727957
-0.1934974 1.302589 3.728537
-0.3343259 1.063755 3.680802
-0.3022901 0.8728822 3.562852
-0.1359681 1.020507 3.687806
-0.1114397 1.01627 3.678109
-0.0495796 1.072904 3.693562
-0.0408563 0.8753381 3.568626
-0.2249374 1.004877 3.476011
-0.2422508 1.033723 3.479441
-0.2429236 0.5737382 3.684421
-0.2580398 0.2499637 3.694061
-0.2480856 -0.1607054 3.732407
-0.2842214 -0.1650557 3.695197
-0.09434611 0.5762591 3.695116
-0.07275047 0.2654823 3.718588
-0.07728085 -0.1588174 3.741122
-0.02128119 -0.1603821 3.722918
-0.1923002 1.101709 3.731439
-0.04539016 1.102633 3.634251
-0.05509894 0.9493175 3.660606
-0.2862564 1.046499 3.442826
-0.2866575 0.9900743 3.475569
81
-0.1702475 0.5709943 3.724771
-0.182558 0.8751972 3.73296
-0.1956759 1.176328 3.728274
-0.1936907 1.302519 3.728675
-0.3383657 1.061694 3.686059
-0.3135788 0.8635522 3.577192
-0.1429201 1.010184 3.692973
-0.1171688 1.009848 3.680008
-0.04878101 1.07208 3.693238
-0.0657314 0.8732107 3.566713
-0.2296132 0.996825 3.468614
-0.2431364 0.9743221 3.437645
-0.2424003 0.5742126 3.684846
-0.2580551 0.2498171 3.694113
-0.2480439 -0.1611598 3.732185
-0.2880588 -0.1652175 3.698904
-0.09423093 0.5766771 3.695121
-0.07276911 0.2654217 3.718635
-0.07726194 -0.158547 3.740835
-0.02064666 -0.1601197 3.722257
-0.1923618 1.101686 3.731596
-0.03445573 1.046236 3.667679
-0.0999341 0.940495 3.607091
-0.2769226 0.9673017 3.407851
-0.2863485 0.9778144 3.466414
82
-0.1702475 0.5709943 3.724771
-0.182558 0.8751972 3.73296
-0.1956759 1.176328 3.728274
-0.1936907 1.302519 3.728675
-0.3383657 1.061694 3.686059
-0.3135788 0.8635522 3.577192
-0.1429201 1.010184 3.692973
-0.1171688 1.009848 3.680008
-0.04878101 1.07208 3.693238
-0.0657314 0.8732107 3.566713
-0.2296132 0.996825 3.468614
-0.2431364 0.9743221 3.437645
-0.2424003 0.5742126 3.684846
-0.2580551 0.2498171 3.694113
-0.2480439 -0.1611598 3.732185
-0.2880588 -0.1652175 3.698904
-0.09423093 0.5766771 3.695121
-0.07276911 0.2654217 3.718635
-0.07726194 -0.158547 3.740835
-0.02064666 -0.1601197 3.722257
-0.1923618 1.101686 3.731596
-0.03445573 1.046236 3.667679
-0.0999341 0.940495 3.607091
-0.2769226 0.9673017 3.407851
-0.2863485 0.9778144 3.466414
83
-0.1701004 0.5713342 3.724932
-0.1825822 0.8753054 3.733022
-0.1958113 1.175835 3.728848
-0.1938395 1.302444 3.728813
-0.3414283 1.059891 3.690572
-0.3325935 0.8377297 3.608349
-0.1485671 0.9327413 3.551998
-0.1179673 0.9391702 3.567066
-0.04328742 1.066894 3.698934
-0.05789109 0.8456005 3.585449
-0.2062414 0.9544491 3.464725
-0.2350077 0.8993664 3.434967
-0.2419753 0.574626 3.685291
-0.2580691 0.2497229 3.694148
-0.2489079 -0.1250397 3.728631
-0.2596662 -0.13418 3.632152
-0.09422639 0.5769951 3.695156
-0.07279477 0.2651594 3.718729
-0.07720883 -0.1583601 3.740488
-0.0200508 -0.1599251 3.721622
-0.1924553 1.101484 3.731969
-0.05108169 0.9894887 3.492812
-0.08441249 0.8679208 3.543647
-0.2501207 0.8854295 3.403043
-0.2742655 0.9166034 3.467711
84
-0.1701004 0.5713342 3.724932
-0.1825822 0.8753054 3.733022
-0.1958113 1.175835 3.728848
-0.1938395 1.302444 3.728813
-0.3414283 1.059891 3.690572
-0.3325935 0.8377297 3.608349
-0.1485671 0.9327413 3.551998
-0.1179673 0.9391702 3.567066
-0.04328742 1.066894 3.698934
-0.05789109 0.8456005 3.585449
-0.2062414 0.9544491 3.464725
-0.2350077 0.8993664 3.434967
-0.2419753 0.574626 3.685291
-0.2580691 0.2497229 3.694148
-0.2489079 -0.1250397 3.728631
-0.2596662 -0.13418 3.632152
-0.09422639 0.5769951 3.695156
-0.07279477 0.2651594 3.718729
-0.07720883 -0.1583601 3.740488
-0.0200508 -0.1599251 3.721622
-0.1924553 1.101484 3.731969
-0.05108169 0.9894887 3.492812
-0.08441249 0.8679208 3.543647
-0.2501207 0.8854295 3.403043
-0.2742655 0.9166034 3.467711
85
-0.1699595 0.571636 3.725084
-0.1826003 0.8753721 3.733131
-0.1959464 1.175119 3.72964
-0.1939522 1.302346 3.728948
-0.3440609 1.057983 3.694676
-0.340318 0.8269395 3.621723
-0.1554125 0.9273079 3.551156
-0.1207106 0.8978492 3.488549
-0.03913795 1.063111 3.707236
-0.08090491 0.8197638 3.57761
-0.2603647 0.8999302 3.498276
-0.2898235 0.8357753 3.515822
-0.2415698 0.574956 3.685665
-0.258075 0.2496698 3.694166
-0.2484831 -0.1424007 3.730071
-0.286123 -0.1486462 3.671926
-0.09423091 0.5772814 3.695194
-0.07278475 0.2648429 3.718783
-0.07716338 -0.1582551 3.740214
-0.0193862 -0.1598195 3.721133
-0.1925518 1.101099 3.732525
-0.05648848 0.9245107 3.454294
-0.114767 0.8684875 3.449056
-0.3174374 0.8498808 3.550372
-0.3100087 0.8676205 3.535732
86
-0.1699595 0.571636 3.725084
-0.1826003 0.8753721 3.733131
-0.1959464 1.175119 3.72964
-0.1939522 1.302346 3.728948
-0.3440609 1.057983 3.694676
-0.340318 0.8269395 3.621723
-0.1554125 0.9273079 3.551156
-0.1207106 0.8978492 3.488549
-0.03913795 1.063111 3.707236
-0.08090491 0.8197638 3.57761
-0.2603647 0.8999302 3.498276
-0.2898235 0.8357753 3.515822
-0.2415698 0.574956 3.685665
-0.258075 0.2496698 3.694166
-0.2484831 -0.1424007 3.730071
-0.286123 -0.1486462 3.671926
-0.09423091 0.5772814 3.695194
-0.07278475 0.2648429 3.718783
-0.07716338 -0.1582551 3.740214
-0.0193862 -0.1598195 3.721133
-0.1925518 1.101099 3.732525
-0.05648848 0.9245107 3.454294
-0.114767 0.8684875 3.449056
-0.3174374 0.8498808 3.550372
-0.3100087 0.8676205 3.535732
87
-0.1698748 0.571773 3.725201
-0.1826291 0.8753472 3.733317
-0.1960667 1.174363 3.730449
-0.1940362 1.302234 3.729066
-0.3461339 1.056451 3.69803
-0.3447546 0.821346 3.628916
-0.1547457 0.8167844 3.495733
-0.1127651 0.7932819 3.450863
-0.03622124 1.059008 3.71489
-0.04939302 0.8100792 3.614405
-0.1274495 0.7097349 3.472286
-0.1497068 0.6652993 3.465201
-0.2412962 0.5750843 3.685964
-0.2580787 0.2496299 3.69418
-0.2483154 -0.1491717 3.730568
-0.298348 -0.154165 3.689267
-0.09423616 0.5774068 3.695226
-0.0731473 0.2617274 3.719391
-0.07706445 -0.1582824 3.739907
-0.01876354 -0.1597601 3.720787
-0.1926486 1.100607 3.733154
-0.08960707 0.7317837 3.410125
-0.1397732 0.8185657 3.380277
-0.1557477 0.6288906 3.475712
-0.1497244 0.6206015 3.499688
88
-0.1698748 0.571773 3.725201
-0.1826291 0.8753472 3.733317
-0.1960667 1.174363 3.730449
-0.1940362 1.302234 3.729066
-0.3461339 1.056451 3.69803
-0.3447546 0.821346 3.628916
-0.1547457 0.8167844 3.495733
-0.1127651 0.7932819 3.450863
-0.03622124 1.059008 3.71489
-0.04939302 0.8100792 3.614405
-0.1274495 0.7097349 3.472286
-0.1497068 0.6652993 3.465201
-0.2412962 0.5750843 3.685964
-0.2580787 0.2496299 3.69418
-0.2483154 -0.1491717 3.730568
-0.298348 -0.154165 3.689267
-0.09423616 0.5774068 3.695226
-0.0731473 0.2617274 3.719391
-0.07706445 -0.1582824 3.739907
-0.01876354 -0.1597601 3.720787
-0.1926486 1.100607 3.733154
-0.08960707 0.7317837 3.410125
-0.1397732 0.8185657 3.380277
-0.1557477 0.6288906 3.475712
-0.1497244 0.6206015 3.499688
89
-0.1703069 0.5714031 3.725102
-0.1827537 0.8751572 3.733518
-0.1961592 1.173645 3.731188
-0.1940914 1.302123 3.729166
-0.3475669 1.055293 3.70048
-0.3478952 0.8172055 3.634031
-0.1778877 0.7193242 3.457561
-0.1532731 0.6948651 3.428617
-0.03450544 1.056516 3.719771
-0.02760771 0.8038635 3.64535
-0.08244634 0.6228662 3.499467
-0.107762 0.5550061 3.495157
-0.2414906 0.5748123 3.685977
-0.2580814 0.2495999 3.69419
-0.248225 -0.1540106 3.7309
-0.3043239 -0.1581986 3.699916
-0.09510794 0.5767135 3.694961
-0.07341766 0.2590193 3.719921
-0.07695934 -0.1582268 3.739684
-0.01734135 -0.1596267 3.720813
-0.1927431 1.100075 3.733758
-0.1567729 0.6531844 3.38638
-0.1779552 0.7372237 3.366539
-0.09759998 0.5026964 3.502701
-0.1313372 0.5463518 3.550773
90
-0.1703069 0.5714031 3.725102
-0.1827537 0.8751572 3.733518
-0.1961592 1.173645 3.731188
-0.1940914 1.302123 3.729166
-0.3475669 1.055293 3.70048
-0.3478952 0.8172055 3.634031
-0.1778877 0.7193242 3.457561
-0.1532731 0.6948651 3.428617
-0.03450544 1.056516 3.719771
-0.02760771 0.8038635 3.64535
-0.08244634 0.6228662 3.499467
-0.107762 0.5550061 3.495157
-0.2414906 0.5748123 3.685977
-0.2580814 0.2495999 3.69419
-0.248225 -0.1540106 3.7309
-0.3043239 -0.1581986 3.699916
-0.09510794 0.5767135 3.694961
-0.07341766 0.2590193 3.719921
-0.07695934 -0.1582268 3.739684
-0.01734135 -0.1596267 3.720813
-0.1927431 1.100075 3.733758
-0.1567729 0.6531844 3.38638
-0.1779552 0.7372237 3.366539
-0.09759998 0.5026964 3.502701
-0.1313372 0.5463518 3.550773
91
-0.1711071 0.5707209 3.724925
-0.1829793 0.8748457 3.733735
-0.1962373 1.173018 3.731819
-0.1940831 1.302015 3.729212
-0.3486404 1.054389 3.702451
-0.3498341 0.8130637 3.639065
-0.2230127 0.6391531 3.463574
-0.2010569 0.5984718 3.456791
-0.03345211 1.054755 3.723211
-0.00773339 0.8144822 3.690983
-0.009459772 0.5877525 3.556187
-0.0395951 0.5172143 3.53435
-0.2420186 0.5742832 3.685859
-0.257974 0.2491741 3.694267
-0.2482326 -0.1564691 3.730993
-0.307306 -0.1602086 3.705358
-0.0964279 0.5756167 3.694671
-0.0734878 0.2578423 3.719989
-0.07680792 -0.1581953 3.739396
-0.01646299 -0.1595546 3.720577
-0.1928424 1.099566 3.734295
-0.2139761 0.5333959 3.458584
-0.2274357 0.6259022 3.388058
-0.03863789 0.4524388 3.536183
-0.06793189 0.5265789 3.540267
92
-0.1711071 0.5707209 3.724925
-0.1829793 0.8748457 3.733735
-0.1962373 1.173018 3.731819
-0.1940831 1.302015 3.729212
-0.3486404 1.054389 3.702451
-0.3498341 0.8130637 3.639065
-0.2230127 0.6391531 3.463574
-0.2010569 0.5984718 3.456791
-0.03345211 1.054755 3.723211
-0.00773339 0.8144822 3.690983
-0.009459772 0.5877525 3.556187
-0.0395951 0.5172143 3.53435
-0.2420186 0.5742832 3.685859
-0.257974 0.2491741 3.694267
-0.2482326 -0.1564691 3.730993
-0.307306 -0.1602086 3.705358
-0.0964279 0.5756167 3.694671
-0.0734878 0.2578423 3.719989
-0.07680792 -0.1581953 3.739396
-0.01646299 -0.1595546 3.720577
-0.1928424 1.099566 3.734295
-0.2139761 0.5333959 3.458584
-0.2274357 0.6259022 3.388058
-0.03863789 0.4524388 3.536183
-0.06793189 0.5265789 3.540267
93
-0.1713106 0.5700412 3.724606
-0.1831001 0.8744954 3.733895
-0.1962802 1.17247 3.732347
-0.1939957 1.301863 3.729249
-0.3493945 1.053737 3.703853
-0.3513483 0.8088466 3.643852
-0.2782296 0.5896559 3.509248
-0.2560348 0.5390613 3.485077
-0.03272935 1.053641 3.72562
0.001377747 0.8197992 3.711101
0.01789797 0.5560278 3.5929
-0.006864822 0.4966075 3.586468
-0.2420904 0.5735182 3.68554
-0.2578508 0.2488467 3.694352
-0.2482466 -0.1581369 3.731047
-0.309257 -0.1615641 3.709004
-0.09684201 0.5748499 3.694277
-0.07356589 0.2569302 3.720027
-0.07664991 -0.1581782 3.739283
-0.01575292 -0.1595062 3.720407
-0.1928984 1.099086 3.734753
-0.2614709 0.4799101 3.478143
-0.2849478 0.5411385 3.440332
0.01302633 0.4083417 3.594754
-0.03148821 0.4561125 3.582928
94
-0.1713106 0.5700412 3.724606
-0.1831001 0.8744954 3.733895
-0.1962802 1.17247 3.732347
-0.1939957 1.301863 3.729249
-0.3493945 1.053737 3.703853
-0.3513483 0.8088466 3.643852
-0.2782296 0.5896559 3.509248
-0.2560348 0.5390613 3.485077
-0.03272935 1.053641 3.72562
0.001377747 0.8197992 3.711101
0.01789797 0.5560278 3.5929
-0.006864822 0.4966075 3.586468
-0.2420904 0.5735182 3.68554
-0.2578508 0.2488467 3.694352
-0.2482466 -0.1581369 3.731047
-0.309257 -0.1615641 3.709004
-0.09684201 0.5748499 3.694277
-0.07356589 0.2569302 3.720027
-0.07664991 -0.1581782 3.739283
-0.01575292 -0.1595062 3.720407
-0.1928984 1.099086 3.734753
-0.2614709 0.4799101 3.478143
-0.2849478 0.5411385 3.440332
0.01302633 0.4083417 3.594754
-0.03148821 0.4561125 3.582928
95
-0.1709784 0.5693191 3.724164
-0.1831124 0.874149 3.733966
-0.1962996 1.172046 3.73267
-0.1937516 1.301646 3.729163
-0.3499053 1.053282 3.704803
-0.3552006 0.8047545 3.651201
-0.3182099 0.5704784 3.544278
-0.3038556 0.5203662 3.540687
-0.03212263 1.052952 3.727347
0.006984497 0.8208667 3.721998
0.03639143 0.576879 3.64002
0.01241522 0.5224671 3.635641
-0.241808 0.5726326 3.685126
-0.2577893 0.2487041 3.694348
-0.2482218 -0.162003 3.731292
-0.3099415 -0.1642609 3.722175
-0.09646123 0.5741873 3.693709
-0.07348797 0.257033 3.719729
-0.07665988 -0.1581433 3.739283
-0.01437094 -0.1595327 3.719888
-0.1929157 1.098688 3.73504
-0.3097204 0.4338567 3.536984
-0.3351402 0.5097125 3.508683
0.02097759 0.4415224 3.639101
-0.02078567 0.5154147 3.619938
96
-0.1709784 0.5693191 3.724164
-0.1831124 0.874149 3.733966
-0.1962996 1.172046 3.73267
-0.1937516 1.301646 3.729163
-0.3499053 1.053282 3.704803
-0.3552006 0.8047545 3.651201
-0.3182099 0.5704784 3.544278
-0.3038556 0.5203662 3.540687
-0.03212263 1.052952 3.727347
0.006984497 0.8208667 3.721998
0.03639143 0.576879 3.64002
0.01241522 0.5224671 3.635641
-0.241808 0.5726326 3.685126
-0.2577893 0.2487041 3.694348
-0.2482218 -0.162003 3.731292
-0.3099415 -0.1642609 3.722175
-0.09646123 0.5741873 3.693709
-0.07348797 0.257033 3.719729
-0.07665988 -0.1581433 3.739283
-0.01437094 -0.1595327 3.719888
-0.1929157 1.098688 3.73504
-0.3097204 0.4338567 3.536984
-0.3351402 0.5097125 3.508683
0.02097759 0.4415224 3.639101
-0.02078567 0.5154147 3.619938
97
-0.1702679 0.5685057 3.723901
-0.1830747 0.8737901 3.734023
-0.1963146 1.171705 3.732894
-0.1932593 1.301389 3.728828
-0.3502588 1.052914 3.705435
-0.360222 0.7951678 3.663312
-0.3562584 0.5415665 3.588032
-0.3409609 0.4713233 3.589349
-0.03154138 1.052561 3.728743
0.01188491 0.8150864 3.732433
0.05619798 0.5583318 3.673027
0.038118 0.4901876 3.678875
-0.2411437 0.5716241 3.684871
-0.2577579 0.2486708 3.694272
-0.2482447 -0.1641901 3.731373
-0.3104073 -0.1659135 3.728134
-0.09573349 0.573508 3.693369
-0.07330663 0.2571436 3.719511
-0.07669591 -0.1568277 3.739218
-0.03669814 -0.1592828 3.694524
-0.192922 1.098343 3.735254
-0.3319905 0.423201 3.599043
-0.382753 0.454547 3.580294
0.04784529 0.4336882 3.678295
0.001086906 0.5050957 3.64684
98
-0.1702679 0.5685057 3.723901
-0.1830747 0.8737901 3.734023
-0.1963146 1.171705 3.732894
-0.1932593 1.301389 3.728828
-0.3502588 1.052914 3.705435
-0.360222 0.7951678 3.663312
-0.3562584 0.5415665 3.588032
-0.3409609 0.4713233 3.589349
-0.03154138 1.052561 3.728743
0.01188491 0.8150864 3.732433
0.05619798 0.5583318 3.673027
0.038118 0.4901876 3.678875
-0.2411437 0.5716241 3.684871
-0.2577579 0.2486708 3.694272
-0.2482447 -0.1641901 3.731373
-0.3104073 -0.1659135 3.728134
-0.09573349 0.573508 3.693369
-0.07330663 0.2571436 3.719511
-0.07669591 -0.1568277 3.739218
-0.03669814 -0.1592828 3.694524
-0.192922 1.098343 3.735254
-0.3319905 0.423201 3.599043
-0.382753 0.454547 3.580294
0.04784529 0.4336882 3.678295
0.001086906 0.5050957 3.64684
99
-0.1694949 0.5677488 3.723752
-0.1829536 0.8733832 3.734044
-0.1962214 1.171311 3.732918
-0.1920269 1.301116 3.727371
-0.3505093 1.052565 3.705809
-0.3659034 0.7844599 3.675337
-0.3773846 0.5337928 3.621113
-0.3621319 0.4602894 3.635333
-0.03076325 1.05231 3.729948
0.01476225 0.8105634 3.738697
0.06321758 0.5607516 3.69388
0.04004075 0.5170925 3.703578
-0.2404191 0.5706843 3.684733
-0.2577343 0.2486525 3.694201
-0.2492014 -0.1235226 3.727634
-0.2563791 -0.1321681 3.633227
-0.09494808 0.5729009 3.693153
-0.07299741 0.2574952 3.719246
-0.07651432 -0.1296495 3.737908
-0.06101365 -0.1347167 3.635709
-0.1928324 1.097947 3.735319
-0.3543475 0.4124783 3.647304
-0.3968612 0.4558177 3.624423
0.05533417 0.4269729 3.703974
0.01321065 0.5082446 3.670898
100
-0.1694949 0.5677488 3.723752
-0.1829536 0.8733832 3.734044
-0.1962214 1.171311 3.732918
-0.1920269 1.301116 3.727371
-0.3505093 1.052565 3.705809
-0.3659034 0.7844599 3.675337
-0.3773846 0.5337928 3.621113
-0.3621319 0.4602894 3.635333
-0.03076325 1.05231 3.729948
0.01476225 0.8105634 3.738697
0.06321758 0.5607516 3.69388
0.04004075 0.5170925 3.703578
-0.2404191 0.5706843 3.684733
-0.2577343 0.2486525 3.694201
-0.2492014 -0.1235226 3.727634
-0.2563791 -0.1321681 3.633227
-0.09494808 0.5729009 3.693153
-0.07299741 0.2574952 3.719246
-0.07651432 -0.1296495 3.737908
-0.06101365 -0.1347167 3.635709
-0.1928324 1.097947 3.735319
-0.3543475 0.4124783 3.647304
-0.3968612 0.4558177 3.624423
0.05533417 0.4269729 3.703974
0.01321065 0.5082446 3.670898
101
-0.168686 0.567071 3.723737
-0.1827235 0.872943 3.734016
-0.195839 1.170797 3.732489
-0.1903543 1.300894 3.725099
-0.3504602 1.052129 3.705659
-0.3710998 0.7782123 3.68855
-0.3917893 0.5355397 3.652566
-0.3679075 0.4640709 3.662491
-0.03006455 1.052214 3.730858
0.01684858 0.8075026 3.743788
0.06910193 0.5629713 3.719518
0.04502451 0.5130899 3.72292
-0.2396906 0.5698457 3.684687
-0.2576993 0.2486288 3.694159
-0.2485995 -0.1491883 3.729954
-0.2761759 -0.1532233 3.692121
-0.09410051 0.5723768 3.693132
-0.07253341 0.2581444 3.719015
-0.0763524 -0.1126697 3.737102
-0.07222727 -0.11922 3.603679
-0.1925322 1.097455 3.735106
-0.3395973 0.3841013 3.635398
-0.3941889 0.4344776 3.672264
0.04687709 0.4288276 3.719572
0.01478079 0.5077339 3.683999
102
-0.168686 0.567071 3.723737
-0.1827235 0.872943 3.734016
-0.195839 1.170797 3.732489
-0.1903543 1.300894 3.725099
-0.3504602 1.052129 3.705659
-0.3710998 0.7782123 3.68855
-0.3917893 0.5355397 3.652566
-0.3679075 0.4640709 3.662491
-0.03006455 1.052214 3.730858
0.01684858 0.8075026 3.743788
0.06910193 0.5629713 3.719518
0.04502451 0.5130899 3.72292
-0.2396906 0.5698457 3.684687
-0.2576993 0.2486288 3.694159
-0.2485995 -0.1491883 3.729954
-0.2761759 -0.1532233 3.692121
-0.09410051 0.5723768 3.693132
-0.07253341 0.2581444 3.719015
-0.0763524 -0.1126697 3.737102
-0.07222727 -0.11922 3.603679
-0.1925322 1.097455 3.735106
-0.3395973 0.3841013 3.635398
-0.3941889 0.4344776 3.672264
0.04687709 0.4288276 3.719572
0.01478079 0.5077339 3.683999
103
-0.1677623 0.5664251 3.724008
-0.1823953 0.8724832 3.73395
-0.1950974 1.170172 3.731366
-0.1885384 1.300915 3.721828
-0.3499508 1.051778 3.704677
-0.3768333 0.77477 3.701886
-0.3999999 0.5385058 3.675259
-0.3720958 0.4710107 3.680018
-0.02938067 1.052197 3.73155
0.01862874 0.8019989 3.749336
0.06470332 0.5672881 3.727863
0.04371177 0.5196507 3.734697
-0.238874 0.5690974 3.68483
-0.257666 0.2486154 3.694118
-0.248501 -0.1526334 3.730284
-0.2795355 -0.1560196 3.70058
-0.09312118 0.5718359 3.693541
-0.07201658 0.2589165 3.718784
-0.07627796 -0.1066233 3.736803
-0.07685633 -0.1137872 3.591335
-0.1919776 1.096864 3.734494
-0.3490718 0.3996609 3.658741
-0.3959342 0.4578378 3.678614
0.04613324 0.4397427 3.735046
0.00992777 0.5172701 3.688376
104
-0.1677623 0.5664251 3.724008
-0.1823953 0.8724832 3.73395
-0.1950974 1.170172 3.731366
-0.1885384 1.300915 3.721828
-0.3499508 1.051778 3.704677
-0.3768333 0.77477 3.701886
-0.3999999 0.5385058 3.675259
-0.3720958 0.4710107 3.680018
-0.02938067 1.052197 3.73155
0.01862874 0.8019989 3.749336
0.06470332 0.5672881 3.727863
0.04371177 0.5196507 3.734697
-0.238874 0.5690974 3.68483
-0.257666 0.2486154 3.694118
-0.248501 -0.1526334 3.730284
-0.2795355 -0.1560196 3.70058
-0.09312118 0.5718359 3.693541
-0.07201658 0.2589165 3.718784
-0.07627796 -0.1066233 3.736803
-0.07685633 -0.1137872 3.591335
-0.1919776 1.096864 3.734494
-0.3490718 0.3996609 3.658741
-0.3959342 0.4578378 3.678614
0.04613324 0.4397427 3.735046
0.00992777 0.5172701 3.688376
105
-0.1668727 0.565864 3.724368
-0.1819248 0.8719597 3.733769
-0.1938547 1.169269 3.728991
-0.1869337 1.300875 3.718585
-0.3493752 1.051526 3.703545
-0.3840905 0.7740318 3.720592
-0.4041468 0.5450783 3.690727
-0.3764344 0.4781582 3.696341
-0.02877636 1.052241 3.732037
0.01959586 0.7977901 3.753392
0.06108453 0.5693935 3.732472
0.03567979 0.5224974 3.734879
-0.2380661 0.5684395 3.685071
-0.2576239 0.248614 3.69405
-0.2483405 -0.1619277 3.731204
-0.2934741 -0.1636318 3.723652
-0.0922042 0.5713784 3.694024
-0.07153846 0.2596596 3.718565
-0.07620909 -0.1027483 3.73659
-0.07908609 -0.1103026 3.583963
-0.1910128 1.096018 3.733037
-0.3486685 0.4235158 3.684506
-0.3968509 0.4693173 3.692227
0.03211241 0.4468616 3.730042
0.0015488 0.5208265 3.684661
106
-0.1668727 0.565864 3.724368
-0.1819248 0.8719597 3.733769
-0.1938547 1.169269 3.728991
-0.1869337 1.300875 3.718585
-0.3493752 1.051526 3.703545
-0.3840905 0.7740318 3.720592
-0.4041468 0.5450783 3.690727
-0.3764344 0.4781582 3.696341
-0.02877636 1.052241 3.732037
0.01959586 0.7977901 3.753392
0.06108453 0.5693935 3.732472
0.03567979 0.5224974 3.734879
-0.2380661 0.5684395 3.685071
-0.2576239 0.248614 3.69405
-0.2483405 -0.1619277 3.731204
-0.2934741 -0.1636318 3.723652
-0.0922042 0.5713784 3.694024
-0.07153846 0.2596596 3.718565
-0.07620909 -0.1027483 3.73659
-0.07908609 -0.1103026 3.583963
-0.1910128 1.096018 3.733037
-0.3486685 0.4235158 3.684506
-0.3968509 0.4693173 3.692227
0.03211241 0.4468616 3.730042
0.0015488 0.5208265 3.684661
107
-0.166118 0.5653825 3.724741
-0.1813801 0.8713835 3.733488
-0.1924596 1.16828 3.726211
-0.1855828 1.300822 3.715434
-0.3487625 1.051378 3.702414
-0.3882975 0.7736667 3.731479
-0.4054275 0.550231 3.699493
-0.3756053 0.4860282 3.70151
-0.02822137 1.052323 3.73232
0.02025259 0.7951652 3.756259
0.04961712 0.5720267 3.732484
0.02736005 0.516419 3.729253
-0.2373881 0.5678875 3.685346
-0.2575806 0.2486235 3.693955
-0.2482592 -0.1641915 3.731489
-0.2956853 -0.1656255 3.727495
-0.0914233 0.5709773 3.694503
-0.07129284 0.2597338 3.718449
-0.07632202 -0.1019661 3.736647
-0.07886603 -0.1095915 3.584382
-0.189874 1.095056 3.731154
-0.3462055 0.4381675 3.691731
-0.3953901 0.4730531 3.702563
0.01945407 0.4559192 3.718457
-0.004484437 0.5286066 3.678357
108
-0.166118 0.5653825 3.724741
-0.1813801 0.8713835 3.733488
-0.1924596 1.16828 3.726211
-0.1855828 1.300822 3.715434
-0.3487625 1.051378 3.702414
-0.3882975 0.7736667 3.731479
-0.4054275 0.550231 3.699493
-0.3756053 0.4860282 3.70151
-0.02822137 1.052323 3.73232
0.02025259 0.7951652 3.756259
0.04961712 0.5720267 3.732484
0.02736005 0.516419 3.729253
-0.2373881 0.5678875 3.685346
-0.2575806 0.2486235 3.693955
-0.2482592 -0.1641915 3.731489
-0.2956853 -0.1656255 3.727495
-0.0914233 0.5709773 3.694503
-0.07129284 0.2597338 3.718449
-0.07632202 -0.1019661 3.736647
-0.07886603 -0.1095915 3.584382
-0.189874 1.095056 3.731154
-0.3462055 0.4381675 3.691731
-0.3953901 0.4730531 3.702563
0.01945407 0.4559192 3.718457
-0.004484437 0.5286066 3.678357
109
-0.1654652 0.5648807 3.725144
-0.1808305 0.8707422 3.733104
-0.1913534 1.167376 3.723469
-0.1843019 1.300587 3.712092
-0.348181 1.051233 3.701322
-0.3915041 0.7736793 3.739237
-0.4047285 0.5548993 3.703938
-0.3738217 0.4924009 3.702159
-0.02767651 1.052304 3.732363
0.02078573 0.7934884 3.758347
0.04067795 0.574117 3.729716
0.02188986 0.5186641 3.722161
-0.236781 0.5672806 3.68574
-0.2575393 0.2486381 3.693858
-0.2482144 -0.1657777 3.731772
-0.2972629 -0.167112 3.729252
-0.09076786 0.570569 3.694943
-0.07106079 0.2597837 3.718374
-0.07641169 -0.1032522 3.73674
-0.07671464 -0.1107352 3.588738
-0.1889012 1.094114 3.72914
-0.3452821 0.4449729 3.697181
-0.3905883 0.4812369 3.696896
0.0151013 0.457965 3.717721
-0.008393974 0.5300051 3.675628
110
-0.1654652 0.5648807 3.725144
-0.1808305 0.8707422 3.733104
-0.1913534 1.167376 3.723469
-0.1843019 1.300587 3.712092
-0.348181 1.051233 3.701322
-0.3915041 0.7736793 3.739237
-0.4047285 0.5548993 3.703938
-0.3738217 0.4924009 3.702159
-0.02767651 1.052304 3.732363
0.02078573 0.7934884 3.758347
0.04067795 0.574117 3.729716
0.02188986 0.5186641 3.722161
-0.236781 0.5672806 3.68574
-0.2575393 0.2486381 3.693858
-0.2482144 -0.1657777 3.731772
-0.2972629 -0.167112 3.729252
-0.09076786 0.570569 3.694943
-0.07106079 0.2597837 3.718374
-0.07641169 -0.1032522 3.73674
-0.07671464 -0.1107352 3.588738
-0.1889012 1.094114 3.72914
-0.3452821 0.4449729 3.697181
-0.3905883 0.4812369 3.696896
0.0151013 0.457965 3.717721
-0.008393974 0.5300051 3.675628
111
-0.1649006 0.564449 3.7256
-0.1803254 0.8701679 3.732735
-0.190469 1.166662 3.721185
-0.183387 1.30039 3.70957
-0.3475933 1.051181 3.700282
-0.3935117 0.7735794 3.744363
-0.4026035 0.5588374 3.704222
-0.3720841 0.4968365 3.700187
-0.02716193 1.052331 3.732287
0.021168 0.7923939 3.759833
0.03491932 0.575781 3.726589
0.01943927 0.5194861 3.719256
-0.2362391 0.5667543 3.686247
-0.2574955 0.2486517 3.693775
-0.2481216 -0.1667743 3.732041
-0.2984399 -0.1681671 3.729246
-0.0902177 0.570222 3.69538
-0.07084156 0.2598044 3.718329
-0.07649849 -0.1054517 3.736894
-0.073838 -0.1127222 3.594659
-0.1880878 1.093338 3.727383
-0.3441076 0.4500028 3.698688
-0.3893432 0.4878869 3.689484
0.01216647 0.4574888 3.711505
-0.01034847 0.5340453 3.672251
112
-0.1649006 0.564449 3.7256
-0.1803254 0.8701679 3.732735
-0.190469 1.166662 3.721185
-0.183387 1.30039 3.70957
-0.3475933 1.051181 3.700282
-0.3935117 0.7735794 3.744363
-0.4026035 0.5588374 3.704222
-0.3720841 0.4968365 3.700187
-0.02716193 1.052331 3.732287
0.021168 0.7923939 3.759833
0.03491932 0.575781 3.726589
0.01943927 0.5194861 3.719256
-0.2362391 0.5667543 3.686247
-0.2574955 0.2486517 3.693775
-0.2481216 -0.1667743 3.732041
-0.2984399 -0.1681671 3.729246
-0.0902177 0.570222 3.69538
-0.07084156 0.2598044 3.718329
-0.07649849 -0.1054517 3.736894
-0.073838 -0.1127222 3.594659
-0.1880878 1.093338 3.727383
-0.3441076 0.4500028 3.698688
-0.3893432 0.4878869 3.689484
0.01216647 0.4574888 3.711505
-0.01034847 0.5340453 3.672251
113
-0.1643901 0.5640609 3.726041
-0.1797833 0.8695997 3.732313
-0.1897179 1.166088 3.719212
-0.1826273 1.300226 3.706856
-0.3470555 1.051103 3.699299
-0.394836 0.7734244 3.747725
-0.4000186 0.5615829 3.702346
-0.3689042 0.5004299 3.690929
-0.02662072 1.052495 3.731892
0.02141532 0.7916021 3.760899
0.03102555 0.5769864 3.722419
0.01632941 0.5165384 3.710559
-0.2357135 0.5662464 3.686816
-0.2574211 0.2486366 3.69368
-0.2480739 -0.1674954 3.732231
-0.3001013 -0.1687904 3.730867
-0.08973739 0.5699233 3.695762
-0.07065004 0.2598057 3.718299
-0.07661009 -0.1075585 3.737044
-0.07173854 -0.1146477 3.59966
-0.1873535 1.092681 3.725767
-0.3450252 0.4532467 3.6918
-0.3875081 0.4874263 3.679024
0.006314925 0.4599006 3.702277
-0.01189398 0.5366184 3.668346
114
-0.1643901 0.5640609 3.726041
-0.1797833 0.8695997 3.732313
-0.1897179 1.166088 3.719212
-0.1826273 1.300226 3.706856
-0.3470555 1.051103 3.699299
-0.394836 0.7734244 3.747725
-0.4000186 0.5615829 3.702346
-0.3689042 0.5004299 3.690929
-0.02662072 1.052495 3.731892
0.02141532 0.7916021 3.760899
0.03102555 0.5769864 3.722419
0.01632941 0.5165384 3.710559
-0.2357135 0.5662464 3.686816
-0.2574211 0.2486366 3.69368
-0.2480739 -0.1674954 3.732231
-0.3001013 -0.1687904 3.730867
-0.08973739 0.5699233 3.695762
-0.07065004 0.2598057 3.718299
-0.07661009 -0.1075585 3.737044
-0.07173854 -0.1146477 3.59966
-0.1873535 1.092681 3.725767
-0.3450252 0.4532467 3.6918
-0.3875081 0.4874263 3.679024
0.006314925 0.4599006 3.702277
-0.01189398 0.5366184 3.668346
115
-0.1639743 0.5637386 3.726426
-0.1793005 0.8690869 3.731886
-0.1891659 1.165645 3.717596
-0.1820792 1.300043 3.704552
-0.3465001 1.051093 3.698303
-0.3957097 0.7733927 3.749961
-0.3972672 0.5633714 3.697952
-0.366603 0.5019854 3.682551
-0.02608601 1.052683 3.731355
0.0214775 0.7910346 3.761548
0.02929798 0.5781015 3.715079
0.01483726 0.5141377 3.701822
-0.2352807 0.565828 3.687321
-0.2573091 0.2486402 3.693558
-0.2480287 -0.1679458 3.732411
-0.3011835 -0.1691781 3.731895
-0.08935458 0.5696707 3.69608
-0.07048757 0.2593682 3.718292
-0.07667856 -0.1089811 3.737124
-0.07008142 -0.1159435 3.603113
-0.1867862 1.092151 3.724375
-0.3452809 0.4539842 3.683314
-0.3884746 0.488095 3.668644
0.01060756 0.4567748 3.688002
-0.01386797 0.528122 3.665317
