119
1
0.07728956 0.4636197 3.478236
0.07363759 0.7915313 3.498109
0.07005708 1.113444 3.504776
0.08900362 1.255744 3.50182
-0.1212143 0.9857875 3.473091
-0.1700788 0.7353926 3.451441
-0.1432122 0.4949141 3.385145
-0.1230135 0.4278055 3.373786
0.2642533 0.9750772 3.50073
0.2963515 0.7218669 3.491135
0.285685 0.4808397 3.40981
0.2636526 0.411174 3.394946
-0.003254714 0.4720188 3.436182
-0.02099007 0.1062205 3.480141
-0.02929496 -0.2728315 3.52515
-0.03674376 -0.2813986 3.451627
0.156326 0.4673605 3.44239
0.1714044 0.1063187 3.480048
0.1640853 -0.2764531 3.531956
0.1709845 -0.2864824 3.458972
0.07093089 1.03377 3.505667
-0.1129252 0.3636478 3.370054
-0.08314808 0.4346378 3.334491
0.2716322 0.3421223 3.385288
0.2324014 0.4047035 3.376495
2
0.07728956 0.4636197 3.478236
0.07363759 0.7915313 3.498109
0.07005708 1.113444 3.504776
0.08900362 1.255744 3.50182
-0.1212143 0.9857875 3.473091
-0.1700788 0.7353926 3.451441
-0.1432122 0.4949141 3.385145
-0.1230135 0.4278055 3.373786
0.2642533 0.9750772 3.50073
0.2963515 0.7218669 3.491135
0.285685 0.4808397 3.40981
0.2636526 0.411174 3.394946
-0.003254714 0.4720188 3.436182
-0.02099007 0.1062205 3.480141
-0.02929496 -0.2728315 3.52515
-0.03674376 -0.2813986 3.451627
0.156326 0.4673605 3.44239
0.1714044 0.1063187 3.480048
0.1640853 -0.2764531 3.531956
0.1709845 -0.2864824 3.458972
0.07093089 1.03377 3.505667
-0.1129252 0.3636478 3.370054
-0.08314808 0.4346378 3.334491
0.2716322 0.3421223 3.385288
0.2324014 0.4047035 3.376495
3
0.07732239 0.4636225 3.478274
0.07368152 0.7915215 3.498179
0.07011697 1.113409 3.504878
0.08892405 1.255759 3.501937
-0.1211959 0.9857728 3.47314
-0.17008 0.735465 3.451519
-0.1432147 0.4954387 3.385113
-0.1230215 0.4280975 3.373621
0.2643627 0.975077 3.500892
0.2964876 0.7218632 3.491663
0.2858909 0.4807183 3.410311
0.2638267 0.4110743 3.395333
-0.003221781 0.4720225 3.436203
-0.02107327 0.1063289 3.479553
-0.02917515 -0.2727363 3.525084
-0.036751 -0.2813987 3.451618
0.1563565 0.46736 3.442436
0.1714111 0.1064692 3.479867
0.1641194 -0.2764679 3.531965
0.1710015 -0.2865456 3.458855
0.07099188 1.033739 3.505759
-0.1129577 0.3636666 3.369903
-0.08324705 0.4349434 3.334283
0.2717229 0.3420095 3.385825
0.2327933 0.4036614 3.376786
4
0.07732239 0.4636225 3.478274
0.07368152 0.7915215 3.498179
0.07011697 1.113409 3.504878
0.08892405 1.255759 3.501937
-0.1211959 0.9857728 3.47314
-0.17008 0.735465 3.451519
-0.1432147 0.4954387 3.385113
-0.1230215 0.4280975 3.373621
0.2643627 0.975077 3.500892
0.2964876 0.7218632 3.491663
0.2858909 0.4807183 3.410311
0.2638267 0.4110743 3.395333
-0.003221781 0.4720225 3.436203
-0.02107327 0.1063289 3.479553
-0.02917515 -0.2727363 3.525084
-0.036751 -0.2813987 3.451618
0.1563565 0.46736 3.442436
0.1714111 0.1064692 3.479867
0.1641194 -0.2764679 3.531965
0.1710015 -0.2865456 3.458855
0.07099188 1.033739 3.505759
-0.1129577 0.3636666 3.369903
-0.08324705 0.4349434 3.334283
0.2717229 0.3420095 3.385825
0.2327933 0.4036614 3.376786
5
0.07735427 0.4636209 3.478316
0.07372538 0.7915091 3.49825
0.07017307 1.113377 3.504969
0.08883736 1.255769 3.502049
-0.1211799 0.9857608 3.473181
-0.1700814 0.735534 3.451577
-0.1432034 0.4955783 3.385098
-0.1230221 0.4281203 3.373528
0.2645206 0.9750279 3.501173
0.2965975 0.7217889 3.492268
0.2860926 0.4805475 3.410848
0.2640656 0.410838 3.396385
-0.003191053 0.472024 3.43622
-0.02111994 0.1063799 3.479203
-0.02912254 -0.2726768 3.525056
-0.03675999 -0.2813998 3.451611
0.1563856 0.4673499 3.442508
0.1714188 0.1066359 3.479692
0.1641445 -0.2764869 3.531981
0.1710085 -0.2866114 3.458752
0.0710499 1.033711 3.505843
-0.11283 0.363708 3.369835
-0.08328756 0.4352455 3.334241
0.272274 0.3420495 3.386673
0.2330557 0.4030754 3.377025
6
0.07735427 0.4636209 3.478316
0.07372538 0.7915091 3.49825
0.07017307 1.113377 3.504969
0.08883736 1.255769 3.502049
-0.1211799 0.9857608 3.473181
-0.1700814 0.735534 3.451577
-0.1432034 0.4955783 3.385098
-0.1230221 0.4281203 3.373528
0.2645206 0.9750279 3.501173
0.2965975 0.7217889 3.492268
0.2860926 0.4805475 3.410848
0.2640656 0.410838 3.396385
-0.003191053 0.472024 3.43622
-0.02111994 0.1063799 3.479203
-0.02912254 -0.2726768 3.525056
-0.03675999 -0.2813998 3.451611
0.1563856 0.4673499 3.442508
0.1714188 0.1066359 3.479692
0.1641445 -0.2764869 3.531981
0.1710085 -0.2866114 3.458752
0.0710499 1.033711 3.505843
-0.11283 0.363708 3.369835
-0.08328756 0.4352455 3.334241
0.272274 0.3420495 3.386673
0.2330557 0.4030754 3.377025
7
0.07738478 0.4636184 3.478356
0.07376976 0.7914963 3.498314
0.07023323 1.113347 3.505045
0.08879625 1.255772 3.502101
-0.1211581 0.9857473 3.473205
-0.1700807 0.7356194 3.451592
-0.1431887 0.4957207 3.385072
-0.1229981 0.4281163 3.373489
0.2646388 0.9750031 3.501408
0.2964417 0.7217164 3.492728
0.2862769 0.4803694 3.411376
0.2642066 0.4106991 3.39692
-0.003161959 0.4720246 3.436233
-0.02115912 0.106422 3.47895
-0.02909145 -0.2726312 3.525032
-0.03676965 -0.2813979 3.4516
0.1564137 0.4673388 3.44258
0.171424 0.1068365 3.479514
0.1640377 -0.2765091 3.531956
0.1710096 -0.2866729 3.458643
0.07111072 1.033684 3.505915
-0.1126895 0.3636994 3.370028
-0.08320262 0.4358763 3.334357
0.2726066 0.3414808 3.387243
0.2332754 0.4031091 3.377043
8
0.07738478 0.4636184 3.478356
0.07376976 0.7914963 3.498314
0.07023323 1.113347 3.505045
0.08879625 1.255772 3.502101
-0.1211581 0.9857473 3.473205
-0.1700807 0.7356194 3.451592
-0.1431887 0.4957207 3.385072
-0.1229981 0.4281163 3.373489
0.2646388 0.9750031 3.501408
0.2964417 0.7217164 3.492728
0.2862769 0.4803694 3.411376
0.2642066 0.4106991 3.39692
-0.003161959 0.4720246 3.436233
-0.02115912 0.106422 3.47895
-0.02909145 -0.2726312 3.525032
-0.03676965 -0.2813979 3.4516
0.1564137 0.4673388 3.44258
0.171424 0.1068365 3.479514
0.1640377 -0.2765091 3.531956
0.1710096 -0.2866729 3.458643
0.07111072 1.033684 3.505915
-0.1126895 0.3636994 3.370028
-0.08320262 0.4358763 3.334357
0.2726066 0.3414808 3.387243
0.2332754 0.4031091 3.377043
9
0.07741421 0.4636144 3.478396
0.07381279 0.7914819 3.49838
0.07028931 1.113319 3.505118
0.08876589 1.255765 3.502136
-0.1211276 0.9857327 3.473211
-0.1700793 0.7357092 3.451581
-0.1431515 0.4959352 3.385046
-0.123049 0.4283574 3.373558
0.2647457 0.9749779 3.501637
0.2963124 0.7216508 3.493183
0.2864502 0.4802147 3.411886
0.2642955 0.4106216 3.397168
-0.003134686 0.4720246 3.436243
-0.02119628 0.1064519 3.478767
-0.02909887 -0.2726031 3.524999
-0.03677692 -0.2813965 3.451591
0.1564427 0.4673216 3.442672
0.1714212 0.1070469 3.479366
0.1639028 -0.2765612 3.531914
0.1709933 -0.2867485 3.458559
0.07116786 1.033658 3.505986
-0.1130267 0.3639482 3.369974
-0.08317299 0.4361432 3.334428
0.2730277 0.3417498 3.387329
0.2334314 0.4033595 3.376957
10
0.07741421 0.4636144 3.478396
0.07381279 0.7914819 3.49838
0.07028931 1.113319 3.505118
0.08876589 1.255765 3.502136
-0.1211276 0.9857327 3.473211
-0.1700793 0.7357092 3.451581
-0.1431515 0.4959352 3.385046
-0.123049 0.4283574 3.373558
0.2647457 0.9749779 3.501637
0.2963124 0.7216508 3.493183
0.2864502 0.4802147 3.411886
0.2642955 0.4106216 3.397168
-0.003134686 0.4720246 3.436243
-0.02119628 0.1064519 3.478767
-0.02909887 -0.2726031 3.524999
-0.03677692 -0.2813965 3.451591
0.1564427 0.4673216 3.442672
0.1714212 0.1070469 3.479366
0.1639028 -0.2765612 3.531914
0.1709933 -0.2867485 3.458559
0.07116786 1.033658 3.505986
-0.1130267 0.3639482 3.369974
-0.08317299 0.4361432 3.334428
0.2730277 0.3417498 3.387329
0.2334314 0.4033595 3.376957
11
0.07744282 0.46361 3.478436
0.07385319 0.791469 3.498442
0.0703368 1.113301 3.505175
0.08873793 1.255753 3.502162
-0.1210927 0.9857069 3.473196
-0.1700881 0.7359096 3.45145
-0.143112 0.4962039 3.385015
-0.1230703 0.4286587 3.373462
0.2648312 0.9749441 3.501885
0.2957553 0.7215089 3.49355
0.2866072 0.4800737 3.412364
0.2643138 0.4105738 3.397626
-0.003108707 0.4720242 3.43625
-0.02122631 0.1064716 3.478643
-0.02911917 -0.2725884 3.524964
-0.03678826 -0.2813968 3.451575
0.1564705 0.4673024 3.442793
0.1714151 0.1072228 3.479254
0.1641221 -0.2765766 3.532049
0.1709752 -0.2868238 3.458503
0.07121802 1.033639 3.506045
-0.1129756 0.3640668 3.370031
-0.08315993 0.4362953 3.334407
0.2732448 0.3419301 3.387516
0.2335436 0.4030192 3.37695
12
0.07744282 0.46361 3.478436
0.07385319 0.791469 3.498442
0.0703368 1.113301 3.505175
0.08873793 1.255753 3.502162
-0.1210927 0.9857069 3.473196
-0.1700881 0.7359096 3.45145
-0.143112 0.4962039 3.385015
-0.1230703 0.4286587 3.373462
0.2648312 0.9749441 3.501885
0.2957553 0.7215089 3.49355
0.2866072 0.4800737 3.412364
0.2643138 0.4105738 3.397626
-0.003108707 0.4720242 3.43625
-0.02122631 0.1064716 3.478643
-0.02911917 -0.2725884 3.524964
-0.03678826 -0.2813968 3.451575
0.1564705 0.4673024 3.442793
0.1714151 0.1072228 3.479254
0.1641221 -0.2765766 3.532049
0.1709752 -0.2868238 3.458503
0.07121802 1.033639 3.506045
-0.1129756 0.3640668 3.370031
-0.08315993 0.4362953 3.334407
0.2732448 0.3419301 3.387516
0.2335436 0.4030192 3.37695
13
0.07747515 0.4636025 3.478483
0.07389155 0.7914565 3.4985
0.0703778 1.113286 3.50522
0.08871564 1.255738 3.502179
-0.1210535 0.9856838 3.473163
-0.1701128 0.7361042 3.451305
-0.1430777 0.4962587 3.38498
-0.1231164 0.4287226 3.373464
0.2649049 0.9749078 3.502123
0.2952691 0.7213809 3.494009
0.2867363 0.4799553 3.412785
0.2643229 0.4105511 3.397803
-0.003081812 0.4720225 3.436257
-0.02125107 0.1064857 3.478552
-0.02914353 -0.2725816 3.524933
-0.03680388 -0.2814005 3.451554
0.1565037 0.4672766 3.442935
0.171409 0.1073922 3.479165
0.16433 -0.2766124 3.532125
0.1709563 -0.2868938 3.458461
0.07126305 1.033623 3.506096
-0.1133004 0.3641371 3.370367
-0.08316299 0.436424 3.334409
0.2730785 0.342622 3.386881
0.2336454 0.4049351 3.376805
14
0.07747515 0.4636025 3.478483
0.07389155 0.7914565 3.4985
0.0703778 1.113286 3.50522
0.08871564 1.255738 3.502179
-0.1210535 0.9856838 3.473163
-0.1701128 0.7361042 3.451305
-0.1430777 0.4962587 3.38498
-0.1231164 0.4287226 3.373464
0.2649049 0.9749078 3.502123
0.2952691 0.7213809 3.494009
0.2867363 0.4799553 3.412785
0.2643229 0.4105511 3.397803
-0.003081812 0.4720225 3.436257
-0.02125107 0.1064857 3.478552
-0.02914353 -0.2725816 3.524933
-0.03680388 -0.2814005 3.451554
0.1565037 0.4672766 3.442935
0.171409 0.1073922 3.479165
0.16433 -0.2766124 3.532125
0.1709563 -0.2868938 3.458461
0.07126305 1.033623 3.506096
-0.1133004 0.3641371 3.370367
-0.08316299 0.436424 3.334409
0.2730785 0.342622 3.386881
0.2336454 0.4049351 3.376805
15
0.07750624 0.4635949 3.478531
0.07392701 0.7914438 3.498554
0.07041231 1.11327 3.505255
0.08869913 1.255721 3.502179
-0.1210141 0.9856617 3.473122
-0.1701405 0.7362842 3.45115
-0.1430442 0.4963381 3.384941
-0.123172 0.4287865 3.37342
0.2649612 0.9748841 3.502333
0.2948407 0.7212899 3.494534
0.2867924 0.4800932 3.413423
0.2642373 0.4111113 3.397738
-0.003056319 0.4720208 3.436263
-0.0212705 0.1064959 3.478486
-0.02916739 -0.2725927 3.524907
-0.03680452 -0.2814163 3.451552
0.1565343 0.4672509 3.44308
0.1714025 0.1075739 3.47909
0.1645284 -0.2766618 3.532159
0.1709344 -0.2869603 3.458426
0.07130212 1.033605 3.506138
-0.1134152 0.3642081 3.370833
-0.08314267 0.436574 3.334399
0.2723929 0.3467042 3.383756
0.2335724 0.4080947 3.375493
16
0.07750624 0.4635949 3.478531
0.07392701 0.7914438 3.498554
0.07041231 1.11327 3.505255
0.08869913 1.255721 3.502179
-0.1210141 0.9856617 3.473122
-0.1701405 0.7362842 3.45115
-0.1430442 0.4963381 3.384941
-0.123172 0.4287865 3.37342
0.2649612 0.9748841 3.502333
0.2948407 0.7212899 3.494534
0.2867924 0.4800932 3.413423
0.2642373 0.4111113 3.397738
-0.003056319 0.4720208 3.436263
-0.0212705 0.1064959 3.478486
-0.02916739 -0.2725927 3.524907
-0.03680452 -0.2814163 3.451552
0.1565343 0.4672509 3.44308
0.1714025 0.1075739 3.47909
0.1645284 -0.2766618 3.532159
0.1709344 -0.2869603 3.458426
0.07130212 1.033605 3.506138
-0.1134152 0.3642081 3.370833
-0.08314267 0.436574 3.334399
0.2723929 0.3467042 3.383756
0.2335724 0.4080947 3.375493
17
0.07753228 0.4635905 3.478593
0.07396043 0.7914318 3.498603
0.07046071 1.113249 3.505268
0.08869144 1.255712 3.502149
-0.1209745 0.9856436 3.473066
-0.1701954 0.7364879 3.450969
-0.1430013 0.4963298 3.384842
-0.1231774 0.4287949 3.373248
0.2650076 0.9748634 3.502523
0.2945633 0.7212365 3.495363
0.2868287 0.4814326 3.414555
0.2633412 0.4161071 3.395553
-0.003037078 0.4720213 3.436271
-0.02129073 0.1065006 3.478441
-0.02919272 -0.272598 3.524898
-0.03680864 -0.281428 3.451548
0.1565547 0.4672296 3.443257
0.1713896 0.1077785 3.479035
0.1647486 -0.2767203 3.532173
0.1709122 -0.2870227 3.458397
0.07134574 1.033586 3.506165
-0.1133876 0.3643121 3.370965
-0.08313274 0.436664 3.3344
0.2695468 0.3561213 3.377189
0.2330286 0.4234134 3.374148
18
0.07753228 0.4635905 3.478593
0.07396043 0.7914318 3.498603
0.07046071 1.113249 3.505268
0.08869144 1.255712 3.502149
-0.1209745 0.9856436 3.473066
-0.1701954 0.7364879 3.450969
-0.1430013 0.4963298 3.384842
-0.1231774 0.4287949 3.373248
0.2650076 0.9748634 3.502523
0.2945633 0.7212365 3.495363
0.2868287 0.4814326 3.414555
0.2633412 0.4161071 3.395553
-0.003037078 0.4720213 3.436271
-0.02129073 0.1065006 3.478441
-0.02919272 -0.272598 3.524898
-0.03680864 -0.281428 3.451548
0.1565547 0.4672296 3.443257
0.1713896 0.1077785 3.479035
0.1647486 -0.2767203 3.532173
0.1709122 -0.2870227 3.458397
0.07134574 1.033586 3.506165
-0.1133876 0.3643121 3.370965
-0.08313274 0.436664 3.3344
0.2695468 0.3561213 3.377189
0.2330286 0.4234134 3.374148
19
0.07755528 0.4635846 3.478656
0.0739906 0.7914138 3.498641
0.07053451 1.113183 3.505226
0.08870046 1.255644 3.50192
-0.1209039 0.9856187 3.472937
-0.1702551 0.7366666 3.450773
-0.1429624 0.4962497 3.384708
-0.123246 0.4287851 3.373142
0.2650384 0.9748033 3.502666
0.2947693 0.7211347 3.497712
0.2866839 0.4852543 3.414904
0.2611614 0.432353 3.385156
-0.003019951 0.4720213 3.436278
-0.02131279 0.1064993 3.47841
-0.02923191 -0.2726061 3.524891
-0.03681184 -0.281441 3.45154
0.1565687 0.4672051 3.443432
0.171376 0.1079701 3.478992
0.1650295 -0.2767949 3.532144
0.1708905 -0.2870818 3.458377
0.07140093 1.033541 3.506161
-0.113476 0.3645024 3.371003
-0.08312999 0.4367307 3.334401
0.267548 0.3870863 3.35405
0.2320078 0.4292301 3.372969
20
0.07755528 0.4635846 3.478656
0.0739906 0.7914138 3.498641
0.07053451 1.113183 3.505226
0.08870046 1.255644 3.50192
-0.1209039 0.9856187 3.472937
-0.1702551 0.7366666 3.450773
-0.1429624 0.4962497 3.384708
-0.123246 0.4287851 3.373142
0.2650384 0.9748033 3.502666
0.2947693 0.7211347 3.497712
0.2866839 0.4852543 3.414904
0.2611614 0.432353 3.385156
-0.003019951 0.4720213 3.436278
-0.02131279 0.1064993 3.47841
-0.02923191 -0.2726061 3.524891
-0.03681184 -0.281441 3.45154
0.1565687 0.4672051 3.443432
0.171376 0.1079701 3.478992
0.1650295 -0.2767949 3.532144
0.1708905 -0.2870818 3.458377
0.07140093 1.033541 3.506161
-0.113476 0.3645024 3.371003
-0.08312999 0.4367307 3.334401
0.267548 0.3870863 3.35405
0.2320078 0.4292301 3.372969
21
0.07757618 0.4635819 3.478732
0.07401782 0.7913967 3.498675
0.07060508 1.113115 3.505161
0.0887178 1.255571 3.501651
-0.1208385 0.98561 3.472791
-0.1703181 0.7368309 3.45058
-0.1429149 0.4959756 3.38447
-0.1232849 0.4288194 3.373001
0.2650569 0.9747426 3.502791
0.2977732 0.7218099 3.505346
0.2868783 0.5004364 3.411626
0.262402 0.4666862 3.368789
-0.003004085 0.4720218 3.436287
-0.02133817 0.1064954 3.478399
-0.02930283 -0.2726162 3.52489
-0.03681477 -0.2814542 3.451533
0.1565709 0.4671909 3.443659
0.1713571 0.1081519 3.478974
0.1653888 -0.2768788 3.532087
0.1708712 -0.2871334 3.458364
0.07145219 1.033496 3.506145
-0.1134094 0.364613 3.371185
-0.08312839 0.4367992 3.334389
0.2696536 0.4259409 3.324923
0.2326339 0.4608969 3.367886
22
0.07757618 0.4635819 3.478732
0.07401782 0.7913967 3.498675
0.07060508 1.113115 3.505161
0.0887178 1.255571 3.501651
-0.1208385 0.98561 3.472791
-0.1703181 0.7368309 3.45058
-0.1429149 0.4959756 3.38447
-0.1232849 0.4288194 3.373001
0.2650569 0.9747426 3.502791
0.2977732 0.7218099 3.505346
0.2868783 0.5004364 3.411626
0.262402 0.4666862 3.368789
-0.003004085 0.4720218 3.436287
-0.02133817 0.1064954 3.478399
-0.02930283 -0.2726162 3.52489
-0.03681477 -0.2814542 3.451533
0.1565709 0.4671909 3.443659
0.1713571 0.1081519 3.478974
0.1653888 -0.2768788 3.532087
0.1708712 -0.2871334 3.458364
0.07145219 1.033496 3.506145
-0.1134094 0.364613 3.371185
-0.08312839 0.4367992 3.334389
0.2696536 0.4259409 3.324923
0.2326339 0.4608969 3.367886
23
0.07756632 0.4635868 3.478808
0.07403456 0.7913849 3.498697
0.07067992 1.113044 3.505055
0.08882603 1.255415 3.501073
-0.1207782 0.9856055 3.472637
-0.1703816 0.7369779 3.450397
-0.1431607 0.4955013 3.384542
-0.1234471 0.4311536 3.372954
0.2650658 0.9746822 3.502903
0.3016586 0.7229794 3.514221
0.2854701 0.5353491 3.395042
0.2575946 0.5058279 3.361187
-0.003001512 0.4720276 3.43629
-0.02144053 0.1065004 3.47843
-0.02934534 -0.2726319 3.524893
-0.03681694 -0.2814671 3.451526
0.1565145 0.4671811 3.443907
0.1713305 0.1083486 3.478974
0.165748 -0.2769411 3.532014
0.1708621 -0.2871554 3.458356
0.07150193 1.03345 3.506106
-0.1125782 0.3671993 3.369155
-0.08314724 0.4368478 3.334401
0.268108 0.4802912 3.310645
0.2322932 0.4693657 3.371461
24
0.07756632 0.4635868 3.478808
0.07403456 0.7913849 3.498697
0.07067992 1.113044 3.505055
0.08882603 1.255415 3.501073
-0.1207782 0.9856055 3.472637
-0.1703816 0.7369779 3.450397
-0.1431607 0.4955013 3.384542
-0.1234471 0.4311536 3.372954
0.2650658 0.9746822 3.502903
0.3016586 0.7229794 3.514221
0.2854701 0.5353491 3.395042
0.2575946 0.5058279 3.361187
-0.003001512 0.4720276 3.43629
-0.02144053 0.1065004 3.47843
-0.02934534 -0.2726319 3.524893
-0.03681694 -0.2814671 3.451526
0.1565145 0.4671811 3.443907
0.1713305 0.1083486 3.478974
0.165748 -0.2769411 3.532014
0.1708621 -0.2871554 3.458356
0.07150193 1.03345 3.506106
-0.1125782 0.3671993 3.369155
-0.08314724 0.4368478 3.334401
0.268108 0.4802912 3.310645
0.2322932 0.4693657 3.371461
25
0.07755186 0.463593 3.478881
0.07404827 0.7913725 3.498708
0.07077724 1.112914 3.504798
0.08911259 1.255082 3.499992
-0.1207153 0.9856044 3.472436
-0.1704432 0.7370998 3.450211
-0.1433288 0.4956791 3.384381
-0.1235811 0.4316555 3.372772
0.2650561 0.9746242 3.503004
0.3108538 0.7266067 3.529222
0.2953892 0.593321 3.384884
0.2631451 0.5692655 3.346642
-0.003001384 0.4720339 3.436291
-0.02156721 0.1065127 3.478479
-0.02938046 -0.2726502 3.524895
-0.03681915 -0.2814789 3.451522
0.1564518 0.4671745 3.444142
0.1712938 0.1085423 3.478981
0.1661069 -0.2769979 3.531949
0.1708545 -0.2871732 3.458351
0.07156682 1.033366 3.505975
-0.1125968 0.3682199 3.368485
-0.08380159 0.4415522 3.33499
0.2763035 0.5499914 3.28126
0.2422101 0.5538036 3.332719
26
0.07755186 0.463593 3.478881
0.07404827 0.7913725 3.498708
0.07077724 1.112914 3.504798
0.08911259 1.255082 3.499992
-0.1207153 0.9856044 3.472436
-0.1704432 0.7370998 3.450211
-0.1433288 0.4956791 3.384381
-0.1235811 0.4316555 3.372772
0.2650561 0.9746242 3.503004
0.3108538 0.7266067 3.529222
0.2953892 0.593321 3.384884
0.2631451 0.5692655 3.346642
-0.003001384 0.4720339 3.436291
-0.02156721 0.1065127 3.478479
-0.02938046 -0.2726502 3.524895
-0.03681915 -0.2814789 3.451522
0.1564518 0.4671745 3.444142
0.1712938 0.1085423 3.478981
0.1661069 -0.2769979 3.531949
0.1708545 -0.2871732 3.458351
0.07156682 1.033366 3.505975
-0.1125968 0.3682199 3.368485
-0.08380159 0.4415522 3.33499
0.2763035 0.5499914 3.28126
0.2422101 0.5538036 3.332719
27
0.07753406 0.4636015 3.478951
0.0740581 0.7913616 3.498711
0.07083892 1.112775 3.504334
0.08941676 1.254615 3.498523
-0.1206597 0.9856114 3.472219
-0.1705174 0.7371948 3.450033
-0.143535 0.4959864 3.384204
-0.1237045 0.4320286 3.372663
0.2650191 0.9745647 3.503111
0.320522 0.7350792 3.545421
0.2935332 0.6444982 3.346389
0.2768324 0.6402931 3.313562
-0.003003237 0.4720412 3.436291
-0.02176936 0.106549 3.478549
-0.02939891 -0.2726711 3.524896
-0.03682201 -0.2814898 3.451518
0.1563849 0.4671766 3.444371
0.1711834 0.1084837 3.479061
0.1662623 -0.2770216 3.531982
0.1708474 -0.2871882 3.458348
0.07161216 1.033273 3.505714
-0.1133606 0.3686156 3.368572
-0.08401649 0.4423729 3.334991
0.2803826 0.6323594 3.261314
0.2494743 0.6545407 3.306495
28
0.07750912 0.4636143 3.479002
0.07406802 0.7913456 3.498681
0.0709389 1.112606 3.503698
0.08973929 1.254162 3.496878
-0.1205258 0.9856743 3.471714
-0.1706002 0.7372041 3.449799
-0.1437842 0.4964035 3.384022
-0.12383 0.4323053 3.372627
0.2649343 0.9745221 3.503208
0.3334656 0.7661042 3.555825
0.301428 0.7195613 3.32215
0.2904467 0.721873 3.286721
-0.003023413 0.472059 3.436273
-0.022056 0.1066054 3.478633
-0.02939127 -0.2726812 3.524894
-0.03683022 -0.2814871 3.451517
0.1563181 0.4671889 3.444551
0.171064 0.108451 3.479132
0.1663637 -0.2770462 3.531997
0.1708412 -0.2872005 3.458348
0.07168321 1.033155 3.505305
-0.1138927 0.3687009 3.369221
-0.08414937 0.4429772 3.335035
0.289158 0.7147458 3.250792
0.2592124 0.7471222 3.280901
29
0.07750912 0.4636143 3.479002
0.07406802 0.7913456 3.498681
0.0709389 1.112606 3.503698
0.08973929 1.254162 3.496878
-0.1205258 0.9856743 3.471714
-0.1706002 0.7372041 3.449799
-0.1437842 0.4964035 3.384022
-0.12383 0.4323053 3.372627
0.2649343 0.9745221 3.503208
0.3334656 0.7661042 3.555825
0.301428 0.7195613 3.32215
0.2904467 0.721873 3.286721
-0.003023413 0.472059 3.436273
-0.022056 0.1066054 3.478633
-0.02939127 -0.2726812 3.524894
-0.03683022 -0.2814871 3.451517
0.1563181 0.4671889 3.444551
0.171064 0.108451 3.479132
0.1663637 -0.2770462 3.531997
0.1708412 -0.2872005 3.458348
0.07168321 1.033155 3.505305
-0.1138927 0.3687009 3.369221
-0.08414937 0.4429772 3.335035
0.289158 0.7147458 3.250792
0.2592124 0.7471222 3.280901
30
0.07750912 0.4636143 3.479002
0.07406802 0.7913456 3.498681
0.0709389 1.112606 3.503698
0.08973929 1.254162 3.496878
-0.1205258 0.9856743 3.471714
-0.1706002 0.7372041 3.449799
-0.1437842 0.4964035 3.384022
-0.12383 0.4323053 3.372627
0.2649343 0.9745221 3.503208
0.3334656 0.7661042 3.555825
0.301428 0.7195613 3.32215
0.2904467 0.721873 3.286721
-0.003023413 0.472059 3.436273
-0.022056 0.1066054 3.478633
-0.02939127 -0.2726812 3.524894
-0.03683022 -0.2814871 3.451517
0.1563181 0.4671889 3.444551
0.171064 0.108451 3.479132
0.1663637 -0.2770462 3.531997
0.1708412 -0.2872005 3.458348
0.07168321 1.033155 3.505305
-0.1138927 0.3687009 3.369221
-0.08414937 0.4429772 3.335035
0.289158 0.7147458 3.250792
0.2592124 0.7471222 3.280901
31
0.07747075 0.4636371 3.479045
0.07407475 0.7913346 3.498604
0.07107208 1.112461 3.502872
0.09010775 1.25375 3.494986
-0.1203665 0.9857425 3.471019
-0.1706915 0.7371857 3.449536
-0.144079 0.4968988 3.383842
-0.1240175 0.4325125 3.372628
0.2647212 0.9745925 3.503331
0.3461808 0.8060966 3.548602
0.300855 0.7989623 3.317916
0.3036656 0.8047699 3.277516
-0.003064672 0.4720941 3.436232
-0.02242288 0.106685 3.478741
-0.02937734 -0.2726927 3.524888
-0.03683966 -0.2814808 3.451515
0.1562362 0.4672158 3.44471
0.1709408 0.1084479 3.47917
0.1664276 -0.277063 3.532014
0.1708351 -0.2872119 3.45835
0.07177541 1.033051 3.50473
-0.114664 0.36881 3.36954
-0.08429857 0.4435049 3.33508
0.301468 0.7988093 3.253103
0.2682494 0.8279116 3.282116
32
0.07747075 0.4636371 3.479045
0.07407475 0.7913346 3.498604
0.07107208 1.112461 3.502872
0.09010775 1.25375 3.494986
-0.1203665 0.9857425 3.471019
-0.1706915 0.7371857 3.449536
-0.144079 0.4968988 3.383842
-0.1240175 0.4325125 3.372628
0.2647212 0.9745925 3.503331
0.3461808 0.8060966 3.548602
0.300855 0.7989623 3.317916
0.3036656 0.8047699 3.277516
-0.003064672 0.4720941 3.436232
-0.02242288 0.106685 3.478741
-0.02937734 -0.2726927 3.524888
-0.03683966 -0.2814808 3.451515
0.1562362 0.4672158 3.44471
0.1709408 0.1084479 3.47917
0.1664276 -0.277063 3.532014
0.1708351 -0.2872119 3.45835
0.07177541 1.033051 3.50473
-0.114664 0.36881 3.36954
-0.08429857 0.4435049 3.33508
0.301468 0.7988093 3.253103
0.2682494 0.8279116 3.282116
33
0.07737301 0.4636737 3.479091
0.07407601 0.7913188 3.498478
0.07133633 1.112266 3.501757
0.09051196 1.253286 3.492975
-0.1202089 0.9858153 3.470347
-0.1707836 0.7371587 3.449264
-0.1444055 0.4974234 3.383714
-0.1241509 0.4326494 3.372716
0.2642358 0.9749585 3.503369
0.3527206 0.8029023 3.544952
0.316527 0.8676379 3.309222
0.3135203 0.8784977 3.27997
-0.003145461 0.4721453 3.436172
-0.02284224 0.1067941 3.478835
-0.02938532 -0.2726977 3.524889
-0.03685095 -0.2814737 3.451512
0.1560564 0.4672492 3.44488
0.1706391 0.1082583 3.479219
0.1664692 -0.2770737 3.532043
0.1708252 -0.2872215 3.458361
0.07193862 1.032913 3.503942
-0.1152117 0.3685683 3.370777
-0.0844038 0.4438624 3.335098
0.3133576 0.8836999 3.26537
0.285208 0.900775 3.278121
34
0.07737301 0.4636737 3.479091
0.07407601 0.7913188 3.498478
0.07133633 1.112266 3.501757
0.09051196 1.253286 3.492975
-0.1202089 0.9858153 3.470347
-0.1707836 0.7371587 3.449264
-0.1444055 0.4974234 3.383714
-0.1241509 0.4326494 3.372716
0.2642358 0.9749585 3.503369
0.3527206 0.8029023 3.544952
0.316527 0.8676379 3.309222
0.3135203 0.8784977 3.27997
-0.003145461 0.4721453 3.436172
-0.02284224 0.1067941 3.478835
-0.02938532 -0.2726977 3.524889
-0.03685095 -0.2814737 3.451512
0.1560564 0.4672492 3.44488
0.1706391 0.1082583 3.479219
0.1664692 -0.2770737 3.532043
0.1708252 -0.2872215 3.458361
0.07193862 1.032913 3.503942
-0.1152117 0.3685683 3.370777
-0.0844038 0.4438624 3.335098
0.3133576 0.8836999 3.26537
0.285208 0.900775 3.278121
35
0.07722665 0.4637264 3.479124
0.07404769 0.7913157 3.498268
0.07154933 1.112137 3.500566
0.09081695 1.252887 3.490862
-0.1199604 0.9859131 3.46945
-0.1708689 0.7371413 3.449007
-0.1446529 0.4975908 3.383672
-0.1244715 0.4329783 3.373008
0.2636794 0.9754006 3.503315
0.3575474 0.8032856 3.54264
0.3258015 0.9436625 3.313778
0.3193969 0.9441658 3.29111
-0.003286264 0.4722204 3.436083
-0.02340357 0.1069666 3.478935
-0.02941463 -0.2727087 3.524896
-0.03687199 -0.2814741 3.451511
0.1558454 0.4672941 3.445016
0.1703276 0.1081162 3.479227
0.1665295 -0.2770908 3.532051
0.1708068 -0.2872335 3.458395
0.07206284 1.032819 3.503038
-0.1155305 0.3692374 3.371614
-0.08481245 0.4449485 3.335532
0.3255405 0.953481 3.283318
0.3036065 0.974081 3.28872
36
0.07722665 0.4637264 3.479124
0.07404769 0.7913157 3.498268
0.07154933 1.112137 3.500566
0.09081695 1.252887 3.490862
-0.1199604 0.9859131 3.46945
-0.1708689 0.7371413 3.449007
-0.1446529 0.4975908 3.383672
-0.1244715 0.4329783 3.373008
0.2636794 0.9754006 3.503315
0.3575474 0.8032856 3.54264
0.3258015 0.9436625 3.313778
0.3193969 0.9441658 3.29111
-0.003286264 0.4722204 3.436083
-0.02340357 0.1069666 3.478935
-0.02941463 -0.2727087 3.524896
-0.03687199 -0.2814741 3.451511
0.1558454 0.4672941 3.445016
0.1703276 0.1081162 3.479227
0.1665295 -0.2770908 3.532051
0.1708068 -0.2872335 3.458395
0.07206284 1.032819 3.503038
-0.1155305 0.3692374 3.371614
-0.08481245 0.4449485 3.335532
0.3255405 0.953481 3.283318
0.3036065 0.974081 3.28872
37
0.07701849 0.4637881 3.479139
0.07398695 0.7913212 3.497967
0.07174024 1.112064 3.499294
0.09097486 1.25265 3.488974
-0.1195895 0.9860156 3.468294
-0.1707483 0.7370594 3.44825
-0.1449679 0.4977972 3.38368
-0.1250694 0.4328913 3.373504
0.2630721 0.9758747 3.503144
0.3643611 0.8039693 3.538317
0.329391 0.9805956 3.318424
0.3203757 1.004437 3.309837
-0.003482781 0.4723077 3.435969
-0.02415466 0.1071651 3.479066
-0.02940942 -0.272727 3.524898
-0.03689953 -0.2814779 3.451505
0.155576 0.4673412 3.445122
0.1699848 0.1080044 3.479182
0.1665478 -0.2771043 3.532039
0.1707884 -0.287245 3.458431
0.07216643 1.032762 3.502022
-0.1171015 0.3685536 3.373284
-0.08493298 0.445264 3.335624
0.3297993 1.030174 3.296163
0.3038008 1.024651 3.299062
38
0.07701849 0.4637881 3.479139
0.07398695 0.7913212 3.497967
0.07174024 1.112064 3.499294
0.09097486 1.25265 3.488974
-0.1195895 0.9860156 3.468294
-0.1707483 0.7370594 3.44825
-0.1449679 0.4977972 3.38368
-0.1250694 0.4328913 3.373504
0.2630721 0.9758747 3.503144
0.3643611 0.8039693 3.538317
0.329391 0.9805956 3.318424
0.3203757 1.004437 3.309837
-0.003482781 0.4723077 3.435969
-0.02415466 0.1071651 3.479066
-0.02940942 -0.272727 3.524898
-0.03689953 -0.2814779 3.451505
0.155576 0.4673412 3.445122
0.1699848 0.1080044 3.479182
0.1665478 -0.2771043 3.532039
0.1707884 -0.287245 3.458431
0.07216643 1.032762 3.502022
-0.1171015 0.3685536 3.373284
-0.08493298 0.445264 3.335624
0.3297993 1.030174 3.296163
0.3038008 1.024651 3.299062
39
0.07674115 0.4638582 3.479126
0.07388292 0.7913182 3.497509
0.07193997 1.111962 3.49775
0.09097895 1.252555 3.487157
-0.1192365 0.9861172 3.467176
-0.1706175 0.7369843 3.447444
-0.145301 0.497514 3.383724
-0.1258636 0.4325256 3.374128
0.2625238 0.9762832 3.502927
0.4068686 0.7989105 3.51616
0.3327317 1.00351 3.324963
0.3197994 1.040213 3.31738
-0.003757587 0.4724047 3.435811
-0.02504519 0.107443 3.479194
-0.02936822 -0.2727472 3.524899
-0.03693632 -0.2814875 3.45148
0.1552566 0.4673943 3.445194
0.1696395 0.1079904 3.479049
0.1665354 -0.2771052 3.532024
0.1707682 -0.2872575 3.458472
0.07226629 1.032679 3.500741
-0.1185287 0.3681033 3.374191
-0.08679775 0.4379452 3.336503
0.3144022 1.054921 3.307849
0.3046018 1.039861 3.309276
40
0.07674115 0.4638582 3.479126
0.07388292 0.7913182 3.497509
0.07193997 1.111962 3.49775
0.09097895 1.252555 3.487157
-0.1192365 0.9861172 3.467176
-0.1706175 0.7369843 3.447444
-0.145301 0.497514 3.383724
-0.1258636 0.4325256 3.374128
0.2625238 0.9762832 3.502927
0.4068686 0.7989105 3.51616
0.3327317 1.00351 3.324963
0.3197994 1.040213 3.31738
-0.003757587 0.4724047 3.435811
-0.02504519 0.107443 3.479194
-0.02936822 -0.2727472 3.524899
-0.03693632 -0.2814875 3.45148
0.1552566 0.4673943 3.445194
0.1696395 0.1079904 3.479049
0.1665354 -0.2771052 3.532024
0.1707682 -0.2872575 3.458472
0.07226629 1.032679 3.500741
-0.1185287 0.3681033 3.374191
-0.08679775 0.4379452 3.336503
0.3144022 1.054921 3.307849
0.3046018 1.039861 3.309276
41
0.07643631 0.4639421 3.479076
0.07374856 0.7913399 3.496967
0.0720742 1.111925 3.496354
0.09084079 1.25261 3.48547
-0.1189577 0.9861972 3.466193
-0.1705575 0.7369178 3.446703
-0.1456175 0.4971046 3.383803
-0.1264072 0.4322394 3.374527
0.2619923 0.9767256 3.502567
0.4381689 0.8029442 3.489836
0.3479014 1.013451 3.333533
0.3212328 1.063446 3.318282
-0.004050098 0.4725042 3.435635
-0.02598768 0.107747 3.479333
-0.02935848 -0.2727626 3.524931
-0.03696794 -0.2814988 3.451465
0.1549132 0.4674757 3.445192
0.1691544 0.10763 3.478816
0.1665145 -0.2770801 3.531998
0.1707481 -0.2872683 3.458508
0.07232113 1.032649 3.499524
-0.1211016 0.3659903 3.376108
-0.087318 0.4368913 3.336846
0.3125641 1.096363 3.303735
0.29955 1.076367 3.301484
42
0.07643631 0.4639421 3.479076
0.07374856 0.7913399 3.496967
0.0720742 1.111925 3.496354
0.09084079 1.25261 3.48547
-0.1189577 0.9861972 3.466193
-0.1705575 0.7369178 3.446703
-0.1456175 0.4971046 3.383803
-0.1264072 0.4322394 3.374527
0.2619923 0.9767256 3.502567
0.4381689 0.8029442 3.489836
0.3479014 1.013451 3.333533
0.3212328 1.063446 3.318282
-0.004050098 0.4725042 3.435635
-0.02598768 0.107747 3.479333
-0.02935848 -0.2727626 3.524931
-0.03696794 -0.2814988 3.451465
0.1549132 0.4674757 3.445192
0.1691544 0.10763 3.478816
0.1665145 -0.2770801 3.531998
0.1707481 -0.2872683 3.458508
0.07232113 1.032649 3.499524
-0.1211016 0.3659903 3.376108
-0.087318 0.4368913 3.336846
0.3125641 1.096363 3.303735
0.29955 1.076367 3.301484
43
0.07604645 0.4640411 3.478923
0.07356451 0.7913886 3.496228
0.07217623 1.111951 3.494965
0.0904814 1.252885 3.483967
-0.118743 0.9862567 3.465346
-0.1705054 0.7368487 3.446045
-0.1458793 0.4966155 3.38387
-0.1269624 0.4310564 3.374684
0.2614772 0.9773275 3.501189
0.456252 0.8271808 3.438772
0.3530345 1.028399 3.333396
0.3169169 1.086796 3.295203
-0.00442917 0.4726194 3.435353
-0.02685237 0.1080345 3.479481
-0.02933561 -0.2727557 3.524977
-0.03697389 -0.2814864 3.451485
0.1544941 0.4675713 3.445071
0.1687366 0.1074337 3.478534
0.1665538 -0.2770394 3.532013
0.1707279 -0.2872815 3.45855
0.07235 1.032673 3.498243
-0.1227649 0.3644777 3.376874
-0.08783508 0.43522 3.337248
0.3066411 1.114374 3.273988
0.2912743 1.092385 3.281103
44
0.07604645 0.4640411 3.478923
0.07356451 0.7913886 3.496228
0.07217623 1.111951 3.494965
0.0904814 1.252885 3.483967
-0.118743 0.9862567 3.465346
-0.1705054 0.7368487 3.446045
-0.1458793 0.4966155 3.38387
-0.1269624 0.4310564 3.374684
0.2614772 0.9773275 3.501189
0.456252 0.8271808 3.438772
0.3530345 1.028399 3.333396
0.3169169 1.086796 3.295203
-0.00442917 0.4726194 3.435353
-0.02685237 0.1080345 3.479481
-0.02933561 -0.2727557 3.524977
-0.03697389 -0.2814864 3.451485
0.1544941 0.4675713 3.445071
0.1687366 0.1074337 3.478534
0.1665538 -0.2770394 3.532013
0.1707279 -0.2872815 3.45855
0.07235 1.032673 3.498243
-0.1227649 0.3644777 3.376874
-0.08783508 0.43522 3.337248
0.3066411 1.114374 3.273988
0.2912743 1.092385 3.281103
45
0.07563343 0.4641982 3.478673
0.07336122 0.7914991 3.495424
0.07221962 1.112041 3.49377
0.0899417 1.25329 3.482706
-0.1186205 0.9863085 3.464773
-0.1704533 0.7367914 3.445557
-0.1460244 0.4964338 3.38391
-0.1271241 0.4307952 3.374793
0.2613291 0.9795097 3.496749
0.4650114 0.8475745 3.394924
0.3605692 1.036056 3.307902
0.3141485 1.100094 3.262397
-0.004815056 0.4727499 3.435049
-0.02768645 0.1084458 3.479639
-0.02955896 -0.2727234 3.525128
-0.03697695 -0.2814726 3.45151
0.1540443 0.4678031 3.44471
0.1683239 0.1072752 3.478191
0.166464 -0.2769434 3.532024
0.1707187 -0.2872524 3.458593
0.07233811 1.032761 3.497092
-0.1233194 0.3640858 3.377072
-0.08832185 0.4369206 3.338683
0.2965441 1.134783 3.240672
0.2785304 1.100156 3.249699
46
0.07563343 0.4641982 3.478673
0.07336122 0.7914991 3.495424
0.07221962 1.112041 3.49377
0.0899417 1.25329 3.482706
-0.1186205 0.9863085 3.464773
-0.1704533 0.7367914 3.445557
-0.1460244 0.4964338 3.38391
-0.1271241 0.4307952 3.374793
0.2613291 0.9795097 3.496749
0.4650114 0.8475745 3.394924
0.3605692 1.036056 3.307902
0.3141485 1.100094 3.262397
-0.004815056 0.4727499 3.435049
-0.02768645 0.1084458 3.479639
-0.02955896 -0.2727234 3.525128
-0.03697695 -0.2814726 3.45151
0.1540443 0.4678031 3.44471
0.1683239 0.1072752 3.478191
0.166464 -0.2769434 3.532024
0.1707187 -0.2872524 3.458593
0.07233811 1.032761 3.497092
-0.1233194 0.3640858 3.377072
-0.08832185 0.4369206 3.338683
0.2965441 1.134783 3.240672
0.2785304 1.100156 3.249699
47
0.07519457 0.4644076 3.478381
0.07314206 0.7916457 3.494623
0.07221977 1.112155 3.492731
0.08915244 1.253866 3.481763
-0.1185573 0.986335 3.464429
-0.1704309 0.7367467 3.445299
-0.1461247 0.4964283 3.384026
-0.1269155 0.4306117 3.375048
0.2615872 0.9837917 3.488461
0.466059 0.8774403 3.338425
0.364011 1.042341 3.261358
0.3113879 1.110311 3.212088
-0.005201143 0.4729002 3.434779
-0.02835708 0.1089428 3.479856
-0.02981303 -0.2727137 3.525285
-0.03698111 -0.281466 3.451525
0.1535068 0.4681918 3.444117
0.1680275 0.1075576 3.477647
0.1663939 -0.2768119 3.532054
0.1707101 -0.2872215 3.458642
0.07229345 1.032876 3.496063
-0.1217311 0.3631164 3.377396
-0.08785194 0.4366627 3.338604
0.2885567 1.139797 3.188285
0.2662473 1.105532 3.206892
48
0.07476548 0.4646788 3.478068
0.07292292 0.7918351 3.493811
0.07218125 1.112297 3.491705
0.08807606 1.25467 3.480908
-0.1185255 0.9863544 3.464198
-0.1704143 0.7367122 3.44513
-0.1461463 0.4966229 3.384298
-0.1265215 0.4303642 3.37531
0.2614687 0.9902165 3.473883
0.46208 0.9013456 3.285511
0.3586195 1.052526 3.206003
0.3046799 1.119483 3.148792
-0.0055763 0.4730771 3.434587
-0.02883473 0.1093775 3.480059
-0.02999691 -0.2727112 3.52542
-0.03698409 -0.281461 3.451539
0.1529611 0.4688528 3.443191
0.1678391 0.1076529 3.477109
0.1663214 -0.2768314 3.532074
0.1708594 -0.2873844 3.458381
0.0722224 1.033023 3.495049
-0.1215368 0.3624481 3.37775
-0.08683136 0.4360267 3.338284
0.2676471 1.147787 3.121721
0.257211 1.108982 3.146724
49
0.07476548 0.4646788 3.478068
0.07292292 0.7918351 3.493811
0.07218125 1.112297 3.491705
0.08807606 1.25467 3.480908
-0.1185255 0.9863544 3.464198
-0.1704143 0.7367122 3.44513
-0.1461463 0.4966229 3.384298
-0.1265215 0.4303642 3.37531
0.2614687 0.9902165 3.473883
0.46208 0.9013456 3.285511
0.3586195 1.052526 3.206003
0.3046799 1.119483 3.148792
-0.0055763 0.4730771 3.434587
-0.02883473 0.1093775 3.480059
-0.02999691 -0.2727112 3.52542
-0.03698409 -0.281461 3.451539
0.1529611 0.4688528 3.443191
0.1678391 0.1076529 3.477109
0.1663214 -0.2768314 3.532074
0.1708594 -0.2873844 3.458381
0.0722224 1.033023 3.495049
-0.1215368 0.3624481 3.37775
-0.08683136 0.4360267 3.338284
0.2676471 1.147787 3.121721
0.257211 1.108982 3.146724
50
0.07476548 0.4646788 3.478068
0.07292292 0.7918351 3.493811
0.07218125 1.112297 3.491705
0.08807606 1.25467 3.480908
-0.1185255 0.9863544 3.464198
-0.1704143 0.7367122 3.44513
-0.1461463 0.4966229 3.384298
-0.1265215 0.4303642 3.37531
0.2614687 0.9902165 3.473883
0.46208 0.9013456 3.285511
0.3586195 1.052526 3.206003
0.3046799 1.119483 3.148792
-0.0055763 0.4730771 3.434587
-0.02883473 0.1093775 3.480059
-0.02999691 -0.2727112 3.52542
-0.03698409 -0.281461 3.451539
0.1529611 0.4688528 3.443191
0.1678391 0.1076529 3.477109
0.1663214 -0.2768314 3.532074
0.1708594 -0.2873844 3.458381
0.0722224 1.033023 3.495049
-0.1215368 0.3624481 3.37775
-0.08683136 0.4360267 3.338284
0.2676471 1.147787 3.121721
0.257211 1.108982 3.146724
51
0.07432592 0.4649963 3.477704
0.07271113 0.7920545 3.492942
0.07215594 1.112451 3.490642
0.08646847 1.255619 3.480395
-0.1188462 0.986123 3.464436
-0.1704071 0.7363717 3.445297
-0.1461107 0.4969357 3.384663
-0.1257885 0.4299859 3.375549
0.2605204 0.9952478 3.458009
0.4476312 0.9271256 3.237309
0.3492895 1.069681 3.140147
0.2950214 1.126472 3.081322
-0.00594661 0.4732558 3.43445
-0.02908141 0.1096621 3.480255
-0.03015639 -0.2726947 3.525526
-0.03697607 -0.2814328 3.451563
0.1523244 0.4698297 3.441587
0.1677265 0.1079594 3.476424
0.1662937 -0.2768024 3.532116
0.1709979 -0.2875255 3.458153
0.07216496 1.033188 3.493996
-0.1212041 0.3617184 3.37781
-0.08611577 0.4356075 3.338111
0.254731 1.155694 3.046627
0.2457671 1.115934 3.070727
52
0.07432592 0.4649963 3.477704
0.07271113 0.7920545 3.492942
0.07215594 1.112451 3.490642
0.08646847 1.255619 3.480395
-0.1188462 0.986123 3.464436
-0.1704071 0.7363717 3.445297
-0.1461107 0.4969357 3.384663
-0.1257885 0.4299859 3.375549
0.2605204 0.9952478 3.458009
0.4476312 0.9271256 3.237309
0.3492895 1.069681 3.140147
0.2950214 1.126472 3.081322
-0.00594661 0.4732558 3.43445
-0.02908141 0.1096621 3.480255
-0.03015639 -0.2726947 3.525526
-0.03697607 -0.2814328 3.451563
0.1523244 0.4698297 3.441587
0.1677265 0.1079594 3.476424
0.1662937 -0.2768024 3.532116
0.1709979 -0.2875255 3.458153
0.07216496 1.033188 3.493996
-0.1212041 0.3617184 3.37781
-0.08611577 0.4356075 3.338111
0.254731 1.155694 3.046627
0.2457671 1.115934 3.070727
53
0.07391103 0.4653202 3.477357
0.07251614 0.7922712 3.492149
0.07212237 1.112602 3.489685
0.08433671 1.256788 3.480256
-0.1198134 0.9851459 3.466187
-0.1702164 0.7351142 3.446811
-0.1458387 0.4969737 3.385328
-0.1247985 0.4294471 3.376093
0.2584497 0.9971449 3.441581
0.4126523 0.963648 3.209668
0.3391697 1.082343 3.07561
0.2760345 1.140366 3.000781
-0.006359763 0.4734664 3.434513
-0.02920491 0.1101555 3.480516
-0.03027748 -0.2727139 3.525599
-0.03697665 -0.2814126 3.451566
0.1516657 0.470899 3.439714
0.1676816 0.1085235 3.475721
0.1662242 -0.2766878 3.532166
0.1710308 -0.287559 3.458098
0.07210516 1.03335 3.493049
-0.1204138 0.3611292 3.377594
-0.08560512 0.4356235 3.338123
0.2434982 1.166776 2.966857
0.2377864 1.122738 3.000091
54
0.07391103 0.4653202 3.477357
0.07251614 0.7922712 3.492149
0.07212237 1.112602 3.489685
0.08433671 1.256788 3.480256
-0.1198134 0.9851459 3.466187
-0.1702164 0.7351142 3.446811
-0.1458387 0.4969737 3.385328
-0.1247985 0.4294471 3.376093
0.2584497 0.9971449 3.441581
0.4126523 0.963648 3.209668
0.3391697 1.082343 3.07561
0.2760345 1.140366 3.000781
-0.006359763 0.4734664 3.434513
-0.02920491 0.1101555 3.480516
-0.03027748 -0.2727139 3.525599
-0.03697665 -0.2814126 3.451566
0.1516657 0.470899 3.439714
0.1676816 0.1085235 3.475721
0.1662242 -0.2766878 3.532166
0.1710308 -0.287559 3.458098
0.07210516 1.03335 3.493049
-0.1204138 0.3611292 3.377594
-0.08560512 0.4356235 3.338123
0.2434982 1.166776 2.966857
0.2377864 1.122738 3.000091
55
0.07354292 0.4656296 3.477036
0.07234655 0.7924905 3.491408
0.07209311 1.112769 3.488765
0.08206029 1.257926 3.480323
-0.1208822 0.9836456 3.469174
-0.1695183 0.7330124 3.450161
-0.1453599 0.4970369 3.386343
-0.1234413 0.4290727 3.377568
0.2571096 0.9962061 3.425729
0.3842695 0.9960476 3.164589
0.313374 1.101071 2.99496
0.2608568 1.148607 2.923473
-0.00682786 0.4737038 3.43487
-0.02910177 0.1110001 3.480803
-0.03040856 -0.272754 3.525661
-0.03697693 -0.2813927 3.451568
0.1510882 0.4720954 3.437308
0.1676666 0.1091165 3.47511
0.1661751 -0.2765854 3.532215
0.1710553 -0.2875837 3.458057
0.07205451 1.033525 3.492149
-0.1172446 0.36155 3.37722
-0.08442005 0.4363807 3.339152
0.2312095 1.18052 2.8835
0.22616 1.126758 2.91916
56
0.07354292 0.4656296 3.477036
0.07234655 0.7924905 3.491408
0.07209311 1.112769 3.488765
0.08206029 1.257926 3.480323
-0.1208822 0.9836456 3.469174
-0.1695183 0.7330124 3.450161
-0.1453599 0.4970369 3.386343
-0.1234413 0.4290727 3.377568
0.2571096 0.9962061 3.425729
0.3842695 0.9960476 3.164589
0.313374 1.101071 2.99496
0.2608568 1.148607 2.923473
-0.00682786 0.4737038 3.43487
-0.02910177 0.1110001 3.480803
-0.03040856 -0.272754 3.525661
-0.03697693 -0.2813927 3.451568
0.1510882 0.4720954 3.437308
0.1676666 0.1091165 3.47511
0.1661751 -0.2765854 3.532215
0.1710553 -0.2875837 3.458057
0.07205451 1.033525 3.492149
-0.1172446 0.36155 3.37722
-0.08442005 0.4363807 3.339152
0.2312095 1.18052 2.8835
0.22616 1.126758 2.91916
57
0.07320716 0.4659872 3.476798
0.07220428 0.7927147 3.490743
0.07208376 1.112968 3.487709
0.07993611 1.258926 3.480481
-0.1216696 0.9820981 3.472908
-0.1683108 0.7306467 3.455512
-0.1442607 0.4972427 3.388613
-0.1216356 0.4284524 3.380793
0.2540089 0.9979794 3.411309
0.3494423 1.027566 3.130459
0.2903698 1.112517 2.920794
0.2481751 1.151119 2.845031
-0.007492314 0.4742252 3.436472
-0.02879709 0.1120759 3.481158
-0.0305558 -0.272828 3.525705
-0.03697648 -0.2813791 3.451568
0.1506198 0.4732487 3.435163
0.1677481 0.109928 3.474604
0.1661561 -0.2765196 3.532221
0.1710735 -0.2876019 3.458025
0.07202199 1.033728 3.491207
-0.1160848 0.3608567 3.378864
-0.08236445 0.4314671 3.34385
0.2191405 1.176556 2.803927
0.211724 1.131087 2.833211
58
0.07320716 0.4659872 3.476798
0.07220428 0.7927147 3.490743
0.07208376 1.112968 3.487709
0.07993611 1.258926 3.480481
-0.1216696 0.9820981 3.472908
-0.1683108 0.7306467 3.455512
-0.1442607 0.4972427 3.388613
-0.1216356 0.4284524 3.380793
0.2540089 0.9979794 3.411309
0.3494423 1.027566 3.130459
0.2903698 1.112517 2.920794
0.2481751 1.151119 2.845031
-0.007492314 0.4742252 3.436472
-0.02879709 0.1120759 3.481158
-0.0305558 -0.272828 3.525705
-0.03697648 -0.2813791 3.451568
0.1506198 0.4732487 3.435163
0.1677481 0.109928 3.474604
0.1661561 -0.2765196 3.532221
0.1710735 -0.2876019 3.458025
0.07202199 1.033728 3.491207
-0.1160848 0.3608567 3.378864
-0.08236445 0.4314671 3.34385
0.2191405 1.176556 2.803927
0.211724 1.131087 2.833211
59
0.07293177 0.4664147 3.476685
0.07208818 0.7929654 3.490159
0.07204982 1.113267 3.486554
0.07770059 1.26009 3.480759
-0.1218851 0.9806597 3.477643
-0.166619 0.7284306 3.463851
-0.1420885 0.4970349 3.392791
-0.1196087 0.4278582 3.38479
0.251508 0.9995543 3.402023
0.3161451 1.044672 3.111198
0.2843678 1.108944 2.898311
0.2446467 1.145082 2.78184
-0.00799909 0.4750981 3.440106
-0.02835554 0.113072 3.481516
-0.03061471 -0.2728914 3.525811
-0.03696775 -0.2813734 3.451578
0.1502907 0.4743279 3.433317
0.1679242 0.1107853 3.474292
0.1661554 -0.2765006 3.532194
0.171087 -0.2876155 3.458002
0.07198184 1.034004 3.490243
-0.1149391 0.3599173 3.380661
-0.08099008 0.4307176 3.34842
0.2246714 1.163222 2.74793
0.2138594 1.121954 2.75553
60
0.07293177 0.4664147 3.476685
0.07208818 0.7929654 3.490159
0.07204982 1.113267 3.486554
0.07770059 1.26009 3.480759
-0.1218851 0.9806597 3.477643
-0.166619 0.7284306 3.463851
-0.1420885 0.4970349 3.392791
-0.1196087 0.4278582 3.38479
0.251508 0.9995543 3.402023
0.3161451 1.044672 3.111198
0.2843678 1.108944 2.898311
0.2446467 1.145082 2.78184
-0.00799909 0.4750981 3.440106
-0.02835554 0.113072 3.481516
-0.03061471 -0.2728914 3.525811
-0.03696775 -0.2813734 3.451578
0.1502907 0.4743279 3.433317
0.1679242 0.1107853 3.474292
0.1661554 -0.2765006 3.532194
0.171087 -0.2876155 3.458002
0.07198184 1.034004 3.490243
-0.1149391 0.3599173 3.380661
-0.08099008 0.4307176 3.34842
0.2246714 1.163222 2.74793
0.2138594 1.121954 2.75553
61
0.07275221 0.4669331 3.476723
0.07201892 0.7932123 3.489664
0.07205509 1.113559 3.485436
0.07588937 1.261035 3.481019
-0.1216946 0.9796062 3.481942
-0.1645286 0.7268869 3.471507
-0.1398818 0.4969854 3.397141
-0.11693 0.4263739 3.390176
0.2493224 1.000953 3.395426
0.2762606 1.055135 3.101359
0.2738234 1.108301 2.841787
0.2545417 1.133017 2.72361
-0.008007599 0.4760217 3.444957
-0.02751452 0.1139108 3.482046
-0.03068517 -0.2729927 3.525911
-0.03695544 -0.2813677 3.451589
0.1501293 0.4753389 3.431739
0.1681155 0.1115747 3.474156
0.1661965 -0.2765106 3.532142
0.1710896 -0.2876146 3.457988
0.07197924 1.034277 3.489341
-0.1115164 0.3576092 3.384445
-0.07786336 0.4332888 3.354548
0.2535657 1.150925 2.690696
0.2261565 1.11361 2.709366
62
0.07275221 0.4669331 3.476723
0.07201892 0.7932123 3.489664
0.07205509 1.113559 3.485436
0.07588937 1.261035 3.481019
-0.1216946 0.9796062 3.481942
-0.1645286 0.7268869 3.471507
-0.1398818 0.4969854 3.397141
-0.11693 0.4263739 3.390176
0.2493224 1.000953 3.395426
0.2762606 1.055135 3.101359
0.2738234 1.108301 2.841787
0.2545417 1.133017 2.72361
-0.008007599 0.4760217 3.444957
-0.02751452 0.1139108 3.482046
-0.03068517 -0.2729927 3.525911
-0.03695544 -0.2813677 3.451589
0.1501293 0.4753389 3.431739
0.1681155 0.1115747 3.474156
0.1661965 -0.2765106 3.532142
0.1710896 -0.2876146 3.457988
0.07197924 1.034277 3.489341
-0.1115164 0.3576092 3.384445
-0.07786336 0.4332888 3.354548
0.2535657 1.150925 2.690696
0.2261565 1.11361 2.709366
63
0.07249843 0.4677011 3.47729
0.07196544 0.7934404 3.48927
0.07207853 1.113847 3.484319
0.0744938 1.261765 3.481249
-0.1210517 0.9788287 3.486822
-0.1625737 0.7259402 3.478084
-0.1369066 0.4963901 3.403458
-0.1143425 0.4258833 3.396545
0.2472921 1.002069 3.390963
0.2608461 1.059828 3.095317
0.2713893 1.069664 2.827522
0.2777115 1.11509 2.705374
-0.008089402 0.4770376 3.452009
-0.02661935 0.1148 3.482597
-0.03070732 -0.2729398 3.526071
-0.03682521 -0.2812185 3.451661
0.1499776 0.4761522 3.430579
0.1684097 0.112431 3.474314
0.1662315 -0.2765847 3.532069
0.1710912 -0.2876109 3.457985
0.07198801 1.034537 3.488511
-0.1101559 0.3561431 3.38884
-0.07522366 0.4333751 3.361054
0.2867675 1.138323 2.67383
0.2441097 1.109563 2.702813
64
0.07249843 0.4677011 3.47729
0.07196544 0.7934404 3.48927
0.07207853 1.113847 3.484319
0.0744938 1.261765 3.481249
-0.1210517 0.9788287 3.486822
-0.1625737 0.7259402 3.478084
-0.1369066 0.4963901 3.403458
-0.1143425 0.4258833 3.396545
0.2472921 1.002069 3.390963
0.2608461 1.059828 3.095317
0.2713893 1.069664 2.827522
0.2777115 1.11509 2.705374
-0.008089402 0.4770376 3.452009
-0.02661935 0.1148 3.482597
-0.03070732 -0.2729398 3.526071
-0.03682521 -0.2812185 3.451661
0.1499776 0.4761522 3.430579
0.1684097 0.112431 3.474314
0.1662315 -0.2765847 3.532069
0.1710912 -0.2876109 3.457985
0.07198801 1.034537 3.488511
-0.1101559 0.3561431 3.38884
-0.07522366 0.4333751 3.361054
0.2867675 1.138323 2.67383
0.2441097 1.109563 2.702813
65
0.07234468 0.4684066 3.477915
0.07195345 0.7936665 3.488919
0.07221564 1.114207 3.482948
0.07341205 1.262341 3.481431
-0.1200685 0.9783671 3.491459
-0.1609243 0.7254826 3.483719
-0.1345512 0.4957821 3.409009
-0.1128128 0.4248438 3.401713
0.2440843 1.002942 3.387387
0.2496753 1.05872 3.09342
0.2713596 1.053446 2.819214
0.2965955 1.101503 2.700988
-0.007808463 0.4775903 3.457659
-0.02582042 0.1155678 3.483111
-0.03069586 -0.2729506 3.526242
-0.03674973 -0.281148 3.451716
0.14992 0.4768646 3.429525
0.1688667 0.1130885 3.474661
0.1662142 -0.2766741 3.532045
0.1710935 -0.2876102 3.45799
0.07208753 1.034853 3.487534
-0.1097377 0.3547599 3.393381
-0.07374541 0.4330699 3.365884
0.3177195 1.124255 2.674161
0.2701114 1.083126 2.685881
66
0.07234468 0.4684066 3.477915
0.07195345 0.7936665 3.488919
0.07221564 1.114207 3.482948
0.07341205 1.262341 3.481431
-0.1200685 0.9783671 3.491459
-0.1609243 0.7254826 3.483719
-0.1345512 0.4957821 3.409009
-0.1128128 0.4248438 3.401713
0.2440843 1.002942 3.387387
0.2496753 1.05872 3.09342
0.2713596 1.053446 2.819214
0.2965955 1.101503 2.700988
-0.007808463 0.4775903 3.457659
-0.02582042 0.1155678 3.483111
-0.03069586 -0.2729506 3.526242
-0.03674973 -0.281148 3.451716
0.14992 0.4768646 3.429525
0.1688667 0.1130885 3.474661
0.1662142 -0.2766741 3.532045
0.1710935 -0.2876102 3.45799
0.07208753 1.034853 3.487534
-0.1097377 0.3547599 3.393381
-0.07374541 0.4330699 3.365884
0.3177195 1.124255 2.674161
0.2701114 1.083126 2.685881
67
0.07226396 0.4690306 3.478545
0.07200535 0.7939118 3.488566
0.07265913 1.114707 3.481019
0.07246896 1.262868 3.481534
-0.1190922 0.9781164 3.495425
-0.159481 0.7253056 3.488651
-0.1325951 0.4950975 3.413724
-0.1117924 0.4234964 3.405746
0.2401908 1.003828 3.38465
0.2369246 1.032701 3.09761
0.269938 1.047001 2.811587
0.2997088 1.095674 2.691544
-0.007341851 0.4778277 3.462236
-0.02510705 0.1161385 3.483558
-0.03061638 -0.2729578 3.526429
-0.036688 -0.281099 3.45176
0.1499293 0.4775151 3.428472
0.16936 0.1136367 3.475044
0.166183 -0.2767613 3.53202
0.1710932 -0.2876036 3.458003
0.0724181 1.03528 3.486181
-0.1095311 0.3535954 3.397723
-0.07275325 0.4316274 3.369139
0.3269249 1.121381 2.668746
0.2737483 1.075346 2.672988
68
0.07226396 0.4690306 3.478545
0.07200535 0.7939118 3.488566
0.07265913 1.114707 3.481019
0.07246896 1.262868 3.481534
-0.1190922 0.9781164 3.495425
-0.159481 0.7253056 3.488651
-0.1325951 0.4950975 3.413724
-0.1117924 0.4234964 3.405746
0.2401908 1.003828 3.38465
0.2369246 1.032701 3.09761
0.269938 1.047001 2.811587
0.2997088 1.095674 2.691544
-0.007341851 0.4778277 3.462236
-0.02510705 0.1161385 3.483558
-0.03061638 -0.2729578 3.526429
-0.036688 -0.281099 3.45176
0.1499293 0.4775151 3.428472
0.16936 0.1136367 3.475044
0.166183 -0.2767613 3.53202
0.1710932 -0.2876036 3.458003
0.0724181 1.03528 3.486181
-0.1095311 0.3535954 3.397723
-0.07275325 0.4316274 3.369139
0.3269249 1.121381 2.668746
0.2737483 1.075346 2.672988
69
0.07215784 0.4695823 3.479162
0.07204866 0.7941469 3.488246
0.07300679 1.115154 3.479224
0.07172842 1.263288 3.481605
-0.1180556 0.9781124 3.49871
-0.1583299 0.7253925 3.492398
-0.1310592 0.4945113 3.417529
-0.111193 0.4225553 3.409118
0.2260005 1.005717 3.376908
0.2302262 1.004742 3.098178
0.2683858 1.0086 2.815432
0.2987429 1.093131 2.697188
-0.007108396 0.4779603 3.465707
-0.02440339 0.1165664 3.483964
-0.0305143 -0.2729636 3.52663
-0.03663299 -0.2810636 3.451802
0.1498055 0.4781005 3.427364
0.169864 0.1141619 3.475424
0.1662765 -0.2768939 3.531878
0.1710911 -0.2876006 3.458018
0.07268526 1.035678 3.484876
-0.1093971 0.352556 3.401813
-0.07356892 0.4291139 3.373712
0.3166329 1.115112 2.683243
0.2630458 1.083988 2.701689
70
0.07215784 0.4695823 3.479162
0.07204866 0.7941469 3.488246
0.07300679 1.115154 3.479224
0.07172842 1.263288 3.481605
-0.1180556 0.9781124 3.49871
-0.1583299 0.7253925 3.492398
-0.1310592 0.4945113 3.417529
-0.111193 0.4225553 3.409118
0.2260005 1.005717 3.376908
0.2302262 1.004742 3.098178
0.2683858 1.0086 2.815432
0.2987429 1.093131 2.697188
-0.007108396 0.4779603 3.465707
-0.02440339 0.1165664 3.483964
-0.0305143 -0.2729636 3.52663
-0.03663299 -0.2810636 3.451802
0.1498055 0.4781005 3.427364
0.169864 0.1141619 3.475424
0.1662765 -0.2768939 3.531878
0.1710911 -0.2876006 3.458018
0.07268526 1.035678 3.484876
-0.1093971 0.352556 3.401813
-0.07356892 0.4291139 3.373712
0.3166329 1.115112 2.683243
0.2630458 1.083988 2.701689
71
0.07211738 0.4700626 3.479705
0.07211416 0.7943787 3.487951
0.07329758 1.115515 3.477772
0.07114833 1.263628 3.481655
-0.1170851 0.9781814 3.501528
-0.1574528 0.7255344 3.495291
-0.1299498 0.4937999 3.420706
-0.1107408 0.4213893 3.411625
0.2190885 1.006658 3.373325
0.2284706 0.992968 3.098658
0.2703841 1.035324 2.83748
0.2963081 1.093734 2.707754
-0.006834987 0.4780325 3.468123
-0.02380443 0.1168897 3.484298
-0.03036807 -0.2727248 3.526819
-0.03635747 -0.2807968 3.451931
0.1497302 0.4786493 3.426286
0.1704299 0.114723 3.475765
0.1666468 -0.2770546 3.531646
0.1710902 -0.2875973 3.458032
0.07292493 1.036018 3.48377
-0.1090095 0.3517856 3.404574
-0.07365997 0.4280091 3.376683
0.3100402 1.120306 2.689545
0.2584562 1.094822 2.718892
72
0.07211738 0.4700626 3.479705
0.07211416 0.7943787 3.487951
0.07329758 1.115515 3.477772
0.07114833 1.263628 3.481655
-0.1170851 0.9781814 3.501528
-0.1574528 0.7255344 3.495291
-0.1299498 0.4937999 3.420706
-0.1107408 0.4213893 3.411625
0.2190885 1.006658 3.373325
0.2284706 0.992968 3.098658
0.2703841 1.035324 2.83748
0.2963081 1.093734 2.707754
-0.006834987 0.4780325 3.468123
-0.02380443 0.1168897 3.484298
-0.03036807 -0.2727248 3.526819
-0.03635747 -0.2807968 3.451931
0.1497302 0.4786493 3.426286
0.1704299 0.114723 3.475765
0.1666468 -0.2770546 3.531646
0.1710902 -0.2875973 3.458032
0.07292493 1.036018 3.48377
-0.1090095 0.3517856 3.404574
-0.07365997 0.4280091 3.376683
0.3100402 1.120306 2.689545
0.2584562 1.094822 2.718892
73
0.07208927 0.4704727 3.480197
0.07218491 0.7945953 3.487694
0.07355671 1.115817 3.476601
0.07069989 1.263898 3.481623
-0.1161839 0.9783331 3.503975
-0.1568631 0.7258084 3.49786
-0.1291432 0.4930978 3.423126
-0.1109178 0.4199369 3.413491
0.215271 1.007169 3.371372
0.2299248 0.9827394 3.100063
0.2712799 1.029381 2.839933
0.2949722 1.093419 2.718597
-0.006621234 0.4780752 3.469835
-0.02326968 0.1171336 3.484585
-0.03019657 -0.2725389 3.52702
-0.03614943 -0.2805999 3.452027
0.149633 0.4790911 3.425392
0.1709396 0.1151918 3.476052
0.1672106 -0.2772473 3.531292
0.1710903 -0.2875946 3.458044
0.07314584 1.036312 3.482844
-0.1101894 0.3491178 3.408121
-0.07510556 0.4212032 3.378574
0.3084559 1.121344 2.695467
0.2560124 1.097018 2.72813
74
0.07208927 0.4704727 3.480197
0.07218491 0.7945953 3.487694
0.07355671 1.115817 3.476601
0.07069989 1.263898 3.481623
-0.1161839 0.9783331 3.503975
-0.1568631 0.7258084 3.49786
-0.1291432 0.4930978 3.423126
-0.1109178 0.4199369 3.413491
0.215271 1.007169 3.371372
0.2299248 0.9827394 3.100063
0.2712799 1.029381 2.839933
0.2949722 1.093419 2.718597
-0.006621234 0.4780752 3.469835
-0.02326968 0.1171336 3.484585
-0.03019657 -0.2725389 3.52702
-0.03614943 -0.2805999 3.452027
0.149633 0.4790911 3.425392
0.1709396 0.1151918 3.476052
0.1672106 -0.2772473 3.531292
0.1710903 -0.2875946 3.458044
0.07314584 1.036312 3.482844
-0.1101894 0.3491178 3.408121
-0.07510556 0.4212032 3.378574
0.3084559 1.121344 2.695467
0.2560124 1.097018 2.72813
75
0.07204049 0.4708036 3.480633
0.07224851 0.7947865 3.487479
0.07376482 1.116053 3.475701
0.070367 1.264102 3.481583
-0.1154429 0.9784684 3.505956
-0.1562837 0.7259554 3.499511
-0.1286452 0.4925936 3.424954
-0.1117136 0.4185202 3.414807
0.2129206 1.007503 3.370059
0.2328664 0.9751936 3.101635
0.2725295 1.027862 2.843407
0.2948248 1.092851 2.72582
-0.006473671 0.4780923 3.471057
-0.02276861 0.117305 3.484837
-0.03003749 -0.2724051 3.5272
-0.03599885 -0.280458 3.452094
0.1494514 0.4794295 3.424615
0.1713583 0.1155534 3.476237
0.167763 -0.2774098 3.530958
0.1710922 -0.2875907 3.458066
0.07332878 1.03655 3.482106
-0.1116515 0.3471816 3.410201
-0.07564876 0.4196453 3.379442
0.3077808 1.121104 2.699104
0.259274 1.091679 2.730752
76
0.07204049 0.4708036 3.480633
0.07224851 0.7947865 3.487479
0.07376482 1.116053 3.475701
0.070367 1.264102 3.481583
-0.1154429 0.9784684 3.505956
-0.1562837 0.7259554 3.499511
-0.1286452 0.4925936 3.424954
-0.1117136 0.4185202 3.414807
0.2129206 1.007503 3.370059
0.2328664 0.9751936 3.101635
0.2725295 1.027862 2.843407
0.2948248 1.092851 2.72582
-0.006473671 0.4780923 3.471057
-0.02276861 0.117305 3.484837
-0.03003749 -0.2724051 3.5272
-0.03599885 -0.280458 3.452094
0.1494514 0.4794295 3.424615
0.1713583 0.1155534 3.476237
0.167763 -0.2774098 3.530958
0.1710922 -0.2875907 3.458066
0.07332878 1.03655 3.482106
-0.1116515 0.3471816 3.410201
-0.07564876 0.4196453 3.379442
0.3077808 1.121104 2.699104
0.259274 1.091679 2.730752
77
0.07198779 0.4710509 3.480985
0.07230744 0.7949556 3.487297
0.07393215 1.116248 3.475017
0.07006737 1.264307 3.481462
-0.1148838 0.9785045 3.507481
-0.1559102 0.7260215 3.500682
-0.1283269 0.4922093 3.426253
-0.1128853 0.4173234 3.415043
0.2113216 1.007731 3.369278
0.2376225 0.9694932 3.103527
0.2742536 1.026479 2.846367
0.2959313 1.088387 2.734269
-0.006369665 0.4780972 3.471924
-0.02237355 0.1174484 3.485024
-0.0298178 -0.2723065 3.527345
-0.03588853 -0.2803573 3.452135
0.1492234 0.4796521 3.423923
0.1716623 0.1157918 3.476292
0.1682807 -0.2775354 3.530645
0.1710947 -0.2875866 3.458085
0.07348002 1.036748 3.481521
-0.113499 0.3456613 3.410824
-0.07790121 0.418 3.378704
0.3074352 1.118014 2.706562
0.2619865 1.091077 2.73513
78
0.07198779 0.4710509 3.480985
0.07230744 0.7949556 3.487297
0.07393215 1.116248 3.475017
0.07006737 1.264307 3.481462
-0.1148838 0.9785045 3.507481
-0.1559102 0.7260215 3.500682
-0.1283269 0.4922093 3.426253
-0.1128853 0.4173234 3.415043
0.2113216 1.007731 3.369278
0.2376225 0.9694932 3.103527
0.2742536 1.026479 2.846367
0.2959313 1.088387 2.734269
-0.006369665 0.4780972 3.471924
-0.02237355 0.1174484 3.485024
-0.0298178 -0.2723065 3.527345
-0.03588853 -0.2803573 3.452135
0.1492234 0.4796521 3.423923
0.1716623 0.1157918 3.476292
0.1682807 -0.2775354 3.530645
0.1710947 -0.2875866 3.458085
0.07348002 1.036748 3.481521
-0.113499 0.3456613 3.410824
-0.07790121 0.418 3.378704
0.3074352 1.118014 2.706562
0.2619865 1.091077 2.73513
79
0.07193297 0.4712353 3.481264
0.07236198 0.7951041 3.487143
0.0740784 1.116405 3.474542
0.06983475 1.264461 3.481338
-0.1144604 0.9784878 3.508694
-0.1556042 0.7260451 3.501521
-0.1281278 0.4919124 3.427201
-0.1139521 0.4166869 3.415189
0.2106774 1.007767 3.369499
0.2419449 0.9658002 3.105447
0.2775373 1.023817 2.849274
0.3005579 1.080159 2.741945
-0.006297449 0.4780923 3.472546
-0.02200793 0.1175271 3.485201
-0.02953096 -0.2722349 3.527505
-0.03581401 -0.2802906 3.452167
0.148984 0.4797983 3.423319
0.1718935 0.1159672 3.476317
0.1687493 -0.2776496 3.530367
0.1711026 -0.2875891 3.458119
0.07361301 1.03691 3.481089
-0.114339 0.3445731 3.41271
-0.07871284 0.4172804 3.378426
0.3135889 1.106079 2.717166
0.2705871 1.090084 2.73676
80
0.07193297 0.4712353 3.481264
0.07236198 0.7951041 3.487143
0.0740784 1.116405 3.474542
0.06983475 1.264461 3.481338
-0.1144604 0.9784878 3.508694
-0.1556042 0.7260451 3.501521
-0.1281278 0.4919124 3.427201
-0.1139521 0.4166869 3.415189
0.2106774 1.007767 3.369499
0.2419449 0.9658002 3.105447
0.2775373 1.023817 2.849274
0.3005579 1.080159 2.741945
-0.006297449 0.4780923 3.472546
-0.02200793 0.1175271 3.485201
-0.02953096 -0.2722349 3.527505
-0.03581401 -0.2802906 3.452167
0.148984 0.4797983 3.423319
0.1718935 0.1159672 3.476317
0.1687493 -0.2776496 3.530367
0.1711026 -0.2875891 3.458119
0.07361301 1.03691 3.481089
-0.114339 0.3445731 3.41271
-0.07871284 0.4172804 3.378426
0.3135889 1.106079 2.717166
0.2705871 1.090084 2.73676
81
0.07185932 0.4713631 3.481464
0.07239971 0.7952297 3.487016
0.07417645 1.116519 3.474214
0.06965366 1.264588 3.481215
-0.1141364 0.9784719 3.509609
-0.155408 0.7260643 3.502121
-0.1282856 0.4910537 3.427629
-0.116358 0.4154649 3.413288
0.2111089 1.007634 3.370743
0.2461269 0.9634984 3.107405
0.2823853 1.015943 2.851791
0.3008675 1.058517 2.752037
-0.006263483 0.4780514 3.472929
-0.02160512 0.1174999 3.485356
-0.0292746 -0.2721805 3.527648
-0.03575876 -0.2802421 3.45219
0.1486567 0.4798377 3.42274
0.1720708 0.1160989 3.476315
0.1690872 -0.2777338 3.530154
0.1711112 -0.2875921 3.458154
0.07370593 1.037034 3.480777
-0.1174825 0.3436511 3.410522
-0.08182283 0.4189557 3.374223
0.320008 1.080822 2.725388
0.2742643 1.050802 2.740147
82
0.07185932 0.4713631 3.481464
0.07239971 0.7952297 3.487016
0.07417645 1.116519 3.474214
0.06965366 1.264588 3.481215
-0.1141364 0.9784719 3.509609
-0.155408 0.7260643 3.502121
-0.1282856 0.4910537 3.427629
-0.116358 0.4154649 3.413288
0.2111089 1.007634 3.370743
0.2461269 0.9634984 3.107405
0.2823853 1.015943 2.851791
0.3008675 1.058517 2.752037
-0.006263483 0.4780514 3.472929
-0.02160512 0.1174999 3.485356
-0.0292746 -0.2721805 3.527648
-0.03575876 -0.2802421 3.45219
0.1486567 0.4798377 3.42274
0.1720708 0.1160989 3.476315
0.1690872 -0.2777338 3.530154
0.1711112 -0.2875921 3.458154
0.07370593 1.037034 3.480777
-0.1174825 0.3436511 3.410522
-0.08182283 0.4189557 3.374223
0.320008 1.080822 2.725388
0.2742643 1.050802 2.740147
83
0.07179576 0.4714542 3.481585
0.07243063 0.7953383 3.486909
0.07424269 1.116601 3.473999
0.06951091 1.26469 3.481095
-0.1138969 0.9784496 3.51029
-0.1552703 0.7260778 3.502501
-0.1286537 0.4902872 3.427674
-0.1182467 0.4149254 3.410963
0.2123279 1.007562 3.372605
0.2500668 0.9622781 3.109301
0.2847439 1.012072 2.85321
0.297395 1.031866 2.765174
-0.006242789 0.4779377 3.472956
-0.02121582 0.117409 3.485486
-0.02904479 -0.2721437 3.527767
-0.03572429 -0.2802107 3.452206
0.1482611 0.4798226 3.422093
0.1722063 0.1161943 3.476297
0.1692353 -0.2777787 3.530064
0.171122 -0.2876003 3.458201
0.07376792 1.037121 3.480567
-0.1184685 0.3431836 3.409833
-0.08455095 0.4199677 3.370568
0.3157617 1.037537 2.746313
0.2683297 1.002152 2.754495
84
0.07179576 0.4714542 3.481585
0.07243063 0.7953383 3.486909
0.07424269 1.116601 3.473999
0.06951091 1.26469 3.481095
-0.1138969 0.9784496 3.51029
-0.1552703 0.7260778 3.502501
-0.1286537 0.4902872 3.427674
-0.1182467 0.4149254 3.410963
0.2123279 1.007562 3.372605
0.2500668 0.9622781 3.109301
0.2847439 1.012072 2.85321
0.297395 1.031866 2.765174
-0.006242789 0.4779377 3.472956
-0.02121582 0.117409 3.485486
-0.02904479 -0.2721437 3.527767
-0.03572429 -0.2802107 3.452206
0.1482611 0.4798226 3.422093
0.1722063 0.1161943 3.476297
0.1692353 -0.2777787 3.530064
0.171122 -0.2876003 3.458201
0.07376792 1.037121 3.480567
-0.1184685 0.3431836 3.409833
-0.08455095 0.4199677 3.370568
0.3157617 1.037537 2.746313
0.2683297 1.002152 2.754495
85
0.07174155 0.4715202 3.481625
0.07245798 0.7954284 3.486817
0.07429737 1.11665 3.473888
0.06939511 1.26475 3.480996
-0.113722 0.9784207 3.51079
-0.1552295 0.7260768 3.502609
-0.1291948 0.4897279 3.427255
-0.1204018 0.414079 3.408533
0.2140778 1.008054 3.375366
0.2547404 0.9624079 3.11181
0.3072304 0.9799045 2.858298
0.2855983 0.9729389 2.795819
-0.006121578 0.4777033 3.472251
-0.02087871 0.1172793 3.485541
-0.02881752 -0.2721002 3.527874
-0.03569812 -0.2801855 3.452217
0.1478846 0.4797746 3.421408
0.1723094 0.1162671 3.476261
0.1693513 -0.2777392 3.529981
0.171164 -0.2875283 3.458283
0.07381121 1.037177 3.480421
-0.1192721 0.3428056 3.408907
-0.08730915 0.4218315 3.367433
0.2890366 0.9700866 2.775308
0.2533285 0.9522191 2.784826
86
0.07174155 0.4715202 3.481625
0.07245798 0.7954284 3.486817
0.07429737 1.11665 3.473888
0.06939511 1.26475 3.480996
-0.113722 0.9784207 3.51079
-0.1552295 0.7260768 3.502609
-0.1291948 0.4897279 3.427255
-0.1204018 0.414079 3.408533
0.2140778 1.008054 3.375366
0.2547404 0.9624079 3.11181
0.3072304 0.9799045 2.858298
0.2855983 0.9729389 2.795819
-0.006121578 0.4777033 3.472251
-0.02087871 0.1172793 3.485541
-0.02881752 -0.2721002 3.527874
-0.03569812 -0.2801855 3.452217
0.1478846 0.4797746 3.421408
0.1723094 0.1162671 3.476261
0.1693513 -0.2777392 3.529981
0.171164 -0.2875283 3.458283
0.07381121 1.037177 3.480421
-0.1192721 0.3428056 3.408907
-0.08730915 0.4218315 3.367433
0.2890366 0.9700866 2.775308
0.2533285 0.9522191 2.784826
87
0.07169915 0.4715936 3.481436
0.07248239 0.7955083 3.486734
0.07432871 1.116675 3.473932
0.06931076 1.264786 3.480935
-0.1135997 0.9783934 3.511157
-0.155314 0.726049 3.502191
-0.1300444 0.4893307 3.425985
-0.122933 0.4135951 3.403945
0.2192456 1.010947 3.383134
0.3352293 0.9478287 3.227064
0.3339579 0.9180931 2.960557
0.2687078 0.8965098 2.832896
-0.005813404 0.4773853 3.470359
-0.02069353 0.1172773 3.485536
-0.02858197 -0.272055 3.527973
-0.03567981 -0.2801682 3.45222
0.1475648 0.4797616 3.420642
0.17239 0.1163149 3.476206
0.1694308 -0.2776904 3.529918
0.1712038 -0.2874585 3.458361
0.07384427 1.03722 3.480323
-0.1203264 0.3429703 3.404412
-0.09064835 0.4241488 3.363524
0.2561749 0.8933538 2.81423
0.2344169 0.8877344 2.814441
88
0.07169915 0.4715936 3.481436
0.07248239 0.7955083 3.486734
0.07432871 1.116675 3.473932
0.06931076 1.264786 3.480935
-0.1135997 0.9783934 3.511157
-0.155314 0.726049 3.502191
-0.1300444 0.4893307 3.425985
-0.122933 0.4135951 3.403945
0.2192456 1.010947 3.383134
0.3352293 0.9478287 3.227064
0.3339579 0.9180931 2.960557
0.2687078 0.8965098 2.832896
-0.005813404 0.4773853 3.470359
-0.02069353 0.1172773 3.485536
-0.02858197 -0.272055 3.527973
-0.03567981 -0.2801682 3.45222
0.1475648 0.4797616 3.420642
0.17239 0.1163149 3.476206
0.1694308 -0.2776904 3.529918
0.1712038 -0.2874585 3.458361
0.07384427 1.03722 3.480323
-0.1203264 0.3429703 3.404412
-0.09064835 0.4241488 3.363524
0.2561749 0.8933538 2.81423
0.2344169 0.8877344 2.814441
89
0.07165887 0.4716001 3.480874
0.07250983 0.7955741 3.486647
0.07436768 1.116666 3.474085
0.06924792 1.264812 3.480891
-0.1135289 0.978354 3.511418
-0.1557378 0.7259721 3.501409
-0.1312041 0.4898551 3.423778
-0.1244379 0.4157589 3.398161
0.2228257 1.012746 3.388179
0.3574975 0.9083055 3.239426
0.3468275 0.8449926 3.022576
0.257869 0.8069347 2.886544
-0.005466922 0.4769531 3.467471
-0.02050777 0.1172278 3.485497
-0.02845236 -0.2720282 3.528026
-0.03566932 -0.2801639 3.452213
0.1472657 0.4796639 3.419758
0.1724492 0.1163526 3.476135
0.1694523 -0.2776522 3.529878
0.1712354 -0.2874119 3.458426
0.07387546 1.037248 3.480267
-0.1226643 0.3467031 3.396188
-0.09367745 0.4287165 3.357059
0.2445313 0.7961922 2.862174
0.2227981 0.8047253 2.865539
90
0.07165887 0.4716001 3.480874
0.07250983 0.7955741 3.486647
0.07436768 1.116666 3.474085
0.06924792 1.264812 3.480891
-0.1135289 0.978354 3.511418
-0.1557378 0.7259721 3.501409
-0.1312041 0.4898551 3.423778
-0.1244379 0.4157589 3.398161
0.2228257 1.012746 3.388179
0.3574975 0.9083055 3.239426
0.3468275 0.8449926 3.022576
0.257869 0.8069347 2.886544
-0.005466922 0.4769531 3.467471
-0.02050777 0.1172278 3.485497
-0.02845236 -0.2720282 3.528026
-0.03566932 -0.2801639 3.452213
0.1472657 0.4796639 3.419758
0.1724492 0.1163526 3.476135
0.1694523 -0.2776522 3.529878
0.1712354 -0.2874119 3.458426
0.07387546 1.037248 3.480267
-0.1226643 0.3467031 3.396188
-0.09367745 0.4287165 3.357059
0.2445313 0.7961922 2.862174
0.2227981 0.8047253 2.865539
91
0.07159419 0.4716212 3.479539
0.07253966 0.7956452 3.486509
0.07439899 1.116645 3.474287
0.06919491 1.264833 3.480856
-0.1135049 0.9783095 3.511585
-0.1563944 0.7259126 3.500232
-0.1323549 0.4909362 3.421005
-0.1251458 0.4171791 3.393039
0.2319379 1.011944 3.396323
0.3797555 0.8765882 3.307693
0.3438197 0.7688931 3.121512
0.2766439 0.7289188 3.004349
-0.005266725 0.4765541 3.463
-0.0203329 0.1171337 3.485418
-0.02834656 -0.2720019 3.528071
-0.03566482 -0.2801673 3.452201
0.1469973 0.4795878 3.41865
0.1724886 0.1163739 3.476008
0.1694665 -0.2776141 3.529852
0.171259 -0.2873812 3.458485
0.0739017 1.037266 3.480238
-0.1221878 0.3506725 3.386821
-0.09429264 0.4282047 3.352345
0.2482691 0.7013451 2.935725
0.2483509 0.7331464 2.979368
92
0.07159419 0.4716212 3.479539
0.07253966 0.7956452 3.486509
0.07439899 1.116645 3.474287
0.06919491 1.264833 3.480856
-0.1135049 0.9783095 3.511585
-0.1563944 0.7259126 3.500232
-0.1323549 0.4909362 3.421005
-0.1251458 0.4171791 3.393039
0.2319379 1.011944 3.396323
0.3797555 0.8765882 3.307693
0.3438197 0.7688931 3.121512
0.2766439 0.7289188 3.004349
-0.005266725 0.4765541 3.463
-0.0203329 0.1171337 3.485418
-0.02834656 -0.2720019 3.528071
-0.03566482 -0.2801673 3.452201
0.1469973 0.4795878 3.41865
0.1724886 0.1163739 3.476008
0.1694665 -0.2776141 3.529852
0.171259 -0.2873812 3.458485
0.0739017 1.037266 3.480238
-0.1221878 0.3506725 3.386821
-0.09429264 0.4282047 3.352345
0.2482691 0.7013451 2.935725
0.2483509 0.7331464 2.979368
93
0.07138894 0.4714687 3.477574
0.07255523 0.7956943 3.486315
0.07441635 1.116594 3.474555
0.06914622 1.264846 3.480827
-0.1136712 0.9781988 3.511467
-0.1573025 0.7257991 3.498489
-0.1333075 0.4919463 3.418474
-0.1254023 0.4184073 3.389754
0.2427428 1.007114 3.403999
0.3799459 0.838514 3.364323
0.317572 0.6804415 3.169457
0.2662588 0.6162657 3.070894
-0.005461329 0.4759189 3.4578
-0.02008813 0.1168432 3.48528
-0.02829044 -0.2719806 3.528108
-0.03567299 -0.2801895 3.452169
0.1467146 0.4794291 3.41745
0.1725029 0.1163496 3.475853
0.1694608 -0.2775778 3.52984
0.1712719 -0.2873651 3.458526
0.07392152 1.037271 3.480237
-0.1218103 0.3530339 3.3814
-0.09422123 0.4298929 3.348558
0.2426712 0.584017 3.000336
0.2293438 0.6089655 3.048547
94
0.07138894 0.4714687 3.477574
0.07255523 0.7956943 3.486315
0.07441635 1.116594 3.474555
0.06914622 1.264846 3.480827
-0.1136712 0.9781988 3.511467
-0.1573025 0.7257991 3.498489
-0.1333075 0.4919463 3.418474
-0.1254023 0.4184073 3.389754
0.2427428 1.007114 3.403999
0.3799459 0.838514 3.364323
0.317572 0.6804415 3.169457
0.2662588 0.6162657 3.070894
-0.005461329 0.4759189 3.4578
-0.02008813 0.1168432 3.48528
-0.02829044 -0.2719806 3.528108
-0.03567299 -0.2801895 3.452169
0.1467146 0.4794291 3.41745
0.1725029 0.1163496 3.475853
0.1694608 -0.2775778 3.52984
0.1712719 -0.2873651 3.458526
0.07392152 1.037271 3.480237
-0.1218103 0.3530339 3.3814
-0.09422123 0.4298929 3.348558
0.2426712 0.584017 3.000336
0.2293438 0.6089655 3.048547
95
0.07012013 0.4706892 3.474734
0.07241007 0.7956721 3.485981
0.07438195 1.116525 3.474886
0.06911328 1.264858 3.480803
-0.1140756 0.9780261 3.510666
-0.1583972 0.7256908 3.496081
-0.1340954 0.4930388 3.416165
-0.1256365 0.4192827 3.387741
0.2530755 1.000744 3.411801
0.3587969 0.7902031 3.409782
0.2947198 0.5907149 3.229959
0.2584583 0.5099691 3.149138
-0.007516588 0.4749421 3.451923
-0.01982711 0.1164149 3.485139
-0.0282533 -0.2719655 3.528136
-0.03568577 -0.2802185 3.452133
0.145828 0.4786 3.415875
0.1725041 0.1163117 3.475691
0.1693977 -0.2775335 3.529879
0.171278 -0.2873604 3.458562
0.07390935 1.037258 3.480272
-0.1216829 0.3542029 3.378885
-0.09417925 0.4315791 3.346091
0.2403919 0.4624637 3.08272
0.2166347 0.4857969 3.139939
96
0.07012013 0.4706892 3.474734
0.07241007 0.7956721 3.485981
0.07438195 1.116525 3.474886
0.06911328 1.264858 3.480803
-0.1140756 0.9780261 3.510666
-0.1583972 0.7256908 3.496081
-0.1340954 0.4930388 3.416165
-0.1256365 0.4192827 3.387741
0.2530755 1.000744 3.411801
0.3587969 0.7902031 3.409782
0.2947198 0.5907149 3.229959
0.2584583 0.5099691 3.149138
-0.007516588 0.4749421 3.451923
-0.01982711 0.1164149 3.485139
-0.0282533 -0.2719655 3.528136
-0.03568577 -0.2802185 3.452133
0.145828 0.4786 3.415875
0.1725041 0.1163117 3.475691
0.1693977 -0.2775335 3.529879
0.171278 -0.2873604 3.458562
0.07390935 1.037258 3.480272
-0.1216829 0.3542029 3.378885
-0.09417925 0.4315791 3.346091
0.2403919 0.4624637 3.08272
0.2166347 0.4857969 3.139939
97
0.06851081 0.4695473 3.471606
0.07216801 0.7955287 3.485443
0.07435944 1.116432 3.475206
0.06908782 1.264856 3.480773
-0.1148465 0.9776986 3.508819
-0.1598368 0.7254186 3.49192
-0.1347934 0.4942246 3.413892
-0.1254683 0.4203849 3.385602
0.259571 0.9960901 3.417199
0.3321876 0.7430341 3.421777
0.2697758 0.5044733 3.284417
0.2485865 0.4248962 3.233056
-0.009754039 0.4739059 3.4468
-0.0195193 0.1158441 3.484979
-0.02821851 -0.2719548 3.52815
-0.03570349 -0.2802537 3.452095
0.1447114 0.4773266 3.414078
0.1724871 0.1162029 3.475476
0.1693902 -0.2774894 3.529898
0.1712809 -0.2873606 3.458596
0.07389576 1.037225 3.480311
-0.1211054 0.3552685 3.376423
-0.09421899 0.4322223 3.344683
0.2432892 0.3551314 3.200221
0.2105935 0.4246144 3.23438
98
0.06714244 0.4685093 3.468659
0.07190114 0.7953129 3.484632
0.07436188 1.116345 3.475456
0.06906815 1.26485 3.480746
-0.1157133 0.9774475 3.505153
-0.1611582 0.7253743 3.487926
-0.1354084 0.4954978 3.411768
-0.125369 0.4210899 3.384142
0.2638789 0.9922841 3.421336
0.3083123 0.7105355 3.43775
0.2549687 0.4574353 3.342339
0.2370796 0.3808774 3.329704
-0.01159964 0.4731045 3.442553
-0.01920719 0.1152211 3.4848
-0.02819332 -0.2719436 3.52816
-0.03572446 -0.2802931 3.452045
0.1438076 0.4761342 3.412379
0.1724647 0.1160852 3.475254
0.1692564 -0.2774267 3.529969
0.1712797 -0.287363 3.458627
0.07389208 1.03719 3.48033
-0.1208008 0.3561014 3.374472
-0.09400692 0.4331246 3.343509
0.2408014 0.3062197 3.325093
0.2003397 0.3874902 3.317292
99
0.06714244 0.4685093 3.468659
0.07190114 0.7953129 3.484632
0.07436188 1.116345 3.475456
0.06906815 1.26485 3.480746
-0.1157133 0.9774475 3.505153
-0.1611582 0.7253743 3.487926
-0.1354084 0.4954978 3.411768
-0.125369 0.4210899 3.384142
0.2638789 0.9922841 3.421336
0.3083123 0.7105355 3.43775
0.2549687 0.4574353 3.342339
0.2370796 0.3808774 3.329704
-0.01159964 0.4731045 3.442553
-0.01920719 0.1152211 3.4848
-0.02819332 -0.2719436 3.52816
-0.03572446 -0.2802931 3.452045
0.1438076 0.4761342 3.412379
0.1724647 0.1160852 3.475254
0.1692564 -0.2774267 3.529969
0.1712797 -0.287363 3.458627
0.07389208 1.03719 3.48033
-0.1208008 0.3561014 3.374472
-0.09400692 0.4331246 3.343509
0.2408014 0.3062197 3.325093
0.2003397 0.3874902 3.317292
100
0.06714244 0.4685093 3.468659
0.07190114 0.7953129 3.484632
0.07436188 1.116345 3.475456
0.06906815 1.26485 3.480746
-0.1157133 0.9774475 3.505153
-0.1611582 0.7253743 3.487926
-0.1354084 0.4954978 3.411768
-0.125369 0.4210899 3.384142
0.2638789 0.9922841 3.421336
0.3083123 0.7105355 3.43775
0.2549687 0.4574353 3.342339
0.2370796 0.3808774 3.329704
-0.01159964 0.4731045 3.442553
-0.01920719 0.1152211 3.4848
-0.02819332 -0.2719436 3.52816
-0.03572446 -0.2802931 3.452045
0.1438076 0.4761342 3.412379
0.1724647 0.1160852 3.475254
0.1692564 -0.2774267 3.529969
0.1712797 -0.287363 3.458627
0.07389208 1.03719 3.48033
-0.1208008 0.3561014 3.374472
-0.09400692 0.4331246 3.343509
0.2408014 0.3062197 3.325093
0.2003397 0.3874902 3.317292
101
0.06616108 0.4677024 3.466404
0.07166939 0.7950778 3.483797
0.07437572 1.116257 3.475672
0.06907094 1.264837 3.480713
-0.1165255 0.9777035 3.501056
-0.1625512 0.7258788 3.483072
-0.1359636 0.4965385 3.409627
-0.1252274 0.4218726 3.3829
0.2675889 0.9864895 3.426186
0.2951004 0.6929655 3.449656
0.2715846 0.4993982 3.395245
0.2420216 0.3948334 3.417174
-0.01291345 0.4725072 3.43942
-0.01891105 0.114453 3.484618
-0.02817823 -0.2719293 3.528167
-0.03574705 -0.2803332 3.451996
0.1432041 0.475186 3.411094
0.1724292 0.116018 3.474994
0.1689206 -0.2773364 3.530103
0.1712766 -0.2873672 3.458656
0.07389262 1.037148 3.480347
-0.1207187 0.3565852 3.37336
-0.09357628 0.4326702 3.342101
0.2445675 0.3574402 3.396796
0.2165309 0.4291233 3.365839
102
0.06547494 0.4671078 3.464879
0.07148211 0.7948549 3.483057
0.07442595 1.116165 3.475858
0.06917601 1.264806 3.480662
-0.1173491 0.97795 3.497202
-0.1637947 0.7263322 3.478366
-0.1364773 0.4973674 3.407664
-0.1253426 0.4227503 3.382189
0.2696592 0.9832769 3.42888
0.2855308 0.6892324 3.457485
0.2707584 0.4935139 3.413515
0.2440611 0.3977848 3.441573
-0.01382153 0.4720936 3.437298
-0.01866894 0.1137472 3.484456
-0.02813756 -0.2719344 3.528155
-0.03577973 -0.2803832 3.451932
0.1428207 0.4745096 3.410419
0.1723941 0.1159619 3.474758
0.1681733 -0.2771858 3.530416
0.1712711 -0.287374 3.458685
0.07390811 1.037093 3.480361
-0.1208977 0.3569921 3.372813
-0.09316009 0.4330221 3.34161
0.2465968 0.349855 3.409097
0.2180547 0.4311776 3.380172
103
0.06547494 0.4671078 3.464879
0.07148211 0.7948549 3.483057
0.07442595 1.116165 3.475858
0.06917601 1.264806 3.480662
-0.1173491 0.97795 3.497202
-0.1637947 0.7263322 3.478366
-0.1364773 0.4973674 3.407664
-0.1253426 0.4227503 3.382189
0.2696592 0.9832769 3.42888
0.2855308 0.6892324 3.457485
0.2707584 0.4935139 3.413515
0.2440611 0.3977848 3.441573
-0.01382153 0.4720936 3.437298
-0.01866894 0.1137472 3.484456
-0.02813756 -0.2719344 3.528155
-0.03577973 -0.2803832 3.451932
0.1428207 0.4745096 3.410419
0.1723941 0.1159619 3.474758
0.1681733 -0.2771858 3.530416
0.1712711 -0.287374 3.458685
0.07390811 1.037093 3.480361
-0.1208977 0.3569921 3.372813
-0.09316009 0.4330221 3.34161
0.2465968 0.349855 3.409097
0.2180547 0.4311776 3.380172
104
0.06501697 0.4667284 3.463962
0.07133137 0.7946649 3.482431
0.07449223 1.116089 3.476002
0.06941033 1.264781 3.48057
-0.1180322 0.9785116 3.493354
-0.1648092 0.7270427 3.474284
-0.137177 0.4965869 3.404737
-0.1253875 0.4233028 3.381613
0.2711767 0.9810232 3.431892
0.2802318 0.6920995 3.46484
0.2733811 0.4767834 3.421519
0.2501351 0.4111121 3.408769
-0.01446723 0.4718228 3.43585
-0.01848077 0.1131202 3.484317
-0.02813223 -0.2719047 3.528136
-0.03579812 -0.2803894 3.451895
0.1425715 0.4738867 3.410334
0.1723425 0.1159131 3.474619
0.1675736 -0.2770693 3.530685
0.1712634 -0.2873828 3.458709
0.0739316 1.03704 3.48037
-0.1211203 0.3583833 3.372683
-0.09224299 0.4345576 3.342844
0.2521452 0.3341254 3.41959
0.2192919 0.4136695 3.375281
105
0.06501697 0.4667284 3.463962
0.07133137 0.7946649 3.482431
0.07449223 1.116089 3.476002
0.06941033 1.264781 3.48057
-0.1180322 0.9785116 3.493354
-0.1648092 0.7270427 3.474284
-0.137177 0.4965869 3.404737
-0.1253875 0.4233028 3.381613
0.2711767 0.9810232 3.431892
0.2802318 0.6920995 3.46484
0.2733811 0.4767834 3.421519
0.2501351 0.4111121 3.408769
-0.01446723 0.4718228 3.43585
-0.01848077 0.1131202 3.484317
-0.02813223 -0.2719047 3.528136
-0.03579812 -0.2803894 3.451895
0.1425715 0.4738867 3.410334
0.1723425 0.1159131 3.474619
0.1675736 -0.2770693 3.530685
0.1712634 -0.2873828 3.458709
0.0739316 1.03704 3.48037
-0.1211203 0.3583833 3.372683
-0.09224299 0.4345576 3.342844
0.2521452 0.3341254 3.41959
0.2192919 0.4136695 3.375281
106
0.06481043 0.4664924 3.463404
0.07127577 0.7945555 3.481997
0.07456589 1.116035 3.476128
0.06978623 1.264755 3.480435
-0.1183992 0.9789621 3.490954
-0.165655 0.7278228 3.470307
-0.1390888 0.4936518 3.401076
-0.1252096 0.4258583 3.380789
0.2722796 0.9794118 3.435474
0.2858322 0.7069253 3.476929
0.2791459 0.47877 3.421639
0.2574671 0.4150977 3.408963
-0.01484447 0.471656 3.434865
-0.01834935 0.1126165 3.484192
-0.02813193 -0.2718809 3.528125
-0.03580887 -0.2803981 3.451872
0.1432601 0.4733194 3.411844
0.1722528 0.1158381 3.474573
0.1669177 -0.2769453 3.530981
0.1712425 -0.287376 3.45876
0.07396192 1.037 3.480381
-0.1196968 0.3605709 3.371367
-0.09161197 0.435357 3.343371
0.2568223 0.3401566 3.402839
0.2232318 0.4211919 3.389598
107
0.06481043 0.4664924 3.463404
0.07127577 0.7945555 3.481997
0.07456589 1.116035 3.476128
0.06978623 1.264755 3.480435
-0.1183992 0.9789621 3.490954
-0.165655 0.7278228 3.470307
-0.1390888 0.4936518 3.401076
-0.1252096 0.4258583 3.380789
0.2722796 0.9794118 3.435474
0.2858322 0.7069253 3.476929
0.2791459 0.47877 3.421639
0.2574671 0.4150977 3.408963
-0.01484447 0.471656 3.434865
-0.01834935 0.1126165 3.484192
-0.02813193 -0.2718809 3.528125
-0.03580887 -0.2803981 3.451872
0.1432601 0.4733194 3.411844
0.1722528 0.1158381 3.474573
0.1669177 -0.2769453 3.530981
0.1712425 -0.287376 3.45876
0.07396192 1.037 3.480381
-0.1196968 0.3605709 3.371367
-0.09161197 0.435357 3.343371
0.2568223 0.3401566 3.402839
0.2232318 0.4211919 3.389598
108
0.06481043 0.4664924 3.463404
0.07127577 0.7945555 3.481997
0.07456589 1.116035 3.476128
0.06978623 1.264755 3.480435
-0.1183992 0.9789621 3.490954
-0.165655 0.7278228 3.470307
-0.1390888 0.4936518 3.401076
-0.1252096 0.4258583 3.380789
0.2722796 0.9794118 3.435474
0.2858322 0.7069253 3.476929
0.2791459 0.47877 3.421639
0.2574671 0.4150977 3.408963
-0.01484447 0.471656 3.434865
-0.01834935 0.1126165 3.484192
-0.02813193 -0.2718809 3.528125
-0.03580887 -0.2803981 3.451872
0.1432601 0.4733194 3.411844
0.1722528 0.1158381 3.474573
0.1669177 -0.2769453 3.530981
0.1712425 -0.287376 3.45876
0.07396192 1.037 3.480381
-0.1196968 0.3605709 3.371367
-0.09161197 0.435357 3.343371
0.2568223 0.3401566 3.402839
0.2232318 0.4211919 3.389598
109
0.06506041 0.4663872 3.463389
0.07128599 0.7944837 3.481696
0.07465649 1.115986 3.476245
0.07031175 1.26477 3.480306
-0.1189449 0.97993 3.486413
-0.1662925 0.7288101 3.465869
-0.1406536 0.4912632 3.397514
-0.1252729 0.4266607 3.380219
0.2735651 0.9784251 3.442072
0.2931957 0.7170433 3.483828
0.2996508 0.5030288 3.412399
0.2755989 0.4347984 3.3962
-0.01503237 0.471593 3.434155
-0.018245 0.1120992 3.484077
-0.02814109 -0.2718576 3.528113
-0.03581788 -0.2804057 3.451856
0.1448776 0.4729052 3.414904
0.1721446 0.1157451 3.474611
0.1663227 -0.2768665 3.53126
0.1712143 -0.2873918 3.458817
0.0740125 1.036959 3.480397
-0.1199672 0.361109 3.370982
-0.09093426 0.4359959 3.342798
0.2710553 0.3651952 3.383231
0.2408846 0.4496615 3.390135
110
0.06506041 0.4663872 3.463389
0.07128599 0.7944837 3.481696
0.07465649 1.115986 3.476245
0.07031175 1.26477 3.480306
-0.1189449 0.97993 3.486413
-0.1662925 0.7288101 3.465869
-0.1406536 0.4912632 3.397514
-0.1252729 0.4266607 3.380219
0.2735651 0.9784251 3.442072
0.2931957 0.7170433 3.483828
0.2996508 0.5030288 3.412399
0.2755989 0.4347984 3.3962
-0.01503237 0.471593 3.434155
-0.018245 0.1120992 3.484077
-0.02814109 -0.2718576 3.528113
-0.03581788 -0.2804057 3.451856
0.1448776 0.4729052 3.414904
0.1721446 0.1157451 3.474611
0.1663227 -0.2768665 3.53126
0.1712143 -0.2873918 3.458817
0.0740125 1.036959 3.480397
-0.1199672 0.361109 3.370982
-0.09093426 0.4359959 3.342798
0.2710553 0.3651952 3.383231
0.2408846 0.4496615 3.390135
111
0.06568053 0.46636 3.463831
0.07131771 0.7944177 3.481509
0.07475102 1.115886 3.476476
0.07090985 1.264791 3.480193
-0.1190362 0.9806179 3.480655
-0.1669211 0.7295468 3.461395
-0.1419595 0.4890828 3.394415
-0.125538 0.4269625 3.379523
0.2745175 0.9778775 3.448643
0.3092822 0.7269617 3.485195
0.3120098 0.5167326 3.40255
0.2949707 0.4509493 3.370806
-0.01503923 0.4716081 3.433683
-0.01817145 0.1116215 3.483978
-0.02815309 -0.2718373 3.528101
-0.03582753 -0.280412 3.451845
0.146782 0.4725879 3.418303
0.1720073 0.1156394 3.474736
0.1659711 -0.2768658 3.53138
0.1711866 -0.2874098 3.458873
0.07407854 1.036872 3.480493
-0.1192468 0.3617624 3.370454
-0.09046628 0.4332063 3.341547
0.2838004 0.3833528 3.350898
0.2525197 0.4572309 3.383267
112
0.06660848 0.4663722 3.46466
0.07137237 0.7943615 3.481379
0.07482915 1.115793 3.476698
0.071528 1.264802 3.480085
-0.1190872 0.981129 3.47541
-0.1678237 0.7302393 3.45632
-0.1429567 0.4873404 3.391889
-0.1260184 0.4271027 3.378455
0.2750164 0.9776356 3.45413
0.32127 0.7327618 3.483984
0.3225164 0.5195943 3.389201
0.3106833 0.4510643 3.349412
-0.0148233 0.4716884 3.433443
-0.01813277 0.1111521 3.48389
-0.02816464 -0.2718177 3.528088
-0.03583752 -0.2804166 3.451837
0.1486069 0.4723436 3.421501
0.171868 0.1155256 3.474935
0.1657622 -0.2768972 3.531468
0.1711574 -0.2874314 3.458929
0.0741415 1.036786 3.480597
-0.1192485 0.3620313 3.370136
-0.09028573 0.4329394 3.341344
0.2940354 0.3855257 3.339616
0.2737249 0.4609761 3.352313
113
0.06660848 0.4663722 3.46466
0.07137237 0.7943615 3.481379
0.07482915 1.115793 3.476698
0.071528 1.264802 3.480085
-0.1190872 0.981129 3.47541
-0.1678237 0.7302393 3.45632
-0.1429567 0.4873404 3.391889
-0.1260184 0.4271027 3.378455
0.2750164 0.9776356 3.45413
0.32127 0.7327618 3.483984
0.3225164 0.5195943 3.389201
0.3106833 0.4510643 3.349412
-0.0148233 0.4716884 3.433443
-0.01813277 0.1111521 3.48389
-0.02816464 -0.2718177 3.528088
-0.03583752 -0.2804166 3.451837
0.1486069 0.4723436 3.421501
0.171868 0.1155256 3.474935
0.1657622 -0.2768972 3.531468
0.1711574 -0.2874314 3.458929
0.0741415 1.036786 3.480597
-0.1192485 0.3620313 3.370136
-0.09028573 0.4329394 3.341344
0.2940354 0.3855257 3.339616
0.2737249 0.4609761 3.352313
114
0.06660848 0.4663722 3.46466
0.07137237 0.7943615 3.481379
0.07482915 1.115793 3.476698
0.071528 1.264802 3.480085
-0.1190872 0.981129 3.47541
-0.1678237 0.7302393 3.45632
-0.1429567 0.4873404 3.391889
-0.1260184 0.4271027 3.378455
0.2750164 0.9776356 3.45413
0.32127 0.7327618 3.483984
0.3225164 0.5195943 3.389201
0.3106833 0.4510643 3.349412
-0.0148233 0.4716884 3.433443
-0.01813277 0.1111521 3.48389
-0.02816464 -0.2718177 3.528088
-0.03583752 -0.2804166 3.451837
0.1486069 0.4723436 3.421501
0.171868 0.1155256 3.474935
0.1657622 -0.2768972 3.531468
0.1711574 -0.2874314 3.458929
0.0741415 1.036786 3.480597
-0.1192485 0.3620313 3.370136
-0.09028573 0.4329394 3.341344
0.2940354 0.3855257 3.339616
0.2737249 0.4609761 3.352313
115
0.06779416 0.4664127 3.465836
0.07150045 0.7943089 3.481349
0.07491475 1.115704 3.476979
0.07225516 1.264804 3.480025
-0.1190664 0.9816012 3.471231
-0.1687141 0.7310136 3.450119
-0.1436896 0.4859905 3.389818
-0.1265781 0.4272242 3.377482
0.2752072 0.9776296 3.459301
0.3281388 0.7357531 3.482969
0.330938 0.5185863 3.377135
0.323444 0.449247 3.33556
-0.01439539 0.4718202 3.433391
-0.0181353 0.1107387 3.483793
-0.02817397 -0.2717966 3.528074
-0.0358519 -0.2804213 3.451826
0.1504537 0.4721495 3.424808
0.1717145 0.1154027 3.475198
0.1656137 -0.2769544 3.531528
0.1711294 -0.2874553 3.458982
0.07422484 1.036694 3.480768
-0.1199718 0.3618785 3.369923
-0.09198058 0.4287933 3.341855
0.3056339 0.3836757 3.330563
0.2906826 0.4556051 3.333615
116
0.06779416 0.4664127 3.465836
0.07150045 0.7943089 3.481349
0.07491475 1.115704 3.476979
0.07225516 1.264804 3.480025
-0.1190664 0.9816012 3.471231
-0.1687141 0.7310136 3.450119
-0.1436896 0.4859905 3.389818
-0.1265781 0.4272242 3.377482
0.2752072 0.9776296 3.459301
0.3281388 0.7357531 3.482969
0.330938 0.5185863 3.377135
0.323444 0.449247 3.33556
-0.01439539 0.4718202 3.433391
-0.0181353 0.1107387 3.483793
-0.02817397 -0.2717966 3.528074
-0.0358519 -0.2804213 3.451826
0.1504537 0.4721495 3.424808
0.1717145 0.1154027 3.475198
0.1656137 -0.2769544 3.531528
0.1711294 -0.2874553 3.458982
0.07422484 1.036694 3.480768
-0.1199718 0.3618785 3.369923
-0.09198058 0.4287933 3.341855
0.3056339 0.3836757 3.330563
0.2906826 0.4556051 3.333615
117
0.06892885 0.4664833 3.467012
0.07165783 0.7942699 3.481407
0.07495532 1.115631 3.477381
0.07301237 1.264757 3.480037
-0.1190038 0.9820593 3.468026
-0.1692807 0.7317637 3.444631
-0.1441705 0.485003 3.387836
-0.1271044 0.4271789 3.375996
0.2750842 0.9778148 3.463729
0.3334998 0.7375752 3.480713
0.3424824 0.5144169 3.362838
0.3361955 0.4477839 3.324045
-0.01387802 0.4719787 3.433452
-0.01816455 0.1103429 3.483694
-0.02818046 -0.2717718 3.528068
-0.03586639 -0.2804253 3.451816
0.1519208 0.4720618 3.427493
0.1715655 0.1152529 3.475559
0.1655136 -0.277045 3.531555
0.1710992 -0.2874826 3.459034
0.07428937 1.036606 3.481037
-0.1215131 0.3615522 3.368517
-0.0921474 0.4287367 3.342188
0.3247927 0.3785377 3.324705
0.3139229 0.4511757 3.301467
118
0.07005719 0.466559 3.468175
0.07183865 0.7942362 3.481514
0.07498164 1.115566 3.477764
0.07381255 1.264622 3.480179
-0.1189202 0.9823952 3.465663
-0.1695603 0.7325865 3.440336
-0.1444465 0.4844986 3.38518
-0.1274423 0.4268002 3.373749
0.2748318 0.9781259 3.467662
0.3367319 0.7384449 3.478398
0.3488749 0.5121678 3.355339
0.3480116 0.4456912 3.316358
-0.01321145 0.4721423 3.433617
-0.01823129 0.1099941 3.483599
-0.02818239 -0.2717438 3.528063
-0.03587912 -0.2804256 3.451804
0.15311 0.4720353 3.429617
0.1714381 0.1150718 3.476002
0.1654454 -0.2771611 3.53156
0.1710697 -0.287512 3.45909
0.07434707 1.036524 3.481307
-0.1228895 0.3612154 3.367299
-0.09274033 0.4271474 3.340209
0.3453722 0.3773623 3.313685
0.3243681 0.4503644 3.292002
119
0.07005719 0.466559 3.468175
0.07183865 0.7942362 3.481514
0.07498164 1.115566 3.477764
0.07381255 1.264622 3.480179
-0.1189202 0.9823952 3.465663
-0.1695603 0.7325865 3.440336
-0.1444465 0.4844986 3.38518
-0.1274423 0.4268002 3.373749
0.2748318 0.9781259 3.467662
0.3367319 0.7384449 3.478398
0.3488749 0.5121678 3.355339
0.3480116 0.4456912 3.316358
-0.01321145 0.4721423 3.433617
-0.01823129 0.1099941 3.483599
-0.02818239 -0.2717438 3.528063
-0.03587912 -0.2804256 3.451804
0.15311 0.4720353 3.429617
0.1714381 0.1150718 3.476002
0.1654454 -0.2771611 3.53156
0.1710697 -0.287512 3.45909
0.07434707 1.036524 3.481307
-0.1228895 0.3612154 3.367299
-0.09274033 0.4271474 3.340209
0.3453722 0.3773623 3.313685
0.3243681 0.4503644 3.292002
