128
1
0.0387518 0.3899297 3.564082
0.0350078 0.7240846 3.561629
0.03232963 1.053585 3.544825
0.0423122 1.202853 3.557192
-0.1372068 0.9210955 3.530678
-0.1612574 0.6528869 3.524076
-0.1445461 0.4014297 3.44493
-0.1268634 0.3652009 3.446663
0.1881923 0.9235608 3.534359
0.225716 0.6502424 3.55494
0.2333059 0.3993021 3.474919
0.2166583 0.3581554 3.476978
-0.03706968 0.3976374 3.520204
-0.08325004 -0.181792 3.570286
-0.1670392 -0.5158253 3.124104
-0.1952895 -0.435825 3.069517
0.1137325 0.3959923 3.529572
0.163086 -0.1141222 3.572457
0.1812066 -0.5093809 3.426301
0.1831005 -0.4490439 3.263362
0.03295008 0.9718958 3.551681
-0.1162592 0.3063345 3.444906
-0.1602527 0.3462075 3.439148
0.217358 0.2772668 3.483677
0.2433521 0.3597505 3.460084
2
0.03873602 0.3900315 3.563696
0.03503634 0.7242178 3.5613
0.03228977 1.05372 3.544394
0.04232915 1.202916 3.556998
-0.1371848 0.9211501 3.530606
-0.1613705 0.6538238 3.524297
-0.1445246 0.4012843 3.444383
-0.1265256 0.3645938 3.446331
0.1882174 0.9235539 3.53434
0.2255025 0.6498454 3.554356
0.2332924 0.4043047 3.475729
0.2167258 0.3582541 3.476654
-0.0370704 0.3977334 3.519759
-0.08342701 -0.1835291 3.570244
-0.1160884 -0.539272 3.248525
-0.1765781 -0.4423757 3.147522
0.1137078 0.3960333 3.529234
0.1631393 -0.1141382 3.572345
-0.01148637 -0.4404285 3.465271
0.07387097 -0.43309 3.303699
0.03294256 0.9720299 3.551283
-0.1110121 0.2804399 3.447135
-0.1595632 0.3420764 3.440191
0.2165078 0.275024 3.485058
0.2439453 0.3590451 3.459296
3
0.03873602 0.3900315 3.563696
0.03503634 0.7242178 3.5613
0.03228977 1.05372 3.544394
0.04232915 1.202916 3.556998
-0.1371848 0.9211501 3.530606
-0.1613705 0.6538238 3.524297
-0.1445246 0.4012843 3.444383
-0.1265256 0.3645938 3.446331
0.1882174 0.9235539 3.53434
0.2255025 0.6498454 3.554356
0.2332924 0.4043047 3.475729
0.2167258 0.3582541 3.476654
-0.0370704 0.3977334 3.519759
-0.08342701 -0.1835291 3.570244
-0.1160884 -0.539272 3.248525
-0.1765781 -0.4423757 3.147522
0.1137078 0.3960333 3.529234
0.1631393 -0.1141382 3.572345
-0.01148637 -0.4404285 3.465271
0.07387097 -0.43309 3.303699
0.03294256 0.9720299 3.551283
-0.1110121 0.2804399 3.447135
-0.1595632 0.3420764 3.440191
0.2165078 0.275024 3.485058
0.2439453 0.3590451 3.459296
4
0.03871296 0.3901355 3.563263
0.0350492 0.7243437 3.560956
0.0322312 1.053837 3.543991
0.04233918 1.202981 3.556756
-0.1371639 0.921208 3.530526
-0.1615389 0.6549888 3.524479
-0.1444923 0.4008448 3.443741
-0.1260147 0.3635819 3.445894
0.1882441 0.9235466 3.534315
0.2252162 0.6493131 3.553661
0.2333849 0.4080609 3.476413
0.2168278 0.3593845 3.476096
-0.03707948 0.3978257 3.519297
-0.08731075 -0.1414526 3.562067
-0.1090792 -0.5264884 3.271437
-0.1664653 -0.4377155 3.158126
0.1136766 0.3960847 3.52883
0.1631637 -0.1141405 3.572269
0.1280775 -0.5063037 3.407712
0.131809 -0.4456466 3.262362
0.03291519 0.9721485 3.550902
-0.1089771 0.2712059 3.447601
-0.1594962 0.3424544 3.439759
0.2191606 0.2830296 3.484337
0.2445996 0.3576093 3.459464
5
0.03871296 0.3901355 3.563263
0.0350492 0.7243437 3.560956
0.0322312 1.053837 3.543991
0.04233918 1.202981 3.556756
-0.1371639 0.921208 3.530526
-0.1615389 0.6549888 3.524479
-0.1444923 0.4008448 3.443741
-0.1260147 0.3635819 3.445894
0.1882441 0.9235466 3.534315
0.2252162 0.6493131 3.553661
0.2333849 0.4080609 3.476413
0.2168278 0.3593845 3.476096
-0.03707948 0.3978257 3.519297
-0.08731075 -0.1414526 3.562067
-0.1090792 -0.5264884 3.271437
-0.1664653 -0.4377155 3.158126
0.1136766 0.3960847 3.52883
0.1631637 -0.1141405 3.572269
0.1280775 -0.5063037 3.407712
0.131809 -0.4456466 3.262362
0.03291519 0.9721485 3.550902
-0.1089771 0.2712059 3.447601
-0.1594962 0.3424544 3.439759
0.2191606 0.2830296 3.484337
0.2445996 0.3576093 3.459464
6
0.03869044 0.3902386 3.562844
0.03505363 0.7244647 3.560629
0.03216389 1.053946 3.543632
0.04232344 1.203046 3.556528
-0.1371443 0.9212666 3.530442
-0.1616328 0.6554601 3.524527
-0.1444493 0.4002956 3.443158
-0.125488 0.3625491 3.445628
0.1882716 0.9235415 3.534286
0.2249633 0.6488028 3.55305
0.2336311 0.4109795 3.477009
0.217117 0.3610068 3.475752
-0.03708803 0.3979082 3.518862
-0.08770543 -0.1428223 3.563519
-0.1023647 -0.5170566 3.238445
-0.2050986 -0.4350009 3.148613
0.1136435 0.3961585 3.528425
0.1595872 -0.06060814 3.562507
0.1193973 -0.4618629 3.463234
0.1716207 -0.4277424 3.304179
0.03287739 0.9722596 3.550556
-0.1076683 0.2667899 3.447711
-0.1595052 0.3426151 3.439837
0.2207491 0.2915534 3.481209
0.2452171 0.3643707 3.455535
7
0.03869044 0.3902386 3.562844
0.03505363 0.7244647 3.560629
0.03216389 1.053946 3.543632
0.04232344 1.203046 3.556528
-0.1371443 0.9212666 3.530442
-0.1616328 0.6554601 3.524527
-0.1444493 0.4002956 3.443158
-0.125488 0.3625491 3.445628
0.1882716 0.9235415 3.534286
0.2249633 0.6488028 3.55305
0.2336311 0.4109795 3.477009
0.217117 0.3610068 3.475752
-0.03708803 0.3979082 3.518862
-0.08770543 -0.1428223 3.563519
-0.1023647 -0.5170566 3.238445
-0.2050986 -0.4350009 3.148613
0.1136435 0.3961585 3.528425
0.1595872 -0.06060814 3.562507
0.1193973 -0.4618629 3.463234
0.1716207 -0.4277424 3.304179
0.03287739 0.9722596 3.550556
-0.1076683 0.2667899 3.447711
-0.1595052 0.3426151 3.439837
0.2207491 0.2915534 3.481209
0.2452171 0.3643707 3.455535
8
0.03866736 0.3903186 3.562462
0.03504351 0.7245733 3.560328
0.03205355 1.054065 3.543303
0.04227948 1.20312 3.55632
-0.1371253 0.9213253 3.53035
-0.1617237 0.6557292 3.524546
-0.1443699 0.3995323 3.44247
-0.1250917 0.3617671 3.445417
0.1882975 0.9235369 3.534251
0.2247376 0.6483243 3.552525
0.2337585 0.4131232 3.477556
0.2174821 0.3630222 3.475596
-0.03709848 0.3979837 3.518466
-0.08769578 -0.1476372 3.56569
-0.08492166 -0.4893807 3.297052
-0.2237823 -0.4332433 3.224203
0.1136106 0.396163 3.52807
0.1610889 -0.08548991 3.567254
0.1498843 -0.479832 3.470675
0.1733434 -0.4393195 3.302536
0.03280566 0.9723729 3.55024
-0.1069913 0.2638634 3.448055
-0.1594912 0.3459785 3.437129
0.2218482 0.2967319 3.480634
0.2453942 0.3675259 3.454406
9
0.03866736 0.3903186 3.562462
0.03504351 0.7245733 3.560328
0.03205355 1.054065 3.543303
0.04227948 1.20312 3.55632
-0.1371253 0.9213253 3.53035
-0.1617237 0.6557292 3.524546
-0.1443699 0.3995323 3.44247
-0.1250917 0.3617671 3.445417
0.1882975 0.9235369 3.534251
0.2247376 0.6483243 3.552525
0.2337585 0.4131232 3.477556
0.2174821 0.3630222 3.475596
-0.03709848 0.3979837 3.518466
-0.08769578 -0.1476372 3.56569
-0.08492166 -0.4893807 3.297052
-0.2237823 -0.4332433 3.224203
0.1136106 0.396163 3.52807
0.1610889 -0.08548991 3.567254
0.1498843 -0.479832 3.470675
0.1733434 -0.4393195 3.302536
0.03280566 0.9723729 3.55024
-0.1069913 0.2638634 3.448055
-0.1594912 0.3459785 3.437129
0.2218482 0.2967319 3.480634
0.2453942 0.3675259 3.454406
10
0.03865319 0.3903541 3.56211
0.03503831 0.7246559 3.560039
0.03195792 1.054165 3.542995
0.04220097 1.203176 3.556113
-0.1371085 0.9213829 3.530256
-0.161806 0.6562369 3.524487
-0.1442924 0.3987218 3.441833
-0.1247343 0.3610087 3.445273
0.1883219 0.9235324 3.534208
0.2246088 0.6481045 3.552165
0.2338589 0.4152775 3.478106
0.2176955 0.3649874 3.474966
-0.03710787 0.3980432 3.518102
-0.08644067 -0.1240813 3.562117
-0.1100777 -0.4981716 3.214192
-0.2506264 -0.4307289 3.151226
0.1135972 0.3960865 3.527735
0.1620058 -0.1014948 3.570131
0.1680346 -0.4913246 3.468421
0.1639315 -0.4468262 3.297626
0.0327433 0.9724665 3.54994
-0.1064947 0.2614342 3.448237
-0.1595705 0.3470219 3.436493
0.2220854 0.3010809 3.478739
0.2456131 0.3693155 3.452861
11
0.03865319 0.3903541 3.56211
0.03503831 0.7246559 3.560039
0.03195792 1.054165 3.542995
0.04220097 1.203176 3.556113
-0.1371085 0.9213829 3.530256
-0.161806 0.6562369 3.524487
-0.1442924 0.3987218 3.441833
-0.1247343 0.3610087 3.445273
0.1883219 0.9235324 3.534208
0.2246088 0.6481045 3.552165
0.2338589 0.4152775 3.478106
0.2176955 0.3649874 3.474966
-0.03710787 0.3980432 3.518102
-0.08644067 -0.1240813 3.562117
-0.1100777 -0.4981716 3.214192
-0.2506264 -0.4307289 3.151226
0.1135972 0.3960865 3.527735
0.1620058 -0.1014948 3.570131
0.1680346 -0.4913246 3.468421
0.1639315 -0.4468262 3.297626
0.0327433 0.9724665 3.54994
-0.1064947 0.2614342 3.448237
-0.1595705 0.3470219 3.436493
0.2220854 0.3010809 3.478739
0.2456131 0.3693155 3.452861
12
0.03864038 0.3903587 3.561789
0.03503442 0.7247233 3.559768
0.0318763 1.054262 3.542702
0.04210639 1.203237 3.555909
-0.1370955 0.9214391 3.530162
-0.1616294 0.6557794 3.523933
-0.1441787 0.3977953 3.44115
-0.1243948 0.3604297 3.445141
0.1883439 0.9235287 3.534162
0.2245039 0.647892 3.55188
0.2323573 0.4046639 3.474626
0.2171955 0.3614682 3.474619
-0.03711698 0.3980911 3.517776
-0.08317392 -0.1519962 3.568404
-0.09377974 -0.5062193 3.257541
-0.216057 -0.4344888 3.179977
0.1135847 0.3959461 3.527417
0.1624947 -0.1106426 3.571799
0.1919302 -0.506606 3.43412
0.1784414 -0.4491314 3.265939
0.03268924 0.9725528 3.549656
-0.1059495 0.2598084 3.448478
-0.1584307 0.3455472 3.435929
0.2194766 0.3016674 3.477741
0.2392791 0.3383304 3.455747
13
0.03864038 0.3903587 3.561789
0.03503442 0.7247233 3.559768
0.0318763 1.054262 3.542702
0.04210639 1.203237 3.555909
-0.1370955 0.9214391 3.530162
-0.1616294 0.6557794 3.523933
-0.1441787 0.3977953 3.44115
-0.1243948 0.3604297 3.445141
0.1883439 0.9235287 3.534162
0.2245039 0.647892 3.55188
0.2323573 0.4046639 3.474626
0.2171955 0.3614682 3.474619
-0.03711698 0.3980911 3.517776
-0.08317392 -0.1519962 3.568404
-0.09377974 -0.5062193 3.257541
-0.216057 -0.4344888 3.179977
0.1135847 0.3959461 3.527417
0.1624947 -0.1106426 3.571799
0.1919302 -0.506606 3.43412
0.1784414 -0.4491314 3.265939
0.03268924 0.9725528 3.549656
-0.1059495 0.2598084 3.448478
-0.1584307 0.3455472 3.435929
0.2194766 0.3016674 3.477741
0.2392791 0.3383304 3.455747
14
0.03862909 0.3903581 3.561491
0.03501713 0.724787 3.559509
0.0317567 1.054361 3.54242
0.04199179 1.203341 3.555724
-0.1370861 0.9214926 3.530068
-0.1615683 0.65581 3.523679
-0.1456061 0.4036903 3.442318
-0.1243109 0.360729 3.445024
0.1883645 0.9235247 3.534112
0.2244575 0.6478089 3.551608
0.2322153 0.4030181 3.473308
0.2177523 0.3599893 3.473799
-0.03712353 0.3981275 3.51745
-0.08537314 -0.1078241 3.560025
-0.09275752 -0.5025905 3.283016
-0.2165303 -0.4343262 3.189032
0.1135717 0.3958351 3.527138
0.1628109 -0.1162696 3.572698
0.1992247 -0.5125487 3.42288
0.1783862 -0.4510804 3.255227
0.03260471 0.9726401 3.549382
-0.1088999 0.2727819 3.450237
-0.1601576 0.3540842 3.433883
0.2197694 0.2967342 3.478895
0.242759 0.3359063 3.449126
15
0.03862909 0.3903581 3.561491
0.03501713 0.724787 3.559509
0.0317567 1.054361 3.54242
0.04199179 1.203341 3.555724
-0.1370861 0.9214926 3.530068
-0.1615683 0.65581 3.523679
-0.1456061 0.4036903 3.442318
-0.1243109 0.360729 3.445024
0.1883645 0.9235247 3.534112
0.2244575 0.6478089 3.551608
0.2322153 0.4030181 3.473308
0.2177523 0.3599893 3.473799
-0.03712353 0.3981275 3.51745
-0.08537314 -0.1078241 3.560025
-0.09275752 -0.5025905 3.283016
-0.2165303 -0.4343262 3.189032
0.1135717 0.3958351 3.527138
0.1628109 -0.1162696 3.572698
0.1992247 -0.5125487 3.42288
0.1783862 -0.4510804 3.255227
0.03260471 0.9726401 3.549382
-0.1088999 0.2727819 3.450237
-0.1601576 0.3540842 3.433883
0.2197694 0.2967342 3.478895
0.242759 0.3359063 3.449126
16
0.03862631 0.3903385 3.561201
0.03500844 0.7248402 3.559242
0.03165855 1.054459 3.54213
0.0418644 1.203448 3.555547
-0.1370806 0.9215484 3.529969
-0.1615055 0.6565377 3.523682
-0.1464592 0.4078474 3.443113
-0.1244889 0.3628513 3.444568
0.1883829 0.9235213 3.53406
0.2244951 0.6478812 3.551373
0.2347556 0.4093767 3.468614
0.2282442 0.3625522 3.464161
-0.03712654 0.3981583 3.517145
-0.08681584 -0.08284219 3.555139
-0.08699322 -0.5186837 3.286314
-0.1307987 -0.4561337 3.184932
0.1135756 0.3956795 3.526847
0.1630164 -0.1197798 3.573228
0.2017906 -0.514773 3.419246
0.173767 -0.4523323 3.252017
0.03253578 0.9727244 3.549099
-0.1102387 0.2821619 3.449848
-0.1605936 0.3548548 3.433453
0.2335658 0.297158 3.460764
0.2532678 0.3346615 3.43224
17
0.03862631 0.3903385 3.561201
0.03500844 0.7248402 3.559242
0.03165855 1.054459 3.54213
0.0418644 1.203448 3.555547
-0.1370806 0.9215484 3.529969
-0.1615055 0.6565377 3.523682
-0.1464592 0.4078474 3.443113
-0.1244889 0.3628513 3.444568
0.1883829 0.9235213 3.53406
0.2244951 0.6478812 3.551373
0.2347556 0.4093767 3.468614
0.2282442 0.3625522 3.464161
-0.03712654 0.3981583 3.517145
-0.08681584 -0.08284219 3.555139
-0.08699322 -0.5186837 3.286314
-0.1307987 -0.4561337 3.184932
0.1135756 0.3956795 3.526847
0.1630164 -0.1197798 3.573228
0.2017906 -0.514773 3.419246
0.173767 -0.4523323 3.252017
0.03253578 0.9727244 3.549099
-0.1102387 0.2821619 3.449848
-0.1605936 0.3548548 3.433453
0.2335658 0.297158 3.460764
0.2532678 0.3346615 3.43224
18
0.03859839 0.390326 3.560906
0.03495164 0.7248939 3.558938
0.0314812 1.054547 3.541785
0.04169299 1.203562 3.555373
-0.137083 0.9216089 3.529867
-0.1615356 0.6575196 3.52377
-0.1464659 0.4082772 3.442333
-0.1247541 0.3643369 3.443679
0.1883957 0.9235181 3.533998
0.2245851 0.6480895 3.551173
0.2573118 0.4317973 3.45077
0.258344 0.380169 3.433626
-0.03714948 0.3981986 3.516845
-0.08652465 -0.1359173 3.565096
-0.08438857 -0.5305915 3.278114
-0.09418574 -0.4643963 3.187005
0.113543 0.3955438 3.526545
0.1631649 -0.1220725 3.573542
0.1963757 -0.5145549 3.426232
0.1839152 -0.4531016 3.259691
0.03239535 0.9728027 3.548764
-0.1128676 0.3139733 3.440872
-0.1609294 0.3580353 3.430248
0.2694521 0.3269905 3.425085
0.2548799 0.3750716 3.398393
19
0.03859839 0.390326 3.560906
0.03495164 0.7248939 3.558938
0.0314812 1.054547 3.541785
0.04169299 1.203562 3.555373
-0.137083 0.9216089 3.529867
-0.1615356 0.6575196 3.52377
-0.1464659 0.4082772 3.442333
-0.1247541 0.3643369 3.443679
0.1883957 0.9235181 3.533998
0.2245851 0.6480895 3.551173
0.2573118 0.4317973 3.45077
0.258344 0.380169 3.433626
-0.03714948 0.3981986 3.516845
-0.08652465 -0.1359173 3.565096
-0.08438857 -0.5305915 3.278114
-0.09418574 -0.4643963 3.187005
0.113543 0.3955438 3.526545
0.1631649 -0.1220725 3.573542
0.1963757 -0.5145549 3.426232
0.1839152 -0.4531016 3.259691
0.03239535 0.9728027 3.548764
-0.1128676 0.3139733 3.440872
-0.1609294 0.3580353 3.430248
0.2694521 0.3269905 3.425085
0.2548799 0.3750716 3.398393
20
0.03853956 0.3903423 3.560579
0.03487324 0.7249531 3.558624
0.03130293 1.054624 3.541462
0.04148221 1.203685 3.55519
-0.1370917 0.9216683 3.529763
-0.161615 0.6586249 3.523914
-0.1464001 0.4076639 3.44135
-0.1247327 0.3627718 3.443384
0.1883983 0.9235221 3.533933
0.2250495 0.6494123 3.551003
0.2923182 0.4669937 3.420573
0.2980748 0.4154919 3.395542
-0.03719469 0.3982566 3.516535
-0.08619948 -0.1266668 3.562351
-0.07218163 -0.5385908 3.295372
-0.0787983 -0.4680065 3.18612
0.1134683 0.3954678 3.526198
0.1632533 -0.1236199 3.573767
0.1819453 -0.5122843 3.451051
0.1768483 -0.4581453 3.278807
0.03224759 0.9728733 3.548443
-0.1128118 0.3033176 3.441566
-0.1610819 0.3585531 3.429691
0.3161768 0.3599249 3.37854
0.2761537 0.4243105 3.358558
21
0.03853956 0.3903423 3.560579
0.03487324 0.7249531 3.558624
0.03130293 1.054624 3.541462
0.04148221 1.203685 3.55519
-0.1370917 0.9216683 3.529763
-0.161615 0.6586249 3.523914
-0.1464001 0.4076639 3.44135
-0.1247327 0.3627718 3.443384
0.1883983 0.9235221 3.533933
0.2250495 0.6494123 3.551003
0.2923182 0.4669937 3.420573
0.2980748 0.4154919 3.395542
-0.03719469 0.3982566 3.516535
-0.08619948 -0.1266668 3.562351
-0.07218163 -0.5385908 3.295372
-0.0787983 -0.4680065 3.18612
0.1134683 0.3954678 3.526198
0.1632533 -0.1236199 3.573767
0.1819453 -0.5122843 3.451051
0.1768483 -0.4581453 3.278807
0.03224759 0.9728733 3.548443
-0.1128118 0.3033176 3.441566
-0.1610819 0.3585531 3.429691
0.3161768 0.3599249 3.37854
0.2761537 0.4243105 3.358558
22
0.03847025 0.3903616 3.560249
0.03476983 0.7249987 3.558304
0.03107909 1.05466 3.541137
0.04125701 1.203802 3.555019
-0.1371102 0.9217288 3.529657
-0.162193 0.6602256 3.52433
-0.146182 0.4064685 3.440194
-0.1247255 0.3617412 3.443226
0.1883959 0.9235278 3.53387
0.226527 0.654504 3.55121
0.3411128 0.5070893 3.407141
0.3550742 0.4632537 3.353463
-0.03725253 0.3982998 3.516232
-0.08515844 -0.1529478 3.565974
-0.06893314 -0.5429021 3.282656
-0.07084234 -0.4701885 3.182465
0.1133801 0.395431 3.525824
0.1632936 -0.1240401 3.573712
0.1743843 -0.5111539 3.459334
0.1742309 -0.4597842 3.285458
0.03206022 0.9729126 3.548118
-0.1118082 0.291813 3.442764
-0.1609695 0.3546503 3.42928
0.3755758 0.4172248 3.314682
0.3188802 0.4958688 3.315928
23
0.03847025 0.3903616 3.560249
0.03476983 0.7249987 3.558304
0.03107909 1.05466 3.541137
0.04125701 1.203802 3.555019
-0.1371102 0.9217288 3.529657
-0.162193 0.6602256 3.52433
-0.146182 0.4064685 3.440194
-0.1247255 0.3617412 3.443226
0.1883959 0.9235278 3.53387
0.226527 0.654504 3.55121
0.3411128 0.5070893 3.407141
0.3550742 0.4632537 3.353463
-0.03725253 0.3982998 3.516232
-0.08515844 -0.1529478 3.565974
-0.06893314 -0.5429021 3.282656
-0.07084234 -0.4701885 3.182465
0.1133801 0.395431 3.525824
0.1632936 -0.1240401 3.573712
0.1743843 -0.5111539 3.459334
0.1742309 -0.4597842 3.285458
0.03206022 0.9729126 3.548118
-0.1118082 0.291813 3.442764
-0.1609695 0.3546503 3.42928
0.3755758 0.4172248 3.314682
0.3188802 0.4958688 3.315928
24
0.03838546 0.3903885 3.559919
0.03463484 0.7250541 3.558004
0.03078675 1.054724 3.540876
0.04082345 1.203999 3.554978
-0.1371376 0.9217823 3.529548
-0.1633103 0.6618239 3.525095
-0.1457098 0.4044129 3.438812
-0.1246386 0.3609961 3.443005
0.188388 0.9235372 3.533814
0.2306401 0.6621034 3.550043
0.3953738 0.5721628 3.385204
0.4151726 0.538197 3.308697
-0.03732675 0.3983359 3.515918
-0.08450563 -0.1412203 3.561878
-0.07238209 -0.5427709 3.281271
-0.06672234 -0.4717546 3.179891
0.1132715 0.3954322 3.525458
0.1621323 -0.1110727 3.570326
0.1805722 -0.5048259 3.434299
0.1879561 -0.4486983 3.27283
0.03181676 0.9729735 3.547843
-0.1127353 0.2767946 3.444306
-0.1610277 0.3543673 3.428899
0.4453661 0.5014677 3.269516
0.3725457 0.5814043 3.272987
25
0.03838546 0.3903885 3.559919
0.03463484 0.7250541 3.558004
0.03078675 1.054724 3.540876
0.04082345 1.203999 3.554978
-0.1371376 0.9217823 3.529548
-0.1633103 0.6618239 3.525095
-0.1457098 0.4044129 3.438812
-0.1246386 0.3609961 3.443005
0.188388 0.9235372 3.533814
0.2306401 0.6621034 3.550043
0.3953738 0.5721628 3.385204
0.4151726 0.538197 3.308697
-0.03732675 0.3983359 3.515918
-0.08450563 -0.1412203 3.561878
-0.07238209 -0.5427709 3.281271
-0.06672234 -0.4717546 3.179891
0.1132715 0.3954322 3.525458
0.1621323 -0.1110727 3.570326
0.1805722 -0.5048259 3.434299
0.1879561 -0.4486983 3.27283
0.03181676 0.9729735 3.547843
-0.1127353 0.2767946 3.444306
-0.1610277 0.3543673 3.428899
0.4453661 0.5014677 3.269516
0.3725457 0.5814043 3.272987
26
0.03825638 0.3904353 3.559567
0.03444389 0.725127 3.557713
0.03040811 1.05481 3.540669
0.04040016 1.204188 3.554965
-0.1371703 0.9218296 3.529443
-0.1812685 0.6821291 3.520691
-0.1514413 0.433952 3.45187
-0.1261807 0.3666734 3.442361
0.1883769 0.9235481 3.533772
0.2591995 0.6929655 3.529007
0.4403025 0.6490468 3.34146
0.4664025 0.6383883 3.278227
-0.03745389 0.3983904 3.515557
-0.084828 -0.1542244 3.564059
-0.0716278 -0.5415655 3.280435
-0.07085769 -0.4707948 3.18382
0.1131276 0.3954635 3.525096
0.1614601 -0.1049835 3.568733
0.174568 -0.5003093 3.437309
0.1880412 -0.4459442 3.275122
0.03149712 0.9730554 3.547608
-0.1155689 0.2914044 3.440893
-0.1609923 0.353876 3.428313
0.5063943 0.611124 3.241029
0.4202914 0.6787089 3.249129
27
0.03825638 0.3904353 3.559567
0.03444389 0.725127 3.557713
0.03040811 1.05481 3.540669
0.04040016 1.204188 3.554965
-0.1371703 0.9218296 3.529443
-0.1812685 0.6821291 3.520691
-0.1514413 0.433952 3.45187
-0.1261807 0.3666734 3.442361
0.1883769 0.9235481 3.533772
0.2591995 0.6929655 3.529007
0.4403025 0.6490468 3.34146
0.4664025 0.6383883 3.278227
-0.03745389 0.3983904 3.515557
-0.084828 -0.1542244 3.564059
-0.0716278 -0.5415655 3.280435
-0.07085769 -0.4707948 3.18382
0.1131276 0.3954635 3.525096
0.1614601 -0.1049835 3.568733
0.174568 -0.5003093 3.437309
0.1880412 -0.4459442 3.275122
0.03149712 0.9730554 3.547608
-0.1155689 0.2914044 3.440893
-0.1609923 0.353876 3.428313
0.5063943 0.611124 3.241029
0.4202914 0.6787089 3.249129
28
0.03809512 0.3905001 3.559181
0.03421065 0.7251936 3.557424
0.02993847 1.054853 3.540495
0.03994061 1.204363 3.555
-0.1372162 0.9220532 3.529176
-0.1812684 0.6642191 3.518775
-0.1485179 0.4147985 3.443295
-0.1264165 0.365167 3.442246
0.188516 0.9235541 3.534137
0.2854025 0.7143276 3.511763
0.468164 0.7466408 3.310494
0.502206 0.7547687 3.254414
-0.03761442 0.3984652 3.515154
-0.08345558 -0.1369101 3.561764
-0.0742922 -0.5245343 3.319613
-0.1221158 -0.4550311 3.206546
0.1129571 0.3955168 3.524716
0.1601805 -0.09197614 3.56631
0.169143 -0.4839601 3.445802
0.2034259 -0.4346257 3.287879
0.03110442 0.973108 3.547394
-0.1157865 0.2973113 3.440521
-0.1610375 0.3534822 3.4281
0.5411645 0.7465259 3.230453
0.4632708 0.7831057 3.230203
29
0.03809512 0.3905001 3.559181
0.03421065 0.7251936 3.557424
0.02993847 1.054853 3.540495
0.03994061 1.204363 3.555
-0.1372162 0.9220532 3.529176
-0.1812684 0.6642191 3.518775
-0.1485179 0.4147985 3.443295
-0.1264165 0.365167 3.442246
0.188516 0.9235541 3.534137
0.2854025 0.7143276 3.511763
0.468164 0.7466408 3.310494
0.502206 0.7547687 3.254414
-0.03761442 0.3984652 3.515154
-0.08345558 -0.1369101 3.561764
-0.0742922 -0.5245343 3.319613
-0.1221158 -0.4550311 3.206546
0.1129571 0.3955168 3.524716
0.1601805 -0.09197614 3.56631
0.169143 -0.4839601 3.445802
0.2034259 -0.4346257 3.287879
0.03110442 0.973108 3.547394
-0.1157865 0.2973113 3.440521
-0.1610375 0.3534822 3.4281
0.5411645 0.7465259 3.230453
0.4632708 0.7831057 3.230203
30
0.03790744 0.3905515 3.558807
0.03395084 0.7252457 3.557168
0.02943758 1.054877 3.540392
0.03940184 1.204571 3.555149
-0.1372741 0.9222465 3.528937
-0.1812977 0.6618906 3.518433
-0.1468406 0.403826 3.438371
-0.1264611 0.3633585 3.441815
0.1886187 0.9235617 3.534447
0.3230407 0.7410658 3.482451
0.4854709 0.8510477 3.282049
0.5173215 0.8747094 3.239177
-0.03779897 0.3985251 3.514765
-0.0855583 -0.09694325 3.555488
-0.07633093 -0.5206636 3.322701
-0.1205375 -0.4561363 3.203496
0.1127628 0.3955641 3.524357
0.1591175 -0.08256565 3.564713
0.1748286 -0.4908994 3.435564
0.1914614 -0.4407849 3.279139
0.03068137 0.9731435 3.547238
-0.1143893 0.2995064 3.440549
-0.1610297 0.3528872 3.427565
0.5652388 0.8768118 3.209795
0.4935499 0.9055396 3.212677
31
0.03790744 0.3905515 3.558807
0.03395084 0.7252457 3.557168
0.02943758 1.054877 3.540392
0.03940184 1.204571 3.555149
-0.1372741 0.9222465 3.528937
-0.1812977 0.6618906 3.518433
-0.1468406 0.403826 3.438371
-0.1264611 0.3633585 3.441815
0.1886187 0.9235617 3.534447
0.3230407 0.7410658 3.482451
0.4854709 0.8510477 3.282049
0.5173215 0.8747094 3.239177
-0.03779897 0.3985251 3.514765
-0.0855583 -0.09694325 3.555488
-0.07633093 -0.5206636 3.322701
-0.1205375 -0.4561363 3.203496
0.1127628 0.3955641 3.524357
0.1591175 -0.08256565 3.564713
0.1748286 -0.4908994 3.435564
0.1914614 -0.4407849 3.279139
0.03068137 0.9731435 3.547238
-0.1143893 0.2995064 3.440549
-0.1610297 0.3528872 3.427565
0.5652388 0.8768118 3.209795
0.4935499 0.9055396 3.212677
32
0.03771171 0.3905933 3.558464
0.03368506 0.7252867 3.556963
0.02892314 1.054889 3.540411
0.03890014 1.204764 3.555306
-0.1373365 0.9223879 3.528736
-0.1808196 0.6604971 3.518542
-0.1466482 0.4024599 3.4377
-0.1266681 0.3630862 3.441685
0.1887036 0.923559 3.534711
0.3525224 0.7644991 3.456606
0.4886875 0.9469817 3.267431
0.5088621 0.9676747 3.250014
-0.03798976 0.3985735 3.514408
-0.08526288 -0.04058403 3.547402
-0.07756085 -0.5182909 3.331324
-0.1149278 -0.4590234 3.198963
0.1125621 0.3956071 3.524031
0.157331 -0.04266389 3.559057
0.1777393 -0.4837824 3.434077
0.2016106 -0.4368283 3.27225
0.03024817 0.9731676 3.547177
-0.1136209 0.3035242 3.440077
-0.1610962 0.3526857 3.427405
0.5574315 0.9899128 3.235424
0.4788007 0.9892948 3.212969
33
0.03771171 0.3905933 3.558464
0.03368506 0.7252867 3.556963
0.02892314 1.054889 3.540411
0.03890014 1.204764 3.555306
-0.1373365 0.9223879 3.528736
-0.1808196 0.6604971 3.518542
-0.1466482 0.4024599 3.4377
-0.1266681 0.3630862 3.441685
0.1887036 0.923559 3.534711
0.3525224 0.7644991 3.456606
0.4886875 0.9469817 3.267431
0.5088621 0.9676747 3.250014
-0.03798976 0.3985735 3.514408
-0.08526288 -0.04058403 3.547402
-0.07756085 -0.5182909 3.331324
-0.1149278 -0.4590234 3.198963
0.1125621 0.3956071 3.524031
0.157331 -0.04266389 3.559057
0.1777393 -0.4837824 3.434077
0.2016106 -0.4368283 3.27225
0.03024817 0.9731676 3.547177
-0.1136209 0.3035242 3.440077
-0.1610962 0.3526857 3.427405
0.5574315 0.9899128 3.235424
0.4788007 0.9892948 3.212969
34
0.03745107 0.390608 3.558107
0.03339704 0.7253143 3.556795
0.02840239 1.054894 3.540529
0.03833317 1.204909 3.555558
-0.1373978 0.922514 3.528555
-0.17842 0.6562791 3.518528
-0.1464657 0.4010416 3.436951
-0.1270276 0.3617416 3.44148
0.1887762 0.9235438 3.534906
0.3654973 0.7758715 3.444631
0.4672013 1.003247 3.275366
0.4911471 1.046908 3.264153
-0.03822649 0.3985944 3.514071
-0.08529666 -0.0164463 3.543707
-0.07059986 -0.5070251 3.37815
-0.09524003 -0.4574365 3.229022
0.1122766 0.3956287 3.523659
0.1579222 -0.06711609 3.565238
0.1820566 -0.5001668 3.420795
0.1920771 -0.446878 3.262706
0.02980355 0.9731818 3.547192
-0.1123162 0.3048546 3.439628
-0.1611163 0.3524256 3.427324
0.5509812 1.093922 3.252959
0.46162 1.072703 3.235654
35
0.03745107 0.390608 3.558107
0.03339704 0.7253143 3.556795
0.02840239 1.054894 3.540529
0.03833317 1.204909 3.555558
-0.1373978 0.922514 3.528555
-0.17842 0.6562791 3.518528
-0.1464657 0.4010416 3.436951
-0.1270276 0.3617416 3.44148
0.1887762 0.9235438 3.534906
0.3654973 0.7758715 3.444631
0.4672013 1.003247 3.275366
0.4911471 1.046908 3.264153
-0.03822649 0.3985944 3.514071
-0.08529666 -0.0164463 3.543707
-0.07059986 -0.5070251 3.37815
-0.09524003 -0.4574365 3.229022
0.1122766 0.3956287 3.523659
0.1579222 -0.06711609 3.565238
0.1820566 -0.5001668 3.420795
0.1920771 -0.446878 3.262706
0.02980355 0.9731818 3.547192
-0.1123162 0.3048546 3.439628
-0.1611163 0.3524256 3.427324
0.5509812 1.093922 3.252959
0.46162 1.072703 3.235654
36
0.03720765 0.390617 3.557789
0.03310365 0.7253386 3.556671
0.02773694 1.054907 3.54084
0.03773076 1.20507 3.555918
-0.1374622 0.9226196 3.528403
-0.1764337 0.6551262 3.518915
-0.1463301 0.3998653 3.436369
-0.1272521 0.3606817 3.441349
0.1888257 0.9235405 3.535023
0.3732421 0.7824518 3.437913
0.4249066 1.025561 3.298787
0.4437649 1.093482 3.28056
-0.03844433 0.3986067 3.51378
-0.08532871 -0.005120767 3.541989
-0.06699251 -0.5040686 3.378808
-0.09183411 -0.4575128 3.233666
0.1120079 0.3956508 3.523308
0.1584144 -0.08330718 3.568984
0.1845252 -0.5030866 3.414306
0.1856624 -0.4495291 3.269149
0.02926126 0.9732012 3.547335
-0.1118461 0.3057136 3.439522
-0.1611476 0.3521863 3.427248
0.4702735 1.161379 3.267105
0.4181892 1.115168 3.265395
37
0.03720765 0.390617 3.557789
0.03310365 0.7253386 3.556671
0.02773694 1.054907 3.54084
0.03773076 1.20507 3.555918
-0.1374622 0.9226196 3.528403
-0.1764337 0.6551262 3.518915
-0.1463301 0.3998653 3.436369
-0.1272521 0.3606817 3.441349
0.1888257 0.9235405 3.535023
0.3732421 0.7824518 3.437913
0.4249066 1.025561 3.298787
0.4437649 1.093482 3.28056
-0.03844433 0.3986067 3.51378
-0.08532871 -0.005120767 3.541989
-0.06699251 -0.5040686 3.378808
-0.09183411 -0.4575128 3.233666
0.1120079 0.3956508 3.523308
0.1584144 -0.08330718 3.568984
0.1845252 -0.5030866 3.414306
0.1856624 -0.4495291 3.269149
0.02926126 0.9732012 3.547335
-0.1118461 0.3057136 3.439522
-0.1611476 0.3521863 3.427248
0.4702735 1.161379 3.267105
0.4181892 1.115168 3.265395
38
0.03698281 0.3906375 3.5575
0.03282545 0.7253624 3.55658
0.02708717 1.054904 3.541246
0.03719416 1.20521 3.55626
-0.1375422 0.9227504 3.528268
-0.1743793 0.6552008 3.519515
-0.1461766 0.3989257 3.435891
-0.1272719 0.3595219 3.441307
0.1888555 0.9235398 3.53509
0.3753888 0.7848592 3.435188
0.3938958 1.047643 3.318462
0.4103411 1.152425 3.29866
-0.03864263 0.3986251 3.513531
-0.08781087 -0.03487757 3.545675
-0.0635634 -0.5140018 3.36733
-0.05540123 -0.4544103 3.208347
0.1117553 0.3956973 3.522959
0.1589334 -0.09585959 3.57108
0.1859241 -0.5038159 3.41048
0.1782999 -0.4513631 3.275958
0.02872937 0.9732116 3.547552
-0.1098684 0.3055682 3.439111
-0.1611604 0.3520071 3.427201
0.4348864 1.210375 3.305182
0.3934713 1.205402 3.291127
39
0.03698281 0.3906375 3.5575
0.03282545 0.7253624 3.55658
0.02708717 1.054904 3.541246
0.03719416 1.20521 3.55626
-0.1375422 0.9227504 3.528268
-0.1743793 0.6552008 3.519515
-0.1461766 0.3989257 3.435891
-0.1272719 0.3595219 3.441307
0.1888555 0.9235398 3.53509
0.3753888 0.7848592 3.435188
0.3938958 1.047643 3.318462
0.4103411 1.152425 3.29866
-0.03864263 0.3986251 3.513531
-0.08781087 -0.03487757 3.545675
-0.0635634 -0.5140018 3.36733
-0.05540123 -0.4544103 3.208347
0.1117553 0.3956973 3.522959
0.1589334 -0.09585959 3.57108
0.1859241 -0.5038159 3.41048
0.1782999 -0.4513631 3.275958
0.02872937 0.9732116 3.547552
-0.1098684 0.3055682 3.439111
-0.1611604 0.3520071 3.427201
0.4348864 1.210375 3.305182
0.3934713 1.205402 3.291127
40
0.03680089 0.3906347 3.557242
0.03258453 0.7253752 3.556519
0.02651696 1.054895 3.541695
0.03672013 1.205338 3.556581
-0.137615 0.9228505 3.528161
-0.1723696 0.654144 3.520085
-0.1460186 0.3980783 3.435468
-0.1272838 0.3587482 3.441155
0.1888832 0.9235377 3.535133
0.3861368 0.8251094 3.414023
0.3577882 1.11377 3.319223
0.3629008 1.19379 3.316235
-0.03881743 0.3986413 3.513317
-0.08864708 -0.07185793 3.551886
-0.06918501 -0.5168784 3.334972
0.01807704 -0.4541713 3.214152
0.1115838 0.3956465 3.522621
0.1592615 -0.1030316 3.572202
0.1866439 -0.5038052 3.408737
0.1741167 -0.4524604 3.280755
0.02825776 0.9732131 3.54781
-0.1086663 0.3050694 3.438902
-0.1609607 0.3515923 3.426559
0.3793279 1.26596 3.326858
0.3272613 1.205537 3.301403
41
0.03680089 0.3906347 3.557242
0.03258453 0.7253752 3.556519
0.02651696 1.054895 3.541695
0.03672013 1.205338 3.556581
-0.137615 0.9228505 3.528161
-0.1723696 0.654144 3.520085
-0.1460186 0.3980783 3.435468
-0.1272838 0.3587482 3.441155
0.1888832 0.9235377 3.535133
0.3861368 0.8251094 3.414023
0.3577882 1.11377 3.319223
0.3629008 1.19379 3.316235
-0.03881743 0.3986413 3.513317
-0.08864708 -0.07185793 3.551886
-0.06918501 -0.5168784 3.334972
0.01807704 -0.4541713 3.214152
0.1115838 0.3956465 3.522621
0.1592615 -0.1030316 3.572202
0.1866439 -0.5038052 3.408737
0.1741167 -0.4524604 3.280755
0.02825776 0.9732131 3.54781
-0.1086663 0.3050694 3.438902
-0.1609607 0.3515923 3.426559
0.3793279 1.26596 3.326858
0.3272613 1.205537 3.301403
42
0.03664533 0.3906242 3.557013
0.03236042 0.7253881 3.556485
0.02593284 1.054944 3.542268
0.03626924 1.20547 3.557012
-0.1376708 0.92294 3.528079
-0.1705965 0.6541117 3.520676
-0.1457842 0.3972137 3.435097
-0.1271866 0.357798 3.441252
0.1889529 0.9235401 3.53512
0.3898338 0.8357628 3.407707
0.3160162 1.136851 3.327463
0.303878 1.219682 3.33143
-0.03897219 0.3986562 3.513133
-0.0886539 -0.08338807 3.553877
-0.07219362 -0.5141397 3.322337
0.06833144 -0.46068 3.232872
0.1114492 0.3955619 3.5223
0.1594702 -0.1073904 3.572792
0.1873197 -0.5115612 3.403196
0.1662367 -0.4566674 3.268914
0.02777664 0.973249 3.548161
-0.1083554 0.3045636 3.439242
-0.1609699 0.3514849 3.426456
0.3049263 1.292882 3.346095
0.2660668 1.202418 3.302346
43
0.03664533 0.3906242 3.557013
0.03236042 0.7253881 3.556485
0.02593284 1.054944 3.542268
0.03626924 1.20547 3.557012
-0.1376708 0.92294 3.528079
-0.1705965 0.6541117 3.520676
-0.1457842 0.3972137 3.435097
-0.1271866 0.357798 3.441252
0.1889529 0.9235401 3.53512
0.3898338 0.8357628 3.407707
0.3160162 1.136851 3.327463
0.303878 1.219682 3.33143
-0.03897219 0.3986562 3.513133
-0.0886539 -0.08338807 3.553877
-0.07219362 -0.5141397 3.322337
0.06833144 -0.46068 3.232872
0.1114492 0.3955619 3.5223
0.1594702 -0.1073904 3.572792
0.1873197 -0.5115612 3.403196
0.1662367 -0.4566674 3.268914
0.02777664 0.973249 3.548161
-0.1083554 0.3045636 3.439242
-0.1609699 0.3514849 3.426456
0.3049263 1.292882 3.346095
0.2660668 1.202418 3.302346
44
0.0365194 0.3905981 3.5568
0.03215979 0.7253962 3.556466
0.0254272 1.054991 3.542799
0.03581904 1.205646 3.557585
-0.1377208 0.9230181 3.528011
-0.1689642 0.6546252 3.521337
-0.1455467 0.3964115 3.434836
-0.1268809 0.3560802 3.441371
0.1890759 0.9235507 3.535042
0.3950584 0.8725505 3.395372
0.2756048 1.141423 3.330521
0.2441734 1.208745 3.339258
-0.03910576 0.3986697 3.512974
-0.08756129 -0.1473738 3.564422
-0.07232602 -0.5171403 3.30773
0.08822122 -0.4633569 3.239784
0.1113596 0.3954112 3.521957
0.1612766 -0.1528848 3.575747
0.1742086 -0.5357464 3.351839
0.1341051 -0.4601472 3.220255
0.02735112 0.9732813 3.548499
-0.1080845 0.3008268 3.440085
-0.1609521 0.3513887 3.426384
0.2214838 1.277012 3.350755
0.20727 1.171937 3.312108
45
0.0365194 0.3905981 3.5568
0.03215979 0.7253962 3.556466
0.0254272 1.054991 3.542799
0.03581904 1.205646 3.557585
-0.1377208 0.9230181 3.528011
-0.1689642 0.6546252 3.521337
-0.1455467 0.3964115 3.434836
-0.1268809 0.3560802 3.441371
0.1890759 0.9235507 3.535042
0.3950584 0.8725505 3.395372
0.2756048 1.141423 3.330521
0.2441734 1.208745 3.339258
-0.03910576 0.3986697 3.512974
-0.08756129 -0.1473738 3.564422
-0.07232602 -0.5171403 3.30773
0.08822122 -0.4633569 3.239784
0.1113596 0.3954112 3.521957
0.1612766 -0.1528848 3.575747
0.1742086 -0.5357464 3.351839
0.1341051 -0.4601472 3.220255
0.02735112 0.9732813 3.548499
-0.1080845 0.3008268 3.440085
-0.1609521 0.3513887 3.426384
0.2214838 1.277012 3.350755
0.20727 1.171937 3.312108
46
0.0364231 0.3905674 3.556608
0.03199859 0.7254017 3.556468
0.02502056 1.055047 3.543408
0.03544839 1.205864 3.558156
-0.1377629 0.9230847 3.527957
-0.1674214 0.6555758 3.522162
-0.1449313 0.4192556 3.443667
-0.1276101 0.3714853 3.441742
0.1892273 0.9235737 3.534929
0.398528 0.8891993 3.39232
0.2488374 1.135848 3.334406
0.2020439 1.193132 3.345074
-0.03920721 0.3986395 3.512835
-0.08639646 -0.1446719 3.56458
-0.07336258 -0.513637 3.306872
0.09471116 -0.4646174 3.245191
0.1113243 0.3953259 3.521645
0.1617944 -0.1119928 3.566943
0.1743274 -0.5232491 3.377105
0.1488816 -0.4577754 3.233586
0.02699998 0.9733187 3.548901
-0.1162716 0.3110648 3.438186
-0.1613125 0.3639404 3.425336
0.1668754 1.261628 3.355225
0.1540753 1.147392 3.304517
47
0.0364231 0.3905674 3.556608
0.03199859 0.7254017 3.556468
0.02502056 1.055047 3.543408
0.03544839 1.205864 3.558156
-0.1377629 0.9230847 3.527957
-0.1674214 0.6555758 3.522162
-0.1449313 0.4192556 3.443667
-0.1276101 0.3714853 3.441742
0.1892273 0.9235737 3.534929
0.398528 0.8891993 3.39232
0.2488374 1.135848 3.334406
0.2020439 1.193132 3.345074
-0.03920721 0.3986395 3.512835
-0.08639646 -0.1446719 3.56458
-0.07336258 -0.513637 3.306872
0.09471116 -0.4646174 3.245191
0.1113243 0.3953259 3.521645
0.1617944 -0.1119928 3.566943
0.1743274 -0.5232491 3.377105
0.1488816 -0.4577754 3.233586
0.02699998 0.9733187 3.548901
-0.1162716 0.3110648 3.438186
-0.1613125 0.3639404 3.425336
0.1668754 1.261628 3.355225
0.1540753 1.147392 3.304517
48
0.03635249 0.3905347 3.556427
0.03185683 0.7254038 3.55648
0.02465621 1.05508 3.544018
0.03513963 1.206041 3.55864
-0.1377973 0.9231384 3.527916
-0.1659293 0.6545662 3.522555
-0.1440114 0.4142029 3.442031
-0.1277077 0.3723504 3.441745
0.1893964 0.9236159 3.534782
0.4005586 0.8980395 3.390791
0.2379843 1.129113 3.337296
0.1978511 1.180927 3.350442
-0.03928814 0.3985897 3.512707
-0.08560272 -0.1202721 3.560261
-0.0739295 -0.5101026 3.309608
0.09840845 -0.4659159 3.248912
0.1113316 0.3952776 3.521328
0.1655588 -0.1561491 3.571638
0.1762103 -0.5332201 3.381063
0.1491189 -0.4624251 3.239474
0.02668241 0.9733409 3.549315
-0.1188084 0.3126279 3.439744
-0.1608719 0.3643807 3.425935
0.1664055 1.249001 3.361216
0.1568912 1.128836 3.306189
49
0.03635249 0.3905347 3.556427
0.03185683 0.7254038 3.55648
0.02465621 1.05508 3.544018
0.03513963 1.206041 3.55864
-0.1377973 0.9231384 3.527916
-0.1659293 0.6545662 3.522555
-0.1440114 0.4142029 3.442031
-0.1277077 0.3723504 3.441745
0.1893964 0.9236159 3.534782
0.4005586 0.8980395 3.390791
0.2379843 1.129113 3.337296
0.1978511 1.180927 3.350442
-0.03928814 0.3985897 3.512707
-0.08560272 -0.1202721 3.560261
-0.0739295 -0.5101026 3.309608
0.09840845 -0.4659159 3.248912
0.1113316 0.3952776 3.521328
0.1655588 -0.1561491 3.571638
0.1762103 -0.5332201 3.381063
0.1491189 -0.4624251 3.239474
0.02668241 0.9733409 3.549315
-0.1188084 0.3126279 3.439744
-0.1608719 0.3643807 3.425935
0.1664055 1.249001 3.361216
0.1568912 1.128836 3.306189
50
0.03629913 0.3905917 3.556189
0.03172736 0.7254147 3.556501
0.02433821 1.055099 3.5446
0.03477415 1.206192 3.559172
-0.1377691 0.9234604 3.527949
-0.1620521 0.6305021 3.517478
-0.1433838 0.4082277 3.440138
-0.1277844 0.3709178 3.441944
0.1900413 0.9238983 3.534573
0.3982383 0.875276 3.404576
0.25506 1.118757 3.343768
0.2308709 1.175977 3.357457
-0.0393515 0.3985533 3.512599
-0.08488173 -0.1032213 3.557024
-0.09247287 -0.4945213 3.263253
0.07496972 -0.4694355 3.225512
0.1113984 0.3957784 3.520599
0.162683 -0.0705634 3.558211
0.1572427 -0.5240514 3.343996
0.193875 -0.4570538 3.201234
0.02640115 0.973359 3.549718
-0.1170246 0.3114024 3.440835
-0.1603854 0.3631459 3.426458
0.2048624 1.244996 3.367815
0.1831705 1.149284 3.310672
51
0.03629913 0.3905917 3.556189
0.03172736 0.7254147 3.556501
0.02433821 1.055099 3.5446
0.03477415 1.206192 3.559172
-0.1377691 0.9234604 3.527949
-0.1620521 0.6305021 3.517478
-0.1433838 0.4082277 3.440138
-0.1277844 0.3709178 3.441944
0.1900413 0.9238983 3.534573
0.3982383 0.875276 3.404576
0.25506 1.118757 3.343768
0.2308709 1.175977 3.357457
-0.0393515 0.3985533 3.512599
-0.08488173 -0.1032213 3.557024
-0.09247287 -0.4945213 3.263253
0.07496972 -0.4694355 3.225512
0.1113984 0.3957784 3.520599
0.162683 -0.0705634 3.558211
0.1572427 -0.5240514 3.343996
0.193875 -0.4570538 3.201234
0.02640115 0.973359 3.549718
-0.1170246 0.3114024 3.440835
-0.1603854 0.3631459 3.426458
0.2048624 1.244996 3.367815
0.1831705 1.149284 3.310672
52
0.03630257 0.3907454 3.555665
0.03161448 0.7254319 3.556499
0.02407019 1.055112 3.545064
0.03443064 1.206263 3.559534
-0.1377136 0.9238685 3.527938
-0.1600924 0.6408839 3.522167
-0.1428718 0.4007557 3.437544
-0.1276891 0.3679318 3.441164
0.191689 0.9240352 3.533869
0.3931737 0.849516 3.408333
0.3000797 1.128176 3.352284
0.2856605 1.177579 3.364432
-0.03939705 0.3985427 3.512408
-0.08332098 -0.08894429 3.553937
-0.07527328 -0.504968 3.274942
0.07389962 -0.4688377 3.225369
0.1115812 0.3964042 3.519393
0.1637204 -0.08394576 3.558808
0.1675661 -0.5259249 3.360551
0.1935941 -0.4574443 3.20839
0.02616203 0.9733759 3.550039
-0.1148492 0.3085047 3.439978
-0.1604133 0.3586387 3.425885
0.2830901 1.249861 3.374959
0.2412183 1.159503 3.315159
53
0.03630257 0.3907454 3.555665
0.03161448 0.7254319 3.556499
0.02407019 1.055112 3.545064
0.03443064 1.206263 3.559534
-0.1377136 0.9238685 3.527938
-0.1600924 0.6408839 3.522167
-0.1428718 0.4007557 3.437544
-0.1276891 0.3679318 3.441164
0.191689 0.9240352 3.533869
0.3931737 0.849516 3.408333
0.3000797 1.128176 3.352284
0.2856605 1.177579 3.364432
-0.03939705 0.3985427 3.512408
-0.08332098 -0.08894429 3.553937
-0.07527328 -0.504968 3.274942
0.07389962 -0.4688377 3.225369
0.1115812 0.3964042 3.519393
0.1637204 -0.08394576 3.558808
0.1675661 -0.5259249 3.360551
0.1935941 -0.4574443 3.20839
0.02616203 0.9733759 3.550039
-0.1148492 0.3085047 3.439978
-0.1604133 0.3586387 3.425885
0.2830901 1.249861 3.374959
0.2412183 1.159503 3.315159
54
0.03632627 0.3908941 3.555166
0.03151887 0.7254479 3.556503
0.02383972 1.055115 3.545529
0.03406131 1.20631 3.559874
-0.1377132 0.9241114 3.527969
-0.1596513 0.6495728 3.525864
-0.1426402 0.3995172 3.437213
-0.1276173 0.3678212 3.441247
0.1923395 0.92418 3.533353
0.3912059 0.8391615 3.412569
0.3483051 1.134328 3.36762
0.3520015 1.17672 3.378477
-0.0394278 0.3985351 3.512235
-0.08400843 -0.04282813 3.54753
-0.07576007 -0.5040662 3.277333
0.05925074 -0.4630424 3.211425
0.1117687 0.3969446 3.518327
0.163526 -0.08470432 3.558613
0.1745221 -0.5155501 3.378988
0.1855215 -0.4490523 3.220161
0.02595245 0.9733867 3.550368
-0.1150649 0.3110097 3.440442
-0.1608365 0.3584203 3.427296
0.3589517 1.24573 3.397513
0.3044831 1.175972 3.330037
55
0.03632627 0.3908941 3.555166
0.03151887 0.7254479 3.556503
0.02383972 1.055115 3.545529
0.03406131 1.20631 3.559874
-0.1377132 0.9241114 3.527969
-0.1596513 0.6495728 3.525864
-0.1426402 0.3995172 3.437213
-0.1276173 0.3678212 3.441247
0.1923395 0.92418 3.533353
0.3912059 0.8391615 3.412569
0.3483051 1.134328 3.36762
0.3520015 1.17672 3.378477
-0.0394278 0.3985351 3.512235
-0.08400843 -0.04282813 3.54753
-0.07576007 -0.5040662 3.277333
0.05925074 -0.4630424 3.211425
0.1117687 0.3969446 3.518327
0.163526 -0.08470432 3.558613
0.1745221 -0.5155501 3.378988
0.1855215 -0.4490523 3.220161
0.02595245 0.9733867 3.550368
-0.1150649 0.3110097 3.440442
-0.1608365 0.3584203 3.427296
0.3589517 1.24573 3.397513
0.3044831 1.175972 3.330037
56
0.03636051 0.3910394 3.554708
0.03143185 0.725465 3.556509
0.02363256 1.055115 3.545944
0.03370085 1.206339 3.56017
-0.137732 0.9243126 3.52802
-0.1595957 0.6529083 3.52753
-0.1424772 0.3986422 3.43701
-0.127565 0.3676668 3.441403
0.1927681 0.9243011 3.532863
0.3900576 0.8341721 3.414347
0.3856117 1.107548 3.374292
0.41156 1.168746 3.387946
-0.03944694 0.3985379 3.512091
-0.08380153 -0.0368339 3.546437
-0.07122855 -0.5095134 3.290215
0.05465798 -0.4615934 3.207989
0.1119404 0.3974123 3.51741
0.1633725 -0.08923111 3.559616
0.1678229 -0.5239833 3.28375
0.2313641 -0.4458785 3.161686
0.02576241 0.9733961 3.550671
-0.1144461 0.2972611 3.442974
-0.1611149 0.3528394 3.432205
0.4379147 1.234656 3.412807
0.368249 1.195933 3.352624
57
0.03636051 0.3910394 3.554708
0.03143185 0.725465 3.556509
0.02363256 1.055115 3.545944
0.03370085 1.206339 3.56017
-0.137732 0.9243126 3.52802
-0.1595957 0.6529083 3.52753
-0.1424772 0.3986422 3.43701
-0.127565 0.3676668 3.441403
0.1927681 0.9243011 3.532863
0.3900576 0.8341721 3.414347
0.3856117 1.107548 3.374292
0.41156 1.168746 3.387946
-0.03944694 0.3985379 3.512091
-0.08380153 -0.0368339 3.546437
-0.07122855 -0.5095134 3.290215
0.05465798 -0.4615934 3.207989
0.1119404 0.3974123 3.51741
0.1633725 -0.08923111 3.559616
0.1678229 -0.5239833 3.28375
0.2313641 -0.4458785 3.161686
0.02576241 0.9733961 3.550671
-0.1144461 0.2972611 3.442974
-0.1611149 0.3528394 3.432205
0.4379147 1.234656 3.412807
0.368249 1.195933 3.352624
58
0.03639768 0.3911751 3.554297
0.03135283 0.7254834 3.556524
0.02345029 1.055103 3.546404
0.0332558 1.206394 3.560524
-0.1377625 0.9244636 3.528079
-0.1594826 0.6514307 3.527903
-0.1423916 0.3978336 3.437006
-0.1275427 0.3673673 3.441533
0.1930003 0.9243837 3.532355
0.3892035 0.8311007 3.415246
0.4008057 1.09682 3.376831
0.4333719 1.164051 3.391441
-0.03946043 0.3985462 3.511978
-0.08442508 -0.1347918 3.56211
-0.0706523 -0.5176616 3.28717
0.05198053 -0.4613241 3.21486
0.1120885 0.3978086 3.516631
0.1631972 -0.09443373 3.560906
0.1657225 -0.5088917 3.394557
0.1948993 -0.4451269 3.23613
0.02558982 0.9733993 3.551013
-0.1149642 0.3003248 3.442718
-0.1612443 0.3518268 3.433332
0.4644074 1.226648 3.421436
0.394943 1.201992 3.365919
59
0.03643607 0.3913039 3.55393
0.03127258 0.7255076 3.556546
0.02326106 1.0551 3.546869
0.03281667 1.206457 3.560865
-0.1378133 0.92456 3.528155
-0.1595781 0.6532565 3.528982
-0.1426787 0.4000078 3.43854
-0.1277529 0.3684536 3.441858
0.1931107 0.9244522 3.531829
0.3881412 0.8296116 3.415152
0.4075306 1.090827 3.377953
0.424961 1.163257 3.39271
-0.03947011 0.3985612 3.511885
-0.08419704 -0.1186706 3.559385
-0.07089353 -0.5172804 3.293849
0.04578986 -0.4595994 3.213107
0.1122173 0.3981455 3.515965
0.1630898 -0.09885286 3.562047
0.1662999 -0.5097355 3.416807
0.1850747 -0.4524693 3.255217
0.02541169 0.9734121 3.551368
-0.1208045 0.3064325 3.441054
-0.1624108 0.3542823 3.434663
0.4509035 1.22844 3.424221
0.3824986 1.19631 3.369954
60
0.03643607 0.3913039 3.55393
0.03127258 0.7255076 3.556546
0.02326106 1.0551 3.546869
0.03281667 1.206457 3.560865
-0.1378133 0.92456 3.528155
-0.1595781 0.6532565 3.528982
-0.1426787 0.4000078 3.43854
-0.1277529 0.3684536 3.441858
0.1931107 0.9244522 3.531829
0.3881412 0.8296116 3.415152
0.4075306 1.090827 3.377953
0.424961 1.163257 3.39271
-0.03947011 0.3985612 3.511885
-0.08419704 -0.1186706 3.559385
-0.07089353 -0.5172804 3.293849
0.04578986 -0.4595994 3.213107
0.1122173 0.3981455 3.515965
0.1630898 -0.09885286 3.562047
0.1662999 -0.5097355 3.416807
0.1850747 -0.4524693 3.255217
0.02541169 0.9734121 3.551368
-0.1208045 0.3064325 3.441054
-0.1624108 0.3542823 3.434663
0.4509035 1.22844 3.424221
0.3824986 1.19631 3.369954
61
0.03643607 0.3913039 3.55393
0.03127258 0.7255076 3.556546
0.02326106 1.0551 3.546869
0.03281667 1.206457 3.560865
-0.1378133 0.92456 3.528155
-0.1595781 0.6532565 3.528982
-0.1426787 0.4000078 3.43854
-0.1277529 0.3684536 3.441858
0.1931107 0.9244522 3.531829
0.3881412 0.8296116 3.415152
0.4075306 1.090827 3.377953
0.424961 1.163257 3.39271
-0.03947011 0.3985612 3.511885
-0.08419704 -0.1186706 3.559385
-0.07089353 -0.5172804 3.293849
0.04578986 -0.4595994 3.213107
0.1122173 0.3981455 3.515965
0.1630898 -0.09885286 3.562047
0.1662999 -0.5097355 3.416807
0.1850747 -0.4524693 3.255217
0.02541169 0.9734121 3.551368
-0.1208045 0.3064325 3.441054
-0.1624108 0.3542823 3.434663
0.4509035 1.22844 3.424221
0.3824986 1.19631 3.369954
62
0.03645877 0.3913312 3.55364
0.03120126 0.7255188 3.556576
0.02311085 1.055093 3.547298
0.03239401 1.206503 3.561181
-0.1378796 0.9246177 3.528244
-0.1598623 0.6551856 3.529952
-0.1431267 0.4028157 3.440327
-0.12815 0.3706773 3.442123
0.1931806 0.9244713 3.53132
0.3869892 0.8293892 3.414049
0.3939388 1.088624 3.372123
0.3909792 1.166411 3.390403
-0.0395001 0.39838 3.511853
-0.08418515 -0.1238129 3.560006
-0.0706176 -0.5195504 3.29888
0.04299054 -0.458818 3.212743
0.1123149 0.39838 3.515392
0.1630799 -0.1023023 3.563064
0.1684623 -0.5045792 3.436791
0.1822266 -0.4516293 3.268692
0.02526367 0.9734164 3.551706
-0.1258226 0.3141316 3.437406
-0.1629164 0.3541056 3.436058
0.4032946 1.236336 3.420396
0.3411031 1.180261 3.356291
63
0.03645877 0.3913312 3.55364
0.03120126 0.7255188 3.556576
0.02311085 1.055093 3.547298
0.03239401 1.206503 3.561181
-0.1378796 0.9246177 3.528244
-0.1598623 0.6551856 3.529952
-0.1431267 0.4028157 3.440327
-0.12815 0.3706773 3.442123
0.1931806 0.9244713 3.53132
0.3869892 0.8293892 3.414049
0.3939388 1.088624 3.372123
0.3909792 1.166411 3.390403
-0.0395001 0.39838 3.511853
-0.08418515 -0.1238129 3.560006
-0.0706176 -0.5195504 3.29888
0.04299054 -0.458818 3.212743
0.1123149 0.39838 3.515392
0.1630799 -0.1023023 3.563064
0.1684623 -0.5045792 3.436791
0.1822266 -0.4516293 3.268692
0.02526367 0.9734164 3.551706
-0.1258226 0.3141316 3.437406
-0.1629164 0.3541056 3.436058
0.4032946 1.236336 3.420396
0.3411031 1.180261 3.356291
64
0.0364808 0.3913451 3.553395
0.0311355 0.7255276 3.556608
0.02298314 1.055077 3.547683
0.03197102 1.206473 3.561522
-0.1379499 0.9246557 3.528334
-0.1571442 0.6270373 3.521451
-0.1433025 0.3993011 3.440096
-0.1235481 0.3463292 3.447059
0.1932243 0.9244705 3.530867
0.3863827 0.8292003 3.413647
0.3512845 1.090055 3.363392
0.3380741 1.173044 3.384795
-0.03952564 0.398193 3.511839
-0.08416688 -0.1259667 3.559948
-0.0758739 -0.5202009 3.266914
0.04684671 -0.4613877 3.191262
0.1123962 0.3985664 3.51492
0.1630998 -0.1046294 3.563769
0.1703957 -0.5038281 3.444344
0.1778778 -0.4528868 3.274522
0.02513476 0.9734136 3.552018
-0.1177472 0.2758459 3.444235
-0.1571198 0.3402717 3.439051
0.3368652 1.243971 3.409945
0.2929456 1.16527 3.349584
65
0.0364808 0.3913451 3.553395
0.0311355 0.7255276 3.556608
0.02298314 1.055077 3.547683
0.03197102 1.206473 3.561522
-0.1379499 0.9246557 3.528334
-0.1571442 0.6270373 3.521451
-0.1433025 0.3993011 3.440096
-0.1235481 0.3463292 3.447059
0.1932243 0.9244705 3.530867
0.3863827 0.8292003 3.413647
0.3512845 1.090055 3.363392
0.3380741 1.173044 3.384795
-0.03952564 0.398193 3.511839
-0.08416688 -0.1259667 3.559948
-0.0758739 -0.5202009 3.266914
0.04684671 -0.4613877 3.191262
0.1123962 0.3985664 3.51492
0.1630998 -0.1046294 3.563769
0.1703957 -0.5038281 3.444344
0.1778778 -0.4528868 3.274522
0.02513476 0.9734136 3.552018
-0.1177472 0.2758459 3.444235
-0.1571198 0.3402717 3.439051
0.3368652 1.243971 3.409945
0.2929456 1.16527 3.349584
66
0.03649809 0.391348 3.553201
0.03107379 0.7255316 3.556647
0.02288293 1.055052 3.548026
0.03160994 1.20644 3.56181
-0.1379739 0.9247735 3.528438
-0.1590087 0.6422405 3.526285
-0.1419486 0.428765 3.450854
-0.1228754 0.3495612 3.448289
0.1937656 0.9245518 3.530588
0.3861747 0.8288715 3.413304
0.2999526 1.092465 3.357445
0.2681735 1.168651 3.372521
-0.03955078 0.3979792 3.511849
-0.08430817 -0.1600269 3.564683
-0.08171051 -0.5200054 3.2832
0.0455628 -0.4635081 3.212122
0.1124547 0.3987164 3.514559
0.1631252 -0.1063478 3.564302
0.1658096 -0.5151393 3.277511
0.1902137 -0.4390492 3.169281
0.02502829 0.9734003 3.552306
-0.1184382 0.2843322 3.446815
-0.1591918 0.3629352 3.44276
0.2545102 1.242821 3.393689
0.2203776 1.134971 3.331447
67
0.03649809 0.391348 3.553201
0.03107379 0.7255316 3.556647
0.02288293 1.055052 3.548026
0.03160994 1.20644 3.56181
-0.1379739 0.9247735 3.528438
-0.1590087 0.6422405 3.526285
-0.1419486 0.428765 3.450854
-0.1228754 0.3495612 3.448289
0.1937656 0.9245518 3.530588
0.3861747 0.8288715 3.413304
0.2999526 1.092465 3.357445
0.2681735 1.168651 3.372521
-0.03955078 0.3979792 3.511849
-0.08430817 -0.1600269 3.564683
-0.08171051 -0.5200054 3.2832
0.0455628 -0.4635081 3.212122
0.1124547 0.3987164 3.514559
0.1631252 -0.1063478 3.564302
0.1658096 -0.5151393 3.277511
0.1902137 -0.4390492 3.169281
0.02502829 0.9734003 3.552306
-0.1184382 0.2843322 3.446815
-0.1591918 0.3629352 3.44276
0.2545102 1.242821 3.393689
0.2203776 1.134971 3.331447
68
0.03651131 0.3913319 3.553041
0.0310131 0.7255251 3.556689
0.02280052 1.055012 3.548321
0.0313512 1.206431 3.562025
-0.1379886 0.9248682 3.528534
-0.1603179 0.6528577 3.529835
-0.1433008 0.4118874 3.449778
-0.1219152 0.345413 3.449326
0.1942122 0.9245895 3.530383
0.3862448 0.8287807 3.413267
0.2357995 1.099779 3.358156
0.2124308 1.158726 3.364393
-0.03958796 0.3976762 3.511882
-0.08070931 -0.1373132 3.559205
-0.07742181 -0.5216401 3.315884
0.04129272 -0.4607994 3.22139
0.1125003 0.3988325 3.514273
0.1655118 -0.1508968 3.575841
0.1569282 -0.5288457 3.271579
0.2217356 -0.4436602 3.163935
0.02493697 0.9733717 3.552562
-0.1155124 0.2767722 3.449993
-0.1505412 0.3219337 3.45751
0.1772034 1.235275 3.37968
0.1650677 1.111292 3.314443
69
0.03651131 0.3913319 3.553041
0.0310131 0.7255251 3.556689
0.02280052 1.055012 3.548321
0.0313512 1.206431 3.562025
-0.1379886 0.9248682 3.528534
-0.1603179 0.6528577 3.529835
-0.1433008 0.4118874 3.449778
-0.1219152 0.345413 3.449326
0.1942122 0.9245895 3.530383
0.3862448 0.8287807 3.413267
0.2357995 1.099779 3.358156
0.2124308 1.158726 3.364393
-0.03958796 0.3976762 3.511882
-0.08070931 -0.1373132 3.559205
-0.07742181 -0.5216401 3.315884
0.04129272 -0.4607994 3.22139
0.1125003 0.3988325 3.514273
0.1655118 -0.1508968 3.575841
0.1569282 -0.5288457 3.271579
0.2217356 -0.4436602 3.163935
0.02493697 0.9733717 3.552562
-0.1155124 0.2767722 3.449993
-0.1505412 0.3219337 3.45751
0.1772034 1.235275 3.37968
0.1650677 1.111292 3.314443
70
0.03652795 0.3913111 3.552904
0.03095928 0.7255141 3.556731
0.02273575 1.054952 3.548576
0.03114518 1.206417 3.562201
-0.1379988 0.9249443 3.528621
-0.1608247 0.6570273 3.531248
-0.1440422 0.4229571 3.453027
-0.1220477 0.3499059 3.449272
0.1945726 0.9246002 3.530233
0.3872519 0.8285569 3.415062
0.2209704 1.098263 3.356939
0.1934006 1.155618 3.36251
-0.03960317 0.397428 3.511901
-0.08214776 -0.155369 3.562197
-0.08632951 -0.518457 3.308631
0.03975683 -0.4608146 3.224012
0.1125413 0.3989202 3.514047
0.1666143 -0.1729658 3.581542
0.1730205 -0.5469028 3.341095
0.2355191 -0.4562065 3.201711
0.02486273 0.9733266 3.552788
-0.1151077 0.2824405 3.452691
-0.148749 0.3216344 3.455705
0.1583675 1.22807 3.374171
0.1526016 1.10993 3.316522
71
0.03652795 0.3913111 3.552904
0.03095928 0.7255141 3.556731
0.02273575 1.054952 3.548576
0.03114518 1.206417 3.562201
-0.1379988 0.9249443 3.528621
-0.1608247 0.6570273 3.531248
-0.1440422 0.4229571 3.453027
-0.1220477 0.3499059 3.449272
0.1945726 0.9246002 3.530233
0.3872519 0.8285569 3.415062
0.2209704 1.098263 3.356939
0.1934006 1.155618 3.36251
-0.03960317 0.397428 3.511901
-0.08214776 -0.155369 3.562197
-0.08632951 -0.518457 3.308631
0.03975683 -0.4608146 3.224012
0.1125413 0.3989202 3.514047
0.1666143 -0.1729658 3.581542
0.1730205 -0.5469028 3.341095
0.2355191 -0.4562065 3.201711
0.02486273 0.9733266 3.552788
-0.1151077 0.2824405 3.452691
-0.148749 0.3216344 3.455705
0.1583675 1.22807 3.374171
0.1526016 1.10993 3.316522
72
0.03654841 0.3912922 3.552786
0.03091067 0.7255009 3.556771
0.02267984 1.054874 3.548786
0.03099251 1.206404 3.562333
-0.1380151 0.9249949 3.528698
-0.1614616 0.6616204 3.532862
-0.1434319 0.4059246 3.444675
-0.1215848 0.3486702 3.449412
0.1948372 0.9246218 3.530122
0.388979 0.827976 3.419129
0.2371272 1.087995 3.359916
0.2171676 1.152304 3.36633
-0.03960035 0.3972451 3.511894
-0.08223625 -0.1338381 3.558684
-0.08768192 -0.5181507 3.30945
0.03394877 -0.4582527 3.214431
0.1125779 0.3989908 3.513876
0.1670778 -0.1831745 3.583869
0.1770539 -0.5521315 3.35276
0.2340838 -0.4620099 3.211346
0.02479914 0.9732691 3.552979
-0.1126209 0.2736375 3.453912
-0.1514802 0.3317134 3.44242
0.19688 1.225125 3.380127
0.1698867 1.123302 3.320285
73
0.03654841 0.3912922 3.552786
0.03091067 0.7255009 3.556771
0.02267984 1.054874 3.548786
0.03099251 1.206404 3.562333
-0.1380151 0.9249949 3.528698
-0.1614616 0.6616204 3.532862
-0.1434319 0.4059246 3.444675
-0.1215848 0.3486702 3.449412
0.1948372 0.9246218 3.530122
0.388979 0.827976 3.419129
0.2371272 1.087995 3.359916
0.2171676 1.152304 3.36633
-0.03960035 0.3972451 3.511894
-0.08223625 -0.1338381 3.558684
-0.08768192 -0.5181507 3.30945
0.03394877 -0.4582527 3.214431
0.1125779 0.3989908 3.513876
0.1670778 -0.1831745 3.583869
0.1770539 -0.5521315 3.35276
0.2340838 -0.4620099 3.211346
0.02479914 0.9732691 3.552979
-0.1126209 0.2736375 3.453912
-0.1514802 0.3317134 3.44242
0.19688 1.225125 3.380127
0.1698867 1.123302 3.320285
74
0.03657175 0.3912765 3.552684
0.03086985 0.7254918 3.556805
0.0226376 1.054816 3.548949
0.03087186 1.206391 3.562438
-0.1380292 0.9250342 3.528767
-0.1618774 0.6645986 3.533844
-0.1434433 0.397173 3.440548
-0.1214067 0.3479716 3.449572
0.1950381 0.9246418 3.530041
0.3884671 0.8268949 3.419217
0.2738545 1.081145 3.363306
0.2580165 1.151284 3.372541
-0.03958986 0.3971125 3.511888
-0.08306129 -0.1507298 3.562827
-0.08625326 -0.5209563 3.30654
0.03265066 -0.4576259 3.213573
0.1126104 0.3990475 3.513738
0.1657146 -0.1380635 3.57387
0.1682699 -0.5050333 3.480208
0.1911133 -0.460821 3.307606
0.02474943 0.9732254 3.553132
-0.1097438 0.2676884 3.453487
-0.146745 0.3157452 3.45164
0.2538968 1.21876 3.379658
0.2141059 1.129982 3.335076
75
0.03657175 0.3912765 3.552684
0.03086985 0.7254918 3.556805
0.0226376 1.054816 3.548949
0.03087186 1.206391 3.562438
-0.1380292 0.9250342 3.528767
-0.1618774 0.6645986 3.533844
-0.1434433 0.397173 3.440548
-0.1214067 0.3479716 3.449572
0.1950381 0.9246418 3.530041
0.3884671 0.8268949 3.419217
0.2738545 1.081145 3.363306
0.2580165 1.151284 3.372541
-0.03958986 0.3971125 3.511888
-0.08306129 -0.1507298 3.562827
-0.08625326 -0.5209563 3.30654
0.03265066 -0.4576259 3.213573
0.1126104 0.3990475 3.513738
0.1657146 -0.1380635 3.57387
0.1682699 -0.5050333 3.480208
0.1911133 -0.460821 3.307606
0.02474943 0.9732254 3.553132
-0.1097438 0.2676884 3.453487
-0.146745 0.3157452 3.45164
0.2538968 1.21876 3.379658
0.2141059 1.129982 3.335076
76
0.0365932 0.3912646 3.552602
0.03083217 0.7254832 3.556839
0.022603 1.054761 3.549085
0.03076967 1.206375 3.562529
-0.138042 0.9250643 3.528829
-0.1622425 0.6666535 3.534484
-0.1434784 0.3918594 3.43822
-0.1212925 0.347462 3.44973
0.1951673 0.9246535 3.529981
0.3880926 0.8256239 3.419981
0.3200472 1.109805 3.378385
0.30882 1.151448 3.378052
-0.03957994 0.3970192 3.511885
-0.08356943 -0.1609797 3.565461
-0.1023027 -0.5067634 3.238335
0.03262062 -0.4585851 3.179682
0.1126362 0.3990913 3.513633
0.1649336 -0.1159556 3.569085
0.1804086 -0.4997966 3.463614
0.1860536 -0.4529341 3.293896
0.02470769 0.9731842 3.553264
-0.1086583 0.274963 3.453285
-0.1498766 0.3217344 3.443594
0.3075854 1.218552 3.392109
0.2615865 1.143626 3.345506
77
0.0365932 0.3912646 3.552602
0.03083217 0.7254832 3.556839
0.022603 1.054761 3.549085
0.03076967 1.206375 3.562529
-0.138042 0.9250643 3.528829
-0.1622425 0.6666535 3.534484
-0.1434784 0.3918594 3.43822
-0.1212925 0.347462 3.44973
0.1951673 0.9246535 3.529981
0.3880926 0.8256239 3.419981
0.3200472 1.109805 3.378385
0.30882 1.151448 3.378052
-0.03957994 0.3970192 3.511885
-0.08356943 -0.1609797 3.565461
-0.1023027 -0.5067634 3.238335
0.03262062 -0.4585851 3.179682
0.1126362 0.3990913 3.513633
0.1649336 -0.1159556 3.569085
0.1804086 -0.4997966 3.463614
0.1860536 -0.4529341 3.293896
0.02470769 0.9731842 3.553264
-0.1086583 0.274963 3.453285
-0.1498766 0.3217344 3.443594
0.3075854 1.218552 3.392109
0.2615865 1.143626 3.345506
78
0.03660924 0.391252 3.552536
0.03079166 0.7254724 3.556875
0.02257054 1.054709 3.549201
0.03069135 1.206337 3.562584
-0.1380572 0.9250801 3.528883
-0.1624818 0.6680495 3.53491
-0.1433999 0.3890219 3.43707
-0.1211679 0.3467287 3.449826
0.1952476 0.9246569 3.529939
0.387278 0.8234252 3.421406
0.3645447 1.101748 3.372528
0.3672071 1.143739 3.377185
-0.039573 0.3969443 3.511884
-0.08389808 -0.1672597 3.567003
-0.1081456 -0.4929057 3.215605
0.03319372 -0.4597798 3.175154
0.1126527 0.3991203 3.513558
0.1646122 -0.09046591 3.564665
0.1843167 -0.4830768 3.467238
0.1746358 -0.4407719 3.2948
0.02466773 0.9731433 3.55338
-0.1083577 0.2746601 3.453579
-0.1522315 0.3253049 3.441556
0.3865989 1.213034 3.393416
0.3203205 1.14562 3.342273
79
0.03661839 0.3912392 3.552489
0.03074154 0.725457 3.556919
0.02253483 1.054657 3.549301
0.03062893 1.206303 3.562624
-0.1380726 0.9250891 3.528933
-0.1626776 0.6690742 3.535246
-0.1432952 0.3866987 3.436233
-0.1212017 0.3455467 3.450115
0.195261 0.9246298 3.529916
0.3863758 0.8215187 3.422687
0.3926742 1.093486 3.365839
0.4126899 1.118897 3.365628
-0.0395689 0.396882 3.511887
-0.08418757 -0.1714874 3.568146
-0.1017899 -0.4896313 3.214168
0.04974826 -0.4659535 3.185351
0.1126621 0.3991393 3.513506
0.164382 -0.0832606 3.563382
0.186333 -0.483604 3.458034
0.183803 -0.4385651 3.28635
0.02462373 0.9731011 3.553486
-0.1075374 0.2665528 3.453895
-0.1542198 0.3289947 3.438492
0.4392946 1.189538 3.383918
0.3672895 1.13321 3.328119
80
0.03661839 0.3912392 3.552489
0.03074154 0.725457 3.556919
0.02253483 1.054657 3.549301
0.03062893 1.206303 3.562624
-0.1380726 0.9250891 3.528933
-0.1626776 0.6690742 3.535246
-0.1432952 0.3866987 3.436233
-0.1212017 0.3455467 3.450115
0.195261 0.9246298 3.529916
0.3863758 0.8215187 3.422687
0.3926742 1.093486 3.365839
0.4126899 1.118897 3.365628
-0.0395689 0.396882 3.511887
-0.08418757 -0.1714874 3.568146
-0.1017899 -0.4896313 3.214168
0.04974826 -0.4659535 3.185351
0.1126621 0.3991393 3.513506
0.164382 -0.0832606 3.563382
0.186333 -0.483604 3.458034
0.183803 -0.4385651 3.28635
0.02462373 0.9731011 3.553486
-0.1075374 0.2665528 3.453895
-0.1542198 0.3289947 3.438492
0.4392946 1.189538 3.383918
0.3672895 1.13321 3.328119
81
0.03661839 0.3912392 3.552489
0.03074154 0.725457 3.556919
0.02253483 1.054657 3.549301
0.03062893 1.206303 3.562624
-0.1380726 0.9250891 3.528933
-0.1626776 0.6690742 3.535246
-0.1432952 0.3866987 3.436233
-0.1212017 0.3455467 3.450115
0.195261 0.9246298 3.529916
0.3863758 0.8215187 3.422687
0.3926742 1.093486 3.365839
0.4126899 1.118897 3.365628
-0.0395689 0.396882 3.511887
-0.08418757 -0.1714874 3.568146
-0.1017899 -0.4896313 3.214168
0.04974826 -0.4659535 3.185351
0.1126621 0.3991393 3.513506
0.164382 -0.0832606 3.563382
0.186333 -0.483604 3.458034
0.183803 -0.4385651 3.28635
0.02462373 0.9731011 3.553486
-0.1075374 0.2665528 3.453895
-0.1542198 0.3289947 3.438492
0.4392946 1.189538 3.383918
0.3672895 1.13321 3.328119
82
0.03662429 0.39123 3.552458
0.03069226 0.7254431 3.55697
0.02250871 1.054614 3.54939
0.0305766 1.20627 3.562651
-0.1380886 0.9250929 3.52898
-0.1628493 0.6698329 3.535523
-0.1441687 0.392792 3.439973
-0.1213197 0.3454127 3.450315
0.1952368 0.9246047 3.529913
0.3774503 0.8014878 3.436097
0.4169965 1.037477 3.356627
0.4421329 1.07839 3.344539
-0.03956714 0.3968364 3.511894
-0.08486973 -0.1080612 3.559334
-0.06475479 -0.5145665 3.291217
0.06560896 -0.4646014 3.225243
0.1126667 0.3991503 3.513471
0.1641557 -0.07703497 3.562537
0.1869359 -0.4818357 3.450481
0.1816072 -0.4379216 3.290759
0.02458799 0.9730646 3.553584
-0.1078875 0.2661785 3.454294
-0.1559457 0.331385 3.438609
0.4694056 1.146379 3.340787
0.4058501 1.107765 3.301719
83
0.03662429 0.39123 3.552458
0.03069226 0.7254431 3.55697
0.02250871 1.054614 3.54939
0.0305766 1.20627 3.562651
-0.1380886 0.9250929 3.52898
-0.1628493 0.6698329 3.535523
-0.1441687 0.392792 3.439973
-0.1213197 0.3454127 3.450315
0.1952368 0.9246047 3.529913
0.3774503 0.8014878 3.436097
0.4169965 1.037477 3.356627
0.4421329 1.07839 3.344539
-0.03956714 0.3968364 3.511894
-0.08486973 -0.1080612 3.559334
-0.06475479 -0.5145665 3.291217
0.06560896 -0.4646014 3.225243
0.1126667 0.3991503 3.513471
0.1641557 -0.07703497 3.562537
0.1869359 -0.4818357 3.450481
0.1816072 -0.4379216 3.290759
0.02458799 0.9730646 3.553584
-0.1078875 0.2661785 3.454294
-0.1559457 0.331385 3.438609
0.4694056 1.146379 3.340787
0.4058501 1.107765 3.301719
84
0.03662714 0.3912181 3.552434
0.03064421 0.7254272 3.557022
0.02248971 1.054574 3.549468
0.030517 1.206221 3.562648
-0.1381085 0.9250887 3.529024
-0.1631484 0.670769 3.535741
-0.1444552 0.3942246 3.440661
-0.1214048 0.3451664 3.450325
0.1951701 0.924576 3.52993
0.365436 0.7772411 3.454334
0.4353462 0.9717059 3.345942
0.4607693 1.0281 3.317578
-0.03956698 0.3967973 3.511904
-0.0850639 -0.1004991 3.557279
-0.08137418 -0.5010959 3.293536
0.06148277 -0.4640004 3.23919
0.112662 0.3991468 3.513452
0.1640291 -0.07288235 3.56189
0.1844818 -0.4813934 3.43838
0.1799589 -0.4377924 3.29342
0.02455856 0.9730295 3.553674
-0.1078394 0.2653701 3.454435
-0.1572263 0.3339145 3.437938
0.4945278 1.091575 3.303564
0.4274543 1.064088 3.267667
85
0.03662714 0.3912181 3.552434
0.03064421 0.7254272 3.557022
0.02248971 1.054574 3.549468
0.030517 1.206221 3.562648
-0.1381085 0.9250887 3.529024
-0.1631484 0.670769 3.535741
-0.1444552 0.3942246 3.440661
-0.1214048 0.3451664 3.450325
0.1951701 0.924576 3.52993
0.365436 0.7772411 3.454334
0.4353462 0.9717059 3.345942
0.4607693 1.0281 3.317578
-0.03956698 0.3967973 3.511904
-0.0850639 -0.1004991 3.557279
-0.08137418 -0.5010959 3.293536
0.06148277 -0.4640004 3.23919
0.112662 0.3991468 3.513452
0.1640291 -0.07288235 3.56189
0.1844818 -0.4813934 3.43838
0.1799589 -0.4377924 3.29342
0.02455856 0.9730295 3.553674
-0.1078394 0.2653701 3.454435
-0.1572263 0.3339145 3.437938
0.4945278 1.091575 3.303564
0.4274543 1.064088 3.267667
86
0.03662775 0.3912045 3.552417
0.03059767 0.7254106 3.557076
0.02247582 1.054538 3.549538
0.03044537 1.206127 3.562585
-0.1381399 0.9250751 3.529071
-0.1634092 0.6713932 3.535885
-0.1445763 0.3946091 3.440925
-0.1214801 0.3449195 3.450289
0.1950439 0.924533 3.52998
0.3572349 0.7617968 3.468357
0.4566453 0.9237801 3.315294
0.4753609 0.9714593 3.284122
-0.0395679 0.3967633 3.511916
-0.08518494 -0.09424414 3.556052
-0.08353454 -0.5024846 3.303542
0.05388293 -0.4626639 3.240061
0.1126491 0.39913 3.513448
0.1639182 -0.06974214 3.561435
0.1826766 -0.4884461 3.426718
0.1774794 -0.4417841 3.280968
0.02453407 0.9729971 3.553756
-0.1078427 0.2641053 3.454192
-0.1577431 0.3348943 3.437362
0.5037386 1.028451 3.237197
0.439018 0.9950246 3.238516
87
0.03662775 0.3912045 3.552417
0.03059767 0.7254106 3.557076
0.02247582 1.054538 3.549538
0.03044537 1.206127 3.562585
-0.1381399 0.9250751 3.529071
-0.1634092 0.6713932 3.535885
-0.1445763 0.3946091 3.440925
-0.1214801 0.3449195 3.450289
0.1950439 0.924533 3.52998
0.3572349 0.7617968 3.468357
0.4566453 0.9237801 3.315294
0.4753609 0.9714593 3.284122
-0.0395679 0.3967633 3.511916
-0.08518494 -0.09424414 3.556052
-0.08353454 -0.5024846 3.303542
0.05388293 -0.4626639 3.240061
0.1126491 0.39913 3.513448
0.1639182 -0.06974214 3.561435
0.1826766 -0.4884461 3.426718
0.1774794 -0.4417841 3.280968
0.02453407 0.9729971 3.553756
-0.1078427 0.2641053 3.454192
-0.1577431 0.3348943 3.437362
0.5037386 1.028451 3.237197
0.439018 0.9950246 3.238516
88
0.03662528 0.3911908 3.552407
0.03055044 0.7253937 3.55713
0.02246191 1.054505 3.549588
0.03036635 1.206019 3.562499
-0.138173 0.925062 3.529116
-0.1571643 0.632229 3.52289
-0.1386147 0.3572929 3.429637
-0.1145402 0.3083154 3.457193
0.1947734 0.9246033 3.530672
0.3371688 0.7377036 3.494853
0.4576319 0.859549 3.305358
0.4781504 0.9007758 3.25407
-0.03957 0.3967358 3.511931
-0.08442177 -0.07898627 3.55331
-0.08069617 -0.5036229 3.313962
0.05377691 -0.4625264 3.243145
0.1126183 0.3990986 3.513471
0.1637192 -0.0678177 3.561351
0.1680868 -0.4707501 3.4808
0.1863456 -0.4377797 3.316865
0.02451025 0.9729668 3.553821
-0.1038042 0.2442665 3.455704
-0.1408476 0.3044342 3.445192
0.5102956 0.9370925 3.197645
0.4455586 0.917829 3.207421
89
0.03662528 0.3911908 3.552407
0.03055044 0.7253937 3.55713
0.02246191 1.054505 3.549588
0.03036635 1.206019 3.562499
-0.138173 0.925062 3.529116
-0.1571643 0.632229 3.52289
-0.1386147 0.3572929 3.429637
-0.1145402 0.3083154 3.457193
0.1947734 0.9246033 3.530672
0.3371688 0.7377036 3.494853
0.4576319 0.859549 3.305358
0.4781504 0.9007758 3.25407
-0.03957 0.3967358 3.511931
-0.08442177 -0.07898627 3.55331
-0.08069617 -0.5036229 3.313962
0.05377691 -0.4625264 3.243145
0.1126183 0.3990986 3.513471
0.1637192 -0.0678177 3.561351
0.1680868 -0.4707501 3.4808
0.1863456 -0.4377797 3.316865
0.02451025 0.9729668 3.553821
-0.1038042 0.2442665 3.455704
-0.1408476 0.3044342 3.445192
0.5102956 0.9370925 3.197645
0.4455586 0.917829 3.207421
90
0.03661489 0.3911712 3.552402
0.03049315 0.7253774 3.557185
0.02244371 1.054484 3.549626
0.03014516 1.205747 3.562064
-0.1382198 0.9250312 3.529166
-0.1598312 0.6356784 3.525027
-0.1394768 0.3589724 3.430378
-0.1150051 0.3066511 3.456948
0.1943993 0.9246801 3.53136
0.3258807 0.7259648 3.508767
0.4529498 0.7874259 3.291361
0.4607152 0.8095773 3.241637
-0.03957798 0.3967119 3.511945
-0.08399063 -0.1341453 3.566036
-0.08029548 -0.5118133 3.308559
0.04578657 -0.4612407 3.236188
0.1125639 0.3990408 3.513517
0.1634335 -0.0663171 3.561315
0.1685167 -0.4747906 3.463089
0.2042018 -0.4338099 3.294517
0.02448061 0.9729447 3.553877
-0.1040559 0.2423673 3.455917
-0.1434614 0.3080294 3.443147
0.4940445 0.8200956 3.171377
0.4390081 0.821544 3.203722
91
0.03661489 0.3911712 3.552402
0.03049315 0.7253774 3.557185
0.02244371 1.054484 3.549626
0.03014516 1.205747 3.562064
-0.1382198 0.9250312 3.529166
-0.1598312 0.6356784 3.525027
-0.1394768 0.3589724 3.430378
-0.1150051 0.3066511 3.456948
0.1943993 0.9246801 3.53136
0.3258807 0.7259648 3.508767
0.4529498 0.7874259 3.291361
0.4607152 0.8095773 3.241637
-0.03957798 0.3967119 3.511945
-0.08399063 -0.1341453 3.566036
-0.08029548 -0.5118133 3.308559
0.04578657 -0.4612407 3.236188
0.1125639 0.3990408 3.513517
0.1634335 -0.0663171 3.561315
0.1685167 -0.4747906 3.463089
0.2042018 -0.4338099 3.294517
0.02448061 0.9729447 3.553877
-0.1040559 0.2423673 3.455917
-0.1434614 0.3080294 3.443147
0.4940445 0.8200956 3.171377
0.4390081 0.821544 3.203722
92
0.03660314 0.3911512 3.552401
0.03042804 0.7253581 3.557227
0.02238564 1.054445 3.549627
0.02989345 1.205473 3.561496
-0.1382744 0.9249924 3.529214
-0.1625891 0.6426099 3.52792
-0.1408872 0.3640508 3.432208
-0.115977 0.3084219 3.456024
0.1939241 0.9247895 3.532018
0.3099493 0.7149566 3.52351
0.4478779 0.7550297 3.291426
0.4307657 0.7138581 3.235675
-0.03958625 0.3966918 3.511958
-0.08482506 -0.099698 3.556136
-0.07971862 -0.5099159 3.317679
0.04468047 -0.4612008 3.236538
0.1125067 0.3989797 3.513568
0.1630951 -0.06536564 3.56136
0.1698146 -0.4775858 3.44894
0.1964412 -0.4298353 3.27544
0.02442532 0.9729129 3.553902
-0.1044908 0.2421108 3.455551
-0.1423749 0.3054388 3.445211
0.4414652 0.7182023 3.199314
0.4178523 0.7165044 3.213266
93
0.03660314 0.3911512 3.552401
0.03042804 0.7253581 3.557227
0.02238564 1.054445 3.549627
0.02989345 1.205473 3.561496
-0.1382744 0.9249924 3.529214
-0.1625891 0.6426099 3.52792
-0.1408872 0.3640508 3.432208
-0.115977 0.3084219 3.456024
0.1939241 0.9247895 3.532018
0.3099493 0.7149566 3.52351
0.4478779 0.7550297 3.291426
0.4307657 0.7138581 3.235675
-0.03958625 0.3966918 3.511958
-0.08482506 -0.099698 3.556136
-0.07971862 -0.5099159 3.317679
0.04468047 -0.4612008 3.236538
0.1125067 0.3989797 3.513568
0.1630951 -0.06536564 3.56136
0.1698146 -0.4775858 3.44894
0.1964412 -0.4298353 3.27544
0.02442532 0.9729129 3.553902
-0.1044908 0.2421108 3.455551
-0.1423749 0.3054388 3.445211
0.4414652 0.7182023 3.199314
0.4178523 0.7165044 3.213266
94
0.03659008 0.3911306 3.552401
0.03036146 0.7253382 3.557263
0.02231386 1.054404 3.549605
0.02964566 1.205208 3.560931
-0.1383448 0.9249265 3.529268
-0.1647533 0.6496837 3.530421
-0.1420375 0.3688489 3.433756
-0.1173405 0.3121191 3.45465
0.1933594 0.9249187 3.532612
0.2978489 0.7083487 3.533375
0.4022826 0.6422027 3.30083
0.3931352 0.6049849 3.248663
-0.03959546 0.3966734 3.511971
-0.08512634 -0.08504492 3.551865
-0.07915819 -0.5088315 3.322395
0.04531543 -0.4614648 3.238155
0.112448 0.3989167 3.513621
0.1627082 -0.06480376 3.561496
0.1686268 -0.4746036 3.449152
0.190498 -0.4266694 3.275455
0.02436182 0.9728808 3.553913
-0.1051446 0.2429731 3.455418
-0.1499436 0.3209787 3.440517
0.423211 0.5633577 3.201203
0.3845999 0.6113631 3.226014
95
0.03659008 0.3911306 3.552401
0.03036146 0.7253382 3.557263
0.02231386 1.054404 3.549605
0.02964566 1.205208 3.560931
-0.1383448 0.9249265 3.529268
-0.1647533 0.6496837 3.530421
-0.1420375 0.3688489 3.433756
-0.1173405 0.3121191 3.45465
0.1933594 0.9249187 3.532612
0.2978489 0.7083487 3.533375
0.4022826 0.6422027 3.30083
0.3931352 0.6049849 3.248663
-0.03959546 0.3966734 3.511971
-0.08512634 -0.08504492 3.551865
-0.07915819 -0.5088315 3.322395
0.04531543 -0.4614648 3.238155
0.112448 0.3989167 3.513621
0.1627082 -0.06480376 3.561496
0.1686268 -0.4746036 3.449152
0.190498 -0.4266694 3.275455
0.02436182 0.9728808 3.553913
-0.1051446 0.2429731 3.455418
-0.1499436 0.3209787 3.440517
0.423211 0.5633577 3.201203
0.3845999 0.6113631 3.226014
96
0.03657254 0.3911072 3.552407
0.03028669 0.7253154 3.557298
0.02222489 1.054358 3.549567
0.02941064 1.204938 3.560375
-0.138458 0.9247866 3.529343
-0.1662181 0.6549889 3.532229
-0.1432161 0.3730462 3.435486
-0.1183493 0.3160245 3.453451
0.1926759 0.9250933 3.533181
0.2832278 0.7035348 3.543729
0.3617504 0.5322337 3.351283
0.3531444 0.5035632 3.278251
-0.03960673 0.3966559 3.511985
-0.08456358 -0.07490382 3.54944
-0.07864959 -0.507935 3.325133
0.04579594 -0.4615472 3.238861
0.1123778 0.3988466 3.513691
0.1623498 -0.06449591 3.561635
0.1696449 -0.4729214 3.445458
0.1881261 -0.423207 3.271846
0.02428464 0.9728438 3.553913
-0.1058796 0.2445847 3.455124
-0.1536158 0.3328507 3.436188
0.380456 0.461016 3.252175
0.3446652 0.5212725 3.263438
97
0.03657254 0.3911072 3.552407
0.03028669 0.7253154 3.557298
0.02222489 1.054358 3.549567
0.02941064 1.204938 3.560375
-0.138458 0.9247866 3.529343
-0.1662181 0.6549889 3.532229
-0.1432161 0.3730462 3.435486
-0.1183493 0.3160245 3.453451
0.1926759 0.9250933 3.533181
0.2832278 0.7035348 3.543729
0.3617504 0.5322337 3.351283
0.3531444 0.5035632 3.278251
-0.03960673 0.3966559 3.511985
-0.08456358 -0.07490382 3.54944
-0.07864959 -0.507935 3.325133
0.04579594 -0.4615472 3.238861
0.1123778 0.3988466 3.513691
0.1623498 -0.06449591 3.561635
0.1696449 -0.4729214 3.445458
0.1881261 -0.423207 3.271846
0.02428464 0.9728438 3.553913
-0.1058796 0.2445847 3.455124
-0.1536158 0.3328507 3.436188
0.380456 0.461016 3.252175
0.3446652 0.5212725 3.263438
98
0.0365525 0.3910827 3.552417
0.03021431 0.7252926 3.557332
0.02214665 1.054313 3.549527
0.0291817 1.204652 3.559801
-0.1385779 0.9246327 3.529418
-0.1621507 0.6261979 3.522232
-0.1437003 0.3751141 3.436103
-0.1189077 0.3193393 3.452603
0.1919148 0.9252735 3.533689
0.2696317 0.7001569 3.549936
0.3100933 0.4798773 3.385234
0.3095595 0.435055 3.333692
-0.03961876 0.3966395 3.512
-0.08437625 -0.07847052 3.549485
-0.07839614 -0.507035 3.325995
0.04788364 -0.4614648 3.241989
0.1123008 0.3987748 3.513778
0.1606898 -0.07977834 3.563617
0.1723533 -0.4890347 3.433974
0.1790871 -0.4350158 3.264053
0.02421422 0.9728082 3.553909
-0.1071531 0.2466188 3.455513
-0.1553963 0.3385147 3.434882
0.3330701 0.3684299 3.314703
0.3237714 0.4308269 3.297382
99
0.0365525 0.3910827 3.552417
0.03021431 0.7252926 3.557332
0.02214665 1.054313 3.549527
0.0291817 1.204652 3.559801
-0.1385779 0.9246327 3.529418
-0.1621507 0.6261979 3.522232
-0.1437003 0.3751141 3.436103
-0.1189077 0.3193393 3.452603
0.1919148 0.9252735 3.533689
0.2696317 0.7001569 3.549936
0.3100933 0.4798773 3.385234
0.3095595 0.435055 3.333692
-0.03961876 0.3966395 3.512
-0.08437625 -0.07847052 3.549485
-0.07839614 -0.507035 3.325995
0.04788364 -0.4614648 3.241989
0.1123008 0.3987748 3.513778
0.1606898 -0.07977834 3.563617
0.1723533 -0.4890347 3.433974
0.1790871 -0.4350158 3.264053
0.02421422 0.9728082 3.553909
-0.1071531 0.2466188 3.455513
-0.1553963 0.3385147 3.434882
0.3330701 0.3684299 3.314703
0.3237714 0.4308269 3.297382
100
0.03652636 0.3910399 3.552442
0.0301418 0.7252638 3.557363
0.02206573 1.054262 3.549472
0.02895295 1.204406 3.559268
-0.138699 0.9244768 3.529492
-0.1628338 0.6468989 3.528133
-0.1441306 0.3777097 3.436797
-0.1195506 0.3228944 3.451478
0.1911228 0.9254572 3.534127
0.2565922 0.6979328 3.554251
0.2733897 0.4474393 3.427072
0.2696297 0.3783772 3.385035
-0.03964486 0.3965296 3.512059
-0.08424582 -0.08347365 3.550166
-0.0779364 -0.5070843 3.326138
0.04939447 -0.4615771 3.243675
0.1122237 0.3987067 3.513873
0.1599265 -0.08941387 3.564832
0.1735304 -0.4949991 3.431385
0.1688547 -0.4402127 3.264396
0.02414237 0.9727677 3.553895
-0.1077743 0.2484927 3.455016
-0.1539087 0.3345408 3.436275
0.2786976 0.3088048 3.37273
0.2965484 0.3853384 3.356621
101
0.03650079 0.3909641 3.552482
0.03007773 0.7252247 3.557387
0.02199382 1.054198 3.549384
0.02872504 1.204145 3.558764
-0.1388415 0.9242754 3.52957
-0.1631264 0.6522115 3.529746
-0.1444415 0.3796723 3.437334
-0.1203413 0.3261466 3.450604
0.1903719 0.9256052 3.534446
0.2293929 0.6725728 3.556885
0.2383403 0.4124908 3.45854
0.2349473 0.3419122 3.434856
-0.0396705 0.3964134 3.512122
-0.08418774 -0.09017131 3.551167
-0.07753187 -0.5090788 3.323846
0.04753973 -0.45998 3.237029
0.112149 0.3984994 3.514043
0.1595867 -0.09541777 3.565582
0.1743231 -0.4975492 3.431922
0.1682881 -0.4424164 3.265383
0.02407863 0.972717 3.553862
-0.1084962 0.250269 3.455154
-0.1556599 0.3367554 3.436408
0.2294691 0.2625162 3.423835
0.2637068 0.3144405 3.415888
102
0.03650079 0.3909641 3.552482
0.03007773 0.7252247 3.557387
0.02199382 1.054198 3.549384
0.02872504 1.204145 3.558764
-0.1388415 0.9242754 3.52957
-0.1631264 0.6522115 3.529746
-0.1444415 0.3796723 3.437334
-0.1203413 0.3261466 3.450604
0.1903719 0.9256052 3.534446
0.2293929 0.6725728 3.556885
0.2383403 0.4124908 3.45854
0.2349473 0.3419122 3.434856
-0.0396705 0.3964134 3.512122
-0.08418774 -0.09017131 3.551167
-0.07753187 -0.5090788 3.323846
0.04753973 -0.45998 3.237029
0.112149 0.3984994 3.514043
0.1595867 -0.09541777 3.565582
0.1743231 -0.4975492 3.431922
0.1682881 -0.4424164 3.265383
0.02407863 0.972717 3.553862
-0.1084962 0.250269 3.455154
-0.1556599 0.3367554 3.436408
0.2294691 0.2625162 3.423835
0.2637068 0.3144405 3.415888
103
0.03650079 0.3909641 3.552482
0.03007773 0.7252247 3.557387
0.02199382 1.054198 3.549384
0.02872504 1.204145 3.558764
-0.1388415 0.9242754 3.52957
-0.1631264 0.6522115 3.529746
-0.1444415 0.3796723 3.437334
-0.1203413 0.3261466 3.450604
0.1903719 0.9256052 3.534446
0.2293929 0.6725728 3.556885
0.2383403 0.4124908 3.45854
0.2349473 0.3419122 3.434856
-0.0396705 0.3964134 3.512122
-0.08418774 -0.09017131 3.551167
-0.07753187 -0.5090788 3.323846
0.04753973 -0.45998 3.237029
0.112149 0.3984994 3.514043
0.1595867 -0.09541777 3.565582
0.1743231 -0.4975492 3.431922
0.1682881 -0.4424164 3.265383
0.02407863 0.972717 3.553862
-0.1084962 0.250269 3.455154
-0.1556599 0.3367554 3.436408
0.2294691 0.2625162 3.423835
0.2637068 0.3144405 3.415888
104
0.03648486 0.3908414 3.552536
0.03003112 0.7251682 3.557405
0.02196261 1.054111 3.54927
0.02854765 1.203926 3.558298
-0.1389784 0.9240816 3.529645
-0.1637238 0.6593425 3.532073
-0.1447022 0.3812045 3.437829
-0.1209857 0.3282614 3.450353
0.1897045 0.9257252 3.534672
0.2194967 0.663604 3.557898
0.225881 0.4016321 3.472
0.2041343 0.3024347 3.471696
-0.03968931 0.3963029 3.512176
-0.0841624 -0.09506745 3.551975
-0.07706216 -0.5112748 3.321543
0.04544855 -0.4588276 3.230588
0.112113 0.3980135 3.514334
0.159868 -0.1022396 3.566792
0.1770297 -0.5032855 3.427406
0.1842826 -0.4456764 3.262545
0.02404321 0.9726476 3.553812
-0.1087877 0.2507175 3.455121
-0.1573927 0.3386281 3.438863
0.2193854 0.2950906 3.465667
0.2436214 0.3094487 3.461512
105
0.03648486 0.3908414 3.552536
0.03003112 0.7251682 3.557405
0.02196261 1.054111 3.54927
0.02854765 1.203926 3.558298
-0.1389784 0.9240816 3.529645
-0.1637238 0.6593425 3.532073
-0.1447022 0.3812045 3.437829
-0.1209857 0.3282614 3.450353
0.1897045 0.9257252 3.534672
0.2194967 0.663604 3.557898
0.225881 0.4016321 3.472
0.2041343 0.3024347 3.471696
-0.03968931 0.3963029 3.512176
-0.0841624 -0.09506745 3.551975
-0.07706216 -0.5112748 3.321543
0.04544855 -0.4588276 3.230588
0.112113 0.3980135 3.514334
0.159868 -0.1022396 3.566792
0.1770297 -0.5032855 3.427406
0.1842826 -0.4456764 3.262545
0.02404321 0.9726476 3.553812
-0.1087877 0.2507175 3.455121
-0.1573927 0.3386281 3.438863
0.2193854 0.2950906 3.465667
0.2436214 0.3094487 3.461512
106
0.03646649 0.3907308 3.552586
0.02998364 0.7251059 3.557405
0.02192773 1.053936 3.548955
0.02841407 1.203745 3.557782
-0.1391053 0.923903 3.529715
-0.1641869 0.6639484 3.533641
-0.1448881 0.382424 3.438275
-0.1214047 0.3297426 3.450099
0.1891126 0.9258202 3.534823
0.2137635 0.6585824 3.558402
0.2039445 0.3698923 3.488726
0.1880422 0.2947265 3.491191
-0.03970747 0.3962039 3.512222
-0.08203406 -0.05764174 3.549091
-0.07713209 -0.5077868 3.325681
0.04533602 -0.4585889 3.22924
0.1120554 0.3976581 3.514577
0.1601079 -0.1064545 3.567497
0.1796032 -0.505194 3.424366
0.1807577 -0.4462446 3.2603
0.02399901 0.972519 3.553646
-0.109165 0.2510059 3.45508
-0.157439 0.3378197 3.439817
0.1870072 0.2829646 3.493184
0.2206794 0.3144062 3.481013
107
0.03646649 0.3907308 3.552586
0.02998364 0.7251059 3.557405
0.02192773 1.053936 3.548955
0.02841407 1.203745 3.557782
-0.1391053 0.923903 3.529715
-0.1641869 0.6639484 3.533641
-0.1448881 0.382424 3.438275
-0.1214047 0.3297426 3.450099
0.1891126 0.9258202 3.534823
0.2137635 0.6585824 3.558402
0.2039445 0.3698923 3.488726
0.1880422 0.2947265 3.491191
-0.03970747 0.3962039 3.512222
-0.08203406 -0.05764174 3.549091
-0.07713209 -0.5077868 3.325681
0.04533602 -0.4585889 3.22924
0.1120554 0.3976581 3.514577
0.1601079 -0.1064545 3.567497
0.1796032 -0.505194 3.424366
0.1807577 -0.4462446 3.2603
0.02399901 0.972519 3.553646
-0.109165 0.2510059 3.45508
-0.157439 0.3378197 3.439817
0.1870072 0.2829646 3.493184
0.2206794 0.3144062 3.481013
108
0.03645116 0.3906375 3.552624
0.02994709 0.7250507 3.557398
0.02193904 1.053781 3.548654
0.02836207 1.203447 3.556979
-0.1392182 0.9237428 3.529773
-0.1645253 0.6665769 3.534562
-0.1449903 0.3834128 3.438604
-0.1217316 0.3309189 3.449847
0.1886062 0.9258955 3.534919
0.2099644 0.6564484 3.557425
0.1978963 0.3715331 3.490942
0.1781059 0.3021224 3.498918
-0.03971867 0.396132 3.512248
-0.08346009 -0.08285984 3.550867
-0.07664785 -0.5106269 3.322208
0.0453724 -0.4584797 3.228288
0.1120029 0.3973751 3.514772
0.1603207 -0.1095497 3.567993
0.1802252 -0.5046421 3.424768
0.2125431 -0.4468652 3.269879
0.02398414 0.9724024 3.553478
-0.1093548 0.2511422 3.454843
-0.1576359 0.3375815 3.440536
0.1741354 0.3000321 3.483753
0.2124665 0.3182496 3.477172
109
0.03645116 0.3906375 3.552624
0.02994709 0.7250507 3.557398
0.02193904 1.053781 3.548654
0.02836207 1.203447 3.556979
-0.1392182 0.9237428 3.529773
-0.1645253 0.6665769 3.534562
-0.1449903 0.3834128 3.438604
-0.1217316 0.3309189 3.449847
0.1886062 0.9258955 3.534919
0.2099644 0.6564484 3.557425
0.1978963 0.3715331 3.490942
0.1781059 0.3021224 3.498918
-0.03971867 0.396132 3.512248
-0.08346009 -0.08285984 3.550867
-0.07664785 -0.5106269 3.322208
0.0453724 -0.4584797 3.228288
0.1120029 0.3973751 3.514772
0.1603207 -0.1095497 3.567993
0.1802252 -0.5046421 3.424768
0.2125431 -0.4468652 3.269879
0.02398414 0.9724024 3.553478
-0.1093548 0.2511422 3.454843
-0.1576359 0.3375815 3.440536
0.1741354 0.3000321 3.483753
0.2124665 0.3182496 3.477172
110
0.03644028 0.3905779 3.552653
0.02992199 0.7250103 3.557394
0.02198335 1.05366 3.54842
0.02837219 1.20317 3.556226
-0.1393199 0.9235982 3.529826
-0.1647886 0.6682965 3.535096
-0.145073 0.3842085 3.438885
-0.1220204 0.3318928 3.449667
0.1881793 0.9259565 3.534983
0.207456 0.6540924 3.557038
0.2094748 0.404186 3.48797
0.1800474 0.3239135 3.498079
-0.03972505 0.3960952 3.512258
-0.08423913 -0.09602147 3.551925
-0.075743 -0.5127105 3.3202
0.0462681 -0.4591718 3.2284
0.1119592 0.3971804 3.514956
0.1604458 -0.1115625 3.568335
0.1771786 -0.5055013 3.432007
0.2143363 -0.4496593 3.275205
0.02399315 0.9723105 3.553345
-0.10949 0.2511868 3.454649
-0.157903 0.3371251 3.440562
0.1801777 0.318008 3.489962
0.2190983 0.3323859 3.484196
111
0.03644028 0.3905779 3.552653
0.02992199 0.7250103 3.557394
0.02198335 1.05366 3.54842
0.02837219 1.20317 3.556226
-0.1393199 0.9235982 3.529826
-0.1647886 0.6682965 3.535096
-0.145073 0.3842085 3.438885
-0.1220204 0.3318928 3.449667
0.1881793 0.9259565 3.534983
0.207456 0.6540924 3.557038
0.2094748 0.404186 3.48797
0.1800474 0.3239135 3.498079
-0.03972505 0.3960952 3.512258
-0.08423913 -0.09602147 3.551925
-0.075743 -0.5127105 3.3202
0.0462681 -0.4591718 3.2284
0.1119592 0.3971804 3.514956
0.1604458 -0.1115625 3.568335
0.1771786 -0.5055013 3.432007
0.2143363 -0.4496593 3.275205
0.02399315 0.9723105 3.553345
-0.10949 0.2511868 3.454649
-0.157903 0.3371251 3.440562
0.1801777 0.318008 3.489962
0.2190983 0.3323859 3.484196
112
0.03642625 0.3905457 3.552774
0.02989925 0.7249793 3.557405
0.02201778 1.053558 3.548244
0.02841014 1.202942 3.555668
-0.1394152 0.9234571 3.529887
-0.1649417 0.6694732 3.535469
-0.1451356 0.3848818 3.439376
-0.1224111 0.3335498 3.450286
0.1878132 0.9260179 3.535039
0.2066204 0.6525969 3.556837
0.2154777 0.4166266 3.48922
0.1855313 0.3401675 3.498642
-0.03972819 0.3960754 3.512275
-0.08464684 -0.1044584 3.55316
-0.07098103 -0.5153858 3.317802
0.05023324 -0.4602645 3.228601
0.1118744 0.3970703 3.515501
0.1605071 -0.112955 3.568661
0.1743444 -0.5098726 3.435508
0.1902371 -0.4575411 3.281164
0.02399817 0.9722362 3.553252
-0.1089112 0.2526951 3.455399
-0.1583466 0.3371818 3.441468
0.1847752 0.3266599 3.493226
0.2275635 0.3549707 3.478758
113
0.03642625 0.3905457 3.552774
0.02989925 0.7249793 3.557405
0.02201778 1.053558 3.548244
0.02841014 1.202942 3.555668
-0.1394152 0.9234571 3.529887
-0.1649417 0.6694732 3.535469
-0.1451356 0.3848818 3.439376
-0.1224111 0.3335498 3.450286
0.1878132 0.9260179 3.535039
0.2066204 0.6525969 3.556837
0.2154777 0.4166266 3.48922
0.1855313 0.3401675 3.498642
-0.03972819 0.3960754 3.512275
-0.08464684 -0.1044584 3.55316
-0.07098103 -0.5153858 3.317802
0.05023324 -0.4602645 3.228601
0.1118744 0.3970703 3.515501
0.1605071 -0.112955 3.568661
0.1743444 -0.5098726 3.435508
0.1902371 -0.4575411 3.281164
0.02399817 0.9722362 3.553252
-0.1089112 0.2526951 3.455399
-0.1583466 0.3371818 3.441468
0.1847752 0.3266599 3.493226
0.2275635 0.3549707 3.478758
114
0.03641297 0.3905174 3.552903
0.0298801 0.724951 3.557419
0.02205733 1.053473 3.548098
0.02846428 1.20274 3.555186
-0.1395052 0.9233143 3.529942
-0.1795502 0.6829052 3.530582
-0.1503994 0.4318394 3.457872
-0.1289161 0.3768642 3.45131
0.1875053 0.9260702 3.535079
0.2071354 0.6519803 3.556583
0.2203793 0.4248081 3.488405
0.1918772 0.3528775 3.493345
-0.03973014 0.39606 3.51229
-0.08691169 -0.1562512 3.566913
-0.06652761 -0.5232116 3.30525
0.0516962 -0.4607342 3.226841
0.1117952 0.3969921 3.516028
0.1619522 -0.09557965 3.56754
0.1755815 -0.5033105 3.433157
0.178812 -0.4563193 3.290909
0.02400864 0.9721723 3.553175
-0.1249123 0.3091318 3.444498
-0.1613258 0.374921 3.437799
0.1953405 0.3329944 3.485577
0.2353898 0.3663044 3.465347
115
0.03641297 0.3905174 3.552903
0.0298801 0.724951 3.557419
0.02205733 1.053473 3.548098
0.02846428 1.20274 3.555186
-0.1395052 0.9233143 3.529942
-0.1795502 0.6829052 3.530582
-0.1503994 0.4318394 3.457872
-0.1289161 0.3768642 3.45131
0.1875053 0.9260702 3.535079
0.2071354 0.6519803 3.556583
0.2203793 0.4248081 3.488405
0.1918772 0.3528775 3.493345
-0.03973014 0.39606 3.51229
-0.08691169 -0.1562512 3.566913
-0.06652761 -0.5232116 3.30525
0.0516962 -0.4607342 3.226841
0.1117952 0.3969921 3.516028
0.1619522 -0.09557965 3.56754
0.1755815 -0.5033105 3.433157
0.178812 -0.4563193 3.290909
0.02400864 0.9721723 3.553175
-0.1249123 0.3091318 3.444498
-0.1613258 0.374921 3.437799
0.1953405 0.3329944 3.485577
0.2353898 0.3663044 3.465347
116
0.03639702 0.3904933 3.553036
0.0298628 0.7249243 3.557429
0.02211198 1.053373 3.547897
0.02852981 1.202564 3.554767
-0.1395842 0.9231869 3.529988
-0.1804881 0.6833503 3.530582
-0.1517335 0.4420932 3.462344
-0.1325306 0.3949004 3.451381
0.1872453 0.9261151 3.535105
0.2085659 0.6519975 3.556281
0.2238483 0.4298231 3.487343
0.1973434 0.3606618 3.488822
-0.0397329 0.3960482 3.512305
-0.08741874 -0.1481302 3.565583
-0.1278638 -0.4645959 3.207266
0.02137394 -0.4543627 3.181382
0.1117203 0.3969406 3.516514
0.1621529 -0.09689666 3.567627
0.1762521 -0.5011016 3.433153
0.1734061 -0.4556744 3.296309
0.02402695 0.9720967 3.553066
-0.139876 0.3382946 3.439049
-0.162923 0.3849205 3.437081
0.2169036 0.321835 3.476721
0.2413762 0.3770626 3.456002
117
0.03639702 0.3904933 3.553036
0.0298628 0.7249243 3.557429
0.02211198 1.053373 3.547897
0.02852981 1.202564 3.554767
-0.1395842 0.9231869 3.529988
-0.1804881 0.6833503 3.530582
-0.1517335 0.4420932 3.462344
-0.1325306 0.3949004 3.451381
0.1872453 0.9261151 3.535105
0.2085659 0.6519975 3.556281
0.2238483 0.4298231 3.487343
0.1973434 0.3606618 3.488822
-0.0397329 0.3960482 3.512305
-0.08741874 -0.1481302 3.565583
-0.1278638 -0.4645959 3.207266
0.02137394 -0.4543627 3.181382
0.1117203 0.3969406 3.516514
0.1621529 -0.09689666 3.567627
0.1762521 -0.5011016 3.433153
0.1734061 -0.4556744 3.296309
0.02402695 0.9720967 3.553066
-0.139876 0.3382946 3.439049
-0.162923 0.3849205 3.437081
0.2169036 0.321835 3.476721
0.2413762 0.3770626 3.456002
118
0.03638121 0.3904744 3.553169
0.02984514 0.7248995 3.557438
0.02214226 1.053281 3.547695
0.02861429 1.202418 3.554403
-0.1396544 0.9230684 3.530026
-0.179223 0.6816606 3.530721
-0.1523069 0.4484418 3.464916
-0.1341639 0.4042416 3.451543
0.1870263 0.9261538 3.535123
0.2103535 0.6524135 3.556015
0.2264076 0.4328825 3.486153
0.2018047 0.3666681 3.483521
-0.0397351 0.3960408 3.512319
-0.08736852 -0.1682888 3.568923
-0.09798248 -0.4950653 3.238187
0.03902967 -0.4575209 3.196695
0.1116518 0.3969076 3.516957
0.1622327 -0.0992108 3.567745
0.176898 -0.5012376 3.428875
0.1591268 -0.449026 3.275846
0.02403299 0.9720258 3.552952
-0.144152 0.3490451 3.437294
-0.1646416 0.3980556 3.438643
0.2295713 0.3166255 3.47235
0.2440844 0.3805007 3.451828
119
0.03638121 0.3904744 3.553169
0.02984514 0.7248995 3.557438
0.02214226 1.053281 3.547695
0.02861429 1.202418 3.554403
-0.1396544 0.9230684 3.530026
-0.179223 0.6816606 3.530721
-0.1523069 0.4484418 3.464916
-0.1341639 0.4042416 3.451543
0.1870263 0.9261538 3.535123
0.2103535 0.6524135 3.556015
0.2264076 0.4328825 3.486153
0.2018047 0.3666681 3.483521
-0.0397351 0.3960408 3.512319
-0.08736852 -0.1682888 3.568923
-0.09798248 -0.4950653 3.238187
0.03902967 -0.4575209 3.196695
0.1116518 0.3969076 3.516957
0.1622327 -0.0992108 3.567745
0.176898 -0.5012376 3.428875
0.1591268 -0.449026 3.275846
0.02403299 0.9720258 3.552952
-0.144152 0.3490451 3.437294
-0.1646416 0.3980556 3.438643
0.2295713 0.3166255 3.47235
0.2440844 0.3805007 3.451828
120
0.03636336 0.3904244 3.553324
0.02982493 0.7248677 3.557447
0.02216159 1.053187 3.547477
0.02869791 1.202303 3.5541
-0.1397161 0.9229575 3.530059
-0.1773032 0.679222 3.530829
-0.1494149 0.4180332 3.453435
-0.1321107 0.3851208 3.452009
0.1868417 0.9261845 3.535134
0.2121728 0.6529781 3.555863
0.2289601 0.4356942 3.484728
0.2050908 0.3715308 3.479907
-0.03973746 0.3960359 3.512334
-0.08733465 -0.1768235 3.570286
-0.0992448 -0.4989561 3.245193
0.04026862 -0.457778 3.199279
0.1116012 0.3966923 3.517472
0.1622027 -0.1026087 3.568172
0.1775911 -0.5034428 3.424489
0.1659601 -0.4460456 3.263122
0.02403312 0.9719492 3.552825
-0.1262026 0.2862573 3.451562
-0.1633634 0.3620856 3.445439
0.230544 0.3196326 3.469541
0.245788 0.3789353 3.44848
121
0.03636336 0.3904244 3.553324
0.02982493 0.7248677 3.557447
0.02216159 1.053187 3.547477
0.02869791 1.202303 3.5541
-0.1397161 0.9229575 3.530059
-0.1773032 0.679222 3.530829
-0.1494149 0.4180332 3.453435
-0.1321107 0.3851208 3.452009
0.1868417 0.9261845 3.535134
0.2121728 0.6529781 3.555863
0.2289601 0.4356942 3.484728
0.2050908 0.3715308 3.479907
-0.03973746 0.3960359 3.512334
-0.08733465 -0.1768235 3.570286
-0.0992448 -0.4989561 3.245193
0.04026862 -0.457778 3.199279
0.1116012 0.3966923 3.517472
0.1622027 -0.1026087 3.568172
0.1775911 -0.5034428 3.424489
0.1659601 -0.4460456 3.263122
0.02403312 0.9719492 3.552825
-0.1262026 0.2862573 3.451562
-0.1633634 0.3620856 3.445439
0.230544 0.3196326 3.469541
0.245788 0.3789353 3.44848
122
0.03634479 0.3903626 3.553481
0.02980371 0.724833 3.557456
0.02217467 1.0531 3.547267
0.02880805 1.202233 3.553811
-0.1397675 0.9228567 3.530083
-0.1753404 0.6769325 3.531001
-0.1478708 0.4236534 3.452937
-0.1319391 0.3844843 3.451408
0.186686 0.9262119 3.535141
0.2138929 0.6538439 3.555921
0.2302818 0.436688 3.483299
0.2070235 0.3738599 3.477816
-0.03973985 0.3960331 3.512346
-0.08735345 -0.1818436 3.571138
-0.09644067 -0.5183769 3.266351
0.02309781 -0.4555618 3.193429
0.1115583 0.3964232 3.517975
0.1620623 -0.1043696 3.568265
0.1779923 -0.5046498 3.421657
0.1716981 -0.4442358 3.256026
0.02403035 0.9718748 3.552698
-0.1271506 0.2976115 3.449379
-0.1638296 0.3598871 3.446062
0.2312962 0.3208427 3.46787
0.2462169 0.3691482 3.449424
123
0.03634479 0.3903626 3.553481
0.02980371 0.724833 3.557456
0.02217467 1.0531 3.547267
0.02880805 1.202233 3.553811
-0.1397675 0.9228567 3.530083
-0.1753404 0.6769325 3.531001
-0.1478708 0.4236534 3.452937
-0.1319391 0.3844843 3.451408
0.186686 0.9262119 3.535141
0.2138929 0.6538439 3.555921
0.2302818 0.436688 3.483299
0.2070235 0.3738599 3.477816
-0.03973985 0.3960331 3.512346
-0.08735345 -0.1818436 3.571138
-0.09644067 -0.5183769 3.266351
0.02309781 -0.4555618 3.193429
0.1115583 0.3964232 3.517975
0.1620623 -0.1043696 3.568265
0.1779923 -0.5046498 3.421657
0.1716981 -0.4442358 3.256026
0.02403035 0.9718748 3.552698
-0.1271506 0.2976115 3.449379
-0.1638296 0.3598871 3.446062
0.2312962 0.3208427 3.46787
0.2462169 0.3691482 3.449424
124
0.03631933 0.390301 3.553633
0.02978249 0.7247978 3.557464
0.02218759 1.053018 3.547074
0.02892432 1.202173 3.55356
-0.1398138 0.9227605 3.5301
-0.1735038 0.6749309 3.531157
-0.1467637 0.42884 3.452797
-0.1314193 0.3838712 3.450179
0.1865564 0.9262341 3.535145
0.2153357 0.6546855 3.555986
0.2315362 0.4381081 3.481972
0.2082712 0.3763342 3.475419
-0.03974383 0.396031 3.512359
-0.08318709 -0.1069084 3.55819
-0.09750569 -0.5226626 3.289374
-0.03815436 -0.4615975 3.191769
0.111498 0.3962026 3.518402
0.1619466 -0.1058616 3.568351
0.1781653 -0.5077167 3.417785
0.1818392 -0.4448714 3.250449
0.02402806 0.9718035 3.552577
-0.1259418 0.2987643 3.448892
-0.1643447 0.3573626 3.443659
0.2253923 0.3260421 3.465
0.2449066 0.3663987 3.44764
125
0.03631933 0.390301 3.553633
0.02978249 0.7247978 3.557464
0.02218759 1.053018 3.547074
0.02892432 1.202173 3.55356
-0.1398138 0.9227605 3.5301
-0.1735038 0.6749309 3.531157
-0.1467637 0.42884 3.452797
-0.1314193 0.3838712 3.450179
0.1865564 0.9262341 3.535145
0.2153357 0.6546855 3.555986
0.2315362 0.4381081 3.481972
0.2082712 0.3763342 3.475419
-0.03974383 0.396031 3.512359
-0.08318709 -0.1069084 3.55819
-0.09750569 -0.5226626 3.289374
-0.03815436 -0.4615975 3.191769
0.111498 0.3962026 3.518402
0.1619466 -0.1058616 3.568351
0.1781653 -0.5077167 3.417785
0.1818392 -0.4448714 3.250449
0.02402806 0.9718035 3.552577
-0.1259418 0.2987643 3.448892
-0.1643447 0.3573626 3.443659
0.2253923 0.3260421 3.465
0.2449066 0.3663987 3.44764
126
0.03629483 0.390243 3.553775
0.02976201 0.7247632 3.557472
0.02219876 1.052943 3.546904
0.02903477 1.202124 3.553351
-0.1398545 0.9226685 3.530113
-0.1719723 0.6732932 3.531303
-0.1446187 0.3992704 3.44379
-0.129991 0.3683745 3.450479
0.1864496 0.9262519 3.535148
0.2166286 0.6558245 3.555995
0.2320067 0.439237 3.480953
0.2091074 0.377978 3.474223
-0.03974784 0.3960303 3.512372
-0.08533887 -0.1354075 3.563729
-0.09589604 -0.531949 3.289415
-0.08289279 -0.4648009 3.191847
0.1114461 0.3960127 3.518766
0.1618566 -0.1069283 3.568496
0.178448 -0.5125493 3.414281
0.1789237 -0.4492429 3.247822
0.02402594 0.9717366 3.552468
-0.1205753 0.2946981 3.451324
-0.1630077 0.3502154 3.442697
0.2207899 0.3294061 3.464352
0.2434261 0.3653723 3.447467
127
0.03629483 0.390243 3.553775
0.02976201 0.7247632 3.557472
0.02219876 1.052943 3.546904
0.02903477 1.202124 3.553351
-0.1398545 0.9226685 3.530113
-0.1719723 0.6732932 3.531303
-0.1446187 0.3992704 3.44379
-0.129991 0.3683745 3.450479
0.1864496 0.9262519 3.535148
0.2166286 0.6558245 3.555995
0.2320067 0.439237 3.480953
0.2091074 0.377978 3.474223
-0.03974784 0.3960303 3.512372
-0.08533887 -0.1354075 3.563729
-0.09589604 -0.531949 3.289415
-0.08289279 -0.4648009 3.191847
0.1114461 0.3960127 3.518766
0.1618566 -0.1069283 3.568496
0.178448 -0.5125493 3.414281
0.1789237 -0.4492429 3.247822
0.02402594 0.9717366 3.552468
-0.1205753 0.2946981 3.451324
-0.1630077 0.3502154 3.442697
0.2207899 0.3294061 3.464352
0.2434261 0.3653723 3.447467
128
0.03627363 0.3901966 3.553901
0.02974428 0.7247326 3.557477
0.0222115 1.052875 3.546746
0.02914692 1.202077 3.553169
-0.1398907 0.922578 3.530118
-0.1707285 0.6719971 3.531302
-0.1437855 0.3865813 3.439978
-0.1282203 0.3565454 3.449969
0.1863588 0.9262664 3.53515
0.2175845 0.6567338 3.555921
0.232094 0.4398792 3.4796
0.2097028 0.3790763 3.472965
-0.03975141 0.3960325 3.512383
-0.08595452 -0.1203218 3.558949
-0.1465663 -0.4858034 3.201156
-0.2244101 -0.443123 3.170746
0.1114054 0.3958737 3.519057
0.1617607 -0.1078467 3.56865
0.177186 -0.5102051 3.426146
0.1840989 -0.4511267 3.260087
0.02402629 0.971675 3.552363
-0.1176268 0.2901779 3.451793
-0.1554535 0.3324435 3.440701
0.2169039 0.3320748 3.462801
0.2418751 0.3638909 3.445953
