124
1
-0.03742958 0.5727767 4.050172
-0.04901704 0.8401629 4.068236
-0.05969834 1.102498 4.07413
-0.06216732 1.24514 4.070148
-0.2245626 0.9751631 4.048923
-0.2668085 0.735226 4.038349
-0.2381998 0.5236909 3.956937
-0.2098411 0.4587187 3.930073
0.1147338 0.9820046 4.074418
0.1803627 0.7326184 4.09262
0.1744595 0.5258055 3.994197
0.1601635 0.4524627 3.955559
-0.1088707 0.5710309 4.014894
-0.1475544 0.0841232 4.047495
-0.1583281 -0.1898939 4.085957
-0.1746449 -0.2038477 3.981975
0.03486748 0.5799618 4.020842
0.04984233 0.09552774 4.046683
0.07014237 -0.3123846 4.067715
0.03729265 -0.3196785 3.957955
-0.05723882 1.037587 4.074801
-0.1982689 0.3840388 3.891072
-0.1775284 0.4700291 3.912565
0.1615848 0.3851581 3.919002
0.114032 0.4532828 3.934008
2
-0.03742958 0.5727767 4.050172
-0.04901704 0.8401629 4.068236
-0.05969834 1.102498 4.07413
-0.06216732 1.24514 4.070148
-0.2245626 0.9751631 4.048923
-0.2668085 0.735226 4.038349
-0.2381998 0.5236909 3.956937
-0.2098411 0.4587187 3.930073
0.1147338 0.9820046 4.074418
0.1803627 0.7326184 4.09262
0.1744595 0.5258055 3.994197
0.1601635 0.4524627 3.955559
-0.1088707 0.5710309 4.014894
-0.1475544 0.0841232 4.047495
-0.1583281 -0.1898939 4.085957
-0.1746449 -0.2038477 3.981975
0.03486748 0.5799618 4.020842
0.04984233 0.09552774 4.046683
0.07014237 -0.3123846 4.067715
0.03729265 -0.3196785 3.957955
-0.05723882 1.037587 4.074801
-0.1982689 0.3840388 3.891072
-0.1775284 0.4700291 3.912565
0.1615848 0.3851581 3.919002
0.114032 0.4532828 3.934008
3
-0.03738285 0.5723175 4.049892
-0.04875063 0.839707 4.067868
-0.05929804 1.102189 4.07374
-0.06177608 1.244977 4.069658
-0.2243861 0.9746614 4.048963
-0.265227 0.7338194 4.037366
-0.2366978 0.5213281 3.955329
-0.2092823 0.4558765 3.929524
0.1148383 0.9818306 4.073755
0.1801193 0.7329047 4.090446
0.175859 0.5275325 3.989945
0.16114 0.4536854 3.953889
-0.10883 0.5703538 4.014653
-0.1473858 0.08349997 4.047814
-0.1584246 -0.1926387 4.086313
-0.1760757 -0.2067579 3.979981
0.03487067 0.5797416 4.020434
0.04991839 0.09502559 4.046496
0.0703699 -0.3222917 4.065671
0.02241744 -0.3284219 3.9834
-0.05686756 1.037217 4.074421
-0.1975331 0.379183 3.891855
-0.1768059 0.4659916 3.911689
0.1639308 0.3858893 3.917489
0.1158164 0.4564778 3.936448
4
-0.03738285 0.5723175 4.049892
-0.04875063 0.839707 4.067868
-0.05929804 1.102189 4.07374
-0.06177608 1.244977 4.069658
-0.2243861 0.9746614 4.048963
-0.265227 0.7338194 4.037366
-0.2366978 0.5213281 3.955329
-0.2092823 0.4558765 3.929524
0.1148383 0.9818306 4.073755
0.1801193 0.7329047 4.090446
0.175859 0.5275325 3.989945
0.16114 0.4536854 3.953889
-0.10883 0.5703538 4.014653
-0.1473858 0.08349997 4.047814
-0.1584246 -0.1926387 4.086313
-0.1760757 -0.2067579 3.979981
0.03487067 0.5797416 4.020434
0.04991839 0.09502559 4.046496
0.0703699 -0.3222917 4.065671
0.02241744 -0.3284219 3.9834
-0.05686756 1.037217 4.074421
-0.1975331 0.379183 3.891855
-0.1768059 0.4659916 3.911689
0.1639308 0.3858893 3.917489
0.1158164 0.4564778 3.936448
5
-0.03738542 0.5718509 4.049581
-0.04851747 0.8392867 4.067509
-0.05892459 1.101906 4.073371
-0.06127551 1.244732 4.069045
-0.2242213 0.9742164 4.049004
-0.2641257 0.7328083 4.036676
-0.2358288 0.5198538 3.954387
-0.2133634 0.4602985 3.933852
0.1149755 0.9816762 4.073082
0.1799198 0.733179 4.088804
0.1763117 0.5289017 3.986788
0.1617142 0.4542117 3.953084
-0.1088465 0.5696594 4.01438
-0.1472213 0.08300073 4.048081
-0.1584562 -0.1930088 4.086318
-0.1764528 -0.2070612 3.979592
0.03483456 0.5795257 4.02
0.04997632 0.09452255 4.046351
0.07047235 -0.3209893 4.065726
0.01776938 -0.327302 3.986099
-0.05652576 1.036881 4.074059
-0.2102182 0.3828309 3.904583
-0.1788224 0.4653311 3.913379
0.1654251 0.3863723 3.915916
0.1171335 0.4561955 3.937375
6
-0.03738542 0.5718509 4.049581
-0.04851747 0.8392867 4.067509
-0.05892459 1.101906 4.073371
-0.06127551 1.244732 4.069045
-0.2242213 0.9742164 4.049004
-0.2641257 0.7328083 4.036676
-0.2358288 0.5198538 3.954387
-0.2133634 0.4602985 3.933852
0.1149755 0.9816762 4.073082
0.1799198 0.733179 4.088804
0.1763117 0.5289017 3.986788
0.1617142 0.4542117 3.953084
-0.1088465 0.5696594 4.01438
-0.1472213 0.08300073 4.048081
-0.1584562 -0.1930088 4.086318
-0.1764528 -0.2070612 3.979592
0.03483456 0.5795257 4.02
0.04997632 0.09452255 4.046351
0.07047235 -0.3209893 4.065726
0.01776938 -0.327302 3.986099
-0.05652576 1.036881 4.074059
-0.2102182 0.3828309 3.904583
-0.1788224 0.4653311 3.913379
0.1654251 0.3863723 3.915916
0.1171335 0.4561955 3.937375
7
-0.03872408 0.5709069 4.048742
-0.04842699 0.8388765 4.067123
-0.05857918 1.101654 4.073028
-0.06080079 1.24452 4.068361
-0.2240654 0.9738094 4.049021
-0.2633515 0.7320753 4.036156
-0.2353946 0.5186654 3.953685
-0.2151855 0.4592877 3.934755
0.1151114 0.9815534 4.072497
0.1797993 0.7334867 4.087557
0.1767921 0.5294288 3.984967
0.1625787 0.4551093 3.95327
-0.1098743 0.5687822 4.013808
-0.1470987 0.08255383 4.048277
-0.1582432 -0.1882369 4.085651
-0.1745138 -0.2016494 3.983622
0.03305127 0.5786565 4.018712
0.05001547 0.09400921 4.046259
0.06896039 -0.2883111 4.064252
0.002279127 -0.2958605 3.974053
-0.0562253 1.036583 4.073727
-0.2139074 0.3795689 3.9086
-0.1798101 0.4632665 3.914362
0.1668288 0.3874525 3.920894
0.1178328 0.4565044 3.937511
8
-0.03872408 0.5709069 4.048742
-0.04842699 0.8388765 4.067123
-0.05857918 1.101654 4.073028
-0.06080079 1.24452 4.068361
-0.2240654 0.9738094 4.049021
-0.2633515 0.7320753 4.036156
-0.2353946 0.5186654 3.953685
-0.2151855 0.4592877 3.934755
0.1151114 0.9815534 4.072497
0.1797993 0.7334867 4.087557
0.1767921 0.5294288 3.984967
0.1625787 0.4551093 3.95327
-0.1098743 0.5687822 4.013808
-0.1470987 0.08255383 4.048277
-0.1582432 -0.1882369 4.085651
-0.1745138 -0.2016494 3.983622
0.03305127 0.5786565 4.018712
0.05001547 0.09400921 4.046259
0.06896039 -0.2883111 4.064252
0.002279127 -0.2958605 3.974053
-0.0562253 1.036583 4.073727
-0.2139074 0.3795689 3.9086
-0.1798101 0.4632665 3.914362
0.1668288 0.3874525 3.920894
0.1178328 0.4565044 3.937511
9
-0.03993274 0.5700347 4.048011
-0.04837039 0.8384958 4.066761
-0.05826883 1.101432 4.072716
-0.06031625 1.244375 4.0677
-0.2239247 0.9734498 4.049028
-0.2628425 0.731463 4.035757
-0.236483 0.5177686 3.954244
-0.2188599 0.4538292 3.936837
0.1152572 0.9814163 4.071919
0.1797659 0.7336693 4.086627
0.1771987 0.5300012 3.983558
0.163398 0.4553303 3.955135
-0.1108416 0.5679377 4.013271
-0.1465023 0.084824 4.045653
-0.1580939 -0.1862684 4.08533
-0.1743928 -0.2005396 3.983063
0.03152326 0.577888 4.017659
0.05007639 0.09354202 4.046188
0.06842072 -0.2762612 4.063737
-0.002698641 -0.2843476 3.967676
-0.05595995 1.036319 4.073424
-0.2149571 0.3748667 3.911118
-0.1820808 0.4597286 3.919218
0.1701405 0.3880401 3.92621
0.1196638 0.4501703 3.92649
10
-0.03993274 0.5700347 4.048011
-0.04837039 0.8384958 4.066761
-0.05826883 1.101432 4.072716
-0.06031625 1.244375 4.0677
-0.2239247 0.9734498 4.049028
-0.2628425 0.731463 4.035757
-0.236483 0.5177686 3.954244
-0.2188599 0.4538292 3.936837
0.1152572 0.9814163 4.071919
0.1797659 0.7336693 4.086627
0.1771987 0.5300012 3.983558
0.163398 0.4553303 3.955135
-0.1108416 0.5679377 4.013271
-0.1465023 0.084824 4.045653
-0.1580939 -0.1862684 4.08533
-0.1743928 -0.2005396 3.983063
0.03152326 0.577888 4.017659
0.05007639 0.09354202 4.046188
0.06842072 -0.2762612 4.063737
-0.002698641 -0.2843476 3.967676
-0.05595995 1.036319 4.073424
-0.2149571 0.3748667 3.911118
-0.1820808 0.4597286 3.919218
0.1701405 0.3880401 3.92621
0.1196638 0.4501703 3.92649
11
-0.04135933 0.5692633 4.047235
-0.0484113 0.8381377 4.066354
-0.05798085 1.101235 4.072395
-0.05976122 1.24424 4.06694
-0.2237983 0.9731321 4.049027
-0.2625686 0.7309446 4.03546
-0.2384717 0.5168997 3.955661
-0.2220606 0.4507527 3.938697
0.1154584 0.9812556 4.071221
0.1797565 0.7337532 4.085863
0.1776459 0.5303204 3.982585
0.1643486 0.4545101 3.95759
-0.1119889 0.5672344 4.01272
-0.1462489 0.08481575 4.045294
-0.1580598 -0.1858464 4.085225
-0.1743505 -0.2002115 3.983037
0.02977042 0.5771865 4.016553
0.05010982 0.09315429 4.046109
0.06880456 -0.2845287 4.06419
0.009772756 -0.2924607 3.959541
-0.05573014 1.036085 4.073113
-0.2177266 0.3723493 3.915104
-0.1839443 0.4591281 3.922673
0.1697355 0.3865993 3.927027
0.1211587 0.4522977 3.931156
12
-0.04135933 0.5692633 4.047235
-0.0484113 0.8381377 4.066354
-0.05798085 1.101235 4.072395
-0.05976122 1.24424 4.06694
-0.2237983 0.9731321 4.049027
-0.2625686 0.7309446 4.03546
-0.2384717 0.5168997 3.955661
-0.2220606 0.4507527 3.938697
0.1154584 0.9812556 4.071221
0.1797565 0.7337532 4.085863
0.1776459 0.5303204 3.982585
0.1643486 0.4545101 3.95759
-0.1119889 0.5672344 4.01272
-0.1462489 0.08481575 4.045294
-0.1580598 -0.1858464 4.085225
-0.1743505 -0.2002115 3.983037
0.02977042 0.5771865 4.016553
0.05010982 0.09315429 4.046109
0.06880456 -0.2845287 4.06419
0.009772756 -0.2924607 3.959541
-0.05573014 1.036085 4.073113
-0.2177266 0.3723493 3.915104
-0.1839443 0.4591281 3.922673
0.1697355 0.3865993 3.927027
0.1211587 0.4522977 3.931156
13
-0.04292718 0.568538 4.046505
-0.04858731 0.8377224 4.065845
-0.0576735 1.100975 4.071928
-0.059201 1.24415 4.066053
-0.2236934 0.9728325 4.049018
-0.2625399 0.7304919 4.035286
-0.242671 0.5163108 3.956863
-0.2281775 0.4449497 3.941289
0.1156437 0.981113 4.07059
0.1797629 0.7338084 4.085285
0.1785326 0.5302956 3.982566
0.1674449 0.4523713 3.962662
-0.1133241 0.5666187 4.012157
-0.1460058 0.08494481 4.044923
-0.1581765 -0.1890876 4.085676
-0.1743906 -0.2041093 3.979825
0.02796965 0.5764886 4.015594
0.05010946 0.09274913 4.046069
0.06793413 -0.2684982 4.063328
0.00981871 -0.2768181 3.9492
-0.05551933 1.035798 4.072682
-0.2212021 0.3687995 3.917072
-0.1880462 0.4572874 3.926996
0.1703656 0.385206 3.928597
0.1269892 0.4534684 3.941495
14
-0.04292718 0.568538 4.046505
-0.04858731 0.8377224 4.065845
-0.0576735 1.100975 4.071928
-0.059201 1.24415 4.066053
-0.2236934 0.9728325 4.049018
-0.2625399 0.7304919 4.035286
-0.242671 0.5163108 3.956863
-0.2281775 0.4449497 3.941289
0.1156437 0.981113 4.07059
0.1797629 0.7338084 4.085285
0.1785326 0.5302956 3.982566
0.1674449 0.4523713 3.962662
-0.1133241 0.5666187 4.012157
-0.1460058 0.08494481 4.044923
-0.1581765 -0.1890876 4.085676
-0.1743906 -0.2041093 3.979825
0.02796965 0.5764886 4.015594
0.05010946 0.09274913 4.046069
0.06793413 -0.2684982 4.063328
0.00981871 -0.2768181 3.9492
-0.05551933 1.035798 4.072682
-0.2212021 0.3687995 3.917072
-0.1880462 0.4572874 3.926996
0.1703656 0.385206 3.928597
0.1269892 0.4534684 3.941495
15
-0.04428213 0.5679859 4.045909
-0.04880694 0.8373452 4.065291
-0.05724252 1.100695 4.071121
-0.05865718 1.24404 4.065139
-0.2236013 0.9725778 4.049006
-0.26275 0.7300981 4.035228
-0.2472456 0.5160068 3.957738
-0.234177 0.445107 3.945077
0.1158231 0.9809847 4.07002
0.179776 0.7338287 4.084845
0.1797196 0.5296544 3.983957
0.1695911 0.4495381 3.966663
-0.1145293 0.5662454 4.011685
-0.1456835 0.08602461 4.043956
-0.1577613 -0.1867808 4.08558
-0.1750514 -0.2021443 3.979871
0.02643931 0.5759085 4.014828
0.05010628 0.09235316 4.046038
0.06804246 -0.2738495 4.063411
0.01351832 -0.2821133 3.945511
-0.05526656 1.035499 4.072018
-0.2307971 0.3711259 3.919412
-0.1930605 0.4591234 3.933248
0.1687396 0.3786291 3.934045
0.129684 0.452101 3.945976
16
-0.04428213 0.5679859 4.045909
-0.04880694 0.8373452 4.065291
-0.05724252 1.100695 4.071121
-0.05865718 1.24404 4.065139
-0.2236013 0.9725778 4.049006
-0.26275 0.7300981 4.035228
-0.2472456 0.5160068 3.957738
-0.234177 0.445107 3.945077
0.1158231 0.9809847 4.07002
0.179776 0.7338287 4.084845
0.1797196 0.5296544 3.983957
0.1695911 0.4495381 3.966663
-0.1145293 0.5662454 4.011685
-0.1456835 0.08602461 4.043956
-0.1577613 -0.1867808 4.08558
-0.1750514 -0.2021443 3.979871
0.02643931 0.5759085 4.014828
0.05010628 0.09235316 4.046038
0.06804246 -0.2738495 4.063411
0.01351832 -0.2821133 3.945511
-0.05526656 1.035499 4.072018
-0.2307971 0.3711259 3.919412
-0.1930605 0.4591234 3.933248
0.1687396 0.3786291 3.934045
0.129684 0.452101 3.945976
17
-0.04544531 0.5675371 4.045461
-0.04905468 0.8370029 4.064769
-0.0568607 1.100448 4.070325
-0.0580811 1.243908 4.0641
-0.2235095 0.9723597 4.048972
-0.2634694 0.7299631 4.035464
-0.2546333 0.5160434 3.960636
-0.241736 0.4406752 3.948725
0.1159804 0.9808749 4.06952
0.1797892 0.7337737 4.084521
0.1815141 0.5247661 3.987964
0.1714656 0.4450711 3.972639
-0.1155838 0.5659648 4.011309
-0.1453689 0.08683928 4.04329
-0.1571095 -0.1835349 4.085519
-0.1759727 -0.1990092 3.9812
0.02515755 0.5754187 4.014288
0.05018274 0.0921118 4.045811
0.06864543 -0.2895928 4.064128
0.02330561 -0.2974134 3.946861
-0.05505485 1.03523 4.07136
-0.2433339 0.3666415 3.923164
-0.2018698 0.4500432 3.937582
0.1699718 0.3704372 3.94854
0.1322563 0.454661 3.953657
18
-0.04544531 0.5675371 4.045461
-0.04905468 0.8370029 4.064769
-0.0568607 1.100448 4.070325
-0.0580811 1.243908 4.0641
-0.2235095 0.9723597 4.048972
-0.2634694 0.7299631 4.035464
-0.2546333 0.5160434 3.960636
-0.241736 0.4406752 3.948725
0.1159804 0.9808749 4.06952
0.1797892 0.7337737 4.084521
0.1815141 0.5247661 3.987964
0.1714656 0.4450711 3.972639
-0.1155838 0.5659648 4.011309
-0.1453689 0.08683928 4.04329
-0.1571095 -0.1835349 4.085519
-0.1759727 -0.1990092 3.9812
0.02515755 0.5754187 4.014288
0.05018274 0.0921118 4.045811
0.06864543 -0.2895928 4.064128
0.02330561 -0.2974134 3.946861
-0.05505485 1.03523 4.07136
-0.2433339 0.3666415 3.923164
-0.2018698 0.4500432 3.937582
0.1699718 0.3704372 3.94854
0.1322563 0.454661 3.953657
19
-0.0464586 0.5671588 4.045156
-0.04935513 0.8366689 4.064225
-0.05650558 1.100178 4.06912
-0.05732199 1.243818 4.062292
-0.2234302 0.972175 4.048905
-0.2654431 0.7308384 4.03552
-0.2623677 0.5172995 3.964115
-0.2478345 0.4406101 3.952101
0.116135 0.9807692 4.069007
0.1798095 0.7337038 4.084275
0.1828256 0.5206801 3.99115
0.1727894 0.4423102 3.976117
-0.1165153 0.5657258 4.011041
-0.1450118 0.08766601 4.042528
-0.1563184 -0.1752406 4.084085
-0.1744854 -0.1901941 3.98454
0.02406574 0.5750132 4.013943
0.05024112 0.09193374 4.045484
0.06885727 -0.2993056 4.064519
0.02967137 -0.3068501 3.947779
-0.05489412 1.034934 4.070422
-0.2495327 0.3681851 3.927883
-0.2069756 0.4488743 3.942457
0.1709264 0.3664363 3.956029
0.1337177 0.4542473 3.955935
20
-0.0464586 0.5671588 4.045156
-0.04935513 0.8366689 4.064225
-0.05650558 1.100178 4.06912
-0.05732199 1.243818 4.062292
-0.2234302 0.972175 4.048905
-0.2654431 0.7308384 4.03552
-0.2623677 0.5172995 3.964115
-0.2478345 0.4406101 3.952101
0.116135 0.9807692 4.069007
0.1798095 0.7337038 4.084275
0.1828256 0.5206801 3.99115
0.1727894 0.4423102 3.976117
-0.1165153 0.5657258 4.011041
-0.1450118 0.08766601 4.042528
-0.1563184 -0.1752406 4.084085
-0.1744854 -0.1901941 3.98454
0.02406574 0.5750132 4.013943
0.05024112 0.09193374 4.045484
0.06885727 -0.2993056 4.064519
0.02967137 -0.3068501 3.947779
-0.05489412 1.034934 4.070422
-0.2495327 0.3681851 3.927883
-0.2069756 0.4488743 3.942457
0.1709264 0.3664363 3.956029
0.1337177 0.4542473 3.955935
21
-0.04727084 0.5668489 4.044933
-0.04979048 0.8362792 4.06334
-0.05633931 1.099954 4.065497
-0.05601259 1.244147 4.057322
-0.2233375 0.9719092 4.048381
-0.2685648 0.73237 4.034775
-0.2681122 0.5187579 3.965133
-0.2530193 0.4374349 3.952443
0.1163349 0.980714 4.068026
0.179819 0.7335363 4.084036
0.1837261 0.5175356 3.993224
0.1734219 0.4405842 3.977749
-0.1172802 0.5655037 4.010826
-0.1444201 0.09038092 4.03638
-0.155401 -0.1649105 4.078066
-0.1726015 -0.1795278 3.984016
0.02321117 0.5746937 4.013708
0.05043145 0.09199984 4.043969
0.06859522 -0.3065412 4.063387
0.0460732 -0.3134666 3.942319
-0.05493041 1.034591 4.06776
-0.2534122 0.3664357 3.929409
-0.2107889 0.4462264 3.944486
0.1712476 0.3640581 3.961089
0.1390254 0.4385065 3.95049
22
-0.04727084 0.5668489 4.044933
-0.04979048 0.8362792 4.06334
-0.05633931 1.099954 4.065497
-0.05601259 1.244147 4.057322
-0.2233375 0.9719092 4.048381
-0.2685648 0.73237 4.034775
-0.2681122 0.5187579 3.965133
-0.2530193 0.4374349 3.952443
0.1163349 0.980714 4.068026
0.179819 0.7335363 4.084036
0.1837261 0.5175356 3.993224
0.1734219 0.4405842 3.977749
-0.1172802 0.5655037 4.010826
-0.1444201 0.09038092 4.03638
-0.155401 -0.1649105 4.078066
-0.1726015 -0.1795278 3.984016
0.02321117 0.5746937 4.013708
0.05043145 0.09199984 4.043969
0.06859522 -0.3065412 4.063387
0.0460732 -0.3134666 3.942319
-0.05493041 1.034591 4.06776
-0.2534122 0.3664357 3.929409
-0.2107889 0.4462264 3.944486
0.1712476 0.3640581 3.961089
0.1390254 0.4385065 3.95049
23
-0.04854306 0.5659125 4.046786
-0.05022806 0.8358542 4.062692
-0.05631663 1.099636 4.062364
-0.05503231 1.244042 4.052895
-0.2232572 0.9716509 4.047843
-0.2719086 0.7335587 4.034265
-0.2724214 0.5185872 3.966201
-0.2594538 0.4326768 3.95623
0.1165116 0.9806581 4.067123
0.1797992 0.7332661 4.08391
0.1842941 0.5144787 3.995376
0.1736355 0.4382326 3.981055
-0.1184971 0.5646115 4.012429
-0.1440744 0.09346485 4.030668
-0.1549424 -0.1595201 4.072695
-0.1725533 -0.1739012 3.981575
0.02191439 0.5738369 4.01589
0.050656 0.09231331 4.042038
0.06848937 -0.3162026 4.062792
0.05412369 -0.3227878 3.945511
-0.05504747 1.034203 4.065438
-0.2576666 0.3636145 3.933258
-0.2191693 0.4401284 3.952883
0.1726698 0.3601275 3.965061
0.1387103 0.4369273 3.952613
24
-0.04854306 0.5659125 4.046786
-0.05022806 0.8358542 4.062692
-0.05631663 1.099636 4.062364
-0.05503231 1.244042 4.052895
-0.2232572 0.9716509 4.047843
-0.2719086 0.7335587 4.034265
-0.2724214 0.5185872 3.966201
-0.2594538 0.4326768 3.95623
0.1165116 0.9806581 4.067123
0.1797992 0.7332661 4.08391
0.1842941 0.5144787 3.995376
0.1736355 0.4382326 3.981055
-0.1184971 0.5646115 4.012429
-0.1440744 0.09346485 4.030668
-0.1549424 -0.1595201 4.072695
-0.1725533 -0.1739012 3.981575
0.02191439 0.5738369 4.01589
0.050656 0.09231331 4.042038
0.06848937 -0.3162026 4.062792
0.05412369 -0.3227878 3.945511
-0.05504747 1.034203 4.065438
-0.2576666 0.3636145 3.933258
-0.2191693 0.4401284 3.952883
0.1726698 0.3601275 3.965061
0.1387103 0.4369273 3.952613
25
-0.05015698 0.5641958 4.050344
-0.05082624 0.835184 4.062018
-0.05688402 1.098211 4.056592
-0.0541189 1.242172 4.043804
-0.2232101 0.9710417 4.046134
-0.2761316 0.734266 4.032551
-0.2763623 0.5158843 3.965497
-0.264741 0.427533 3.95381
0.1167733 0.9804137 4.064899
0.1797325 0.7325467 4.083427
0.1846457 0.5121894 3.996736
0.1723037 0.4326556 3.98048
-0.1200762 0.5630304 4.015416
-0.1454225 0.1002456 4.014149
-0.1544036 -0.1548993 4.055341
-0.1983733 -0.1661953 3.975785
0.0203443 0.5721204 4.020145
0.05245509 0.09146198 4.034528
0.06788215 -0.3200598 4.061643
0.05613483 -0.3281015 3.946277
-0.05559932 1.033039 4.061684
-0.2606838 0.3596295 3.931397
-0.2245567 0.436413 3.954591
0.1695814 0.3534505 3.964563
0.1354435 0.440542 3.954793
26
-0.05015698 0.5641958 4.050344
-0.05082624 0.835184 4.062018
-0.05688402 1.098211 4.056592
-0.0541189 1.242172 4.043804
-0.2232101 0.9710417 4.046134
-0.2761316 0.734266 4.032551
-0.2763623 0.5158843 3.965497
-0.264741 0.427533 3.95381
0.1167733 0.9804137 4.064899
0.1797325 0.7325467 4.083427
0.1846457 0.5121894 3.996736
0.1723037 0.4326556 3.98048
-0.1200762 0.5630304 4.015416
-0.1454225 0.1002456 4.014149
-0.1544036 -0.1548993 4.055341
-0.1983733 -0.1661953 3.975785
0.0203443 0.5721204 4.020145
0.05245509 0.09146198 4.034528
0.06788215 -0.3200598 4.061643
0.05613483 -0.3281015 3.946277
-0.05559932 1.033039 4.061684
-0.2606838 0.3596295 3.931397
-0.2245567 0.436413 3.954591
0.1695814 0.3534505 3.964563
0.1354435 0.440542 3.954793
27
-0.05609194 0.5569232 4.059828
-0.05362497 0.8304683 4.060566
-0.0587558 1.089805 4.043745
-0.05313425 1.231144 4.020764
-0.222564 0.9684869 4.040562
-0.2807456 0.7348575 4.030101
-0.2794503 0.5131965 3.963857
-0.2703318 0.421672 3.947393
0.1173494 0.9769599 4.05763
0.1794794 0.7309451 4.082356
0.1849473 0.5103852 3.997438
0.1705908 0.428351 3.978961
-0.1262349 0.5572256 4.024308
-0.1549646 0.1050825 3.973516
-0.1595008 -0.1553011 4.030681
-0.2288752 -0.1697329 3.959439
0.01473282 0.5632313 4.030496
0.05989774 0.09716134 4.009656
0.06564757 -0.2940352 4.052103
0.06693283 -0.3093155 3.911105
-0.05777347 1.02587 4.052591
-0.2627755 0.3560523 3.929157
-0.2304385 0.430787 3.951675
0.1668901 0.3481476 3.957187
0.133902 0.4398794 3.958956
28
-0.05609194 0.5569232 4.059828
-0.05362497 0.8304683 4.060566
-0.0587558 1.089805 4.043745
-0.05313425 1.231144 4.020764
-0.222564 0.9684869 4.040562
-0.2807456 0.7348575 4.030101
-0.2794503 0.5131965 3.963857
-0.2703318 0.421672 3.947393
0.1173494 0.9769599 4.05763
0.1794794 0.7309451 4.082356
0.1849473 0.5103852 3.997438
0.1705908 0.428351 3.978961
-0.1262349 0.5572256 4.024308
-0.1549646 0.1050825 3.973516
-0.1595008 -0.1553011 4.030681
-0.2288752 -0.1697329 3.959439
0.01473282 0.5632313 4.030496
0.05989774 0.09716134 4.009656
0.06564757 -0.2940352 4.052103
0.06693283 -0.3093155 3.911105
-0.05777347 1.02587 4.052591
-0.2627755 0.3560523 3.929157
-0.2304385 0.430787 3.951675
0.1668901 0.3481476 3.957187
0.133902 0.4398794 3.958956
29
-0.05192044 0.5312217 4.086948
-0.05365504 0.8095983 4.060097
-0.05693404 1.06327 4.021251
-0.05333313 1.208204 3.994941
-0.220148 0.9573128 4.025643
-0.2876022 0.7334008 4.024647
-0.2823155 0.509672 3.960786
-0.2738449 0.4131204 3.937344
0.1182634 0.9653891 4.044237
0.1802572 0.7258121 4.07794
0.1851608 0.5081607 3.997585
0.168326 0.4223548 3.973351
-0.1235562 0.5321756 4.052127
-0.1595266 0.09966766 3.954033
-0.1669983 -0.1488059 4.006012
-0.1912977 -0.154451 3.975535
0.02035562 0.5375701 4.056846
0.0711504 0.09633484 3.977042
0.06502599 -0.2669913 4.040794
0.103353 -0.2918785 3.902642
-0.05640696 1.000976 4.035697
-0.262683 0.3491166 3.921986
-0.2347321 0.421139 3.944423
0.1629704 0.3447904 3.944176
0.131426 0.4060972 3.937936
30
-0.05192044 0.5312217 4.086948
-0.05365504 0.8095983 4.060097
-0.05693404 1.06327 4.021251
-0.05333313 1.208204 3.994941
-0.220148 0.9573128 4.025643
-0.2876022 0.7334008 4.024647
-0.2823155 0.509672 3.960786
-0.2738449 0.4131204 3.937344
0.1182634 0.9653891 4.044237
0.1802572 0.7258121 4.07794
0.1851608 0.5081607 3.997585
0.168326 0.4223548 3.973351
-0.1235562 0.5321756 4.052127
-0.1595266 0.09966766 3.954033
-0.1669983 -0.1488059 4.006012
-0.1912977 -0.154451 3.975535
0.02035562 0.5375701 4.056846
0.0711504 0.09633484 3.977042
0.06502599 -0.2669913 4.040794
0.103353 -0.2918785 3.902642
-0.05640696 1.000976 4.035697
-0.262683 0.3491166 3.921986
-0.2347321 0.421139 3.944423
0.1629704 0.3447904 3.944176
0.131426 0.4060972 3.937936
31
-0.05221092 0.5009799 4.106791
-0.0554552 0.7682865 4.060212
-0.05701663 1.022242 4.002092
-0.05496065 1.162442 3.969337
-0.2209205 0.9194066 4.004109
-0.3078413 0.7030473 4.003745
-0.2841388 0.4601333 3.930243
-0.2697975 0.3846782 3.915421
0.1191002 0.926864 4.025803
0.1907835 0.7081844 4.06011
0.1861518 0.4974452 3.990699
0.1625803 0.4027876 3.955625
-0.1243256 0.5061966 4.070927
-0.1626689 0.09596924 3.94211
-0.1711971 -0.1585502 3.991822
-0.1574669 -0.1577842 3.998099
0.0206579 0.5042787 4.077189
0.07938442 0.1046943 3.949244
0.06758342 -0.2510293 4.020833
0.1000532 -0.2814011 3.875268
-0.05679918 0.9593496 4.020065
-0.2627741 0.3239525 3.896264
-0.2319659 0.3892978 3.91464
0.1540188 0.3325591 3.923453
0.129363 0.4014694 3.940621
32
-0.05221092 0.5009799 4.106791
-0.0554552 0.7682865 4.060212
-0.05701663 1.022242 4.002092
-0.05496065 1.162442 3.969337
-0.2209205 0.9194066 4.004109
-0.3078413 0.7030473 4.003745
-0.2841388 0.4601333 3.930243
-0.2697975 0.3846782 3.915421
0.1191002 0.926864 4.025803
0.1907835 0.7081844 4.06011
0.1861518 0.4974452 3.990699
0.1625803 0.4027876 3.955625
-0.1243256 0.5061966 4.070927
-0.1626689 0.09596924 3.94211
-0.1711971 -0.1585502 3.991822
-0.1574669 -0.1577842 3.998099
0.0206579 0.5042787 4.077189
0.07938442 0.1046943 3.949244
0.06758342 -0.2510293 4.020833
0.1000532 -0.2814011 3.875268
-0.05679918 0.9593496 4.020065
-0.2627741 0.3239525 3.896264
-0.2319659 0.3892978 3.91464
0.1540188 0.3325591 3.923453
0.129363 0.4014694 3.940621
33
-0.03806134 0.4568973 4.123808
-0.05038681 0.7152039 4.058088
-0.05990985 0.9654877 3.981629
-0.0543927 1.106291 3.946695
-0.222477 0.8768884 3.986024
-0.3224616 0.677959 3.991365
-0.2902574 0.4487476 3.920491
-0.2730419 0.3821957 3.906906
0.1171034 0.8794087 4.00789
0.2040012 0.6711321 4.039747
0.1800799 0.4431677 3.961659
0.1487001 0.3579473 3.924233
-0.1093835 0.459062 4.086304
-0.1882461 0.09222701 3.903476
-0.1905937 -0.1652911 3.946973
-0.1520873 -0.1571287 3.997376
0.03255649 0.4659773 4.095105
0.08639143 0.09594457 3.930744
0.0705571 -0.2279085 4.00424
0.1511679 -0.253866 3.907227
-0.05754574 0.9029961 4.003153
-0.2649004 0.3247139 3.880589
-0.2380574 0.3871991 3.889076
0.1376792 0.2949353 3.892411
0.1141073 0.3713336 3.924111
34
-0.03806134 0.4568973 4.123808
-0.05038681 0.7152039 4.058088
-0.05990985 0.9654877 3.981629
-0.0543927 1.106291 3.946695
-0.222477 0.8768884 3.986024
-0.3224616 0.677959 3.991365
-0.2902574 0.4487476 3.920491
-0.2730419 0.3821957 3.906906
0.1171034 0.8794087 4.00789
0.2040012 0.6711321 4.039747
0.1800799 0.4431677 3.961659
0.1487001 0.3579473 3.924233
-0.1093835 0.459062 4.086304
-0.1882461 0.09222701 3.903476
-0.1905937 -0.1652911 3.946973
-0.1520873 -0.1571287 3.997376
0.03255649 0.4659773 4.095105
0.08639143 0.09594457 3.930744
0.0705571 -0.2279085 4.00424
0.1511679 -0.253866 3.907227
-0.05754574 0.9029961 4.003153
-0.2649004 0.3247139 3.880589
-0.2380574 0.3871991 3.889076
0.1376792 0.2949353 3.892411
0.1141073 0.3713336 3.924111
35
-0.03227158 0.4141829 4.140726
-0.04521485 0.6625565 4.059972
-0.05469513 0.9057037 3.967834
-0.0552508 1.049026 3.930194
-0.2240865 0.8176045 3.972685
-0.3475028 0.6357306 3.980942
-0.2862948 0.3957258 3.901897
-0.2631195 0.3317823 3.881733
0.115535 0.8216575 3.993697
0.2171785 0.6305956 4.027253
0.1862444 0.4121396 3.955077
0.1466116 0.3439666 3.914118
-0.1044307 0.4151928 4.102704
-0.204135 0.08210813 3.877862
-0.193231 -0.2294553 3.950989
-0.1681677 -0.2463313 3.875351
0.03935519 0.4222763 4.113974
0.09353306 0.07560121 3.916112
0.07770064 -0.1825243 3.977495
0.1319391 -0.1928498 3.948064
-0.05251496 0.8455258 3.992931
-0.2453284 0.2717997 3.850605
-0.2276135 0.3381958 3.867317
0.141421 0.2678752 3.867242
0.1106675 0.3489849 3.911849
36
-0.03227158 0.4141829 4.140726
-0.04521485 0.6625565 4.059972
-0.05469513 0.9057037 3.967834
-0.0552508 1.049026 3.930194
-0.2240865 0.8176045 3.972685
-0.3475028 0.6357306 3.980942
-0.2862948 0.3957258 3.901897
-0.2631195 0.3317823 3.881733
0.115535 0.8216575 3.993697
0.2171785 0.6305956 4.027253
0.1862444 0.4121396 3.955077
0.1466116 0.3439666 3.914118
-0.1044307 0.4151928 4.102704
-0.204135 0.08210813 3.877862
-0.193231 -0.2294553 3.950989
-0.1681677 -0.2463313 3.875351
0.03935519 0.4222763 4.113974
0.09353306 0.07560121 3.916112
0.07770064 -0.1825243 3.977495
0.1319391 -0.1928498 3.948064
-0.05251496 0.8455258 3.992931
-0.2453284 0.2717997 3.850605
-0.2276135 0.3381958 3.867317
0.141421 0.2678752 3.867242
0.1106675 0.3489849 3.911849
37
-0.04653219 0.3564082 4.176783
-0.04960392 0.5972006 4.072674
-0.0503805 0.8366622 3.957524
-0.05427308 0.980018 3.911596
-0.2222463 0.7530185 3.963277
-0.360626 0.5811588 3.968231
-0.2825716 0.3469429 3.887184
-0.2553633 0.2909622 3.865988
0.1118051 0.758141 3.983507
0.2299736 0.5795491 4.016268
0.1817457 0.3699961 3.940542
0.1437953 0.3086037 3.896523
-0.1202642 0.3606974 4.141053
-0.2134511 0.07217389 3.851025
-0.2126659 -0.3000927 3.906942
-0.1891563 -0.3171232 3.79323
0.02741368 0.3617486 4.148014
0.104087 0.04369453 3.897069
0.08094332 -0.2814492 3.972066
0.1029978 -0.3036274 3.882721
-0.05028259 0.777213 3.988085
-0.2282914 0.2164931 3.8371
-0.2221287 0.3073766 3.867493
0.1328955 0.2468418 3.845933
0.1066335 0.3146563 3.909455
38
-0.04653219 0.3564082 4.176783
-0.04960392 0.5972006 4.072674
-0.0503805 0.8366622 3.957524
-0.05427308 0.980018 3.911596
-0.2222463 0.7530185 3.963277
-0.360626 0.5811588 3.968231
-0.2825716 0.3469429 3.887184
-0.2553633 0.2909622 3.865988
0.1118051 0.758141 3.983507
0.2299736 0.5795491 4.016268
0.1817457 0.3699961 3.940542
0.1437953 0.3086037 3.896523
-0.1202642 0.3606974 4.141053
-0.2134511 0.07217389 3.851025
-0.2126659 -0.3000927 3.906942
-0.1891563 -0.3171232 3.79323
0.02741368 0.3617486 4.148014
0.104087 0.04369453 3.897069
0.08094332 -0.2814492 3.972066
0.1029978 -0.3036274 3.882721
-0.05028259 0.777213 3.988085
-0.2282914 0.2164931 3.8371
-0.2221287 0.3073766 3.867493
0.1328955 0.2468418 3.845933
0.1066335 0.3146563 3.909455
39
-0.04577715 0.3044607 4.207716
-0.05019146 0.5308447 4.0823
-0.0538478 0.759024 3.945451
-0.05159187 0.9018049 3.892062
-0.2144792 0.686341 3.953779
-0.3720062 0.5287897 3.953582
-0.2839707 0.3218619 3.88062
-0.2538574 0.2649457 3.85499
0.1130939 0.687186 3.973449
0.2447354 0.5182115 4.005832
0.1757312 0.3063853 3.914056
0.1341598 0.2461864 3.863579
-0.1188442 0.3081596 4.17443
-0.24185 0.1019154 3.807493
-0.2029055 -0.272635 3.937969
-0.1914561 -0.3184898 3.802918
0.02771659 0.3114442 4.176354
0.1455761 0.1057311 3.819401
0.0939585 -0.2324197 3.95067
0.1004898 -0.2753107 3.842751
-0.05298007 0.702213 3.981381
-0.21994 0.18961 3.820067
-0.2169675 0.257141 3.847538
0.1268922 0.1911577 3.825211
0.09425639 0.2517595 3.864402
40
-0.04577715 0.3044607 4.207716
-0.05019146 0.5308447 4.0823
-0.0538478 0.759024 3.945451
-0.05159187 0.9018049 3.892062
-0.2144792 0.686341 3.953779
-0.3720062 0.5287897 3.953582
-0.2839707 0.3218619 3.88062
-0.2538574 0.2649457 3.85499
0.1130939 0.687186 3.973449
0.2447354 0.5182115 4.005832
0.1757312 0.3063853 3.914056
0.1341598 0.2461864 3.863579
-0.1188442 0.3081596 4.17443
-0.24185 0.1019154 3.807493
-0.2029055 -0.272635 3.937969
-0.1914561 -0.3184898 3.802918
0.02771659 0.3114442 4.176354
0.1455761 0.1057311 3.819401
0.0939585 -0.2324197 3.95067
0.1004898 -0.2753107 3.842751
-0.05298007 0.702213 3.981381
-0.21994 0.18961 3.820067
-0.2169675 0.257141 3.847538
0.1268922 0.1911577 3.825211
0.09425639 0.2517595 3.864402
41
-0.03662995 0.2489627 4.216973
-0.0491277 0.4630512 4.080511
-0.06137596 0.6792336 3.932806
-0.04971365 0.8202346 3.87362
-0.2097999 0.6156999 3.942432
-0.3769314 0.4656579 3.936303
-0.2901152 0.2639414 3.873697
-0.2530232 0.2046713 3.840055
0.1122455 0.6139252 3.964243
0.2592108 0.4547845 3.992704
0.1820278 0.2512536 3.903288
0.1361885 0.2092271 3.850335
-0.1155508 0.2570204 4.19305
-0.2588086 0.1260256 3.775387
-0.2012066 -0.263997 3.945842
-0.1926255 -0.323936 3.805795
0.0427931 0.2536558 4.176263
0.1705821 0.1239975 3.754071
0.1032668 -0.2035993 3.9331
0.09950174 -0.2696922 3.810743
-0.05834612 0.6252818 3.971526
-0.2163318 0.12469 3.816668
-0.2134064 0.1868186 3.834143
0.1290102 0.1402097 3.818357
0.1015402 0.2036591 3.828963
42
-0.03662995 0.2489627 4.216973
-0.0491277 0.4630512 4.080511
-0.06137596 0.6792336 3.932806
-0.04971365 0.8202346 3.87362
-0.2097999 0.6156999 3.942432
-0.3769314 0.4656579 3.936303
-0.2901152 0.2639414 3.873697
-0.2530232 0.2046713 3.840055
0.1122455 0.6139252 3.964243
0.2592108 0.4547845 3.992704
0.1820278 0.2512536 3.903288
0.1361885 0.2092271 3.850335
-0.1155508 0.2570204 4.19305
-0.2588086 0.1260256 3.775387
-0.2012066 -0.263997 3.945842
-0.1926255 -0.323936 3.805795
0.0427931 0.2536558 4.176263
0.1705821 0.1239975 3.754071
0.1032668 -0.2035993 3.9331
0.09950174 -0.2696922 3.810743
-0.05834612 0.6252818 3.971526
-0.2163318 0.12469 3.816668
-0.2134064 0.1868186 3.834143
0.1290102 0.1402097 3.818357
0.1015402 0.2036591 3.828963
43
-0.03179558 0.1977915 4.22354
-0.04684703 0.3987704 4.079137
-0.0618486 0.6026633 3.923259
-0.04841554 0.7407368 3.856515
-0.2090359 0.5441544 3.935659
-0.3801889 0.3980504 3.924823
-0.295545 0.2012734 3.867686
-0.2608375 0.1756307 3.838826
0.1124245 0.5413018 3.956518
0.2709625 0.3895892 3.979768
0.1915857 0.1893807 3.900254
0.1532335 0.1537843 3.851019
-0.1134824 0.2054273 4.208629
-0.2605142 0.1148968 3.776083
-0.20061 -0.2638473 3.953929
-0.199306 -0.344337 3.782079
0.05056725 0.2030796 4.174281
0.186253 0.1228585 3.73335
0.1329484 -0.2542885 3.8618
0.1296023 -0.3022328 3.71964
-0.05812451 0.5516846 3.964142
-0.2236774 0.09883699 3.806388
-0.2322101 0.1477279 3.834475
0.142925 0.07045761 3.828403
0.1234625 0.1522964 3.837432
44
-0.03179558 0.1977915 4.22354
-0.04684703 0.3987704 4.079137
-0.0618486 0.6026633 3.923259
-0.04841554 0.7407368 3.856515
-0.2090359 0.5441544 3.935659
-0.3801889 0.3980504 3.924823
-0.295545 0.2012734 3.867686
-0.2608375 0.1756307 3.838826
0.1124245 0.5413018 3.956518
0.2709625 0.3895892 3.979768
0.1915857 0.1893807 3.900254
0.1532335 0.1537843 3.851019
-0.1134824 0.2054273 4.208629
-0.2605142 0.1148968 3.776083
-0.20061 -0.2638473 3.953929
-0.199306 -0.344337 3.782079
0.05056725 0.2030796 4.174281
0.186253 0.1228585 3.73335
0.1329484 -0.2542885 3.8618
0.1296023 -0.3022328 3.71964
-0.05812451 0.5516846 3.964142
-0.2236774 0.09883699 3.806388
-0.2322101 0.1477279 3.834475
0.142925 0.07045761 3.828403
0.1234625 0.1522964 3.837432
45
-0.02762277 0.1430781 4.217661
-0.04650031 0.3378428 4.070479
-0.06535778 0.5343736 3.912007
-0.04685407 0.6643363 3.844432
-0.2102834 0.4775598 3.928204
-0.3865711 0.3381623 3.915244
-0.3195445 0.1368998 3.866152
-0.2780683 0.1459724 3.844409
0.1152586 0.4742689 3.947047
0.284357 0.3322701 3.970114
0.2038418 0.1342743 3.897617
0.1668369 0.1322609 3.856581
-0.1153896 0.1466198 4.197417
-0.2740568 0.087859 3.758469
-0.2251847 -0.2985471 3.910415
-0.2175253 -0.3567593 3.759915
0.06078111 0.1528825 4.173869
0.1809586 0.07438423 3.738439
0.1451562 -0.3164272 3.821979
0.1410498 -0.3464796 3.679629
-0.06067975 0.4851773 3.953652
-0.253238 0.06705293 3.799362
-0.2589318 0.1269514 3.844778
0.1603805 0.05579782 3.824186
0.144911 0.1361159 3.856737
46
-0.02762277 0.1430781 4.217661
-0.04650031 0.3378428 4.070479
-0.06535778 0.5343736 3.912007
-0.04685407 0.6643363 3.844432
-0.2102834 0.4775598 3.928204
-0.3865711 0.3381623 3.915244
-0.3195445 0.1368998 3.866152
-0.2780683 0.1459724 3.844409
0.1152586 0.4742689 3.947047
0.284357 0.3322701 3.970114
0.2038418 0.1342743 3.897617
0.1668369 0.1322609 3.856581
-0.1153896 0.1466198 4.197417
-0.2740568 0.087859 3.758469
-0.2251847 -0.2985471 3.910415
-0.2175253 -0.3567593 3.759915
0.06078111 0.1528825 4.173869
0.1809586 0.07438423 3.738439
0.1451562 -0.3164272 3.821979
0.1410498 -0.3464796 3.679629
-0.06067975 0.4851773 3.953652
-0.253238 0.06705293 3.799362
-0.2589318 0.1269514 3.844778
0.1603805 0.05579782 3.824186
0.144911 0.1361159 3.856737
47
-0.018761 0.08863322 4.226114
-0.02808002 0.2805044 4.070708
-0.03478237 0.4789259 3.905258
-0.04627581 0.6013328 3.831941
-0.2123483 0.4147364 3.919802
-0.3957537 0.2857533 3.903162
-0.3267661 0.0841291 3.857323
-0.290412 0.09321962 3.84767
0.1112984 0.4120862 3.937336
0.2871442 0.2774298 3.95968
0.2030665 0.08086692 3.894491
0.1750131 0.1069915 3.863067
-0.1127364 0.08793139 4.199982
-0.2732142 0.05311666 3.768329
-0.2403576 -0.3244929 3.890635
-0.2263786 -0.3675996 3.753791
0.07567366 0.1031768 4.18832
0.1765439 0.06566814 3.736484
0.1288309 -0.3291829 3.81848
0.140146 -0.3621299 3.666409
-0.03371853 0.4282161 3.948463
-0.2730517 0.011743 3.793847
-0.2742384 0.0813522 3.84673
0.1614124 0.02283846 3.816665
0.1424296 0.08469041 3.862115
48
-0.018761 0.08863322 4.226114
-0.02808002 0.2805044 4.070708
-0.03478237 0.4789259 3.905258
-0.04627581 0.6013328 3.831941
-0.2123483 0.4147364 3.919802
-0.3957537 0.2857533 3.903162
-0.3267661 0.0841291 3.857323
-0.290412 0.09321962 3.84767
0.1112984 0.4120862 3.937336
0.2871442 0.2774298 3.95968
0.2030665 0.08086692 3.894491
0.1750131 0.1069915 3.863067
-0.1127364 0.08793139 4.199982
-0.2732142 0.05311666 3.768329
-0.2403576 -0.3244929 3.890635
-0.2263786 -0.3675996 3.753791
0.07567366 0.1031768 4.18832
0.1765439 0.06566814 3.736484
0.1288309 -0.3291829 3.81848
0.140146 -0.3621299 3.666409
-0.03371853 0.4282161 3.948463
-0.2730517 0.011743 3.793847
-0.2742384 0.0813522 3.84673
0.1614124 0.02283846 3.816665
0.1424296 0.08469041 3.862115
49
-0.01432941 0.06154909 4.230047
-0.02404176 0.2217042 4.071367
-0.03709207 0.3966822 3.89966
-0.04741408 0.5224922 3.826677
-0.2202336 0.3513493 3.914207
-0.411139 0.2346727 3.897254
-0.318181 0.04822452 3.8499
-0.2973414 0.06717556 3.84807
0.111685 0.3701635 3.92758
0.2882098 0.2243847 3.957834
0.203285 0.04743609 3.888527
0.1695935 0.0508348 3.851059
-0.1097834 0.06015427 4.202294
-0.2746814 0.01481344 3.787903
-0.2534322 -0.200688 3.861399
-0.2596081 -0.2134748 3.825692
0.08150572 0.07631608 4.194013
0.1743349 0.04785796 3.74619
0.1208719 -0.3517345 3.820014
0.1350706 -0.3804909 3.674645
-0.03385852 0.3527822 3.944729
-0.2817064 -0.01320331 3.788779
-0.2791258 0.06236903 3.846734
0.1455413 -0.02790899 3.803547
0.1259467 0.05099731 3.88298
50
-0.01432941 0.06154909 4.230047
-0.02404176 0.2217042 4.071367
-0.03709207 0.3966822 3.89966
-0.04741408 0.5224922 3.826677
-0.2202336 0.3513493 3.914207
-0.411139 0.2346727 3.897254
-0.318181 0.04822452 3.8499
-0.2973414 0.06717556 3.84807
0.111685 0.3701635 3.92758
0.2882098 0.2243847 3.957834
0.203285 0.04743609 3.888527
0.1695935 0.0508348 3.851059
-0.1097834 0.06015427 4.202294
-0.2746814 0.01481344 3.787903
-0.2534322 -0.200688 3.861399
-0.2596081 -0.2134748 3.825692
0.08150572 0.07631608 4.194013
0.1743349 0.04785796 3.74619
0.1208719 -0.3517345 3.820014
0.1350706 -0.3804909 3.674645
-0.03385852 0.3527822 3.944729
-0.2817064 -0.01320331 3.788779
-0.2791258 0.06236903 3.846734
0.1455413 -0.02790899 3.803547
0.1259467 0.05099731 3.88298
51
-0.01320176 -0.000843903 4.226624
-0.02362409 0.154506 4.067903
-0.03610833 0.3195143 3.896951
-0.04845944 0.4543512 3.831829
-0.2372828 0.3069032 3.908117
-0.437113 0.2143408 3.898735
-0.2875737 0.02762727 3.840736
-0.2764601 0.01163863 3.825583
0.09781365 0.2963013 3.923661
0.2807681 0.1614816 3.942493
0.1775725 -0.01835238 3.825425
0.1550904 -0.04528813 3.828863
-0.10254 0.004381333 4.202135
-0.2736211 0.01206582 3.793245
-0.257276 -0.153236 3.850353
-0.2711557 -0.162376 3.82787
0.07642478 0.008413486 4.187467
0.1872999 0.02622429 3.753452
0.1145508 -0.3691939 3.825775
0.1281686 -0.3958189 3.693906
-0.03302202 0.2780614 3.941839
-0.2604339 -0.06723897 3.79854
-0.241716 0.02121524 3.821448
0.1349548 -0.1058898 3.818638
0.1057488 -0.03618436 3.862386
52
-0.01320176 -0.000843903 4.226624
-0.02362409 0.154506 4.067903
-0.03610833 0.3195143 3.896951
-0.04845944 0.4543512 3.831829
-0.2372828 0.3069032 3.908117
-0.437113 0.2143408 3.898735
-0.2875737 0.02762727 3.840736
-0.2764601 0.01163863 3.825583
0.09781365 0.2963013 3.923661
0.2807681 0.1614816 3.942493
0.1775725 -0.01835238 3.825425
0.1550904 -0.04528813 3.828863
-0.10254 0.004381333 4.202135
-0.2736211 0.01206582 3.793245
-0.257276 -0.153236 3.850353
-0.2711557 -0.162376 3.82787
0.07642478 0.008413486 4.187467
0.1872999 0.02622429 3.753452
0.1145508 -0.3691939 3.825775
0.1281686 -0.3958189 3.693906
-0.03302202 0.2780614 3.941839
-0.2604339 -0.06723897 3.79854
-0.241716 0.02121524 3.821448
0.1349548 -0.1058898 3.818638
0.1057488 -0.03618436 3.862386
53
-0.03037841 -0.04996074 4.225805
-0.05982361 0.1092402 4.062399
-0.09194077 0.2806341 3.887711
-0.04422805 0.395016 3.827583
-0.2457864 0.2490949 3.905876
-0.4645554 0.2291192 3.894
-0.2806926 0.01380309 3.836414
-0.2505603 -0.01950557 3.808666
0.09709444 0.2453565 3.917733
0.2841447 0.1359322 3.938918
0.1596901 -0.04754948 3.786085
0.1490735 -0.08234324 3.817878
-0.1168992 -0.04306591 4.196421
-0.2712727 0.02358793 3.792089
-0.257931 -0.1154227 3.841017
-0.2779116 -0.1192085 3.835709
0.05526413 -0.04312692 4.191414
0.2074929 0.03804024 3.785843
0.07607234 -0.3593904 3.908469
0.0921553 -0.4031226 3.78397
-0.08398501 0.237615 3.933447
-0.2366234 -0.0737688 3.802589
-0.2184711 -0.006162904 3.809438
0.1368706 -0.1548949 3.826952
0.0951903 -0.0774298 3.842046
54
-0.03037841 -0.04996074 4.225805
-0.05982361 0.1092402 4.062399
-0.09194077 0.2806341 3.887711
-0.04422805 0.395016 3.827583
-0.2457864 0.2490949 3.905876
-0.4645554 0.2291192 3.894
-0.2806926 0.01380309 3.836414
-0.2505603 -0.01950557 3.808666
0.09709444 0.2453565 3.917733
0.2841447 0.1359322 3.938918
0.1596901 -0.04754948 3.786085
0.1490735 -0.08234324 3.817878
-0.1168992 -0.04306591 4.196421
-0.2712727 0.02358793 3.792089
-0.257931 -0.1154227 3.841017
-0.2779116 -0.1192085 3.835709
0.05526413 -0.04312692 4.191414
0.2074929 0.03804024 3.785843
0.07607234 -0.3593904 3.908469
0.0921553 -0.4031226 3.78397
-0.08398501 0.237615 3.933447
-0.2366234 -0.0737688 3.802589
-0.2184711 -0.006162904 3.809438
0.1368706 -0.1548949 3.826952
0.0951903 -0.0774298 3.842046
55
-0.04732041 -0.06548504 4.23348
-0.07543648 0.09934671 4.060708
-0.1037638 0.2552796 3.874669
-0.04395547 0.3604836 3.823058
-0.2473041 0.2235795 3.904634
-0.473456 0.2150311 3.89115
-0.2716714 0.003233389 3.812256
-0.2425205 -0.04542679 3.794099
0.1076687 0.2240628 3.915725
0.2950155 0.1161878 3.94344
0.1545817 -0.0450752 3.777714
0.1466449 -0.1025427 3.812777
-0.1276973 -0.05633245 4.199023
-0.2625111 0.009341411 3.808319
-0.2530973 -0.0968996 3.844977
-0.2823782 -0.1017067 3.838565
0.03118459 -0.06136567 4.205608
0.1917301 0.001321541 3.860854
0.042302 -0.4113393 3.970311
0.06165599 -0.4489411 3.854972
-0.09755169 0.2176367 3.924955
-0.2329571 -0.09186056 3.802397
-0.2091654 -0.02223729 3.802282
0.1370598 -0.1574153 3.827938
0.09212126 -0.08600164 3.836574
56
-0.04732041 -0.06548504 4.23348
-0.07543648 0.09934671 4.060708
-0.1037638 0.2552796 3.874669
-0.04395547 0.3604836 3.823058
-0.2473041 0.2235795 3.904634
-0.473456 0.2150311 3.89115
-0.2716714 0.003233389 3.812256
-0.2425205 -0.04542679 3.794099
0.1076687 0.2240628 3.915725
0.2950155 0.1161878 3.94344
0.1545817 -0.0450752 3.777714
0.1466449 -0.1025427 3.812777
-0.1276973 -0.05633245 4.199023
-0.2625111 0.009341411 3.808319
-0.2530973 -0.0968996 3.844977
-0.2823782 -0.1017067 3.838565
0.03118459 -0.06136567 4.205608
0.1917301 0.001321541 3.860854
0.042302 -0.4113393 3.970311
0.06165599 -0.4489411 3.854972
-0.09755169 0.2176367 3.924955
-0.2329571 -0.09186056 3.802397
-0.2091654 -0.02223729 3.802282
0.1370598 -0.1574153 3.827938
0.09212126 -0.08600164 3.836574
57
-0.05468517 -0.06765251 4.238367
-0.08271684 0.08991611 4.059189
-0.1144231 0.2340187 3.867031
-0.04067305 0.3158685 3.809672
-0.2458539 0.2144392 3.901167
-0.4654272 0.1810238 3.884836
-0.2707967 -0.04155559 3.789392
-0.2406342 -0.1145012 3.802237
0.1235865 0.1932908 3.911696
0.3232717 0.1156584 3.965061
0.1579081 0.007708388 3.810578
0.1448388 -0.07481712 3.80053
-0.1320334 -0.05629692 4.20419
-0.2553266 0.003948453 3.824107
-0.2440217 -0.07003053 3.850913
-0.2795492 -0.08268089 3.830984
0.02236815 -0.06361331 4.211152
0.170517 0.006548312 3.838645
0.06889559 -0.4182091 3.964624
0.06518081 -0.4465971 3.865912
-0.1067329 0.1978269 3.918687
-0.229651 -0.1573134 3.832106
-0.1988863 -0.08792152 3.81832
0.1300586 -0.08645794 3.798434
0.1092017 -0.005111804 3.823596
58
-0.05468517 -0.06765251 4.238367
-0.08271684 0.08991611 4.059189
-0.1144231 0.2340187 3.867031
-0.04067305 0.3158685 3.809672
-0.2458539 0.2144392 3.901167
-0.4654272 0.1810238 3.884836
-0.2707967 -0.04155559 3.789392
-0.2406342 -0.1145012 3.802237
0.1235865 0.1932908 3.911696
0.3232717 0.1156584 3.965061
0.1579081 0.007708388 3.810578
0.1448388 -0.07481712 3.80053
-0.1320334 -0.05629692 4.20419
-0.2553266 0.003948453 3.824107
-0.2440217 -0.07003053 3.850913
-0.2795492 -0.08268089 3.830984
0.02236815 -0.06361331 4.211152
0.170517 0.006548312 3.838645
0.06889559 -0.4182091 3.964624
0.06518081 -0.4465971 3.865912
-0.1067329 0.1978269 3.918687
-0.229651 -0.1573134 3.832106
-0.1988863 -0.08792152 3.81832
0.1300586 -0.08645794 3.798434
0.1092017 -0.005111804 3.823596
59
-0.05910161 -0.07566954 4.242346
-0.09179717 0.07084241 4.059548
-0.1329185 0.2124608 3.865433
-0.03927458 0.2950962 3.804467
-0.244563 0.1967292 3.896255
-0.4607718 0.1637285 3.882382
-0.2557089 -0.03849666 3.780811
-0.2351463 -0.1247593 3.80033
0.1405009 0.1700669 3.911651
0.3428262 0.1064694 3.975085
0.1547561 -0.01642259 3.78789
0.1463619 -0.07145768 3.792024
-0.1347713 -0.06242657 4.208202
-0.2570242 0.005939089 3.824301
-0.2359391 -0.09537289 3.858981
-0.2603834 -0.1111552 3.827738
0.01700729 -0.07154379 4.215231
0.1604442 -0.005779223 3.835578
0.06687902 -0.4086639 3.978867
0.06928559 -0.4485375 3.868326
-0.1216622 0.1772071 3.917381
-0.2280217 -0.1529173 3.833615
-0.1907843 -0.06387255 3.834913
0.1358124 -0.09519354 3.784625
0.1150376 -0.02358022 3.788042
60
-0.05910161 -0.07566954 4.242346
-0.09179717 0.07084241 4.059548
-0.1329185 0.2124608 3.865433
-0.03927458 0.2950962 3.804467
-0.244563 0.1967292 3.896255
-0.4607718 0.1637285 3.882382
-0.2557089 -0.03849666 3.780811
-0.2351463 -0.1247593 3.80033
0.1405009 0.1700669 3.911651
0.3428262 0.1064694 3.975085
0.1547561 -0.01642259 3.78789
0.1463619 -0.07145768 3.792024
-0.1347713 -0.06242657 4.208202
-0.2570242 0.005939089 3.824301
-0.2359391 -0.09537289 3.858981
-0.2603834 -0.1111552 3.827738
0.01700729 -0.07154379 4.215231
0.1604442 -0.005779223 3.835578
0.06687902 -0.4086639 3.978867
0.06928559 -0.4485375 3.868326
-0.1216622 0.1772071 3.917381
-0.2280217 -0.1529173 3.833615
-0.1907843 -0.06387255 3.834913
0.1358124 -0.09519354 3.784625
0.1150376 -0.02358022 3.788042
61
-0.06196506 -0.09605171 4.227517
-0.09709163 0.06400784 4.055287
-0.1418371 0.2104437 3.862365
-0.03798329 0.2806991 3.799844
-0.2425824 0.1872373 3.892103
-0.4596032 0.153727 3.88094
-0.2734157 -0.01354863 3.798655
-0.2432826 -0.08094698 3.794399
0.1516806 0.1564763 3.912056
0.3546496 0.09972123 3.97928
0.1678827 -0.01098915 3.789945
0.1500237 -0.06604937 3.785754
-0.138489 -0.08230431 4.195174
-0.2693871 0.02213018 3.806547
-0.2371849 -0.1066554 3.853205
-0.2528491 -0.1218892 3.821967
0.0154274 -0.09382126 4.197182
0.1572482 -0.002760973 3.802919
0.08325082 -0.3869891 3.945618
0.084917 -0.4290446 3.833244
-0.1295252 0.1739568 3.914076
-0.2218137 -0.1049 3.810402
-0.2066437 -0.01830137 3.811279
0.138136 -0.08844946 3.777564
0.137569 -0.003573183 3.758228
62
-0.06196506 -0.09605171 4.227517
-0.09709163 0.06400784 4.055287
-0.1418371 0.2104437 3.862365
-0.03798329 0.2806991 3.799844
-0.2425824 0.1872373 3.892103
-0.4596032 0.153727 3.88094
-0.2734157 -0.01354863 3.798655
-0.2432826 -0.08094698 3.794399
0.1516806 0.1564763 3.912056
0.3546496 0.09972123 3.97928
0.1678827 -0.01098915 3.789945
0.1500237 -0.06604937 3.785754
-0.138489 -0.08230431 4.195174
-0.2693871 0.02213018 3.806547
-0.2371849 -0.1066554 3.853205
-0.2528491 -0.1218892 3.821967
0.0154274 -0.09382126 4.197182
0.1572482 -0.002760973 3.802919
0.08325082 -0.3869891 3.945618
0.084917 -0.4290446 3.833244
-0.1295252 0.1739568 3.914076
-0.2218137 -0.1049 3.810402
-0.2066437 -0.01830137 3.811279
0.138136 -0.08844946 3.777564
0.137569 -0.003573183 3.758228
63
-0.06552144 -0.1056922 4.22199
-0.1016708 0.05887623 4.052871
-0.1475601 0.211638 3.861647
-0.03712697 0.2699539 3.797436
-0.2414177 0.1814577 3.889161
-0.458611 0.1459344 3.879666
-0.2635846 -0.01592653 3.792481
-0.2399979 -0.07948954 3.795893
0.1587663 0.1478628 3.912659
0.3622408 0.09555446 3.981759
0.1746003 -0.007396673 3.791224
0.1525322 -0.06122755 3.782045
-0.1413655 -0.09145397 4.189904
-0.2740737 0.02724945 3.798265
-0.2353685 -0.1176747 3.851499
-0.246382 -0.133001 3.817783
0.01111057 -0.1037134 4.191047
0.158581 -0.005300269 3.794736
0.08122913 -0.3701528 3.948454
0.08546211 -0.4200599 3.832129
-0.1351438 0.1727653 3.912607
-0.2111603 -0.1146073 3.827419
-0.2000637 -0.0303563 3.816794
0.139028 -0.08133351 3.773715
0.1413759 0.0001486777 3.749624
64
-0.06552144 -0.1056922 4.22199
-0.1016708 0.05887623 4.052871
-0.1475601 0.211638 3.861647
-0.03712697 0.2699539 3.797436
-0.2414177 0.1814577 3.889161
-0.458611 0.1459344 3.879666
-0.2635846 -0.01592653 3.792481
-0.2399979 -0.07948954 3.795893
0.1587663 0.1478628 3.912659
0.3622408 0.09555446 3.981759
0.1746003 -0.007396673 3.791224
0.1525322 -0.06122755 3.782045
-0.1413655 -0.09145397 4.189904
-0.2740737 0.02724945 3.798265
-0.2353685 -0.1176747 3.851499
-0.246382 -0.133001 3.817783
0.01111057 -0.1037134 4.191047
0.158581 -0.005300269 3.794736
0.08122913 -0.3701528 3.948454
0.08546211 -0.4200599 3.832129
-0.1351438 0.1727653 3.912607
-0.2111603 -0.1146073 3.827419
-0.2000637 -0.0303563 3.816794
0.139028 -0.08133351 3.773715
0.1413759 0.0001486777 3.749624
65
-0.06819282 -0.1114476 4.219573
-0.1051094 0.05583372 4.051197
-0.1500653 0.2170407 3.8622
-0.036089 0.2642542 3.795786
-0.2402674 0.1771996 3.887378
-0.4553162 0.1353075 3.878945
-0.2581823 -0.01460971 3.791107
-0.2376313 -0.07766649 3.797707
0.1637158 0.1434848 3.913561
0.3666941 0.09099399 3.982674
0.1788932 -0.005078726 3.792326
0.1547185 -0.05742024 3.779495
-0.1440122 -0.0969601 4.187768
-0.2760809 0.02953516 3.794502
-0.233395 -0.1266229 3.851727
-0.2417588 -0.1422146 3.815418
0.008342781 -0.1095261 4.188134
0.1600447 -0.006818972 3.7907
0.07732305 -0.3543681 3.952925
0.08476558 -0.4122268 3.832765
-0.1384864 0.1754215 3.912122
-0.2058842 -0.1134828 3.831333
-0.1983023 -0.02775923 3.825221
0.1401275 -0.0786426 3.770968
0.1439068 0.003090558 3.745075
66
-0.06819282 -0.1114476 4.219573
-0.1051094 0.05583372 4.051197
-0.1500653 0.2170407 3.8622
-0.036089 0.2642542 3.795786
-0.2402674 0.1771996 3.887378
-0.4553162 0.1353075 3.878945
-0.2581823 -0.01460971 3.791107
-0.2376313 -0.07766649 3.797707
0.1637158 0.1434848 3.913561
0.3666941 0.09099399 3.982674
0.1788932 -0.005078726 3.792326
0.1547185 -0.05742024 3.779495
-0.1440122 -0.0969601 4.187768
-0.2760809 0.02953516 3.794502
-0.233395 -0.1266229 3.851727
-0.2417588 -0.1422146 3.815418
0.008342781 -0.1095261 4.188134
0.1600447 -0.006818972 3.7907
0.07732305 -0.3543681 3.952925
0.08476558 -0.4122268 3.832765
-0.1384864 0.1754215 3.912122
-0.2058842 -0.1134828 3.831333
-0.1983023 -0.02775923 3.825221
0.1401275 -0.0786426 3.770968
0.1439068 0.003090558 3.745075
67
-0.07018594 -0.114977 4.218068
-0.1076202 0.05496249 4.04998
-0.150143 0.2238326 3.863623
-0.03501001 0.2663199 3.795256
-0.2387369 0.1761711 3.886179
-0.4536829 0.131471 3.880412
-0.2672613 0.003007563 3.815237
-0.2409426 -0.03564532 3.802907
0.1665924 0.1442993 3.914826
0.3672434 0.08460037 3.979647
0.1813898 -0.003667881 3.793057
0.1565037 -0.05384915 3.778478
-0.1461086 -0.1002804 4.186492
-0.2772902 0.03081497 3.792022
-0.2321003 -0.1336035 3.852027
-0.2386419 -0.1492905 3.81397
0.006369219 -0.1130284 4.18627
0.1596416 -0.007317762 3.788006
0.0797594 -0.3538488 3.944495
0.08710014 -0.408992 3.826133
-0.1396468 0.1803613 3.912549
-0.2081104 -0.07484174 3.823313
-0.1999712 -0.01242167 3.829361
0.1404058 -0.07602014 3.769571
0.1457136 0.00683021 3.751966
68
-0.07018594 -0.114977 4.218068
-0.1076202 0.05496249 4.04998
-0.150143 0.2238326 3.863623
-0.03501001 0.2663199 3.795256
-0.2387369 0.1761711 3.886179
-0.4536829 0.131471 3.880412
-0.2672613 0.003007563 3.815237
-0.2409426 -0.03564532 3.802907
0.1665924 0.1442993 3.914826
0.3672434 0.08460037 3.979647
0.1813898 -0.003667881 3.793057
0.1565037 -0.05384915 3.778478
-0.1461086 -0.1002804 4.186492
-0.2772902 0.03081497 3.792022
-0.2321003 -0.1336035 3.852027
-0.2386419 -0.1492905 3.81397
0.006369219 -0.1130284 4.18627
0.1596416 -0.007317762 3.788006
0.0797594 -0.3538488 3.944495
0.08710014 -0.408992 3.826133
-0.1396468 0.1803613 3.912549
-0.2081104 -0.07484174 3.823313
-0.1999712 -0.01242167 3.829361
0.1404058 -0.07602014 3.769571
0.1457136 0.00683021 3.751966
69
-0.07018594 -0.114977 4.218068
-0.1076202 0.05496249 4.04998
-0.150143 0.2238326 3.863623
-0.03501001 0.2663199 3.795256
-0.2387369 0.1761711 3.886179
-0.4536829 0.131471 3.880412
-0.2672613 0.003007563 3.815237
-0.2409426 -0.03564532 3.802907
0.1665924 0.1442993 3.914826
0.3672434 0.08460037 3.979647
0.1813898 -0.003667881 3.793057
0.1565037 -0.05384915 3.778478
-0.1461086 -0.1002804 4.186492
-0.2772902 0.03081497 3.792022
-0.2321003 -0.1336035 3.852027
-0.2386419 -0.1492905 3.81397
0.006369219 -0.1130284 4.18627
0.1596416 -0.007317762 3.788006
0.0797594 -0.3538488 3.944495
0.08710014 -0.408992 3.826133
-0.1396468 0.1803613 3.912549
-0.2081104 -0.07484174 3.823313
-0.1999712 -0.01242167 3.829361
0.1404058 -0.07602014 3.769571
0.1457136 0.00683021 3.751966
70
-0.06982175 -0.1155199 4.216328
-0.1078167 0.05650055 4.049117
-0.1471848 0.2311273 3.866241
-0.03490242 0.2976969 3.801507
-0.2371435 0.1845686 3.888083
-0.4520244 0.1314679 3.88314
-0.2700449 0.008802255 3.822337
-0.2424361 -0.01989327 3.803971
0.1637868 0.1637415 3.916897
0.3608962 0.08160958 3.973697
0.1827754 -0.002919001 3.79318
0.1575616 -0.05065988 3.777822
-0.1461378 -0.1014149 4.185179
-0.2782243 0.03187357 3.790506
-0.2312444 -0.1381074 3.851964
-0.2363762 -0.1537365 3.81266
0.007364379 -0.1126608 4.183884
0.1601221 -0.006219423 3.785378
0.08910689 -0.3564968 3.929901
0.09725761 -0.4081396 3.808741
-0.1377694 0.1865276 3.914026
-0.214967 -0.04691855 3.806444
-0.2072355 0.007844494 3.823717
0.1410327 -0.07512344 3.769317
0.1408541 0.001983659 3.761392
71
-0.07272295 -0.1259183 4.174151
-0.081234 0.06196173 4.033434
-0.08521532 0.2527915 3.878627
-0.03589024 0.3523922 3.813305
-0.2287179 0.2213057 3.895994
-0.4416035 0.1455797 3.888288
-0.2699958 0.01828417 3.830661
-0.242729 -0.0124489 3.804552
0.1547887 0.2158539 3.914743
0.3324112 0.09575302 3.95838
0.1848689 0.0003715146 3.79196
0.1607864 -0.03332102 3.77914
-0.1485397 -0.113186 4.143607
-0.2859221 0.04742059 3.761635
-0.2379057 -0.1436027 3.830338
-0.2369989 -0.1514549 3.807871
0.004200651 -0.1213557 4.141218
0.1800501 0.0159974 3.766665
0.1189692 -0.3439894 3.891083
0.123222 -0.3876912 3.766726
-0.08436225 0.204495 3.91893
-0.2104427 -0.04090203 3.81276
-0.2036485 0.02024865 3.840218
0.1386484 -0.06411342 3.768209
0.1399423 0.004031828 3.765019
72
-0.07272295 -0.1259183 4.174151
-0.081234 0.06196173 4.033434
-0.08521532 0.2527915 3.878627
-0.03589024 0.3523922 3.813305
-0.2287179 0.2213057 3.895994
-0.4416035 0.1455797 3.888288
-0.2699958 0.01828417 3.830661
-0.242729 -0.0124489 3.804552
0.1547887 0.2158539 3.914743
0.3324112 0.09575302 3.95838
0.1848689 0.0003715146 3.79196
0.1607864 -0.03332102 3.77914
-0.1485397 -0.113186 4.143607
-0.2859221 0.04742059 3.761635
-0.2379057 -0.1436027 3.830338
-0.2369989 -0.1514549 3.807871
0.004200651 -0.1213557 4.141218
0.1800501 0.0159974 3.766665
0.1189692 -0.3439894 3.891083
0.123222 -0.3876912 3.766726
-0.08436225 0.204495 3.91893
-0.2104427 -0.04090203 3.81276
-0.2036485 0.02024865 3.840218
0.1386484 -0.06411342 3.768209
0.1399423 0.004031828 3.765019
73
-0.04733767 -0.104201 4.150474
-0.05132004 0.0905405 4.0269
-0.048529 0.2880493 3.89166
-0.03621264 0.4136942 3.831375
-0.2230639 0.2637912 3.907602
-0.4304129 0.1700663 3.894326
-0.2589764 0.02453795 3.834343
-0.2312401 -0.01365209 3.815097
0.146757 0.2591766 3.917456
0.3180709 0.1210578 3.952928
0.1809114 0.000417025 3.792234
0.1592203 -0.03167666 3.782077
-0.1246061 -0.09588399 4.123475
-0.2888092 0.04926914 3.754491
-0.2417699 -0.1462676 3.824324
-0.2373988 -0.1519 3.805608
0.03075083 -0.0954914 4.11402
0.1999308 0.04303741 3.738215
0.1331974 -0.3274367 3.850083
0.1357849 -0.3650469 3.727072
-0.04939269 0.2377285 3.92701
-0.1937748 -0.06690826 3.851192
-0.1844603 0.007478804 3.874328
0.1288298 -0.09477219 3.802965
0.1134443 -0.01116067 3.814646
74
-0.04733767 -0.104201 4.150474
-0.05132004 0.0905405 4.0269
-0.048529 0.2880493 3.89166
-0.03621264 0.4136942 3.831375
-0.2230639 0.2637912 3.907602
-0.4304129 0.1700663 3.894326
-0.2589764 0.02453795 3.834343
-0.2312401 -0.01365209 3.815097
0.146757 0.2591766 3.917456
0.3180709 0.1210578 3.952928
0.1809114 0.000417025 3.792234
0.1592203 -0.03167666 3.782077
-0.1246061 -0.09588399 4.123475
-0.2888092 0.04926914 3.754491
-0.2417699 -0.1462676 3.824324
-0.2373988 -0.1519 3.805608
0.03075083 -0.0954914 4.11402
0.1999308 0.04303741 3.738215
0.1331974 -0.3274367 3.850083
0.1357849 -0.3650469 3.727072
-0.04939269 0.2377285 3.92701
-0.1937748 -0.06690826 3.851192
-0.1844603 0.007478804 3.874328
0.1288298 -0.09477219 3.802965
0.1134443 -0.01116067 3.814646
75
-0.04733767 -0.104201 4.150474
-0.05132004 0.0905405 4.0269
-0.048529 0.2880493 3.89166
-0.03621264 0.4136942 3.831375
-0.2230639 0.2637912 3.907602
-0.4304129 0.1700663 3.894326
-0.2589764 0.02453795 3.834343
-0.2312401 -0.01365209 3.815097
0.146757 0.2591766 3.917456
0.3180709 0.1210578 3.952928
0.1809114 0.000417025 3.792234
0.1592203 -0.03167666 3.782077
-0.1246061 -0.09588399 4.123475
-0.2888092 0.04926914 3.754491
-0.2417699 -0.1462676 3.824324
-0.2373988 -0.1519 3.805608
0.03075083 -0.0954914 4.11402
0.1999308 0.04303741 3.738215
0.1331974 -0.3274367 3.850083
0.1357849 -0.3650469 3.727072
-0.04939269 0.2377285 3.92701
-0.1937748 -0.06690826 3.851192
-0.1844603 0.007478804 3.874328
0.1288298 -0.09477219 3.802965
0.1134443 -0.01116067 3.814646
76
-0.02460127 -0.07080621 4.139112
-0.0264651 0.1427183 4.027031
-0.02529758 0.3524104 3.905162
-0.03424406 0.4906018 3.849505
-0.2158464 0.3171841 3.9185
-0.4093769 0.1991826 3.896431
-0.2474734 0.0243906 3.822151
-0.2280648 -0.01916107 3.814806
0.1398821 0.3160546 3.923494
0.2988613 0.1582253 3.944427
0.1753609 0.01149636 3.803951
0.1437445 0.002172716 3.816127
-0.104144 -0.06928089 4.111485
-0.2911917 0.0491282 3.74802
-0.22952 -0.2471088 3.85623
-0.2352079 -0.2794006 3.771069
0.05581632 -0.05460929 4.104019
0.2093304 0.05628928 3.722347
0.1384909 -0.3148724 3.827349
0.1415488 -0.3507775 3.702495
-0.0257302 0.2995253 3.93737
-0.213433 -0.09251338 3.842098
-0.1806048 -0.006741011 3.864602
0.1069403 -0.05082075 3.839542
0.1080439 0.0177953 3.877117
77
-0.02460127 -0.07080621 4.139112
-0.0264651 0.1427183 4.027031
-0.02529758 0.3524104 3.905162
-0.03424406 0.4906018 3.849505
-0.2158464 0.3171841 3.9185
-0.4093769 0.1991826 3.896431
-0.2474734 0.0243906 3.822151
-0.2280648 -0.01916107 3.814806
0.1398821 0.3160546 3.923494
0.2988613 0.1582253 3.944427
0.1753609 0.01149636 3.803951
0.1437445 0.002172716 3.816127
-0.104144 -0.06928089 4.111485
-0.2911917 0.0491282 3.74802
-0.22952 -0.2471088 3.85623
-0.2352079 -0.2794006 3.771069
0.05581632 -0.05460929 4.104019
0.2093304 0.05628928 3.722347
0.1384909 -0.3148724 3.827349
0.1415488 -0.3507775 3.702495
-0.0257302 0.2995253 3.93737
-0.213433 -0.09251338 3.842098
-0.1806048 -0.006741011 3.864602
0.1069403 -0.05082075 3.839542
0.1080439 0.0177953 3.877117
78
-0.01318442 -0.01698287 4.133353
-0.01398921 0.2083616 4.030901
-0.01328097 0.4306784 3.91902
-0.03003274 0.5760115 3.86405
-0.2032551 0.3778583 3.931319
-0.3846115 0.2426143 3.900213
-0.2471949 0.03463038 3.825161
-0.2269929 -0.01745459 3.815391
0.1263889 0.3883269 3.926019
0.2786008 0.2188465 3.938726
0.1739821 0.01773798 3.81057
0.1416866 0.005322218 3.819438
-0.09537419 -0.01628925 4.103777
-0.2930225 0.04246267 3.73488
-0.2403088 -0.3218396 3.862256
-0.2446839 -0.3691193 3.728843
0.0695574 -0.003780603 4.100163
0.2171961 0.0592418 3.711286
0.1468197 -0.3112235 3.80972
0.1502839 -0.3465548 3.679224
-0.01355358 0.3750072 3.948932
-0.2155634 -0.09650574 3.839441
-0.1740418 0.003178038 3.875151
0.1166459 -0.06679502 3.823441
0.09599119 -0.0140714 3.870238
79
-0.01249921 0.0258542 4.123186
-0.007363887 0.2775979 4.030709
-0.0008891094 0.5224394 3.932562
-0.02756408 0.6659966 3.879679
-0.1869193 0.4507385 3.943595
-0.349044 0.2939385 3.900256
-0.2566897 0.05151764 3.828591
-0.2280005 -0.01413385 3.813334
0.130626 0.4575935 3.932995
0.2681509 0.2550901 3.935931
0.1721618 0.01622087 3.803811
0.1415664 -0.01512438 3.817107
-0.09310807 0.0292022 4.091976
-0.2437309 0.03099743 3.8112
-0.2288792 -0.1571852 3.874313
-0.2400852 -0.1787958 3.812515
0.06829382 0.03617567 4.090057
0.2273254 0.05209337 3.698884
0.158813 -0.3123846 3.793008
0.1606748 -0.3474491 3.658582
-0.002546549 0.4613943 3.959197
-0.2272165 -0.09681991 3.821423
-0.1939597 0.01838742 3.807786
0.134019 -0.09735017 3.822939
0.09667073 -0.03801148 3.846867
80
-0.01249921 0.0258542 4.123186
-0.007363887 0.2775979 4.030709
-0.0008891094 0.5224394 3.932562
-0.02756408 0.6659966 3.879679
-0.1869193 0.4507385 3.943595
-0.349044 0.2939385 3.900256
-0.2566897 0.05151764 3.828591
-0.2280005 -0.01413385 3.813334
0.130626 0.4575935 3.932995
0.2681509 0.2550901 3.935931
0.1721618 0.01622087 3.803811
0.1415664 -0.01512438 3.817107
-0.09310807 0.0292022 4.091976
-0.2437309 0.03099743 3.8112
-0.2288792 -0.1571852 3.874313
-0.2400852 -0.1787958 3.812515
0.06829382 0.03617567 4.090057
0.2273254 0.05209337 3.698884
0.158813 -0.3123846 3.793008
0.1606748 -0.3474491 3.658582
-0.002546549 0.4613943 3.959197
-0.2272165 -0.09681991 3.821423
-0.1939597 0.01838742 3.807786
0.134019 -0.09735017 3.822939
0.09667073 -0.03801148 3.846867
81
-0.01231517 0.1095248 4.139367
-0.01157533 0.3621175 4.048694
-0.01042242 0.6100494 3.950382
-0.02588577 0.7610227 3.90321
-0.1797881 0.5179666 3.958637
-0.3186161 0.3411246 3.901275
-0.2727555 0.09885164 3.842165
-0.2443451 0.03533836 3.819238
0.1289698 0.5347888 3.942938
0.2681811 0.3115324 3.95055
0.2013867 0.0837348 3.842439
0.166421 0.02481537 3.826746
-0.09631688 0.1134936 4.108883
-0.2191365 0.03611958 3.844709
-0.2129987 -0.1600096 3.906635
-0.2393992 -0.1915391 3.809393
0.07181089 0.1185319 4.105318
0.1691111 0.0540209 3.819396
0.1236426 -0.2712766 3.884564
0.1351305 -0.3058951 3.719777
-0.01072964 0.5483465 3.977145
-0.2544848 -0.04539657 3.796088
-0.2111993 0.05039112 3.78887
0.1643022 -0.03889064 3.787614
0.1278733 0.02811523 3.833709
82
-0.01231517 0.1095248 4.139367
-0.01157533 0.3621175 4.048694
-0.01042242 0.6100494 3.950382
-0.02588577 0.7610227 3.90321
-0.1797881 0.5179666 3.958637
-0.3186161 0.3411246 3.901275
-0.2727555 0.09885164 3.842165
-0.2443451 0.03533836 3.819238
0.1289698 0.5347888 3.942938
0.2681811 0.3115324 3.95055
0.2013867 0.0837348 3.842439
0.166421 0.02481537 3.826746
-0.09631688 0.1134936 4.108883
-0.2191365 0.03611958 3.844709
-0.2129987 -0.1600096 3.906635
-0.2393992 -0.1915391 3.809393
0.07181089 0.1185319 4.105318
0.1691111 0.0540209 3.819396
0.1236426 -0.2712766 3.884564
0.1351305 -0.3058951 3.719777
-0.01072964 0.5483465 3.977145
-0.2544848 -0.04539657 3.796088
-0.2111993 0.05039112 3.78887
0.1643022 -0.03889064 3.787614
0.1278733 0.02811523 3.833709
83
-0.005870357 0.191263 4.153523
-0.00918459 0.4456496 4.066938
-0.01263511 0.6971593 3.970795
-0.02252424 0.852256 3.9286
-0.1671518 0.6054636 3.972822
-0.2830176 0.3877232 3.908871
-0.2678452 0.1542689 3.846024
-0.2474507 0.07422174 3.819167
0.1324082 0.6120406 3.959215
0.2464269 0.3744935 3.945648
0.2222814 0.137396 3.869639
0.189983 0.0881009 3.841075
-0.0921163 0.1947837 4.124662
-0.2278491 0.03873122 3.795647
-0.2305197 -0.1516995 3.84545
-0.242141 -0.1597296 3.814122
0.08039018 0.1999604 4.117761
0.1547845 0.06250614 3.848788
0.113058 -0.2548937 3.912925
0.114301 -0.2848923 3.765279
-0.01177913 0.6346083 3.997049
-0.2483197 0.01455772 3.777157
-0.2149258 0.09086362 3.794161
0.1911045 0.03350512 3.788323
0.1564872 0.08983858 3.829862
84
-0.005870357 0.191263 4.153523
-0.00918459 0.4456496 4.066938
-0.01263511 0.6971593 3.970795
-0.02252424 0.852256 3.9286
-0.1671518 0.6054636 3.972822
-0.2830176 0.3877232 3.908871
-0.2678452 0.1542689 3.846024
-0.2474507 0.07422174 3.819167
0.1324082 0.6120406 3.959215
0.2464269 0.3744935 3.945648
0.2222814 0.137396 3.869639
0.189983 0.0881009 3.841075
-0.0921163 0.1947837 4.124662
-0.2278491 0.03873122 3.795647
-0.2305197 -0.1516995 3.84545
-0.242141 -0.1597296 3.814122
0.08039018 0.1999604 4.117761
0.1547845 0.06250614 3.848788
0.113058 -0.2548937 3.912925
0.114301 -0.2848923 3.765279
-0.01177913 0.6346083 3.997049
-0.2483197 0.01455772 3.777157
-0.2149258 0.09086362 3.794161
0.1911045 0.03350512 3.788323
0.1564872 0.08983858 3.829862
85
-0.005870357 0.191263 4.153523
-0.00918459 0.4456496 4.066938
-0.01263511 0.6971593 3.970795
-0.02252424 0.852256 3.9286
-0.1671518 0.6054636 3.972822
-0.2830176 0.3877232 3.908871
-0.2678452 0.1542689 3.846024
-0.2474507 0.07422174 3.819167
0.1324082 0.6120406 3.959215
0.2464269 0.3744935 3.945648
0.2222814 0.137396 3.869639
0.189983 0.0881009 3.841075
-0.0921163 0.1947837 4.124662
-0.2278491 0.03873122 3.795647
-0.2305197 -0.1516995 3.84545
-0.242141 -0.1597296 3.814122
0.08039018 0.1999604 4.117761
0.1547845 0.06250614 3.848788
0.113058 -0.2548937 3.912925
0.114301 -0.2848923 3.765279
-0.01177913 0.6346083 3.997049
-0.2483197 0.01455772 3.777157
-0.2149258 0.09086362 3.794161
0.1911045 0.03350512 3.788323
0.1564872 0.08983858 3.829862
86
-0.0006195405 0.2681329 4.160009
-0.006214681 0.5240003 4.079193
-0.01227447 0.7767123 3.98712
-0.01694797 0.9263738 3.952306
-0.1638759 0.6861704 3.989618
-0.2437663 0.4440509 3.927267
-0.2544335 0.2227071 3.849595
-0.2359943 0.1415103 3.820719
0.1350935 0.6823322 3.976553
0.2264427 0.441261 3.942969
0.2294666 0.211107 3.882761
0.2030946 0.1530745 3.847488
-0.0873733 0.2723561 4.130955
-0.2176109 0.0399273 3.804157
-0.2257224 -0.138742 3.844936
-0.2425835 -0.144096 3.818123
0.08608156 0.2752863 4.124384
0.1536136 0.03004669 3.811296
0.1115025 -0.288624 3.897514
0.1082991 -0.3271111 3.753696
-0.01068277 0.7148694 4.012569
-0.2301645 0.08808373 3.770211
-0.203237 0.1339446 3.821167
0.209423 0.09087281 3.789163
0.1725219 0.1597161 3.82093
87
-0.0006195405 0.2681329 4.160009
-0.006214681 0.5240003 4.079193
-0.01227447 0.7767123 3.98712
-0.01694797 0.9263738 3.952306
-0.1638759 0.6861704 3.989618
-0.2437663 0.4440509 3.927267
-0.2544335 0.2227071 3.849595
-0.2359943 0.1415103 3.820719
0.1350935 0.6823322 3.976553
0.2264427 0.441261 3.942969
0.2294666 0.211107 3.882761
0.2030946 0.1530745 3.847488
-0.0873733 0.2723561 4.130955
-0.2176109 0.0399273 3.804157
-0.2257224 -0.138742 3.844936
-0.2425835 -0.144096 3.818123
0.08608156 0.2752863 4.124384
0.1536136 0.03004669 3.811296
0.1115025 -0.288624 3.897514
0.1082991 -0.3271111 3.753696
-0.01068277 0.7148694 4.012569
-0.2301645 0.08808373 3.770211
-0.203237 0.1339446 3.821167
0.209423 0.09087281 3.789163
0.1725219 0.1597161 3.82093
88
-0.002146389 0.3136109 4.155011
-0.007215859 0.5850474 4.082716
-0.01156388 0.8477805 4.001024
-0.01217177 0.9977472 3.976754
-0.1622796 0.7472391 4.002184
-0.2099691 0.492752 3.947813
-0.2355257 0.2717658 3.856089
-0.2211886 0.2034335 3.813641
0.1396951 0.7508147 3.993518
0.2134299 0.5158866 3.948685
0.2282414 0.2703148 3.883515
0.2038857 0.1832606 3.843469
-0.08727707 0.3178472 4.126203
-0.2273203 0.1076037 3.759475
-0.2179311 -0.1124517 3.853173
-0.2400484 -0.1253531 3.82509
0.08296454 0.3206469 4.119226
0.1664004 0.08184338 3.76818
0.1025031 -0.2465287 3.923178
0.09869868 -0.3149094 3.776742
-0.0104848 0.782369 4.023623
-0.2229866 0.1523025 3.768607
-0.1738624 0.1766524 3.864951
0.2043076 0.1274654 3.78899
0.1575685 0.1884296 3.818964
89
-0.007844464 0.3688731 4.142959
-0.008300268 0.6449214 4.085712
-0.007836654 0.9168254 4.018448
-0.01055188 1.060651 3.998206
-0.1586447 0.8075413 4.016944
-0.1905754 0.5333554 3.96366
-0.1963266 0.3322918 3.841893
-0.2020644 0.2724798 3.806252
0.1491524 0.8153428 4.010698
0.2176875 0.5946211 3.968654
0.2235869 0.3518582 3.885886
0.1984934 0.2604602 3.837421
-0.08946629 0.3756034 4.11308
-0.2312576 0.1542839 3.738666
-0.2100762 -0.0861726 3.866379
-0.2413442 -0.100629 3.844347
0.07426962 0.3711697 4.108591
0.1767548 0.1089967 3.757982
0.0990782 -0.228571 3.935391
0.09064434 -0.2971762 3.801159
-0.007965081 0.8491921 4.037426
-0.2060707 0.2308018 3.77384
-0.1614223 0.2079172 3.868645
0.1917821 0.2045802 3.789324
0.1559247 0.2475309 3.794909
90
-0.007844464 0.3688731 4.142959
-0.008300268 0.6449214 4.085712
-0.007836654 0.9168254 4.018448
-0.01055188 1.060651 3.998206
-0.1586447 0.8075413 4.016944
-0.1905754 0.5333554 3.96366
-0.1963266 0.3322918 3.841893
-0.2020644 0.2724798 3.806252
0.1491524 0.8153428 4.010698
0.2176875 0.5946211 3.968654
0.2235869 0.3518582 3.885886
0.1984934 0.2604602 3.837421
-0.08946629 0.3756034 4.11308
-0.2312576 0.1542839 3.738666
-0.2100762 -0.0861726 3.866379
-0.2413442 -0.100629 3.844347
0.07426962 0.3711697 4.108591
0.1767548 0.1089967 3.757982
0.0990782 -0.228571 3.935391
0.09064434 -0.2971762 3.801159
-0.007965081 0.8491921 4.037426
-0.2060707 0.2308018 3.77384
-0.1614223 0.2079172 3.868645
0.1917821 0.2045802 3.789324
0.1559247 0.2475309 3.794909
91
-0.007150868 0.4209443 4.130557
-0.00972334 0.703836 4.087079
-0.0129569 0.9762992 4.030631
-0.004130892 1.120703 4.013955
-0.159178 0.8679162 4.0291
-0.1830458 0.5582755 3.969462
-0.1768015 0.3705935 3.834007
-0.1815862 0.3196254 3.802978
0.1566852 0.8617963 4.022496
0.2366686 0.6393768 3.984184
0.2261695 0.4267258 3.891567
0.1981993 0.3466852 3.84119
-0.08335833 0.4391824 4.106486
-0.2256577 0.2084933 3.740864
-0.2005004 -0.0695438 3.886684
-0.2410921 -0.09160912 3.851615
0.07027977 0.4037434 4.095657
0.1789775 0.1162083 3.754908
0.09697853 -0.219121 3.943089
0.08626063 -0.2888283 3.814203
-0.01209635 0.9085782 4.046935
-0.1398123 0.2756537 3.779588
-0.1359012 0.3173542 3.820171
0.1881863 0.2867384 3.794574
0.1588404 0.3455917 3.823028
92
-0.007150868 0.4209443 4.130557
-0.00972334 0.703836 4.087079
-0.0129569 0.9762992 4.030631
-0.004130892 1.120703 4.013955
-0.159178 0.8679162 4.0291
-0.1830458 0.5582755 3.969462
-0.1768015 0.3705935 3.834007
-0.1815862 0.3196254 3.802978
0.1566852 0.8617963 4.022496
0.2366686 0.6393768 3.984184
0.2261695 0.4267258 3.891567
0.1981993 0.3466852 3.84119
-0.08335833 0.4391824 4.106486
-0.2256577 0.2084933 3.740864
-0.2005004 -0.0695438 3.886684
-0.2410921 -0.09160912 3.851615
0.07027977 0.4037434 4.095657
0.1789775 0.1162083 3.754908
0.09697853 -0.219121 3.943089
0.08626063 -0.2888283 3.814203
-0.01209635 0.9085782 4.046935
-0.1398123 0.2756537 3.779588
-0.1359012 0.3173542 3.820171
0.1881863 0.2867384 3.794574
0.1588404 0.3455917 3.823028
93
-0.007348159 0.4540789 4.119984
-0.009615737 0.742185 4.08654
-0.01129052 1.029957 4.043285
-0.001725566 1.171033 4.029763
-0.1601195 0.9146349 4.038284
-0.1988386 0.6453095 3.990497
-0.1664133 0.4594745 3.863805
-0.1624448 0.4043203 3.817152
0.1630951 0.8980721 4.033783
0.2533466 0.693203 4.003531
0.221854 0.4739612 3.889521
0.1933224 0.3999188 3.837734
-0.08278633 0.488377 4.088709
-0.2163443 0.263123 3.725762
-0.2262187 -0.1837406 3.835717
-0.241565 -0.2112202 3.72266
0.06867904 0.4322996 4.085219
0.2072342 0.1900266 3.730741
0.1388693 -0.2442816 3.871427
0.1333365 -0.2889693 3.730784
-0.01091498 0.9605864 4.056254
-0.1219326 0.359412 3.795855
-0.1375172 0.420518 3.795355
0.1707816 0.3515639 3.803467
0.1575383 0.4253702 3.815934
94
-0.007348159 0.4540789 4.119984
-0.009615737 0.742185 4.08654
-0.01129052 1.029957 4.043285
-0.001725566 1.171033 4.029763
-0.1601195 0.9146349 4.038284
-0.1988386 0.6453095 3.990497
-0.1664133 0.4594745 3.863805
-0.1624448 0.4043203 3.817152
0.1630951 0.8980721 4.033783
0.2533466 0.693203 4.003531
0.221854 0.4739612 3.889521
0.1933224 0.3999188 3.837734
-0.08278633 0.488377 4.088709
-0.2163443 0.263123 3.725762
-0.2262187 -0.1837406 3.835717
-0.241565 -0.2112202 3.72266
0.06867904 0.4322996 4.085219
0.2072342 0.1900266 3.730741
0.1388693 -0.2442816 3.871427
0.1333365 -0.2889693 3.730784
-0.01091498 0.9605864 4.056254
-0.1219326 0.359412 3.795855
-0.1375172 0.420518 3.795355
0.1707816 0.3515639 3.803467
0.1575383 0.4253702 3.815934
95
0.00723033 0.5060272 4.113886
-0.002459122 0.7899266 4.089631
-0.01121585 1.067328 4.052576
0.001818008 1.203453 4.041356
-0.161244 0.9427931 4.045314
-0.2233809 0.7193319 4.0153
-0.1643124 0.511175 3.878283
-0.1507829 0.4537486 3.826584
0.1695643 0.9341093 4.044653
0.2774895 0.7303836 4.022856
0.214031 0.516018 3.875105
0.1882885 0.4411952 3.836275
-0.06953657 0.5202871 4.075551
-0.1832918 0.1523988 3.887625
-0.1920398 -0.1478094 3.929208
-0.2361753 -0.1637144 3.805095
0.07890067 0.4981847 4.088954
0.2369687 0.3126837 3.717991
0.1733794 -0.1831678 3.817724
0.1698034 -0.2116106 3.674033
-0.00959175 0.9980044 4.063914
-0.1139526 0.4232005 3.822121
-0.1474274 0.4902591 3.787958
0.1524069 0.4121303 3.814291
0.1697112 0.5018919 3.808291
96
0.00723033 0.5060272 4.113886
-0.002459122 0.7899266 4.089631
-0.01121585 1.067328 4.052576
0.001818008 1.203453 4.041356
-0.161244 0.9427931 4.045314
-0.2233809 0.7193319 4.0153
-0.1643124 0.511175 3.878283
-0.1507829 0.4537486 3.826584
0.1695643 0.9341093 4.044653
0.2774895 0.7303836 4.022856
0.214031 0.516018 3.875105
0.1882885 0.4411952 3.836275
-0.06953657 0.5202871 4.075551
-0.1832918 0.1523988 3.887625
-0.1920398 -0.1478094 3.929208
-0.2361753 -0.1637144 3.805095
0.07890067 0.4981847 4.088954
0.2369687 0.3126837 3.717991
0.1733794 -0.1831678 3.817724
0.1698034 -0.2116106 3.674033
-0.00959175 0.9980044 4.063914
-0.1139526 0.4232005 3.822121
-0.1474274 0.4902591 3.787958
0.1524069 0.4121303 3.814291
0.1697112 0.5018919 3.808291
97
0.005027235 0.5556192 4.093791
-0.001413015 0.8200821 4.088478
-0.01048745 1.09163 4.060013
0.004920269 1.228988 4.050927
-0.1639124 0.971771 4.051685
-0.2429153 0.7773387 4.031504
-0.17158 0.5776258 3.904466
-0.1512033 0.5117916 3.848296
0.1723354 0.9530964 4.05073
0.2948742 0.7646348 4.042452
0.2120693 0.559146 3.87306
0.1905785 0.5092988 3.84078
-0.06761214 0.5548009 4.056517
-0.1637327 0.1736295 3.931965
-0.1773705 -0.1414206 3.96751
-0.2248506 -0.1510465 3.863977
0.07429707 0.5597398 4.069424
0.1208388 0.1395093 3.937982
0.1057555 -0.2537767 3.96627
0.1032455 -0.2641231 3.821086
-0.008754863 1.022618 4.0693
-0.1217953 0.4700118 3.835199
-0.1428499 0.5248891 3.813632
0.1572814 0.4716729 3.827237
0.1827481 0.5455208 3.801087
98
0.005027235 0.5556192 4.093791
-0.001413015 0.8200821 4.088478
-0.01048745 1.09163 4.060013
0.004920269 1.228988 4.050927
-0.1639124 0.971771 4.051685
-0.2429153 0.7773387 4.031504
-0.17158 0.5776258 3.904466
-0.1512033 0.5117916 3.848296
0.1723354 0.9530964 4.05073
0.2948742 0.7646348 4.042452
0.2120693 0.559146 3.87306
0.1905785 0.5092988 3.84078
-0.06761214 0.5548009 4.056517
-0.1637327 0.1736295 3.931965
-0.1773705 -0.1414206 3.96751
-0.2248506 -0.1510465 3.863977
0.07429707 0.5597398 4.069424
0.1208388 0.1395093 3.937982
0.1057555 -0.2537767 3.96627
0.1032455 -0.2641231 3.821086
-0.008754863 1.022618 4.0693
-0.1217953 0.4700118 3.835199
-0.1428499 0.5248891 3.813632
0.1572814 0.4716729 3.827237
0.1827481 0.5455208 3.801087
99
0.003898012 0.5814942 4.082978
-0.001587272 0.8418111 4.086357
-0.01031294 1.108336 4.064921
0.007158066 1.246938 4.057833
-0.1649731 0.9891334 4.054856
-0.2479935 0.7960162 4.036281
-0.1769958 0.6024275 3.916625
-0.1511422 0.5397895 3.858782
0.1743009 0.9721366 4.056718
0.302896 0.7844851 4.050523
0.2219446 0.6115724 3.887823
0.2018436 0.5713105 3.85259
-0.07038174 0.5800046 4.043667
-0.1434757 0.1431891 3.98954
-0.1687164 -0.2104815 4.013402
-0.1853968 -0.2182458 3.880677
0.07446025 0.5899826 4.057816
0.1135337 0.1505696 3.961257
0.1026978 -0.2470801 3.981026
0.1011621 -0.2542287 3.836388
-0.008547033 1.040269 4.072847
-0.130694 0.4830713 3.852383
-0.1423311 0.5416383 3.845389
0.1750938 0.51469 3.841655
0.1905936 0.5896068 3.804205
100
0.003898012 0.5814942 4.082978
-0.001587272 0.8418111 4.086357
-0.01031294 1.108336 4.064921
0.007158066 1.246938 4.057833
-0.1649731 0.9891334 4.054856
-0.2479935 0.7960162 4.036281
-0.1769958 0.6024275 3.916625
-0.1511422 0.5397895 3.858782
0.1743009 0.9721366 4.056718
0.302896 0.7844851 4.050523
0.2219446 0.6115724 3.887823
0.2018436 0.5713105 3.85259
-0.07038174 0.5800046 4.043667
-0.1434757 0.1431891 3.98954
-0.1687164 -0.2104815 4.013402
-0.1853968 -0.2182458 3.880677
0.07446025 0.5899826 4.057816
0.1135337 0.1505696 3.961257
0.1026978 -0.2470801 3.981026
0.1011621 -0.2542287 3.836388
-0.008547033 1.040269 4.072847
-0.130694 0.4830713 3.852383
-0.1423311 0.5416383 3.845389
0.1750938 0.51469 3.841655
0.1905936 0.5896068 3.804205
101
0.004502404 0.6000955 4.07668
-0.001246258 0.8566337 4.085538
-0.0100442 1.120269 4.069088
0.00873511 1.260045 4.063676
-0.1659023 1.002017 4.057331
-0.2548906 0.8182204 4.042035
-0.180437 0.6169603 3.922233
-0.1525986 0.5587714 3.867255
0.1756191 0.983376 4.060349
0.3077515 0.7970504 4.055759
0.2251803 0.6345373 3.896475
0.2085704 0.6056516 3.858253
-0.06965593 0.5999321 4.038107
-0.1309854 0.1287219 4.015563
-0.1666555 -0.2486237 4.035866
-0.1634889 -0.2564808 3.895402
0.07551289 0.609117 4.050281
0.08122928 0.1180683 4.026886
0.07644746 -0.2684496 4.031466
0.07575198 -0.2701537 3.886933
-0.008238768 1.052694 4.075755
-0.1393986 0.4986241 3.871899
-0.1376903 0.5822283 3.884774
0.1925462 0.5597607 3.846402
0.1901018 0.5997809 3.814171
102
0.004502404 0.6000955 4.07668
-0.001246258 0.8566337 4.085538
-0.0100442 1.120269 4.069088
0.00873511 1.260045 4.063676
-0.1659023 1.002017 4.057331
-0.2548906 0.8182204 4.042035
-0.180437 0.6169603 3.922233
-0.1525986 0.5587714 3.867255
0.1756191 0.983376 4.060349
0.3077515 0.7970504 4.055759
0.2251803 0.6345373 3.896475
0.2085704 0.6056516 3.858253
-0.06965593 0.5999321 4.038107
-0.1309854 0.1287219 4.015563
-0.1666555 -0.2486237 4.035866
-0.1634889 -0.2564808 3.895402
0.07551289 0.609117 4.050281
0.08122928 0.1180683 4.026886
0.07644746 -0.2684496 4.031466
0.07575198 -0.2701537 3.886933
-0.008238768 1.052694 4.075755
-0.1393986 0.4986241 3.871899
-0.1376903 0.5822283 3.884774
0.1925462 0.5597607 3.846402
0.1901018 0.5997809 3.814171
103
0.005070874 0.6119765 4.072685
-0.0008476085 0.8667514 4.085176
-0.009490636 1.128783 4.073287
0.009963692 1.26873 4.068212
-0.1664081 1.010649 4.059046
-0.2608697 0.8243359 4.04309
-0.1846075 0.6245381 3.927464
-0.1554124 0.5692887 3.876793
0.1763853 0.9915776 4.063455
0.3109323 0.8073208 4.060229
0.2292655 0.6505408 3.906819
0.2160062 0.6275275 3.86434
-0.0690643 0.6110644 4.034406
-0.1244029 0.122495 4.029743
-0.164113 -0.2611981 4.05088
-0.1543417 -0.2703387 3.903312
0.07712845 0.6222236 4.043944
0.07055308 0.1029099 4.041536
0.06514131 -0.2715207 4.054628
0.06565586 -0.2766311 3.908682
-0.007792753 1.061717 4.078309
-0.1503844 0.4946941 3.872906
-0.1326797 0.5734289 3.906873
0.204359 0.5785276 3.849018
0.1948166 0.6262018 3.827842
104
0.005070874 0.6119765 4.072685
-0.0008476085 0.8667514 4.085176
-0.009490636 1.128783 4.073287
0.009963692 1.26873 4.068212
-0.1664081 1.010649 4.059046
-0.2608697 0.8243359 4.04309
-0.1846075 0.6245381 3.927464
-0.1554124 0.5692887 3.876793
0.1763853 0.9915776 4.063455
0.3109323 0.8073208 4.060229
0.2292655 0.6505408 3.906819
0.2160062 0.6275275 3.86434
-0.0690643 0.6110644 4.034406
-0.1244029 0.122495 4.029743
-0.164113 -0.2611981 4.05088
-0.1543417 -0.2703387 3.903312
0.07712845 0.6222236 4.043944
0.07055308 0.1029099 4.041536
0.06514131 -0.2715207 4.054628
0.06565586 -0.2766311 3.908682
-0.007792753 1.061717 4.078309
-0.1503844 0.4946941 3.872906
-0.1326797 0.5734289 3.906873
0.204359 0.5785276 3.849018
0.1948166 0.6262018 3.827842
105
0.005960157 0.6187102 4.069666
-0.0003735035 0.8733029 4.084793
-0.008417598 1.133112 4.077857
0.01107156 1.2738 4.073904
-0.1671191 1.015517 4.060172
-0.2677635 0.8293719 4.045528
-0.1895291 0.6249191 3.930735
-0.1666315 0.5678092 3.896662
0.1766855 0.996549 4.066144
0.3127682 0.8139891 4.063927
0.2320711 0.6581066 3.913327
0.2221276 0.6350408 3.868028
-0.06836505 0.6179354 4.032353
-0.1171243 0.1157201 4.047327
-0.1632391 -0.2734216 4.060169
-0.1481301 -0.280194 3.909216
0.07913011 0.6280318 4.038928
0.06359506 0.09782658 4.053375
0.05924107 -0.2740142 4.067963
0.06014325 -0.2797643 3.92166
-0.006981224 1.067134 4.081004
-0.1402158 0.4792015 3.868136
-0.1338666 0.5760113 3.925357
0.2164836 0.5936946 3.850134
0.1993701 0.6345177 3.839852
106
0.005960157 0.6187102 4.069666
-0.0003735035 0.8733029 4.084793
-0.008417598 1.133112 4.077857
0.01107156 1.2738 4.073904
-0.1671191 1.015517 4.060172
-0.2677635 0.8293719 4.045528
-0.1895291 0.6249191 3.930735
-0.1666315 0.5678092 3.896662
0.1766855 0.996549 4.066144
0.3127682 0.8139891 4.063927
0.2320711 0.6581066 3.913327
0.2221276 0.6350408 3.868028
-0.06836505 0.6179354 4.032353
-0.1171243 0.1157201 4.047327
-0.1632391 -0.2734216 4.060169
-0.1481301 -0.280194 3.909216
0.07913011 0.6280318 4.038928
0.06359506 0.09782658 4.053375
0.05924107 -0.2740142 4.067963
0.06014325 -0.2797643 3.92166
-0.006981224 1.067134 4.081004
-0.1402158 0.4792015 3.868136
-0.1338666 0.5760113 3.925357
0.2164836 0.5936946 3.850134
0.1993701 0.6345177 3.839852
107
0.007181057 0.6184145 4.067906
0.0003426115 0.8751532 4.084494
-0.006623016 1.133363 4.083538
0.01218436 1.274901 4.081657
-0.1680103 1.015795 4.06072
-0.2737333 0.8239672 4.045985
-0.1951594 0.6153274 3.933095
-0.1772101 0.5523192 3.91393
0.1767035 0.997748 4.069454
0.3129633 0.8165835 4.066924
0.2349439 0.6573427 3.918656
0.2310283 0.6272421 3.871616
-0.06746862 0.6188864 4.032301
-0.1126427 0.1103844 4.053869
-0.1599013 -0.2943776 4.07
-0.1743378 -0.2975868 3.947186
0.08144992 0.6256796 4.035221
0.05900074 0.09010299 4.064903
0.0569584 -0.2803344 4.074694
0.05853077 -0.2842113 3.92835
-0.005520101 1.068538 4.084622
-0.155025 0.4644619 3.878918
-0.1357861 0.5447947 3.929638
0.2245404 0.5664564 3.841249
0.2038789 0.6350521 3.84913
108
0.007181057 0.6184145 4.067906
0.0003426115 0.8751532 4.084494
-0.006623016 1.133363 4.083538
0.01218436 1.274901 4.081657
-0.1680103 1.015795 4.06072
-0.2737333 0.8239672 4.045985
-0.1951594 0.6153274 3.933095
-0.1772101 0.5523192 3.91393
0.1767035 0.997748 4.069454
0.3129633 0.8165835 4.066924
0.2349439 0.6573427 3.918656
0.2310283 0.6272421 3.871616
-0.06746862 0.6188864 4.032301
-0.1126427 0.1103844 4.053869
-0.1599013 -0.2943776 4.07
-0.1743378 -0.2975868 3.947186
0.08144992 0.6256796 4.035221
0.05900074 0.09010299 4.064903
0.0569584 -0.2803344 4.074694
0.05853077 -0.2842113 3.92835
-0.005520101 1.068538 4.084622
-0.155025 0.4644619 3.878918
-0.1357861 0.5447947 3.929638
0.2245404 0.5664564 3.841249
0.2038789 0.6350521 3.84913
109
0.007779061 0.6122976 4.066682
0.0009963515 0.8729497 4.084314
-0.00506947 1.131128 4.088414
0.01305438 1.27329 4.088751
-0.1686591 1.011933 4.061348
-0.2777451 0.8163696 4.045919
-0.2045976 0.6001167 3.939384
-0.1880693 0.5291073 3.928274
0.1765323 0.9952543 4.072885
0.3114637 0.8143268 4.070011
0.239359 0.6476181 3.924026
0.2380543 0.6009677 3.871821
-0.06697667 0.6147151 4.032331
-0.1104432 0.1068157 4.052512
-0.1587483 -0.3073664 4.076658
-0.1852297 -0.3105373 3.969286
0.08252931 0.6169327 4.032895
0.05787873 0.08739326 4.066765
0.05778231 -0.2842507 4.076107
0.05981158 -0.2879325 3.929647
-0.004122877 1.066879 4.088071
-0.1575752 0.4467375 3.89277
-0.143477 0.5333974 3.938988
0.2259928 0.5457559 3.840213
0.2017831 0.5573811 3.846609
110
0.007779061 0.6122976 4.066682
0.0009963515 0.8729497 4.084314
-0.00506947 1.131128 4.088414
0.01305438 1.27329 4.088751
-0.1686591 1.011933 4.061348
-0.2777451 0.8163696 4.045919
-0.2045976 0.6001167 3.939384
-0.1880693 0.5291073 3.928274
0.1765323 0.9952543 4.072885
0.3114637 0.8143268 4.070011
0.239359 0.6476181 3.924026
0.2380543 0.6009677 3.871821
-0.06697667 0.6147151 4.032331
-0.1104432 0.1068157 4.052512
-0.1587483 -0.3073664 4.076658
-0.1852297 -0.3105373 3.969286
0.08252931 0.6169327 4.032895
0.05787873 0.08739326 4.066765
0.05778231 -0.2842507 4.076107
0.05981158 -0.2879325 3.929647
-0.004122877 1.066879 4.088071
-0.1575752 0.4467375 3.89277
-0.143477 0.5333974 3.938988
0.2259928 0.5457559 3.840213
0.2017831 0.5573811 3.846609
111
0.003035989 0.6019649 4.065748
0.0007962773 0.8683593 4.084822
-0.003416248 1.127269 4.093436
0.01331538 1.269864 4.095404
-0.169117 1.005832 4.063915
-0.2798011 0.8087103 4.046497
-0.2172382 0.5817358 3.952657
-0.201387 0.5059444 3.942761
0.1764899 0.9903178 4.079005
0.302248 0.8021784 4.077122
0.2522264 0.6260421 3.935445
0.248075 0.5646446 3.878195
-0.07093265 0.6063218 4.032757
-0.1102196 0.105424 4.046411
-0.156793 -0.3124544 4.080345
-0.1882035 -0.3172062 3.97872
0.07719706 0.6042217 4.031263
0.05889434 0.08729699 4.06434
0.06018331 -0.3205971 4.077467
0.04875685 -0.3238388 3.977862
-0.002869929 1.063221 4.091915
-0.1691924 0.4337477 3.907477
-0.1577103 0.5201801 3.956305
0.2323974 0.5118097 3.838431
0.2087621 0.5584533 3.855875
112
0.003035989 0.6019649 4.065748
0.0007962773 0.8683593 4.084822
-0.003416248 1.127269 4.093436
0.01331538 1.269864 4.095404
-0.169117 1.005832 4.063915
-0.2798011 0.8087103 4.046497
-0.2172382 0.5817358 3.952657
-0.201387 0.5059444 3.942761
0.1764899 0.9903178 4.079005
0.302248 0.8021784 4.077122
0.2522264 0.6260421 3.935445
0.248075 0.5646446 3.878195
-0.07093265 0.6063218 4.032757
-0.1102196 0.105424 4.046411
-0.156793 -0.3124544 4.080345
-0.1882035 -0.3172062 3.97872
0.07719706 0.6042217 4.031263
0.05889434 0.08729699 4.06434
0.06018331 -0.3205971 4.077467
0.04875685 -0.3238388 3.977862
-0.002869929 1.063221 4.091915
-0.1691924 0.4337477 3.907477
-0.1577103 0.5201801 3.956305
0.2323974 0.5118097 3.838431
0.2087621 0.5584533 3.855875
113
-0.001514261 0.593659 4.065383
0.0001248243 0.8634028 4.085527
-0.002225735 1.123736 4.096956
0.01295472 1.266691 4.100187
-0.1695019 0.9997752 4.066304
-0.2782993 0.7995392 4.047481
-0.2258686 0.5710639 3.960093
-0.2095158 0.4958889 3.950007
0.1759755 0.9864319 4.083597
0.285594 0.7852904 4.084248
0.2650093 0.5988173 3.949838
0.2599537 0.5262336 3.888501
-0.07478395 0.5992337 4.033116
-0.111731 0.1050597 4.037531
-0.1554902 -0.3150457 4.082448
-0.1900967 -0.3218652 3.984952
0.07196476 0.5944263 4.030875
0.06034658 0.08417428 4.063319
0.06524561 -0.3276608 4.07196
0.03127293 -0.329846 3.987073
-0.002012129 1.059499 4.09483
-0.1888246 0.4213523 3.917169
-0.1719185 0.504674 3.965157
0.244578 0.4736746 3.837369
0.2256051 0.5187712 3.864617
114
-0.001514261 0.593659 4.065383
0.0001248243 0.8634028 4.085527
-0.002225735 1.123736 4.096956
0.01295472 1.266691 4.100187
-0.1695019 0.9997752 4.066304
-0.2782993 0.7995392 4.047481
-0.2258686 0.5710639 3.960093
-0.2095158 0.4958889 3.950007
0.1759755 0.9864319 4.083597
0.285594 0.7852904 4.084248
0.2650093 0.5988173 3.949838
0.2599537 0.5262336 3.888501
-0.07478395 0.5992337 4.033116
-0.111731 0.1050597 4.037531
-0.1554902 -0.3150457 4.082448
-0.1900967 -0.3218652 3.984952
0.07196476 0.5944263 4.030875
0.06034658 0.08417428 4.063319
0.06524561 -0.3276608 4.07196
0.03127293 -0.329846 3.987073
-0.002012129 1.059499 4.09483
-0.1888246 0.4213523 3.917169
-0.1719185 0.504674 3.965157
0.244578 0.4736746 3.837369
0.2256051 0.5187712 3.864617
115
-0.005113515 0.5876929 4.065199
-0.0009310166 0.8588806 4.086242
-0.001545876 1.120729 4.099393
0.0122462 1.263944 4.103658
-0.1698946 0.9939862 4.06843
-0.2494733 0.7524315 4.055541
-0.2375361 0.5397217 3.959767
-0.2224143 0.4806538 3.957228
0.1754114 0.9833716 4.086717
0.2645914 0.7652467 4.088996
0.2698782 0.558807 3.971106
0.2663255 0.4751986 3.903124
-0.07780651 0.5939382 4.033276
-0.11347 0.1045205 4.030702
-0.1599362 -0.2994882 4.078398
-0.1478958 -0.3124779 3.980098
0.06773355 0.5876511 4.030908
0.06243939 0.07854969 4.063703
0.06794722 -0.2566313 4.06448
0.00588097 -0.2578416 3.982315
-0.00163132 1.056158 4.096981
-0.2269478 0.4011972 3.924094
-0.1965472 0.4699068 3.958291
0.2604675 0.4214338 3.857779
0.2408767 0.4355343 3.877369
116
-0.005113515 0.5876929 4.065199
-0.0009310166 0.8588806 4.086242
-0.001545876 1.120729 4.099393
0.0122462 1.263944 4.103658
-0.1698946 0.9939862 4.06843
-0.2494733 0.7524315 4.055541
-0.2375361 0.5397217 3.959767
-0.2224143 0.4806538 3.957228
0.1754114 0.9833716 4.086717
0.2645914 0.7652467 4.088996
0.2698782 0.558807 3.971106
0.2663255 0.4751986 3.903124
-0.07780651 0.5939382 4.033276
-0.11347 0.1045205 4.030702
-0.1599362 -0.2994882 4.078398
-0.1478958 -0.3124779 3.980098
0.06773355 0.5876511 4.030908
0.06243939 0.07854969 4.063703
0.06794722 -0.2566313 4.06448
0.00588097 -0.2578416 3.982315
-0.00163132 1.056158 4.096981
-0.2269478 0.4011972 3.924094
-0.1965472 0.4699068 3.958291
0.2604675 0.4214338 3.857779
0.2408767 0.4355343 3.877369
117
-0.005113515 0.5876929 4.065199
-0.0009310166 0.8588806 4.086242
-0.001545876 1.120729 4.099393
0.0122462 1.263944 4.103658
-0.1698946 0.9939862 4.06843
-0.2494733 0.7524315 4.055541
-0.2375361 0.5397217 3.959767
-0.2224143 0.4806538 3.957228
0.1754114 0.9833716 4.086717
0.2645914 0.7652467 4.088996
0.2698782 0.558807 3.971106
0.2663255 0.4751986 3.903124
-0.07780651 0.5939382 4.033276
-0.11347 0.1045205 4.030702
-0.1599362 -0.2994882 4.078398
-0.1478958 -0.3124779 3.980098
0.06773355 0.5876511 4.030908
0.06243939 0.07854969 4.063703
0.06794722 -0.2566313 4.06448
0.00588097 -0.2578416 3.982315
-0.00163132 1.056158 4.096981
-0.2269478 0.4011972 3.924094
-0.1965472 0.4699068 3.958291
0.2604675 0.4214338 3.857779
0.2408767 0.4355343 3.877369
118
-0.007820564 0.58356 4.064984
-0.002064505 0.8552153 4.086948
-0.00128923 1.118168 4.101515
0.01080997 1.261343 4.106588
-0.1702531 0.98944 4.070238
-0.2326382 0.7267809 4.059907
-0.2458945 0.506893 3.975902
-0.2329241 0.4615692 3.964122
0.1748158 0.9811341 4.088827
0.2347924 0.7270749 4.083989
0.2705646 0.5348055 3.976063
0.2690111 0.4278405 3.929313
-0.08014975 0.5901208 4.033321
-0.1148574 0.1038735 4.026017
-0.1643267 -0.2933446 4.075037
-0.1325598 -0.3092534 3.978182
0.06467061 0.5831755 4.030796
0.06376988 0.0745299 4.064389
0.06793419 -0.2305949 4.062993
0.04117847 -0.2304971 3.961776
-0.001643328 1.053284 4.098898
-0.2645955 0.369389 3.941268
-0.2021686 0.4478422 3.950602
0.2718834 0.3733582 3.901931
0.2463654 0.4088526 3.908497
119
-0.007820564 0.58356 4.064984
-0.002064505 0.8552153 4.086948
-0.00128923 1.118168 4.101515
0.01080997 1.261343 4.106588
-0.1702531 0.98944 4.070238
-0.2326382 0.7267809 4.059907
-0.2458945 0.506893 3.975902
-0.2329241 0.4615692 3.964122
0.1748158 0.9811341 4.088827
0.2347924 0.7270749 4.083989
0.2705646 0.5348055 3.976063
0.2690111 0.4278405 3.929313
-0.08014975 0.5901208 4.033321
-0.1148574 0.1038735 4.026017
-0.1643267 -0.2933446 4.075037
-0.1325598 -0.3092534 3.978182
0.06467061 0.5831755 4.030796
0.06376988 0.0745299 4.064389
0.06793419 -0.2305949 4.062993
0.04117847 -0.2304971 3.961776
-0.001643328 1.053284 4.098898
-0.2645955 0.369389 3.941268
-0.2021686 0.4478422 3.950602
0.2718834 0.3733582 3.901931
0.2463654 0.4088526 3.908497
120
-0.009410067 0.5807807 4.064597
-0.002980422 0.8523907 4.087432
-0.001339815 1.115977 4.103002
0.008832783 1.258711 4.109093
-0.1706589 0.9856399 4.072032
-0.225678 0.7162784 4.062028
-0.249018 0.4952724 3.983247
-0.2393859 0.4503327 3.97043
0.1741609 0.9794732 4.090199
0.2242925 0.7168123 4.083532
0.2597231 0.5086521 3.999619
0.2587468 0.4029909 3.962743
-0.08154812 0.5871887 4.033003
-0.1156336 0.102711 4.02382
-0.1674188 -0.2804507 4.06984
-0.1149641 -0.2992381 3.972443
0.06293655 0.5804309 4.030518
0.06462978 0.07176517 4.06491
0.06794289 -0.2096457 4.062312
0.06085981 -0.208672 3.947823
-0.001855995 1.050882 4.100255
-0.2784498 0.3574734 3.949029
-0.2060674 0.4369775 3.948044
0.2703575 0.3406529 3.942471
0.2439692 0.3910386 3.936744
121
-0.009410067 0.5807807 4.064597
-0.002980422 0.8523907 4.087432
-0.001339815 1.115977 4.103002
0.008832783 1.258711 4.109093
-0.1706589 0.9856399 4.072032
-0.225678 0.7162784 4.062028
-0.249018 0.4952724 3.983247
-0.2393859 0.4503327 3.97043
0.1741609 0.9794732 4.090199
0.2242925 0.7168123 4.083532
0.2597231 0.5086521 3.999619
0.2587468 0.4029909 3.962743
-0.08154812 0.5871887 4.033003
-0.1156336 0.102711 4.02382
-0.1674188 -0.2804507 4.06984
-0.1149641 -0.2992381 3.972443
0.06293655 0.5804309 4.030518
0.06462978 0.07176517 4.06491
0.06794289 -0.2096457 4.062312
0.06085981 -0.208672 3.947823
-0.001855995 1.050882 4.100255
-0.2784498 0.3574734 3.949029
-0.2060674 0.4369775 3.948044
0.2703575 0.3406529 3.942471
0.2439692 0.3910386 3.936744
122
-0.01058528 0.5787676 4.064303
-0.003824347 0.850174 4.087838
-0.0015257 1.11425 4.104072
0.006196947 1.256196 4.1112
-0.1712827 0.9817057 4.07429
-0.2211286 0.7094949 4.064161
-0.2498898 0.4878201 3.991537
-0.2435749 0.4426995 3.977709
0.1733116 0.9781432 4.090959
0.2180804 0.7101766 4.083658
0.2535637 0.4876535 4.022048
0.2437583 0.3817409 4.003415
-0.08261043 0.5849167 4.032782
-0.1164283 0.1015985 4.022274
-0.1679694 -0.2654537 4.065944
-0.1049633 -0.2868879 3.960151
0.06166391 0.5785137 4.030279
0.06513593 0.06995765 4.065302
0.0680394 -0.2108006 4.062173
0.07385435 -0.2093584 3.938135
-0.002172925 1.04898 4.101264
-0.2855997 0.3491227 3.964474
-0.2084836 0.430738 3.947407
0.2562792 0.3132717 3.989537
0.22772 0.3715952 3.97799
123
-0.01143823 0.5773515 4.064094
-0.004612885 0.8484842 4.08815
-0.001855784 1.112892 4.104795
0.002902878 1.254082 4.112801
-0.1718299 0.9788557 4.076405
-0.2182087 0.70627 4.070188
-0.252843 0.4883799 4.00595
-0.2471339 0.4380847 3.986718
0.1722887 0.9770904 4.091238
0.2135689 0.7054332 4.084317
0.2501294 0.4799512 4.038632
0.2244379 0.3850269 4.048112
-0.08337282 0.5833031 4.032605
-0.1171654 0.1007418 4.021113
-0.1687758 -0.2597875 4.06406
-0.09830666 -0.2825254 3.957866
0.06072615 0.5771576 4.030115
0.06544339 0.06866476 4.065571
0.06783396 -0.1992245 4.061506
0.07421668 -0.1973308 3.94047
-0.002597205 1.047497 4.101974
-0.2820788 0.3508364 3.978184
-0.2108877 0.4328266 3.953448
0.2231497 0.3082382 4.039675
0.2003241 0.387125 4.014858
124
-0.01143823 0.5773515 4.064094
-0.004612885 0.8484842 4.08815
-0.001855784 1.112892 4.104795
0.002902878 1.254082 4.112801
-0.1718299 0.9788557 4.076405
-0.2182087 0.70627 4.070188
-0.252843 0.4883799 4.00595
-0.2471339 0.4380847 3.986718
0.1722887 0.9770904 4.091238
0.2135689 0.7054332 4.084317
0.2501294 0.4799512 4.038632
0.2244379 0.3850269 4.048112
-0.08337282 0.5833031 4.032605
-0.1171654 0.1007418 4.021113
-0.1687758 -0.2597875 4.06406
-0.09830666 -0.2825254 3.957866
0.06072615 0.5771576 4.030115
0.06544339 0.06866476 4.065571
0.06783396 -0.1992245 4.061506
0.07421668 -0.1973308 3.94047
-0.002597205 1.047497 4.101974
-0.2820788 0.3508364 3.978184
-0.2108877 0.4328266 3.953448
0.2231497 0.3082382 4.039675
0.2003241 0.387125 4.014858
