125
1
-0.09098092 1.080751 2.399794
-0.08482925 1.427889 2.424367
-0.07778879 1.760687 2.437015
-0.07161793 1.911258 2.430015
-0.2667442 1.622447 2.420267
-0.328363 1.358243 2.415372
-0.3509683 1.118926 2.342592
-0.3412035 1.05252 2.336246
0.1063891 1.615326 2.419981
0.1521517 1.346466 2.422172
0.1655345 1.10895 2.349152
0.1558454 1.041923 2.340345
-0.1764082 1.080944 2.355602
-0.1970251 0.6417617 2.409628
-0.2069931 0.2509652 2.398293
-0.2227234 0.2534051 2.328008
-0.002400297 1.077643 2.36105
0.01478186 0.638974 2.436917
0.02980992 0.2559956 2.43705
0.03650212 0.2562287 2.351916
-0.0796414 1.679399 2.436158
-0.3338769 0.9778264 2.33306
-0.3888779 1.040941 2.325982
0.1662941 0.9640152 2.347599
0.106523 1.032144 2.301972
2
-0.09098092 1.080751 2.399794
-0.08482925 1.427889 2.424367
-0.07778879 1.760687 2.437015
-0.07161793 1.911258 2.430015
-0.2667442 1.622447 2.420267
-0.328363 1.358243 2.415372
-0.3509683 1.118926 2.342592
-0.3412035 1.05252 2.336246
0.1063891 1.615326 2.419981
0.1521517 1.346466 2.422172
0.1655345 1.10895 2.349152
0.1558454 1.041923 2.340345
-0.1764082 1.080944 2.355602
-0.1970251 0.6417617 2.409628
-0.2069931 0.2509652 2.398293
-0.2227234 0.2534051 2.328008
-0.002400297 1.077643 2.36105
0.01478186 0.638974 2.436917
0.02980992 0.2559956 2.43705
0.03650212 0.2562287 2.351916
-0.0796414 1.679399 2.436158
-0.3338769 0.9778264 2.33306
-0.3888779 1.040941 2.325982
0.1662941 0.9640152 2.347599
0.106523 1.032144 2.301972
3
-0.09013753 1.080886 2.399917
-0.08338037 1.427929 2.424848
-0.07572356 1.760643 2.437721
-0.06893995 1.911106 2.431039
-0.2645907 1.62253 2.420467
-0.3268059 1.358369 2.415334
-0.349856 1.118976 2.342658
-0.3399771 1.052652 2.336105
0.1082553 1.615135 2.420805
0.1544729 1.346715 2.423737
0.167157 1.108246 2.350496
0.1579233 1.041045 2.342478
-0.1755912 1.081088 2.355704
-0.1969004 0.6418223 2.409642
-0.2070272 0.2509261 2.398322
-0.2195974 0.2533 2.327591
-0.001575253 1.077775 2.361178
0.01534953 0.6396412 2.436846
0.02970289 0.2557993 2.43706
0.03605387 0.2559895 2.352559
-0.07772706 1.679372 2.436823
-0.332873 0.97786 2.333155
-0.3869726 1.041841 2.325232
0.1678144 0.9632649 2.349373
0.1089486 1.030408 2.30359
4
-0.09013753 1.080886 2.399917
-0.08338037 1.427929 2.424848
-0.07572356 1.760643 2.437721
-0.06893995 1.911106 2.431039
-0.2645907 1.62253 2.420467
-0.3268059 1.358369 2.415334
-0.349856 1.118976 2.342658
-0.3399771 1.052652 2.336105
0.1082553 1.615135 2.420805
0.1544729 1.346715 2.423737
0.167157 1.108246 2.350496
0.1579233 1.041045 2.342478
-0.1755912 1.081088 2.355704
-0.1969004 0.6418223 2.409642
-0.2070272 0.2509261 2.398322
-0.2195974 0.2533 2.327591
-0.001575253 1.077775 2.361178
0.01534953 0.6396412 2.436846
0.02970289 0.2557993 2.43706
0.03605387 0.2559895 2.352559
-0.07772706 1.679372 2.436823
-0.332873 0.97786 2.333155
-0.3869726 1.041841 2.325232
0.1678144 0.9632649 2.349373
0.1089486 1.030408 2.30359
5
-0.08904388 1.081049 2.400159
-0.08158704 1.427977 2.425482
-0.07328236 1.760595 2.43857
-0.06591127 1.910994 2.432127
-0.2622464 1.622666 2.420799
-0.3249927 1.358482 2.415343
-0.3485945 1.118995 2.342678
-0.3379366 1.052805 2.33601
0.1105415 1.614914 2.42174
0.1573295 1.34711 2.425775
0.1691468 1.107264 2.352551
0.1602196 1.040472 2.345618
-0.1744925 1.08127 2.355953
-0.1967639 0.6418942 2.409665
-0.2070655 0.2507045 2.398343
-0.2183906 0.2531712 2.323416
-0.0005436998 1.077927 2.361397
0.01595834 0.6403263 2.436799
0.02958411 0.2556347 2.437073
0.03572122 0.2557921 2.353034
-0.07544021 1.679343 2.437635
-0.3296219 0.9781674 2.332852
-0.3855835 1.042299 2.324918
0.1695428 0.9625787 2.352144
0.1100466 1.030129 2.304464
6
-0.08904388 1.081049 2.400159
-0.08158704 1.427977 2.425482
-0.07328236 1.760595 2.43857
-0.06591127 1.910994 2.432127
-0.2622464 1.622666 2.420799
-0.3249927 1.358482 2.415343
-0.3485945 1.118995 2.342678
-0.3379366 1.052805 2.33601
0.1105415 1.614914 2.42174
0.1573295 1.34711 2.425775
0.1691468 1.107264 2.352551
0.1602196 1.040472 2.345618
-0.1744925 1.08127 2.355953
-0.1967639 0.6418942 2.409665
-0.2070655 0.2507045 2.398343
-0.2183906 0.2531712 2.323416
-0.0005436998 1.077927 2.361397
0.01595834 0.6403263 2.436799
0.02958411 0.2556347 2.437073
0.03572122 0.2557921 2.353034
-0.07544021 1.679343 2.437635
-0.3296219 0.9781674 2.332852
-0.3855835 1.042299 2.324918
0.1695428 0.9625787 2.352144
0.1100466 1.030129 2.304464
7
-0.08778332 1.081214 2.400472
-0.07969013 1.428021 2.426133
-0.07087063 1.760549 2.439354
-0.06289325 1.910913 2.433113
-0.2599483 1.622852 2.421143
-0.3230912 1.358611 2.415388
-0.3471478 1.118976 2.342694
-0.3361214 1.053143 2.335923
0.1130749 1.614631 2.422698
0.1600028 1.347308 2.427739
0.1711073 1.106504 2.354711
0.16202 1.039864 2.348152
-0.1732272 1.081466 2.356252
-0.1965782 0.6420113 2.409695
-0.2071158 0.2507634 2.398458
-0.217245 0.2532349 2.321906
0.0006530388 1.078069 2.361708
0.01650798 0.6409165 2.436768
0.02947832 0.2554767 2.437103
0.03540751 0.2556035 2.353498
-0.07314584 1.679314 2.438402
-0.3285635 0.9783241 2.333056
-0.3843885 1.042501 2.32452
0.1705039 0.9619337 2.355339
0.1108953 1.029761 2.3051
8
-0.08778332 1.081214 2.400472
-0.07969013 1.428021 2.426133
-0.07087063 1.760549 2.439354
-0.06289325 1.910913 2.433113
-0.2599483 1.622852 2.421143
-0.3230912 1.358611 2.415388
-0.3471478 1.118976 2.342694
-0.3361214 1.053143 2.335923
0.1130749 1.614631 2.422698
0.1600028 1.347308 2.427739
0.1711073 1.106504 2.354711
0.16202 1.039864 2.348152
-0.1732272 1.081466 2.356252
-0.1965782 0.6420113 2.409695
-0.2071158 0.2507634 2.398458
-0.217245 0.2532349 2.321906
0.0006530388 1.078069 2.361708
0.01650798 0.6409165 2.436768
0.02947832 0.2554767 2.437103
0.03540751 0.2556035 2.353498
-0.07314584 1.679314 2.438402
-0.3285635 0.9783241 2.333056
-0.3843885 1.042501 2.32452
0.1705039 0.9619337 2.355339
0.1108953 1.029761 2.3051
9
-0.08654904 1.081351 2.400834
-0.07787459 1.428037 2.426763
-0.06855236 1.76048 2.44005
-0.05983039 1.910797 2.434031
-0.2574883 1.623095 2.421507
-0.3210563 1.358728 2.415521
-0.3453828 1.118883 2.342764
-0.3339014 1.053533 2.335799
0.1154597 1.614316 2.423556
0.1625321 1.347257 2.429668
0.1729481 1.105645 2.35694
0.1637363 1.039545 2.350708
-0.1719521 1.08165 2.356631
-0.1962977 0.6419986 2.409762
-0.2065486 0.2733618 2.399209
-0.2058317 0.2763092 2.295557
0.001800042 1.07817 2.362047
0.01700586 0.641411 2.436753
0.02936379 0.2553602 2.437175
0.03518267 0.2554554 2.353829
-0.07094815 1.679262 2.439097
-0.3267905 0.9792168 2.332735
-0.3826925 1.04306 2.324571
0.1718325 0.9612972 2.358005
0.1125835 1.029696 2.306691
10
-0.08654904 1.081351 2.400834
-0.07787459 1.428037 2.426763
-0.06855236 1.76048 2.44005
-0.05983039 1.910797 2.434031
-0.2574883 1.623095 2.421507
-0.3210563 1.358728 2.415521
-0.3453828 1.118883 2.342764
-0.3339014 1.053533 2.335799
0.1154597 1.614316 2.423556
0.1625321 1.347257 2.429668
0.1729481 1.105645 2.35694
0.1637363 1.039545 2.350708
-0.1719521 1.08165 2.356631
-0.1962977 0.6419986 2.409762
-0.2065486 0.2733618 2.399209
-0.2058317 0.2763092 2.295557
0.001800042 1.07817 2.362047
0.01700586 0.641411 2.436753
0.02936379 0.2553602 2.437175
0.03518267 0.2554554 2.353829
-0.07094815 1.679262 2.439097
-0.3267905 0.9792168 2.332735
-0.3826925 1.04306 2.324571
0.1718325 0.9612972 2.358005
0.1125835 1.029696 2.306691
11
-0.08509354 1.081471 2.401299
-0.07578012 1.428057 2.427437
-0.06588578 1.760454 2.440716
-0.0568348 1.910706 2.434844
-0.254836 1.623288 2.421878
-0.3188914 1.35882 2.415727
-0.3432026 1.118815 2.342831
-0.3314359 1.053592 2.335869
0.1179078 1.614056 2.424419
0.164936 1.346927 2.431486
0.1751223 1.104664 2.359605
0.1658215 1.038752 2.353573
-0.1704835 1.081839 2.357101
-0.1959442 0.6419718 2.409852
-0.2066131 0.272755 2.399282
-0.2038439 0.2756707 2.294633
0.00318244 1.078234 2.362499
0.01748043 0.641859 2.43674
0.02927087 0.2552684 2.437238
0.03499589 0.2553359 2.354097
-0.06842087 1.679242 2.439781
-0.3257797 0.9793769 2.333064
-0.3801317 1.044851 2.324539
0.1721239 0.961063 2.359205
0.1167097 1.037348 2.311272
12
-0.08509354 1.081471 2.401299
-0.07578012 1.428057 2.427437
-0.06588578 1.760454 2.440716
-0.0568348 1.910706 2.434844
-0.254836 1.623288 2.421878
-0.3188914 1.35882 2.415727
-0.3432026 1.118815 2.342831
-0.3314359 1.053592 2.335869
0.1179078 1.614056 2.424419
0.164936 1.346927 2.431486
0.1751223 1.104664 2.359605
0.1658215 1.038752 2.353573
-0.1704835 1.081839 2.357101
-0.1959442 0.6419718 2.409852
-0.2066131 0.272755 2.399282
-0.2038439 0.2756707 2.294633
0.00318244 1.078234 2.362499
0.01748043 0.641859 2.43674
0.02927087 0.2552684 2.437238
0.03499589 0.2553359 2.354097
-0.06842087 1.679242 2.439781
-0.3257797 0.9793769 2.333064
-0.3801317 1.044851 2.324539
0.1721239 0.961063 2.359205
0.1167097 1.037348 2.311272
13
-0.08363479 1.081543 2.401767
-0.07365566 1.428039 2.428064
-0.06312048 1.760411 2.441302
-0.05380972 1.910637 2.435561
-0.2522237 1.623378 2.422222
-0.316618 1.358811 2.415991
-0.3409303 1.118682 2.342943
-0.3292547 1.053783 2.335945
0.1206423 1.613669 2.425228
0.1669751 1.346611 2.433005
0.1788689 1.10577 2.36457
0.168218 1.037541 2.357302
-0.1690587 1.081989 2.357545
-0.1954788 0.6418334 2.409977
-0.206708 0.2713794 2.399311
-0.2058056 0.2744566 2.29148
0.004622909 1.078235 2.362987
0.01802246 0.6423181 2.436724
0.02912517 0.2552147 2.437389
0.03484339 0.2552359 2.354316
-0.06581482 1.679199 2.440391
-0.3248346 0.9794534 2.333422
-0.3775304 1.046273 2.324579
0.1727341 0.9602108 2.362572
0.1196969 1.039118 2.314088
14
-0.08363479 1.081543 2.401767
-0.07365566 1.428039 2.428064
-0.06312048 1.760411 2.441302
-0.05380972 1.910637 2.435561
-0.2522237 1.623378 2.422222
-0.316618 1.358811 2.415991
-0.3409303 1.118682 2.342943
-0.3292547 1.053783 2.335945
0.1206423 1.613669 2.425228
0.1669751 1.346611 2.433005
0.1788689 1.10577 2.36457
0.168218 1.037541 2.357302
-0.1690587 1.081989 2.357545
-0.1954788 0.6418334 2.409977
-0.206708 0.2713794 2.399311
-0.2058056 0.2744566 2.29148
0.004622909 1.078235 2.362987
0.01802246 0.6423181 2.436724
0.02912517 0.2552147 2.437389
0.03484339 0.2552359 2.354316
-0.06581482 1.679199 2.440391
-0.3248346 0.9794534 2.333422
-0.3775304 1.046273 2.324579
0.1727341 0.9602108 2.362572
0.1196969 1.039118 2.314088
15
-0.0819157 1.081585 2.402358
-0.07130042 1.428005 2.428745
-0.0602033 1.760371 2.441885
-0.05072618 1.910609 2.43618
-0.2494891 1.623442 2.422612
-0.3143768 1.358772 2.41633
-0.3386588 1.118496 2.343141
-0.3272053 1.054009 2.336303
0.1235243 1.613243 2.426015
0.1688111 1.346361 2.434358
0.1820604 1.106504 2.368555
0.1710225 1.036247 2.36079
-0.1674295 1.082122 2.358069
-0.194868 0.6415954 2.410136
-0.206843 0.2692245 2.399322
-0.2086642 0.2724745 2.289423
0.006366351 1.078188 2.363645
0.01870074 0.6429709 2.436663
0.0289304 0.255225 2.43759
0.03474623 0.2551797 2.354458
-0.06303197 1.679155 2.44101
-0.3092567 0.9677247 2.327338
-0.3756194 1.04655 2.324672
0.1736459 0.9598879 2.364519
0.1226601 1.041421 2.316573
16
-0.0819157 1.081585 2.402358
-0.07130042 1.428005 2.428745
-0.0602033 1.760371 2.441885
-0.05072618 1.910609 2.43618
-0.2494891 1.623442 2.422612
-0.3143768 1.358772 2.41633
-0.3386588 1.118496 2.343141
-0.3272053 1.054009 2.336303
0.1235243 1.613243 2.426015
0.1688111 1.346361 2.434358
0.1820604 1.106504 2.368555
0.1710225 1.036247 2.36079
-0.1674295 1.082122 2.358069
-0.194868 0.6415954 2.410136
-0.206843 0.2692245 2.399322
-0.2086642 0.2724745 2.289423
0.006366351 1.078188 2.363645
0.01870074 0.6429709 2.436663
0.0289304 0.255225 2.43759
0.03474623 0.2551797 2.354458
-0.06303197 1.679155 2.44101
-0.3092567 0.9677247 2.327338
-0.3756194 1.04655 2.324672
0.1736459 0.9598879 2.364519
0.1226601 1.041421 2.316573
17
-0.08010778 1.081605 2.402996
-0.06899858 1.427967 2.42937
-0.05749225 1.760337 2.442347
-0.04762118 1.910594 2.436696
-0.2468638 1.6235 2.423066
-0.312036 1.358729 2.416809
-0.3361044 1.118246 2.343446
-0.3255165 1.05432 2.336911
0.1267827 1.612548 2.426901
0.1705904 1.345999 2.435601
0.1848039 1.10686 2.371792
0.17348 1.035306 2.363591
-0.1657 1.082256 2.358647
-0.1942504 0.6413759 2.410264
-0.2070117 0.2663438 2.399306
-0.2107525 0.2696428 2.290748
0.008183919 1.078099 2.364341
0.01933082 0.6435727 2.436591
0.02874894 0.2552463 2.437788
0.03466819 0.2551332 2.354565
-0.06041623 1.679115 2.44152
-0.3084916 0.9698149 2.328921
-0.3737987 1.047928 2.325365
0.174604 0.95649 2.369565
0.1247716 1.042676 2.318286
18
-0.08010778 1.081605 2.402996
-0.06899858 1.427967 2.42937
-0.05749225 1.760337 2.442347
-0.04762118 1.910594 2.436696
-0.2468638 1.6235 2.423066
-0.312036 1.358729 2.416809
-0.3361044 1.118246 2.343446
-0.3255165 1.05432 2.336911
0.1267827 1.612548 2.426901
0.1705904 1.345999 2.435601
0.1848039 1.10686 2.371792
0.17348 1.035306 2.363591
-0.1657 1.082256 2.358647
-0.1942504 0.6413759 2.410264
-0.2070117 0.2663438 2.399306
-0.2107525 0.2696428 2.290748
0.008183919 1.078099 2.364341
0.01933082 0.6435727 2.436591
0.02874894 0.2552463 2.437788
0.03466819 0.2551332 2.354565
-0.06041623 1.679115 2.44152
-0.3084916 0.9698149 2.328921
-0.3737987 1.047928 2.325365
0.174604 0.95649 2.369565
0.1247716 1.042676 2.318286
19
-0.07800464 1.081618 2.403745
-0.06614388 1.427915 2.430038
-0.05380821 1.760274 2.442751
-0.0439911 1.910588 2.437247
-0.2437428 1.623538 2.423654
-0.3092542 1.359041 2.417682
-0.3335102 1.11798 2.343941
-0.3235433 1.054872 2.337839
0.129665 1.612 2.427681
0.1723959 1.345525 2.436811
0.1869029 1.10688 2.374249
0.1753339 1.0345 2.365703
-0.1636089 1.082399 2.359363
-0.193575 0.6412596 2.410317
-0.2072337 0.2625648 2.399267
-0.2118487 0.2657498 2.29582
0.01021242 1.077992 2.365115
0.01991491 0.6441235 2.436494
0.02856142 0.2553209 2.438075
0.0346205 0.2551162 2.354623
-0.05694645 1.679052 2.442004
-0.3088259 0.9729508 2.331902
-0.3707387 1.052029 2.326483
0.1753076 0.9554475 2.371828
0.1272786 1.042375 2.319952
20
-0.07800464 1.081618 2.403745
-0.06614388 1.427915 2.430038
-0.05380821 1.760274 2.442751
-0.0439911 1.910588 2.437247
-0.2437428 1.623538 2.423654
-0.3092542 1.359041 2.417682
-0.3335102 1.11798 2.343941
-0.3235433 1.054872 2.337839
0.129665 1.612 2.427681
0.1723959 1.345525 2.436811
0.1869029 1.10688 2.374249
0.1753339 1.0345 2.365703
-0.1636089 1.082399 2.359363
-0.193575 0.6412596 2.410317
-0.2072337 0.2625648 2.399267
-0.2118487 0.2657498 2.29582
0.01021242 1.077992 2.365115
0.01991491 0.6441235 2.436494
0.02856142 0.2553209 2.438075
0.0346205 0.2551162 2.354623
-0.05694645 1.679052 2.442004
-0.3088259 0.9729508 2.331902
-0.3707387 1.052029 2.326483
0.1753076 0.9554475 2.371828
0.1272786 1.042375 2.319952
21
-0.0758289 1.081671 2.404482
-0.06315129 1.427882 2.430679
-0.04994995 1.760175 2.443151
-0.04024383 1.910564 2.437724
-0.24059 1.623559 2.424262
-0.3065194 1.359406 2.418679
-0.3310033 1.117628 2.34455
-0.3218262 1.055236 2.338915
0.1325523 1.611527 2.428493
0.1742886 1.344858 2.438062
0.1885723 1.106773 2.376112
0.1769929 1.033718 2.367266
-0.1613972 1.082599 2.360059
-0.1927923 0.6412314 2.410174
-0.2074351 0.260183 2.399292
-0.2143291 0.2633671 2.297072
0.01227132 1.077911 2.365885
0.02047572 0.6445954 2.436346
0.0283563 0.2554202 2.438347
0.03459799 0.2551163 2.354644
-0.05330487 1.678969 2.442473
-0.30868 0.975483 2.333175
-0.3696072 1.053017 2.326818
0.1762096 0.9529622 2.374832
0.1289263 1.041992 2.320718
22
-0.0758289 1.081671 2.404482
-0.06315129 1.427882 2.430679
-0.04994995 1.760175 2.443151
-0.04024383 1.910564 2.437724
-0.24059 1.623559 2.424262
-0.3065194 1.359406 2.418679
-0.3310033 1.117628 2.34455
-0.3218262 1.055236 2.338915
0.1325523 1.611527 2.428493
0.1742886 1.344858 2.438062
0.1885723 1.106773 2.376112
0.1769929 1.033718 2.367266
-0.1613972 1.082599 2.360059
-0.1927923 0.6412314 2.410174
-0.2074351 0.260183 2.399292
-0.2143291 0.2633671 2.297072
0.01227132 1.077911 2.365885
0.02047572 0.6445954 2.436346
0.0283563 0.2554202 2.438347
0.03459799 0.2551163 2.354644
-0.05330487 1.678969 2.442473
-0.30868 0.975483 2.333175
-0.3696072 1.053017 2.326818
0.1762096 0.9529622 2.374832
0.1289263 1.041992 2.320718
23
-0.07367902 1.081794 2.405162
-0.06005662 1.427894 2.431306
-0.0458049 1.760046 2.443651
-0.03571399 1.910534 2.438218
-0.2366647 1.623945 2.425207
-0.3031556 1.359962 2.420314
-0.3286789 1.117406 2.345532
-0.3201646 1.055934 2.340732
0.135849 1.611061 2.42948
0.1764551 1.344123 2.439438
0.1898979 1.106589 2.377522
0.1783648 1.032971 2.36845
-0.1592261 1.082876 2.360707
-0.1915706 0.6409144 2.409222
-0.2078054 0.2554972 2.399344
-0.22226 0.2586038 2.301886
0.01432194 1.077885 2.366588
0.02134863 0.6453688 2.435889
0.02810879 0.2555959 2.438612
0.03458911 0.2551216 2.354634
-0.04942614 1.67888 2.443007
-0.3102946 0.9788709 2.335817
-0.3677593 1.051642 2.332211
0.1769105 0.9514914 2.37633
0.1306792 1.04158 2.32147
24
-0.07367902 1.081794 2.405162
-0.06005662 1.427894 2.431306
-0.0458049 1.760046 2.443651
-0.03571399 1.910534 2.438218
-0.2366647 1.623945 2.425207
-0.3031556 1.359962 2.420314
-0.3286789 1.117406 2.345532
-0.3201646 1.055934 2.340732
0.135849 1.611061 2.42948
0.1764551 1.344123 2.439438
0.1898979 1.106589 2.377522
0.1783648 1.032971 2.36845
-0.1592261 1.082876 2.360707
-0.1915706 0.6409144 2.409222
-0.2078054 0.2554972 2.399344
-0.22226 0.2586038 2.301886
0.01432194 1.077885 2.366588
0.02134863 0.6453688 2.435889
0.02810879 0.2555959 2.438612
0.03458911 0.2551216 2.354634
-0.04942614 1.67888 2.443007
-0.3102946 0.9788709 2.335817
-0.3677593 1.051642 2.332211
0.1769105 0.9514914 2.37633
0.1306792 1.04158 2.32147
25
-0.07118233 1.081861 2.405718
-0.05631813 1.427766 2.431884
-0.04074647 1.759661 2.444278
-0.03063385 1.910364 2.438622
-0.2314933 1.624534 2.426455
-0.2998404 1.36062 2.422098
-0.3266364 1.11726 2.346657
-0.3186699 1.056431 2.342613
0.1391077 1.610555 2.430388
0.1786039 1.343414 2.440681
0.1910094 1.106372 2.378573
0.1795702 1.032485 2.369023
-0.1567717 1.083083 2.36124
-0.1887505 0.6401117 2.404407
-0.2082677 0.2545442 2.399901
-0.2250286 0.2565426 2.301502
0.01675372 1.077819 2.367158
0.0224507 0.6462103 2.434949
0.02781504 0.255886 2.438895
0.03458599 0.255127 2.354614
-0.04469556 1.678565 2.443614
-0.3094128 0.9798645 2.337227
-0.3652781 1.050546 2.335863
0.1773058 0.950582 2.377292
0.1320031 1.041436 2.321515
26
-0.07118233 1.081861 2.405718
-0.05631813 1.427766 2.431884
-0.04074647 1.759661 2.444278
-0.03063385 1.910364 2.438622
-0.2314933 1.624534 2.426455
-0.2998404 1.36062 2.422098
-0.3266364 1.11726 2.346657
-0.3186699 1.056431 2.342613
0.1391077 1.610555 2.430388
0.1786039 1.343414 2.440681
0.1910094 1.106372 2.378573
0.1795702 1.032485 2.369023
-0.1567717 1.083083 2.36124
-0.1887505 0.6401117 2.404407
-0.2082677 0.2545442 2.399901
-0.2250286 0.2565426 2.301502
0.01675372 1.077819 2.367158
0.0224507 0.6462103 2.434949
0.02781504 0.255886 2.438895
0.03458599 0.255127 2.354614
-0.04469556 1.678565 2.443614
-0.3094128 0.9798645 2.337227
-0.3652781 1.050546 2.335863
0.1773058 0.950582 2.377292
0.1320031 1.041436 2.321515
27
-0.0677352 1.081955 2.406465
-0.05156111 1.427548 2.432812
-0.03483016 1.759079 2.445469
-0.02512201 1.909834 2.439371
-0.2254822 1.624894 2.428742
-0.2960499 1.361478 2.424745
-0.3242103 1.117429 2.349074
-0.3172028 1.057595 2.347322
0.1432854 1.609912 2.43173
0.1812776 1.342497 2.442374
0.192295 1.106027 2.379645
0.1807798 1.032051 2.369744
-0.1534587 1.083342 2.361969
-0.1854635 0.6392978 2.396958
-0.2085853 0.2545999 2.400442
-0.2242152 0.2546646 2.303855
0.02017565 1.077743 2.367909
0.02383183 0.6471869 2.43378
0.02744903 0.2562493 2.439205
0.03465405 0.2551403 2.354485
-0.03904713 1.678077 2.444728
-0.3153618 0.9839426 2.339796
-0.3627497 1.055828 2.341259
0.1776905 0.9497131 2.378237
0.1346047 1.03851 2.321032
28
-0.0677352 1.081955 2.406465
-0.05156111 1.427548 2.432812
-0.03483016 1.759079 2.445469
-0.02512201 1.909834 2.439371
-0.2254822 1.624894 2.428742
-0.2960499 1.361478 2.424745
-0.3242103 1.117429 2.349074
-0.3172028 1.057595 2.347322
0.1432854 1.609912 2.43173
0.1812776 1.342497 2.442374
0.192295 1.106027 2.379645
0.1807798 1.032051 2.369744
-0.1534587 1.083342 2.361969
-0.1854635 0.6392978 2.396958
-0.2085853 0.2545999 2.400442
-0.2242152 0.2546646 2.303855
0.02017565 1.077743 2.367909
0.02383183 0.6471869 2.43378
0.02744903 0.2562493 2.439205
0.03465405 0.2551403 2.354485
-0.03904713 1.678077 2.444728
-0.3153618 0.9839426 2.339796
-0.3627497 1.055828 2.341259
0.1776905 0.9497131 2.378237
0.1346047 1.03851 2.321032
29
-0.06318115 1.082171 2.407126
-0.04607893 1.427319 2.433876
-0.02856741 1.758386 2.447084
-0.01868412 1.908955 2.4405
-0.2190658 1.624995 2.43165
-0.2912968 1.362053 2.429092
-0.3215047 1.118119 2.354029
-0.3165934 1.058136 2.353853
0.1501269 1.608512 2.434793
0.1849883 1.341434 2.44487
0.1935417 1.105669 2.380571
0.1819151 1.031654 2.370217
-0.1491911 1.083753 2.362553
-0.179679 0.6366763 2.378223
-0.2085416 0.2581759 2.400541
-0.2247057 0.2537019 2.30376
0.02482021 1.077746 2.368643
0.02528171 0.6480693 2.43253
0.02708438 0.2566549 2.4395
0.03483691 0.2551721 2.354223
-0.03296464 1.677502 2.446188
-0.3171908 0.9857275 2.345046
-0.3608745 1.054577 2.346571
0.1779645 0.9491565 2.378801
0.1371853 1.025855 2.315116
30
-0.06318115 1.082171 2.407126
-0.04607893 1.427319 2.433876
-0.02856741 1.758386 2.447084
-0.01868412 1.908955 2.4405
-0.2190658 1.624995 2.43165
-0.2912968 1.362053 2.429092
-0.3215047 1.118119 2.354029
-0.3165934 1.058136 2.353853
0.1501269 1.608512 2.434793
0.1849883 1.341434 2.44487
0.1935417 1.105669 2.380571
0.1819151 1.031654 2.370217
-0.1491911 1.083753 2.362553
-0.179679 0.6366763 2.378223
-0.2085416 0.2581759 2.400541
-0.2247057 0.2537019 2.30376
0.02482021 1.077746 2.368643
0.02528171 0.6480693 2.43253
0.02708438 0.2566549 2.4395
0.03483691 0.2551721 2.354223
-0.03296464 1.677502 2.446188
-0.3171908 0.9857275 2.345046
-0.3608745 1.054577 2.346571
0.1779645 0.9491565 2.378801
0.1371853 1.025855 2.315116
31
-0.05768901 1.08251 2.408436
-0.03897469 1.42703 2.436334
-0.01977563 1.757308 2.45123
-0.01169938 1.907908 2.442256
-0.2108823 1.625034 2.437133
-0.2838281 1.362178 2.438494
-0.3186021 1.118684 2.362099
-0.3161198 1.058721 2.365719
0.1579103 1.607193 2.439367
0.1906586 1.340578 2.449564
0.1951536 1.105157 2.381834
0.1834845 1.031063 2.371153
-0.1439366 1.084355 2.363912
-0.1750878 0.6346835 2.360684
-0.2080437 0.2608306 2.3972
-0.2252597 0.2530902 2.302415
0.03032999 1.07781 2.369894
0.02669237 0.6488088 2.431421
0.02674071 0.2570829 2.439766
0.03529713 0.2552517 2.353752
-0.02459584 1.676635 2.449857
-0.3166515 0.9965441 2.353704
-0.3580477 1.049154 2.356477
0.1791348 0.9493466 2.379391
0.1408206 1.025402 2.317128
32
-0.05768901 1.08251 2.408436
-0.03897469 1.42703 2.436334
-0.01977563 1.757308 2.45123
-0.01169938 1.907908 2.442256
-0.2108823 1.625034 2.437133
-0.2838281 1.362178 2.438494
-0.3186021 1.118684 2.362099
-0.3161198 1.058721 2.365719
0.1579103 1.607193 2.439367
0.1906586 1.340578 2.449564
0.1951536 1.105157 2.381834
0.1834845 1.031063 2.371153
-0.1439366 1.084355 2.363912
-0.1750878 0.6346835 2.360684
-0.2080437 0.2608306 2.3972
-0.2252597 0.2530902 2.302415
0.03032999 1.07781 2.369894
0.02669237 0.6488088 2.431421
0.02674071 0.2570829 2.439766
0.03529713 0.2552517 2.353752
-0.02459584 1.676635 2.449857
-0.3166515 0.9965441 2.353704
-0.3580477 1.049154 2.356477
0.1791348 0.9493466 2.379391
0.1408206 1.025402 2.317128
33
-0.0512289 1.082989 2.409748
-0.03231335 1.426678 2.438485
-0.01294538 1.756239 2.454353
-0.00397506 1.90659 2.444239
-0.2033277 1.625137 2.442327
-0.2779762 1.361863 2.445864
-0.3158123 1.119387 2.371585
-0.3148551 1.057976 2.374537
0.1652115 1.605912 2.443532
0.1956958 1.339878 2.453846
0.1969064 1.10455 2.383144
0.1846175 1.030424 2.371641
-0.1379853 1.08525 2.365218
-0.1688523 0.6366413 2.314583
-0.2074635 0.2672412 2.378994
-0.2327507 0.2525684 2.279687
0.03714321 1.077813 2.371215
0.02819592 0.649371 2.430308
0.026387 0.2575274 2.44001
0.03586461 0.2553318 2.353107
-0.01780367 1.675736 2.452725
-0.3219206 0.9954058 2.362588
-0.3545253 1.055682 2.367056
0.178333 0.9479518 2.379031
0.1436947 1.026968 2.31783
34
-0.0512289 1.082989 2.409748
-0.03231335 1.426678 2.438485
-0.01294538 1.756239 2.454353
-0.00397506 1.90659 2.444239
-0.2033277 1.625137 2.442327
-0.2779762 1.361863 2.445864
-0.3158123 1.119387 2.371585
-0.3148551 1.057976 2.374537
0.1652115 1.605912 2.443532
0.1956958 1.339878 2.453846
0.1969064 1.10455 2.383144
0.1846175 1.030424 2.371641
-0.1379853 1.08525 2.365218
-0.1688523 0.6366413 2.314583
-0.2074635 0.2672412 2.378994
-0.2327507 0.2525684 2.279687
0.03714321 1.077813 2.371215
0.02819592 0.649371 2.430308
0.026387 0.2575274 2.44001
0.03586461 0.2553318 2.353107
-0.01780367 1.675736 2.452725
-0.3219206 0.9954058 2.362588
-0.3545253 1.055682 2.367056
0.178333 0.9479518 2.379031
0.1436947 1.026968 2.31783
35
-0.0423898 1.083713 2.411755
-0.02374564 1.425985 2.441338
-0.004706081 1.754321 2.458078
0.003341452 1.904871 2.446405
-0.1961175 1.624675 2.447603
-0.2712752 1.360034 2.455026
-0.3126222 1.121348 2.384041
-0.3129537 1.056269 2.387457
0.1729109 1.604501 2.448012
0.2014975 1.339345 2.458528
0.1995469 1.10377 2.385118
0.1865303 1.029573 2.372992
-0.1302565 1.086544 2.36723
-0.165481 0.6423079 2.276444
-0.2155588 0.2626422 2.338238
-0.2379938 0.25316 2.261797
0.04688258 1.077843 2.373184
0.03031441 0.6501806 2.429023
0.02592917 0.2579515 2.440269
0.0360506 0.2553311 2.352825
-0.009474738 1.674109 2.456233
-0.3212088 0.9856669 2.378922
-0.3509578 1.047136 2.383323
0.1714569 0.9387211 2.373762
0.1455635 1.026561 2.318291
36
-0.0423898 1.083713 2.411755
-0.02374564 1.425985 2.441338
-0.004706081 1.754321 2.458078
0.003341452 1.904871 2.446405
-0.1961175 1.624675 2.447603
-0.2712752 1.360034 2.455026
-0.3126222 1.121348 2.384041
-0.3129537 1.056269 2.387457
0.1729109 1.604501 2.448012
0.2014975 1.339345 2.458528
0.1995469 1.10377 2.385118
0.1865303 1.029573 2.372992
-0.1302565 1.086544 2.36723
-0.165481 0.6423079 2.276444
-0.2155588 0.2626422 2.338238
-0.2379938 0.25316 2.261797
0.04688258 1.077843 2.373184
0.03031441 0.6501806 2.429023
0.02592917 0.2579515 2.440269
0.0360506 0.2553311 2.352825
-0.009474738 1.674109 2.456233
-0.3212088 0.9856669 2.378922
-0.3509578 1.047136 2.383323
0.1714569 0.9387211 2.373762
0.1455635 1.026561 2.318291
37
-0.03513538 1.08447 2.413611
-0.01670925 1.425447 2.443887
0.002032651 1.752626 2.461321
0.01089332 1.903141 2.448676
-0.1892477 1.624234 2.452981
-0.2643892 1.358334 2.46488
-0.3080343 1.12582 2.403244
-0.309812 1.055786 2.401319
0.1800762 1.602897 2.45232
0.2071926 1.338689 2.463049
0.2031558 1.102864 2.388085
0.1894143 1.028844 2.37585
-0.123919 1.087878 2.369109
-0.1640025 0.6600498 2.232762
-0.2252366 0.2640272 2.297463
-0.2504651 0.256266 2.226083
0.05495448 1.077922 2.375013
0.03275518 0.6512471 2.427745
0.02542033 0.258319 2.440522
0.03610615 0.255264 2.35271
-0.002651672 1.672692 2.459306
-0.3184262 0.9853284 2.394259
-0.3462784 1.050519 2.394546
0.1728622 0.9384171 2.374916
0.1474301 1.026396 2.319392
38
-0.03513538 1.08447 2.413611
-0.01670925 1.425447 2.443887
0.002032651 1.752626 2.461321
0.01089332 1.903141 2.448676
-0.1892477 1.624234 2.452981
-0.2643892 1.358334 2.46488
-0.3080343 1.12582 2.403244
-0.309812 1.055786 2.401319
0.1800762 1.602897 2.45232
0.2071926 1.338689 2.463049
0.2031558 1.102864 2.388085
0.1894143 1.028844 2.37585
-0.123919 1.087878 2.369109
-0.1640025 0.6600498 2.232762
-0.2252366 0.2640272 2.297463
-0.2504651 0.256266 2.226083
0.05495448 1.077922 2.375013
0.03275518 0.6512471 2.427745
0.02542033 0.258319 2.440522
0.03610615 0.255264 2.35271
-0.002651672 1.672692 2.459306
-0.3184262 0.9853284 2.394259
-0.3462784 1.050519 2.394546
0.1728622 0.9384171 2.374916
0.1474301 1.026396 2.319392
39
-0.02750014 1.085234 2.415897
-0.009769814 1.424881 2.446678
0.008200609 1.750971 2.464531
0.01752929 1.901552 2.450826
-0.1825833 1.623798 2.458244
-0.2586762 1.356845 2.47324
-0.3040912 1.131337 2.418983
-0.3064525 1.05602 2.414629
0.1857741 1.601673 2.455802
0.2126958 1.337882 2.467162
0.2070996 1.101707 2.391455
0.1932178 1.028724 2.380344
-0.1173663 1.089307 2.371367
-0.1615815 0.6975248 2.192248
-0.2286462 0.2985215 2.243854
-0.2509815 0.2927043 2.169852
0.06349513 1.077911 2.377309
0.0351709 0.6524504 2.426682
0.02492061 0.2585786 2.440724
0.03607854 0.2551494 2.352684
0.003714692 1.671286 2.462423
-0.3138168 0.9805225 2.410347
-0.3416016 1.045233 2.410971
0.1782457 0.9406812 2.378398
0.1514402 1.027247 2.325355
40
-0.02750014 1.085234 2.415897
-0.009769814 1.424881 2.446678
0.008200609 1.750971 2.464531
0.01752929 1.901552 2.450826
-0.1825833 1.623798 2.458244
-0.2586762 1.356845 2.47324
-0.3040912 1.131337 2.418983
-0.3064525 1.05602 2.414629
0.1857741 1.601673 2.455802
0.2126958 1.337882 2.467162
0.2070996 1.101707 2.391455
0.1932178 1.028724 2.380344
-0.1173663 1.089307 2.371367
-0.1615815 0.6975248 2.192248
-0.2286462 0.2985215 2.243854
-0.2509815 0.2927043 2.169852
0.06349513 1.077911 2.377309
0.0351709 0.6524504 2.426682
0.02492061 0.2585786 2.440724
0.03607854 0.2551494 2.352684
0.003714692 1.671286 2.462423
-0.3138168 0.9805225 2.410347
-0.3416016 1.045233 2.410971
0.1782457 0.9406812 2.378398
0.1514402 1.027247 2.325355
41
-0.02169711 1.085903 2.417997
-0.004219276 1.424559 2.449175
0.01331301 1.749788 2.467317
0.02331215 1.900169 2.45298
-0.1765404 1.623383 2.463026
-0.2533604 1.356365 2.481164
-0.3017014 1.13391 2.429306
-0.3042331 1.056588 2.426602
0.1901847 1.600807 2.458439
0.2179792 1.337202 2.470958
0.2111259 1.100286 2.395335
0.197934 1.027611 2.386887
-0.1123245 1.090487 2.373451
-0.1627543 0.7388506 2.156493
-0.2202602 0.3568576 2.19032
-0.238516 0.3531533 2.117453
0.06987908 1.078017 2.379402
0.03743606 0.6539833 2.425821
0.02531288 0.2848822 2.439885
0.02852038 0.2806098 2.330518
0.008953063 1.670303 2.465151
-0.3085163 0.9765433 2.421488
-0.3357318 1.03872 2.423625
0.1799488 0.9408849 2.380549
0.1550311 1.022238 2.329566
42
-0.02169711 1.085903 2.417997
-0.004219276 1.424559 2.449175
0.01331301 1.749788 2.467317
0.02331215 1.900169 2.45298
-0.1765404 1.623383 2.463026
-0.2533604 1.356365 2.481164
-0.3017014 1.13391 2.429306
-0.3042331 1.056588 2.426602
0.1901847 1.600807 2.458439
0.2179792 1.337202 2.470958
0.2111259 1.100286 2.395335
0.197934 1.027611 2.386887
-0.1123245 1.090487 2.373451
-0.1627543 0.7388506 2.156493
-0.2202602 0.3568576 2.19032
-0.238516 0.3531533 2.117453
0.06987908 1.078017 2.379402
0.03743606 0.6539833 2.425821
0.02531288 0.2848822 2.439885
0.02852038 0.2806098 2.330518
0.008953063 1.670303 2.465151
-0.3085163 0.9765433 2.421488
-0.3357318 1.03872 2.423625
0.1799488 0.9408849 2.380549
0.1550311 1.022238 2.329566
43
-0.02169711 1.085903 2.417997
-0.004219276 1.424559 2.449175
0.01331301 1.749788 2.467317
0.02331215 1.900169 2.45298
-0.1765404 1.623383 2.463026
-0.2533604 1.356365 2.481164
-0.3017014 1.13391 2.429306
-0.3042331 1.056588 2.426602
0.1901847 1.600807 2.458439
0.2179792 1.337202 2.470958
0.2111259 1.100286 2.395335
0.197934 1.027611 2.386887
-0.1123245 1.090487 2.373451
-0.1627543 0.7388506 2.156493
-0.2202602 0.3568576 2.19032
-0.238516 0.3531533 2.117453
0.06987908 1.078017 2.379402
0.03743606 0.6539833 2.425821
0.02531288 0.2848822 2.439885
0.02852038 0.2806098 2.330518
0.008953063 1.670303 2.465151
-0.3085163 0.9765433 2.421488
-0.3357318 1.03872 2.423625
0.1799488 0.9408849 2.380549
0.1550311 1.022238 2.329566
44
-0.0176118 1.086666 2.419847
0.0001905886 1.424616 2.451481
0.01819166 1.749136 2.470142
0.02808576 1.899326 2.454962
-0.1716107 1.623139 2.466889
-0.248896 1.356355 2.487961
-0.3003536 1.135813 2.437847
-0.303418 1.05873 2.440675
0.1941345 1.600212 2.460792
0.2224359 1.336343 2.474138
0.2167046 1.097994 2.40124
0.2042526 1.02635 2.396275
-0.1087127 1.0919 2.375625
-0.1663895 0.7813226 2.112909
-0.2011897 0.4418055 2.150831
-0.2184177 0.4349361 2.073519
0.07435595 1.078253 2.381086
0.03918042 0.6553148 2.425269
0.02469747 0.2749105 2.440344
0.02502852 0.271116 2.344909
0.01369801 1.669831 2.467846
-0.3032844 0.9756214 2.43396
-0.3315374 1.039407 2.433359
0.1943351 0.9438071 2.395704
0.1623334 1.012254 2.343898
45
-0.01473644 1.087405 2.421178
0.003491284 1.424826 2.453274
0.02224991 1.748754 2.47262
0.03192923 1.898849 2.456684
-0.1675292 1.623136 2.470022
-0.2454776 1.356832 2.493185
-0.3000366 1.136216 2.44555
-0.304304 1.071027 2.457019
0.1972239 1.599835 2.462551
0.2258249 1.335757 2.476594
0.2225326 1.095787 2.408124
0.2111855 1.025216 2.406772
-0.1062045 1.09328 2.377196
-0.1681197 0.7995852 2.094384
-0.1755566 0.5064353 2.093995
-0.2229275 0.5077294 2.024515
0.07757968 1.078543 2.382319
0.04054713 0.6564641 2.425017
0.02503767 0.288685 2.439825
0.0222966 0.2844594 2.332008
0.01753292 1.669612 2.470132
-0.3065059 0.9988829 2.456495
-0.3235731 1.094376 2.452997
0.2018845 0.9454861 2.406071
0.1682748 1.020638 2.354731
46
-0.01473644 1.087405 2.421178
0.003491284 1.424826 2.453274
0.02224991 1.748754 2.47262
0.03192923 1.898849 2.456684
-0.1675292 1.623136 2.470022
-0.2454776 1.356832 2.493185
-0.3000366 1.136216 2.44555
-0.304304 1.071027 2.457019
0.1972239 1.599835 2.462551
0.2258249 1.335757 2.476594
0.2225326 1.095787 2.408124
0.2111855 1.025216 2.406772
-0.1062045 1.09328 2.377196
-0.1681197 0.7995852 2.094384
-0.1755566 0.5064353 2.093995
-0.2229275 0.5077294 2.024515
0.07757968 1.078543 2.382319
0.04054713 0.6564641 2.425017
0.02503767 0.288685 2.439825
0.0222966 0.2844594 2.332008
0.01753292 1.669612 2.470132
-0.3065059 0.9988829 2.456495
-0.3235731 1.094376 2.452997
0.2018845 0.9454861 2.406071
0.1682748 1.020638 2.354731
47
-0.01217309 1.088542 2.42231
0.006280231 1.425263 2.454744
0.02545023 1.748583 2.474537
0.03502705 1.89859 2.458163
-0.164127 1.623466 2.472728
-0.2425647 1.357791 2.497794
-0.2998138 1.138085 2.451763
-0.3083981 1.089628 2.469277
0.199657 1.599649 2.463858
0.2290573 1.335315 2.478723
0.2282707 1.093873 2.415247
0.2175857 1.024909 2.415109
-0.1040474 1.095134 2.378557
-0.1746693 0.8421145 2.055104
-0.1621661 0.6015012 2.043509
-0.2149332 0.6012694 1.991422
0.08051535 1.079165 2.383324
0.04155932 0.6574835 2.425021
0.02462446 0.2843816 2.439977
0.03368443 0.2794667 2.327629
0.02061449 1.669595 2.471928
-0.3161373 1.029535 2.456665
-0.3152111 1.135507 2.463246
0.212607 0.9486063 2.416516
0.1714007 1.020726 2.360084
48
-0.01217309 1.088542 2.42231
0.006280231 1.425263 2.454744
0.02545023 1.748583 2.474537
0.03502705 1.89859 2.458163
-0.164127 1.623466 2.472728
-0.2425647 1.357791 2.497794
-0.2998138 1.138085 2.451763
-0.3083981 1.089628 2.469277
0.199657 1.599649 2.463858
0.2290573 1.335315 2.478723
0.2282707 1.093873 2.415247
0.2175857 1.024909 2.415109
-0.1040474 1.095134 2.378557
-0.1746693 0.8421145 2.055104
-0.1621661 0.6015012 2.043509
-0.2149332 0.6012694 1.991422
0.08051535 1.079165 2.383324
0.04155932 0.6574835 2.425021
0.02462446 0.2843816 2.439977
0.03368443 0.2794667 2.327629
0.02061449 1.669595 2.471928
-0.3161373 1.029535 2.456665
-0.3152111 1.135507 2.463246
0.212607 0.9486063 2.416516
0.1714007 1.020726 2.360084
49
-0.009600298 1.090054 2.423367
0.008886748 1.42594 2.45607
0.02811104 1.748601 2.476114
0.03751553 1.898549 2.4594
-0.1613892 1.623968 2.474907
-0.2398149 1.359879 2.50214
-0.303064 1.148637 2.462281
-0.3112086 1.121722 2.476494
0.2016763 1.599669 2.464896
0.2322173 1.334886 2.48085
0.2327484 1.092453 2.420885
0.2245655 1.02352 2.424136
-0.1019365 1.097265 2.379771
-0.1858138 0.957255 1.987016
-0.1519829 0.6917042 2.053269
-0.185662 0.6651086 1.963868
0.08343521 1.080125 2.384254
0.04218927 0.6583305 2.425261
0.02423286 0.2809018 2.44008
0.04130615 0.2755961 2.325632
0.02325876 1.669766 2.473445
-0.320172 1.041205 2.459715
-0.3178104 1.077368 2.447372
0.2187589 0.9501565 2.423097
0.1763866 1.027407 2.37231
50
-0.009600298 1.090054 2.423367
0.008886748 1.42594 2.45607
0.02811104 1.748601 2.476114
0.03751553 1.898549 2.4594
-0.1613892 1.623968 2.474907
-0.2398149 1.359879 2.50214
-0.303064 1.148637 2.462281
-0.3112086 1.121722 2.476494
0.2016763 1.599669 2.464896
0.2322173 1.334886 2.48085
0.2327484 1.092453 2.420885
0.2245655 1.02352 2.424136
-0.1019365 1.097265 2.379771
-0.1858138 0.957255 1.987016
-0.1519829 0.6917042 2.053269
-0.185662 0.6651086 1.963868
0.08343521 1.080125 2.384254
0.04218927 0.6583305 2.425261
0.02423286 0.2809018 2.44008
0.04130615 0.2755961 2.325632
0.02325876 1.669766 2.473445
-0.320172 1.041205 2.459715
-0.3178104 1.077368 2.447372
0.2187589 0.9501565 2.423097
0.1763866 1.027407 2.37231
51
-0.001546583 1.093196 2.423912
0.01238231 1.427027 2.457259
0.03015853 1.748722 2.477327
0.03953613 1.898656 2.460381
-0.1592639 1.624492 2.476583
-0.236947 1.364658 2.506448
-0.3047099 1.155457 2.466947
-0.3194731 1.102572 2.487362
0.2033959 1.599823 2.465681
0.235007 1.334718 2.482716
0.2364635 1.091335 2.425603
0.2299129 1.022519 2.430286
-0.09513422 1.100396 2.380359
-0.1960181 1.062397 1.945992
-0.1425269 0.7681615 2.035701
-0.1687876 0.7306749 1.928408
0.09214338 1.083058 2.384699
0.04246673 0.6592733 2.425747
0.02332632 0.2667568 2.440582
0.03212136 0.2628407 2.348317
0.0254929 1.670058 2.474664
-0.3279713 1.051373 2.475543
-0.319024 1.083033 2.464258
0.2245748 0.9512202 2.428797
0.1826707 1.043627 2.383469
52
-0.001546583 1.093196 2.423912
0.01238231 1.427027 2.457259
0.03015853 1.748722 2.477327
0.03953613 1.898656 2.460381
-0.1592639 1.624492 2.476583
-0.236947 1.364658 2.506448
-0.3047099 1.155457 2.466947
-0.3194731 1.102572 2.487362
0.2033959 1.599823 2.465681
0.235007 1.334718 2.482716
0.2364635 1.091335 2.425603
0.2299129 1.022519 2.430286
-0.09513422 1.100396 2.380359
-0.1960181 1.062397 1.945992
-0.1425269 0.7681615 2.035701
-0.1687876 0.7306749 1.928408
0.09214338 1.083058 2.384699
0.04246673 0.6592733 2.425747
0.02332632 0.2667568 2.440582
0.03212136 0.2628407 2.348317
0.0254929 1.670058 2.474664
-0.3279713 1.051373 2.475543
-0.319024 1.083033 2.464258
0.2245748 0.9512202 2.428797
0.1826707 1.043627 2.383469
53
0.006262282 1.095916 2.423352
0.01585505 1.428139 2.457945
0.03166924 1.748861 2.478208
0.04118808 1.89883 2.461187
-0.1576622 1.625003 2.477813
-0.2303223 1.390153 2.509965
-0.3053178 1.174286 2.468674
-0.3221745 1.101684 2.491024
0.2047076 1.59998 2.466242
0.2372085 1.334655 2.484191
0.2391372 1.090657 2.429016
0.2337258 1.021894 2.434443
-0.08779223 1.103046 2.379503
-0.2029965 1.192432 1.939242
-0.141074 0.8280994 2.031597
-0.1613548 0.7914032 1.900432
0.09996053 1.085662 2.384355
0.04234208 0.6606882 2.426574
0.02303074 0.2645549 2.440547
0.0366936 0.2605644 2.346304
0.02725554 1.670363 2.475551
-0.3316261 1.064956 2.47781
-0.3192566 1.079797 2.467109
0.2273783 0.9517844 2.431714
0.1843169 1.052727 2.388861
54
0.006262282 1.095916 2.423352
0.01585505 1.428139 2.457945
0.03166924 1.748861 2.478208
0.04118808 1.89883 2.461187
-0.1576622 1.625003 2.477813
-0.2303223 1.390153 2.509965
-0.3053178 1.174286 2.468674
-0.3221745 1.101684 2.491024
0.2047076 1.59998 2.466242
0.2372085 1.334655 2.484191
0.2391372 1.090657 2.429016
0.2337258 1.021894 2.434443
-0.08779223 1.103046 2.379503
-0.2029965 1.192432 1.939242
-0.141074 0.8280994 2.031597
-0.1613548 0.7914032 1.900432
0.09996053 1.085662 2.384355
0.04234208 0.6606882 2.426574
0.02303074 0.2645549 2.440547
0.0366936 0.2605644 2.346304
0.02725554 1.670363 2.475551
-0.3316261 1.064956 2.47781
-0.3192566 1.079797 2.467109
0.2273783 0.9517844 2.431714
0.1843169 1.052727 2.388861
55
0.006262282 1.095916 2.423352
0.01585505 1.428139 2.457945
0.03166924 1.748861 2.478208
0.04118808 1.89883 2.461187
-0.1576622 1.625003 2.477813
-0.2303223 1.390153 2.509965
-0.3053178 1.174286 2.468674
-0.3221745 1.101684 2.491024
0.2047076 1.59998 2.466242
0.2372085 1.334655 2.484191
0.2391372 1.090657 2.429016
0.2337258 1.021894 2.434443
-0.08779223 1.103046 2.379503
-0.2029965 1.192432 1.939242
-0.141074 0.8280994 2.031597
-0.1613548 0.7914032 1.900432
0.09996053 1.085662 2.384355
0.04234208 0.6606882 2.426574
0.02303074 0.2645549 2.440547
0.0366936 0.2605644 2.346304
0.02725554 1.670363 2.475551
-0.3316261 1.064956 2.47781
-0.3192566 1.079797 2.467109
0.2273783 0.9517844 2.431714
0.1843169 1.052727 2.388861
56
0.01063339 1.097073 2.42344
0.01839505 1.428918 2.458447
0.03280918 1.749017 2.478858
0.04253545 1.899054 2.461858
-0.1565415 1.625389 2.478669
-0.2273677 1.412816 2.509082
-0.3060931 1.195069 2.466487
-0.3240383 1.104817 2.491575
0.2057956 1.600164 2.466649
0.2390726 1.334677 2.485451
0.24111 1.090162 2.431684
0.2364998 1.02103 2.437595
-0.08335661 1.103642 2.379557
-0.2001443 1.232757 1.965229
-0.1410959 0.8518181 2.018263
-0.1611301 0.8294392 1.879823
0.1042191 1.087061 2.384503
0.04188985 0.6627764 2.427679
0.02388313 0.285026 2.439713
0.02835925 0.2813502 2.331027
0.02859917 1.67064 2.476204
-0.3306931 1.084232 2.47522
-0.3209429 1.093752 2.463312
0.2297259 0.9517066 2.4345
0.1912179 1.041624 2.396884
57
0.01063339 1.097073 2.42344
0.01839505 1.428918 2.458447
0.03280918 1.749017 2.478858
0.04253545 1.899054 2.461858
-0.1565415 1.625389 2.478669
-0.2273677 1.412816 2.509082
-0.3060931 1.195069 2.466487
-0.3240383 1.104817 2.491575
0.2057956 1.600164 2.466649
0.2390726 1.334677 2.485451
0.24111 1.090162 2.431684
0.2364998 1.02103 2.437595
-0.08335661 1.103642 2.379557
-0.2001443 1.232757 1.965229
-0.1410959 0.8518181 2.018263
-0.1611301 0.8294392 1.879823
0.1042191 1.087061 2.384503
0.04188985 0.6627764 2.427679
0.02388313 0.285026 2.439713
0.02835925 0.2813502 2.331027
0.02859917 1.67064 2.476204
-0.3306931 1.084232 2.47522
-0.3209429 1.093752 2.463312
0.2297259 0.9517066 2.4345
0.1912179 1.041624 2.396884
58
0.0116502 1.094149 2.429844
0.02005198 1.429233 2.459255
0.03365653 1.749171 2.479333
0.04362116 1.899295 2.462397
-0.1557425 1.62569 2.479276
-0.2307686 1.426516 2.506183
-0.3095609 1.213114 2.456534
-0.324642 1.103611 2.487525
0.2066548 1.60035 2.466923
0.2405199 1.334725 2.486451
0.2427458 1.089943 2.433853
0.238589 1.020303 2.440038
-0.08134356 1.096129 2.386797
-0.1866723 1.294086 2.008936
-0.1491151 0.8727674 1.967346
-0.1540288 0.8852378 1.836579
0.1040329 1.087021 2.391722
0.0410012 0.6660212 2.429177
0.02362508 0.2813178 2.439603
0.03343258 0.2779207 2.330596
0.02959451 1.670874 2.476695
-0.326617 1.077394 2.470668
-0.3221587 1.135947 2.460007
0.2315488 0.9519106 2.436452
0.1963433 1.033363 2.403986
59
0.01350021 1.092015 2.433918
0.02149003 1.429369 2.460022
0.03429671 1.749315 2.479676
0.04452043 1.899535 2.462845
-0.1551466 1.626032 2.479742
-0.2353518 1.435476 2.504201
-0.3125986 1.225433 2.448341
-0.3247182 1.104643 2.4805
0.2073371 1.60051 2.467101
0.2416038 1.334775 2.487201
0.243907 1.089773 2.435408
0.2399103 1.019784 2.441573
-0.07837687 1.091185 2.390975
-0.1799191 1.317888 2.03264
-0.1420635 0.8614765 1.987237
-0.1619632 0.8710246 1.874663
0.104985 1.08699 2.395986
0.03986697 0.6700856 2.430522
0.02337057 0.2774645 2.439424
0.03799077 0.2743832 2.330621
0.03037201 1.67107 2.477057
-0.3238796 1.070248 2.463263
-0.3328017 1.112781 2.453583
0.2323317 0.9515321 2.438406
0.1983192 1.027911 2.406101
60
0.01350021 1.092015 2.433918
0.02149003 1.429369 2.460022
0.03429671 1.749315 2.479676
0.04452043 1.899535 2.462845
-0.1551466 1.626032 2.479742
-0.2353518 1.435476 2.504201
-0.3125986 1.225433 2.448341
-0.3247182 1.104643 2.4805
0.2073371 1.60051 2.467101
0.2416038 1.334775 2.487201
0.243907 1.089773 2.435408
0.2399103 1.019784 2.441573
-0.07837687 1.091185 2.390975
-0.1799191 1.317888 2.03264
-0.1420635 0.8614765 1.987237
-0.1619632 0.8710246 1.874663
0.104985 1.08699 2.395986
0.03986697 0.6700856 2.430522
0.02337057 0.2774645 2.439424
0.03799077 0.2743832 2.330621
0.03037201 1.67107 2.477057
-0.3238796 1.070248 2.463263
-0.3328017 1.112781 2.453583
0.2323317 0.9515321 2.438406
0.1983192 1.027911 2.406101
61
0.01498136 1.090341 2.436881
0.02277902 1.429355 2.460781
0.03482465 1.749464 2.479917
0.04520885 1.899747 2.463196
-0.1547081 1.62639 2.480094
-0.2408032 1.441451 2.502471
-0.3151031 1.233814 2.441757
-0.3245899 1.108098 2.47008
0.2079109 1.600653 2.467191
0.2424353 1.334835 2.487773
0.2448313 1.089806 2.436617
0.2407811 1.01917 2.442624
-0.07611956 1.087778 2.39375
-0.1759187 1.323485 2.04793
-0.1415819 0.8731074 1.996521
-0.1634891 0.8847009 1.880321
0.1057709 1.086901 2.399053
0.03883291 0.6735266 2.431515
0.02307466 0.2741602 2.439137
0.04151505 0.2713684 2.330978
0.03104005 1.671247 2.477332
-0.3231679 1.066073 2.454925
-0.3452556 1.0813 2.445818
0.2325329 0.9497603 2.440994
0.199166 1.024167 2.407094
62
0.01498136 1.090341 2.436881
0.02277902 1.429355 2.460781
0.03482465 1.749464 2.479917
0.04520885 1.899747 2.463196
-0.1547081 1.62639 2.480094
-0.2408032 1.441451 2.502471
-0.3151031 1.233814 2.441757
-0.3245899 1.108098 2.47008
0.2079109 1.600653 2.467191
0.2424353 1.334835 2.487773
0.2448313 1.089806 2.436617
0.2407811 1.01917 2.442624
-0.07611956 1.087778 2.39375
-0.1759187 1.323485 2.04793
-0.1415819 0.8731074 1.996521
-0.1634891 0.8847009 1.880321
0.1057709 1.086901 2.399053
0.03883291 0.6735266 2.431515
0.02307466 0.2741602 2.439137
0.04151505 0.2713684 2.330978
0.03104005 1.671247 2.477332
-0.3231679 1.066073 2.454925
-0.3452556 1.0813 2.445818
0.2325329 0.9497603 2.440994
0.199166 1.024167 2.407094
63
0.01599617 1.089053 2.43894
0.02379512 1.429263 2.461421
0.03523455 1.749604 2.480083
0.04575827 1.899944 2.463476
-0.1543942 1.626721 2.48034
-0.246785 1.445304 2.501168
-0.3172026 1.239497 2.436984
-0.3248143 1.11056 2.45682
0.2083974 1.60077 2.467196
0.2430501 1.334845 2.488165
0.2454727 1.089859 2.437449
0.2408192 1.018456 2.442477
-0.074595 1.085436 2.395544
-0.1733827 1.327029 2.059458
-0.1408445 0.8745733 2.005499
-0.1656512 0.8863029 1.892185
0.10629 1.086764 2.401193
0.03785272 0.6766078 2.4321
0.02278225 0.2715924 2.438736
0.04409207 0.2690401 2.331367
0.03156585 1.671393 2.477533
-0.3231418 1.061268 2.441653
-0.3505596 1.071953 2.435234
0.2327183 0.9490914 2.441886
0.1986467 1.01958 2.406142
64
0.01599617 1.089053 2.43894
0.02379512 1.429263 2.461421
0.03523455 1.749604 2.480083
0.04575827 1.899944 2.463476
-0.1543942 1.626721 2.48034
-0.246785 1.445304 2.501168
-0.3172026 1.239497 2.436984
-0.3248143 1.11056 2.45682
0.2083974 1.60077 2.467196
0.2430501 1.334845 2.488165
0.2454727 1.089859 2.437449
0.2408192 1.018456 2.442477
-0.074595 1.085436 2.395544
-0.1733827 1.327029 2.059458
-0.1408445 0.8745733 2.005499
-0.1656512 0.8863029 1.892185
0.10629 1.086764 2.401193
0.03785272 0.6766078 2.4321
0.02278225 0.2715924 2.438736
0.04409207 0.2690401 2.331367
0.03156585 1.671393 2.477533
-0.3231418 1.061268 2.441653
-0.3505596 1.071953 2.435234
0.2327183 0.9490914 2.441886
0.1986467 1.01958 2.406142
65
0.01671882 1.088283 2.440151
0.02456469 1.429159 2.461926
0.03555169 1.749739 2.480197
0.04619567 1.900125 2.463707
-0.1541852 1.626994 2.480505
-0.2505856 1.447186 2.500631
-0.3185391 1.24315 2.433784
-0.325716 1.110527 2.445304
0.2088166 1.600876 2.46715
0.2435265 1.334858 2.488449
0.2459364 1.089939 2.43805
0.2398251 1.017623 2.441189
-0.07358225 1.084095 2.396557
-0.1724425 1.324569 2.065843
-0.141672 0.8666282 2.017341
-0.1699127 0.876417 1.907002
0.106713 1.086711 2.402461
0.03701001 0.6791036 2.432496
0.02251293 0.2696096 2.438329
0.04596515 0.2672608 2.331725
0.03197617 1.671518 2.477679
-0.3240251 1.057362 2.429484
-0.351451 1.069819 2.425353
0.2318821 0.9482158 2.442333
0.1985069 1.017682 2.405679
66
0.01671882 1.088283 2.440151
0.02456469 1.429159 2.461926
0.03555169 1.749739 2.480197
0.04619567 1.900125 2.463707
-0.1541852 1.626994 2.480505
-0.2505856 1.447186 2.500631
-0.3185391 1.24315 2.433784
-0.325716 1.110527 2.445304
0.2088166 1.600876 2.46715
0.2435265 1.334858 2.488449
0.2459364 1.089939 2.43805
0.2398251 1.017623 2.441189
-0.07358225 1.084095 2.396557
-0.1724425 1.324569 2.065843
-0.141672 0.8666282 2.017341
-0.1699127 0.876417 1.907002
0.106713 1.086711 2.402461
0.03701001 0.6791036 2.432496
0.02251293 0.2696096 2.438329
0.04596515 0.2672608 2.331725
0.03197617 1.671518 2.477679
-0.3240251 1.057362 2.429484
-0.351451 1.069819 2.425353
0.2318821 0.9482158 2.442333
0.1985069 1.017682 2.405679
67
0.01722555 1.087798 2.440965
0.02515064 1.42906 2.462328
0.03581757 1.749881 2.480271
0.04655646 1.900311 2.463903
-0.1540558 1.627222 2.480614
-0.2519273 1.446931 2.500851
-0.3191594 1.245396 2.431787
-0.3271341 1.109476 2.43632
0.2091817 1.600997 2.467059
0.2439031 1.334894 2.488645
0.2462523 1.090022 2.438444
0.2381757 1.017101 2.438778
-0.0728875 1.083232 2.39724
-0.17519 1.310993 2.062802
-0.1525755 0.8673744 2.016353
-0.1705966 0.877821 1.907809
0.1070194 1.08668 2.403349
0.03633826 0.6810322 2.432757
0.0229553 0.2875781 2.437695
0.03261888 0.2857865 2.32113
0.0323193 1.671637 2.477788
-0.325138 1.054829 2.420933
-0.3503813 1.077515 2.417533
0.2299471 0.94725 2.441773
0.197321 1.016495 2.404004
68
0.01722555 1.087798 2.440965
0.02515064 1.42906 2.462328
0.03581757 1.749881 2.480271
0.04655646 1.900311 2.463903
-0.1540558 1.627222 2.480614
-0.2519273 1.446931 2.500851
-0.3191594 1.245396 2.431787
-0.3271341 1.109476 2.43632
0.2091817 1.600997 2.467059
0.2439031 1.334894 2.488645
0.2462523 1.090022 2.438444
0.2381757 1.017101 2.438778
-0.0728875 1.083232 2.39724
-0.17519 1.310993 2.062802
-0.1525755 0.8673744 2.016353
-0.1705966 0.877821 1.907809
0.1070194 1.08668 2.403349
0.03633826 0.6810322 2.432757
0.0229553 0.2875781 2.437695
0.03261888 0.2857865 2.32113
0.0323193 1.671637 2.477788
-0.325138 1.054829 2.420933
-0.3503813 1.077515 2.417533
0.2299471 0.94725 2.441773
0.197321 1.016495 2.404004
69
0.01760047 1.087451 2.441546
0.02560985 1.428971 2.462656
0.03604578 1.75004 2.480315
0.04687255 1.900508 2.464096
-0.1539825 1.627416 2.480678
-0.2493855 1.44266 2.501203
-0.3188525 1.244701 2.432474
-0.3302261 1.095729 2.423044
0.2095073 1.601105 2.466951
0.2442133 1.334947 2.488761
0.2464502 1.09014 2.438663
0.2356253 1.017357 2.434425
-0.07239265 1.082658 2.397636
-0.1843377 1.287733 2.051722
-0.1725769 0.8627136 2.00878
-0.1754759 0.8735167 1.901064
0.1072521 1.086658 2.403986
0.03580951 0.6825374 2.432946
0.02303958 0.295952 2.437252
0.02624997 0.2944977 2.316212
0.03261413 1.671758 2.477871
-0.3261931 1.048772 2.412075
-0.3497828 1.080123 2.403115
0.2282421 0.9457784 2.440988
0.1941168 1.014879 2.400401
70
0.01760047 1.087451 2.441546
0.02560985 1.428971 2.462656
0.03604578 1.75004 2.480315
0.04687255 1.900508 2.464096
-0.1539825 1.627416 2.480678
-0.2493855 1.44266 2.501203
-0.3188525 1.244701 2.432474
-0.3302261 1.095729 2.423044
0.2095073 1.601105 2.466951
0.2442133 1.334947 2.488761
0.2464502 1.09014 2.438663
0.2356253 1.017357 2.434425
-0.07239265 1.082658 2.397636
-0.1843377 1.287733 2.051722
-0.1725769 0.8627136 2.00878
-0.1754759 0.8735167 1.901064
0.1072521 1.086658 2.403986
0.03580951 0.6825374 2.432946
0.02303958 0.295952 2.437252
0.02624997 0.2944977 2.316212
0.03261413 1.671758 2.477871
-0.3261931 1.048772 2.412075
-0.3497828 1.080123 2.403115
0.2282421 0.9457784 2.440988
0.1941168 1.014879 2.400401
71
0.01760047 1.087451 2.441546
0.02560985 1.428971 2.462656
0.03604578 1.75004 2.480315
0.04687255 1.900508 2.464096
-0.1539825 1.627416 2.480678
-0.2493855 1.44266 2.501203
-0.3188525 1.244701 2.432474
-0.3302261 1.095729 2.423044
0.2095073 1.601105 2.466951
0.2442133 1.334947 2.488761
0.2464502 1.09014 2.438663
0.2356253 1.017357 2.434425
-0.07239265 1.082658 2.397636
-0.1843377 1.287733 2.051722
-0.1725769 0.8627136 2.00878
-0.1754759 0.8735167 1.901064
0.1072521 1.086658 2.403986
0.03580951 0.6825374 2.432946
0.02303958 0.295952 2.437252
0.02624997 0.2944977 2.316212
0.03261413 1.671758 2.477871
-0.3261931 1.048772 2.412075
-0.3497828 1.080123 2.403115
0.2282421 0.9457784 2.440988
0.1941168 1.014879 2.400401
72
0.01776575 1.087179 2.441938
0.02594284 1.428896 2.462924
0.03624377 1.750217 2.480337
0.04715794 1.900723 2.464292
-0.1539513 1.62758 2.480708
-0.2435552 1.434174 2.501286
-0.3168831 1.239762 2.436299
-0.3341973 1.080355 2.411528
0.2098 1.601209 2.466823
0.2444741 1.335017 2.488818
0.2464996 1.090375 2.438591
0.2328363 1.018107 2.429586
-0.07227095 1.082411 2.397784
-0.205726 1.217662 2.023933
-0.1724006 0.779893 2.062859
-0.1825936 0.7704576 1.965473
0.1073306 1.086598 2.404428
0.03540907 0.6836413 2.433076
0.02301695 0.3004382 2.436913
0.02273925 0.2992117 2.313516
0.03285875 1.671877 2.477934
-0.3290476 1.041728 2.407472
-0.3400118 1.093001 2.376859
0.2255788 0.9450911 2.439008
0.1896113 1.016105 2.393544
73
0.01776575 1.087179 2.441938
0.02594284 1.428896 2.462924
0.03624377 1.750217 2.480337
0.04715794 1.900723 2.464292
-0.1539513 1.62758 2.480708
-0.2435552 1.434174 2.501286
-0.3168831 1.239762 2.436299
-0.3341973 1.080355 2.411528
0.2098 1.601209 2.466823
0.2444741 1.335017 2.488818
0.2464996 1.090375 2.438591
0.2328363 1.018107 2.429586
-0.07227095 1.082411 2.397784
-0.205726 1.217662 2.023933
-0.1724006 0.779893 2.062859
-0.1825936 0.7704576 1.965473
0.1073306 1.086598 2.404428
0.03540907 0.6836413 2.433076
0.02301695 0.3004382 2.436913
0.02273925 0.2992117 2.313516
0.03285875 1.671877 2.477934
-0.3290476 1.041728 2.407472
-0.3400118 1.093001 2.376859
0.2255788 0.9450911 2.439008
0.1896113 1.016105 2.393544
74
0.01756686 1.087002 2.442151
0.02616775 1.428838 2.463158
0.0364151 1.750419 2.480352
0.04745656 1.900998 2.464554
-0.1539271 1.627735 2.480741
-0.2387977 1.418621 2.500708
-0.3155174 1.229023 2.440751
-0.3370941 1.070379 2.406898
0.2100794 1.601332 2.466686
0.2447555 1.335263 2.488746
0.2459745 1.091289 2.437451
0.2292685 1.019756 2.423548
-0.07272433 1.082597 2.397712
-0.2239437 1.148847 2.001871
-0.2073888 0.7438124 2.040959
-0.2080705 0.73278 1.926927
0.1071409 1.086488 2.40468
0.0351221 0.6843421 2.43323
0.02234205 0.2841285 2.436848
0.03715065 0.2826079 2.320945
0.03306073 1.672002 2.477991
-0.3289707 1.031294 2.395615
-0.336597 1.097683 2.365876
0.2208378 0.9463912 2.431488
0.1857785 1.019947 2.386474
75
0.01756686 1.087002 2.442151
0.02616775 1.428838 2.463158
0.0364151 1.750419 2.480352
0.04745656 1.900998 2.464554
-0.1539271 1.627735 2.480741
-0.2387977 1.418621 2.500708
-0.3155174 1.229023 2.440751
-0.3370941 1.070379 2.406898
0.2100794 1.601332 2.466686
0.2447555 1.335263 2.488746
0.2459745 1.091289 2.437451
0.2292685 1.019756 2.423548
-0.07272433 1.082597 2.397712
-0.2239437 1.148847 2.001871
-0.2073888 0.7438124 2.040959
-0.2080705 0.73278 1.926927
0.1071409 1.086488 2.40468
0.0351221 0.6843421 2.43323
0.02234205 0.2841285 2.436848
0.03715065 0.2826079 2.320945
0.03306073 1.672002 2.477991
-0.3289707 1.031294 2.395615
-0.336597 1.097683 2.365876
0.2208378 0.9463912 2.431488
0.1857785 1.019947 2.386474
76
0.01679466 1.086933 2.442174
0.02630395 1.428789 2.463365
0.03656602 1.750632 2.480356
0.04773758 1.901303 2.464835
-0.1539141 1.627881 2.480759
-0.2363831 1.399929 2.4985
-0.3166862 1.206352 2.434778
-0.3351006 1.118346 2.411778
0.2103285 1.601455 2.466545
0.2450043 1.335594 2.488574
0.2445263 1.092638 2.434808
0.2255856 1.021057 2.417298
-0.07390427 1.083201 2.397423
-0.2379437 1.017584 1.996943
-0.1982446 0.6736637 2.11506
-0.2059361 0.6354137 2.006273
0.1064994 1.086298 2.404743
0.03489231 0.684747 2.43343
0.02195596 0.2752896 2.436754
0.04472605 0.2736614 2.324832
0.03322797 1.672127 2.478039
-0.3310211 1.107827 2.39251
-0.3314579 1.131552 2.365352
0.2168142 0.9467072 2.425874
0.1807342 1.024914 2.378463
77
0.01553065 1.086959 2.442049
0.02636156 1.428749 2.463565
0.03671056 1.750868 2.480363
0.04801397 1.90166 2.465165
-0.1539104 1.628016 2.480767
-0.235784 1.386319 2.4967
-0.3176501 1.190879 2.430737
-0.3342723 1.126379 2.413627
0.2105514 1.601599 2.466407
0.2452109 1.335974 2.488327
0.2426806 1.094065 2.431715
0.2226094 1.022164 2.413028
-0.07547232 1.083995 2.397067
-0.2419818 0.8643192 2.037724
-0.1965164 0.5998104 2.175555
-0.2072834 0.5498552 2.083239
0.1053479 1.086051 2.404599
0.03463993 0.6843133 2.43399
0.02171347 0.2700321 2.436599
0.0490755 0.2684888 2.327122
0.03337238 1.672258 2.478086
-0.3344559 1.102151 2.389576
-0.3231324 1.1347 2.366789
0.2131347 0.9464158 2.420796
0.1771659 1.026883 2.374296
78
0.01553065 1.086959 2.442049
0.02636156 1.428749 2.463565
0.03671056 1.750868 2.480363
0.04801397 1.90166 2.465165
-0.1539104 1.628016 2.480767
-0.235784 1.386319 2.4967
-0.3176501 1.190879 2.430737
-0.3342723 1.126379 2.413627
0.2105514 1.601599 2.466407
0.2452109 1.335974 2.488327
0.2426806 1.094065 2.431715
0.2226094 1.022164 2.413028
-0.07547232 1.083995 2.397067
-0.2419818 0.8643192 2.037724
-0.1965164 0.5998104 2.175555
-0.2072834 0.5498552 2.083239
0.1053479 1.086051 2.404599
0.03463993 0.6843133 2.43399
0.02171347 0.2700321 2.436599
0.0490755 0.2684888 2.327122
0.03337238 1.672258 2.478086
-0.3344559 1.102151 2.389576
-0.3231324 1.1347 2.366789
0.2131347 0.9464158 2.420796
0.1771659 1.026883 2.374296
79
0.0140011 1.087096 2.441893
0.02633109 1.428719 2.463773
0.03683504 1.751094 2.480366
0.0482434 1.901992 2.465477
-0.1539229 1.628123 2.480757
-0.2368051 1.37464 2.494648
-0.3167183 1.149493 2.425573
-0.3312754 1.119423 2.414443
0.2107236 1.601735 2.466274
0.2453018 1.336447 2.487946
0.2408311 1.095299 2.428674
0.2202911 1.022564 2.409715
-0.0773736 1.085215 2.397064
-0.2243982 0.7600235 2.121116
-0.202672 0.5066598 2.226902
-0.2171072 0.4684648 2.138387
0.1036587 1.085679 2.404159
0.03447101 0.6834564 2.434597
0.0220306 0.2823978 2.436367
0.03668927 0.2814377 2.321855
0.03349074 1.672385 2.478127
-0.3344096 1.063189 2.395082
-0.3096842 1.102367 2.366522
0.2102217 0.9461231 2.417419
0.1750274 1.028232 2.371233
80
0.0140011 1.087096 2.441893
0.02633109 1.428719 2.463773
0.03683504 1.751094 2.480366
0.0482434 1.901992 2.465477
-0.1539229 1.628123 2.480757
-0.2368051 1.37464 2.494648
-0.3167183 1.149493 2.425573
-0.3312754 1.119423 2.414443
0.2107236 1.601735 2.466274
0.2453018 1.336447 2.487946
0.2408311 1.095299 2.428674
0.2202911 1.022564 2.409715
-0.0773736 1.085215 2.397064
-0.2243982 0.7600235 2.121116
-0.202672 0.5066598 2.226902
-0.2171072 0.4684648 2.138387
0.1036587 1.085679 2.404159
0.03447101 0.6834564 2.434597
0.0220306 0.2823978 2.436367
0.03668927 0.2814377 2.321855
0.03349074 1.672385 2.478127
-0.3344096 1.063189 2.395082
-0.3096842 1.102367 2.366522
0.2102217 0.9461231 2.417419
0.1750274 1.028232 2.371233
81
0.0140011 1.087096 2.441893
0.02633109 1.428719 2.463773
0.03683504 1.751094 2.480366
0.0482434 1.901992 2.465477
-0.1539229 1.628123 2.480757
-0.2368051 1.37464 2.494648
-0.3167183 1.149493 2.425573
-0.3312754 1.119423 2.414443
0.2107236 1.601735 2.466274
0.2453018 1.336447 2.487946
0.2408311 1.095299 2.428674
0.2202911 1.022564 2.409715
-0.0773736 1.085215 2.397064
-0.2243982 0.7600235 2.121116
-0.202672 0.5066598 2.226902
-0.2171072 0.4684648 2.138387
0.1036587 1.085679 2.404159
0.03447101 0.6834564 2.434597
0.0220306 0.2823978 2.436367
0.03668927 0.2814377 2.321855
0.03349074 1.672385 2.478127
-0.3344096 1.063189 2.395082
-0.3096842 1.102367 2.366522
0.2102217 0.9461231 2.417419
0.1750274 1.028232 2.371233
82
0.01097328 1.087561 2.441447
0.02605161 1.428712 2.464029
0.03693743 1.751306 2.480369
0.04841641 1.902303 2.465791
-0.1539444 1.628212 2.480735
-0.238072 1.36638 2.492926
-0.3163003 1.133951 2.423612
-0.3259412 1.101713 2.414021
0.21084 1.601861 2.466149
0.2452576 1.336921 2.487478
0.2389543 1.096272 2.425742
0.2181008 1.022831 2.406749
-0.08092765 1.087387 2.397053
-0.211366 0.7236485 2.18308
-0.2288513 0.4177712 2.262356
-0.2460944 0.3964942 2.176458
0.1006778 1.085109 2.403183
0.03445372 0.6826421 2.435101
0.02183107 0.2780557 2.436269
0.04130667 0.2771255 2.324483
0.03357735 1.672505 2.478169
-0.3278081 1.017484 2.405799
-0.2962193 1.084755 2.368097
0.2064918 0.9453616 2.412485
0.17332 1.028017 2.368351
83
0.01097328 1.087561 2.441447
0.02605161 1.428712 2.464029
0.03693743 1.751306 2.480369
0.04841641 1.902303 2.465791
-0.1539444 1.628212 2.480735
-0.238072 1.36638 2.492926
-0.3163003 1.133951 2.423612
-0.3259412 1.101713 2.414021
0.21084 1.601861 2.466149
0.2452576 1.336921 2.487478
0.2389543 1.096272 2.425742
0.2181008 1.022831 2.406749
-0.08092765 1.087387 2.397053
-0.211366 0.7236485 2.18308
-0.2288513 0.4177712 2.262356
-0.2460944 0.3964942 2.176458
0.1006778 1.085109 2.403183
0.03445372 0.6826421 2.435101
0.02183107 0.2780557 2.436269
0.04130667 0.2771255 2.324483
0.03357735 1.672505 2.478169
-0.3278081 1.017484 2.405799
-0.2962193 1.084755 2.368097
0.2064918 0.9453616 2.412485
0.17332 1.028017 2.368351
84
0.006481176 1.088057 2.44058
0.02501037 1.428718 2.46428
0.03695726 1.751517 2.480357
0.04849761 1.902604 2.466137
-0.1540027 1.628278 2.480673
-0.2391676 1.360929 2.491609
-0.3161823 1.126061 2.422539
-0.3232869 1.092067 2.413469
0.2108919 1.601941 2.466017
0.2449853 1.337309 2.48685
0.2369843 1.096861 2.422726
0.2160049 1.023012 2.404212
-0.08527078 1.089705 2.396844
-0.2049675 0.7169194 2.208909
-0.2455503 0.3551807 2.303497
-0.2625411 0.336886 2.226241
0.09579778 1.083941 2.401405
0.03453425 0.6818358 2.435499
0.0220675 0.2873754 2.436166
0.03299375 0.2868354 2.320962
0.03356428 1.672641 2.478198
-0.3252149 0.9989311 2.407846
-0.2867312 1.072256 2.367686
0.2031852 0.9448036 2.408515
0.1707403 1.033376 2.364661
85
0.00143763 1.088401 2.439183
0.02312124 1.428693 2.46432
0.03683704 1.751758 2.480298
0.04844 1.902894 2.466519
-0.1542809 1.628343 2.480407
-0.240929 1.356564 2.489928
-0.316092 1.121019 2.42182
-0.322083 1.084242 2.411986
0.2108007 1.601969 2.465788
0.2444345 1.337579 2.48591
0.2352565 1.097164 2.420211
0.2144018 1.022969 2.402355
-0.08961917 1.091728 2.396145
-0.1996317 0.6730591 2.26273
-0.2609802 0.2911929 2.335698
-0.2828946 0.2793129 2.255101
0.09023435 1.082456 2.399096
0.03469227 0.6813704 2.435642
0.02221433 0.2932408 2.436111
0.02806742 0.2929109 2.318677
0.03333434 1.672823 2.478176
-0.3239567 0.9857377 2.410429
-0.281937 1.062775 2.365819
0.1992974 0.9439912 2.404051
0.1674031 1.02067 2.360835
86
0.00143763 1.088401 2.439183
0.02312124 1.428693 2.46432
0.03683704 1.751758 2.480298
0.04844 1.902894 2.466519
-0.1542809 1.628343 2.480407
-0.240929 1.356564 2.489928
-0.316092 1.121019 2.42182
-0.322083 1.084242 2.411986
0.2108007 1.601969 2.465788
0.2444345 1.337579 2.48591
0.2352565 1.097164 2.420211
0.2144018 1.022969 2.402355
-0.08961917 1.091728 2.396145
-0.1996317 0.6730591 2.26273
-0.2609802 0.2911929 2.335698
-0.2828946 0.2793129 2.255101
0.09023435 1.082456 2.399096
0.03469227 0.6813704 2.435642
0.02221433 0.2932408 2.436111
0.02806742 0.2929109 2.318677
0.03333434 1.672823 2.478176
-0.3239567 0.9857377 2.410429
-0.281937 1.062775 2.365819
0.1992974 0.9439912 2.404051
0.1674031 1.02067 2.360835
87
-0.003275975 1.088464 2.437617
0.02021629 1.428591 2.464072
0.03609513 1.752155 2.480097
0.04806774 1.903231 2.466987
-0.155136 1.628351 2.4796
-0.2435146 1.353016 2.487693
-0.3162242 1.120007 2.421193
-0.3219039 1.078207 2.410484
0.2104253 1.601925 2.465452
0.2434423 1.337736 2.484735
0.2337936 1.09728 2.418189
0.2128804 1.022811 2.40098
-0.09352461 1.093183 2.395069
-0.1981468 0.6665169 2.285502
-0.2650276 0.2336326 2.363182
-0.3043881 0.2345545 2.33443
0.08516331 1.080972 2.396984
0.03506509 0.6806029 2.435698
0.02229091 0.2967874 2.436082
0.02522782 0.2965706 2.31729
0.03235003 1.673124 2.478015
-0.3230752 0.9788833 2.409677
-0.2786568 1.059259 2.365936
0.1958496 0.9429569 2.401622
0.165736 1.020056 2.359048
88
-0.003275975 1.088464 2.437617
0.02021629 1.428591 2.464072
0.03609513 1.752155 2.480097
0.04806774 1.903231 2.466987
-0.155136 1.628351 2.4796
-0.2435146 1.353016 2.487693
-0.3162242 1.120007 2.421193
-0.3219039 1.078207 2.410484
0.2104253 1.601925 2.465452
0.2434423 1.337736 2.484735
0.2337936 1.09728 2.418189
0.2128804 1.022811 2.40098
-0.09352461 1.093183 2.395069
-0.1981468 0.6665169 2.285502
-0.2650276 0.2336326 2.363182
-0.3043881 0.2345545 2.33443
0.08516331 1.080972 2.396984
0.03506509 0.6806029 2.435698
0.02229091 0.2967874 2.436082
0.02522782 0.2965706 2.31729
0.03235003 1.673124 2.478015
-0.3230752 0.9788833 2.409677
-0.2786568 1.059259 2.365936
0.1958496 0.9429569 2.401622
0.165736 1.020056 2.359048
89
-0.01181945 1.087622 2.434651
0.01417429 1.428163 2.46293
0.03387439 1.752737 2.47943
0.04685381 1.903689 2.467514
-0.1580941 1.627978 2.477036
-0.2472904 1.350651 2.484267
-0.3169513 1.121309 2.419942
-0.3230428 1.072397 2.407424
0.2087792 1.601685 2.464618
0.2414079 1.3377 2.482942
0.2319453 1.09718 2.415951
0.21135 1.022613 2.399647
-0.1005438 1.093822 2.392417
-0.1958249 0.6351908 2.32879
-0.2553784 0.2171901 2.405328
-0.2719083 0.2107356 2.357216
0.07639118 1.078605 2.393918
0.03576151 0.6792898 2.435595
0.02235824 0.2991962 2.436106
0.02358643 0.2989919 2.316487
0.02949496 1.673527 2.477336
-0.3236089 0.974402 2.407605
-0.2768942 1.0566 2.365655
0.1942448 0.9426286 2.400137
0.1647618 1.019348 2.357857
90
-0.01181945 1.087622 2.434651
0.01417429 1.428163 2.46293
0.03387439 1.752737 2.47943
0.04685381 1.903689 2.467514
-0.1580941 1.627978 2.477036
-0.2472904 1.350651 2.484267
-0.3169513 1.121309 2.419942
-0.3230428 1.072397 2.407424
0.2087792 1.601685 2.464618
0.2414079 1.3377 2.482942
0.2319453 1.09718 2.415951
0.21135 1.022613 2.399647
-0.1005438 1.093822 2.392417
-0.1958249 0.6351908 2.32879
-0.2553784 0.2171901 2.405328
-0.2719083 0.2107356 2.357216
0.07639118 1.078605 2.393918
0.03576151 0.6792898 2.435595
0.02235824 0.2991962 2.436106
0.02358643 0.2989919 2.316487
0.02949496 1.673527 2.477336
-0.3236089 0.974402 2.407605
-0.2768942 1.0566 2.365655
0.1942448 0.9426286 2.400137
0.1647618 1.019348 2.357857
91
-0.01181945 1.087622 2.434651
0.01417429 1.428163 2.46293
0.03387439 1.752737 2.47943
0.04685381 1.903689 2.467514
-0.1580941 1.627978 2.477036
-0.2472904 1.350651 2.484267
-0.3169513 1.121309 2.419942
-0.3230428 1.072397 2.407424
0.2087792 1.601685 2.464618
0.2414079 1.3377 2.482942
0.2319453 1.09718 2.415951
0.21135 1.022613 2.399647
-0.1005438 1.093822 2.392417
-0.1958249 0.6351908 2.32879
-0.2553784 0.2171901 2.405328
-0.2719083 0.2107356 2.357216
0.07639118 1.078605 2.393918
0.03576151 0.6792898 2.435595
0.02235824 0.2991962 2.436106
0.02358643 0.2989919 2.316487
0.02949496 1.673527 2.477336
-0.3236089 0.974402 2.407605
-0.2768942 1.0566 2.365655
0.1942448 0.9426286 2.400137
0.1647618 1.019348 2.357857
92
-0.02040242 1.086171 2.431842
0.006532679 1.427426 2.461156
0.02940315 1.753487 2.477875
0.04359176 1.904278 2.468009
-0.1644464 1.627158 2.471925
-0.2525576 1.34937 2.479621
-0.3187346 1.12224 2.417833
-0.3266238 1.067368 2.403949
0.2054602 1.601219 2.463206
0.2387391 1.337503 2.480951
0.2299197 1.097009 2.413686
0.2098511 1.022536 2.398227
-0.1080701 1.093096 2.389424
-0.1975005 0.6285031 2.358601
-0.2407245 0.2620079 2.411074
-0.2373009 0.2461796 2.303344
0.06773864 1.076474 2.391393
0.03649268 0.6777874 2.435402
0.02242635 0.3007788 2.436155
0.02257667 0.3005334 2.315978
0.02432599 1.67395 2.475827
-0.32583 0.9721828 2.402965
-0.2772067 1.054311 2.36506
0.1928137 0.9421996 2.399253
0.163775 1.020391 2.35699
93
-0.02040242 1.086171 2.431842
0.006532679 1.427426 2.461156
0.02940315 1.753487 2.477875
0.04359176 1.904278 2.468009
-0.1644464 1.627158 2.471925
-0.2525576 1.34937 2.479621
-0.3187346 1.12224 2.417833
-0.3266238 1.067368 2.403949
0.2054602 1.601219 2.463206
0.2387391 1.337503 2.480951
0.2299197 1.097009 2.413686
0.2098511 1.022536 2.398227
-0.1080701 1.093096 2.389424
-0.1975005 0.6285031 2.358601
-0.2407245 0.2620079 2.411074
-0.2373009 0.2461796 2.303344
0.06773864 1.076474 2.391393
0.03649268 0.6777874 2.435402
0.02242635 0.3007788 2.436155
0.02257667 0.3005334 2.315978
0.02432599 1.67395 2.475827
-0.32583 0.9721828 2.402965
-0.2772067 1.054311 2.36506
0.1928137 0.9421996 2.399253
0.163775 1.020391 2.35699
94
-0.02878896 1.084201 2.4294
-0.002087207 1.426428 2.459035
0.02241526 1.754334 2.475426
0.03806313 1.904817 2.468259
-0.1718873 1.626213 2.465805
-0.2597764 1.349384 2.473091
-0.3220545 1.124224 2.413488
-0.3321861 1.062962 2.398479
0.1999731 1.600758 2.461144
0.2334129 1.33678 2.477884
0.227976 1.096903 2.411551
0.2083215 1.022155 2.396673
-0.115464 1.091197 2.386515
-0.1977792 0.6255514 2.392465
-0.2340224 0.259946 2.423594
-0.2254621 0.2492706 2.30818
0.05887454 1.074473 2.38943
0.03716893 0.6749409 2.435258
0.02252302 0.301931 2.436233
0.02192047 0.3016393 2.315635
0.01685208 1.674327 2.473551
-0.3279825 0.9705525 2.398978
-0.2815588 1.053406 2.359969
0.1923048 0.9421633 2.398351
0.1624184 1.022079 2.355589
95
-0.03574348 1.082309 2.427435
-0.01040708 1.425481 2.456772
0.01348208 1.75532 2.472138
0.02981977 1.905729 2.468093
-0.179849 1.62506 2.459097
-0.268168 1.350459 2.465603
-0.3268603 1.126553 2.407331
-0.3394657 1.060751 2.391583
0.1924237 1.600789 2.458571
0.2275601 1.33611 2.474804
0.2258772 1.096663 2.409379
0.2059245 1.02106 2.394087
-0.1217224 1.089236 2.384061
-0.1960319 0.6225504 2.41743
-0.2283331 0.2709762 2.430181
-0.2122229 0.2646176 2.295665
0.05162361 1.072683 2.387941
0.03750365 0.6713928 2.435192
0.02149447 0.2734844 2.436405
0.02573093 0.2730327 2.344146
0.007955734 1.674759 2.470619
-0.3354569 0.9741887 2.39259
-0.2880728 1.052143 2.353088
0.1915124 0.9417475 2.397133
0.1610742 1.022656 2.353798
96
-0.03574348 1.082309 2.427435
-0.01040708 1.425481 2.456772
0.01348208 1.75532 2.472138
0.02981977 1.905729 2.468093
-0.179849 1.62506 2.459097
-0.268168 1.350459 2.465603
-0.3268603 1.126553 2.407331
-0.3394657 1.060751 2.391583
0.1924237 1.600789 2.458571
0.2275601 1.33611 2.474804
0.2258772 1.096663 2.409379
0.2059245 1.02106 2.394087
-0.1217224 1.089236 2.384061
-0.1960319 0.6225504 2.41743
-0.2283331 0.2709762 2.430181
-0.2122229 0.2646176 2.295665
0.05162361 1.072683 2.387941
0.03750365 0.6713928 2.435192
0.02149447 0.2734844 2.436405
0.02573093 0.2730327 2.344146
0.007955734 1.674759 2.470619
-0.3354569 0.9741887 2.39259
-0.2880728 1.052143 2.353088
0.1915124 0.9417475 2.397133
0.1610742 1.022656 2.353798
97
-0.03574348 1.082309 2.427435
-0.01040708 1.425481 2.456772
0.01348208 1.75532 2.472138
0.02981977 1.905729 2.468093
-0.179849 1.62506 2.459097
-0.268168 1.350459 2.465603
-0.3268603 1.126553 2.407331
-0.3394657 1.060751 2.391583
0.1924237 1.600789 2.458571
0.2275601 1.33611 2.474804
0.2258772 1.096663 2.409379
0.2059245 1.02106 2.394087
-0.1217224 1.089236 2.384061
-0.1960319 0.6225504 2.41743
-0.2283331 0.2709762 2.430181
-0.2122229 0.2646176 2.295665
0.05162361 1.072683 2.387941
0.03750365 0.6713928 2.435192
0.02149447 0.2734844 2.436405
0.02573093 0.2730327 2.344146
0.007955734 1.674759 2.470619
-0.3354569 0.9741887 2.39259
-0.2880728 1.052143 2.353088
0.1915124 0.9417475 2.397133
0.1610742 1.022656 2.353798
98
-0.04262432 1.080215 2.425685
-0.01827172 1.424644 2.454546
0.005038564 1.756308 2.468965
0.01892161 1.90719 2.466523
-0.1885042 1.624472 2.452639
-0.276356 1.352494 2.458611
-0.3331887 1.129932 2.399672
-0.3471729 1.059986 2.384432
0.183345 1.601204 2.455477
0.2205782 1.335303 2.471352
0.2230388 1.096589 2.406886
0.2034968 1.01992 2.391212
-0.1284063 1.086697 2.381556
-0.1935636 0.6191134 2.435893
-0.2271272 0.2589728 2.429676
-0.2451784 0.2624536 2.325487
0.04483017 1.070998 2.386836
0.03711579 0.6663682 2.435552
0.02113817 0.2593167 2.436478
0.02808777 0.2588651 2.357853
-0.0004633921 1.675243 2.46775
-0.342986 0.9780343 2.383803
-0.2973752 1.06096 2.34362
0.1910071 0.9415373 2.396491
0.1598781 1.022595 2.352182
99
-0.04262432 1.080215 2.425685
-0.01827172 1.424644 2.454546
0.005038564 1.756308 2.468965
0.01892161 1.90719 2.466523
-0.1885042 1.624472 2.452639
-0.276356 1.352494 2.458611
-0.3331887 1.129932 2.399672
-0.3471729 1.059986 2.384432
0.183345 1.601204 2.455477
0.2205782 1.335303 2.471352
0.2230388 1.096589 2.406886
0.2034968 1.01992 2.391212
-0.1284063 1.086697 2.381556
-0.1935636 0.6191134 2.435893
-0.2271272 0.2589728 2.429676
-0.2451784 0.2624536 2.325487
0.04483017 1.070998 2.386836
0.03711579 0.6663682 2.435552
0.02113817 0.2593167 2.436478
0.02808777 0.2588651 2.357853
-0.0004633921 1.675243 2.46775
-0.342986 0.9780343 2.383803
-0.2973752 1.06096 2.34362
0.1910071 0.9415373 2.396491
0.1598781 1.022595 2.352182
100
-0.04960469 1.078318 2.424128
-0.0266044 1.424057 2.45224
-0.004374481 1.757434 2.465623
0.008861955 1.908618 2.46458
-0.197549 1.624304 2.446018
-0.2852408 1.355156 2.450741
-0.3398404 1.133343 2.391987
-0.3550468 1.061176 2.375553
0.1732314 1.602236 2.452186
0.2117264 1.334594 2.466938
0.2191208 1.096649 2.403647
0.2005587 1.019663 2.387943
-0.1350285 1.084474 2.379258
-0.192333 0.6172526 2.446963
-0.2268219 0.2541791 2.426558
-0.253639 0.2616581 2.338804
0.03773955 1.069438 2.385975
0.03625113 0.6623735 2.435827
0.02118772 0.2529688 2.436551
0.02917429 0.2525463 2.363824
-0.00973672 1.675902 2.464712
-0.3560854 0.9907845 2.370768
-0.3080216 1.055256 2.338302
0.1885571 0.9409543 2.394222
0.1583915 1.022267 2.350637
101
-0.05684575 1.076929 2.422882
-0.03473408 1.423894 2.450154
-0.01310012 1.758563 2.462659
-0.0004017511 1.909834 2.462556
-0.2054241 1.624353 2.440867
-0.293237 1.357277 2.443576
-0.34655 1.137081 2.383586
-0.3616357 1.062881 2.366606
0.1643942 1.603173 2.448923
0.2032796 1.333928 2.462317
0.2139984 1.096729 2.399387
0.1968211 1.019603 2.384023
-0.1416155 1.082582 2.377646
-0.1915616 0.6168274 2.454463
-0.2269365 0.250561 2.423433
-0.2612674 0.2603055 2.347551
0.02996729 1.068647 2.385051
0.01428223 0.6480459 2.438056
0.02619415 0.2483248 2.4362
0.02976338 0.2487505 2.367446
-0.01841925 1.676697 2.461989
-0.3600228 0.9933444 2.366231
-0.3179429 1.066633 2.33276
0.1873985 0.9416286 2.392393
0.1564057 1.022626 2.348779
102
-0.05684575 1.076929 2.422882
-0.03473408 1.423894 2.450154
-0.01310012 1.758563 2.462659
-0.0004017511 1.909834 2.462556
-0.2054241 1.624353 2.440867
-0.293237 1.357277 2.443576
-0.34655 1.137081 2.383586
-0.3616357 1.062881 2.366606
0.1643942 1.603173 2.448923
0.2032796 1.333928 2.462317
0.2139984 1.096729 2.399387
0.1968211 1.019603 2.384023
-0.1416155 1.082582 2.377646
-0.1915616 0.6168274 2.454463
-0.2269365 0.250561 2.423433
-0.2612674 0.2603055 2.347551
0.02996729 1.068647 2.385051
0.01428223 0.6480459 2.438056
0.02619415 0.2483248 2.4362
0.02976338 0.2487505 2.367446
-0.01841925 1.676697 2.461989
-0.3600228 0.9933444 2.366231
-0.3179429 1.066633 2.33276
0.1873985 0.9416286 2.392393
0.1564057 1.022626 2.348779
103
-0.06413773 1.076069 2.422024
-0.04234825 1.423997 2.448395
-0.02087443 1.759495 2.460116
-0.008200666 1.91068 2.460837
-0.2126139 1.62424 2.43659
-0.2995838 1.358763 2.438102
-0.3517975 1.139575 2.376537
-0.3665234 1.065244 2.357384
0.1572627 1.604031 2.446075
0.1953 1.333315 2.457704
0.2088938 1.096784 2.395423
0.1923929 1.019523 2.380048
-0.1482759 1.081102 2.376583
-0.1914979 0.6181254 2.458792
-0.2250215 0.269381 2.423295
-0.2397032 0.2810518 2.322501
0.02227005 1.068489 2.384372
0.006566137 0.6424784 2.439113
0.02835252 0.2455254 2.436091
0.03020352 0.2461308 2.369914
-0.02621836 1.677424 2.459652
-0.3629177 0.9951394 2.358079
-0.3097341 1.07951 2.328963
0.1845654 0.9412756 2.39013
0.1530891 1.022709 2.346278
104
-0.06413773 1.076069 2.422024
-0.04234825 1.423997 2.448395
-0.02087443 1.759495 2.460116
-0.008200666 1.91068 2.460837
-0.2126139 1.62424 2.43659
-0.2995838 1.358763 2.438102
-0.3517975 1.139575 2.376537
-0.3665234 1.065244 2.357384
0.1572627 1.604031 2.446075
0.1953 1.333315 2.457704
0.2088938 1.096784 2.395423
0.1923929 1.019523 2.380048
-0.1482759 1.081102 2.376583
-0.1914979 0.6181254 2.458792
-0.2250215 0.269381 2.423295
-0.2397032 0.2810518 2.322501
0.02227005 1.068489 2.384372
0.006566137 0.6424784 2.439113
0.02835252 0.2455254 2.436091
0.03020352 0.2461308 2.369914
-0.02621836 1.677424 2.459652
-0.3629177 0.9951394 2.358079
-0.3097341 1.07951 2.328963
0.1845654 0.9412756 2.39013
0.1530891 1.022709 2.346278
105
-0.0702005 1.075541 2.421314
-0.0488301 1.424176 2.446892
-0.0276885 1.760216 2.457942
-0.01507106 1.911434 2.459257
-0.218587 1.624011 2.433297
-0.3045891 1.359883 2.433827
-0.3566179 1.141183 2.368442
-0.3699863 1.06812 2.347326
0.1506188 1.60454 2.443153
0.1882419 1.332719 2.453165
0.2016537 1.096488 2.389692
0.1859715 1.019717 2.374316
-0.1541082 1.080016 2.37576
-0.192422 0.6208667 2.459867
-0.2240473 0.2792148 2.423144
-0.2272408 0.2918915 2.307957
0.01618897 1.068532 2.383767
0.002951067 0.6391051 2.439734
0.02952412 0.2439573 2.436083
0.03044657 0.2446186 2.371229
-0.03298503 1.678014 2.45765
-0.366591 0.999037 2.345834
-0.3064477 1.085824 2.323393
0.1790397 0.9407015 2.385746
0.1447724 1.021435 2.339802
106
-0.0702005 1.075541 2.421314
-0.0488301 1.424176 2.446892
-0.0276885 1.760216 2.457942
-0.01507106 1.911434 2.459257
-0.218587 1.624011 2.433297
-0.3045891 1.359883 2.433827
-0.3566179 1.141183 2.368442
-0.3699863 1.06812 2.347326
0.1506188 1.60454 2.443153
0.1882419 1.332719 2.453165
0.2016537 1.096488 2.389692
0.1859715 1.019717 2.374316
-0.1541082 1.080016 2.37576
-0.192422 0.6208667 2.459867
-0.2240473 0.2792148 2.423144
-0.2272408 0.2918915 2.307957
0.01618897 1.068532 2.383767
0.002951067 0.6391051 2.439734
0.02952412 0.2439573 2.436083
0.03044657 0.2446186 2.371229
-0.03298503 1.678014 2.45765
-0.366591 0.999037 2.345834
-0.3064477 1.085824 2.323393
0.1790397 0.9407015 2.385746
0.1447724 1.021435 2.339802
107
-0.0702005 1.075541 2.421314
-0.0488301 1.424176 2.446892
-0.0276885 1.760216 2.457942
-0.01507106 1.911434 2.459257
-0.218587 1.624011 2.433297
-0.3045891 1.359883 2.433827
-0.3566179 1.141183 2.368442
-0.3699863 1.06812 2.347326
0.1506188 1.60454 2.443153
0.1882419 1.332719 2.453165
0.2016537 1.096488 2.389692
0.1859715 1.019717 2.374316
-0.1541082 1.080016 2.37576
-0.192422 0.6208667 2.459867
-0.2240473 0.2792148 2.423144
-0.2272408 0.2918915 2.307957
0.01618897 1.068532 2.383767
0.002951067 0.6391051 2.439734
0.02952412 0.2439573 2.436083
0.03044657 0.2446186 2.371229
-0.03298503 1.678014 2.45765
-0.366591 0.999037 2.345834
-0.3064477 1.085824 2.323393
0.1790397 0.9407015 2.385746
0.1447724 1.021435 2.339802
108
-0.0756098 1.075351 2.420263
-0.05483958 1.424473 2.445096
-0.03423706 1.760778 2.455562
-0.02183623 1.912011 2.457266
-0.2239142 1.624118 2.430632
-0.3089803 1.361006 2.429935
-0.3616341 1.142785 2.359523
-0.3734712 1.070071 2.335914
0.1429483 1.604943 2.439314
0.1800245 1.333038 2.447536
0.1918461 1.0976 2.381792
0.1759947 1.020873 2.365753
-0.1596226 1.079295 2.374548
-0.1945636 0.624355 2.458014
-0.2236289 0.2842962 2.422803
-0.2218377 0.2967087 2.301449
0.01105154 1.068831 2.382871
0.0005231244 0.6369974 2.44008
0.030313 0.2435696 2.436141
0.03057076 0.2442376 2.371363
-0.03941461 1.67852 2.455415
-0.3675389 0.9993352 2.335335
-0.3142161 1.083331 2.311241
0.174445 0.9421595 2.379269
0.1333268 1.021618 2.334931
109
-0.0756098 1.075351 2.420263
-0.05483958 1.424473 2.445096
-0.03423706 1.760778 2.455562
-0.02183623 1.912011 2.457266
-0.2239142 1.624118 2.430632
-0.3089803 1.361006 2.429935
-0.3616341 1.142785 2.359523
-0.3734712 1.070071 2.335914
0.1429483 1.604943 2.439314
0.1800245 1.333038 2.447536
0.1918461 1.0976 2.381792
0.1759947 1.020873 2.365753
-0.1596226 1.079295 2.374548
-0.1945636 0.624355 2.458014
-0.2236289 0.2842962 2.422803
-0.2218377 0.2967087 2.301449
0.01105154 1.068831 2.382871
0.0005231244 0.6369974 2.44008
0.030313 0.2435696 2.436141
0.03057076 0.2442376 2.371363
-0.03941461 1.67852 2.455415
-0.3675389 0.9993352 2.335335
-0.3142161 1.083331 2.311241
0.174445 0.9421595 2.379269
0.1333268 1.021618 2.334931
110
-0.07988919 1.075403 2.419243
-0.05978598 1.424869 2.443463
-0.03987519 1.761296 2.453467
-0.02801653 1.91264 2.455152
-0.2290023 1.624522 2.428372
-0.3127962 1.362018 2.426583
-0.365893 1.144013 2.351242
-0.3761402 1.072308 2.326552
0.1360777 1.605556 2.435728
0.1725258 1.333889 2.441994
0.1831617 1.098224 2.37463
0.1672376 1.022076 2.357397
-0.1639526 1.078905 2.373466
-0.1974268 0.6280168 2.454473
-0.2234864 0.2880437 2.422482
-0.2188262 0.2994153 2.297837
0.006953072 1.069302 2.381917
-0.001094864 0.6355438 2.440345
0.03083145 0.244001 2.436198
0.03057301 0.2446729 2.370774
-0.04487766 1.679019 2.453432
-0.3674617 1.000255 2.324182
-0.3174403 1.082346 2.302088
0.1668115 0.9419283 2.370949
0.1221825 1.022616 2.323604
111
-0.07988919 1.075403 2.419243
-0.05978598 1.424869 2.443463
-0.03987519 1.761296 2.453467
-0.02801653 1.91264 2.455152
-0.2290023 1.624522 2.428372
-0.3127962 1.362018 2.426583
-0.365893 1.144013 2.351242
-0.3761402 1.072308 2.326552
0.1360777 1.605556 2.435728
0.1725258 1.333889 2.441994
0.1831617 1.098224 2.37463
0.1672376 1.022076 2.357397
-0.1639526 1.078905 2.373466
-0.1974268 0.6280168 2.454473
-0.2234864 0.2880437 2.422482
-0.2188262 0.2994153 2.297837
0.006953072 1.069302 2.381917
-0.001094864 0.6355438 2.440345
0.03083145 0.244001 2.436198
0.03057301 0.2446729 2.370774
-0.04487766 1.679019 2.453432
-0.3674617 1.000255 2.324182
-0.3174403 1.082346 2.302088
0.1668115 0.9419283 2.370949
0.1221825 1.022616 2.323604
112
-0.08362156 1.075655 2.418078
-0.06437678 1.425363 2.441697
-0.0454492 1.761795 2.451244
-0.03448085 1.913351 2.452952
-0.2340042 1.62504 2.426538
-0.3163141 1.363268 2.423431
-0.3691316 1.145129 2.344549
-0.3775704 1.07376 2.318845
0.1306392 1.606123 2.432637
0.1657071 1.33469 2.436547
0.1745439 1.098261 2.366227
0.1587116 1.02494 2.348725
-0.167763 1.078766 2.372295
-0.2009783 0.6328562 2.449415
-0.2233952 0.2916128 2.422379
-0.2168257 0.3012385 2.295439
0.003418287 1.06992 2.380771
-0.00185909 0.6347086 2.44046
0.03106865 0.2449148 2.436287
0.03049449 0.2455787 2.369745
-0.05018925 1.679532 2.451316
-0.3677063 1.001288 2.315521
-0.3192655 1.083662 2.297666
0.159842 0.9440807 2.361433
0.1149532 1.020118 2.317591
113
-0.08362156 1.075655 2.418078
-0.06437678 1.425363 2.441697
-0.0454492 1.761795 2.451244
-0.03448085 1.913351 2.452952
-0.2340042 1.62504 2.426538
-0.3163141 1.363268 2.423431
-0.3691316 1.145129 2.344549
-0.3775704 1.07376 2.318845
0.1306392 1.606123 2.432637
0.1657071 1.33469 2.436547
0.1745439 1.098261 2.366227
0.1587116 1.02494 2.348725
-0.167763 1.078766 2.372295
-0.2009783 0.6328562 2.449415
-0.2233952 0.2916128 2.422379
-0.2168257 0.3012385 2.295439
0.003418287 1.06992 2.380771
-0.00185909 0.6347086 2.44046
0.03106865 0.2449148 2.436287
0.03049449 0.2455787 2.369745
-0.05018925 1.679532 2.451316
-0.3677063 1.001288 2.315521
-0.3192655 1.083662 2.297666
0.159842 0.9440807 2.361433
0.1149532 1.020118 2.317591
114
-0.08689515 1.076085 2.416777
-0.06845079 1.42591 2.439974
-0.05043995 1.762241 2.44927
-0.04019658 1.913829 2.451045
-0.2391438 1.625517 2.424962
-0.319491 1.364571 2.42061
-0.371804 1.145761 2.338768
-0.3789226 1.07434 2.312778
0.1258517 1.606717 2.429789
0.1590698 1.335688 2.431204
0.1688267 1.098398 2.360262
0.1520693 1.028055 2.340636
-0.1711107 1.078848 2.371034
-0.2039798 0.6373011 2.444488
-0.2235532 0.2942767 2.422249
-0.2156352 0.3021471 2.293879
0.0003314018 1.070673 2.379447
-0.001875317 0.6344649 2.440411
0.02853263 0.2759259 2.436705
0.02775039 0.2768916 2.336865
-0.05493436 1.680017 2.449394
-0.3678277 1.001979 2.310538
-0.3239432 1.079086 2.289596
0.1527878 0.948253 2.350482
0.1094822 1.017938 2.311169
115
-0.0896335 1.076604 2.415447
-0.07206798 1.42652 2.438404
-0.05529305 1.762795 2.447644
-0.04581086 1.91439 2.449289
-0.2442005 1.626109 2.423569
-0.3225586 1.365597 2.417913
-0.3737968 1.145921 2.334255
-0.3796748 1.074671 2.308444
0.1216609 1.60735 2.427355
0.1540363 1.336648 2.426691
0.1631074 1.098617 2.353564
0.1465239 1.031164 2.333168
-0.1738998 1.079065 2.369772
-0.2061226 0.640545 2.440706
-0.2251791 0.2705355 2.420636
-0.2430629 0.2765375 2.326965
-0.002258536 1.071472 2.378065
-0.001429168 0.6345003 2.440209
0.02717553 0.2920756 2.436962
0.02620151 0.2931044 2.319879
-0.05943459 1.680596 2.447762
-0.3682348 1.001698 2.306661
-0.3268922 1.078389 2.285455
0.1465579 0.9513924 2.34197
0.1045158 1.01997 2.303131
116
-0.0896335 1.076604 2.415447
-0.07206798 1.42652 2.438404
-0.05529305 1.762795 2.447644
-0.04581086 1.91439 2.449289
-0.2442005 1.626109 2.423569
-0.3225586 1.365597 2.417913
-0.3737968 1.145921 2.334255
-0.3796748 1.074671 2.308444
0.1216609 1.60735 2.427355
0.1540363 1.336648 2.426691
0.1631074 1.098617 2.353564
0.1465239 1.031164 2.333168
-0.1738998 1.079065 2.369772
-0.2061226 0.640545 2.440706
-0.2251791 0.2705355 2.420636
-0.2430629 0.2765375 2.326965
-0.002258536 1.071472 2.378065
-0.001429168 0.6345003 2.440209
0.02717553 0.2920756 2.436962
0.02620151 0.2931044 2.319879
-0.05943459 1.680596 2.447762
-0.3682348 1.001698 2.306661
-0.3268922 1.078389 2.285455
0.1465579 0.9513924 2.34197
0.1045158 1.01997 2.303131
117
-0.0896335 1.076604 2.415447
-0.07206798 1.42652 2.438404
-0.05529305 1.762795 2.447644
-0.04581086 1.91439 2.449289
-0.2442005 1.626109 2.423569
-0.3225586 1.365597 2.417913
-0.3737968 1.145921 2.334255
-0.3796748 1.074671 2.308444
0.1216609 1.60735 2.427355
0.1540363 1.336648 2.426691
0.1631074 1.098617 2.353564
0.1465239 1.031164 2.333168
-0.1738998 1.079065 2.369772
-0.2061226 0.640545 2.440706
-0.2251791 0.2705355 2.420636
-0.2430629 0.2765375 2.326965
-0.002258536 1.071472 2.378065
-0.001429168 0.6345003 2.440209
0.02717553 0.2920756 2.436962
0.02620151 0.2931044 2.319879
-0.05943459 1.680596 2.447762
-0.3682348 1.001698 2.306661
-0.3268922 1.078389 2.285455
0.1465579 0.9513924 2.34197
0.1045158 1.01997 2.303131
118
-0.09205946 1.077181 2.413925
-0.07532255 1.427071 2.436896
-0.0597483 1.763201 2.446301
-0.05092077 1.914748 2.447845
-0.2488924 1.626627 2.422318
-0.3252332 1.366293 2.415535
-0.3753165 1.145776 2.330525
-0.3800543 1.074759 2.304708
0.1183593 1.6079 2.425489
0.1497514 1.337315 2.422547
0.1572909 1.099403 2.345672
0.1377629 1.036187 2.320334
-0.176507 1.079434 2.368124
-0.2075895 0.6426369 2.437917
-0.2254563 0.2722932 2.420573
-0.2404148 0.2775759 2.323184
-0.00444273 1.072228 2.376653
-0.0008560178 0.6345604 2.439855
0.02655982 0.2995142 2.437099
0.02561406 0.3004632 2.312346
-0.06354865 1.681048 2.446355
-0.3680891 1.001611 2.303058
-0.3286862 1.076279 2.281248
0.12984 0.9553553 2.322824
0.09534723 1.026848 2.29219
119
-0.09401923 1.077654 2.41259
-0.07809509 1.42748 2.435595
-0.06359035 1.763438 2.445181
-0.05575441 1.914982 2.446565
-0.2529731 1.627044 2.421283
-0.3275818 1.366751 2.413514
-0.3763561 1.144949 2.327156
-0.3799137 1.074634 2.302105
0.1149069 1.608488 2.423623
0.1456645 1.339041 2.418609
0.1521409 1.100524 2.338226
0.1315547 1.040737 2.309637
-0.1785889 1.079753 2.366685
-0.2086639 0.6442896 2.43559
-0.2256561 0.2757188 2.420591
-0.2362907 0.2804005 2.317593
-0.006222395 1.072835 2.375416
-0.0001875903 0.6346965 2.439488
0.02620401 0.3039556 2.43718
0.02524563 0.3047816 2.307849
-0.06710326 1.681336 2.445168
-0.3681305 1.001544 2.300303
-0.327429 1.073602 2.279557
0.1197992 0.9593497 2.309591
0.08798297 1.036895 2.281924
120
-0.09401923 1.077654 2.41259
-0.07809509 1.42748 2.435595
-0.06359035 1.763438 2.445181
-0.05575441 1.914982 2.446565
-0.2529731 1.627044 2.421283
-0.3275818 1.366751 2.413514
-0.3763561 1.144949 2.327156
-0.3799137 1.074634 2.302105
0.1149069 1.608488 2.423623
0.1456645 1.339041 2.418609
0.1521409 1.100524 2.338226
0.1315547 1.040737 2.309637
-0.1785889 1.079753 2.366685
-0.2086639 0.6442896 2.43559
-0.2256561 0.2757188 2.420591
-0.2362907 0.2804005 2.317593
-0.006222395 1.072835 2.375416
-0.0001875903 0.6346965 2.439488
0.02620401 0.3039556 2.43718
0.02524563 0.3047816 2.307849
-0.06710326 1.681336 2.445168
-0.3681305 1.001544 2.300303
-0.327429 1.073602 2.279557
0.1197992 0.9593497 2.309591
0.08798297 1.036895 2.281924
121
-0.09401923 1.077654 2.41259
-0.07809509 1.42748 2.435595
-0.06359035 1.763438 2.445181
-0.05575441 1.914982 2.446565
-0.2529731 1.627044 2.421283
-0.3275818 1.366751 2.413514
-0.3763561 1.144949 2.327156
-0.3799137 1.074634 2.302105
0.1149069 1.608488 2.423623
0.1456645 1.339041 2.418609
0.1521409 1.100524 2.338226
0.1315547 1.040737 2.309637
-0.1785889 1.079753 2.366685
-0.2086639 0.6442896 2.43559
-0.2256561 0.2757188 2.420591
-0.2362907 0.2804005 2.317593
-0.006222395 1.072835 2.375416
-0.0001875903 0.6346965 2.439488
0.02620401 0.3039556 2.43718
0.02524563 0.3047816 2.307849
-0.06710326 1.681336 2.445168
-0.3681305 1.001544 2.300303
-0.327429 1.073602 2.279557
0.1197992 0.9593497 2.309591
0.08798297 1.036895 2.281924
122
-0.09569462 1.078063 2.411307
-0.08064181 1.427837 2.434422
-0.06734414 1.763682 2.444291
-0.06046018 1.915205 2.44546
-0.2568687 1.627166 2.420398
-0.3296607 1.367113 2.411829
-0.3770282 1.144201 2.324716
-0.3796568 1.074298 2.30042
0.1113628 1.609208 2.422001
0.1424105 1.340778 2.415483
0.1473183 1.103061 2.331131
0.1246731 1.045221 2.29954
-0.1803378 1.080025 2.365352
-0.2094801 0.6455683 2.433711
-0.2258327 0.2792892 2.420665
-0.2326475 0.2834339 2.312845
-0.007768065 1.073367 2.374183
0.0005798555 0.6352324 2.439132
0.02595677 0.3070842 2.43723
0.02499077 0.3077774 2.304737
-0.07053076 1.681614 2.444182
-0.3682805 1.001397 2.298493
-0.3204215 1.074455 2.285703
0.1113484 0.962922 2.297737
0.08134641 1.032791 2.268332
123
-0.09723875 1.07843 2.409999
-0.08292045 1.428124 2.433361
-0.07046811 1.763851 2.443596
-0.06472227 1.91535 2.444581
-0.2606335 1.627251 2.419661
-0.331551 1.367343 2.41037
-0.3773589 1.143168 2.322691
-0.3789953 1.07341 2.299684
0.1082344 1.609863 2.420672
0.1399704 1.34228 2.412991
0.1427291 1.105679 2.324067
0.1196027 1.048206 2.291345
-0.1819053 1.080258 2.364052
-0.2101249 0.6464716 2.432181
-0.2268854 0.2628144 2.420081
-0.2373781 0.2659664 2.334675
-0.009232399 1.073862 2.372873
0.001171536 0.6355643 2.438896
0.02585197 0.3085651 2.437257
0.02486589 0.309162 2.303344
-0.07344281 1.681813 2.443378
-0.3678281 1.000612 2.297297
-0.3162578 1.072627 2.28859
0.1068213 0.9687414 2.286908
0.08532605 1.044286 2.249886
124
-0.09723875 1.07843 2.409999
-0.08292045 1.428124 2.433361
-0.07046811 1.763851 2.443596
-0.06472227 1.91535 2.444581
-0.2606335 1.627251 2.419661
-0.331551 1.367343 2.41037
-0.3773589 1.143168 2.322691
-0.3789953 1.07341 2.299684
0.1082344 1.609863 2.420672
0.1399704 1.34228 2.412991
0.1427291 1.105679 2.324067
0.1196027 1.048206 2.291345
-0.1819053 1.080258 2.364052
-0.2101249 0.6464716 2.432181
-0.2268854 0.2628144 2.420081
-0.2373781 0.2659664 2.334675
-0.009232399 1.073862 2.372873
0.001171536 0.6355643 2.438896
0.02585197 0.3085651 2.437257
0.02486589 0.309162 2.303344
-0.07344281 1.681813 2.443378
-0.3678281 1.000612 2.297297
-0.3162578 1.072627 2.28859
0.1068213 0.9687414 2.286908
0.08532605 1.044286 2.249886
125
-0.09723875 1.07843 2.409999
-0.08292045 1.428124 2.433361
-0.07046811 1.763851 2.443596
-0.06472227 1.91535 2.444581
-0.2606335 1.627251 2.419661
-0.331551 1.367343 2.41037
-0.3773589 1.143168 2.322691
-0.3789953 1.07341 2.299684
0.1082344 1.609863 2.420672
0.1399704 1.34228 2.412991
0.1427291 1.105679 2.324067
0.1196027 1.048206 2.291345
-0.1819053 1.080258 2.364052
-0.2101249 0.6464716 2.432181
-0.2268854 0.2628144 2.420081
-0.2373781 0.2659664 2.334675
-0.009232399 1.073862 2.372873
0.001171536 0.6355643 2.438896
0.02585197 0.3085651 2.437257
0.02486589 0.309162 2.303344
-0.07344281 1.681813 2.443378
-0.3678281 1.000612 2.297297
-0.3162578 1.072627 2.28859
0.1068213 0.9687414 2.286908
0.08532605 1.044286 2.249886
