114
1
-0.08749955 1.079982 2.399764
-0.08524245 1.426786 2.417759
-0.0824203 1.759629 2.422585
-0.08155132 1.90989 2.407357
-0.2750808 1.618723 2.413488
-0.3270518 1.370879 2.404343
-0.3269985 1.117895 2.337352
-0.3186588 1.056518 2.331798
0.1033643 1.618967 2.407811
0.1525113 1.355566 2.404807
0.1583373 1.106729 2.3273
0.1443703 1.044053 2.315748
-0.172323 1.078881 2.356832
-0.1904691 0.6450042 2.427792
-0.2026635 0.2533582 2.427776
-0.2291148 0.2541846 2.361944
0.0004489555 1.078054 2.359935
0.01585246 0.6463734 2.43507
0.03101254 0.2584086 2.439293
0.04082483 0.2578103 2.349119
-0.08320888 1.678304 2.423753
-0.3169333 0.9760987 2.335235
-0.2641934 1.060849 2.303715
0.1355951 0.9684841 2.315131
0.09734828 1.047634 2.287091
2
-0.08747251 1.079991 2.399858
-0.08520599 1.426795 2.417887
-0.08238331 1.759635 2.42275
-0.0815072 1.909885 2.40753
-0.2750512 1.618739 2.413602
-0.3270416 1.370931 2.40446
-0.3269981 1.117945 2.33744
-0.3186795 1.056535 2.331936
0.1033945 1.618957 2.407872
0.1525716 1.355566 2.404858
0.1583519 1.106728 2.327348
0.1444184 1.044079 2.315962
-0.1722943 1.078888 2.356929
-0.1904666 0.6450014 2.4278
-0.2026476 0.2537655 2.427783
-0.2281102 0.2545611 2.36097
0.0004708685 1.078068 2.360029
0.01585717 0.6464091 2.435086
0.03101264 0.2582697 2.439296
0.0400766 0.2576533 2.349821
-0.08317143 1.678311 2.423908
-0.3172855 0.9766186 2.33559
-0.2641948 1.060906 2.303674
0.1355338 0.9683456 2.315375
0.09739421 1.04853 2.288005
3
-0.08747251 1.079991 2.399858
-0.08520599 1.426795 2.417887
-0.08238331 1.759635 2.42275
-0.0815072 1.909885 2.40753
-0.2750512 1.618739 2.413602
-0.3270416 1.370931 2.40446
-0.3269981 1.117945 2.33744
-0.3186795 1.056535 2.331936
0.1033945 1.618957 2.407872
0.1525716 1.355566 2.404858
0.1583519 1.106728 2.327348
0.1444184 1.044079 2.315962
-0.1722943 1.078888 2.356929
-0.1904666 0.6450014 2.4278
-0.2026476 0.2537655 2.427783
-0.2281102 0.2545611 2.36097
0.0004708685 1.078068 2.360029
0.01585717 0.6464091 2.435086
0.03101264 0.2582697 2.439296
0.0400766 0.2576533 2.349821
-0.08317143 1.678311 2.423908
-0.3172855 0.9766186 2.33559
-0.2641948 1.060906 2.303674
0.1355338 0.9683456 2.315375
0.09739421 1.04853 2.288005
4
-0.08745062 1.080004 2.399961
-0.08517379 1.426803 2.418019
-0.08235004 1.759639 2.422912
-0.08146602 1.909879 2.407732
-0.2750202 1.618767 2.413736
-0.3270344 1.370981 2.404578
-0.3269975 1.117983 2.337531
-0.3187028 1.056537 2.332052
0.1034221 1.618947 2.407936
0.1526314 1.355567 2.404911
0.1583666 1.106728 2.327396
0.144444 1.044102 2.316073
-0.1722704 1.078898 2.357029
-0.1904638 0.6449998 2.427809
-0.2026387 0.2542461 2.427794
-0.2268543 0.2550032 2.360181
0.0004869711 1.078086 2.360137
0.01585767 0.6464702 2.435113
0.03101391 0.2581566 2.439293
0.03943139 0.2575283 2.350412
-0.0831378 1.678316 2.424063
-0.3086715 0.9703046 2.334086
-0.264199 1.060925 2.303656
0.1358877 0.9686676 2.315743
0.09740642 1.048643 2.28817
5
-0.08745062 1.080004 2.399961
-0.08517379 1.426803 2.418019
-0.08235004 1.759639 2.422912
-0.08146602 1.909879 2.407732
-0.2750202 1.618767 2.413736
-0.3270344 1.370981 2.404578
-0.3269975 1.117983 2.337531
-0.3187028 1.056537 2.332052
0.1034221 1.618947 2.407936
0.1526314 1.355567 2.404911
0.1583666 1.106728 2.327396
0.144444 1.044102 2.316073
-0.1722704 1.078898 2.357029
-0.1904638 0.6449998 2.427809
-0.2026387 0.2542461 2.427794
-0.2268543 0.2550032 2.360181
0.0004869711 1.078086 2.360137
0.01585767 0.6464702 2.435113
0.03101391 0.2581566 2.439293
0.03943139 0.2575283 2.350412
-0.0831378 1.678316 2.424063
-0.3086715 0.9703046 2.334086
-0.264199 1.060925 2.303656
0.1358877 0.9686676 2.315743
0.09740642 1.048643 2.28817
6
-0.08743507 1.080017 2.400067
-0.0851457 1.426812 2.41815
-0.08231925 1.759643 2.423069
-0.08142924 1.909872 2.407934
-0.2749903 1.618795 2.413871
-0.3270284 1.371028 2.404697
-0.3270002 1.118023 2.337624
-0.3187249 1.056565 2.332202
0.1034489 1.618933 2.408006
0.1526918 1.355566 2.404966
0.1583777 1.106707 2.32745
0.1444573 1.044098 2.316221
-0.1722524 1.078907 2.357129
-0.1904607 0.6449984 2.427821
-0.2026311 0.2547801 2.4278
-0.2250556 0.2554831 2.358724
0.0004965753 1.078106 2.36025
0.01585604 0.6465295 2.435142
0.03101389 0.2580705 2.43929
0.03883046 0.2574328 2.350994
-0.08310707 1.678321 2.424214
-0.3079243 0.971857 2.33331
-0.2641593 1.062551 2.304006
0.1358583 0.9685965 2.315926
0.09741225 1.048514 2.288363
7
-0.08743507 1.080017 2.400067
-0.0851457 1.426812 2.41815
-0.08231925 1.759643 2.423069
-0.08142924 1.909872 2.407934
-0.2749903 1.618795 2.413871
-0.3270284 1.371028 2.404697
-0.3270002 1.118023 2.337624
-0.3187249 1.056565 2.332202
0.1034489 1.618933 2.408006
0.1526918 1.355566 2.404966
0.1583777 1.106707 2.32745
0.1444573 1.044098 2.316221
-0.1722524 1.078907 2.357129
-0.1904607 0.6449984 2.427821
-0.2026311 0.2547801 2.4278
-0.2250556 0.2554831 2.358724
0.0004965753 1.078106 2.36025
0.01585604 0.6465295 2.435142
0.03101389 0.2580705 2.43929
0.03883046 0.2574328 2.350994
-0.08310707 1.678321 2.424214
-0.3079243 0.971857 2.33331
-0.2641593 1.062551 2.304006
0.1358583 0.9685965 2.315926
0.09741225 1.048514 2.288363
8
-0.08742294 1.08003 2.400173
-0.08512087 1.42682 2.41828
-0.08229136 1.759648 2.42322
-0.08139787 1.909863 2.408135
-0.2749614 1.618827 2.414005
-0.3270267 1.37108 2.404819
-0.3270039 1.118062 2.337713
-0.3187971 1.056647 2.332311
0.1034782 1.618897 2.408094
0.1527516 1.355537 2.405027
0.1583785 1.106668 2.327495
0.1444759 1.044133 2.316287
-0.1722377 1.078917 2.357231
-0.1904577 0.6449968 2.427832
-0.2026272 0.2552111 2.427806
-0.2231917 0.2558579 2.356918
0.0005029434 1.078125 2.360362
0.01585402 0.6465816 2.435171
0.03101396 0.2579989 2.439285
0.03833522 0.2573549 2.35148
-0.08307935 1.678326 2.424359
-0.3085575 0.9732796 2.333776
-0.2649297 1.061661 2.304431
0.1359271 0.9688388 2.315894
0.09741608 1.048546 2.288466
9
-0.08742294 1.08003 2.400173
-0.08512087 1.42682 2.41828
-0.08229136 1.759648 2.42322
-0.08139787 1.909863 2.408135
-0.2749614 1.618827 2.414005
-0.3270267 1.37108 2.404819
-0.3270039 1.118062 2.337713
-0.3187971 1.056647 2.332311
0.1034782 1.618897 2.408094
0.1527516 1.355537 2.405027
0.1583785 1.106668 2.327495
0.1444759 1.044133 2.316287
-0.1722377 1.078917 2.357231
-0.1904577 0.6449968 2.427832
-0.2026272 0.2552111 2.427806
-0.2231917 0.2558579 2.356918
0.0005029434 1.078125 2.360362
0.01585402 0.6465816 2.435171
0.03101396 0.2579989 2.439285
0.03833522 0.2573549 2.35148
-0.08307935 1.678326 2.424359
-0.3085575 0.9732796 2.333776
-0.2649297 1.061661 2.304431
0.1359271 0.9688388 2.315894
0.09741608 1.048546 2.288466
10
-0.08741378 1.080037 2.400275
-0.08510018 1.426824 2.418401
-0.08226813 1.75965 2.423359
-0.0813686 1.909855 2.408325
-0.2749367 1.618844 2.414127
-0.3270272 1.37113 2.404936
-0.3270087 1.118098 2.337801
-0.3188341 1.056672 2.33239
0.1035057 1.618863 2.408185
0.1528098 1.3555 2.405089
0.1583766 1.106622 2.327539
0.1444861 1.044139 2.316368
-0.1722265 1.078924 2.357325
-0.1904548 0.6449949 2.427844
-0.2026271 0.2555195 2.42781
-0.2216092 0.256119 2.355419
0.0005078038 1.078133 2.36047
0.01585033 0.6466235 2.435197
0.03101436 0.2579391 2.43927
0.03794684 0.2572935 2.351859
-0.0830562 1.678329 2.424495
-0.3069271 0.9718922 2.333411
-0.2650193 1.061766 2.304464
0.1358795 0.9687366 2.316139
0.09742218 1.048564 2.288541
11
-0.08741378 1.080037 2.400275
-0.08510018 1.426824 2.418401
-0.08226813 1.75965 2.423359
-0.0813686 1.909855 2.408325
-0.2749367 1.618844 2.414127
-0.3270272 1.37113 2.404936
-0.3270087 1.118098 2.337801
-0.3188341 1.056672 2.33239
0.1035057 1.618863 2.408185
0.1528098 1.3555 2.405089
0.1583766 1.106622 2.327539
0.1444861 1.044139 2.316368
-0.1722265 1.078924 2.357325
-0.1904548 0.6449949 2.427844
-0.2026271 0.2555195 2.42781
-0.2216092 0.256119 2.355419
0.0005078038 1.078133 2.36047
0.01585033 0.6466235 2.435197
0.03101436 0.2579391 2.43927
0.03794684 0.2572935 2.351859
-0.0830562 1.678329 2.424495
-0.3069271 0.9718922 2.333411
-0.2650193 1.061766 2.304464
0.1358795 0.9687366 2.316139
0.09742218 1.048564 2.288541
12
-0.08740627 1.080044 2.400371
-0.08508115 1.426828 2.418521
-0.08224519 1.759654 2.423506
-0.08134307 1.909848 2.408501
-0.2749138 1.618858 2.41424
-0.3270286 1.371175 2.405049
-0.3270139 1.118128 2.337881
-0.3188588 1.05665 2.332471
0.1035307 1.618829 2.408274
0.1528638 1.355462 2.40515
0.1583775 1.106597 2.327585
0.1444975 1.044147 2.316418
-0.1722169 1.078931 2.357415
-0.1904518 0.6449929 2.427855
-0.2026278 0.2558559 2.427816
-0.2199942 0.2564067 2.35411
0.0005113408 1.078139 2.360574
0.01584964 0.6466917 2.435223
0.03100938 0.2580901 2.439255
0.03884056 0.2574713 2.350156
-0.08303376 1.678333 2.424635
-0.3066071 0.9718139 2.333445
-0.266628 1.057176 2.304205
0.1358327 0.968642 2.316288
0.09738153 1.04839 2.288561
13
-0.08740627 1.080044 2.400371
-0.08508115 1.426828 2.418521
-0.08224519 1.759654 2.423506
-0.08134307 1.909848 2.408501
-0.2749138 1.618858 2.41424
-0.3270286 1.371175 2.405049
-0.3270139 1.118128 2.337881
-0.3188588 1.05665 2.332471
0.1035307 1.618829 2.408274
0.1528638 1.355462 2.40515
0.1583775 1.106597 2.327585
0.1444975 1.044147 2.316418
-0.1722169 1.078931 2.357415
-0.1904518 0.6449929 2.427855
-0.2026278 0.2558559 2.427816
-0.2199942 0.2564067 2.35411
0.0005113408 1.078139 2.360574
0.01584964 0.6466917 2.435223
0.03100938 0.2580901 2.439255
0.03884056 0.2574713 2.350156
-0.08303376 1.678333 2.424635
-0.3066071 0.9718139 2.333445
-0.266628 1.057176 2.304205
0.1358327 0.968642 2.316288
0.09738153 1.04839 2.288561
14
-0.08740002 1.080049 2.400463
-0.08506364 1.426832 2.418634
-0.08222327 1.759659 2.423647
-0.08132116 1.909841 2.408664
-0.2748912 1.618865 2.414343
-0.3270312 1.371218 2.405158
-0.327021 1.118145 2.337951
-0.3188908 1.05666 2.332522
0.1035551 1.618799 2.408365
0.1529126 1.355427 2.405213
0.1583796 1.106576 2.327635
0.1445168 1.044142 2.316495
-0.1722086 1.078936 2.357499
-0.1904491 0.644993 2.427867
-0.2026268 0.2561941 2.427821
-0.2184867 0.2566996 2.353073
0.0005138614 1.078145 2.360674
0.01584563 0.6467122 2.43524
0.03100275 0.2582093 2.439245
0.03934287 0.2576069 2.349229
-0.08301253 1.678337 2.424769
-0.3013013 0.9651872 2.329546
-0.2670448 1.068313 2.306701
0.1358374 0.9684924 2.316564
0.09738246 1.048438 2.288686
15
-0.08740002 1.080049 2.400463
-0.08506364 1.426832 2.418634
-0.08222327 1.759659 2.423647
-0.08132116 1.909841 2.408664
-0.2748912 1.618865 2.414343
-0.3270312 1.371218 2.405158
-0.327021 1.118145 2.337951
-0.3188908 1.05666 2.332522
0.1035551 1.618799 2.408365
0.1529126 1.355427 2.405213
0.1583796 1.106576 2.327635
0.1445168 1.044142 2.316495
-0.1722086 1.078936 2.357499
-0.1904491 0.644993 2.427867
-0.2026268 0.2561941 2.427821
-0.2184867 0.2566996 2.353073
0.0005138614 1.078145 2.360674
0.01584563 0.6467122 2.43524
0.03100275 0.2582093 2.439245
0.03934287 0.2576069 2.349229
-0.08301253 1.678337 2.424769
-0.3013013 0.9651872 2.329546
-0.2670448 1.068313 2.306701
0.1358374 0.9684924 2.316564
0.09738246 1.048438 2.288686
16
-0.08739488 1.080054 2.400548
-0.08504724 1.426834 2.418746
-0.08220051 1.759665 2.423794
-0.08130389 1.909832 2.408839
-0.2748655 1.618864 2.414455
-0.3270346 1.371259 2.405263
-0.3270293 1.118164 2.338022
-0.3189557 1.056673 2.332644
0.1035803 1.618762 2.408461
0.1529582 1.355392 2.405279
0.1583792 1.106545 2.327696
0.1445326 1.044184 2.31661
-0.1722017 1.078941 2.357578
-0.1904463 0.644995 2.42788
-0.2026358 0.2562797 2.427824
-0.2177155 0.2567634 2.3528
0.0005156097 1.078149 2.360769
0.01583351 0.6466889 2.435274
0.0309987 0.2582658 2.439232
0.03961577 0.2576802 2.348748
-0.08299111 1.678341 2.424905
-0.2997606 0.9615628 2.328876
-0.2673865 1.071422 2.307648
0.1358382 0.9684887 2.316683
0.09739595 1.048439 2.288759
17
-0.08739488 1.080054 2.400548
-0.08504724 1.426834 2.418746
-0.08220051 1.759665 2.423794
-0.08130389 1.909832 2.408839
-0.2748655 1.618864 2.414455
-0.3270346 1.371259 2.405263
-0.3270293 1.118164 2.338022
-0.3189557 1.056673 2.332644
0.1035803 1.618762 2.408461
0.1529582 1.355392 2.405279
0.1583792 1.106545 2.327696
0.1445326 1.044184 2.31661
-0.1722017 1.078941 2.357578
-0.1904463 0.644995 2.42788
-0.2026358 0.2562797 2.427824
-0.2177155 0.2567634 2.3528
0.0005156097 1.078149 2.360769
0.01583351 0.6466889 2.435274
0.0309987 0.2582658 2.439232
0.03961577 0.2576802 2.348748
-0.08299111 1.678341 2.424905
-0.2997606 0.9615628 2.328876
-0.2673865 1.071422 2.307648
0.1358382 0.9684887 2.316683
0.09739595 1.048439 2.288759
18
-0.08739189 1.080052 2.400637
-0.08503364 1.426834 2.41886
-0.08218129 1.75967 2.423944
-0.08128981 1.909822 2.409002
-0.2748416 1.618861 2.414562
-0.3270382 1.371298 2.405364
-0.3270398 1.118186 2.338092
-0.3190351 1.056727 2.332713
0.1036056 1.618722 2.408558
0.1529974 1.355367 2.405347
0.1583769 1.106511 2.327758
0.1445381 1.044199 2.316676
-0.1721961 1.078944 2.357653
-0.1904446 0.6449986 2.427892
-0.2026507 0.2561513 2.427825
-0.2183309 0.2566563 2.35352
0.000513904 1.078137 2.360878
0.01581187 0.6466484 2.435316
0.03099659 0.2582877 2.439218
0.03979851 0.2577198 2.34843
-0.08297303 1.678344 2.425046
-0.3038708 0.9679663 2.329653
-0.2679023 1.07095 2.307742
0.1358437 0.9683874 2.316834
0.09738743 1.048513 2.288871
19
-0.08739189 1.080052 2.400637
-0.08503364 1.426834 2.41886
-0.08218129 1.75967 2.423944
-0.08128981 1.909822 2.409002
-0.2748416 1.618861 2.414562
-0.3270382 1.371298 2.405364
-0.3270398 1.118186 2.338092
-0.3190351 1.056727 2.332713
0.1036056 1.618722 2.408558
0.1529974 1.355367 2.405347
0.1583769 1.106511 2.327758
0.1445381 1.044199 2.316676
-0.1721961 1.078944 2.357653
-0.1904446 0.6449986 2.427892
-0.2026507 0.2561513 2.427825
-0.2183309 0.2566563 2.35352
0.000513904 1.078137 2.360878
0.01581187 0.6466484 2.435316
0.03099659 0.2582877 2.439218
0.03979851 0.2577198 2.34843
-0.08297303 1.678344 2.425046
-0.3038708 0.9679663 2.329653
-0.2679023 1.07095 2.307742
0.1358437 0.9683874 2.316834
0.09738743 1.048513 2.288871
20
-0.08738575 1.080051 2.40073
-0.08502062 1.426835 2.41898
-0.0821676 1.759682 2.4241
-0.08127793 1.909819 2.409165
-0.2748234 1.618857 2.414674
-0.3270425 1.371335 2.40546
-0.3270528 1.118205 2.338169
-0.3190925 1.056783 2.33282
0.1036305 1.618685 2.408666
0.1530361 1.355347 2.405418
0.158373 1.106476 2.327819
0.1445566 1.044238 2.316764
-0.1721873 1.078948 2.357735
-0.1904429 0.6450027 2.427906
-0.2026751 0.2557576 2.427825
-0.2196569 0.2563063 2.35524
0.0005154748 1.078126 2.360988
0.01578636 0.6465934 2.435364
0.03099827 0.2582938 2.439205
0.03993362 0.2577436 2.348196
-0.08295895 1.678353 2.425192
-0.3076488 0.9734197 2.330061
-0.2681244 1.070643 2.307868
0.1358205 0.9683749 2.316867
0.09738643 1.048523 2.288909
21
-0.08738575 1.080051 2.40073
-0.08502062 1.426835 2.41898
-0.0821676 1.759682 2.4241
-0.08127793 1.909819 2.409165
-0.2748234 1.618857 2.414674
-0.3270425 1.371335 2.40546
-0.3270528 1.118205 2.338169
-0.3190925 1.056783 2.33282
0.1036305 1.618685 2.408666
0.1530361 1.355347 2.405418
0.158373 1.106476 2.327819
0.1445566 1.044238 2.316764
-0.1721873 1.078948 2.357735
-0.1904429 0.6450027 2.427906
-0.2026751 0.2557576 2.427825
-0.2196569 0.2563063 2.35524
0.0005154748 1.078126 2.360988
0.01578636 0.6465934 2.435364
0.03099827 0.2582938 2.439205
0.03993362 0.2577436 2.348196
-0.08295895 1.678353 2.425192
-0.3076488 0.9734197 2.330061
-0.2681244 1.070643 2.307868
0.1358205 0.9683749 2.316867
0.09738643 1.048523 2.288909
22
-0.08738036 1.080048 2.40082
-0.08500889 1.426837 2.419095
-0.08215571 1.759693 2.424248
-0.08126672 1.909817 2.409326
-0.2748071 1.618849 2.414784
-0.3270504 1.371373 2.405555
-0.3270645 1.118222 2.33824
-0.3191261 1.056776 2.332861
0.1036562 1.618644 2.408776
0.1530712 1.355331 2.405487
0.1583716 1.106446 2.327882
0.1445678 1.044249 2.316819
-0.1721791 1.07895 2.357813
-0.1904422 0.6450091 2.427919
-0.2026864 0.2557713 2.427827
-0.2196187 0.2563211 2.355463
0.0005162415 1.078114 2.361097
0.01575919 0.6465343 2.435411
0.03099998 0.2582931 2.439191
0.04001979 0.2577598 2.348047
-0.08294653 1.678361 2.425331
-0.3096738 0.9749448 2.331364
-0.2685665 1.067044 2.307449
0.1358874 0.9684368 2.316823
0.09739848 1.048526 2.288939
23
-0.08738036 1.080048 2.40082
-0.08500889 1.426837 2.419095
-0.08215571 1.759693 2.424248
-0.08126672 1.909817 2.409326
-0.2748071 1.618849 2.414784
-0.3270504 1.371373 2.405555
-0.3270645 1.118222 2.33824
-0.3191261 1.056776 2.332861
0.1036562 1.618644 2.408776
0.1530712 1.355331 2.405487
0.1583716 1.106446 2.327882
0.1445678 1.044249 2.316819
-0.1721791 1.07895 2.357813
-0.1904422 0.6450091 2.427919
-0.2026864 0.2557713 2.427827
-0.2196187 0.2563211 2.355463
0.0005162415 1.078114 2.361097
0.01575919 0.6465343 2.435411
0.03099998 0.2582931 2.439191
0.04001979 0.2577598 2.348047
-0.08294653 1.678361 2.425331
-0.3096738 0.9749448 2.331364
-0.2685665 1.067044 2.307449
0.1358874 0.9684368 2.316823
0.09739848 1.048526 2.288939
24
-0.08737533 1.080045 2.400912
-0.08500028 1.426839 2.419212
-0.08215116 1.759709 2.4244
-0.08125699 1.909819 2.409475
-0.2747919 1.618839 2.414896
-0.3270591 1.371409 2.405646
-0.3270771 1.118237 2.338309
-0.3191759 1.056748 2.332944
0.1036781 1.618611 2.408895
0.1531018 1.35532 2.405557
0.1583679 1.106413 2.327939
0.1445933 1.044284 2.316905
-0.1721711 1.078953 2.357895
-0.1904401 0.6450108 2.427934
-0.2027218 0.2549617 2.42783
-0.2221099 0.2555906 2.3592
0.0005165882 1.078101 2.361203
0.01571687 0.6463922 2.435486
0.03100608 0.2582805 2.439172
0.0400869 0.2577716 2.347937
-0.08294023 1.678372 2.425473
-0.3122932 0.9768828 2.332397
-0.2696332 1.058303 2.306779
0.136103 0.9687244 2.316659
0.09740964 1.048483 2.288931
25
-0.08737533 1.080045 2.400912
-0.08500028 1.426839 2.419212
-0.08215116 1.759709 2.4244
-0.08125699 1.909819 2.409475
-0.2747919 1.618839 2.414896
-0.3270591 1.371409 2.405646
-0.3270771 1.118237 2.338309
-0.3191759 1.056748 2.332944
0.1036781 1.618611 2.408895
0.1531018 1.35532 2.405557
0.1583679 1.106413 2.327939
0.1445933 1.044284 2.316905
-0.1721711 1.078953 2.357895
-0.1904401 0.6450108 2.427934
-0.2027218 0.2549617 2.42783
-0.2221099 0.2555906 2.3592
0.0005165882 1.078101 2.361203
0.01571687 0.6463922 2.435486
0.03100608 0.2582805 2.439172
0.0400869 0.2577716 2.347937
-0.08294023 1.678372 2.425473
-0.3122932 0.9768828 2.332397
-0.2696332 1.058303 2.306779
0.136103 0.9687244 2.316659
0.09740964 1.048483 2.288931
26
-0.08737022 1.080039 2.401004
-0.08499289 1.426841 2.419325
-0.08214858 1.759724 2.424543
-0.08124933 1.909821 2.409616
-0.274778 1.61883 2.415003
-0.3270686 1.371438 2.405734
-0.3270873 1.118238 2.338378
-0.3191915 1.056725 2.332998
0.1036969 1.618579 2.409011
0.1531302 1.355313 2.405628
0.1583638 1.106382 2.327996
0.1445988 1.044293 2.316996
-0.1721635 1.078956 2.357973
-0.1904381 0.6450118 2.427949
-0.2027316 0.2548457 2.427832
-0.2224775 0.2554884 2.359619
0.0005187553 1.078075 2.361326
0.01567949 0.6462508 2.435558
0.03099986 0.2585186 2.439136
0.04093222 0.258059 2.346813
-0.08293574 1.678384 2.425607
-0.3138805 0.9775842 2.333913
-0.2695452 1.051589 2.305456
0.1360421 0.9686872 2.316664
0.09741437 1.048484 2.288947
27
-0.08737022 1.080039 2.401004
-0.08499289 1.426841 2.419325
-0.08214858 1.759724 2.424543
-0.08124933 1.909821 2.409616
-0.274778 1.61883 2.415003
-0.3270686 1.371438 2.405734
-0.3270873 1.118238 2.338378
-0.3191915 1.056725 2.332998
0.1036969 1.618579 2.409011
0.1531302 1.355313 2.405628
0.1583638 1.106382 2.327996
0.1445988 1.044293 2.316996
-0.1721635 1.078956 2.357973
-0.1904381 0.6450118 2.427949
-0.2027316 0.2548457 2.427832
-0.2224775 0.2554884 2.359619
0.0005187553 1.078075 2.361326
0.01567949 0.6462508 2.435558
0.03099986 0.2585186 2.439136
0.04093222 0.258059 2.346813
-0.08293574 1.678384 2.425607
-0.3138805 0.9775842 2.333913
-0.2695452 1.051589 2.305456
0.1360421 0.9686872 2.316664
0.09741437 1.048484 2.288947
28
-0.08736599 1.080035 2.401098
-0.08498942 1.426845 2.419446
-0.08215525 1.759741 2.424704
-0.08124584 1.909822 2.409771
-0.2747732 1.618815 2.415117
-0.3270806 1.371471 2.405829
-0.3270988 1.11824 2.338446
-0.3192147 1.056698 2.333071
0.1037154 1.618554 2.409133
0.1531574 1.35531 2.4057
0.158361 1.106355 2.328054
0.144582 1.044352 2.317114
-0.1721563 1.078959 2.35805
-0.1904356 0.6450119 2.427966
-0.2027343 0.2548377 2.427833
-0.2224959 0.2554839 2.359421
0.0005190332 1.078051 2.361452
0.01565703 0.6461858 2.435605
0.0309963 0.2586928 2.4391
0.04145302 0.2582686 2.346169
-0.08293894 1.678398 2.425757
-0.3145642 0.9780504 2.334442
-0.2696425 1.049741 2.3052
0.1360579 0.9686767 2.316784
0.09741654 1.048482 2.288956
29
-0.08736599 1.080035 2.401098
-0.08498942 1.426845 2.419446
-0.08215525 1.759741 2.424704
-0.08124584 1.909822 2.409771
-0.2747732 1.618815 2.415117
-0.3270806 1.371471 2.405829
-0.3270988 1.11824 2.338446
-0.3192147 1.056698 2.333071
0.1037154 1.618554 2.409133
0.1531574 1.35531 2.4057
0.158361 1.106355 2.328054
0.144582 1.044352 2.317114
-0.1721563 1.078959 2.35805
-0.1904356 0.6450119 2.427966
-0.2027343 0.2548377 2.427833
-0.2224959 0.2554839 2.359421
0.0005190332 1.078051 2.361452
0.01565703 0.6461858 2.435605
0.0309963 0.2586928 2.4391
0.04145302 0.2582686 2.346169
-0.08293894 1.678398 2.425757
-0.3145642 0.9780504 2.334442
-0.2696425 1.049741 2.3052
0.1360579 0.9686767 2.316784
0.09741654 1.048482 2.288956
30
-0.08736446 1.080028 2.401195
-0.08498991 1.426847 2.419578
-0.08216687 1.759756 2.424881
-0.08125191 1.909815 2.409973
-0.274779 1.618795 2.415254
-0.3270937 1.3715 2.405929
-0.3271155 1.118243 2.338521
-0.31927 1.05669 2.333162
0.103733 1.618542 2.409265
0.1531823 1.355314 2.405774
0.1583572 1.106331 2.328105
0.144597 1.044376 2.31715
-0.1721507 1.078963 2.358125
-0.1904332 0.6450102 2.427983
-0.2027351 0.2549529 2.427836
-0.2222556 0.2555946 2.358827
0.000513433 1.078018 2.361598
0.01563711 0.646129 2.435647
0.03100095 0.2587392 2.439065
0.0416295 0.2583393 2.345964
-0.08294688 1.678408 2.425922
-0.3045346 0.9667372 2.326242
-0.2686598 1.055078 2.305947
0.1365399 0.9692416 2.316717
0.09741886 1.048481 2.288963
31
-0.08736446 1.080028 2.401195
-0.08498991 1.426847 2.419578
-0.08216687 1.759756 2.424881
-0.08125191 1.909815 2.409973
-0.274779 1.618795 2.415254
-0.3270937 1.3715 2.405929
-0.3271155 1.118243 2.338521
-0.31927 1.05669 2.333162
0.103733 1.618542 2.409265
0.1531823 1.355314 2.405774
0.1583572 1.106331 2.328105
0.144597 1.044376 2.31715
-0.1721507 1.078963 2.358125
-0.1904332 0.6450102 2.427983
-0.2027351 0.2549529 2.427836
-0.2222556 0.2555946 2.358827
0.000513433 1.078018 2.361598
0.01563711 0.646129 2.435647
0.03100095 0.2587392 2.439065
0.0416295 0.2583393 2.345964
-0.08294688 1.678408 2.425922
-0.3045346 0.9667372 2.326242
-0.2686598 1.055078 2.305947
0.1365399 0.9692416 2.316717
0.09741886 1.048481 2.288963
32
-0.08736355 1.080024 2.40129
-0.084991 1.426849 2.419708
-0.08217835 1.759769 2.425054
-0.08126504 1.909806 2.410178
-0.2747823 1.618785 2.415396
-0.3271071 1.371526 2.406025
-0.3271353 1.118255 2.338606
-0.3192983 1.056672 2.333205
0.1037504 1.618536 2.4094
0.1532054 1.355331 2.405838
0.1583164 1.106392 2.327925
0.1447426 1.044281 2.315249
-0.1721457 1.078968 2.358196
-0.1904312 0.6450084 2.428
-0.2027258 0.2553832 2.42784
-0.2210039 0.2559887 2.358037
0.0005073377 1.077989 2.36174
0.01561895 0.6460791 2.435686
0.03099887 0.2587782 2.439029
0.04167902 0.258399 2.345949
-0.082955 1.678418 2.426083
-0.3041851 0.9661902 2.326543
-0.2690161 1.064749 2.30841
0.1378787 0.9692559 2.315772
0.09729743 1.044836 2.285902
33
-0.08736355 1.080024 2.40129
-0.084991 1.426849 2.419708
-0.08217835 1.759769 2.425054
-0.08126504 1.909806 2.410178
-0.2747823 1.618785 2.415396
-0.3271071 1.371526 2.406025
-0.3271353 1.118255 2.338606
-0.3192983 1.056672 2.333205
0.1037504 1.618536 2.4094
0.1532054 1.355331 2.405838
0.1583164 1.106392 2.327925
0.1447426 1.044281 2.315249
-0.1721457 1.078968 2.358196
-0.1904312 0.6450084 2.428
-0.2027258 0.2553832 2.42784
-0.2210039 0.2559887 2.358037
0.0005073377 1.077989 2.36174
0.01561895 0.6460791 2.435686
0.03099887 0.2587782 2.439029
0.04167902 0.258399 2.345949
-0.082955 1.678418 2.426083
-0.3041851 0.9661902 2.326543
-0.2690161 1.064749 2.30841
0.1378787 0.9692559 2.315772
0.09729743 1.044836 2.285902
34
-0.08736316 1.08002 2.401381
-0.08499236 1.426853 2.419844
-0.08218816 1.759787 2.425264
-0.0812852 1.909798 2.41039
-0.2747843 1.618777 2.415553
-0.3271199 1.37155 2.406124
-0.3271495 1.118247 2.338691
-0.3193183 1.056639 2.333265
0.103773 1.618525 2.409558
0.1532693 1.355385 2.405858
0.1573817 1.108685 2.319837
0.1448938 1.048396 2.297788
-0.1721413 1.078974 2.358263
-0.1904289 0.6450054 2.428017
-0.2027243 0.255542 2.427843
-0.2206802 0.25614 2.35782
0.0005007698 1.077964 2.361878
0.01561115 0.64606 2.435709
0.03099378 0.2588139 2.439002
0.04172656 0.2584485 2.34591
-0.08296207 1.678432 2.426273
-0.3003467 0.9625037 2.324373
-0.2666001 1.076683 2.30861
0.1435589 0.9778713 2.289636
0.09722008 1.048576 2.279662
35
-0.08736316 1.08002 2.401381
-0.08499236 1.426853 2.419844
-0.08218816 1.759787 2.425264
-0.0812852 1.909798 2.41039
-0.2747843 1.618777 2.415553
-0.3271199 1.37155 2.406124
-0.3271495 1.118247 2.338691
-0.3193183 1.056639 2.333265
0.103773 1.618525 2.409558
0.1532693 1.355385 2.405858
0.1573817 1.108685 2.319837
0.1448938 1.048396 2.297788
-0.1721413 1.078974 2.358263
-0.1904289 0.6450054 2.428017
-0.2027243 0.255542 2.427843
-0.2206802 0.25614 2.35782
0.0005007698 1.077964 2.361878
0.01561115 0.64606 2.435709
0.03099378 0.2588139 2.439002
0.04172656 0.2584485 2.34591
-0.08296207 1.678432 2.426273
-0.3003467 0.9625037 2.324373
-0.2666001 1.076683 2.30861
0.1435589 0.9778713 2.289636
0.09722008 1.048576 2.279662
36
-0.08736609 1.080019 2.401469
-0.08499782 1.426856 2.419983
-0.08220305 1.759799 2.425484
-0.08131358 1.909787 2.410608
-0.2747871 1.618773 2.415707
-0.3271325 1.371574 2.406226
-0.3271613 1.118217 2.338779
-0.3193353 1.056641 2.333307
0.1038142 1.618543 2.409783
0.153876 1.356361 2.405345
0.1544062 1.138433 2.28697
0.1477876 1.072444 2.253118
-0.1721392 1.078981 2.358326
-0.1904271 0.644998 2.428036
-0.2027677 0.2542743 2.427839
-0.2261912 0.2550471 2.362354
0.000488869 1.077943 2.362015
0.01560563 0.6460459 2.435726
0.03098661 0.2588466 2.438974
0.04174162 0.2584932 2.345903
-0.08297405 1.678441 2.426469
-0.3023459 0.9658003 2.326142
-0.2660678 1.079489 2.308803
0.1458582 1.002753 2.228572
0.09712165 1.072268 2.251302
37
-0.08736609 1.080019 2.401469
-0.08499782 1.426856 2.419983
-0.08220305 1.759799 2.425484
-0.08131358 1.909787 2.410608
-0.2747871 1.618773 2.415707
-0.3271325 1.371574 2.406226
-0.3271613 1.118217 2.338779
-0.3193353 1.056641 2.333307
0.1038142 1.618543 2.409783
0.153876 1.356361 2.405345
0.1544062 1.138433 2.28697
0.1477876 1.072444 2.253118
-0.1721392 1.078981 2.358326
-0.1904271 0.644998 2.428036
-0.2027677 0.2542743 2.427839
-0.2261912 0.2550471 2.362354
0.000488869 1.077943 2.362015
0.01560563 0.6460459 2.435726
0.03098661 0.2588466 2.438974
0.04174162 0.2584932 2.345903
-0.08297405 1.678441 2.426469
-0.3023459 0.9658003 2.326142
-0.2660678 1.079489 2.308803
0.1458582 1.002753 2.228572
0.09712165 1.072268 2.251302
38
-0.08737338 1.080017 2.401558
-0.08500709 1.426857 2.420124
-0.08221959 1.759805 2.425705
-0.08135296 1.909774 2.410829
-0.2747934 1.618766 2.415871
-0.3271453 1.371582 2.406336
-0.3271812 1.118197 2.338875
-0.31933 1.056594 2.333375
0.1038556 1.618562 2.410171
0.1601857 1.375562 2.400798
0.1550559 1.192421 2.25426
0.1510185 1.118288 2.196892
-0.1721399 1.078988 2.358385
-0.1904251 0.6449895 2.428056
-0.2028019 0.2533303 2.427832
-0.2301373 0.2542298 2.365607
0.0004688207 1.077922 2.362161
0.0156071 0.6460481 2.435748
0.03098282 0.2588359 2.43895
0.04164066 0.2584909 2.346057
-0.08298843 1.678446 2.426668
-0.3033986 0.9660686 2.327258
-0.2660995 1.076311 2.308197
0.1495539 1.051638 2.144053
0.1127466 1.118881 2.180388
39
-0.08737338 1.080017 2.401558
-0.08500709 1.426857 2.420124
-0.08221959 1.759805 2.425705
-0.08135296 1.909774 2.410829
-0.2747934 1.618766 2.415871
-0.3271453 1.371582 2.406336
-0.3271812 1.118197 2.338875
-0.31933 1.056594 2.333375
0.1038556 1.618562 2.410171
0.1601857 1.375562 2.400798
0.1550559 1.192421 2.25426
0.1510185 1.118288 2.196892
-0.1721399 1.078988 2.358385
-0.1904251 0.6449895 2.428056
-0.2028019 0.2533303 2.427832
-0.2301373 0.2542298 2.365607
0.0004688207 1.077922 2.362161
0.0156071 0.6460481 2.435748
0.03098282 0.2588359 2.43895
0.04164066 0.2584909 2.346057
-0.08298843 1.678446 2.426668
-0.3033986 0.9660686 2.327258
-0.2660995 1.076311 2.308197
0.1495539 1.051638 2.144053
0.1127466 1.118881 2.180388
40
-0.08739116 1.080015 2.401656
-0.08502556 1.426857 2.420283
-0.08224168 1.759808 2.425948
-0.08140878 1.909757 2.411075
-0.2747984 1.618764 2.416044
-0.3271583 1.371585 2.406441
-0.327205 1.11819 2.338966
-0.3193035 1.056622 2.333412
0.1038606 1.618635 2.410721
0.1674267 1.394893 2.397222
0.1658476 1.254923 2.212685
0.1536109 1.18963 2.134563
-0.1721474 1.078994 2.358447
-0.1904263 0.6449683 2.428083
-0.2028255 0.2526301 2.427816
-0.2327082 0.2536154 2.367742
0.0004343884 1.077903 2.362321
0.01561189 0.6460281 2.435784
0.03097898 0.2588125 2.438926
0.0414745 0.2584773 2.346291
-0.08300955 1.678448 2.426889
-0.3066309 0.9714924 2.328542
-0.2682055 1.055645 2.30667
0.1495955 1.134998 2.05364
0.1129331 1.186569 2.124346
41
-0.08739116 1.080015 2.401656
-0.08502556 1.426857 2.420283
-0.08224168 1.759808 2.425948
-0.08140878 1.909757 2.411075
-0.2747984 1.618764 2.416044
-0.3271583 1.371585 2.406441
-0.327205 1.11819 2.338966
-0.3193035 1.056622 2.333412
0.1038606 1.618635 2.410721
0.1674267 1.394893 2.397222
0.1658476 1.254923 2.212685
0.1536109 1.18963 2.134563
-0.1721474 1.078994 2.358447
-0.1904263 0.6449683 2.428083
-0.2028255 0.2526301 2.427816
-0.2327082 0.2536154 2.367742
0.0004343884 1.077903 2.362321
0.01561189 0.6460281 2.435784
0.03097898 0.2588125 2.438926
0.0414745 0.2584773 2.346291
-0.08300955 1.678448 2.426889
-0.3066309 0.9714924 2.328542
-0.2682055 1.055645 2.30667
0.1495955 1.134998 2.05364
0.1129331 1.186569 2.124346
42
-0.08743274 1.080011 2.401813
-0.08506152 1.42685 2.420488
-0.08227435 1.759802 2.426213
-0.08147874 1.909734 2.411331
-0.274804 1.618764 2.416204
-0.3271713 1.371584 2.406548
-0.3272291 1.118185 2.339057
-0.3193037 1.056579 2.333497
0.1038527 1.618743 2.411446
0.1742574 1.406571 2.394701
0.1867727 1.330653 2.17143
0.1530506 1.282318 2.073619
-0.1721685 1.079001 2.358541
-0.1904287 0.6449454 2.428111
-0.2028232 0.2527336 2.427803
-0.231362 0.2536862 2.363407
0.0003663931 1.077882 2.362557
0.01562006 0.6460123 2.435822
0.0309768 0.2587642 2.438917
0.04095366 0.2584265 2.347168
-0.08304302 1.678442 2.427138
-0.3097288 0.9719325 2.331043
-0.2684335 1.054762 2.307261
0.1693826 1.239701 1.972635
0.1085017 1.276807 2.062481
43
-0.08743274 1.080011 2.401813
-0.08506152 1.42685 2.420488
-0.08227435 1.759802 2.426213
-0.08147874 1.909734 2.411331
-0.274804 1.618764 2.416204
-0.3271713 1.371584 2.406548
-0.3272291 1.118185 2.339057
-0.3193037 1.056579 2.333497
0.1038527 1.618743 2.411446
0.1742574 1.406571 2.394701
0.1867727 1.330653 2.17143
0.1530506 1.282318 2.073619
-0.1721685 1.079001 2.358541
-0.1904287 0.6449454 2.428111
-0.2028232 0.2527336 2.427803
-0.231362 0.2536862 2.363407
0.0003663931 1.077882 2.362557
0.01562006 0.6460123 2.435822
0.0309768 0.2587642 2.438917
0.04095366 0.2584265 2.347168
-0.08304302 1.678442 2.427138
-0.3097288 0.9719325 2.331043
-0.2684335 1.054762 2.307261
0.1693826 1.239701 1.972635
0.1085017 1.276807 2.062481
44
-0.08751643 1.080002 2.402035
-0.08511787 1.426833 2.420735
-0.08231257 1.759785 2.426492
-0.08155099 1.909709 2.411577
-0.2748068 1.618765 2.416357
-0.3271838 1.371581 2.406648
-0.3272491 1.118173 2.339143
-0.3192899 1.056579 2.333545
0.1035737 1.619005 2.412383
0.2203687 1.442192 2.381962
0.1825863 1.400643 2.134612
0.156194 1.382486 2.077432
-0.1722342 1.079004 2.358717
-0.1904321 0.644926 2.42814
-0.202811 0.2531183 2.427792
-0.2293964 0.2540188 2.359665
0.0002654066 1.077862 2.36283
0.01561309 0.6459555 2.435892
0.03097554 0.2587509 2.438904
0.0410325 0.2584353 2.347051
-0.0830852 1.678424 2.427408
-0.3126761 0.9743459 2.332983
-0.2686002 1.053061 2.307255
0.1779677 1.376027 1.999142
0.1086463 1.373861 2.076838
45
-0.08751643 1.080002 2.402035
-0.08511787 1.426833 2.420735
-0.08231257 1.759785 2.426492
-0.08155099 1.909709 2.411577
-0.2748068 1.618765 2.416357
-0.3271838 1.371581 2.406648
-0.3272491 1.118173 2.339143
-0.3192899 1.056579 2.333545
0.1035737 1.619005 2.412383
0.2203687 1.442192 2.381962
0.1825863 1.400643 2.134612
0.156194 1.382486 2.077432
-0.1722342 1.079004 2.358717
-0.1904321 0.644926 2.42814
-0.202811 0.2531183 2.427792
-0.2293964 0.2540188 2.359665
0.0002654066 1.077862 2.36283
0.01561309 0.6459555 2.435892
0.03097554 0.2587509 2.438904
0.0410325 0.2584353 2.347051
-0.0830852 1.678424 2.427408
-0.3126761 0.9743459 2.332983
-0.2686002 1.053061 2.307255
0.1779677 1.376027 1.999142
0.1086463 1.373861 2.076838
46
-0.08763475 1.079955 2.402323
-0.08519395 1.426794 2.42101
-0.0823601 1.759755 2.426765
-0.08161713 1.909682 2.411798
-0.2748024 1.618757 2.416465
-0.3271962 1.371569 2.406712
-0.3272628 1.118182 2.339212
-0.3192421 1.056543 2.333488
0.09798088 1.6202 2.413028
0.2115213 1.438254 2.355158
0.1772072 1.481846 2.103441
0.1591521 1.505432 2.036695
-0.1723331 1.078961 2.358964
-0.1904368 0.6449003 2.428172
-0.2027999 0.2534466 2.42778
-0.2273287 0.2542929 2.356332
0.0001343693 1.07782 2.363147
0.01556968 0.6454858 2.436106
0.03098799 0.258646 2.438866
0.04095102 0.2583891 2.347206
-0.08313884 1.678393 2.42768
-0.313781 0.9755784 2.334069
-0.2689536 1.053764 2.307835
0.1710935 1.530629 1.913398
0.1141335 1.512126 2.038167
47
-0.08763475 1.079955 2.402323
-0.08519395 1.426794 2.42101
-0.0823601 1.759755 2.426765
-0.08161713 1.909682 2.411798
-0.2748024 1.618757 2.416465
-0.3271962 1.371569 2.406712
-0.3272628 1.118182 2.339212
-0.3192421 1.056543 2.333488
0.09798088 1.6202 2.413028
0.2115213 1.438254 2.355158
0.1772072 1.481846 2.103441
0.1591521 1.505432 2.036695
-0.1723331 1.078961 2.358964
-0.1904368 0.6449003 2.428172
-0.2027999 0.2534466 2.42778
-0.2273287 0.2542929 2.356332
0.0001343693 1.07782 2.363147
0.01556968 0.6454858 2.436106
0.03098799 0.258646 2.438866
0.04095102 0.2583891 2.347206
-0.08313884 1.678393 2.42768
-0.313781 0.9755784 2.334069
-0.2689536 1.053764 2.307835
0.1710935 1.530629 1.913398
0.1141335 1.512126 2.038167
48
-0.08781228 1.079853 2.402691
-0.08528508 1.426739 2.421303
-0.08240677 1.759725 2.427019
-0.08168298 1.909656 2.41199
-0.2747973 1.618747 2.416559
-0.3272088 1.37156 2.40676
-0.327274 1.118193 2.339273
-0.319187 1.056471 2.333476
0.09260356 1.620361 2.413106
0.2081189 1.439591 2.33964
0.1702942 1.578439 2.079373
0.1527937 1.631241 2.028972
-0.1725042 1.078856 2.359317
-0.190442 0.6448748 2.428205
-0.2027908 0.2537057 2.427765
-0.2254953 0.2545056 2.353755
-3.645263E-05 1.077737 2.363507
0.01556396 0.6452602 2.436233
0.030988 0.25857 2.438846
0.04086457 0.2583458 2.347339
-0.08319365 1.678358 2.42794
-0.3149285 0.9761454 2.335933
-0.2689161 1.051307 2.307072
0.1461166 1.67116 1.921074
0.1056665 1.640816 2.027241
49
-0.08781228 1.079853 2.402691
-0.08528508 1.426739 2.421303
-0.08240677 1.759725 2.427019
-0.08168298 1.909656 2.41199
-0.2747973 1.618747 2.416559
-0.3272088 1.37156 2.40676
-0.327274 1.118193 2.339273
-0.319187 1.056471 2.333476
0.09260356 1.620361 2.413106
0.2081189 1.439591 2.33964
0.1702942 1.578439 2.079373
0.1527937 1.631241 2.028972
-0.1725042 1.078856 2.359317
-0.190442 0.6448748 2.428205
-0.2027908 0.2537057 2.427765
-0.2254953 0.2545056 2.353755
-3.645263E-05 1.077737 2.363507
0.01556396 0.6452602 2.436233
0.030988 0.25857 2.438846
0.04086457 0.2583458 2.347339
-0.08319365 1.678358 2.42794
-0.3149285 0.9761454 2.335933
-0.2689161 1.051307 2.307072
0.1461166 1.67116 1.921074
0.1056665 1.640816 2.027241
50
-0.08799231 1.079743 2.40305
-0.08538581 1.426679 2.421597
-0.08246647 1.759695 2.427277
-0.08174403 1.909632 2.412162
-0.2747924 1.618728 2.416622
-0.3272224 1.37155 2.406798
-0.3272898 1.118231 2.339329
-0.3191272 1.056499 2.333469
0.08894344 1.620279 2.413069
0.2100534 1.455708 2.308768
0.1673023 1.651487 2.098906
0.1481109 1.717551 2.065435
-0.1726879 1.078744 2.359668
-0.1904492 0.644859 2.428236
-0.2027801 0.2539784 2.427752
-0.2239926 0.2547416 2.351747
-0.0002025805 1.077648 2.363851
0.01554521 0.6451312 2.436347
0.03098955 0.2584129 2.438842
0.04057162 0.2582084 2.347819
-0.08326089 1.678323 2.428204
-0.3158844 0.9774644 2.33646
-0.2688677 1.050784 2.306892
0.131079 1.772097 1.99356
0.1001684 1.712351 2.082005
51
-0.08799231 1.079743 2.40305
-0.08538581 1.426679 2.421597
-0.08246647 1.759695 2.427277
-0.08174403 1.909632 2.412162
-0.2747924 1.618728 2.416622
-0.3272224 1.37155 2.406798
-0.3272898 1.118231 2.339329
-0.3191272 1.056499 2.333469
0.08894344 1.620279 2.413069
0.2100534 1.455708 2.308768
0.1673023 1.651487 2.098906
0.1481109 1.717551 2.065435
-0.1726879 1.078744 2.359668
-0.1904492 0.644859 2.428236
-0.2027801 0.2539784 2.427752
-0.2239926 0.2547416 2.351747
-0.0002025805 1.077648 2.363851
0.01554521 0.6451312 2.436347
0.03098955 0.2584129 2.438842
0.04057162 0.2582084 2.347819
-0.08326089 1.678323 2.428204
-0.3158844 0.9774644 2.33646
-0.2688677 1.050784 2.306892
0.131079 1.772097 1.99356
0.1001684 1.712351 2.082005
52
-0.08818665 1.079615 2.403391
-0.08550191 1.426606 2.421888
-0.08253977 1.759656 2.427539
-0.08179839 1.909608 2.412313
-0.2747863 1.618708 2.416674
-0.3272343 1.371544 2.406827
-0.3272943 1.118242 2.339366
-0.3190608 1.056504 2.333428
0.08652329 1.620093 2.412952
0.2127053 1.462688 2.297108
0.1574326 1.73795 2.115617
0.1469375 1.785356 2.106468
-0.1728955 1.078617 2.360003
-0.1904571 0.6448451 2.428267
-0.2027711 0.2542151 2.427743
-0.2227698 0.2549495 2.350233
-0.0003741213 1.07754 2.364172
0.01551489 0.6449986 2.43647
0.03099169 0.2582597 2.438837
0.04029565 0.2580779 2.348276
-0.08334243 1.678277 2.428471
-0.3163222 0.9780634 2.336755
-0.267148 1.057343 2.306486
0.1335585 1.855307 2.075466
0.0935874 1.764618 2.110688
53
-0.08818665 1.079615 2.403391
-0.08550191 1.426606 2.421888
-0.08253977 1.759656 2.427539
-0.08179839 1.909608 2.412313
-0.2747863 1.618708 2.416674
-0.3272343 1.371544 2.406827
-0.3272943 1.118242 2.339366
-0.3190608 1.056504 2.333428
0.08652329 1.620093 2.412952
0.2127053 1.462688 2.297108
0.1574326 1.73795 2.115617
0.1469375 1.785356 2.106468
-0.1728955 1.078617 2.360003
-0.1904571 0.6448451 2.428267
-0.2027711 0.2542151 2.427743
-0.2227698 0.2549495 2.350233
-0.0003741213 1.07754 2.364172
0.01551489 0.6449986 2.43647
0.03099169 0.2582597 2.438837
0.04029565 0.2580779 2.348276
-0.08334243 1.678277 2.428471
-0.3163222 0.9780634 2.336755
-0.267148 1.057343 2.306486
0.1335585 1.855307 2.075466
0.0935874 1.764618 2.110688
54
-0.0883927 1.079486 2.403711
-0.08563185 1.426526 2.422173
-0.08262395 1.75961 2.4278
-0.08184366 1.909575 2.412443
-0.2747742 1.618688 2.41672
-0.3272409 1.371537 2.406848
-0.3272978 1.118276 2.339401
-0.3189776 1.056561 2.333412
0.08521906 1.620005 2.41286
0.2163311 1.468903 2.287915
0.1552593 1.768413 2.151854
0.1471463 1.830392 2.147465
-0.1731263 1.07849 2.360322
-0.1904667 0.6448335 2.428298
-0.202762 0.2544453 2.427733
-0.2216178 0.2551527 2.349279
-0.0005479796 1.077431 2.364468
0.01548554 0.6448957 2.436588
0.0309817 0.2581252 2.438849
0.04004692 0.2579614 2.348692
-0.08343591 1.678224 2.428737
-0.3170598 0.9786041 2.337354
-0.2669296 1.057073 2.30629
0.1328176 1.909865 2.13824
0.09487291 1.797729 2.149279
55
-0.0883927 1.079486 2.403711
-0.08563185 1.426526 2.422173
-0.08262395 1.75961 2.4278
-0.08184366 1.909575 2.412443
-0.2747742 1.618688 2.41672
-0.3272409 1.371537 2.406848
-0.3272978 1.118276 2.339401
-0.3189776 1.056561 2.333412
0.08521906 1.620005 2.41286
0.2163311 1.468903 2.287915
0.1552593 1.768413 2.151854
0.1471463 1.830392 2.147465
-0.1731263 1.07849 2.360322
-0.1904667 0.6448335 2.428298
-0.202762 0.2544453 2.427733
-0.2216178 0.2551527 2.349279
-0.0005479796 1.077431 2.364468
0.01548554 0.6448957 2.436588
0.0309817 0.2581252 2.438849
0.04004692 0.2579614 2.348692
-0.08343591 1.678224 2.428737
-0.3170598 0.9786041 2.337354
-0.2669296 1.057073 2.30629
0.1328176 1.909865 2.13824
0.09487291 1.797729 2.149279
56
-0.0886303 1.079321 2.40404
-0.08577672 1.426427 2.422463
-0.08271108 1.759557 2.428055
-0.0818845 1.909536 2.41256
-0.2747545 1.618666 2.416764
-0.3272468 1.371529 2.406866
-0.3273014 1.118352 2.339442
-0.3189141 1.056586 2.33341
0.0842343 1.619644 2.41257
0.2223212 1.479523 2.277612
0.1538595 1.793516 2.16747
0.1473424 1.852922 2.179183
-0.1734011 1.078325 2.360666
-0.1904778 0.6448258 2.42833
-0.2027523 0.254674 2.427724
-0.2206343 0.2553595 2.348567
-0.0007404487 1.077293 2.364757
0.01545487 0.6448226 2.4367
0.03097301 0.2580284 2.438873
0.03982627 0.2578791 2.349071
-0.08353479 1.678162 2.429
-0.316731 0.978392 2.337503
-0.2663017 1.061269 2.306568
0.1309921 1.92962 2.178495
0.09399261 1.826114 2.170247
57
-0.0886303 1.079321 2.40404
-0.08577672 1.426427 2.422463
-0.08271108 1.759557 2.428055
-0.0818845 1.909536 2.41256
-0.2747545 1.618666 2.416764
-0.3272468 1.371529 2.406866
-0.3273014 1.118352 2.339442
-0.3189141 1.056586 2.33341
0.0842343 1.619644 2.41257
0.2223212 1.479523 2.277612
0.1538595 1.793516 2.16747
0.1473424 1.852922 2.179183
-0.1734011 1.078325 2.360666
-0.1904778 0.6448258 2.42833
-0.2027523 0.254674 2.427724
-0.2206343 0.2553595 2.348567
-0.0007404487 1.077293 2.364757
0.01545487 0.6448226 2.4367
0.03097301 0.2580284 2.438873
0.03982627 0.2578791 2.349071
-0.08353479 1.678162 2.429
-0.316731 0.978392 2.337503
-0.2663017 1.061269 2.306568
0.1309921 1.92962 2.178495
0.09399261 1.826114 2.170247
58
-0.08885837 1.079159 2.404347
-0.08593179 1.426321 2.42275
-0.08281914 1.759493 2.428314
-0.08192588 1.909487 2.412669
-0.2747245 1.618652 2.416812
-0.3272531 1.37151 2.406882
-0.3273061 1.118446 2.339484
-0.3188684 1.056616 2.333409
0.08352795 1.619145 2.412166
0.2284954 1.494601 2.265998
0.153091 1.817011 2.182244
0.1466717 1.870082 2.197555
-0.1736662 1.078164 2.360986
-0.1904914 0.6448305 2.428365
-0.2027424 0.2548894 2.427715
-0.2198171 0.2555587 2.348058
-0.0009238592 1.077156 2.365025
0.015411 0.6447478 2.436819
0.03095918 0.2580878 2.438903
0.04014443 0.2579713 2.348762
-0.08365273 1.678088 2.429266
-0.3158741 0.9781246 2.337488
-0.2660906 1.062254 2.306572
0.1325085 1.93989 2.196012
0.09430173 1.837727 2.185337
59
-0.08885837 1.079159 2.404347
-0.08593179 1.426321 2.42275
-0.08281914 1.759493 2.428314
-0.08192588 1.909487 2.412669
-0.2747245 1.618652 2.416812
-0.3272531 1.37151 2.406882
-0.3273061 1.118446 2.339484
-0.3188684 1.056616 2.333409
0.08352795 1.619145 2.412166
0.2284954 1.494601 2.265998
0.153091 1.817011 2.182244
0.1466717 1.870082 2.197555
-0.1736662 1.078164 2.360986
-0.1904914 0.6448305 2.428365
-0.2027424 0.2548894 2.427715
-0.2198171 0.2555587 2.348058
-0.0009238592 1.077156 2.365025
0.015411 0.6447478 2.436819
0.03095918 0.2580878 2.438903
0.04014443 0.2579713 2.348762
-0.08365273 1.678088 2.429266
-0.3158741 0.9781246 2.337488
-0.2660906 1.062254 2.306572
0.1325085 1.93989 2.196012
0.09430173 1.837727 2.185337
60
-0.08910351 1.078967 2.404641
-0.08609352 1.426208 2.423025
-0.08292951 1.759431 2.428561
-0.08197276 1.909436 2.412766
-0.274693 1.618641 2.416858
-0.3272589 1.371492 2.406897
-0.3273152 1.118541 2.339525
-0.3188441 1.056629 2.333405
0.08298484 1.617171 2.410955
0.2330774 1.504538 2.258164
0.1532582 1.822651 2.191339
0.1470751 1.874206 2.208226
-0.1739603 1.077964 2.361314
-0.1905055 0.6448417 2.428406
-0.2027321 0.2551187 2.427706
-0.219173 0.2557783 2.347633
-0.001116579 1.076999 2.365267
0.01536653 0.6446776 2.436943
0.0309333 0.2584178 2.438931
0.04102858 0.2583539 2.347486
-0.08377347 1.678016 2.42952
-0.3125251 0.9757045 2.337152
-0.2652725 1.067193 2.306613
0.1343077 1.943268 2.207372
0.09579694 1.842093 2.194607
61
-0.08910351 1.078967 2.404641
-0.08609352 1.426208 2.423025
-0.08292951 1.759431 2.428561
-0.08197276 1.909436 2.412766
-0.274693 1.618641 2.416858
-0.3272589 1.371492 2.406897
-0.3273152 1.118541 2.339525
-0.3188441 1.056629 2.333405
0.08298484 1.617171 2.410955
0.2330774 1.504538 2.258164
0.1532582 1.822651 2.191339
0.1470751 1.874206 2.208226
-0.1739603 1.077964 2.361314
-0.1905055 0.6448417 2.428406
-0.2027321 0.2551187 2.427706
-0.219173 0.2557783 2.347633
-0.001116579 1.076999 2.365267
0.01536653 0.6446776 2.436943
0.0309333 0.2584178 2.438931
0.04102858 0.2583539 2.347486
-0.08377347 1.678016 2.42952
-0.3125251 0.9757045 2.337152
-0.2652725 1.067193 2.306613
0.1343077 1.943268 2.207372
0.09579694 1.842093 2.194607
62
-0.08933548 1.078792 2.404906
-0.08625539 1.426098 2.423279
-0.08304685 1.759366 2.428789
-0.08202194 1.909382 2.412851
-0.2746565 1.618632 2.416906
-0.3272647 1.371475 2.406914
-0.3273506 1.118737 2.339617
-0.3188347 1.056697 2.333493
0.08298543 1.615869 2.410069
0.2355765 1.509908 2.253801
0.1539844 1.822251 2.198043
0.1478045 1.868277 2.211245
-0.1742402 1.077778 2.361616
-0.190521 0.6448562 2.428451
-0.202734 0.2549475 2.427695
-0.2201919 0.2556466 2.34917
-0.00129875 1.076856 2.365479
0.01524888 0.6444265 2.437166
0.03091871 0.2584185 2.438973
0.04116546 0.2584055 2.347315
-0.08390008 1.677941 2.429756
-0.3122542 0.9756075 2.337168
-0.2652254 1.067999 2.30683
0.1337095 1.933853 2.206833
0.09624512 1.835426 2.196291
63
-0.08933548 1.078792 2.404906
-0.08625539 1.426098 2.423279
-0.08304685 1.759366 2.428789
-0.08202194 1.909382 2.412851
-0.2746565 1.618632 2.416906
-0.3272647 1.371475 2.406914
-0.3273506 1.118737 2.339617
-0.3188347 1.056697 2.333493
0.08298543 1.615869 2.410069
0.2355765 1.509908 2.253801
0.1539844 1.822251 2.198043
0.1478045 1.868277 2.211245
-0.1742402 1.077778 2.361616
-0.190521 0.6448562 2.428451
-0.202734 0.2549475 2.427695
-0.2201919 0.2556466 2.34917
-0.00129875 1.076856 2.365479
0.01524888 0.6444265 2.437166
0.03091871 0.2584185 2.438973
0.04116546 0.2584055 2.347315
-0.08390008 1.677941 2.429756
-0.3122542 0.9756075 2.337168
-0.2652254 1.067999 2.30683
0.1337095 1.933853 2.206833
0.09624512 1.835426 2.196291
64
-0.08957623 1.078611 2.405146
-0.08643967 1.425982 2.423511
-0.08319294 1.759298 2.428993
-0.08208848 1.909317 2.412917
-0.2746172 1.618623 2.416962
-0.3272701 1.37146 2.406931
-0.3273952 1.11895 2.339729
-0.3189119 1.05678 2.333664
0.08309496 1.614638 2.409185
0.2371851 1.513285 2.250942
0.1555832 1.81137 2.199128
0.1498673 1.848394 2.197429
-0.1745307 1.077585 2.361902
-0.1903718 0.6448511 2.428564
-0.2027608 0.2549808 2.427672
-0.2201288 0.2557101 2.350115
-0.001489591 1.076706 2.365663
0.01513114 0.6441894 2.437373
0.03090568 0.2583632 2.439
0.04122553 0.2583983 2.347247
-0.08405431 1.677863 2.429968
-0.3126323 0.9767646 2.336851
-0.2653581 1.068472 2.306926
0.1343993 1.913334 2.187789
0.0984832 1.81229 2.180393
65
-0.08957623 1.078611 2.405146
-0.08643967 1.425982 2.423511
-0.08319294 1.759298 2.428993
-0.08208848 1.909317 2.412917
-0.2746172 1.618623 2.416962
-0.3272701 1.37146 2.406931
-0.3273952 1.11895 2.339729
-0.3189119 1.05678 2.333664
0.08309496 1.614638 2.409185
0.2371851 1.513285 2.250942
0.1555832 1.81137 2.199128
0.1498673 1.848394 2.197429
-0.1745307 1.077585 2.361902
-0.1903718 0.6448511 2.428564
-0.2027608 0.2549808 2.427672
-0.2201288 0.2557101 2.350115
-0.001489591 1.076706 2.365663
0.01513114 0.6441894 2.437373
0.03090568 0.2583632 2.439
0.04122553 0.2583983 2.347247
-0.08405431 1.677863 2.429968
-0.3126323 0.9767646 2.336851
-0.2653581 1.068472 2.306926
0.1343993 1.913334 2.187789
0.0984832 1.81229 2.180393
66
-0.08982967 1.078421 2.40537
-0.08663563 1.425864 2.423727
-0.08334632 1.759233 2.429178
-0.08217505 1.909242 2.412974
-0.2745771 1.618613 2.417025
-0.327278 1.371444 2.40696
-0.3274621 1.119238 2.339907
-0.3190195 1.056938 2.334156
0.08327994 1.613581 2.408434
0.2384461 1.511937 2.253151
0.1603461 1.783545 2.184898
0.1545369 1.816281 2.171863
-0.1748377 1.077384 2.36218
-0.1902689 0.6448649 2.428661
-0.2027763 0.2550955 2.427652
-0.2197454 0.2558384 2.350999
-0.001691022 1.076548 2.365825
0.01500509 0.6439668 2.437569
0.0308951 0.2582867 2.439028
0.04123272 0.2583653 2.347253
-0.08421695 1.677786 2.430162
-0.3132171 0.9779109 2.336842
-0.2653023 1.068957 2.306944
0.1403717 1.886032 2.157421
0.1041912 1.783189 2.156457
67
-0.08982967 1.078421 2.40537
-0.08663563 1.425864 2.423727
-0.08334632 1.759233 2.429178
-0.08217505 1.909242 2.412974
-0.2745771 1.618613 2.417025
-0.327278 1.371444 2.40696
-0.3274621 1.119238 2.339907
-0.3190195 1.056938 2.334156
0.08327994 1.613581 2.408434
0.2384461 1.511937 2.253151
0.1603461 1.783545 2.184898
0.1545369 1.816281 2.171863
-0.1748377 1.077384 2.36218
-0.1902689 0.6448649 2.428661
-0.2027763 0.2550955 2.427652
-0.2197454 0.2558384 2.350999
-0.001691022 1.076548 2.365825
0.01500509 0.6439668 2.437569
0.0308951 0.2582867 2.439028
0.04123272 0.2583653 2.347253
-0.08421695 1.677786 2.430162
-0.3132171 0.9779109 2.336842
-0.2653023 1.068957 2.306944
0.1403717 1.886032 2.157421
0.1041912 1.783189 2.156457
68
-0.09010623 1.078231 2.405596
-0.08686859 1.425739 2.423951
-0.08353838 1.759164 2.429372
-0.08228055 1.909161 2.413026
-0.2745307 1.618603 2.417111
-0.327299 1.371426 2.40706
-0.3276281 1.119628 2.340331
-0.3192486 1.057285 2.335421
0.08359141 1.612793 2.407878
0.2421309 1.486667 2.279336
0.171861 1.728277 2.163469
0.1622836 1.77301 2.139994
-0.1751866 1.077177 2.362493
-0.1901844 0.644891 2.428772
-0.2027892 0.2552541 2.427633
-0.2191532 0.2560051 2.351777
-0.001905815 1.07639 2.365973
0.01488776 0.6437858 2.437743
0.03088632 0.2581384 2.439059
0.04101589 0.2582462 2.347504
-0.08441883 1.677704 2.430365
-0.3135004 0.9789394 2.336818
-0.2653231 1.069216 2.307042
0.1485836 1.843672 2.115129
0.1114399 1.741283 2.131481
69
-0.09010623 1.078231 2.405596
-0.08686859 1.425739 2.423951
-0.08353838 1.759164 2.429372
-0.08228055 1.909161 2.413026
-0.2745307 1.618603 2.417111
-0.327299 1.371426 2.40706
-0.3276281 1.119628 2.340331
-0.3192486 1.057285 2.335421
0.08359141 1.612793 2.407878
0.2421309 1.486667 2.279336
0.171861 1.728277 2.163469
0.1622836 1.77301 2.139994
-0.1751866 1.077177 2.362493
-0.1901844 0.644891 2.428772
-0.2027892 0.2552541 2.427633
-0.2191532 0.2560051 2.351777
-0.001905815 1.07639 2.365973
0.01488776 0.6437858 2.437743
0.03088632 0.2581384 2.439059
0.04101589 0.2582462 2.347504
-0.08441883 1.677704 2.430365
-0.3135004 0.9789394 2.336818
-0.2653231 1.069216 2.307042
0.1485836 1.843672 2.115129
0.1114399 1.741283 2.131481
70
-0.09039158 1.078042 2.405807
-0.08711757 1.425618 2.424157
-0.08375368 1.759104 2.429542
-0.08241758 1.909075 2.413064
-0.274481 1.618593 2.417221
-0.3273296 1.37142 2.407209
-0.3278536 1.120069 2.340837
-0.3195024 1.057587 2.336484
0.08400219 1.612178 2.407454
0.2390275 1.464945 2.299513
0.185153 1.662868 2.139199
0.1716309 1.719613 2.099497
-0.1755373 1.076977 2.362791
-0.1898154 0.6448921 2.429019
-0.2028589 0.2552761 2.427589
-0.218988 0.2560916 2.352546
-0.00213339 1.076229 2.366107
0.01473558 0.6434067 2.437988
0.03089133 0.2579634 2.43907
0.04077671 0.2581217 2.347786
-0.08464211 1.67763 2.430546
-0.3106214 0.9752916 2.335336
-0.2654479 1.069131 2.307242
0.1589851 1.786184 2.056229
0.1186181 1.691981 2.102872
71
-0.09039158 1.078042 2.405807
-0.08711757 1.425618 2.424157
-0.08375368 1.759104 2.429542
-0.08241758 1.909075 2.413064
-0.274481 1.618593 2.417221
-0.3273296 1.37142 2.407209
-0.3278536 1.120069 2.340837
-0.3195024 1.057587 2.336484
0.08400219 1.612178 2.407454
0.2390275 1.464945 2.299513
0.185153 1.662868 2.139199
0.1716309 1.719613 2.099497
-0.1755373 1.076977 2.362791
-0.1898154 0.6448921 2.429019
-0.2028589 0.2552761 2.427589
-0.218988 0.2560916 2.352546
-0.00213339 1.076229 2.366107
0.01473558 0.6434067 2.437988
0.03089133 0.2579634 2.43907
0.04077671 0.2581217 2.347786
-0.08464211 1.67763 2.430546
-0.3106214 0.9752916 2.335336
-0.2654479 1.069131 2.307242
0.1589851 1.786184 2.056229
0.1186181 1.691981 2.102872
72
-0.09073035 1.077839 2.406028
-0.08738559 1.425493 2.42435
-0.08396973 1.759045 2.429689
-0.08262516 1.908968 2.413088
-0.2744375 1.618582 2.417354
-0.327371 1.371424 2.407399
-0.3281103 1.12049 2.3414
-0.3197231 1.057775 2.337297
0.08430066 1.611723 2.407157
0.2328676 1.445887 2.313894
0.1959212 1.595778 2.113784
0.1829817 1.650953 2.059536
-0.1759373 1.076769 2.363127
-0.189237 0.6448159 2.429317
-0.2030023 0.2543387 2.427529
-0.2220535 0.2553364 2.35631
-0.002428793 1.076042 2.36623
0.01454809 0.6428513 2.438252
0.03090516 0.257746 2.439066
0.04034496 0.257955 2.348307
-0.08486923 1.677555 2.430706
-0.3112724 0.9762351 2.335152
-0.2656066 1.068928 2.307448
0.177134 1.707397 1.976735
0.1296638 1.637759 2.053851
73
-0.09073035 1.077839 2.406028
-0.08738559 1.425493 2.42435
-0.08396973 1.759045 2.429689
-0.08262516 1.908968 2.413088
-0.2744375 1.618582 2.417354
-0.327371 1.371424 2.407399
-0.3281103 1.12049 2.3414
-0.3197231 1.057775 2.337297
0.08430066 1.611723 2.407157
0.2328676 1.445887 2.313894
0.1959212 1.595778 2.113784
0.1829817 1.650953 2.059536
-0.1759373 1.076769 2.363127
-0.189237 0.6448159 2.429317
-0.2030023 0.2543387 2.427529
-0.2220535 0.2553364 2.35631
-0.002428793 1.076042 2.36623
0.01454809 0.6428513 2.438252
0.03090516 0.257746 2.439066
0.04034496 0.257955 2.348307
-0.08486923 1.677555 2.430706
-0.3112724 0.9762351 2.335152
-0.2656066 1.068928 2.307448
0.177134 1.707397 1.976735
0.1296638 1.637759 2.053851
74
-0.09105701 1.077651 2.406225
-0.08764581 1.425377 2.424523
-0.08417795 1.758989 2.42982
-0.0829309 1.908849 2.413092
-0.2744536 1.618546 2.41754
-0.3274274 1.371421 2.407627
-0.3283644 1.12083 2.341944
-0.3199086 1.057913 2.338066
0.08452605 1.611389 2.406974
0.2106223 1.421293 2.339912
0.206702 1.516208 2.098
0.197226 1.558239 2.034219
-0.176311 1.076579 2.363425
-0.1888441 0.6447192 2.429564
-0.2031122 0.2534356 2.427478
-0.224728 0.254586 2.359565
-0.002721613 1.075867 2.366337
0.01437027 0.6423221 2.43849
0.0309126 0.2575567 2.439067
0.03992449 0.2578088 2.348803
-0.08508871 1.677486 2.430849
-0.3127096 0.9777887 2.33568
-0.2657026 1.068876 2.307569
0.187987 1.595353 1.927844
0.1450163 1.554943 2.028979
75
-0.09105701 1.077651 2.406225
-0.08764581 1.425377 2.424523
-0.08417795 1.758989 2.42982
-0.0829309 1.908849 2.413092
-0.2744536 1.618546 2.41754
-0.3274274 1.371421 2.407627
-0.3283644 1.12083 2.341944
-0.3199086 1.057913 2.338066
0.08452605 1.611389 2.406974
0.2106223 1.421293 2.339912
0.206702 1.516208 2.098
0.197226 1.558239 2.034219
-0.176311 1.076579 2.363425
-0.1888441 0.6447192 2.429564
-0.2031122 0.2534356 2.427478
-0.224728 0.254586 2.359565
-0.002721613 1.075867 2.366337
0.01437027 0.6423221 2.43849
0.0309126 0.2575567 2.439067
0.03992449 0.2578088 2.348803
-0.08508871 1.677486 2.430849
-0.3127096 0.9777887 2.33568
-0.2657026 1.068876 2.307569
0.187987 1.595353 1.927844
0.1450163 1.554943 2.028979
76
-0.09135374 1.077488 2.406397
-0.08788756 1.425272 2.424676
-0.08437537 1.758939 2.429936
-0.08332712 1.908723 2.413085
-0.2745373 1.618493 2.417808
-0.3274919 1.371414 2.407878
-0.3286053 1.121094 2.34243
-0.320106 1.057995 2.338546
0.08468989 1.611181 2.406872
0.1882104 1.402994 2.366297
0.2217909 1.418315 2.110037
0.2068742 1.450674 2.028464
-0.1766441 1.076416 2.363685
-0.1885867 0.6446644 2.429744
-0.2031707 0.2532693 2.427443
-0.2254229 0.254492 2.360502
-0.002991934 1.075714 2.366426
0.01422536 0.6418856 2.438679
0.03090967 0.2574289 2.439075
0.03955557 0.2577117 2.349236
-0.0852959 1.677422 2.430976
-0.3144123 0.9792977 2.336222
-0.265923 1.068054 2.307666
0.2114224 1.462905 1.942882
0.163664 1.454845 2.015405
77
-0.09135374 1.077488 2.406397
-0.08788756 1.425272 2.424676
-0.08437537 1.758939 2.429936
-0.08332712 1.908723 2.413085
-0.2745373 1.618493 2.417808
-0.3274919 1.371414 2.407878
-0.3286053 1.121094 2.34243
-0.320106 1.057995 2.338546
0.08468989 1.611181 2.406872
0.1882104 1.402994 2.366297
0.2217909 1.418315 2.110037
0.2068742 1.450674 2.028464
-0.1766441 1.076416 2.363685
-0.1885867 0.6446644 2.429744
-0.2031707 0.2532693 2.427443
-0.2254229 0.254492 2.360502
-0.002991934 1.075714 2.366426
0.01422536 0.6418856 2.438679
0.03090967 0.2574289 2.439075
0.03955557 0.2577117 2.349236
-0.0852959 1.677422 2.430976
-0.3144123 0.9792977 2.336222
-0.265923 1.068054 2.307666
0.2114224 1.462905 1.942882
0.163664 1.454845 2.015405
78
-0.0916193 1.077352 2.406541
-0.08811025 1.425179 2.424809
-0.08456488 1.758889 2.430039
-0.08381757 1.908593 2.413085
-0.2746697 1.61843 2.418107
-0.3275801 1.371395 2.408157
-0.3288482 1.121354 2.342899
-0.3202439 1.058069 2.338909
0.08491684 1.611132 2.406906
0.1740616 1.394099 2.387347
0.2232273 1.309492 2.144907
0.2138557 1.343243 2.019598
-0.1769356 1.076282 2.363907
-0.1884055 0.6446331 2.42987
-0.2031996 0.253508 2.427425
-0.2254229 0.2547642 2.360943
-0.00323914 1.075587 2.366497
0.01413419 0.6416105 2.438805
0.03089304 0.2573296 2.439091
0.03921792 0.2576261 2.34964
-0.08549247 1.677363 2.431088
-0.3148884 0.979746 2.336423
-0.2660289 1.06769 2.307692
0.2389262 1.316294 1.917444
0.2015479 1.363743 1.985975
79
-0.0916193 1.077352 2.406541
-0.08811025 1.425179 2.424809
-0.08456488 1.758889 2.430039
-0.08381757 1.908593 2.413085
-0.2746697 1.61843 2.418107
-0.3275801 1.371395 2.408157
-0.3288482 1.121354 2.342899
-0.3202439 1.058069 2.338909
0.08491684 1.611132 2.406906
0.1740616 1.394099 2.387347
0.2232273 1.309492 2.144907
0.2138557 1.343243 2.019598
-0.1769356 1.076282 2.363907
-0.1884055 0.6446331 2.42987
-0.2031996 0.253508 2.427425
-0.2254229 0.2547642 2.360943
-0.00323914 1.075587 2.366497
0.01413419 0.6416105 2.438805
0.03089304 0.2573296 2.439091
0.03921792 0.2576261 2.34964
-0.08549247 1.677363 2.431088
-0.3148884 0.979746 2.336423
-0.2660289 1.06769 2.307692
0.2389262 1.316294 1.917444
0.2015479 1.363743 1.985975
80
-0.09185908 1.077249 2.406662
-0.08832584 1.425103 2.424926
-0.0847644 1.758846 2.430134
-0.0843731 1.908501 2.413116
-0.2748592 1.618368 2.418455
-0.3276891 1.371382 2.408478
-0.3290672 1.121541 2.343304
-0.320449 1.058003 2.339205
0.08525356 1.61138 2.407185
0.168316 1.389944 2.395591
0.220139 1.289282 2.16418
0.2104683 1.246258 2.04132
-0.1771908 1.076181 2.36409
-0.1882793 0.6446233 2.429964
-0.2031655 0.2551299 2.427423
-0.2248745 0.2564255 2.355994
-0.003468046 1.075492 2.366555
0.01408125 0.6414419 2.438888
0.03087945 0.257264 2.439114
0.03894892 0.2575644 2.349976
-0.08569494 1.677312 2.43119
-0.3151743 0.9800119 2.336492
-0.2661365 1.067353 2.307744
0.218463 1.212047 1.970772
0.2381994 1.240566 1.988699
81
-0.09185908 1.077249 2.406662
-0.08832584 1.425103 2.424926
-0.0847644 1.758846 2.430134
-0.0843731 1.908501 2.413116
-0.2748592 1.618368 2.418455
-0.3276891 1.371382 2.408478
-0.3290672 1.121541 2.343304
-0.320449 1.058003 2.339205
0.08525356 1.61138 2.407185
0.168316 1.389944 2.395591
0.220139 1.289282 2.16418
0.2104683 1.246258 2.04132
-0.1771908 1.076181 2.36409
-0.1882793 0.6446233 2.429964
-0.2031655 0.2551299 2.427423
-0.2248745 0.2564255 2.355994
-0.003468046 1.075492 2.366555
0.01408125 0.6414419 2.438888
0.03087945 0.257264 2.439114
0.03894892 0.2575644 2.349976
-0.08569494 1.677312 2.43119
-0.3151743 0.9800119 2.336492
-0.2661365 1.067353 2.307744
0.218463 1.212047 1.970772
0.2381994 1.240566 1.988699
82
-0.09207102 1.077172 2.406759
-0.08852544 1.425043 2.425027
-0.08495705 1.758811 2.43022
-0.08505038 1.908433 2.413161
-0.2750752 1.618313 2.418823
-0.3278052 1.371349 2.408807
-0.3292477 1.121637 2.343647
-0.3206399 1.057975 2.339419
0.08563398 1.611749 2.407562
0.1668779 1.391319 2.39932
0.2076103 1.227086 2.193446
0.1970048 1.168362 2.097091
-0.1774111 1.076105 2.36424
-0.1881882 0.6446176 2.43004
-0.2031427 0.2562461 2.427423
-0.2240705 0.2575578 2.352337
-0.003674992 1.075424 2.366595
0.01404155 0.6413211 2.438948
0.03085883 0.257198 2.439131
0.03870126 0.257499 2.350276
-0.08588853 1.67727 2.431282
-0.3161581 0.9801217 2.337064
-0.2667946 1.062536 2.30685
0.1898839 1.115259 2.032362
0.2310973 1.16181 2.053575
83
-0.09207102 1.077172 2.406759
-0.08852544 1.425043 2.425027
-0.08495705 1.758811 2.43022
-0.08505038 1.908433 2.413161
-0.2750752 1.618313 2.418823
-0.3278052 1.371349 2.408807
-0.3292477 1.121637 2.343647
-0.3206399 1.057975 2.339419
0.08563398 1.611749 2.407562
0.1668779 1.391319 2.39932
0.2076103 1.227086 2.193446
0.1970048 1.168362 2.097091
-0.1774111 1.076105 2.36424
-0.1881882 0.6446176 2.43004
-0.2031427 0.2562461 2.427423
-0.2240705 0.2575578 2.352337
-0.003674992 1.075424 2.366595
0.01404155 0.6413211 2.438948
0.03085883 0.257198 2.439131
0.03870126 0.257499 2.350276
-0.08588853 1.67727 2.431282
-0.3161581 0.9801217 2.337064
-0.2667946 1.062536 2.30685
0.1898839 1.115259 2.032362
0.2310973 1.16181 2.053575
84
-0.09224978 1.077116 2.406835
-0.08870552 1.424994 2.425112
-0.08514018 1.758782 2.430297
-0.08573778 1.908393 2.413221
-0.2752966 1.618258 2.419175
-0.3279138 1.371307 2.409148
-0.329395 1.121681 2.343941
-0.3207621 1.057918 2.339554
0.08607136 1.612228 2.407989
0.1647207 1.391754 2.402817
0.1949928 1.169607 2.227068
0.183443 1.098412 2.152476
-0.1775943 1.076048 2.364362
-0.1881215 0.6446143 2.430104
-0.2031882 0.2554795 2.427411
-0.2262153 0.2568786 2.354075
-0.003851702 1.075377 2.366621
0.01401917 0.6413324 2.438977
0.03084241 0.2571508 2.439149
0.03849222 0.2574462 2.350535
-0.08606989 1.677236 2.431362
-0.3164902 0.980262 2.337212
-0.2669927 1.060649 2.306571
0.180767 1.035394 2.113443
0.2194038 1.104881 2.124185
85
-0.09224978 1.077116 2.406835
-0.08870552 1.424994 2.425112
-0.08514018 1.758782 2.430297
-0.08573778 1.908393 2.413221
-0.2752966 1.618258 2.419175
-0.3279138 1.371307 2.409148
-0.329395 1.121681 2.343941
-0.3207621 1.057918 2.339554
0.08607136 1.612228 2.407989
0.1647207 1.391754 2.402817
0.1949928 1.169607 2.227068
0.183443 1.098412 2.152476
-0.1775943 1.076048 2.364362
-0.1881215 0.6446143 2.430104
-0.2031882 0.2554795 2.427411
-0.2262153 0.2568786 2.354075
-0.003851702 1.075377 2.366621
0.01401917 0.6413324 2.438977
0.03084241 0.2571508 2.439149
0.03849222 0.2574462 2.350535
-0.08606989 1.677236 2.431362
-0.3164902 0.980262 2.337212
-0.2669927 1.060649 2.306571
0.180767 1.035394 2.113443
0.2194038 1.104881 2.124185
86
-0.09239858 1.077079 2.406888
-0.08886826 1.424957 2.425181
-0.08531639 1.758759 2.430362
-0.08643273 1.908372 2.413285
-0.2755463 1.6182 2.419538
-0.3280108 1.371246 2.409463
-0.3295165 1.121674 2.344184
-0.3208452 1.057765 2.339589
0.0865611 1.612764 2.408431
0.1628634 1.390356 2.405577
0.1790106 1.131955 2.267274
0.1685394 1.0546 2.213101
-0.1777394 1.076009 2.364449
-0.1880744 0.6446086 2.430158
-0.203245 0.2543821 2.427393
-0.2290159 0.2558845 2.356771
-0.004005142 1.075349 2.366634
0.01400621 0.641371 2.438992
0.03081328 0.2571014 2.439176
0.03823872 0.2573838 2.350858
-0.08624172 1.677209 2.431429
-0.3159259 0.9780029 2.337806
-0.2671313 1.059433 2.3063
0.1694694 0.9778521 2.188918
0.2179569 1.037814 2.203171
87
-0.09239858 1.077079 2.406888
-0.08886826 1.424957 2.425181
-0.08531639 1.758759 2.430362
-0.08643273 1.908372 2.413285
-0.2755463 1.6182 2.419538
-0.3280108 1.371246 2.409463
-0.3295165 1.121674 2.344184
-0.3208452 1.057765 2.339589
0.0865611 1.612764 2.408431
0.1628634 1.390356 2.405577
0.1790106 1.131955 2.267274
0.1685394 1.0546 2.213101
-0.1777394 1.076009 2.364449
-0.1880744 0.6446086 2.430158
-0.203245 0.2543821 2.427393
-0.2290159 0.2558845 2.356771
-0.004005142 1.075349 2.366634
0.01400621 0.641371 2.438992
0.03081328 0.2571014 2.439176
0.03823872 0.2573838 2.350858
-0.08624172 1.677209 2.431429
-0.3159259 0.9780029 2.337806
-0.2671313 1.059433 2.3063
0.1694694 0.9778521 2.188918
0.2179569 1.037814 2.203171
88
-0.09252547 1.077053 2.406931
-0.08901387 1.424929 2.425237
-0.08548054 1.758742 2.430416
-0.08711608 1.908369 2.413366
-0.2757907 1.618148 2.419873
-0.328099 1.371194 2.409756
-0.3296162 1.121641 2.344394
-0.3209076 1.057717 2.339634
0.08707016 1.613299 2.408856
0.161398 1.386488 2.406955
0.1687566 1.107092 2.292327
0.1584336 1.027142 2.265316
-0.1778585 1.075983 2.364518
-0.1880439 0.6446035 2.430207
-0.2032591 0.2543184 2.427383
-0.2292403 0.255841 2.356948
-0.004140505 1.075333 2.36664
0.01401225 0.6415192 2.438973
0.0308002 0.2570599 2.439207
0.03803955 0.2573225 2.351122
-0.08640023 1.677189 2.431485
-0.3159191 0.9777578 2.33807
-0.2672066 1.058728 2.306134
0.1571161 0.9502417 2.260972
0.2055034 1.022123 2.262928
89
-0.09252547 1.077053 2.406931
-0.08901387 1.424929 2.425237
-0.08548054 1.758742 2.430416
-0.08711608 1.908369 2.413366
-0.2757907 1.618148 2.419873
-0.328099 1.371194 2.409756
-0.3296162 1.121641 2.344394
-0.3209076 1.057717 2.339634
0.08707016 1.613299 2.408856
0.161398 1.386488 2.406955
0.1687566 1.107092 2.292327
0.1584336 1.027142 2.265316
-0.1778585 1.075983 2.364518
-0.1880439 0.6446035 2.430207
-0.2032591 0.2543184 2.427383
-0.2292403 0.255841 2.356948
-0.004140505 1.075333 2.36664
0.01401225 0.6415192 2.438973
0.0308002 0.2570599 2.439207
0.03803955 0.2573225 2.351122
-0.08640023 1.677189 2.431485
-0.3159191 0.9777578 2.33807
-0.2672066 1.058728 2.306134
0.1571161 0.9502417 2.260972
0.2055034 1.022123 2.262928
90
-0.09262966 1.077042 2.406957
-0.08914355 1.424912 2.42528
-0.08563527 1.758733 2.430459
-0.08774316 1.908381 2.413444
-0.2760179 1.618101 2.420168
-0.3281735 1.371125 2.410021
-0.3296927 1.121579 2.344571
-0.3209397 1.057445 2.339539
0.08763787 1.613802 2.409262
0.1601289 1.38085 2.408257
0.161888 1.092062 2.309203
0.1482154 1.012529 2.308573
-0.1779525 1.075967 2.364568
-0.1880275 0.6445993 2.430253
-0.2032625 0.2544109 2.427374
-0.2287041 0.2559266 2.356584
-0.004257879 1.075334 2.36663
0.01402498 0.6416839 2.438942
0.03079148 0.2570265 2.439236
0.03788131 0.2572683 2.351326
-0.08654792 1.677177 2.43153
-0.3154985 0.9771497 2.338324
-0.267278 1.058242 2.306047
0.1429448 0.9419508 2.304528
0.1962862 1.011772 2.309831
91
-0.09262966 1.077042 2.406957
-0.08914355 1.424912 2.42528
-0.08563527 1.758733 2.430459
-0.08774316 1.908381 2.413444
-0.2760179 1.618101 2.420168
-0.3281735 1.371125 2.410021
-0.3296927 1.121579 2.344571
-0.3209397 1.057445 2.339539
0.08763787 1.613802 2.409262
0.1601289 1.38085 2.408257
0.161888 1.092062 2.309203
0.1482154 1.012529 2.308573
-0.1779525 1.075967 2.364568
-0.1880275 0.6445993 2.430253
-0.2032625 0.2544109 2.427374
-0.2287041 0.2559266 2.356584
-0.004257879 1.075334 2.36663
0.01402498 0.6416839 2.438942
0.03079148 0.2570265 2.439236
0.03788131 0.2572683 2.351326
-0.08654792 1.677177 2.43153
-0.3154985 0.9771497 2.338324
-0.267278 1.058242 2.306047
0.1429448 0.9419508 2.304528
0.1962862 1.011772 2.309831
92
-0.09270483 1.077042 2.406972
-0.08924702 1.424905 2.42531
-0.08576985 1.758729 2.430493
-0.08829507 1.908399 2.413516
-0.2762171 1.618066 2.420428
-0.3282374 1.371058 2.410255
-0.3297489 1.12149 2.344721
-0.3210157 1.057227 2.339487
0.08825377 1.61429 2.409643
0.158955 1.375746 2.409924
0.15731 1.0845 2.324914
0.1407388 1.012007 2.337277
-0.1780182 1.075961 2.364603
-0.1880254 0.6446031 2.430294
-0.2032592 0.2546246 2.427367
-0.2276212 0.2561129 2.355861
-0.004346887 1.075354 2.366611
0.01403843 0.641853 2.438906
0.03078552 0.2569754 2.439265
0.03769429 0.2571941 2.351575
-0.08667424 1.677172 2.431564
-0.3148525 0.9757391 2.33816
-0.2673376 1.057886 2.306008
0.1373906 0.9405558 2.338995
0.1911371 1.006025 2.343617
93
-0.09270483 1.077042 2.406972
-0.08924702 1.424905 2.42531
-0.08576985 1.758729 2.430493
-0.08829507 1.908399 2.413516
-0.2762171 1.618066 2.420428
-0.3282374 1.371058 2.410255
-0.3297489 1.12149 2.344721
-0.3210157 1.057227 2.339487
0.08825377 1.61429 2.409643
0.158955 1.375746 2.409924
0.15731 1.0845 2.324914
0.1407388 1.012007 2.337277
-0.1780182 1.075961 2.364603
-0.1880254 0.6446031 2.430294
-0.2032592 0.2546246 2.427367
-0.2276212 0.2561129 2.355861
-0.004346887 1.075354 2.366611
0.01403843 0.641853 2.438906
0.03078552 0.2569754 2.439265
0.03769429 0.2571941 2.351575
-0.08667424 1.677172 2.431564
-0.3148525 0.9757391 2.33816
-0.2673376 1.057886 2.306008
0.1373906 0.9405558 2.338995
0.1911371 1.006025 2.343617
94
-0.09275722 1.077046 2.406982
-0.08933078 1.424903 2.425332
-0.0858888 1.75873 2.430514
-0.08876751 1.908423 2.413579
-0.2763961 1.618035 2.420657
-0.3282912 1.370999 2.41046
-0.3297838 1.121353 2.344852
-0.3210569 1.05706 2.33945
0.08900259 1.614841 2.410053
0.1576593 1.370886 2.412204
0.1545929 1.081459 2.337231
0.1372339 1.017371 2.357187
-0.1780637 1.075959 2.364629
-0.1880338 0.6446078 2.430333
-0.2032582 0.2547323 2.427358
-0.2261941 0.2561814 2.354833
-0.004408748 1.075372 2.366592
0.01404476 0.6419067 2.438889
0.03078397 0.2569233 2.439289
0.03751699 0.2571251 2.351807
-0.08678378 1.677172 2.431587
-0.3107032 0.9710649 2.337371
-0.2678895 1.060597 2.307148
0.133808 0.9441698 2.3601
0.1878749 1.013591 2.368951
95
-0.09275722 1.077046 2.406982
-0.08933078 1.424903 2.425332
-0.0858888 1.75873 2.430514
-0.08876751 1.908423 2.413579
-0.2763961 1.618035 2.420657
-0.3282912 1.370999 2.41046
-0.3297838 1.121353 2.344852
-0.3210569 1.05706 2.33945
0.08900259 1.614841 2.410053
0.1576593 1.370886 2.412204
0.1545929 1.081459 2.337231
0.1372339 1.017371 2.357187
-0.1780637 1.075959 2.364629
-0.1880338 0.6446078 2.430333
-0.2032582 0.2547323 2.427358
-0.2261941 0.2561814 2.354833
-0.004408748 1.075372 2.366592
0.01404476 0.6419067 2.438889
0.03078397 0.2569233 2.439289
0.03751699 0.2571251 2.351807
-0.08678378 1.677172 2.431587
-0.3107032 0.9710649 2.337371
-0.2678895 1.060597 2.307148
0.133808 0.9441698 2.3601
0.1878749 1.013591 2.368951
96
-0.09279258 1.077058 2.406985
-0.08939437 1.424905 2.425344
-0.08598906 1.758734 2.430524
-0.08916823 1.908448 2.413633
-0.2765439 1.618014 2.420848
-0.3283312 1.370932 2.410631
-0.3298042 1.121198 2.344964
-0.3210914 1.056921 2.339429
0.08975519 1.615351 2.410439
0.1561134 1.366616 2.414875
0.1536532 1.083571 2.348294
0.133809 1.023982 2.368475
-0.1780936 1.075963 2.364646
-0.1880534 0.6446154 2.430372
-0.2032561 0.2547759 2.427348
-0.224813 0.2561879 2.35369
-0.004449954 1.075406 2.366565
0.01405567 0.6419702 2.43886
0.03078149 0.2568784 2.439301
0.03736609 0.2570643 2.352002
-0.08687414 1.677174 2.4316
-0.3110654 0.9711806 2.337762
-0.2679945 1.06084 2.307289
0.1287621 0.9545264 2.369729
0.1812161 1.023388 2.378851
97
-0.09279258 1.077058 2.406985
-0.08939437 1.424905 2.425344
-0.08598906 1.758734 2.430524
-0.08916823 1.908448 2.413633
-0.2765439 1.618014 2.420848
-0.3283312 1.370932 2.410631
-0.3298042 1.121198 2.344964
-0.3210914 1.056921 2.339429
0.08975519 1.615351 2.410439
0.1561134 1.366616 2.414875
0.1536532 1.083571 2.348294
0.133809 1.023982 2.368475
-0.1780936 1.075963 2.364646
-0.1880534 0.6446154 2.430372
-0.2032561 0.2547759 2.427348
-0.224813 0.2561879 2.35369
-0.004449954 1.075406 2.366565
0.01405567 0.6419702 2.43886
0.03078149 0.2568784 2.439301
0.03736609 0.2570643 2.352002
-0.08687414 1.677174 2.4316
-0.3110654 0.9711806 2.337762
-0.2679945 1.06084 2.307289
0.1287621 0.9545264 2.369729
0.1812161 1.023388 2.378851
98
-0.09281161 1.077076 2.406986
-0.08944157 1.42491 2.425352
-0.08607122 1.758742 2.430526
-0.08950494 1.908473 2.41368
-0.2766726 1.617995 2.421011
-0.3283642 1.37087 2.410776
-0.3298078 1.121003 2.345061
-0.3211269 1.056751 2.339397
0.09045437 1.615806 2.410786
0.1545698 1.363087 2.417921
0.1540233 1.088553 2.356546
0.1326277 1.034184 2.372144
-0.1781056 1.075979 2.364658
-0.1880789 0.6446238 2.430408
-0.2032514 0.2548329 2.42734
-0.2235486 0.2562112 2.352613
-0.004472028 1.07544 2.366541
0.01406389 0.642019 2.438834
0.03075311 0.2573026 2.439311
0.03877091 0.2575397 2.349868
-0.08694661 1.677181 2.431604
-0.3108267 0.9707093 2.337963
-0.2681071 1.0613 2.30748
0.1263537 0.9632232 2.374071
0.1774991 1.035194 2.384446
99
-0.09281161 1.077076 2.406986
-0.08944157 1.42491 2.425352
-0.08607122 1.758742 2.430526
-0.08950494 1.908473 2.41368
-0.2766726 1.617995 2.421011
-0.3283642 1.37087 2.410776
-0.3298078 1.121003 2.345061
-0.3211269 1.056751 2.339397
0.09045437 1.615806 2.410786
0.1545698 1.363087 2.417921
0.1540233 1.088553 2.356546
0.1326277 1.034184 2.372144
-0.1781056 1.075979 2.364658
-0.1880789 0.6446238 2.430408
-0.2032514 0.2548329 2.42734
-0.2235486 0.2562112 2.352613
-0.004472028 1.07544 2.366541
0.01406389 0.642019 2.438834
0.03075311 0.2573026 2.439311
0.03877091 0.2575397 2.349868
-0.08694661 1.677181 2.431604
-0.3108267 0.9707093 2.337963
-0.2681071 1.0613 2.30748
0.1263537 0.9632232 2.374071
0.1774991 1.035194 2.384446
100
-0.09280849 1.07711 2.406982
-0.08947579 1.424917 2.425356
-0.08613817 1.758751 2.43052
-0.08978223 1.908499 2.413718
-0.2767712 1.617987 2.421142
-0.3283849 1.370801 2.410905
-0.3298068 1.120827 2.345139
-0.3211005 1.056609 2.339375
0.09111744 1.616197 2.411099
0.1532755 1.360463 2.420786
0.155043 1.096253 2.362679
0.132758 1.045221 2.36806
-0.1780922 1.076009 2.364668
-0.1881108 0.6446316 2.430444
-0.2032445 0.2548969 2.427332
-0.2224273 0.2562459 2.351669
-0.004471195 1.07549 2.366512
0.01407108 0.642063 2.438806
0.0307315 0.2576636 2.439314
0.03987149 0.2579393 2.348198
-0.08700407 1.677189 2.431603
-0.3082083 0.9688702 2.33736
-0.2681503 1.061397 2.307525
0.1235823 0.9718263 2.366736
0.1738326 1.046333 2.372464
101
-0.09280849 1.07711 2.406982
-0.08947579 1.424917 2.425356
-0.08613817 1.758751 2.43052
-0.08978223 1.908499 2.413718
-0.2767712 1.617987 2.421142
-0.3283849 1.370801 2.410905
-0.3298068 1.120827 2.345139
-0.3211005 1.056609 2.339375
0.09111744 1.616197 2.411099
0.1532755 1.360463 2.420786
0.155043 1.096253 2.362679
0.132758 1.045221 2.36806
-0.1780922 1.076009 2.364668
-0.1881108 0.6446316 2.430444
-0.2032445 0.2548969 2.427332
-0.2224273 0.2562459 2.351669
-0.004471195 1.07549 2.366512
0.01407108 0.642063 2.438806
0.0307315 0.2576636 2.439314
0.03987149 0.2579393 2.348198
-0.08700407 1.677189 2.431603
-0.3082083 0.9688702 2.33736
-0.2681503 1.061397 2.307525
0.1235823 0.9718263 2.366736
0.1738326 1.046333 2.372464
102
-0.09278808 1.077157 2.406972
-0.08950134 1.424927 2.425354
-0.08619336 1.758762 2.430509
-0.09001037 1.908524 2.413745
-0.276852 1.617976 2.421244
-0.3283986 1.370723 2.411016
-0.3297969 1.120653 2.345203
-0.3210578 1.056514 2.339323
0.09179851 1.616567 2.411418
0.1523326 1.358746 2.423004
0.1560023 1.103357 2.366523
0.1332622 1.051256 2.364069
-0.178062 1.076049 2.364672
-0.1881454 0.64464 2.430478
-0.203239 0.2549573 2.42732
-0.221413 0.256281 2.350847
-0.004450679 1.075561 2.366472
0.01407791 0.6420859 2.438784
0.0307176 0.2577951 2.439318
0.04020759 0.2580787 2.347673
-0.0870505 1.677198 2.431597
-0.3035832 0.9646448 2.335985
-0.2681921 1.061526 2.307584
0.1217867 0.9760911 2.358606
0.1724715 1.044956 2.366229
103
-0.09278808 1.077157 2.406972
-0.08950134 1.424927 2.425354
-0.08619336 1.758762 2.430509
-0.09001037 1.908524 2.413745
-0.276852 1.617976 2.421244
-0.3283986 1.370723 2.411016
-0.3297969 1.120653 2.345203
-0.3210578 1.056514 2.339323
0.09179851 1.616567 2.411418
0.1523326 1.358746 2.423004
0.1560023 1.103357 2.366523
0.1332622 1.051256 2.364069
-0.178062 1.076049 2.364672
-0.1881454 0.64464 2.430478
-0.203239 0.2549573 2.42732
-0.221413 0.256281 2.350847
-0.004450679 1.075561 2.366472
0.01407791 0.6420859 2.438784
0.0307176 0.2577951 2.439318
0.04020759 0.2580787 2.347673
-0.0870505 1.677198 2.431597
-0.3035832 0.9646448 2.335985
-0.2681921 1.061526 2.307584
0.1217867 0.9760911 2.358606
0.1724715 1.044956 2.366229
104
-0.09274937 1.077216 2.406962
-0.08952021 1.424941 2.425352
-0.08624107 1.758773 2.430496
-0.09019469 1.908548 2.413766
-0.2769198 1.617966 2.421329
-0.3284069 1.370627 2.411112
-0.3297829 1.120492 2.345258
-0.3210348 1.056433 2.339309
0.09241312 1.616898 2.411714
0.151637 1.357568 2.424731
0.15688 1.108682 2.368644
0.1341505 1.054901 2.360174
-0.1780109 1.076099 2.364675
-0.188184 0.644644 2.430517
-0.203232 0.2550239 2.427308
-0.2205822 0.2563291 2.350204
-0.004412864 1.075645 2.366435
0.01409557 0.6421376 2.438745
0.03070705 0.257877 2.439319
0.04042365 0.2581595 2.347346
-0.08708975 1.677209 2.431588
-0.3005448 0.9628439 2.334705
-0.2682196 1.06166 2.30765
0.120631 0.9782795 2.350519
0.1727096 1.042441 2.35782
105
-0.09274937 1.077216 2.406962
-0.08952021 1.424941 2.425352
-0.08624107 1.758773 2.430496
-0.09019469 1.908548 2.413766
-0.2769198 1.617966 2.421329
-0.3284069 1.370627 2.411112
-0.3297829 1.120492 2.345258
-0.3210348 1.056433 2.339309
0.09241312 1.616898 2.411714
0.151637 1.357568 2.424731
0.15688 1.108682 2.368644
0.1341505 1.054901 2.360174
-0.1780109 1.076099 2.364675
-0.188184 0.644644 2.430517
-0.203232 0.2550239 2.427308
-0.2205822 0.2563291 2.350204
-0.004412864 1.075645 2.366435
0.01409557 0.6421376 2.438745
0.03070705 0.257877 2.439319
0.04042365 0.2581595 2.347346
-0.08708975 1.677209 2.431588
-0.3005448 0.9628439 2.334705
-0.2682196 1.06166 2.30765
0.120631 0.9782795 2.350519
0.1727096 1.042441 2.35782
106
-0.09269018 1.077287 2.406947
-0.08953045 1.42496 2.425343
-0.08627994 1.758789 2.430471
-0.09032983 1.908573 2.413779
-0.2769721 1.617959 2.421393
-0.328407 1.370532 2.411193
-0.3297651 1.120351 2.345298
-0.3209875 1.05629 2.339213
0.09298858 1.617194 2.411994
0.1511358 1.35677 2.426025
0.1575826 1.112459 2.36955
0.1353451 1.056698 2.355888
-0.1779389 1.076158 2.364673
-0.188225 0.6446462 2.430553
-0.2032225 0.2551473 2.427294
-0.2197545 0.2564332 2.349687
-0.004354294 1.075744 2.366395
0.01412428 0.6422128 2.438693
0.030695 0.2579286 2.439321
0.04052676 0.258202 2.347247
-0.08712059 1.677224 2.43157
-0.3042201 0.9628173 2.336468
-0.2680015 1.058628 2.306547
0.120874 0.9787958 2.347801
0.1736832 1.042435 2.353245
107
-0.09269018 1.077287 2.406947
-0.08953045 1.42496 2.425343
-0.08627994 1.758789 2.430471
-0.09032983 1.908573 2.413779
-0.2769721 1.617959 2.421393
-0.328407 1.370532 2.411193
-0.3297651 1.120351 2.345298
-0.3209875 1.05629 2.339213
0.09298858 1.617194 2.411994
0.1511358 1.35677 2.426025
0.1575826 1.112459 2.36955
0.1353451 1.056698 2.355888
-0.1779389 1.076158 2.364673
-0.188225 0.6446462 2.430553
-0.2032225 0.2551473 2.427294
-0.2197545 0.2564332 2.349687
-0.004354294 1.075744 2.366395
0.01412428 0.6422128 2.438693
0.030695 0.2579286 2.439321
0.04052676 0.258202 2.347247
-0.08712059 1.677224 2.43157
-0.3042201 0.9628173 2.336468
-0.2680015 1.058628 2.306547
0.120874 0.9787958 2.347801
0.1736832 1.042435 2.353245
108
-0.09260737 1.077374 2.406933
-0.08953393 1.424983 2.42533
-0.08631299 1.758806 2.430442
-0.09042715 1.908596 2.413786
-0.2770134 1.617953 2.421443
-0.3284035 1.370443 2.411262
-0.3297449 1.120244 2.345327
-0.3209226 1.056222 2.339077
0.09354351 1.617474 2.412264
0.1507773 1.356232 2.427005
0.1581696 1.115185 2.369706
0.136417 1.057441 2.351613
-0.1778381 1.07623 2.364668
-0.1882704 0.6446371 2.430585
-0.2032152 0.2551992 2.42728
-0.2194356 0.2564813 2.349555
-0.004276313 1.075857 2.366357
0.01416294 0.6423215 2.438626
0.03068063 0.2579673 2.43932
0.04055994 0.2582257 2.347269
-0.08714579 1.67724 2.431549
-0.3038189 0.9618399 2.33703
-0.2669442 1.069791 2.308895
0.1222909 0.9789307 2.344774
0.1746446 1.042043 2.349119
109
-0.09260737 1.077374 2.406933
-0.08953393 1.424983 2.42533
-0.08631299 1.758806 2.430442
-0.09042715 1.908596 2.413786
-0.2770134 1.617953 2.421443
-0.3284035 1.370443 2.411262
-0.3297449 1.120244 2.345327
-0.3209226 1.056222 2.339077
0.09354351 1.617474 2.412264
0.1507773 1.356232 2.427005
0.1581696 1.115185 2.369706
0.136417 1.057441 2.351613
-0.1778381 1.07623 2.364668
-0.1882704 0.6446371 2.430585
-0.2032152 0.2551992 2.42728
-0.2194356 0.2564813 2.349555
-0.004276313 1.075857 2.366357
0.01416294 0.6423215 2.438626
0.03068063 0.2579673 2.43932
0.04055994 0.2582257 2.347269
-0.08714579 1.67724 2.431549
-0.3038189 0.9618399 2.33703
-0.2669442 1.069791 2.308895
0.1222909 0.9789307 2.344774
0.1746446 1.042043 2.349119
110
-0.09249723 1.077476 2.406921
-0.08952748 1.425011 2.425316
-0.0863369 1.758822 2.430413
-0.09049803 1.908618 2.413792
-0.2770446 1.617949 2.421479
-0.3283975 1.37036 2.411321
-0.3297231 1.120158 2.345349
-0.3208668 1.056127 2.33903
0.09412622 1.617746 2.41256
0.1505181 1.355882 2.427747
0.1587406 1.117101 2.369117
0.1379736 1.057136 2.347894
-0.1777074 1.076315 2.364662
-0.1883164 0.6446284 2.430616
-0.203208 0.2552271 2.427263
-0.2191849 0.2565087 2.349407
-0.004172863 1.075989 2.366329
0.01420106 0.6424093 2.438574
0.03065074 0.2579706 2.439269
0.0405307 0.2582273 2.347376
-0.08716279 1.677256 2.431527
-0.3022997 0.9617604 2.336717
-0.2658109 1.078378 2.309875
0.1232605 0.9776522 2.342095
0.1766364 1.042806 2.34645
111
-0.09249723 1.077476 2.406921
-0.08952748 1.425011 2.425316
-0.0863369 1.758822 2.430413
-0.09049803 1.908618 2.413792
-0.2770446 1.617949 2.421479
-0.3283975 1.37036 2.411321
-0.3297231 1.120158 2.345349
-0.3208668 1.056127 2.33903
0.09412622 1.617746 2.41256
0.1505181 1.355882 2.427747
0.1587406 1.117101 2.369117
0.1379736 1.057136 2.347894
-0.1777074 1.076315 2.364662
-0.1883164 0.6446284 2.430616
-0.203208 0.2552271 2.427263
-0.2191849 0.2565087 2.349407
-0.004172863 1.075989 2.366329
0.01420106 0.6424093 2.438574
0.03065074 0.2579706 2.439269
0.0405307 0.2582273 2.347376
-0.08716279 1.677256 2.431527
-0.3022997 0.9617604 2.336717
-0.2658109 1.078378 2.309875
0.1232605 0.9776522 2.342095
0.1766364 1.042806 2.34645
112
-0.09236386 1.077585 2.406912
-0.08951374 1.425043 2.4253
-0.08635665 1.758841 2.430381
-0.09054469 1.90864 2.413798
-0.2770696 1.617945 2.421509
-0.3283849 1.370229 2.411364
-0.3296941 1.120077 2.345361
-0.3208149 1.056043 2.338948
0.0946909 1.618016 2.412844
0.1503344 1.355659 2.428308
0.1592821 1.118374 2.368006
0.1397106 1.056409 2.344654
-0.1775499 1.076412 2.364654
-0.1883633 0.6446205 2.430647
-0.2031988 0.2553149 2.427244
-0.2188141 0.2565916 2.349278
-0.004048508 1.076117 2.36631
0.01423083 0.6424654 2.438534
0.03061202 0.2580735 2.439214
0.04101156 0.2583531 2.346835
-0.08717547 1.677275 2.431503
-0.3053506 0.9660916 2.336788
-0.2656295 1.078527 2.310054
0.1250916 0.9749718 2.341061
0.1796918 1.039389 2.343219
113
-0.09236386 1.077585 2.406912
-0.08951374 1.425043 2.4253
-0.08635665 1.758841 2.430381
-0.09054469 1.90864 2.413798
-0.2770696 1.617945 2.421509
-0.3283849 1.370229 2.411364
-0.3296941 1.120077 2.345361
-0.3208149 1.056043 2.338948
0.0946909 1.618016 2.412844
0.1503344 1.355659 2.428308
0.1592821 1.118374 2.368006
0.1397106 1.056409 2.344654
-0.1775499 1.076412 2.364654
-0.1883633 0.6446205 2.430647
-0.2031988 0.2553149 2.427244
-0.2188141 0.2565916 2.349278
-0.004048508 1.076117 2.36631
0.01423083 0.6424654 2.438534
0.03061202 0.2580735 2.439214
0.04101156 0.2583531 2.346835
-0.08717547 1.677275 2.431503
-0.3053506 0.9660916 2.336788
-0.2656295 1.078527 2.310054
0.1250916 0.9749718 2.341061
0.1796918 1.039389 2.343219
114
-0.09221604 1.077697 2.406907
-0.08949035 1.425079 2.425282
-0.08636912 1.758859 2.430349
-0.09057262 1.908668 2.413803
-0.2770884 1.617943 2.42153
-0.3283693 1.370109 2.411397
-0.3296614 1.120047 2.345369
-0.3206982 1.055976 2.338822
0.09518328 1.618238 2.413087
0.150212 1.355525 2.42873
0.1598701 1.118348 2.365549
0.141316 1.055378 2.341402
-0.1773786 1.076512 2.364647
-0.1884094 0.6446167 2.430677
-0.2031891 0.2554213 2.427232
-0.2184788 0.2566927 2.349198
-0.003911282 1.076248 2.366297
0.01425627 0.6425018 2.438506
0.0305752 0.2581146 2.439158
0.04133176 0.2584141 2.346505
-0.08718149 1.677294 2.431478
-0.3069533 0.9694619 2.336912
-0.2655087 1.079417 2.310333
0.1263429 0.9722782 2.337623
0.1819068 1.038182 2.341382
