122
1
0.08456387 0.8686766 2.251047
0.06888409 1.167719 2.261305
0.05408816 1.457069 2.255517
0.06914654 1.586847 2.265238
-0.09985671 1.324024 2.260295
-0.1235614 1.091321 2.254265
-0.1142953 0.8931684 2.183535
-0.1012861 0.8518029 2.175876
0.232753 1.321674 2.253632
0.2583897 1.089129 2.265972
0.2865087 0.8897628 2.202388
0.2686021 0.8418348 2.190737
0.01228956 0.8664636 2.220053
0.006373549 0.5757056 2.199605
0.03536245 0.2004754 2.240616
0.03329166 0.1901283 2.147407
0.1549133 0.8754203 2.211864
0.1736339 0.577559 2.184103
0.1772586 0.1962813 2.220866
0.1708873 0.187017 2.12541
0.05780744 1.386008 2.259285
-0.09927049 0.7679285 2.167799
-0.1381437 0.8906604 2.157231
0.2625483 0.7683391 2.170393
0.2419725 0.842463 2.153154
2
0.08481704 0.8688502 2.251096
0.06912384 1.16792 2.261083
0.05424911 1.457324 2.255248
0.06941593 1.587034 2.265169
-0.09967405 1.324137 2.259962
-0.1235593 1.091851 2.253947
-0.114168 0.8945378 2.183476
-0.1011721 0.8528891 2.175582
0.232936 1.3217 2.25397
0.258569 1.088565 2.267145
0.2870107 0.8898525 2.203356
0.2690199 0.8432117 2.191287
0.01255929 0.8666957 2.219865
0.006250201 0.5757294 2.199603
0.03535705 0.2005728 2.240597
0.03324742 0.1902304 2.147446
0.1551533 0.8755531 2.212033
0.1736476 0.5777531 2.184378
0.1772371 0.1962006 2.220837
0.1708799 0.1870189 2.125373
0.0579916 1.386254 2.259021
-0.09937009 0.7686343 2.167932
-0.1383718 0.8917981 2.158493
0.262838 0.7687995 2.171417
0.2422369 0.847221 2.153591
3
0.08481704 0.8688502 2.251096
0.06912384 1.16792 2.261083
0.05424911 1.457324 2.255248
0.06941593 1.587034 2.265169
-0.09967405 1.324137 2.259962
-0.1235593 1.091851 2.253947
-0.114168 0.8945378 2.183476
-0.1011721 0.8528891 2.175582
0.232936 1.3217 2.25397
0.258569 1.088565 2.267145
0.2870107 0.8898525 2.203356
0.2690199 0.8432117 2.191287
0.01255929 0.8666957 2.219865
0.006250201 0.5757294 2.199603
0.03535705 0.2005728 2.240597
0.03324742 0.1902304 2.147446
0.1551533 0.8755531 2.212033
0.1736476 0.5777531 2.184378
0.1772371 0.1962006 2.220837
0.1708799 0.1870189 2.125373
0.0579916 1.386254 2.259021
-0.09937009 0.7686343 2.167932
-0.1383718 0.8917981 2.158493
0.262838 0.7687995 2.171417
0.2422369 0.847221 2.153591
4
0.08505191 0.8690126 2.251128
0.06933017 1.168097 2.260885
0.05437053 1.457533 2.255029
0.06962423 1.587174 2.265115
-0.09950288 1.324223 2.259675
-0.1235398 1.092274 2.253701
-0.1140703 0.8955889 2.183447
-0.1011537 0.8537495 2.17548
0.2330758 1.321727 2.254287
0.2587396 1.08805 2.268196
0.2871862 0.8898869 2.203949
0.2691743 0.8438219 2.191547
0.01281162 0.8669121 2.219678
0.006152864 0.5757619 2.199595
0.03534939 0.2006501 2.240582
0.03320836 0.1903096 2.147472
0.155367 0.8756739 2.212172
0.1736621 0.5779113 2.184598
0.1772327 0.1961467 2.220828
0.1708718 0.1870252 2.125337
0.05813656 1.386458 2.258801
-0.1000866 0.7693672 2.167812
-0.1388136 0.8897065 2.158567
0.263011 0.7695116 2.172057
0.2424005 0.8485684 2.153765
5
0.08505191 0.8690126 2.251128
0.06933017 1.168097 2.260885
0.05437053 1.457533 2.255029
0.06962423 1.587174 2.265115
-0.09950288 1.324223 2.259675
-0.1235398 1.092274 2.253701
-0.1140703 0.8955889 2.183447
-0.1011537 0.8537495 2.17548
0.2330758 1.321727 2.254287
0.2587396 1.08805 2.268196
0.2871862 0.8898869 2.203949
0.2691743 0.8438219 2.191547
0.01281162 0.8669121 2.219678
0.006152864 0.5757619 2.199595
0.03534939 0.2006501 2.240582
0.03320836 0.1903096 2.147472
0.155367 0.8756739 2.212172
0.1736621 0.5779113 2.184598
0.1772327 0.1961467 2.220828
0.1708718 0.1870252 2.125337
0.05813656 1.386458 2.258801
-0.1000866 0.7693672 2.167812
-0.1388136 0.8897065 2.158567
0.263011 0.7695116 2.172057
0.2424005 0.8485684 2.153765
6
0.08527095 0.8691672 2.251141
0.06951375 1.168259 2.260695
0.05446553 1.457708 2.254838
0.06978357 1.587281 2.265069
-0.09940916 1.324275 2.259451
-0.1235095 1.092659 2.253501
-0.1140014 0.896451 2.18347
-0.101347 0.8546217 2.1754
0.2331872 1.321746 2.254579
0.2588812 1.087625 2.269047
0.2872848 0.8898147 2.204316
0.2692906 0.8441819 2.191671
0.01304553 0.8671148 2.219494
0.006068701 0.5757934 2.199586
0.03534015 0.2007099 2.240568
0.03317709 0.1903713 2.14749
0.1555578 0.8757856 2.212276
0.1736772 0.5780345 2.184776
0.1772355 0.1961097 2.220829
0.170864 0.1870326 2.125302
0.05825437 1.386633 2.258604
-0.1005915 0.7701762 2.168155
-0.1400527 0.8890012 2.1576
0.2628987 0.7699215 2.170427
0.2425717 0.8498488 2.153798
7
0.08527095 0.8691672 2.251141
0.06951375 1.168259 2.260695
0.05446553 1.457708 2.254838
0.06978357 1.587281 2.265069
-0.09940916 1.324275 2.259451
-0.1235095 1.092659 2.253501
-0.1140014 0.896451 2.18347
-0.101347 0.8546217 2.1754
0.2331872 1.321746 2.254579
0.2588812 1.087625 2.269047
0.2872848 0.8898147 2.204316
0.2692906 0.8441819 2.191671
0.01304553 0.8671148 2.219494
0.006068701 0.5757934 2.199586
0.03534015 0.2007099 2.240568
0.03317709 0.1903713 2.14749
0.1555578 0.8757856 2.212276
0.1736772 0.5780345 2.184776
0.1772355 0.1961097 2.220829
0.170864 0.1870326 2.125302
0.05825437 1.386633 2.258604
-0.1005915 0.7701762 2.168155
-0.1400527 0.8890012 2.1576
0.2628987 0.7699215 2.170427
0.2425717 0.8498488 2.153798
8
0.08547473 0.8693148 2.251143
0.06967559 1.168405 2.260516
0.05453914 1.457854 2.254668
0.06990477 1.58736 2.265032
-0.09936584 1.324293 2.259269
-0.1234761 1.09298 2.253348
-0.1139542 0.8971221 2.183522
-0.101613 0.8554425 2.175563
0.2332732 1.321765 2.254838
0.2589968 1.087283 2.26976
0.2873449 0.8895998 2.204509
0.2693897 0.8444487 2.191731
0.01325844 0.8673002 2.21932
0.005994698 0.5758241 2.199578
0.03533177 0.2007429 2.240557
0.03314655 0.190408 2.147526
0.155731 0.8758929 2.212356
0.1736917 0.5781274 2.184918
0.1772368 0.1960892 2.220831
0.1708554 0.1870459 2.125259
0.05834965 1.386781 2.258429
-0.1022258 0.7721079 2.169931
-0.1405018 0.886856 2.159106
0.2630336 0.7702856 2.169853
0.2428246 0.8496664 2.15284
9
0.08547473 0.8693148 2.251143
0.06967559 1.168405 2.260516
0.05453914 1.457854 2.254668
0.06990477 1.58736 2.265032
-0.09936584 1.324293 2.259269
-0.1234761 1.09298 2.253348
-0.1139542 0.8971221 2.183522
-0.101613 0.8554425 2.175563
0.2332732 1.321765 2.254838
0.2589968 1.087283 2.26976
0.2873449 0.8895998 2.204509
0.2693897 0.8444487 2.191731
0.01325844 0.8673002 2.21932
0.005994698 0.5758241 2.199578
0.03533177 0.2007429 2.240557
0.03314655 0.190408 2.147526
0.155731 0.8758929 2.212356
0.1736917 0.5781274 2.184918
0.1772368 0.1960892 2.220831
0.1708554 0.1870459 2.125259
0.05834965 1.386781 2.258429
-0.1022258 0.7721079 2.169931
-0.1405018 0.886856 2.159106
0.2630336 0.7702856 2.169853
0.2428246 0.8496664 2.15284
10
0.08567735 0.8694662 2.251106
0.0698167 1.168545 2.26033
0.05458527 1.457982 2.254511
0.07000243 1.587414 2.264997
-0.09934137 1.324296 2.259106
-0.1234449 1.093238 2.253233
-0.1139284 0.8976139 2.183578
-0.101936 0.8560588 2.175804
0.2333423 1.321778 2.255061
0.2590974 1.087009 2.27034
0.287688 0.889824 2.204622
0.2699869 0.846105 2.191762
0.01347629 0.8674903 2.219103
0.005938847 0.5758489 2.199568
0.03531731 0.2007622 2.240532
0.03311852 0.1904363 2.147561
0.1558929 0.8759998 2.212401
0.1737025 0.5781939 2.185025
0.1772409 0.196084 2.220836
0.1708437 0.1870633 2.125218
0.05841799 1.386913 2.258262
-0.1038692 0.7738948 2.171249
-0.1407303 0.8860078 2.159231
0.263525 0.7718765 2.170484
0.243048 0.8499398 2.152482
11
0.08567735 0.8694662 2.251106
0.0698167 1.168545 2.26033
0.05458527 1.457982 2.254511
0.07000243 1.587414 2.264997
-0.09934137 1.324296 2.259106
-0.1234449 1.093238 2.253233
-0.1139284 0.8976139 2.183578
-0.101936 0.8560588 2.175804
0.2333423 1.321778 2.255061
0.2590974 1.087009 2.27034
0.287688 0.889824 2.204622
0.2699869 0.846105 2.191762
0.01347629 0.8674903 2.219103
0.005938847 0.5758489 2.199568
0.03531731 0.2007622 2.240532
0.03311852 0.1904363 2.147561
0.1558929 0.8759998 2.212401
0.1737025 0.5781939 2.185025
0.1772409 0.196084 2.220836
0.1708437 0.1870633 2.125218
0.05841799 1.386913 2.258262
-0.1038692 0.7738948 2.171249
-0.1407303 0.8860078 2.159231
0.263525 0.7718765 2.170484
0.243048 0.8499398 2.152482
12
0.08587501 0.869611 2.251045
0.06995482 1.168675 2.260138
0.05462755 1.458089 2.254364
0.07008043 1.58745 2.264962
-0.09934143 1.324278 2.258949
-0.1234166 1.093445 2.253146
-0.1139213 0.8979772 2.18365
-0.1023963 0.857007 2.17639
0.233393 1.321788 2.255251
0.2591865 1.086788 2.270828
0.288178 0.8901446 2.204678
0.27072 0.8481076 2.191874
0.01369375 0.8676713 2.21885
0.005894205 0.5758738 2.199557
0.03530177 0.2007716 2.240507
0.03310449 0.1904543 2.147576
0.1560445 0.8761006 2.212425
0.1737102 0.5782313 2.185109
0.1772436 0.1960931 2.220839
0.1708329 0.1870892 2.125173
0.05848177 1.387027 2.258102
-0.1062877 0.7774086 2.173551
-0.1409838 0.8853872 2.159389
0.26428 0.7731812 2.171735
0.2442189 0.8608609 2.15286
13
0.08605548 0.8697428 2.250978
0.07007819 1.168788 2.259954
0.05466076 1.458176 2.254228
0.07014547 1.587473 2.264929
-0.09935475 1.324253 2.258802
-0.1233937 1.093613 2.253085
-0.1139634 0.8982847 2.183857
-0.1029504 0.8580378 2.177583
0.233432 1.321797 2.255417
0.2593248 1.086518 2.271275
0.2886741 0.8903742 2.204663
0.2715556 0.8499096 2.191718
0.01388956 0.8678311 2.21861
0.005857707 0.5758921 2.199546
0.03529002 0.2007731 2.240488
0.0330907 0.1904618 2.147595
0.1561815 0.8761927 2.212436
0.1737191 0.5782545 2.185175
0.1772507 0.1961019 2.220847
0.1708198 0.1871087 2.125139
0.05853497 1.387122 2.257953
-0.1083323 0.7798212 2.175153
-0.1419637 0.8846344 2.160133
0.2672617 0.7759923 2.174366
0.2447784 0.8618355 2.152428
14
0.08605548 0.8697428 2.250978
0.07007819 1.168788 2.259954
0.05466076 1.458176 2.254228
0.07014547 1.587473 2.264929
-0.09935475 1.324253 2.258802
-0.1233937 1.093613 2.253085
-0.1139634 0.8982847 2.183857
-0.1029504 0.8580378 2.177583
0.233432 1.321797 2.255417
0.2593248 1.086518 2.271275
0.2886741 0.8903742 2.204663
0.2715556 0.8499096 2.191718
0.01388956 0.8678311 2.21861
0.005857707 0.5758921 2.199546
0.03529002 0.2007731 2.240488
0.0330907 0.1904618 2.147595
0.1561815 0.8761927 2.212436
0.1737191 0.5782545 2.185175
0.1772507 0.1961019 2.220847
0.1708198 0.1871087 2.125139
0.05853497 1.387122 2.257953
-0.1083323 0.7798212 2.175153
-0.1419637 0.8846344 2.160133
0.2672617 0.7759923 2.174366
0.2447784 0.8618355 2.152428
15
0.08605548 0.8697428 2.250978
0.07007819 1.168788 2.259954
0.05466076 1.458176 2.254228
0.07014547 1.587473 2.264929
-0.09935475 1.324253 2.258802
-0.1233937 1.093613 2.253085
-0.1139634 0.8982847 2.183857
-0.1029504 0.8580378 2.177583
0.233432 1.321797 2.255417
0.2593248 1.086518 2.271275
0.2886741 0.8903742 2.204663
0.2715556 0.8499096 2.191718
0.01388956 0.8678311 2.21861
0.005857707 0.5758921 2.199546
0.03529002 0.2007731 2.240488
0.0330907 0.1904618 2.147595
0.1561815 0.8761927 2.212436
0.1737191 0.5782545 2.185175
0.1772507 0.1961019 2.220847
0.1708198 0.1871087 2.125139
0.05853497 1.387122 2.257953
-0.1083323 0.7798212 2.175153
-0.1419637 0.8846344 2.160133
0.2672617 0.7759923 2.174366
0.2447784 0.8618355 2.152428
16
0.08622455 0.8698668 2.250891
0.07019058 1.168893 2.25977
0.05468662 1.45825 2.254103
0.07020379 1.587484 2.26489
-0.09938836 1.324213 2.258658
-0.123381 1.093747 2.253052
-0.1141732 0.8985199 2.184317
-0.1036309 0.858723 2.178663
0.2334624 1.321805 2.255562
0.2594952 1.086208 2.271659
0.28926 0.8905523 2.204572
0.272403 0.8515663 2.191304
0.01407565 0.8679832 2.218339
0.005833321 0.5759056 2.199536
0.03527676 0.2007679 2.240469
0.0330799 0.1904634 2.147611
0.1563056 0.8762775 2.212433
0.1737287 0.5782635 2.185223
0.1772416 0.1961065 2.22084
0.170802 0.1871215 2.125069
0.05857958 1.387205 2.257813
-0.1090695 0.7783779 2.176364
-0.1426411 0.8824441 2.162347
0.2708532 0.7811882 2.175313
0.2450549 0.8631327 2.152332
17
0.08622455 0.8698668 2.250891
0.07019058 1.168893 2.25977
0.05468662 1.45825 2.254103
0.07020379 1.587484 2.26489
-0.09938836 1.324213 2.258658
-0.123381 1.093747 2.253052
-0.1141732 0.8985199 2.184317
-0.1036309 0.858723 2.178663
0.2334624 1.321805 2.255562
0.2594952 1.086208 2.271659
0.28926 0.8905523 2.204572
0.272403 0.8515663 2.191304
0.01407565 0.8679832 2.218339
0.005833321 0.5759056 2.199536
0.03527676 0.2007679 2.240469
0.0330799 0.1904634 2.147611
0.1563056 0.8762775 2.212433
0.1737287 0.5782635 2.185223
0.1772416 0.1961065 2.22084
0.170802 0.1871215 2.125069
0.05857958 1.387205 2.257813
-0.1090695 0.7783779 2.176364
-0.1426411 0.8824441 2.162347
0.2708532 0.7811882 2.175313
0.2450549 0.8631327 2.152332
18
0.08638934 0.869989 2.250782
0.07030027 1.168987 2.259573
0.05471176 1.458306 2.253969
0.07026 1.587477 2.26484
-0.09943794 1.324165 2.258516
-0.1233903 1.09392 2.253076
-0.1144518 0.8987774 2.184968
-0.1047537 0.8591731 2.18013
0.2334876 1.321812 2.255692
0.2597302 1.085824 2.272019
0.289873 0.8906469 2.204448
0.2732304 0.8525859 2.191042
0.01425763 0.8681302 2.218043
0.005819093 0.5759264 2.199517
0.03526462 0.2007406 2.240453
0.03307924 0.1904437 2.147654
0.1564232 0.8763604 2.212414
0.1737406 0.5782589 2.18526
0.1772312 0.1961259 2.220829
0.170794 0.1871471 2.124996
0.05862301 1.38727 2.257663
-0.1097924 0.7784169 2.178479
-0.1432139 0.8813693 2.16311
0.271866 0.7822496 2.17428
0.2453753 0.8639315 2.152223
19
0.08638934 0.869989 2.250782
0.07030027 1.168987 2.259573
0.05471176 1.458306 2.253969
0.07026 1.587477 2.26484
-0.09943794 1.324165 2.258516
-0.1233903 1.09392 2.253076
-0.1144518 0.8987774 2.184968
-0.1047537 0.8591731 2.18013
0.2334876 1.321812 2.255692
0.2597302 1.085824 2.272019
0.289873 0.8906469 2.204448
0.2732304 0.8525859 2.191042
0.01425763 0.8681302 2.218043
0.005819093 0.5759264 2.199517
0.03526462 0.2007406 2.240453
0.03307924 0.1904437 2.147654
0.1564232 0.8763604 2.212414
0.1737406 0.5782589 2.18526
0.1772312 0.1961259 2.220829
0.170794 0.1871471 2.124996
0.05862301 1.38727 2.257663
-0.1097924 0.7784169 2.178479
-0.1432139 0.8813693 2.16311
0.271866 0.7822496 2.17428
0.2453753 0.8639315 2.152223
20
0.08656293 0.8701229 2.250639
0.07040664 1.169079 2.25937
0.05473304 1.458353 2.253843
0.07031593 1.58746 2.264781
-0.09949274 1.324113 2.258382
-0.1234183 1.094063 2.253139
-0.1148845 0.8989253 2.185905
-0.1059602 0.8601908 2.181638
0.2335095 1.321824 2.255808
0.2599947 1.085434 2.272337
0.2905613 0.8906962 2.204337
0.2752815 0.8566621 2.191411
0.01444144 0.8682801 2.217721
0.005811475 0.5759456 2.199496
0.03525315 0.2007186 2.240437
0.03308127 0.1904279 2.147683
0.156549 0.8764564 2.212365
0.1737565 0.57824 2.185285
0.1772157 0.1961558 2.220819
0.1707833 0.1871775 2.124904
0.05866192 1.387329 2.257519
-0.1091806 0.7792098 2.18034
-0.1440737 0.8798299 2.164291
0.2738831 0.7850337 2.176807
0.245663 0.8650045 2.152031
21
0.08656293 0.8701229 2.250639
0.07040664 1.169079 2.25937
0.05473304 1.458353 2.253843
0.07031593 1.58746 2.264781
-0.09949274 1.324113 2.258382
-0.1234183 1.094063 2.253139
-0.1148845 0.8989253 2.185905
-0.1059602 0.8601908 2.181638
0.2335095 1.321824 2.255808
0.2599947 1.085434 2.272337
0.2905613 0.8906962 2.204337
0.2752815 0.8566621 2.191411
0.01444144 0.8682801 2.217721
0.005811475 0.5759456 2.199496
0.03525315 0.2007186 2.240437
0.03308127 0.1904279 2.147683
0.156549 0.8764564 2.212365
0.1737565 0.57824 2.185285
0.1772157 0.1961558 2.220819
0.1707833 0.1871775 2.124904
0.05866192 1.387329 2.257519
-0.1091806 0.7792098 2.18034
-0.1440737 0.8798299 2.164291
0.2738831 0.7850337 2.176807
0.245663 0.8650045 2.152031
22
0.086732 0.8702371 2.250472
0.07052562 1.169158 2.259131
0.05477245 1.45839 2.253676
0.07037596 1.58743 2.264708
-0.09956269 1.324031 2.258228
-0.1234634 1.094167 2.253224
-0.1153457 0.898939 2.186922
-0.1070923 0.8608247 2.182897
0.233529 1.321829 2.2559
0.2602798 1.085052 2.272615
0.2914813 0.8890057 2.203707
0.276119 0.8567103 2.191077
0.01461271 0.8684039 2.217404
0.005824731 0.57598 2.19945
0.03523596 0.2007029 2.240427
0.03308697 0.1904097 2.147704
0.1566754 0.876538 2.212283
0.173778 0.5782117 2.185292
0.1771967 0.1961995 2.22081
0.1707762 0.1872164 2.124812
0.05871885 1.387376 2.257334
-0.1095726 0.7811848 2.182116
-0.1494862 0.8812416 2.165088
0.2735636 0.7892824 2.177116
0.245868 0.8655176 2.151934
23
0.086732 0.8702371 2.250472
0.07052562 1.169158 2.259131
0.05477245 1.45839 2.253676
0.07037596 1.58743 2.264708
-0.09956269 1.324031 2.258228
-0.1234634 1.094167 2.253224
-0.1153457 0.898939 2.186922
-0.1070923 0.8608247 2.182897
0.233529 1.321829 2.2559
0.2602798 1.085052 2.272615
0.2914813 0.8890057 2.203707
0.276119 0.8567103 2.191077
0.01461271 0.8684039 2.217404
0.005824731 0.57598 2.19945
0.03523596 0.2007029 2.240427
0.03308697 0.1904097 2.147704
0.1566754 0.876538 2.212283
0.173778 0.5782117 2.185292
0.1771967 0.1961995 2.22081
0.1707762 0.1872164 2.124812
0.05871885 1.387376 2.257334
-0.1095726 0.7811848 2.182116
-0.1494862 0.8812416 2.165088
0.2735636 0.7892824 2.177116
0.245868 0.8655176 2.151934
24
0.08691076 0.8703504 2.250268
0.07065879 1.169225 2.258837
0.05482447 1.458402 2.253438
0.07045987 1.587369 2.264596
-0.09963865 1.323942 2.258069
-0.1235196 1.094249 2.253362
-0.1158573 0.8988736 2.187992
-0.1081138 0.8615461 2.183999
0.2335477 1.321836 2.255972
0.2606065 1.084635 2.27287
0.2922785 0.8872517 2.203077
0.2769029 0.8560526 2.19071
0.01478554 0.8685181 2.217065
0.005847846 0.5760192 2.199388
0.03521449 0.2006815 2.24042
0.03310458 0.1903812 2.14771
0.1568152 0.876624 2.212164
0.1738057 0.578167 2.185289
0.1771771 0.196224 2.220803
0.1707736 0.1872381 2.124772
0.05878961 1.387404 2.25708
-0.117563 0.7923341 2.18146
-0.1520818 0.8811693 2.167736
0.2734655 0.7920763 2.177812
0.2460465 0.8658936 2.15184
25
0.08691076 0.8703504 2.250268
0.07065879 1.169225 2.258837
0.05482447 1.458402 2.253438
0.07045987 1.587369 2.264596
-0.09963865 1.323942 2.258069
-0.1235196 1.094249 2.253362
-0.1158573 0.8988736 2.187992
-0.1081138 0.8615461 2.183999
0.2335477 1.321836 2.255972
0.2606065 1.084635 2.27287
0.2922785 0.8872517 2.203077
0.2769029 0.8560526 2.19071
0.01478554 0.8685181 2.217065
0.005847846 0.5760192 2.199388
0.03521449 0.2006815 2.24042
0.03310458 0.1903812 2.14771
0.1568152 0.876624 2.212164
0.1738057 0.578167 2.185289
0.1771771 0.196224 2.220803
0.1707736 0.1872381 2.124772
0.05878961 1.387404 2.25708
-0.117563 0.7923341 2.18146
-0.1520818 0.8811693 2.167736
0.2734655 0.7920763 2.177812
0.2460465 0.8658936 2.15184
26
0.08710644 0.8704789 2.249998
0.0708151 1.169305 2.258467
0.05489907 1.45842 2.253131
0.07056964 1.587305 2.264419
-0.09971412 1.323861 2.25789
-0.1235977 1.094319 2.253593
-0.1164177 0.8987752 2.189058
-0.10885 0.861819 2.184622
0.2335648 1.321844 2.256029
0.2609297 1.084257 2.273087
0.292948 0.8856463 2.202477
0.2774703 0.8556585 2.190393
0.0149617 0.868634 2.216693
0.005881965 0.576062 2.199316
0.03518851 0.2006561 2.240407
0.03312447 0.1903489 2.147713
0.1569812 0.8767359 2.211959
0.1738432 0.5781225 2.185254
0.1771526 0.1962533 2.220799
0.1707683 0.1872566 2.124742
0.05888382 1.387439 2.256755
-0.1181796 0.7943007 2.181693
-0.1531543 0.88113 2.168376
0.2735879 0.7940899 2.177937
0.2466363 0.8649623 2.151197
27
0.08710644 0.8704789 2.249998
0.0708151 1.169305 2.258467
0.05489907 1.45842 2.253131
0.07056964 1.587305 2.264419
-0.09971412 1.323861 2.25789
-0.1235977 1.094319 2.253593
-0.1164177 0.8987752 2.189058
-0.10885 0.861819 2.184622
0.2335648 1.321844 2.256029
0.2609297 1.084257 2.273087
0.292948 0.8856463 2.202477
0.2774703 0.8556585 2.190393
0.0149617 0.868634 2.216693
0.005881965 0.576062 2.199316
0.03518851 0.2006561 2.240407
0.03312447 0.1903489 2.147713
0.1569812 0.8767359 2.211959
0.1738432 0.5781225 2.185254
0.1771526 0.1962533 2.220799
0.1707683 0.1872566 2.124742
0.05888382 1.387439 2.256755
-0.1181796 0.7943007 2.181693
-0.1531543 0.88113 2.168376
0.2735879 0.7940899 2.177937
0.2466363 0.8649623 2.151197
28
0.08733314 0.8706315 2.249657
0.0709753 1.169391 2.258069
0.05497072 1.458437 2.252817
0.07069754 1.587237 2.264217
-0.09976425 1.323805 2.257687
-0.1236829 1.094344 2.253918
-0.1169486 0.8986407 2.189956
-0.109265 0.8619141 2.18483
0.2335774 1.321851 2.256063
0.2613016 1.083898 2.273245
0.2934718 0.88436 2.20196
0.2780048 0.8545644 2.189643
0.01516282 0.8687653 2.216262
0.005946292 0.576133 2.199192
0.03515414 0.2006467 2.240402
0.03314504 0.1903179 2.147715
0.1571786 0.876876 2.211684
0.1738911 0.5780642 2.185194
0.1771207 0.1962835 2.220788
0.1707597 0.1872725 2.124714
0.05897566 1.387475 2.256418
-0.1159479 0.7925806 2.181613
-0.1538587 0.8810458 2.169155
0.2743824 0.7936001 2.17623
0.2468524 0.8648852 2.15099
29
0.08733314 0.8706315 2.249657
0.0709753 1.169391 2.258069
0.05497072 1.458437 2.252817
0.07069754 1.587237 2.264217
-0.09976425 1.323805 2.257687
-0.1236829 1.094344 2.253918
-0.1169486 0.8986407 2.189956
-0.109265 0.8619141 2.18483
0.2335774 1.321851 2.256063
0.2613016 1.083898 2.273245
0.2934718 0.88436 2.20196
0.2780048 0.8545644 2.189643
0.01516282 0.8687653 2.216262
0.005946292 0.576133 2.199192
0.03515414 0.2006467 2.240402
0.03314504 0.1903179 2.147715
0.1571786 0.876876 2.211684
0.1738911 0.5780642 2.185194
0.1771207 0.1962835 2.220788
0.1707597 0.1872725 2.124714
0.05897566 1.387475 2.256418
-0.1159479 0.7925806 2.181613
-0.1538587 0.8810458 2.169155
0.2743824 0.7936001 2.17623
0.2468524 0.8648852 2.15099
30
0.08757392 0.8707852 2.249264
0.07114033 1.169471 2.257654
0.05504489 1.458448 2.252502
0.07085125 1.587158 2.263983
-0.09979725 1.323765 2.257464
-0.1237868 1.094395 2.254463
-0.1172547 0.8986731 2.190289
-0.108828 0.8627673 2.182124
0.2335951 1.321858 2.256085
0.2617875 1.083565 2.273282
0.2950734 0.8852311 2.200311
0.2792825 0.8562152 2.187984
0.01537983 0.868898 2.215783
0.00602506 0.5762028 2.199051
0.03511699 0.2006316 2.240396
0.03318233 0.1902774 2.1477
0.1573876 0.8770173 2.21136
0.173954 0.5780005 2.185098
0.1770855 0.1963286 2.220762
0.1707534 0.1872941 2.124633
0.05907034 1.387504 2.256078
-0.1106763 0.7952097 2.173755
-0.1543724 0.8843442 2.16625
0.274929 0.7927853 2.173983
0.2489258 0.8592975 2.1481
31
0.08786206 0.8709542 2.248753
0.07131126 1.169559 2.257207
0.05511403 1.458465 2.252193
0.07102077 1.587089 2.263739
-0.09980465 1.323744 2.257222
-0.1238373 1.095286 2.256207
-0.1173057 0.90464 2.182779
-0.1032024 0.8756691 2.16345
0.2336248 1.321867 2.256093
0.2626531 1.083355 2.272819
0.2970898 0.8873796 2.196578
0.280134 0.8568162 2.181846
0.01564888 0.8690529 2.215146
0.006113494 0.5762749 2.198898
0.03507901 0.2006058 2.240353
0.03322067 0.1902363 2.147683
0.1576351 0.877167 2.210954
0.1740425 0.5779289 2.184958
0.177047 0.1963666 2.220738
0.1707534 0.1873031 2.124611
0.05916094 1.387539 2.255738
-0.09692381 0.8067573 2.141779
-0.1323835 0.8784243 2.129323
0.278421 0.7841296 2.153014
0.2498143 0.8539891 2.145441
32
0.08786206 0.8709542 2.248753
0.07131126 1.169559 2.257207
0.05511403 1.458465 2.252193
0.07102077 1.587089 2.263739
-0.09980465 1.323744 2.257222
-0.1238373 1.095286 2.256207
-0.1173057 0.90464 2.182779
-0.1032024 0.8756691 2.16345
0.2336248 1.321867 2.256093
0.2626531 1.083355 2.272819
0.2970898 0.8873796 2.196578
0.280134 0.8568162 2.181846
0.01564888 0.8690529 2.215146
0.006113494 0.5762749 2.198898
0.03507901 0.2006058 2.240353
0.03322067 0.1902363 2.147683
0.1576351 0.877167 2.210954
0.1740425 0.5779289 2.184958
0.177047 0.1963666 2.220738
0.1707534 0.1873031 2.124611
0.05916094 1.387539 2.255738
-0.09692381 0.8067573 2.141779
-0.1323835 0.8784243 2.129323
0.278421 0.7841296 2.153014
0.2498143 0.8539891 2.145441
33
0.08786206 0.8709542 2.248753
0.07131126 1.169559 2.257207
0.05511403 1.458465 2.252193
0.07102077 1.587089 2.263739
-0.09980465 1.323744 2.257222
-0.1238373 1.095286 2.256207
-0.1173057 0.90464 2.182779
-0.1032024 0.8756691 2.16345
0.2336248 1.321867 2.256093
0.2626531 1.083355 2.272819
0.2970898 0.8873796 2.196578
0.280134 0.8568162 2.181846
0.01564888 0.8690529 2.215146
0.006113494 0.5762749 2.198898
0.03507901 0.2006058 2.240353
0.03322067 0.1902363 2.147683
0.1576351 0.877167 2.210954
0.1740425 0.5779289 2.184958
0.177047 0.1963666 2.220738
0.1707534 0.1873031 2.124611
0.05916094 1.387539 2.255738
-0.09692381 0.8067573 2.141779
-0.1323835 0.8784243 2.129323
0.278421 0.7841296 2.153014
0.2498143 0.8539891 2.145441
34
0.08826182 0.8711962 2.248008
0.0715073 1.16966 2.256723
0.05518271 1.45848 2.251906
0.07121025 1.587022 2.263478
-0.09973097 1.323835 2.256903
-0.1243832 1.099333 2.258514
-0.1034136 0.925688 2.144655
-0.07628273 0.8923344 2.131122
0.2336804 1.321885 2.256073
0.2651774 1.085186 2.267742
0.2942271 0.8953257 2.168993
0.2777618 0.8573934 2.162087
0.01606899 0.8693185 2.214129
0.006228141 0.5763436 2.19871
0.03504204 0.2005322 2.240321
0.0333307 0.1901587 2.147817
0.1579524 0.8773569 2.21042
0.1741479 0.5778356 2.184778
0.1770127 0.1964245 2.22074
0.1707587 0.1873118 2.124589
0.05925323 1.387573 2.255415
-0.07651204 0.827715 2.10042
-0.1255601 0.9170672 2.100154
0.2803552 0.778702 2.133037
0.2481737 0.8489917 2.141308
35
0.08826182 0.8711962 2.248008
0.0715073 1.16966 2.256723
0.05518271 1.45848 2.251906
0.07121025 1.587022 2.263478
-0.09973097 1.323835 2.256903
-0.1243832 1.099333 2.258514
-0.1034136 0.925688 2.144655
-0.07628273 0.8923344 2.131122
0.2336804 1.321885 2.256073
0.2651774 1.085186 2.267742
0.2942271 0.8953257 2.168993
0.2777618 0.8573934 2.162087
0.01606899 0.8693185 2.214129
0.006228141 0.5763436 2.19871
0.03504204 0.2005322 2.240321
0.0333307 0.1901587 2.147817
0.1579524 0.8773569 2.21042
0.1741479 0.5778356 2.184778
0.1770127 0.1964245 2.22074
0.1707587 0.1873118 2.124589
0.05925323 1.387573 2.255415
-0.07651204 0.827715 2.10042
-0.1255601 0.9170672 2.100154
0.2803552 0.778702 2.133037
0.2481737 0.8489917 2.141308
36
0.08873973 0.8714848 2.24704
0.07173769 1.169763 2.256172
0.05525994 1.458489 2.251627
0.07141017 1.586945 2.263222
-0.09962805 1.323976 2.256581
-0.1248366 1.105513 2.259035
-0.07823574 0.9568371 2.097404
-0.04078791 0.9205432 2.095278
0.2338021 1.321922 2.255986
0.2683278 1.095756 2.253255
0.2894663 0.9246833 2.127556
0.2764945 0.8686244 2.110122
0.01656391 0.8696297 2.212883
0.006356027 0.5764034 2.198515
0.03500129 0.2004931 2.240281
0.03342254 0.1901071 2.147885
0.1583424 0.8775892 2.209693
0.174254 0.5777462 2.184594
0.1769825 0.1964844 2.220751
0.1707595 0.1873188 2.12457
0.05935794 1.3876 2.255088
-0.04414448 0.8773302 2.047248
-0.08474872 0.9473915 2.041415
0.2767735 0.7905161 2.084244
0.2502675 0.8608578 2.108213
37
0.08873973 0.8714848 2.24704
0.07173769 1.169763 2.256172
0.05525994 1.458489 2.251627
0.07141017 1.586945 2.263222
-0.09962805 1.323976 2.256581
-0.1248366 1.105513 2.259035
-0.07823574 0.9568371 2.097404
-0.04078791 0.9205432 2.095278
0.2338021 1.321922 2.255986
0.2683278 1.095756 2.253255
0.2894663 0.9246833 2.127556
0.2764945 0.8686244 2.110122
0.01656391 0.8696297 2.212883
0.006356027 0.5764034 2.198515
0.03500129 0.2004931 2.240281
0.03342254 0.1901071 2.147885
0.1583424 0.8775892 2.209693
0.174254 0.5777462 2.184594
0.1769825 0.1964844 2.220751
0.1707595 0.1873188 2.12457
0.05935794 1.3876 2.255088
-0.04414448 0.8773302 2.047248
-0.08474872 0.9473915 2.041415
0.2767735 0.7905161 2.084244
0.2502675 0.8608578 2.108213
38
0.08916386 0.8717505 2.246043
0.07197413 1.169854 2.255638
0.05538901 1.458483 2.251376
0.07161494 1.586863 2.262982
-0.09912901 1.324303 2.25633
-0.1260286 1.118786 2.236072
-0.036085 0.9845395 2.058503
0.007126664 0.9440016 2.075208
0.2339728 1.321945 2.255806
0.2738132 1.114588 2.22309
0.2743829 0.946515 2.0701
0.2602003 0.8911893 2.055085
0.01699059 0.8699262 2.211644
0.006512775 0.5764638 2.19829
0.03495684 0.2004751 2.240233
0.0334904 0.1900671 2.147928
0.1586993 0.8777959 2.208917
0.1743786 0.5776424 2.184396
0.1769489 0.1965443 2.220756
0.1707537 0.1873223 2.124538
0.05950231 1.387615 2.254781
0.04081154 0.9123752 2.055209
-0.03684982 0.9246882 2.062048
0.26197 0.8147641 2.026147
0.2496087 0.8614916 2.100768
39
0.08916386 0.8717505 2.246043
0.07197413 1.169854 2.255638
0.05538901 1.458483 2.251376
0.07161494 1.586863 2.262982
-0.09912901 1.324303 2.25633
-0.1260286 1.118786 2.236072
-0.036085 0.9845395 2.058503
0.007126664 0.9440016 2.075208
0.2339728 1.321945 2.255806
0.2738132 1.114588 2.22309
0.2743829 0.946515 2.0701
0.2602003 0.8911893 2.055085
0.01699059 0.8699262 2.211644
0.006512775 0.5764638 2.19829
0.03495684 0.2004751 2.240233
0.0334904 0.1900671 2.147928
0.1586993 0.8777959 2.208917
0.1743786 0.5776424 2.184396
0.1769489 0.1965443 2.220756
0.1707537 0.1873223 2.124538
0.05950231 1.387615 2.254781
0.04081154 0.9123752 2.055209
-0.03684982 0.9246882 2.062048
0.26197 0.8147641 2.026147
0.2496087 0.8614916 2.100768
40
0.08942731 0.8720052 2.245123
0.07217817 1.169936 2.25517
0.05551793 1.458479 2.251186
0.07180548 1.586785 2.262772
-0.09862347 1.324644 2.256112
-0.1264272 1.127053 2.215644
0.002218906 1.05949 2.02368
0.02003761 1.042372 2.037139
0.2341126 1.321936 2.255293
0.2698207 1.120973 2.183946
0.2527184 0.9872145 2.003795
0.2353057 0.9365652 1.987825
0.01725698 0.8702102 2.210604
0.006668217 0.576503 2.198092
0.03491577 0.2004284 2.240177
0.03357268 0.1900073 2.147954
0.1588997 0.8779966 2.208083
0.1745108 0.577538 2.184196
0.1769184 0.1966023 2.220767
0.1707451 0.1873225 2.124515
0.05963898 1.38763 2.254532
0.0604625 1.025063 1.986956
0.02964886 0.9914818 2.049449
0.2342021 0.8671778 1.958627
0.2199397 0.9058216 2.064095
41
0.08942731 0.8720052 2.245123
0.07217817 1.169936 2.25517
0.05551793 1.458479 2.251186
0.07180548 1.586785 2.262772
-0.09862347 1.324644 2.256112
-0.1264272 1.127053 2.215644
0.002218906 1.05949 2.02368
0.02003761 1.042372 2.037139
0.2341126 1.321936 2.255293
0.2698207 1.120973 2.183946
0.2527184 0.9872145 2.003795
0.2353057 0.9365652 1.987825
0.01725698 0.8702102 2.210604
0.006668217 0.576503 2.198092
0.03491577 0.2004284 2.240177
0.03357268 0.1900073 2.147954
0.1588997 0.8779966 2.208083
0.1745108 0.577538 2.184196
0.1769184 0.1966023 2.220767
0.1707451 0.1873225 2.124515
0.05963898 1.38763 2.254532
0.0604625 1.025063 1.986956
0.02964886 0.9914818 2.049449
0.2342021 0.8671778 1.958627
0.2199397 0.9058216 2.064095
42
0.08954623 0.8723581 2.244281
0.07233732 1.170021 2.254796
0.05563354 1.458467 2.251083
0.071978 1.58671 2.262604
-0.09811724 1.325046 2.2559
-0.1339636 1.13947 2.178955
0.03472381 1.142946 2.000111
0.04167532 1.139939 1.996924
0.2338376 1.321788 2.253389
0.2740498 1.142362 2.132423
0.2190618 1.040804 1.939298
0.1995267 0.9990497 1.917554
0.01739706 0.8705875 2.209764
0.006845388 0.5765446 2.197903
0.03487539 0.2003667 2.24009
0.03366058 0.1899447 2.147966
0.1589304 0.8783146 2.207189
0.1746294 0.5774518 2.184015
0.1768885 0.1966491 2.220769
0.1707331 0.1873206 2.124498
0.0597503 1.387639 2.254373
0.09883269 1.133841 1.940333
0.08961958 1.102215 2.006914
0.1883357 0.9387965 1.890498
0.1938978 0.9488395 1.955925
43
0.08954623 0.8723581 2.244281
0.07233732 1.170021 2.254796
0.05563354 1.458467 2.251083
0.071978 1.58671 2.262604
-0.09811724 1.325046 2.2559
-0.1339636 1.13947 2.178955
0.03472381 1.142946 2.000111
0.04167532 1.139939 1.996924
0.2338376 1.321788 2.253389
0.2740498 1.142362 2.132423
0.2190618 1.040804 1.939298
0.1995267 0.9990497 1.917554
0.01739706 0.8705875 2.209764
0.006845388 0.5765446 2.197903
0.03487539 0.2003667 2.24009
0.03366058 0.1899447 2.147966
0.1589304 0.8783146 2.207189
0.1746294 0.5774518 2.184015
0.1768885 0.1966491 2.220769
0.1707331 0.1873206 2.124498
0.0597503 1.387639 2.254373
0.09883269 1.133841 1.940333
0.08961958 1.102215 2.006914
0.1883357 0.9387965 1.890498
0.1938978 0.9488395 1.955925
44
0.08958064 0.8728307 2.243558
0.072463 1.170108 2.254521
0.05578458 1.458421 2.251073
0.07218927 1.586645 2.2625
-0.09739997 1.325737 2.255416
-0.143386 1.147786 2.159964
0.0515033 1.214483 1.995982
0.06771292 1.230344 1.971542
0.2307919 1.322048 2.247582
0.2755153 1.161716 2.091782
0.1746906 1.107611 1.892639
0.149591 1.076022 1.861038
0.01747532 0.8710557 2.209081
0.007050131 0.5766132 2.197719
0.03483154 0.2002721 2.240003
0.03376662 0.1898405 2.147858
0.1588603 0.8787783 2.206388
0.1749761 0.5777144 2.183601
0.1767743 0.1967489 2.220796
0.1707189 0.1873169 2.124481
0.05985532 1.387637 2.254285
0.1356208 1.235172 1.913251
0.1269177 1.227622 1.971643
0.1308802 1.031996 1.830831
0.1493146 1.027852 1.864371
45
0.08958064 0.8728307 2.243558
0.072463 1.170108 2.254521
0.05578458 1.458421 2.251073
0.07218927 1.586645 2.2625
-0.09739997 1.325737 2.255416
-0.143386 1.147786 2.159964
0.0515033 1.214483 1.995982
0.06771292 1.230344 1.971542
0.2307919 1.322048 2.247582
0.2755153 1.161716 2.091782
0.1746906 1.107611 1.892639
0.149591 1.076022 1.861038
0.01747532 0.8710557 2.209081
0.007050131 0.5766132 2.197719
0.03483154 0.2002721 2.240003
0.03376662 0.1898405 2.147858
0.1588603 0.8787783 2.206388
0.1749761 0.5777144 2.183601
0.1767743 0.1967489 2.220796
0.1707189 0.1873169 2.124481
0.05985532 1.387637 2.254285
0.1356208 1.235172 1.913251
0.1269177 1.227622 1.971643
0.1308802 1.031996 1.830831
0.1493146 1.027852 1.864371
46
0.08964444 0.8769347 2.242777
0.07240016 1.171159 2.254762
0.05527455 1.458808 2.253147
0.07264145 1.586578 2.262527
-0.09491766 1.326977 2.252367
-0.1209733 1.166082 2.109357
0.08062544 1.281492 1.985968
0.1119865 1.307993 1.958858
0.2280897 1.323855 2.243521
0.2535932 1.190139 2.04465
0.1023045 1.172697 1.8488
0.08745459 1.163135 1.827157
0.01794136 0.8753499 2.207317
0.007286093 0.5766798 2.197543
0.03478571 0.200177 2.239953
0.03387772 0.1897225 2.147729
0.158442 0.8834421 2.206738
0.1753415 0.5779404 2.183189
0.1766366 0.1968459 2.220813
0.1707109 0.1873142 2.124469
0.05954997 1.38819 2.255522
0.1690829 1.319198 1.920815
0.1404441 1.324174 1.96107
0.07120603 1.145696 1.802566
0.09934465 1.134321 1.800336
47
0.08964444 0.8769347 2.242777
0.07240016 1.171159 2.254762
0.05527455 1.458808 2.253147
0.07264145 1.586578 2.262527
-0.09491766 1.326977 2.252367
-0.1209733 1.166082 2.109357
0.08062544 1.281492 1.985968
0.1119865 1.307993 1.958858
0.2280897 1.323855 2.243521
0.2535932 1.190139 2.04465
0.1023045 1.172697 1.8488
0.08745459 1.163135 1.827157
0.01794136 0.8753499 2.207317
0.007286093 0.5766798 2.197543
0.03478571 0.200177 2.239953
0.03387772 0.1897225 2.147729
0.158442 0.8834421 2.206738
0.1753415 0.5779404 2.183189
0.1766366 0.1968459 2.220813
0.1707109 0.1873142 2.124469
0.05954997 1.38819 2.255522
0.1690829 1.319198 1.920815
0.1404441 1.324174 1.96107
0.07120603 1.145696 1.802566
0.09934465 1.134321 1.800336
48
0.08936229 0.8781486 2.242355
0.07233695 1.172092 2.255025
0.05534051 1.459469 2.254772
0.07308257 1.586533 2.26261
-0.09234719 1.330279 2.24812
-0.1219616 1.161319 2.127359
0.07410823 1.280092 1.998532
0.1302914 1.34557 1.949214
0.2180658 1.336042 2.208928
0.239957 1.204013 2.015939
0.057551 1.250443 1.865421
0.03557909 1.271575 1.837342
0.01758843 0.8764732 2.207129
0.007520971 0.5767416 2.197391
0.03473963 0.2000982 2.239904
0.03397239 0.1896251 2.147608
0.1580114 0.8844606 2.206077
0.1756912 0.578127 2.182802
0.1763538 0.1968901 2.220708
0.170703 0.1873103 2.124459
0.05950457 1.388826 2.256622
0.1898791 1.387423 1.934088
0.1423997 1.391615 1.976309
0.006879581 1.272365 1.813041
0.06326833 1.25118 1.818531
49
0.08936229 0.8781486 2.242355
0.07233695 1.172092 2.255025
0.05534051 1.459469 2.254772
0.07308257 1.586533 2.26261
-0.09234719 1.330279 2.24812
-0.1219616 1.161319 2.127359
0.07410823 1.280092 1.998532
0.1302914 1.34557 1.949214
0.2180658 1.336042 2.208928
0.239957 1.204013 2.015939
0.057551 1.250443 1.865421
0.03557909 1.271575 1.837342
0.01758843 0.8764732 2.207129
0.007520971 0.5767416 2.197391
0.03473963 0.2000982 2.239904
0.03397239 0.1896251 2.147608
0.1580114 0.8844606 2.206077
0.1756912 0.578127 2.182802
0.1763538 0.1968901 2.220708
0.170703 0.1873103 2.124459
0.05950457 1.388826 2.256622
0.1898791 1.387423 1.934088
0.1423997 1.391615 1.976309
0.006879581 1.272365 1.813041
0.06326833 1.25118 1.818531
50
0.08923624 0.878522 2.241972
0.07267269 1.173103 2.255064
0.06223306 1.469 2.254189
0.07349002 1.586658 2.262762
-0.09091821 1.331999 2.242321
-0.1609301 1.16072 2.189847
0.01095571 1.305639 2.040202
0.05932781 1.353237 1.902765
0.2163889 1.342331 2.198055
0.1813535 1.26848 1.981076
-0.02229493 1.346418 1.850996
0.0005410924 1.355862 1.865645
0.01714803 0.876641 2.206951
0.007778285 0.5768316 2.197248
0.03469088 0.1999829 2.239863
0.03408895 0.189479 2.147356
0.1579468 0.8845921 2.205328
0.1760284 0.5783009 2.182427
0.1762134 0.1969529 2.220655
0.1706955 0.1873061 2.124449
0.06330562 1.394156 2.256558
0.02983642 1.375869 1.867178
0.08615127 1.354217 1.916763
-0.04822491 1.379247 1.810207
0.0274346 1.347357 1.84166
51
0.08923624 0.878522 2.241972
0.07267269 1.173103 2.255064
0.06223306 1.469 2.254189
0.07349002 1.586658 2.262762
-0.09091821 1.331999 2.242321
-0.1609301 1.16072 2.189847
0.01095571 1.305639 2.040202
0.05932781 1.353237 1.902765
0.2163889 1.342331 2.198055
0.1813535 1.26848 1.981076
-0.02229493 1.346418 1.850996
0.0005410924 1.355862 1.865645
0.01714803 0.876641 2.206951
0.007778285 0.5768316 2.197248
0.03469088 0.1999829 2.239863
0.03408895 0.189479 2.147356
0.1579468 0.8845921 2.205328
0.1760284 0.5783009 2.182427
0.1762134 0.1969529 2.220655
0.1706955 0.1873061 2.124449
0.06330562 1.394156 2.256558
0.02983642 1.375869 1.867178
0.08615127 1.354217 1.916763
-0.04822491 1.379247 1.810207
0.0274346 1.347357 1.84166
52
0.08909497 0.8784581 2.241523
0.07353594 1.174612 2.25463
0.06808233 1.477379 2.252417
0.07459923 1.588145 2.263085
-0.08943956 1.332957 2.239017
-0.1755071 1.159005 2.211753
0.01068962 1.332982 2.065723
0.07827015 1.392599 1.9567
0.2153627 1.344089 2.192629
0.1462678 1.311218 1.96671
-0.03140348 1.425333 1.913574
-0.05574011 1.450856 1.883631
0.01660823 0.8763771 2.20672
0.008068914 0.576965 2.19708
0.03463991 0.1998805 2.239826
0.03420056 0.1893388 2.147106
0.1580438 0.8842098 2.204472
0.1767451 0.5796626 2.181424
0.175935 0.1971624 2.220628
0.1706721 0.1873118 2.124409
0.06783995 1.400592 2.255135
0.03505498 1.424907 1.911649
0.1241327 1.360985 1.95635
-0.08715907 1.475387 1.85972
-0.05663162 1.437403 1.833335
53
0.08909497 0.8784581 2.241523
0.07353594 1.174612 2.25463
0.06808233 1.477379 2.252417
0.07459923 1.588145 2.263085
-0.08943956 1.332957 2.239017
-0.1755071 1.159005 2.211753
0.01068962 1.332982 2.065723
0.07827015 1.392599 1.9567
0.2153627 1.344089 2.192629
0.1462678 1.311218 1.96671
-0.03140348 1.425333 1.913574
-0.05574011 1.450856 1.883631
0.01660823 0.8763771 2.20672
0.008068914 0.576965 2.19708
0.03463991 0.1998805 2.239826
0.03420056 0.1893388 2.147106
0.1580438 0.8842098 2.204472
0.1767451 0.5796626 2.181424
0.175935 0.1971624 2.220628
0.1706721 0.1873118 2.124409
0.06783995 1.400592 2.255135
0.03505498 1.424907 1.911649
0.1241327 1.360985 1.95635
-0.08715907 1.475387 1.85972
-0.05663162 1.437403 1.833335
54
0.08895975 0.8781372 2.241078
0.07602946 1.180407 2.252252
0.07780346 1.510618 2.241832
0.07857952 1.612124 2.258439
-0.08689751 1.333497 2.235505
-0.1804781 1.157345 2.222554
-0.001154101 1.339473 2.07953
0.07165971 1.430148 1.964089
0.2160399 1.342694 2.190604
0.1281102 1.365363 1.971845
-0.05483889 1.473971 1.941147
-0.06670458 1.499863 1.937427
0.01604472 0.8759069 2.206428
0.008410363 0.5771423 2.196881
0.03458348 0.1997517 2.239792
0.03429785 0.1891573 2.14679
0.1582423 0.8835464 2.20368
0.1774865 0.5812882 2.180327
0.1756402 0.1973912 2.220604
0.1706457 0.1873182 2.124366
0.07697242 1.428145 2.246309
-0.008576415 1.477189 1.935391
0.1141317 1.419918 1.982539
-0.103103 1.531811 1.909669
-0.07346468 1.469065 1.885983
55
0.08895975 0.8781372 2.241078
0.07602946 1.180407 2.252252
0.07780346 1.510618 2.241832
0.07857952 1.612124 2.258439
-0.08689751 1.333497 2.235505
-0.1804781 1.157345 2.222554
-0.001154101 1.339473 2.07953
0.07165971 1.430148 1.964089
0.2160399 1.342694 2.190604
0.1281102 1.365363 1.971845
-0.05483889 1.473971 1.941147
-0.06670458 1.499863 1.937427
0.01604472 0.8759069 2.206428
0.008410363 0.5771423 2.196881
0.03458348 0.1997517 2.239792
0.03429785 0.1891573 2.14679
0.1582423 0.8835464 2.20368
0.1774865 0.5812882 2.180327
0.1756402 0.1973912 2.220604
0.1706457 0.1873182 2.124366
0.07697242 1.428145 2.246309
-0.008576415 1.477189 1.935391
0.1141317 1.419918 1.982539
-0.103103 1.531811 1.909669
-0.07346468 1.469065 1.885983
56
0.08882857 0.8776598 2.240592
0.07789533 1.184806 2.249996
0.08089119 1.520821 2.237476
0.08065315 1.620568 2.257046
-0.08436505 1.333764 2.232558
-0.01265352 1.187333 2.16739
0.02776884 1.415015 2.051358
0.027096 1.47561 2.001415
0.218541 1.338537 2.19301
0.128567 1.383002 1.986027
-0.07479741 1.512367 1.949469
-0.06775386 1.531842 1.991791
0.01550017 0.8753853 2.206016
0.008838949 0.5774041 2.19661
0.0345155 0.1995744 2.239776
0.03435478 0.1889018 2.146455
0.1584686 0.8827808 2.202947
0.1781512 0.58292 2.179226
0.1753705 0.1976164 2.22059
0.170639 0.1873188 2.124352
0.08018148 1.437727 2.242406
-0.0508226 1.526904 1.983091
0.06964044 1.454655 2.009546
-0.1129562 1.579598 1.980806
-0.09299515 1.513544 1.938398
57
0.08882857 0.8776598 2.240592
0.07789533 1.184806 2.249996
0.08089119 1.520821 2.237476
0.08065315 1.620568 2.257046
-0.08436505 1.333764 2.232558
-0.01265352 1.187333 2.16739
0.02776884 1.415015 2.051358
0.027096 1.47561 2.001415
0.218541 1.338537 2.19301
0.128567 1.383002 1.986027
-0.07479741 1.512367 1.949469
-0.06775386 1.531842 1.991791
0.01550017 0.8753853 2.206016
0.008838949 0.5774041 2.19661
0.0345155 0.1995744 2.239776
0.03435478 0.1889018 2.146455
0.1584686 0.8827808 2.202947
0.1781512 0.58292 2.179226
0.1753705 0.1976164 2.22059
0.170639 0.1873188 2.124352
0.08018148 1.437727 2.242406
-0.0508226 1.526904 1.983091
0.06964044 1.454655 2.009546
-0.1129562 1.579598 1.980806
-0.09299515 1.513544 1.938398
58
0.08876517 0.8769712 2.240011
0.07927726 1.18799 2.248069
0.08260895 1.526422 2.235025
0.08187512 1.625173 2.256326
-0.0818959 1.333703 2.230053
0.06025833 1.198634 2.148044
0.008701329 1.447904 2.053365
-0.01782965 1.516918 2.037865
0.2206338 1.334862 2.196251
0.1285707 1.394449 1.993761
-0.06414567 1.53507 2.024858
-0.0834498 1.571387 2.043233
0.01497949 0.874665 2.205269
0.009422185 0.5780573 2.19611
0.0344007 0.1994682 2.239797
0.03440446 0.1886598 2.146132
0.1588393 0.8818329 2.202282
0.1786245 0.5843195 2.17811
0.1751518 0.1978595 2.220594
0.1706335 0.1873184 2.124337
0.08191742 1.442896 2.240164
-0.09166294 1.558765 2.028737
-0.0006070528 1.517716 2.039567
-0.1166758 1.611277 2.046427
-0.1119084 1.548041 1.99426
59
0.08876517 0.8769712 2.240011
0.07927726 1.18799 2.248069
0.08260895 1.526422 2.235025
0.08187512 1.625173 2.256326
-0.0818959 1.333703 2.230053
0.06025833 1.198634 2.148044
0.008701329 1.447904 2.053365
-0.01782965 1.516918 2.037865
0.2206338 1.334862 2.196251
0.1285707 1.394449 1.993761
-0.06414567 1.53507 2.024858
-0.0834498 1.571387 2.043233
0.01497949 0.874665 2.205269
0.009422185 0.5780573 2.19611
0.0344007 0.1994682 2.239797
0.03440446 0.1886598 2.146132
0.1588393 0.8818329 2.202282
0.1786245 0.5843195 2.17811
0.1751518 0.1978595 2.220594
0.1706335 0.1873184 2.124337
0.08191742 1.442896 2.240164
-0.09166294 1.558765 2.028737
-0.0006070528 1.517716 2.039567
-0.1166758 1.611277 2.046427
-0.1119084 1.548041 1.99426
60
0.08873345 0.8762091 2.239326
0.08028671 1.190418 2.246356
0.08353338 1.529942 2.233095
0.08280333 1.628142 2.255742
-0.07933071 1.333533 2.22792
0.1016421 1.206455 2.136395
0.0586622 1.462885 2.048301
0.01346368 1.511225 2.069999
0.2224286 1.331868 2.19979
0.1257649 1.410905 2.004438
-0.07210157 1.560125 2.045856
-0.08399133 1.581714 2.088773
0.01447643 0.8739187 2.204228
0.01001994 0.5788482 2.195565
0.03428201 0.1993703 2.239825
0.03445508 0.1884143 2.145795
0.1592253 0.8809017 2.201681
0.1789838 0.5855847 2.177018
0.1749691 0.1980965 2.220587
0.1706299 0.1873179 2.124326
0.08302563 1.446299 2.238592
-0.01846319 1.518686 2.061989
0.09689784 1.487298 2.065235
-0.1067078 1.620715 2.100693
-0.1156144 1.563216 2.045928
61
0.08873345 0.8762091 2.239326
0.08028671 1.190418 2.246356
0.08353338 1.529942 2.233095
0.08280333 1.628142 2.255742
-0.07933071 1.333533 2.22792
0.1016421 1.206455 2.136395
0.0586622 1.462885 2.048301
0.01346368 1.511225 2.069999
0.2224286 1.331868 2.19979
0.1257649 1.410905 2.004438
-0.07210157 1.560125 2.045856
-0.08399133 1.581714 2.088773
0.01447643 0.8739187 2.204228
0.01001994 0.5788482 2.195565
0.03428201 0.1993703 2.239825
0.03445508 0.1884143 2.145795
0.1592253 0.8809017 2.201681
0.1789838 0.5855847 2.177018
0.1749691 0.1980965 2.220587
0.1706299 0.1873179 2.124326
0.08302563 1.446299 2.238592
-0.01846319 1.518686 2.061989
0.09689784 1.487298 2.065235
-0.1067078 1.620715 2.100693
-0.1156144 1.563216 2.045928
62
0.08874837 0.8755302 2.238592
0.08102041 1.19206 2.244829
0.08252539 1.527642 2.230176
0.08383772 1.628943 2.255444
-0.07209691 1.332623 2.223149
0.1231915 1.204212 2.136174
0.0838052 1.46326 2.048192
0.03849301 1.5009 2.087141
0.2233987 1.329985 2.20402
0.12959 1.413501 2.015346
-0.04937989 1.378891 2.082608
-0.07569917 1.421005 2.142111
0.01408271 0.87331 2.203204
0.01054358 0.5795687 2.195072
0.03422078 0.1992667 2.239805
0.03452538 0.1881993 2.145552
0.1596236 0.8801035 2.201071
0.1792491 0.5867158 2.175925
0.1748247 0.1983366 2.220577
0.1706272 0.1873173 2.124316
0.08309545 1.446708 2.236424
0.00316482 1.511237 2.087888
0.1050783 1.495574 2.082199
-0.095791 1.377275 2.184249
-0.07287357 1.346085 2.120881
63
0.08874837 0.8755302 2.238592
0.08102041 1.19206 2.244829
0.08252539 1.527642 2.230176
0.08383772 1.628943 2.255444
-0.07209691 1.332623 2.223149
0.1231915 1.204212 2.136174
0.0838052 1.46326 2.048192
0.03849301 1.5009 2.087141
0.2233987 1.329985 2.20402
0.12959 1.413501 2.015346
-0.04937989 1.378891 2.082608
-0.07569917 1.421005 2.142111
0.01408271 0.87331 2.203204
0.01054358 0.5795687 2.195072
0.03422078 0.1992667 2.239805
0.03452538 0.1881993 2.145552
0.1596236 0.8801035 2.201071
0.1792491 0.5867158 2.175925
0.1748247 0.1983366 2.220577
0.1706272 0.1873173 2.124316
0.08309545 1.446708 2.236424
0.00316482 1.511237 2.087888
0.1050783 1.495574 2.082199
-0.095791 1.377275 2.184249
-0.07287357 1.346085 2.120881
64
0.08876619 0.8749554 2.237786
0.08158701 1.193304 2.243507
0.08128362 1.524316 2.228124
0.08475191 1.628579 2.255137
-0.06788886 1.332003 2.220682
0.1230972 1.191342 2.147574
0.09467702 1.459241 2.049475
0.05633705 1.490445 2.094467
0.2239971 1.328727 2.207213
0.1331386 1.413094 2.022557
-0.04831246 1.358343 2.108521
-0.07164744 1.363017 2.169635
0.01375978 0.8728427 2.202241
0.01102055 0.5802768 2.194608
0.03417673 0.1991866 2.239758
0.03459104 0.1880225 2.145313
0.1599928 0.8794441 2.200353
0.1794837 0.588212 2.174379
0.1747026 0.1987036 2.220633
0.1706267 0.187315 2.124307
0.08271796 1.445772 2.234658
0.0246502 1.501583 2.105896
0.1257819 1.488295 2.092371
-0.09342081 1.351731 2.222061
-0.06926253 1.324621 2.145648
65
0.08876619 0.8749554 2.237786
0.08158701 1.193304 2.243507
0.08128362 1.524316 2.228124
0.08475191 1.628579 2.255137
-0.06788886 1.332003 2.220682
0.1230972 1.191342 2.147574
0.09467702 1.459241 2.049475
0.05633705 1.490445 2.094467
0.2239971 1.328727 2.207213
0.1331386 1.413094 2.022557
-0.04831246 1.358343 2.108521
-0.07164744 1.363017 2.169635
0.01375978 0.8728427 2.202241
0.01102055 0.5802768 2.194608
0.03417673 0.1991866 2.239758
0.03459104 0.1880225 2.145313
0.1599928 0.8794441 2.200353
0.1794837 0.588212 2.174379
0.1747026 0.1987036 2.220633
0.1706267 0.187315 2.124307
0.08271796 1.445772 2.234658
0.0246502 1.501583 2.105896
0.1257819 1.488295 2.092371
-0.09342081 1.351731 2.222061
-0.06926253 1.324621 2.145648
66
0.08879997 0.87444 2.236904
0.08203061 1.194218 2.242376
0.08015608 1.520993 2.22682
0.08566491 1.627403 2.254764
-0.06526017 1.331475 2.219326
0.1146648 1.180508 2.15843
0.1007556 1.452924 2.050896
0.06506777 1.484196 2.098747
0.2243854 1.327858 2.209633
0.1364558 1.411398 2.027189
-0.04371445 1.325194 2.115113
-0.06771567 1.322191 2.176201
0.01349704 0.8724619 2.201244
0.01144021 0.580934 2.19419
0.03415184 0.1990965 2.239707
0.03466334 0.1878541 2.145139
0.1603416 0.878877 2.199614
0.1796668 0.5894549 2.173061
0.1746012 0.1990107 2.220666
0.1706264 0.1873126 2.124297
0.08214553 1.444134 2.233333
0.03982393 1.490694 2.109617
0.137011 1.481767 2.095407
-0.09137282 1.315607 2.210232
-0.05977999 1.286085 2.147561
67
0.08879997 0.87444 2.236904
0.08203061 1.194218 2.242376
0.08015608 1.520993 2.22682
0.08566491 1.627403 2.254764
-0.06526017 1.331475 2.219326
0.1146648 1.180508 2.15843
0.1007556 1.452924 2.050896
0.06506777 1.484196 2.098747
0.2243854 1.327858 2.209633
0.1364558 1.411398 2.027189
-0.04371445 1.325194 2.115113
-0.06771567 1.322191 2.176201
0.01349704 0.8724619 2.201244
0.01144021 0.580934 2.19419
0.03415184 0.1990965 2.239707
0.03466334 0.1878541 2.145139
0.1603416 0.878877 2.199614
0.1796668 0.5894549 2.173061
0.1746012 0.1990107 2.220666
0.1706264 0.1873126 2.124297
0.08214553 1.444134 2.233333
0.03982393 1.490694 2.109617
0.137011 1.481767 2.095407
-0.09137282 1.315607 2.210232
-0.05977999 1.286085 2.147561
68
0.08895043 0.8737155 2.235666
0.0824066 1.19483 2.241369
0.07923443 1.518047 2.226064
0.08658867 1.625759 2.254346
-0.06344821 1.331016 2.218503
0.003322318 1.306318 2.03036
0.1640819 1.380099 2.039762
0.1593335 1.401453 2.085906
0.2246284 1.327219 2.211421
0.1391743 1.409177 2.029999
-0.04079459 1.309617 2.102497
-0.065555 1.300265 2.176281
0.01330694 0.8718583 2.199564
0.01181038 0.5815164 2.193807
0.03418621 0.1989623 2.239558
0.03473915 0.1876827 2.144973
0.1608147 0.8781852 2.198765
0.1798031 0.5905004 2.171907
0.1745239 0.1992679 2.220662
0.1706269 0.1873108 2.124291
0.08154231 1.442217 2.232405
0.2086512 1.383285 2.132821
0.1855251 1.368294 2.077591
-0.09099668 1.303669 2.198209
-0.05608551 1.280885 2.130434
69
0.08895043 0.8737155 2.235666
0.0824066 1.19483 2.241369
0.07923443 1.518047 2.226064
0.08658867 1.625759 2.254346
-0.06344821 1.331016 2.218503
0.003322318 1.306318 2.03036
0.1640819 1.380099 2.039762
0.1593335 1.401453 2.085906
0.2246284 1.327219 2.211421
0.1391743 1.409177 2.029999
-0.04079459 1.309617 2.102497
-0.065555 1.300265 2.176281
0.01330694 0.8718583 2.199564
0.01181038 0.5815164 2.193807
0.03418621 0.1989623 2.239558
0.03473915 0.1876827 2.144973
0.1608147 0.8781852 2.198765
0.1798031 0.5905004 2.171907
0.1745239 0.1992679 2.220662
0.1706269 0.1873108 2.124291
0.08154231 1.442217 2.232405
0.2086512 1.383285 2.132821
0.1855251 1.368294 2.077591
-0.09099668 1.303669 2.198209
-0.05608551 1.280885 2.130434
70
0.08914881 0.8729748 2.234297
0.08271137 1.195225 2.240483
0.07850235 1.515605 2.225671
0.08731131 1.624096 2.254008
-0.06215498 1.330561 2.218041
-0.003346076 1.333752 2.008951
0.145376 1.439124 2.071358
0.1907281 1.443223 2.104363
0.2248026 1.326687 2.212816
0.1415885 1.406479 2.031556
-0.0391444 1.301874 2.093051
-0.06338073 1.289294 2.167212
0.01318675 0.8712876 2.197803
0.01213997 0.582025 2.193458
0.03429097 0.1987572 2.239312
0.03484114 0.1874811 2.144796
0.1613256 0.8774787 2.197839
0.1799055 0.5913386 2.170935
0.1744661 0.1994759 2.220637
0.1706295 0.187308 2.124282
0.08097225 1.440339 2.231797
0.2140645 1.536937 2.116456
0.1294509 1.488218 2.155234
-0.08805642 1.29187 2.185673
-0.05503266 1.271657 2.127766
71
0.08914881 0.8729748 2.234297
0.08271137 1.195225 2.240483
0.07850235 1.515605 2.225671
0.08731131 1.624096 2.254008
-0.06215498 1.330561 2.218041
-0.003346076 1.333752 2.008951
0.145376 1.439124 2.071358
0.1907281 1.443223 2.104363
0.2248026 1.326687 2.212816
0.1415885 1.406479 2.031556
-0.0391444 1.301874 2.093051
-0.06338073 1.289294 2.167212
0.01318675 0.8712876 2.197803
0.01213997 0.582025 2.193458
0.03429097 0.1987572 2.239312
0.03484114 0.1874811 2.144796
0.1613256 0.8774787 2.197839
0.1799055 0.5913386 2.170935
0.1744661 0.1994759 2.220637
0.1706295 0.187308 2.124282
0.08097225 1.440339 2.231797
0.2140645 1.536937 2.116456
0.1294509 1.488218 2.155234
-0.08805642 1.29187 2.185673
-0.05503266 1.271657 2.127766
72
0.08937705 0.8722073 2.232852
0.08296369 1.195445 2.239698
0.07795245 1.513646 2.225518
0.08786727 1.622602 2.253833
-0.06127597 1.330065 2.217955
-0.01918256 1.358489 1.987626
0.1554492 1.439432 2.075438
0.2030399 1.467877 2.110257
0.224964 1.326147 2.213945
0.1451733 1.401472 2.031258
-0.03681578 1.301121 2.083481
-0.06204738 1.286938 2.151774
0.01312863 0.8707029 2.196016
0.01244256 0.5824836 2.193113
0.03438852 0.1985747 2.239058
0.03493701 0.1873066 2.14464
0.1618425 0.8767652 2.196872
0.1799797 0.5920151 2.170076
0.1744157 0.1996553 2.220572
0.1706469 0.1873117 2.124244
0.08048496 1.438645 2.231427
0.2274868 1.557375 2.121604
0.1339508 1.486556 2.172367
-0.08854517 1.285374 2.175313
-0.06283578 1.265731 2.137639
73
0.08937705 0.8722073 2.232852
0.08296369 1.195445 2.239698
0.07795245 1.513646 2.225518
0.08786727 1.622602 2.253833
-0.06127597 1.330065 2.217955
-0.01918256 1.358489 1.987626
0.1554492 1.439432 2.075438
0.2030399 1.467877 2.110257
0.224964 1.326147 2.213945
0.1451733 1.401472 2.031258
-0.03681578 1.301121 2.083481
-0.06204738 1.286938 2.151774
0.01312863 0.8707029 2.196016
0.01244256 0.5824836 2.193113
0.03438852 0.1985747 2.239058
0.03493701 0.1873066 2.14464
0.1618425 0.8767652 2.196872
0.1799797 0.5920151 2.170076
0.1744157 0.1996553 2.220572
0.1706469 0.1873117 2.124244
0.08048496 1.438645 2.231427
0.2274868 1.557375 2.121604
0.1339508 1.486556 2.172367
-0.08854517 1.285374 2.175313
-0.06283578 1.265731 2.137639
74
0.0895756 0.8715763 2.231539
0.08316397 1.19555 2.239019
0.07754344 1.51208 2.225515
0.08831791 1.621312 2.25385
-0.06074236 1.329607 2.218173
0.08130917 1.396811 2.032026
0.240064 1.339862 2.037079
0.3114038 1.307185 2.030076
0.2250951 1.325618 2.214826
0.148515 1.39635 2.030021
-0.03603391 1.303116 2.076113
-0.06095659 1.287508 2.136657
0.01310211 0.8702509 2.1945
0.01269822 0.5828587 2.192819
0.03449729 0.1983987 2.238809
0.03502344 0.187148 2.144507
0.1622907 0.876157 2.195929
0.180048 0.5927269 2.169154
0.1743727 0.1998542 2.220522
0.1706676 0.1873146 2.124208
0.08008294 1.437182 2.231223
0.3527763 1.37849 2.034216
0.2441754 1.307014 2.093125
-0.0892576 1.286296 2.164037
-0.06016326 1.316104 2.133822
75
0.0895756 0.8715763 2.231539
0.08316397 1.19555 2.239019
0.07754344 1.51208 2.225515
0.08831791 1.621312 2.25385
-0.06074236 1.329607 2.218173
0.08130917 1.396811 2.032026
0.240064 1.339862 2.037079
0.3114038 1.307185 2.030076
0.2250951 1.325618 2.214826
0.148515 1.39635 2.030021
-0.03603391 1.303116 2.076113
-0.06095659 1.287508 2.136657
0.01310211 0.8702509 2.1945
0.01269822 0.5828587 2.192819
0.03449729 0.1983987 2.238809
0.03502344 0.187148 2.144507
0.1622907 0.876157 2.195929
0.180048 0.5927269 2.169154
0.1743727 0.1998542 2.220522
0.1706676 0.1873146 2.124208
0.08008294 1.437182 2.231223
0.3527763 1.37849 2.034216
0.2441754 1.307014 2.093125
-0.0892576 1.286296 2.164037
-0.06016326 1.316104 2.133822
76
0.0897585 0.8710189 2.230356
0.0833552 1.195401 2.238315
0.0772645 1.509869 2.225772
0.08859029 1.61924 2.254551
-0.06053896 1.329182 2.218725
0.09798599 1.418246 2.031374
0.2900482 1.277416 2.009237
0.3614666 1.239375 1.993436
0.2253019 1.324999 2.215602
0.1519972 1.389596 2.027769
-0.03458143 1.313048 2.070848
-0.05954141 1.288737 2.124161
0.01311143 0.8698678 2.193107
0.01291353 0.5831727 2.192563
0.03460322 0.1982167 2.238584
0.03511621 0.1869815 2.144361
0.1626806 0.8756057 2.195085
0.1799913 0.5930526 2.168318
0.1743567 0.2000466 2.220476
0.1706885 0.1873181 2.124173
0.0797504 1.435028 2.23116
0.4001054 1.324525 1.997958
0.279043 1.252918 2.073852
-0.08950747 1.296798 2.150535
-0.07137085 1.347495 2.144058
77
0.0897585 0.8710189 2.230356
0.0833552 1.195401 2.238315
0.0772645 1.509869 2.225772
0.08859029 1.61924 2.254551
-0.06053896 1.329182 2.218725
0.09798599 1.418246 2.031374
0.2900482 1.277416 2.009237
0.3614666 1.239375 1.993436
0.2253019 1.324999 2.215602
0.1519972 1.389596 2.027769
-0.03458143 1.313048 2.070848
-0.05954141 1.288737 2.124161
0.01311143 0.8698678 2.193107
0.01291353 0.5831727 2.192563
0.03460322 0.1982167 2.238584
0.03511621 0.1869815 2.144361
0.1626806 0.8756057 2.195085
0.1799913 0.5930526 2.168318
0.1743567 0.2000466 2.220476
0.1706885 0.1873181 2.124173
0.0797504 1.435028 2.23116
0.4001054 1.324525 1.997958
0.279043 1.252918 2.073852
-0.08950747 1.296798 2.150535
-0.07137085 1.347495 2.144058
78
0.08989123 0.8704785 2.229296
0.08347216 1.19429 2.237333
0.07678878 1.503567 2.226446
0.08822908 1.615953 2.256393
-0.06076425 1.328919 2.219427
0.0205291 1.462714 1.993098
0.1680849 1.321197 2.034755
0.2499727 1.273866 2.005975
0.2298594 1.317875 2.219428
0.1593768 1.373376 2.027805
-0.04302555 1.446641 1.980453
-0.05265089 1.42023 2.007383
0.01311709 0.8695157 2.191863
0.01310482 0.5834259 2.192345
0.03468631 0.1980469 2.23839
0.0352105 0.1868251 2.144221
0.1629836 0.8750233 2.194327
0.1799359 0.5932754 2.167621
0.1743467 0.200203 2.220423
0.1707141 0.1873203 2.124138
0.07915109 1.429328 2.231195
0.2672658 1.276233 2.032619
0.2180478 1.265841 2.052416
-0.07009541 1.483895 1.976066
-0.0613455 1.434301 1.960964
79
0.08989123 0.8704785 2.229296
0.08347216 1.19429 2.237333
0.07678878 1.503567 2.226446
0.08822908 1.615953 2.256393
-0.06076425 1.328919 2.219427
0.0205291 1.462714 1.993098
0.1680849 1.321197 2.034755
0.2499727 1.273866 2.005975
0.2298594 1.317875 2.219428
0.1593768 1.373376 2.027805
-0.04302555 1.446641 1.980453
-0.05265089 1.42023 2.007383
0.01311709 0.8695157 2.191863
0.01310482 0.5834259 2.192345
0.03468631 0.1980469 2.23839
0.0352105 0.1868251 2.144221
0.1629836 0.8750233 2.194327
0.1799359 0.5932754 2.167621
0.1743467 0.200203 2.220423
0.1707141 0.1873203 2.124138
0.07915109 1.429328 2.231195
0.2672658 1.276233 2.032619
0.2180478 1.265841 2.052416
-0.07009541 1.483895 1.976066
-0.0613455 1.434301 1.960964
80
0.08998875 0.8698521 2.228328
0.08354726 1.193203 2.236506
0.07649817 1.499729 2.227001
0.08775962 1.613312 2.258443
-0.06131371 1.328612 2.220312
0.01024805 1.447424 1.964399
0.1818837 1.311114 2.035395
0.2482265 1.250212 2.009541
0.2324572 1.313878 2.22138
0.1717772 1.333648 2.020001
-0.03985938 1.474572 1.916301
-0.0405127 1.472066 1.912406
0.01311319 0.8691032 2.190784
0.01326181 0.583601 2.192178
0.03476525 0.1978706 2.238208
0.03529928 0.186667 2.144073
0.1632407 0.8743223 2.193607
0.1798997 0.5934636 2.16704
0.1743422 0.200331 2.220372
0.1707405 0.1873225 2.124105
0.07874752 1.425467 2.231295
0.283853 1.281155 2.111468
0.2528639 1.302111 2.094995
-0.05604268 1.501074 1.890993
-0.05363856 1.456946 1.877267
81
0.08998875 0.8698521 2.228328
0.08354726 1.193203 2.236506
0.07649817 1.499729 2.227001
0.08775962 1.613312 2.258443
-0.06131371 1.328612 2.220312
0.01024805 1.447424 1.964399
0.1818837 1.311114 2.035395
0.2482265 1.250212 2.009541
0.2324572 1.313878 2.22138
0.1717772 1.333648 2.020001
-0.03985938 1.474572 1.916301
-0.0405127 1.472066 1.912406
0.01311319 0.8691032 2.190784
0.01326181 0.583601 2.192178
0.03476525 0.1978706 2.238208
0.03529928 0.186667 2.144073
0.1632407 0.8743223 2.193607
0.1798997 0.5934636 2.16704
0.1743422 0.200331 2.220372
0.1707405 0.1873225 2.124105
0.07874752 1.425467 2.231295
0.283853 1.281155 2.111468
0.2528639 1.302111 2.094995
-0.05604268 1.501074 1.890993
-0.05363856 1.456946 1.877267
82
0.0900768 0.868632 2.227234
0.08371806 1.192223 2.23599
0.07752173 1.498105 2.229372
0.08713547 1.611614 2.260469
-0.06261048 1.327033 2.221759
0.02856699 1.386558 1.954593
0.05300889 1.286626 2.117321
0.08725686 1.234152 2.118787
0.2344272 1.31131 2.22277
0.1778177 1.30091 2.015797
0.007504683 1.413156 1.858099
-0.003270064 1.455026 1.830753
0.01306816 0.8682437 2.189821
0.01339286 0.5837163 2.19204
0.0348486 0.1976718 2.238039
0.03540599 0.1864738 2.1438
0.1635807 0.872842 2.192497
0.1798778 0.5934551 2.166557
0.1743413 0.2004401 2.220323
0.1707712 0.1873223 2.124069
0.07914107 1.423449 2.232362
-0.0003982466 1.205009 2.17401
-0.01347448 1.308207 2.137148
-0.02165974 1.46087 1.817064
0.009217543 1.388086 1.81872
83
0.0900768 0.868632 2.227234
0.08371806 1.192223 2.23599
0.07752173 1.498105 2.229372
0.08713547 1.611614 2.260469
-0.06261048 1.327033 2.221759
0.02856699 1.386558 1.954593
0.05300889 1.286626 2.117321
0.08725686 1.234152 2.118787
0.2344272 1.31131 2.22277
0.1778177 1.30091 2.015797
0.007504683 1.413156 1.858099
-0.003270064 1.455026 1.830753
0.01306816 0.8682437 2.189821
0.01339286 0.5837163 2.19204
0.0348486 0.1976718 2.238039
0.03540599 0.1864738 2.1438
0.1635807 0.872842 2.192497
0.1798778 0.5934551 2.166557
0.1743413 0.2004401 2.220323
0.1707712 0.1873223 2.124069
0.07914107 1.423449 2.232362
-0.0003982466 1.205009 2.17401
-0.01347448 1.308207 2.137148
-0.02165974 1.46087 1.817064
0.009217543 1.388086 1.81872
84
0.09003171 0.8669677 2.22622
0.08385123 1.191056 2.235719
0.07842117 1.496959 2.23181
0.08531007 1.609985 2.263777
-0.0640457 1.325943 2.223401
0.02372502 1.32076 2.004809
-0.0191085 1.255386 2.193543
-0.04937467 1.186892 2.196483
0.2353878 1.309886 2.223333
0.2027266 1.246555 2.011956
0.04053763 1.357115 1.799939
0.04493229 1.38281 1.773812
0.01291321 0.8669722 2.189142
0.01346907 0.5836868 2.191924
0.03493319 0.197491 2.237896
0.03550151 0.1862912 2.143547
0.1637612 0.8707689 2.191171
0.1798653 0.5933751 2.166141
0.1743461 0.2005322 2.220271
0.1708016 0.1873235 2.124049
0.07955115 1.421834 2.23369
-0.09328566 1.158446 2.230597
-0.08303438 1.220624 2.193984
0.02822171 1.379845 1.777452
0.05515021 1.321778 1.76627
85
0.09003171 0.8669677 2.22622
0.08385123 1.191056 2.235719
0.07842117 1.496959 2.23181
0.08531007 1.609985 2.263777
-0.0640457 1.325943 2.223401
0.02372502 1.32076 2.004809
-0.0191085 1.255386 2.193543
-0.04937467 1.186892 2.196483
0.2353878 1.309886 2.223333
0.2027266 1.246555 2.011956
0.04053763 1.357115 1.799939
0.04493229 1.38281 1.773812
0.01291321 0.8669722 2.189142
0.01346907 0.5836868 2.191924
0.03493319 0.197491 2.237896
0.03550151 0.1862912 2.143547
0.1637612 0.8707689 2.191171
0.1798653 0.5933751 2.166141
0.1743461 0.2005322 2.220271
0.1708016 0.1873235 2.124049
0.07955115 1.421834 2.23369
-0.09328566 1.158446 2.230597
-0.08303438 1.220624 2.193984
0.02822171 1.379845 1.777452
0.05515021 1.321778 1.76627
86
0.08995212 0.8654966 2.22543
0.08195604 1.183405 2.24005
0.06806958 1.470444 2.261518
0.08332966 1.600533 2.270628
-0.06644919 1.32484 2.22592
0.04948737 1.289985 1.991105
-0.0985685 1.211431 2.139237
-0.1536227 1.179489 2.210478
0.2364631 1.311261 2.223868
0.2097378 1.20003 1.992355
0.05093605 1.325839 1.763509
0.006994778 1.337687 1.731665
0.01271563 0.865573 2.188979
0.01354938 0.5834186 2.191839
0.03500581 0.1973584 2.237772
0.03556805 0.1861559 2.143354
0.1637971 0.8688483 2.18974
0.1798464 0.5931576 2.165774
0.1743587 0.2006309 2.220213
0.1708304 0.1873388 2.124018
0.07026576 1.396764 2.259822
-0.1695631 1.16897 2.209308
-0.1628188 1.231436 2.16241
0.005734517 1.384475 1.689416
0.04015202 1.312014 1.690469
87
0.08995212 0.8654966 2.22543
0.08195604 1.183405 2.24005
0.06806958 1.470444 2.261518
0.08332966 1.600533 2.270628
-0.06644919 1.32484 2.22592
0.04948737 1.289985 1.991105
-0.0985685 1.211431 2.139237
-0.1536227 1.179489 2.210478
0.2364631 1.311261 2.223868
0.2097378 1.20003 1.992355
0.05093605 1.325839 1.763509
0.006994778 1.337687 1.731665
0.01271563 0.865573 2.188979
0.01354938 0.5834186 2.191839
0.03500581 0.1973584 2.237772
0.03556805 0.1861559 2.143354
0.1637971 0.8688483 2.18974
0.1798464 0.5931576 2.165774
0.1743587 0.2006309 2.220213
0.1708304 0.1873388 2.124018
0.07026576 1.396764 2.259822
-0.1695631 1.16897 2.209308
-0.1628188 1.231436 2.16241
0.005734517 1.384475 1.689416
0.04015202 1.312014 1.690469
88
0.08993702 0.8650134 2.225075
0.08053929 1.178031 2.243795
0.06348655 1.458102 2.275105
0.08258348 1.593681 2.275554
-0.06924544 1.324336 2.229552
0.0573848 1.278828 1.992288
-0.1178278 1.204338 2.137347
-0.1451999 1.186921 2.185923
0.2365121 1.313604 2.224292
0.2137702 1.194833 1.994209
0.01553202 1.247608 1.923769
0.05511905 1.256796 1.923376
0.01272355 0.8650948 2.189129
0.01361495 0.5831158 2.19178
0.03508233 0.1972254 2.237641
0.03563173 0.1860388 2.143257
0.1636449 0.8684131 2.189027
0.1799353 0.5923414 2.165509
0.174394 0.2007174 2.220146
0.1708579 0.1873524 2.123991
0.06637221 1.38599 2.271117
-0.1796594 1.16195 2.225478
-0.183261 1.228125 2.169271
0.01041302 1.250043 1.932452
0.08156404 1.258919 1.866311
89
0.08993702 0.8650134 2.225075
0.08053929 1.178031 2.243795
0.06348655 1.458102 2.275105
0.08258348 1.593681 2.275554
-0.06924544 1.324336 2.229552
0.0573848 1.278828 1.992288
-0.1178278 1.204338 2.137347
-0.1451999 1.186921 2.185923
0.2365121 1.313604 2.224292
0.2137702 1.194833 1.994209
0.01553202 1.247608 1.923769
0.05511905 1.256796 1.923376
0.01272355 0.8650948 2.189129
0.01361495 0.5831158 2.19178
0.03508233 0.1972254 2.237641
0.03563173 0.1860388 2.143257
0.1636449 0.8684131 2.189027
0.1799353 0.5923414 2.165509
0.174394 0.2007174 2.220146
0.1708579 0.1873524 2.123991
0.06637221 1.38599 2.271117
-0.1796594 1.16195 2.225478
-0.183261 1.228125 2.169271
0.01041302 1.250043 1.932452
0.08156404 1.258919 1.866311
90
0.08975512 0.8651325 2.22495
0.07962541 1.174589 2.246461
0.06183026 1.452433 2.281085
0.0821543 1.589515 2.278558
-0.07262706 1.324166 2.234902
0.06270498 1.272096 1.994014
-0.07694681 1.150008 2.065339
-0.1137756 1.154666 2.125551
0.2363262 1.315626 2.224573
0.2501317 1.159152 2.044678
0.2231715 1.125202 1.874159
0.1744522 1.10984 1.839532
0.01281074 0.865405 2.190115
0.01367203 0.5828257 2.19173
0.03513259 0.1971157 2.237552
0.035685 0.1859324 2.143158
0.1629536 0.8691233 2.188111
0.1799532 0.591323 2.165406
0.1744508 0.200766 2.220069
0.1708759 0.1873651 2.123963
0.06481518 1.380855 2.276365
-0.1376036 1.128832 2.155806
-0.1389214 1.166446 2.104569
0.1683673 1.079168 1.795075
0.1916983 1.088114 1.801406
91
0.08975512 0.8651325 2.22495
0.07962541 1.174589 2.246461
0.06183026 1.452433 2.281085
0.0821543 1.589515 2.278558
-0.07262706 1.324166 2.234902
0.06270498 1.272096 1.994014
-0.07694681 1.150008 2.065339
-0.1137756 1.154666 2.125551
0.2363262 1.315626 2.224573
0.2501317 1.159152 2.044678
0.2231715 1.125202 1.874159
0.1744522 1.10984 1.839532
0.01281074 0.865405 2.190115
0.01367203 0.5828257 2.19173
0.03513259 0.1971157 2.237552
0.035685 0.1859324 2.143158
0.1629536 0.8691233 2.188111
0.1799532 0.591323 2.165406
0.1744508 0.200766 2.220069
0.1708759 0.1873651 2.123963
0.06481518 1.380855 2.276365
-0.1376036 1.128832 2.155806
-0.1389214 1.166446 2.104569
0.1683673 1.079168 1.795075
0.1916983 1.088114 1.801406
92
0.08955654 0.8654883 2.224959
0.07916522 1.172252 2.248392
0.06149755 1.448624 2.284703
0.08191128 1.586794 2.280489
-0.07508136 1.324509 2.240335
-0.1173882 1.152033 2.158863
-0.05829734 1.116948 2.008258
-0.04953467 1.12574 1.997272
0.2365346 1.316096 2.224795
0.2710448 1.120471 2.106799
0.2738647 1.033791 1.915466
0.251803 1.000785 1.870258
0.01294561 0.8659196 2.191204
0.01369771 0.5824626 2.19171
0.03518298 0.1970097 2.237475
0.03573509 0.1858311 2.143064
0.162274 0.8700047 2.187376
0.1799391 0.5903602 2.165377
0.1745178 0.2007907 2.21999
0.1708907 0.1873768 2.123943
0.06423773 1.377489 2.279639
-0.01434087 1.087142 1.953361
-0.03473672 1.090421 1.96522
0.2466213 0.950625 1.813784
0.2663324 0.9678997 1.840435
93
0.08955654 0.8654883 2.224959
0.07916522 1.172252 2.248392
0.06149755 1.448624 2.284703
0.08191128 1.586794 2.280489
-0.07508136 1.324509 2.240335
-0.1173882 1.152033 2.158863
-0.05829734 1.116948 2.008258
-0.04953467 1.12574 1.997272
0.2365346 1.316096 2.224795
0.2710448 1.120471 2.106799
0.2738647 1.033791 1.915466
0.251803 1.000785 1.870258
0.01294561 0.8659196 2.191204
0.01369771 0.5824626 2.19171
0.03518298 0.1970097 2.237475
0.03573509 0.1858311 2.143064
0.162274 0.8700047 2.187376
0.1799391 0.5903602 2.165377
0.1745178 0.2007907 2.21999
0.1708907 0.1873768 2.123943
0.06423773 1.377489 2.279639
-0.01434087 1.087142 1.953361
-0.03473672 1.090421 1.96522
0.2466213 0.950625 1.813784
0.2663324 0.9678997 1.840435
94
0.08936128 0.8659762 2.225054
0.07886604 1.170673 2.249742
0.06219315 1.446485 2.286162
0.08174592 1.584969 2.281766
-0.0766815 1.324863 2.243986
-0.1368091 1.112632 2.181053
-0.06062013 1.05066 1.968493
-0.0703126 1.074175 1.971236
0.2366699 1.316453 2.224917
0.2800715 1.100751 2.148842
0.3160133 0.980333 1.960947
0.3026527 0.9359685 1.915175
0.01310108 0.8665072 2.192269
0.01370038 0.5820826 2.191712
0.03524968 0.1967514 2.237435
0.03586477 0.1856311 2.143429
0.1616545 0.8709204 2.186799
0.1799097 0.5894794 2.165399
0.1745877 0.2005166 2.219945
0.1709047 0.1871964 2.1246
0.06449422 1.375567 2.281367
-0.03789236 1.012331 1.923521
-0.05786252 1.022266 1.943067
0.3137356 0.8732949 1.854614
0.304787 0.9145421 1.925416
95
0.08936128 0.8659762 2.225054
0.07886604 1.170673 2.249742
0.06219315 1.446485 2.286162
0.08174592 1.584969 2.281766
-0.0766815 1.324863 2.243986
-0.1368091 1.112632 2.181053
-0.06062013 1.05066 1.968493
-0.0703126 1.074175 1.971236
0.2366699 1.316453 2.224917
0.2800715 1.100751 2.148842
0.3160133 0.980333 1.960947
0.3026527 0.9359685 1.915175
0.01310108 0.8665072 2.192269
0.01370038 0.5820826 2.191712
0.03524968 0.1967514 2.237435
0.03586477 0.1856311 2.143429
0.1616545 0.8709204 2.186799
0.1799097 0.5894794 2.165399
0.1745877 0.2005166 2.219945
0.1709047 0.1871964 2.1246
0.06449422 1.375567 2.281367
-0.03789236 1.012331 1.923521
-0.05786252 1.022266 1.943067
0.3137356 0.8732949 1.854614
0.304787 0.9145421 1.925416
96
0.08918067 0.8665196 2.225195
0.07869964 1.169589 2.250687
0.06450149 1.446312 2.284891
0.08162007 1.583691 2.282636
-0.07851437 1.325102 2.247963
-0.1715403 1.102811 2.235995
-0.07921423 1.02162 2.00502
-0.07363403 1.008898 1.966786
0.2367506 1.316746 2.224953
0.2857571 1.092304 2.167007
0.3425926 0.9423095 2.010357
0.3362375 0.88402 1.965155
0.01325614 0.8670824 2.193224
0.0136902 0.5817305 2.191722
0.0353165 0.1965271 2.237415
0.03597813 0.1854568 2.143777
0.1611129 0.8718017 2.186349
0.1798728 0.5887426 2.16543
0.1746612 0.2003053 2.219899
0.1709135 0.1870659 2.125126
0.06612854 1.375404 2.281029
-0.05308024 0.9348733 1.922372
-0.0642442 0.9348733 1.948793
0.3546963 0.8148116 1.927208
0.3385121 0.8623425 1.976116
97
0.08918067 0.8665196 2.225195
0.07869964 1.169589 2.250687
0.06450149 1.446312 2.284891
0.08162007 1.583691 2.282636
-0.07851437 1.325102 2.247963
-0.1715403 1.102811 2.235995
-0.07921423 1.02162 2.00502
-0.07363403 1.008898 1.966786
0.2367506 1.316746 2.224953
0.2857571 1.092304 2.167007
0.3425926 0.9423095 2.010357
0.3362375 0.88402 1.965155
0.01325614 0.8670824 2.193224
0.0136902 0.5817305 2.191722
0.0353165 0.1965271 2.237415
0.03597813 0.1854568 2.143777
0.1611129 0.8718017 2.186349
0.1798728 0.5887426 2.16543
0.1746612 0.2003053 2.219899
0.1709135 0.1870659 2.125126
0.06612854 1.375404 2.281029
-0.05308024 0.9348733 1.922372
-0.0642442 0.9348733 1.948793
0.3546963 0.8148116 1.927208
0.3385121 0.8623425 1.976116
98
0.08899201 0.8671186 2.225375
0.07859031 1.168824 2.251369
0.06710061 1.447274 2.282159
0.08156186 1.582755 2.28316
-0.08036036 1.325589 2.251546
-0.1720907 1.108109 2.243673
-0.1014104 0.9778925 2.031732
-0.09854794 0.9545722 2.002374
0.2369446 1.316907 2.22511
0.2900039 1.088964 2.180596
0.3567241 0.9171111 2.062099
0.3595236 0.8533 2.024173
0.01338262 0.8676561 2.194065
0.01366753 0.5814857 2.191721
0.03537341 0.196455 2.23739
0.03602849 0.1854126 2.143982
0.1606257 0.8726274 2.186012
0.1798349 0.5881194 2.165478
0.1748349 0.2001228 2.219879
0.1709294 0.1869529 2.125591
0.06818084 1.376332 2.27937
-0.0911609 0.8739851 1.9458
-0.1268474 0.9543204 2.009656
0.3814314 0.7793037 2.010014
0.3688844 0.8106447 2.042896
99
0.08899201 0.8671186 2.225375
0.07859031 1.168824 2.251369
0.06710061 1.447274 2.282159
0.08156186 1.582755 2.28316
-0.08036036 1.325589 2.251546
-0.1720907 1.108109 2.243673
-0.1014104 0.9778925 2.031732
-0.09854794 0.9545722 2.002374
0.2369446 1.316907 2.22511
0.2900039 1.088964 2.180596
0.3567241 0.9171111 2.062099
0.3595236 0.8533 2.024173
0.01338262 0.8676561 2.194065
0.01366753 0.5814857 2.191721
0.03537341 0.196455 2.23739
0.03602849 0.1854126 2.143982
0.1606257 0.8726274 2.186012
0.1798349 0.5881194 2.165478
0.1748349 0.2001228 2.219879
0.1709294 0.1869529 2.125591
0.06818084 1.376332 2.27937
-0.0911609 0.8739851 1.9458
-0.1268474 0.9543204 2.009656
0.3814314 0.7793037 2.010014
0.3688844 0.8106447 2.042896
100
0.08883306 0.8677242 2.225509
0.07850601 1.168266 2.251817
0.06940244 1.448642 2.277264
0.08158795 1.582119 2.283043
-0.08190925 1.325904 2.254116
-0.1725786 1.110395 2.251369
-0.1283765 0.9407178 2.068553
-0.122436 0.8912627 2.035906
0.2372132 1.316989 2.225312
0.2933648 1.088797 2.190823
0.36068 0.9086602 2.093579
0.3691661 0.8416074 2.074857
0.01350378 0.8681797 2.194675
0.01361917 0.581307 2.19169
0.03542504 0.196428 2.23737
0.03606214 0.1853991 2.144141
0.1602213 0.8733847 2.185719
0.1797754 0.587676 2.165452
0.1750083 0.2000685 2.219852
0.170932 0.1869131 2.12576
0.07021641 1.377779 2.2758
-0.1305094 0.8124814 2.003981
-0.1293195 0.892581 2.005792
0.3906878 0.7718645 2.061312
0.3774713 0.8155435 2.073829
101
0.08883306 0.8677242 2.225509
0.07850601 1.168266 2.251817
0.06940244 1.448642 2.277264
0.08158795 1.582119 2.283043
-0.08190925 1.325904 2.254116
-0.1725786 1.110395 2.251369
-0.1283765 0.9407178 2.068553
-0.122436 0.8912627 2.035906
0.2372132 1.316989 2.225312
0.2933648 1.088797 2.190823
0.36068 0.9086602 2.093579
0.3691661 0.8416074 2.074857
0.01350378 0.8681797 2.194675
0.01361917 0.581307 2.19169
0.03542504 0.196428 2.23737
0.03606214 0.1853991 2.144141
0.1602213 0.8733847 2.185719
0.1797754 0.587676 2.165452
0.1750083 0.2000685 2.219852
0.170932 0.1869131 2.12576
0.07021641 1.377779 2.2758
-0.1305094 0.8124814 2.003981
-0.1293195 0.892581 2.005792
0.3906878 0.7718645 2.061312
0.3774713 0.8155435 2.073829
102
0.0886649 0.8683133 2.225667
0.07846032 1.167873 2.252141
0.07102758 1.450041 2.273129
0.08165586 1.581749 2.28266
-0.08324993 1.326139 2.256154
-0.1757916 1.108799 2.269521
-0.1576409 0.920609 2.123447
-0.1538249 0.8629746 2.095219
0.2377719 1.316939 2.225879
0.2975936 1.089841 2.207462
0.3700941 0.8908054 2.14742
0.3780358 0.8236065 2.131009
0.01359103 0.8686588 2.195202
0.01349382 0.5811074 2.191709
0.035488 0.1964127 2.237358
0.03607622 0.1853958 2.144231
0.1598565 0.8740552 2.185516
0.1796888 0.5872475 2.165467
0.1751432 0.2000138 2.219851
0.1709373 0.1868685 2.125901
0.07177212 1.37927 2.27255
-0.1672506 0.7885544 2.069445
-0.1777336 0.9045877 2.072965
0.3999568 0.7442887 2.129133
0.3879854 0.8292578 2.107787
103
0.0886649 0.8683133 2.225667
0.07846032 1.167873 2.252141
0.07102758 1.450041 2.273129
0.08165586 1.581749 2.28266
-0.08324993 1.326139 2.256154
-0.1757916 1.108799 2.269521
-0.1576409 0.920609 2.123447
-0.1538249 0.8629746 2.095219
0.2377719 1.316939 2.225879
0.2975936 1.089841 2.207462
0.3700941 0.8908054 2.14742
0.3780358 0.8236065 2.131009
0.01359103 0.8686588 2.195202
0.01349382 0.5811074 2.191709
0.035488 0.1964127 2.237358
0.03607622 0.1853958 2.144231
0.1598565 0.8740552 2.185516
0.1796888 0.5872475 2.165467
0.1751432 0.2000138 2.219851
0.1709373 0.1868685 2.125901
0.07177212 1.37927 2.27255
-0.1672506 0.7885544 2.069445
-0.1777336 0.9045877 2.072965
0.3999568 0.7442887 2.129133
0.3879854 0.8292578 2.107787
104
0.08850609 0.8688593 2.225806
0.07844594 1.167624 2.252351
0.07208235 1.451288 2.269749
0.08178005 1.581636 2.281735
-0.08406597 1.326335 2.257335
-0.1731061 1.11169 2.274623
-0.1767713 0.9103737 2.16719
-0.1779333 0.843081 2.146492
0.2384566 1.316852 2.226604
0.3001691 1.091131 2.218626
0.3662527 0.8920928 2.168499
0.3690389 0.8283644 2.167253
0.01365602 0.8690823 2.195629
0.01334576 0.5809204 2.191733
0.03554998 0.196409 2.237348
0.03605942 0.1854026 2.144323
0.1595389 0.8746424 2.185348
0.1795681 0.5868086 2.165509
0.1752686 0.19996 2.219851
0.1709439 0.1868267 2.126015
0.07286614 1.380628 2.269716
-0.1958537 0.7677575 2.124807
-0.2051549 0.8579896 2.117914
0.3889374 0.762898 2.162054
0.3894491 0.8287499 2.151423
105
0.08850609 0.8688593 2.225806
0.07844594 1.167624 2.252351
0.07208235 1.451288 2.269749
0.08178005 1.581636 2.281735
-0.08406597 1.326335 2.257335
-0.1731061 1.11169 2.274623
-0.1767713 0.9103737 2.16719
-0.1779333 0.843081 2.146492
0.2384566 1.316852 2.226604
0.3001691 1.091131 2.218626
0.3662527 0.8920928 2.168499
0.3690389 0.8283644 2.167253
0.01365602 0.8690823 2.195629
0.01334576 0.5809204 2.191733
0.03554998 0.196409 2.237348
0.03605942 0.1854026 2.144323
0.1595389 0.8746424 2.185348
0.1795681 0.5868086 2.165509
0.1752686 0.19996 2.219851
0.1709439 0.1868267 2.126015
0.07286614 1.380628 2.269716
-0.1958537 0.7677575 2.124807
-0.2051549 0.8579896 2.117914
0.3889374 0.762898 2.162054
0.3894491 0.8287499 2.151423
106
0.08836721 0.8693473 2.225921
0.07847296 1.16752 2.252425
0.07283242 1.452534 2.266709
0.08188204 1.581743 2.280303
-0.08466184 1.326482 2.258175
-0.1669801 1.116409 2.273447
-0.1870025 0.905389 2.197009
-0.1952029 0.830422 2.194676
0.2391949 1.316779 2.227406
0.3012859 1.092303 2.229822
0.3623255 0.8898188 2.192463
0.3680263 0.8205256 2.199651
0.01370865 0.8694476 2.195965
0.01319336 0.5807619 2.191752
0.03560365 0.1964228 2.237352
0.03603418 0.1854196 2.144402
0.1592744 0.8751428 2.185212
0.1793725 0.5863028 2.165612
0.1753955 0.1999032 2.219849
0.1709502 0.1867908 2.126106
0.07370262 1.38196 2.267051
-0.2166914 0.7560648 2.18459
-0.2233725 0.838869 2.165996
0.3770188 0.751613 2.201962
0.3910705 0.8232786 2.177563
107
0.08836721 0.8693473 2.225921
0.07847296 1.16752 2.252425
0.07283242 1.452534 2.266709
0.08188204 1.581743 2.280303
-0.08466184 1.326482 2.258175
-0.1669801 1.116409 2.273447
-0.1870025 0.905389 2.197009
-0.1952029 0.830422 2.194676
0.2391949 1.316779 2.227406
0.3012859 1.092303 2.229822
0.3623255 0.8898188 2.192463
0.3680263 0.8205256 2.199651
0.01370865 0.8694476 2.195965
0.01319336 0.5807619 2.191752
0.03560365 0.1964228 2.237352
0.03603418 0.1854196 2.144402
0.1592744 0.8751428 2.185212
0.1793725 0.5863028 2.165612
0.1753955 0.1999032 2.219849
0.1709502 0.1867908 2.126106
0.07370262 1.38196 2.267051
-0.2166914 0.7560648 2.18459
-0.2233725 0.838869 2.165996
0.3770188 0.751613 2.201962
0.3910705 0.8232786 2.177563
108
0.08824665 0.8697751 2.226008
0.07851672 1.167508 2.252423
0.07325744 1.45346 2.264587
0.08198122 1.581993 2.278484
-0.08510525 1.326599 2.258776
-0.1636989 1.117916 2.274413
-0.1916181 0.9019715 2.215512
-0.2003029 0.8324106 2.220387
0.239882 1.316708 2.228185
0.3014969 1.0927 2.239327
0.3553116 0.8911855 2.205376
0.3574546 0.8220352 2.216336
0.01374975 0.8697572 2.196203
0.01304221 0.5806305 2.191757
0.03565177 0.1964515 2.237372
0.03600402 0.1854418 2.144471
0.1590568 0.8755604 2.185105
0.1790819 0.5856313 2.1658
0.1755464 0.1998516 2.219852
0.1709544 0.1867676 2.126169
0.07423224 1.382974 2.2651
-0.2197291 0.7598735 2.221878
-0.2260164 0.8502463 2.20052
0.3602751 0.7528146 2.220662
0.3759341 0.8319286 2.19116
109
0.08824665 0.8697751 2.226008
0.07851672 1.167508 2.252423
0.07325744 1.45346 2.264587
0.08198122 1.581993 2.278484
-0.08510525 1.326599 2.258776
-0.1636989 1.117916 2.274413
-0.1916181 0.9019715 2.215512
-0.2003029 0.8324106 2.220387
0.239882 1.316708 2.228185
0.3014969 1.0927 2.239327
0.3553116 0.8911855 2.205376
0.3574546 0.8220352 2.216336
0.01374975 0.8697572 2.196203
0.01304221 0.5806305 2.191757
0.03565177 0.1964515 2.237372
0.03600402 0.1854418 2.144471
0.1590568 0.8755604 2.185105
0.1790819 0.5856313 2.1658
0.1755464 0.1998516 2.219852
0.1709544 0.1867676 2.126169
0.07423224 1.382974 2.2651
-0.2197291 0.7598735 2.221878
-0.2260164 0.8502463 2.20052
0.3602751 0.7528146 2.220662
0.3759341 0.8319286 2.19116
110
0.08815116 0.8701456 2.226077
0.0785666 1.167575 2.252342
0.0733761 1.454252 2.262844
0.08202695 1.582283 2.276659
-0.08544416 1.326694 2.259209
-0.1614571 1.118478 2.275573
-0.1929872 0.9003125 2.230171
-0.2042045 0.8300415 2.24226
0.2404795 1.316667 2.228961
0.3002863 1.091105 2.249814
0.3484084 0.8906171 2.215183
0.3467833 0.8218871 2.228539
0.0137931 0.870025 2.196373
0.0128895 0.5805323 2.191755
0.03569864 0.1964965 2.237403
0.03596829 0.1854741 2.144536
0.1588858 0.8759058 2.185027
0.1787832 0.5849983 2.166005
0.17569 0.1998065 2.219855
0.1709569 0.1867537 2.126216
0.07449029 1.383817 2.263487
-0.2156031 0.7581805 2.250995
-0.2312017 0.8419082 2.222733
0.3421067 0.7514183 2.234338
0.3505745 0.8395891 2.197286
111
0.08815116 0.8701456 2.226077
0.0785666 1.167575 2.252342
0.0733761 1.454252 2.262844
0.08202695 1.582283 2.276659
-0.08544416 1.326694 2.259209
-0.1614571 1.118478 2.275573
-0.1929872 0.9003125 2.230171
-0.2042045 0.8300415 2.24226
0.2404795 1.316667 2.228961
0.3002863 1.091105 2.249814
0.3484084 0.8906171 2.215183
0.3467833 0.8218871 2.228539
0.0137931 0.870025 2.196373
0.0128895 0.5805323 2.191755
0.03569864 0.1964965 2.237403
0.03596829 0.1854741 2.144536
0.1588858 0.8759058 2.185027
0.1787832 0.5849983 2.166005
0.17569 0.1998065 2.219855
0.1709569 0.1867537 2.126216
0.07449029 1.383817 2.263487
-0.2156031 0.7581805 2.250995
-0.2312017 0.8419082 2.222733
0.3421067 0.7514183 2.234338
0.3505745 0.8395891 2.197286
112
0.08808953 0.8704621 2.226133
0.07863249 1.167707 2.252179
0.07331748 1.454961 2.261297
0.08203096 1.582557 2.274918
-0.08572169 1.32677 2.259511
-0.1591867 1.116965 2.27733
-0.1926793 0.8984936 2.239827
-0.1989666 0.8395655 2.253767
0.2410161 1.316618 2.229772
0.2984883 1.08839 2.257869
0.3404899 0.8885228 2.221752
0.3336381 0.8195797 2.236465
0.01385352 0.8702581 2.196479
0.01273877 0.580446 2.191753
0.03574235 0.196532 2.237437
0.03592507 0.1854936 2.144583
0.1587694 0.8761865 2.184987
0.1784398 0.584293 2.166286
0.1758271 0.1997539 2.219844
0.1709644 0.1867481 2.126225
0.07459447 1.384543 2.262059
-0.209933 0.7601649 2.262308
-0.2263543 0.8376266 2.235206
0.3233457 0.7482805 2.238367
0.3249765 0.8229299 2.199754
113
0.08808953 0.8704621 2.226133
0.07863249 1.167707 2.252179
0.07331748 1.454961 2.261297
0.08203096 1.582557 2.274918
-0.08572169 1.32677 2.259511
-0.1591867 1.116965 2.27733
-0.1926793 0.8984936 2.239827
-0.1989666 0.8395655 2.253767
0.2410161 1.316618 2.229772
0.2984883 1.08839 2.257869
0.3404899 0.8885228 2.221752
0.3336381 0.8195797 2.236465
0.01385352 0.8702581 2.196479
0.01273877 0.580446 2.191753
0.03574235 0.196532 2.237437
0.03592507 0.1854936 2.144583
0.1587694 0.8761865 2.184987
0.1784398 0.584293 2.166286
0.1758271 0.1997539 2.219844
0.1709644 0.1867481 2.126225
0.07459447 1.384543 2.262059
-0.209933 0.7601649 2.262308
-0.2263543 0.8376266 2.235206
0.3233457 0.7482805 2.238367
0.3249765 0.8229299 2.199754
114
0.08807365 0.8707272 2.226194
0.07870742 1.167869 2.251976
0.07314526 1.455545 2.259975
0.08200575 1.582807 2.273301
-0.08596208 1.326831 2.259708
-0.1573255 1.115373 2.278594
-0.1900598 0.8979184 2.246327
-0.1954216 0.8413872 2.260822
0.2414712 1.31657 2.230572
0.295841 1.084621 2.264135
0.3301099 0.88398 2.227666
0.3183812 0.8195975 2.240505
0.01394409 0.870459 2.196558
0.01259911 0.5803708 2.191747
0.0357821 0.1965525 2.23747
0.03588837 0.1855006 2.144641
0.1587056 0.8764164 2.184987
0.1781337 0.5836851 2.166541
0.1759489 0.1997101 2.219834
0.1709715 0.1867453 2.126219
0.07459744 1.385126 2.260857
-0.2029897 0.7590099 2.274719
-0.2200214 0.8289579 2.24575
0.3055613 0.7457138 2.2325
0.3056865 0.828651 2.198576
115
0.08807365 0.8707272 2.226194
0.07870742 1.167869 2.251976
0.07314526 1.455545 2.259975
0.08200575 1.582807 2.273301
-0.08596208 1.326831 2.259708
-0.1573255 1.115373 2.278594
-0.1900598 0.8979184 2.246327
-0.1954216 0.8413872 2.260822
0.2414712 1.31657 2.230572
0.295841 1.084621 2.264135
0.3301099 0.88398 2.227666
0.3183812 0.8195975 2.240505
0.01394409 0.870459 2.196558
0.01259911 0.5803708 2.191747
0.0357821 0.1965525 2.23747
0.03588837 0.1855006 2.144641
0.1587056 0.8764164 2.184987
0.1781337 0.5836851 2.166541
0.1759489 0.1997101 2.219834
0.1709715 0.1867453 2.126219
0.07459744 1.385126 2.260857
-0.2029897 0.7590099 2.274719
-0.2200214 0.8289579 2.24575
0.3055613 0.7457138 2.2325
0.3056865 0.828651 2.198576
116
0.0881033 0.8709885 2.226281
0.07878182 1.168048 2.25176
0.07287905 1.456033 2.258884
0.0819471 1.58306 2.271803
-0.08617083 1.326894 2.259826
-0.1539074 1.10938 2.280735
-0.183545 0.8952228 2.251485
-0.1876763 0.8397546 2.263803
0.2418761 1.31652 2.231413
0.2925009 1.08049 2.268571
0.3038457 0.8662913 2.23226
0.3024907 0.815106 2.239582
0.01406961 0.8706561 2.196626
0.01245696 0.5803107 2.19173
0.03581882 0.1965785 2.237505
0.03586039 0.1855076 2.144677
0.1586948 0.8766491 2.185052
0.1778659 0.5831633 2.166772
0.1760564 0.1996737 2.219833
0.1709794 0.1867434 2.126208
0.0745182 1.3856 2.259876
-0.1812216 0.7550764 2.270627
-0.1940164 0.8120656 2.239208
0.2888908 0.7424587 2.225535
0.2925789 0.8246796 2.196802
117
0.0881033 0.8709885 2.226281
0.07878182 1.168048 2.25176
0.07287905 1.456033 2.258884
0.0819471 1.58306 2.271803
-0.08617083 1.326894 2.259826
-0.1539074 1.10938 2.280735
-0.183545 0.8952228 2.251485
-0.1876763 0.8397546 2.263803
0.2418761 1.31652 2.231413
0.2925009 1.08049 2.268571
0.3038457 0.8662913 2.23226
0.3024907 0.815106 2.239582
0.01406961 0.8706561 2.196626
0.01245696 0.5803107 2.19173
0.03581882 0.1965785 2.237505
0.03586039 0.1855076 2.144677
0.1586948 0.8766491 2.185052
0.1778659 0.5831633 2.166772
0.1760564 0.1996737 2.219833
0.1709794 0.1867434 2.126208
0.0745182 1.3856 2.259876
-0.1812216 0.7550764 2.270627
-0.1940164 0.8120656 2.239208
0.2888908 0.7424587 2.225535
0.2925789 0.8246796 2.196802
118
0.08815997 0.8712301 2.226403
0.07884257 1.168231 2.251543
0.07241565 1.456483 2.25787
0.0818907 1.583309 2.270429
-0.08638705 1.326995 2.259843
-0.1503609 1.103128 2.282458
-0.1743432 0.8917666 2.254611
-0.1751696 0.8357255 2.263804
0.2421624 1.316474 2.232198
0.2883841 1.076895 2.271149
0.2924218 0.8606438 2.233186
0.2849905 0.8160492 2.226149
0.01420702 0.8708325 2.196694
0.01232374 0.5802693 2.191693
0.03585133 0.1966079 2.237539
0.03583403 0.1855122 2.144694
0.1587217 0.8768722 2.185203
0.17763 0.5827141 2.166995
0.1761495 0.1996422 2.219831
0.1709867 0.1867465 2.126191
0.07430236 1.386012 2.259001
-0.1592002 0.7555486 2.262182
-0.1783356 0.8048951 2.232446
0.2756278 0.7449933 2.215124
0.2632836 0.8058727 2.180087
119
0.08815997 0.8712301 2.226403
0.07884257 1.168231 2.251543
0.07241565 1.456483 2.25787
0.0818907 1.583309 2.270429
-0.08638705 1.326995 2.259843
-0.1503609 1.103128 2.282458
-0.1743432 0.8917666 2.254611
-0.1751696 0.8357255 2.263804
0.2421624 1.316474 2.232198
0.2883841 1.076895 2.271149
0.2924218 0.8606438 2.233186
0.2849905 0.8160492 2.226149
0.01420702 0.8708325 2.196694
0.01232374 0.5802693 2.191693
0.03585133 0.1966079 2.237539
0.03583403 0.1855122 2.144694
0.1587217 0.8768722 2.185203
0.17763 0.5827141 2.166995
0.1761495 0.1996422 2.219831
0.1709867 0.1867465 2.126191
0.07430236 1.386012 2.259001
-0.1592002 0.7555486 2.262182
-0.1783356 0.8048951 2.232446
0.2756278 0.7449933 2.215124
0.2632836 0.8058727 2.180087
120
0.08820483 0.8714722 2.22662
0.07888886 1.168412 2.251338
0.07195375 1.456863 2.257023
0.08175648 1.583564 2.26916
-0.08662768 1.327123 2.259775
-0.1462955 1.096609 2.283992
-0.164684 0.8875322 2.255912
-0.1604291 0.8331572 2.260495
0.2423426 1.316457 2.23298
0.2839712 1.074629 2.272353
0.2857989 0.8587425 2.233575
0.2750841 0.8219834 2.217835
0.01432573 0.8709957 2.19681
0.01219218 0.5802389 2.191647
0.035882 0.1966399 2.237574
0.03580901 0.1855168 2.144709
0.158732 0.8770975 2.185498
0.177432 0.5823699 2.167191
0.1762298 0.1996118 2.219831
0.1709937 0.1867479 2.126173
0.07406126 1.386353 2.258276
-0.1433025 0.7563958 2.253624
-0.165446 0.8072556 2.220941
0.2638378 0.777399 2.194896
0.2480393 0.8239887 2.166794
121
0.08820483 0.8714722 2.22662
0.07888886 1.168412 2.251338
0.07195375 1.456863 2.257023
0.08175648 1.583564 2.26916
-0.08662768 1.327123 2.259775
-0.1462955 1.096609 2.283992
-0.164684 0.8875322 2.255912
-0.1604291 0.8331572 2.260495
0.2423426 1.316457 2.23298
0.2839712 1.074629 2.272353
0.2857989 0.8587425 2.233575
0.2750841 0.8219834 2.217835
0.01432573 0.8709957 2.19681
0.01219218 0.5802389 2.191647
0.035882 0.1966399 2.237574
0.03580901 0.1855168 2.144709
0.158732 0.8770975 2.185498
0.177432 0.5823699 2.167191
0.1762298 0.1996118 2.219831
0.1709937 0.1867479 2.126173
0.07406126 1.386353 2.258276
-0.1433025 0.7563958 2.253624
-0.165446 0.8072556 2.220941
0.2638378 0.777399 2.194896
0.2480393 0.8239887 2.166794
122
0.08822454 0.8717003 2.226942
0.07888684 1.168581 2.251165
0.07133237 1.457218 2.25627
0.08159959 1.583767 2.268099
-0.08687688 1.327247 2.259662
-0.1422594 1.091309 2.284706
-0.1550779 0.8831472 2.255188
-0.1456853 0.8305641 2.254899
0.2423868 1.316467 2.233768
0.2784675 1.073917 2.272043
0.280316 0.8594558 2.232005
0.2680285 0.8276553 2.209532
0.01442201 0.8711396 2.196985
0.01207179 0.5802166 2.191602
0.03589342 0.1967399 2.237625
0.03575734 0.1855719 2.14464
0.1587131 0.8773085 2.185934
0.1772448 0.5820822 2.167383
0.1762979 0.1995837 2.219832
0.1710033 0.186751 2.12615
0.07368101 1.386662 2.257638
-0.1292604 0.7554737 2.242488
-0.1549482 0.8145667 2.211253
0.2591144 0.7829608 2.18601
0.2410654 0.8385117 2.155879
