122
1
-0.05472145 1.001635 2.366982
-0.0556155 1.315239 2.364415
-0.0561834 1.617967 2.349162
-0.0513088 1.748827 2.339092
-0.2196903 1.49457 2.337474
-0.2601585 1.247564 2.350195
-0.2533245 1.024931 2.303068
-0.2361162 0.9651619 2.291987
0.1157506 1.495302 2.362514
0.1438793 1.238557 2.358636
0.1371548 1.012133 2.294974
0.1201808 0.9616668 2.285232
-0.1288101 1.001772 2.326828
-0.1427393 0.6919669 2.329113
-0.1337033 0.284397 2.353072
-0.1596914 0.2796396 2.281941
0.02102784 1.001485 2.333388
0.03851249 0.7030749 2.337609
0.03071544 0.3346076 2.345329
0.03886158 0.3320637 2.232127
-0.05611247 1.543794 2.355202
-0.223897 0.8857763 2.29064
-0.2712543 0.9579401 2.291602
0.1165169 0.8892418 2.284977
0.1539046 0.9552902 2.283932
2
-0.05472145 1.001635 2.366982
-0.0556155 1.315239 2.364415
-0.0561834 1.617967 2.349162
-0.0513088 1.748827 2.339092
-0.2196903 1.49457 2.337474
-0.2601585 1.247564 2.350195
-0.2533245 1.024931 2.303068
-0.2361162 0.9651619 2.291987
0.1157506 1.495302 2.362514
0.1438793 1.238557 2.358636
0.1371548 1.012133 2.294974
0.1201808 0.9616668 2.285232
-0.1288101 1.001772 2.326828
-0.1427393 0.6919669 2.329113
-0.1337033 0.284397 2.353072
-0.1596914 0.2796396 2.281941
0.02102784 1.001485 2.333388
0.03851249 0.7030749 2.337609
0.03071544 0.3346076 2.345329
0.03886158 0.3320637 2.232127
-0.05611247 1.543794 2.355202
-0.223897 0.8857763 2.29064
-0.2712543 0.9579401 2.291602
0.1165169 0.8892418 2.284977
0.1539046 0.9552902 2.283932
3
-0.05472853 1.00163 2.366956
-0.0556171 1.315231 2.364378
-0.05617899 1.617954 2.349117
-0.05131812 1.748825 2.339044
-0.2196984 1.494565 2.337461
-0.2600709 1.247287 2.350245
-0.2533111 1.024855 2.303014
-0.2361616 0.9653416 2.292022
0.115753 1.495291 2.362478
0.1438678 1.238537 2.358635
0.1371476 1.012125 2.294954
0.1201694 0.961652 2.285242
-0.1288182 1.001767 2.326805
-0.1427389 0.6919752 2.329093
-0.1337342 0.2843886 2.353058
-0.1596898 0.2796344 2.281953
0.02102318 1.00148 2.333361
0.03851917 0.7030646 2.337591
0.03071249 0.3346145 2.345324
0.03885223 0.332066 2.232121
-0.05610948 1.543783 2.355158
-0.2238844 0.8857515 2.290761
-0.271987 0.9640328 2.293853
0.1164102 0.8890806 2.285049
0.1541943 0.9577073 2.285284
4
-0.05472853 1.00163 2.366956
-0.0556171 1.315231 2.364378
-0.05617899 1.617954 2.349117
-0.05131812 1.748825 2.339044
-0.2196984 1.494565 2.337461
-0.2600709 1.247287 2.350245
-0.2533111 1.024855 2.303014
-0.2361616 0.9653416 2.292022
0.115753 1.495291 2.362478
0.1438678 1.238537 2.358635
0.1371476 1.012125 2.294954
0.1201694 0.961652 2.285242
-0.1288182 1.001767 2.326805
-0.1427389 0.6919752 2.329093
-0.1337342 0.2843886 2.353058
-0.1596898 0.2796344 2.281953
0.02102318 1.00148 2.333361
0.03851917 0.7030646 2.337591
0.03071249 0.3346145 2.345324
0.03885223 0.332066 2.232121
-0.05610948 1.543783 2.355158
-0.2238844 0.8857515 2.290761
-0.271987 0.9640328 2.293853
0.1164102 0.8890806 2.285049
0.1541943 0.9577073 2.285284
5
-0.05473588 1.001626 2.366931
-0.05561962 1.315224 2.364342
-0.05617637 1.617943 2.349073
-0.05132668 1.748823 2.338997
-0.2197063 1.49456 2.337449
-0.2600308 1.247157 2.350271
-0.2532855 1.024733 2.302939
-0.2361892 0.9654241 2.292
0.1157559 1.495278 2.362444
0.1438639 1.238533 2.358639
0.1371409 1.012117 2.294936
0.1201595 0.9616416 2.285243
-0.1288266 1.001763 2.326782
-0.1427386 0.6919842 2.329074
-0.1337655 0.2843781 2.353047
-0.1596883 0.2796269 2.281965
0.02101819 1.001476 2.333335
0.03852496 0.7030554 2.337576
0.03071061 0.3346193 2.345321
0.03884527 0.332067 2.232116
-0.05610802 1.543773 2.355116
-0.2240958 0.8857534 2.291028
-0.2723144 0.9670178 2.294659
0.1162218 0.8889546 2.285125
0.1541874 0.9582528 2.285454
6
-0.05473588 1.001626 2.366931
-0.05561962 1.315224 2.364342
-0.05617637 1.617943 2.349073
-0.05132668 1.748823 2.338997
-0.2197063 1.49456 2.337449
-0.2600308 1.247157 2.350271
-0.2532855 1.024733 2.302939
-0.2361892 0.9654241 2.292
0.1157559 1.495278 2.362444
0.1438639 1.238533 2.358639
0.1371409 1.012117 2.294936
0.1201595 0.9616416 2.285243
-0.1288266 1.001763 2.326782
-0.1427386 0.6919842 2.329074
-0.1337655 0.2843781 2.353047
-0.1596883 0.2796269 2.281965
0.02101819 1.001476 2.333335
0.03852496 0.7030554 2.337576
0.03071061 0.3346193 2.345321
0.03884527 0.332067 2.232116
-0.05610802 1.543773 2.355116
-0.2240958 0.8857534 2.291028
-0.2723144 0.9670178 2.294659
0.1162218 0.8889546 2.285125
0.1541874 0.9582528 2.285454
7
-0.05474507 1.001622 2.366903
-0.05562294 1.315217 2.364305
-0.05617429 1.617933 2.349032
-0.05133441 1.748822 2.338953
-0.2197146 1.494555 2.337437
-0.260024 1.247166 2.350272
-0.2532575 1.024613 2.302854
-0.2362038 0.9654568 2.291982
0.1157587 1.495267 2.362412
0.1438614 1.238511 2.358644
0.1371347 1.012109 2.29492
0.1201599 0.9616409 2.285253
-0.1288361 1.001759 2.326758
-0.1427383 0.6919915 2.329057
-0.1337949 0.2843654 2.353038
-0.159689 0.2796167 2.281976
0.02101085 1.00147 2.333307
0.03853104 0.7030452 2.337561
0.03070926 0.3346232 2.345318
0.03883943 0.332067 2.232111
-0.05610709 1.543764 2.355075
-0.2242663 0.8857426 2.291265
-0.2708517 0.9587963 2.291836
0.1159519 0.8886042 2.28551
0.1540946 0.9555523 2.284903
8
-0.05474507 1.001622 2.366903
-0.05562294 1.315217 2.364305
-0.05617429 1.617933 2.349032
-0.05133441 1.748822 2.338953
-0.2197146 1.494555 2.337437
-0.260024 1.247166 2.350272
-0.2532575 1.024613 2.302854
-0.2362038 0.9654568 2.291982
0.1157587 1.495267 2.362412
0.1438614 1.238511 2.358644
0.1371347 1.012109 2.29492
0.1201599 0.9616409 2.285253
-0.1288361 1.001759 2.326758
-0.1427383 0.6919915 2.329057
-0.1337949 0.2843654 2.353038
-0.159689 0.2796167 2.281976
0.02101085 1.00147 2.333307
0.03853104 0.7030452 2.337561
0.03070926 0.3346232 2.345318
0.03883943 0.332067 2.232111
-0.05610709 1.543764 2.355075
-0.2242663 0.8857426 2.291265
-0.2708517 0.9587963 2.291836
0.1159519 0.8886042 2.28551
0.1540946 0.9555523 2.284903
9
-0.0547541 1.001617 2.366876
-0.05562661 1.315211 2.364269
-0.05617349 1.617924 2.348991
-0.05134226 1.748821 2.33891
-0.2197229 1.49455 2.337425
-0.2600293 1.247221 2.350268
-0.2532306 1.024495 2.302771
-0.2362379 0.9654737 2.291964
0.1157618 1.495253 2.362383
0.1438649 1.238504 2.358649
0.1371289 1.012102 2.294906
0.1201547 0.9616112 2.285263
-0.1288455 1.001754 2.326735
-0.1427382 0.6919985 2.32904
-0.1338152 0.2843618 2.353032
-0.1596914 0.2796138 2.281984
0.02100378 1.001464 2.33328
0.0385364 0.7030315 2.337546
0.03071032 0.3346249 2.345315
0.0388354 0.3320652 2.232107
-0.05610713 1.543755 2.355036
-0.2244877 0.8857338 2.291448
-0.2707058 0.9581386 2.291325
0.1158144 0.8882986 2.285772
0.1543501 0.9547413 2.285344
10
-0.0547541 1.001617 2.366876
-0.05562661 1.315211 2.364269
-0.05617349 1.617924 2.348991
-0.05134226 1.748821 2.33891
-0.2197229 1.49455 2.337425
-0.2600293 1.247221 2.350268
-0.2532306 1.024495 2.302771
-0.2362379 0.9654737 2.291964
0.1157618 1.495253 2.362383
0.1438649 1.238504 2.358649
0.1371289 1.012102 2.294906
0.1201547 0.9616112 2.285263
-0.1288455 1.001754 2.326735
-0.1427382 0.6919985 2.32904
-0.1338152 0.2843618 2.353032
-0.1596914 0.2796138 2.281984
0.02100378 1.001464 2.33328
0.0385364 0.7030315 2.337546
0.03071032 0.3346249 2.345315
0.0388354 0.3320652 2.232107
-0.05610713 1.543755 2.355036
-0.2244877 0.8857338 2.291448
-0.2707058 0.9581386 2.291325
0.1158144 0.8882986 2.285772
0.1543501 0.9547413 2.285344
11
-0.05476242 1.001611 2.366853
-0.05563039 1.315204 2.364236
-0.05617342 1.617915 2.348954
-0.0513497 1.748821 2.33887
-0.2197323 1.494543 2.337415
-0.2599991 1.247169 2.35025
-0.2532109 1.024414 2.302707
-0.2362826 0.9654822 2.291934
0.1157648 1.49524 2.362354
0.1438672 1.238471 2.358655
0.1371232 1.012094 2.294894
0.1201371 0.9615717 2.285266
-0.1288542 1.001749 2.326714
-0.1427379 0.6920053 2.329024
-0.1338305 0.284359 2.353028
-0.1596932 0.2796109 2.281988
0.02099735 1.001458 2.333256
0.03854151 0.7030174 2.337532
0.03070951 0.33462 2.345308
0.03882848 0.3320578 2.2321
-0.05610773 1.543746 2.354999
-0.2245981 0.885731 2.291563
-0.2709833 0.9610974 2.290753
0.1153136 0.8880364 2.285832
0.1537423 0.9486344 2.284315
12
-0.05476242 1.001611 2.366853
-0.05563039 1.315204 2.364236
-0.05617342 1.617915 2.348954
-0.0513497 1.748821 2.33887
-0.2197323 1.494543 2.337415
-0.2599991 1.247169 2.35025
-0.2532109 1.024414 2.302707
-0.2362826 0.9654822 2.291934
0.1157648 1.49524 2.362354
0.1438672 1.238471 2.358655
0.1371232 1.012094 2.294894
0.1201371 0.9615717 2.285266
-0.1288542 1.001749 2.326714
-0.1427379 0.6920053 2.329024
-0.1338305 0.284359 2.353028
-0.1596932 0.2796109 2.281988
0.02099735 1.001458 2.333256
0.03854151 0.7030174 2.337532
0.03070951 0.33462 2.345308
0.03882848 0.3320578 2.2321
-0.05610773 1.543746 2.354999
-0.2245981 0.885731 2.291563
-0.2709833 0.9610974 2.290753
0.1153136 0.8880364 2.285832
0.1537423 0.9486344 2.284315
13
-0.05477271 1.001604 2.366823
-0.05563484 1.315196 2.364202
-0.05617372 1.617906 2.348917
-0.05135681 1.748821 2.338828
-0.2197418 1.494535 2.337404
-0.2599369 1.247041 2.350217
-0.2531918 1.024346 2.302644
-0.2363432 0.9654252 2.291844
0.1157672 1.495226 2.362324
0.1438697 1.238402 2.358653
0.1371173 1.012087 2.294882
0.1201352 0.961566 2.285262
-0.1288647 1.001742 2.326689
-0.1427382 0.6920156 2.329001
-0.1338438 0.2843587 2.353026
-0.1596946 0.2796084 2.281992
0.020989 1.001449 2.333226
0.03854848 0.7029982 2.337516
0.03071003 0.3346174 2.345301
0.03882343 0.3320522 2.232093
-0.05610871 1.543738 2.354962
-0.2248266 0.8856332 2.291842
-0.270859 0.9605616 2.290345
0.1152763 0.8880617 2.285837
0.1534882 0.9508234 2.283798
14
-0.05477271 1.001604 2.366823
-0.05563484 1.315196 2.364202
-0.05617372 1.617906 2.348917
-0.05135681 1.748821 2.338828
-0.2197418 1.494535 2.337404
-0.2599369 1.247041 2.350217
-0.2531918 1.024346 2.302644
-0.2363432 0.9654252 2.291844
0.1157672 1.495226 2.362324
0.1438697 1.238402 2.358653
0.1371173 1.012087 2.294882
0.1201352 0.961566 2.285262
-0.1288647 1.001742 2.326689
-0.1427382 0.6920156 2.329001
-0.1338438 0.2843587 2.353026
-0.1596946 0.2796084 2.281992
0.020989 1.001449 2.333226
0.03854848 0.7029982 2.337516
0.03071003 0.3346174 2.345301
0.03882343 0.3320522 2.232093
-0.05610871 1.543738 2.354962
-0.2248266 0.8856332 2.291842
-0.270859 0.9605616 2.290345
0.1152763 0.8880617 2.285837
0.1534882 0.9508234 2.283798
15
-0.05478205 1.001595 2.366792
-0.05563921 1.315189 2.364166
-0.05617459 1.617898 2.348882
-0.0513637 1.748821 2.338788
-0.2197517 1.494528 2.337393
-0.2599203 1.247063 2.350154
-0.2531765 1.024291 2.302587
-0.2363899 0.9653959 2.29178
0.1157692 1.495211 2.362293
0.1438672 1.238302 2.358639
0.1371118 1.012081 2.294871
0.1201369 0.9615672 2.285276
-0.1288746 1.001733 2.326661
-0.142738 0.6920262 2.328979
-0.1338562 0.2843621 2.353023
-0.1596969 0.2796099 2.281997
0.02098171 1.001441 2.333196
0.03855494 0.7029796 2.337501
0.03071129 0.334613 2.345294
0.03881888 0.3320452 2.232086
-0.05611008 1.54373 2.354927
-0.2251032 0.8855759 2.292157
-0.2713682 0.9639038 2.291772
0.1151644 0.8881752 2.285672
0.1535691 0.9496609 2.284052
16
-0.05478205 1.001595 2.366792
-0.05563921 1.315189 2.364166
-0.05617459 1.617898 2.348882
-0.0513637 1.748821 2.338788
-0.2197517 1.494528 2.337393
-0.2599203 1.247063 2.350154
-0.2531765 1.024291 2.302587
-0.2363899 0.9653959 2.29178
0.1157692 1.495211 2.362293
0.1438672 1.238302 2.358639
0.1371118 1.012081 2.294871
0.1201369 0.9615672 2.285276
-0.1288746 1.001733 2.326661
-0.142738 0.6920262 2.328979
-0.1338562 0.2843621 2.353023
-0.1596969 0.2796099 2.281997
0.02098171 1.001441 2.333196
0.03855494 0.7029796 2.337501
0.03071129 0.334613 2.345294
0.03881888 0.3320452 2.232086
-0.05611008 1.54373 2.354927
-0.2251032 0.8855759 2.292157
-0.2713682 0.9639038 2.291772
0.1151644 0.8881752 2.285672
0.1535691 0.9496609 2.284052
17
-0.05479077 1.001587 2.36676
-0.05564348 1.315181 2.364131
-0.05617581 1.617889 2.348848
-0.05137043 1.748822 2.338748
-0.2197618 1.49452 2.337382
-0.2598923 1.247035 2.35011
-0.2531613 1.024244 2.302531
-0.2364273 0.965415 2.291721
0.1157718 1.495195 2.362262
0.1438629 1.238195 2.358624
0.1371056 1.012074 2.294861
0.120138 0.961567 2.285276
-0.1288841 1.001724 2.32663
-0.1427394 0.6920317 2.328958
-0.1338671 0.2843651 2.353022
-0.1596994 0.2796107 2.282001
0.02097515 1.001432 2.333166
0.03855897 0.7029606 2.337486
0.03071431 0.3346275 2.345282
0.03881389 0.3320588 2.232073
-0.05611169 1.543722 2.354892
-0.2255455 0.8859706 2.29235
-0.2717892 0.9689206 2.291195
0.1159499 0.8885814 2.285792
0.1535514 0.9493752 2.284042
18
-0.05479077 1.001587 2.36676
-0.05564348 1.315181 2.364131
-0.05617581 1.617889 2.348848
-0.05137043 1.748822 2.338748
-0.2197618 1.49452 2.337382
-0.2598923 1.247035 2.35011
-0.2531613 1.024244 2.302531
-0.2364273 0.965415 2.291721
0.1157718 1.495195 2.362262
0.1438629 1.238195 2.358624
0.1371056 1.012074 2.294861
0.120138 0.961567 2.285276
-0.1288841 1.001724 2.32663
-0.1427394 0.6920317 2.328958
-0.1338671 0.2843651 2.353022
-0.1596994 0.2796107 2.282001
0.02097515 1.001432 2.333166
0.03855897 0.7029606 2.337486
0.03071431 0.3346275 2.345282
0.03881389 0.3320588 2.232073
-0.05611169 1.543722 2.354892
-0.2255455 0.8859706 2.29235
-0.2717892 0.9689206 2.291195
0.1159499 0.8885814 2.285792
0.1535514 0.9493752 2.284042
19
-0.05479854 1.001578 2.366729
-0.0556476 1.315173 2.364097
-0.0561775 1.617881 2.348815
-0.05137679 1.748823 2.338711
-0.2197721 1.494511 2.337372
-0.2598726 1.247041 2.350061
-0.2531482 1.024205 2.302478
-0.2364518 0.9654077 2.291698
0.1157746 1.495178 2.362233
0.1438579 1.238086 2.358608
0.1370952 1.012057 2.294847
0.1201319 0.9615583 2.285264
-0.128893 1.001714 2.3266
-0.1427412 0.6920375 2.328937
-0.1338754 0.284369 2.353022
-0.1597017 0.2796116 2.282004
0.02096986 1.001423 2.333137
0.03856141 0.7029431 2.337471
0.03071881 0.334631 2.345271
0.03881152 0.3320613 2.232062
-0.05611359 1.543714 2.354858
-0.2256404 0.8860038 2.292438
-0.271919 0.97012 2.291189
0.1159845 0.8887378 2.285718
0.153833 0.9420522 2.284507
20
-0.05479854 1.001578 2.366729
-0.0556476 1.315173 2.364097
-0.0561775 1.617881 2.348815
-0.05137679 1.748823 2.338711
-0.2197721 1.494511 2.337372
-0.2598726 1.247041 2.350061
-0.2531482 1.024205 2.302478
-0.2364518 0.9654077 2.291698
0.1157746 1.495178 2.362233
0.1438579 1.238086 2.358608
0.1370952 1.012057 2.294847
0.1201319 0.9615583 2.285264
-0.128893 1.001714 2.3266
-0.1427412 0.6920375 2.328937
-0.1338754 0.284369 2.353022
-0.1597017 0.2796116 2.282004
0.02096986 1.001423 2.333137
0.03856141 0.7029431 2.337471
0.03071881 0.334631 2.345271
0.03881152 0.3320613 2.232062
-0.05611359 1.543714 2.354858
-0.2256404 0.8860038 2.292438
-0.271919 0.97012 2.291189
0.1159845 0.8887378 2.285718
0.153833 0.9420522 2.284507
21
-0.05480558 1.001568 2.366696
-0.05565134 1.315165 2.364063
-0.05617898 1.617873 2.348783
-0.0513828 1.748823 2.338674
-0.2197821 1.494503 2.337361
-0.2598778 1.24717 2.349972
-0.2531348 1.024163 2.302414
-0.2364844 0.9653771 2.291611
0.1157775 1.495161 2.362201
0.1438522 1.237973 2.35859
0.1370752 1.012013 2.294816
0.1201055 0.9615451 2.285169
-0.1289015 1.001703 2.326567
-0.1427434 0.6920441 2.328914
-0.1338827 0.2843733 2.353024
-0.1597032 0.2796122 2.282008
0.02096586 1.001413 2.333107
0.03856278 0.7029282 2.337458
0.03071576 0.3346389 2.345261
0.03879998 0.3320681 2.23205
-0.0561153 1.543706 2.354826
-0.226052 0.8860201 2.292665
-0.2720187 0.9709803 2.291098
0.116247 0.8890266 2.285565
0.1536602 0.9463906 2.284665
22
-0.05480558 1.001568 2.366696
-0.05565134 1.315165 2.364063
-0.05617898 1.617873 2.348783
-0.0513828 1.748823 2.338674
-0.2197821 1.494503 2.337361
-0.2598778 1.24717 2.349972
-0.2531348 1.024163 2.302414
-0.2364844 0.9653771 2.291611
0.1157775 1.495161 2.362201
0.1438522 1.237973 2.35859
0.1370752 1.012013 2.294816
0.1201055 0.9615451 2.285169
-0.1289015 1.001703 2.326567
-0.1427434 0.6920441 2.328914
-0.1338827 0.2843733 2.353024
-0.1597032 0.2796122 2.282008
0.02096586 1.001413 2.333107
0.03856278 0.7029282 2.337458
0.03071576 0.3346389 2.345261
0.03879998 0.3320681 2.23205
-0.0561153 1.543706 2.354826
-0.226052 0.8860201 2.292665
-0.2720187 0.9709803 2.291098
0.116247 0.8890266 2.285565
0.1536602 0.9463906 2.284665
23
-0.05481233 1.001557 2.366663
-0.05565526 1.315157 2.364031
-0.05618146 1.617866 2.348755
-0.05138846 1.748824 2.33864
-0.2197915 1.494494 2.337351
-0.2598917 1.247317 2.34988
-0.2531212 1.02418 2.302311
-0.236495 0.9654433 2.291499
0.1157803 1.495143 2.36217
0.1438784 1.237959 2.358586
0.1370562 1.011972 2.294788
0.1201071 0.9615295 2.285168
-0.12891 1.001692 2.326536
-0.1427457 0.6920519 2.328892
-0.133889 0.2843785 2.353027
-0.1597047 0.2796134 2.282011
0.02096238 1.001402 2.333074
0.03856312 0.702913 2.337445
0.03071241 0.3346435 2.345253
0.03878825 0.3320711 2.23204
-0.05611775 1.543698 2.354796
-0.2260642 0.8860223 2.292676
-0.2725128 0.9728715 2.291371
0.1166332 0.8893629 2.285474
0.154069 0.9438449 2.284985
24
-0.05481233 1.001557 2.366663
-0.05565526 1.315157 2.364031
-0.05618146 1.617866 2.348755
-0.05138846 1.748824 2.33864
-0.2197915 1.494494 2.337351
-0.2598917 1.247317 2.34988
-0.2531212 1.02418 2.302311
-0.236495 0.9654433 2.291499
0.1157803 1.495143 2.36217
0.1438784 1.237959 2.358586
0.1370562 1.011972 2.294788
0.1201071 0.9615295 2.285168
-0.12891 1.001692 2.326536
-0.1427457 0.6920519 2.328892
-0.133889 0.2843785 2.353027
-0.1597047 0.2796134 2.282011
0.02096238 1.001402 2.333074
0.03856312 0.702913 2.337445
0.03071241 0.3346435 2.345253
0.03878825 0.3320711 2.23204
-0.05611775 1.543698 2.354796
-0.2260642 0.8860223 2.292676
-0.2725128 0.9728715 2.291371
0.1166332 0.8893629 2.285474
0.154069 0.9438449 2.284985
25
-0.05481833 1.001545 2.366629
-0.05565884 1.315148 2.364
-0.05618393 1.617859 2.348728
-0.05139384 1.748824 2.338608
-0.2198014 1.494486 2.337344
-0.2598636 1.2473 2.349742
-0.2531185 1.024236 2.302176
-0.236561 0.965652 2.291219
0.1157829 1.495126 2.36214
0.1438973 1.237943 2.358578
0.1370361 1.011928 2.294759
0.1200874 0.9615073 2.285159
-0.1289182 1.001679 2.326504
-0.1427478 0.6920595 2.328871
-0.1338935 0.284383 2.353029
-0.1597058 0.279614 2.282013
0.02096011 1.00139 2.333039
0.03856032 0.7028937 2.337434
0.03070896 0.334648 2.345244
0.03877565 0.3320746 2.232029
-0.05612014 1.543691 2.354768
-0.2262832 0.8865547 2.292456
-0.27174 0.9704955 2.288096
0.1163136 0.8892849 2.285312
0.153454 0.9386119 2.284715
26
-0.05481833 1.001545 2.366629
-0.05565884 1.315148 2.364
-0.05618393 1.617859 2.348728
-0.05139384 1.748824 2.338608
-0.2198014 1.494486 2.337344
-0.2598636 1.2473 2.349742
-0.2531185 1.024236 2.302176
-0.236561 0.965652 2.291219
0.1157829 1.495126 2.36214
0.1438973 1.237943 2.358578
0.1370361 1.011928 2.294759
0.1200874 0.9615073 2.285159
-0.1289182 1.001679 2.326504
-0.1427478 0.6920595 2.328871
-0.1338935 0.284383 2.353029
-0.1597058 0.279614 2.282013
0.02096011 1.00139 2.333039
0.03856032 0.7028937 2.337434
0.03070896 0.334648 2.345244
0.03877565 0.3320746 2.232029
-0.05612014 1.543691 2.354768
-0.2262832 0.8865547 2.292456
-0.27174 0.9704955 2.288096
0.1163136 0.8892849 2.285312
0.153454 0.9386119 2.284715
27
-0.05482246 1.001532 2.366593
-0.05566205 1.31514 2.36397
-0.05618645 1.617852 2.348703
-0.05139789 1.748824 2.338579
-0.219816 1.494481 2.337339
-0.2598507 1.247352 2.349475
-0.253146 1.024302 2.301721
-0.2367899 0.9659486 2.289932
0.1157851 1.495108 2.362112
0.1439081 1.237899 2.358559
0.1370178 1.011889 2.294733
0.1200785 0.961463 2.285166
-0.128925 1.001664 2.326471
-0.1427495 0.6920679 2.328848
-0.133899 0.2843882 2.353035
-0.1597059 0.2796146 2.282016
0.02096023 1.001377 2.333003
0.03855532 0.7028738 2.337422
0.03070746 0.3346556 2.34524
0.0387654 0.3320802 2.232023
-0.0561225 1.543684 2.354741
-0.2270812 0.8871567 2.291827
-0.2716278 0.9706496 2.284479
0.1162657 0.8894311 2.285136
0.1539446 0.9373797 2.285784
28
-0.05482372 1.001518 2.366555
-0.05566436 1.315131 2.363941
-0.05618838 1.617846 2.348684
-0.05140072 1.748823 2.338557
-0.2198448 1.494482 2.337344
-0.2598722 1.247508 2.348827
-0.2530265 1.024433 2.297692
-0.2375115 0.9670198 2.284218
0.115787 1.495092 2.362086
0.1439169 1.237856 2.35854
0.1369997 1.011851 2.294708
0.1200733 0.9614515 2.285161
-0.1289284 1.001647 2.326437
-0.1427515 0.692075 2.328828
-0.133903 0.2843927 2.353041
-0.1597057 0.2796144 2.282018
0.02096265 1.001363 2.332964
0.03854938 0.7028512 2.337412
0.03070594 0.3346575 2.345236
0.03875348 0.3320802 2.232017
-0.05612425 1.543677 2.354719
-0.2281464 0.8874424 2.290391
-0.2738862 0.9665564 2.277113
0.1161868 0.8895534 2.285061
0.1548273 0.9422228 2.28679
29
-0.05482372 1.001518 2.366555
-0.05566436 1.315131 2.363941
-0.05618838 1.617846 2.348684
-0.05140072 1.748823 2.338557
-0.2198448 1.494482 2.337344
-0.2598722 1.247508 2.348827
-0.2530265 1.024433 2.297692
-0.2375115 0.9670198 2.284218
0.115787 1.495092 2.362086
0.1439169 1.237856 2.35854
0.1369997 1.011851 2.294708
0.1200733 0.9614515 2.285161
-0.1289284 1.001647 2.326437
-0.1427515 0.692075 2.328828
-0.133903 0.2843927 2.353041
-0.1597057 0.2796144 2.282018
0.02096265 1.001363 2.332964
0.03854938 0.7028512 2.337412
0.03070594 0.3346575 2.345236
0.03875348 0.3320802 2.232017
-0.05612425 1.543677 2.354719
-0.2281464 0.8874424 2.290391
-0.2738862 0.9665564 2.277113
0.1161868 0.8895534 2.285061
0.1548273 0.9422228 2.28679
30
-0.05482372 1.001518 2.366555
-0.05566436 1.315131 2.363941
-0.05618838 1.617846 2.348684
-0.05140072 1.748823 2.338557
-0.2198448 1.494482 2.337344
-0.2598722 1.247508 2.348827
-0.2530265 1.024433 2.297692
-0.2375115 0.9670198 2.284218
0.115787 1.495092 2.362086
0.1439169 1.237856 2.35854
0.1369997 1.011851 2.294708
0.1200733 0.9614515 2.285161
-0.1289284 1.001647 2.326437
-0.1427515 0.692075 2.328828
-0.133903 0.2843927 2.353041
-0.1597057 0.2796144 2.282018
0.02096265 1.001363 2.332964
0.03854938 0.7028512 2.337412
0.03070594 0.3346575 2.345236
0.03875348 0.3320802 2.232017
-0.05612425 1.543677 2.354719
-0.2281464 0.8874424 2.290391
-0.2738862 0.9665564 2.277113
0.1161868 0.8895534 2.285061
0.1548273 0.9422228 2.28679
31
-0.05480624 1.001496 2.366493
-0.05566473 1.315123 2.363914
-0.05618989 1.617842 2.348673
-0.05140091 1.74882 2.338543
-0.2199067 1.494488 2.337377
-0.259967 1.247877 2.347275
-0.252041 1.024855 2.276718
-0.2383805 0.9685574 2.260547
0.1157894 1.495075 2.362067
0.1439249 1.237811 2.358522
0.1369826 1.011813 2.294684
0.1200503 0.9614474 2.285161
-0.1289145 1.001617 2.326379
-0.1427515 0.6920727 2.328813
-0.1339082 0.2844181 2.353045
-0.159719 0.2796356 2.282008
0.02098621 1.001348 2.332898
0.03854372 0.7028288 2.3374
0.03068662 0.3346617 2.345233
0.0387077 0.3320819 2.232011
-0.0561254 1.543672 2.354703
-0.2316679 0.8881992 2.269777
-0.278818 0.965852 2.248152
0.1161709 0.8895261 2.285044
0.154824 0.9444975 2.287049
32
-0.05480624 1.001496 2.366493
-0.05566473 1.315123 2.363914
-0.05618989 1.617842 2.348673
-0.05140091 1.74882 2.338543
-0.2199067 1.494488 2.337377
-0.259967 1.247877 2.347275
-0.252041 1.024855 2.276718
-0.2383805 0.9685574 2.260547
0.1157894 1.495075 2.362067
0.1439249 1.237811 2.358522
0.1369826 1.011813 2.294684
0.1200503 0.9614474 2.285161
-0.1289145 1.001617 2.326379
-0.1427515 0.6920727 2.328813
-0.1339082 0.2844181 2.353045
-0.159719 0.2796356 2.282008
0.02098621 1.001348 2.332898
0.03854372 0.7028288 2.3374
0.03068662 0.3346617 2.345233
0.0387077 0.3320819 2.232011
-0.0561254 1.543672 2.354703
-0.2316679 0.8881992 2.269777
-0.278818 0.965852 2.248152
0.1161709 0.8895261 2.285044
0.154824 0.9444975 2.287049
33
-0.05476993 1.00147 2.366406
-0.0556634 1.315115 2.36389
-0.05619131 1.617838 2.348668
-0.05139576 1.748815 2.338535
-0.2200281 1.494512 2.337479
-0.2609001 1.250533 2.342283
-0.2524672 1.044554 2.230422
-0.2450899 0.9777656 2.209046
0.1157925 1.495059 2.362052
0.1439317 1.237751 2.358502
0.1369692 1.011792 2.294668
0.120034 0.9614384 2.285143
-0.1288827 1.001576 2.326299
-0.1427493 0.6920674 2.3288
-0.1339142 0.28444 2.353051
-0.1597322 0.2796529 2.281994
0.02102982 1.001336 2.332805
0.03853627 0.7028 2.337387
0.03066594 0.3346672 2.345229
0.03864812 0.3320847 2.232002
-0.05612597 1.543668 2.354694
-0.2349723 0.9012275 2.208539
-0.2837729 0.9727756 2.196802
0.1162663 0.889675 2.284841
0.1542892 0.9477125 2.285946
34
-0.05476993 1.00147 2.366406
-0.0556634 1.315115 2.36389
-0.05619131 1.617838 2.348668
-0.05139576 1.748815 2.338535
-0.2200281 1.494512 2.337479
-0.2609001 1.250533 2.342283
-0.2524672 1.044554 2.230422
-0.2450899 0.9777656 2.209046
0.1157925 1.495059 2.362052
0.1439317 1.237751 2.358502
0.1369692 1.011792 2.294668
0.120034 0.9614384 2.285143
-0.1288827 1.001576 2.326299
-0.1427493 0.6920674 2.3288
-0.1339142 0.28444 2.353051
-0.1597322 0.2796529 2.281994
0.02102982 1.001336 2.332805
0.03853627 0.7028 2.337387
0.03066594 0.3346672 2.345229
0.03864812 0.3320847 2.232002
-0.05612597 1.543668 2.354694
-0.2349723 0.9012275 2.208539
-0.2837729 0.9727756 2.196802
0.1162663 0.889675 2.284841
0.1542892 0.9477125 2.285946
35
-0.05470264 1.001444 2.366294
-0.05565852 1.315107 2.363868
-0.05619186 1.617832 2.348676
-0.05136232 1.748789 2.338555
-0.2202183 1.494565 2.337662
-0.2619621 1.253834 2.336553
-0.2559707 1.080405 2.180938
-0.2548988 1.006016 2.145351
0.1157987 1.495038 2.362042
0.1439409 1.237675 2.35848
0.1369574 1.011803 2.294654
0.1199787 0.9615144 2.285074
-0.1288255 1.001528 2.326204
-0.1427303 0.6919197 2.328772
-0.1339225 0.2844619 2.353061
-0.1597443 0.2796666 2.281983
0.0211145 1.001334 2.33267
0.0385283 0.7027704 2.337373
0.03064422 0.3346645 2.345223
0.03858192 0.3320797 2.23199
-0.0561255 1.543664 2.354689
-0.2407308 0.9372544 2.12034
-0.2890673 0.9854868 2.134663
0.1163759 0.8897587 2.28481
0.1536293 0.9436696 2.284143
36
-0.05470264 1.001444 2.366294
-0.05565852 1.315107 2.363868
-0.05619186 1.617832 2.348676
-0.05136232 1.748789 2.338555
-0.2202183 1.494565 2.337662
-0.2619621 1.253834 2.336553
-0.2559707 1.080405 2.180938
-0.2548988 1.006016 2.145351
0.1157987 1.495038 2.362042
0.1439409 1.237675 2.35848
0.1369574 1.011803 2.294654
0.1199787 0.9615144 2.285074
-0.1288255 1.001528 2.326204
-0.1427303 0.6919197 2.328772
-0.1339225 0.2844619 2.353061
-0.1597443 0.2796666 2.281983
0.0211145 1.001334 2.33267
0.0385283 0.7027704 2.337373
0.03064422 0.3346645 2.345223
0.03858192 0.3320797 2.23199
-0.0561255 1.543664 2.354689
-0.2407308 0.9372544 2.12034
-0.2890673 0.9854868 2.134663
0.1163759 0.8897587 2.28481
0.1536293 0.9436696 2.284143
37
-0.05458339 1.001413 2.366146
-0.05564978 1.3151 2.363852
-0.0561952 1.61782 2.348755
-0.05128134 1.748729 2.338637
-0.2204416 1.494641 2.337934
-0.2639134 1.26296 2.326923
-0.2646829 1.133608 2.13067
-0.263911 1.06159 2.071255
0.1158059 1.495017 2.362036
0.1439568 1.237568 2.358454
0.1369521 1.011909 2.294627
0.1199124 0.9615613 2.284964
-0.1287279 1.001464 2.326081
-0.1427045 0.6916949 2.328753
-0.1339333 0.2844831 2.353071
-0.1597554 0.279681 2.281971
0.02126731 1.001344 2.33249
0.0385174 0.7027364 2.337359
0.03062262 0.3346622 2.345218
0.03850742 0.3320751 2.231977
-0.05612166 1.543656 2.354712
-0.2493416 1.001775 2.017891
-0.2932441 1.019483 2.052686
0.1164333 0.8898345 2.284714
0.1532788 0.9437956 2.28354
38
-0.05458339 1.001413 2.366146
-0.05564978 1.3151 2.363852
-0.0561952 1.61782 2.348755
-0.05128134 1.748729 2.338637
-0.2204416 1.494641 2.337934
-0.2639134 1.26296 2.326923
-0.2646829 1.133608 2.13067
-0.263911 1.06159 2.071255
0.1158059 1.495017 2.362036
0.1439568 1.237568 2.358454
0.1369521 1.011909 2.294627
0.1199124 0.9615613 2.284964
-0.1287279 1.001464 2.326081
-0.1427045 0.6916949 2.328753
-0.1339333 0.2844831 2.353071
-0.1597554 0.279681 2.281971
0.02126731 1.001344 2.33249
0.0385174 0.7027364 2.337359
0.03062262 0.3346622 2.345218
0.03850742 0.3320751 2.231977
-0.05612166 1.543656 2.354712
-0.2493416 1.001775 2.017891
-0.2932441 1.019483 2.052686
0.1164333 0.8898345 2.284714
0.1532788 0.9437956 2.28354
39
-0.05442113 1.00138 2.365986
-0.05563086 1.315091 2.363839
-0.05618886 1.617802 2.348884
-0.05113359 1.748636 2.338805
-0.2206773 1.494776 2.338301
-0.2726151 1.278381 2.31413
-0.2830167 1.209527 2.082142
-0.2730711 1.144473 1.995043
0.1158186 1.494991 2.362037
0.1439741 1.237459 2.358428
0.1369465 1.01204 2.294594
0.119859 0.9616405 2.284868
-0.1286006 1.00139 2.32595
-0.1426969 0.6915762 2.32875
-0.1339428 0.28449 2.353075
-0.1597595 0.2796858 2.281967
0.02147971 1.001361 2.332293
0.03850643 0.7027026 2.337344
0.03060137 0.3346503 2.345217
0.03843087 0.3320597 2.231969
-0.05610745 1.543643 2.354765
-0.2579211 1.10274 1.924629
-0.3024763 1.100492 1.971573
0.1167214 0.8899816 2.284619
0.1527805 0.9433225 2.282473
40
-0.05442113 1.00138 2.365986
-0.05563086 1.315091 2.363839
-0.05618886 1.617802 2.348884
-0.05113359 1.748636 2.338805
-0.2206773 1.494776 2.338301
-0.2726151 1.278381 2.31413
-0.2830167 1.209527 2.082142
-0.2730711 1.144473 1.995043
0.1158186 1.494991 2.362037
0.1439741 1.237459 2.358428
0.1369465 1.01204 2.294594
0.119859 0.9616405 2.284868
-0.1286006 1.00139 2.32595
-0.1426969 0.6915762 2.32875
-0.1339428 0.28449 2.353075
-0.1597595 0.2796858 2.281967
0.02147971 1.001361 2.332293
0.03850643 0.7027026 2.337344
0.03060137 0.3346503 2.345217
0.03843087 0.3320597 2.231969
-0.05610745 1.543643 2.354765
-0.2579211 1.10274 1.924629
-0.3024763 1.100492 1.971573
0.1167214 0.8899816 2.284619
0.1527805 0.9433225 2.282473
41
-0.05421107 1.001342 2.365821
-0.05558939 1.315076 2.363841
-0.0561563 1.617772 2.349162
-0.05087116 1.748482 2.33913
-0.2208589 1.49493 2.338778
-0.276382 1.284366 2.308927
-0.2778254 1.281856 2.007755
-0.2834394 1.25379 1.926253
0.1158393 1.494956 2.362045
0.1439913 1.237351 2.358403
0.1369458 1.012181 2.294564
0.1198088 0.9612022 2.284708
-0.1284398 1.001306 2.325823
-0.142694 0.6914715 2.328751
-0.1339507 0.2844951 2.353081
-0.1597624 0.279689 2.281964
0.02176049 1.001385 2.332081
0.03849486 0.7026615 2.337325
0.03058607 0.3346462 2.345215
0.03835547 0.3320509 2.231959
-0.05606423 1.543619 2.354913
-0.2789091 1.226935 1.848173
-0.297495 1.251521 1.921148
0.1171782 0.8900438 2.284502
0.1523204 0.9402883 2.283196
42
-0.05421107 1.001342 2.365821
-0.05558939 1.315076 2.363841
-0.0561563 1.617772 2.349162
-0.05087116 1.748482 2.33913
-0.2208589 1.49493 2.338778
-0.276382 1.284366 2.308927
-0.2778254 1.281856 2.007755
-0.2834394 1.25379 1.926253
0.1158393 1.494956 2.362045
0.1439913 1.237351 2.358403
0.1369458 1.012181 2.294564
0.1198088 0.9612022 2.284708
-0.1284398 1.001306 2.325823
-0.142694 0.6914715 2.328751
-0.1339507 0.2844951 2.353081
-0.1597624 0.279689 2.281964
0.02176049 1.001385 2.332081
0.03849486 0.7026615 2.337325
0.03058607 0.3346462 2.345215
0.03835547 0.3320509 2.231959
-0.05606423 1.543619 2.354913
-0.2789091 1.226935 1.848173
-0.297495 1.251521 1.921148
0.1171782 0.8900438 2.284502
0.1523204 0.9402883 2.283196
43
-0.05393706 1.001303 2.365644
-0.05551271 1.315056 2.363862
-0.05608558 1.617723 2.349579
-0.0504375 1.748246 2.339661
-0.220807 1.49514 2.339306
-0.2887065 1.296147 2.295463
-0.279832 1.365856 2.023572
-0.2854812 1.380589 1.937128
0.1158672 1.494914 2.362067
0.1440101 1.237246 2.358376
0.1369462 1.012318 2.294534
0.1197251 0.9609347 2.284549
-0.128234 1.00122 2.325686
-0.1426904 0.6913271 2.328763
-0.133959 0.2844964 2.353086
-0.1597648 0.2796903 2.281963
0.02211882 1.001408 2.331859
0.03848569 0.7026086 2.337302
0.03057468 0.334646 2.345214
0.03829257 0.3320446 2.23195
-0.05598155 1.543581 2.35516
-0.2922463 1.385728 1.852292
-0.278459 1.413447 1.957553
0.1172757 0.8899144 2.284562
0.1516387 0.9388536 2.282086
44
-0.05393706 1.001303 2.365644
-0.05551271 1.315056 2.363862
-0.05608558 1.617723 2.349579
-0.0504375 1.748246 2.339661
-0.220807 1.49514 2.339306
-0.2887065 1.296147 2.295463
-0.279832 1.365856 2.023572
-0.2854812 1.380589 1.937128
0.1158672 1.494914 2.362067
0.1440101 1.237246 2.358376
0.1369462 1.012318 2.294534
0.1197251 0.9609347 2.284549
-0.128234 1.00122 2.325686
-0.1426904 0.6913271 2.328763
-0.133959 0.2844964 2.353086
-0.1597648 0.2796903 2.281963
0.02211882 1.001408 2.331859
0.03848569 0.7026086 2.337302
0.03057468 0.334646 2.345214
0.03829257 0.3320446 2.23195
-0.05598155 1.543581 2.35516
-0.2922463 1.385728 1.852292
-0.278459 1.413447 1.957553
0.1172757 0.8899144 2.284562
0.1516387 0.9388536 2.282086
45
-0.05361119 1.001262 2.36546
-0.05538963 1.315026 2.363908
-0.05596242 1.617652 2.350113
-0.04988239 1.747953 2.340329
-0.2206014 1.495327 2.339737
-0.3126196 1.321774 2.255689
-0.2832777 1.464999 2.009512
-0.280737 1.507243 1.942877
0.1158998 1.494866 2.362097
0.1440282 1.237154 2.358352
0.1369493 1.012452 2.294505
0.1196758 0.9607363 2.284434
-0.1279943 1.001135 2.32555
-0.1426915 0.6912099 2.328773
-0.1339671 0.2844971 2.353092
-0.1597666 0.2796905 2.281962
0.02254299 1.001426 2.331625
0.03847585 0.7025516 2.337277
0.0305662 0.3346501 2.345214
0.0382469 0.3320413 2.231941
-0.05584744 1.543523 2.355503
-0.2946198 1.527859 1.848012
-0.2444555 1.523088 1.924808
0.1178653 0.8900881 2.28446
0.1514293 0.9393172 2.282086
46
-0.05361119 1.001262 2.36546
-0.05538963 1.315026 2.363908
-0.05596242 1.617652 2.350113
-0.04988239 1.747953 2.340329
-0.2206014 1.495327 2.339737
-0.3126196 1.321774 2.255689
-0.2832777 1.464999 2.009512
-0.280737 1.507243 1.942877
0.1158998 1.494866 2.362097
0.1440282 1.237154 2.358352
0.1369493 1.012452 2.294505
0.1196758 0.9607363 2.284434
-0.1279943 1.001135 2.32555
-0.1426915 0.6912099 2.328773
-0.1339671 0.2844971 2.353092
-0.1597666 0.2796905 2.281962
0.02254299 1.001426 2.331625
0.03847585 0.7025516 2.337277
0.0305662 0.3346501 2.345214
0.0382469 0.3320413 2.231941
-0.05584744 1.543523 2.355503
-0.2946198 1.527859 1.848012
-0.2444555 1.523088 1.924808
0.1178653 0.8900881 2.28446
0.1514293 0.9393172 2.282086
47
-0.05318673 1.001195 2.365271
-0.0552097 1.314979 2.363986
-0.05581215 1.617571 2.350706
-0.04930124 1.747631 2.341067
-0.2202956 1.495397 2.340008
-0.3330913 1.36226 2.202895
-0.2797882 1.575939 2.015651
-0.2760746 1.621758 1.979671
0.1159328 1.494819 2.36213
0.1440456 1.237069 2.358328
0.1369541 1.012565 2.294475
0.1196529 0.9605824 2.284396
-0.1276785 1.001015 2.325408
-0.1426944 0.6911094 2.328779
-0.1339734 0.2844996 2.353102
-0.1597692 0.2796906 2.281961
0.02308492 1.001427 2.331391
0.03846575 0.7024915 2.337248
0.03055953 0.3346559 2.345213
0.03821841 0.3320382 2.231936
-0.05567871 1.543452 2.35591
-0.2789528 1.659315 1.902974
-0.2311482 1.645011 1.963586
0.1179259 0.8898611 2.2844
0.1512948 0.9390134 2.281965
48
-0.05318673 1.001195 2.365271
-0.0552097 1.314979 2.363986
-0.05581215 1.617571 2.350706
-0.04930124 1.747631 2.341067
-0.2202956 1.495397 2.340008
-0.3330913 1.36226 2.202895
-0.2797882 1.575939 2.015651
-0.2760746 1.621758 1.979671
0.1159328 1.494819 2.36213
0.1440456 1.237069 2.358328
0.1369541 1.012565 2.294475
0.1196529 0.9605824 2.284396
-0.1276785 1.001015 2.325408
-0.1426944 0.6911094 2.328779
-0.1339734 0.2844996 2.353102
-0.1597692 0.2796906 2.281961
0.02308492 1.001427 2.331391
0.03846575 0.7024915 2.337248
0.03055953 0.3346559 2.345213
0.03821841 0.3320382 2.231936
-0.05567871 1.543452 2.35591
-0.2789528 1.659315 1.902974
-0.2311482 1.645011 1.963586
0.1179259 0.8898611 2.2844
0.1512948 0.9390134 2.281965
49
-0.0527175 1.001123 2.365083
-0.05501609 1.314927 2.364074
-0.05567492 1.617486 2.351274
-0.04875714 1.747328 2.341778
-0.2198081 1.495408 2.340031
-0.3475351 1.40818 2.159913
-0.2795235 1.642157 2.057863
-0.2713341 1.703624 2.033263
0.1159668 1.494771 2.362174
0.1440664 1.236979 2.358309
0.136959 1.01267 2.294446
0.119641 0.9605248 2.284364
-0.1273258 1.000896 2.325262
-0.1427017 0.6910337 2.328783
-0.1339792 0.2845083 2.353116
-0.1597725 0.279696 2.281964
0.02366952 1.001415 2.331168
0.03845878 0.7024489 2.337219
0.03055494 0.3346686 2.345214
0.03820236 0.3320415 2.231931
-0.05551566 1.543378 2.356315
-0.2664118 1.754289 1.978131
-0.2214364 1.680504 2.013346
0.118163 0.8899379 2.284268
0.1511765 0.9388486 2.281831
50
-0.0527175 1.001123 2.365083
-0.05501609 1.314927 2.364074
-0.05567492 1.617486 2.351274
-0.04875714 1.747328 2.341778
-0.2198081 1.495408 2.340031
-0.3475351 1.40818 2.159913
-0.2795235 1.642157 2.057863
-0.2713341 1.703624 2.033263
0.1159668 1.494771 2.362174
0.1440664 1.236979 2.358309
0.136959 1.01267 2.294446
0.119641 0.9605248 2.284364
-0.1273258 1.000896 2.325262
-0.1427017 0.6910337 2.328783
-0.1339792 0.2845083 2.353116
-0.1597725 0.279696 2.281964
0.02366952 1.001415 2.331168
0.03845878 0.7024489 2.337219
0.03055494 0.3346686 2.345214
0.03820236 0.3320415 2.231931
-0.05551566 1.543378 2.356315
-0.2664118 1.754289 1.978131
-0.2214364 1.680504 2.013346
0.118163 0.8899379 2.284268
0.1511765 0.9388486 2.281831
51
-0.05220647 1.001064 2.364914
-0.05479043 1.314874 2.364179
-0.05553964 1.617405 2.351807
-0.04822894 1.747017 2.342469
-0.218979 1.495357 2.339682
-0.3531495 1.425827 2.143293
-0.2805188 1.692628 2.097978
-0.2689349 1.764874 2.090999
0.1160059 1.494712 2.362247
0.1440876 1.236894 2.358294
0.1369641 1.012765 2.29442
0.1196223 0.9604965 2.284371
-0.126926 1.000788 2.325104
-0.1427066 0.6909919 2.328783
-0.1339835 0.284521 2.353142
-0.1597757 0.2797021 2.281967
0.0243045 1.001417 2.331009
0.03845195 0.7024142 2.337188
0.03055221 0.334687 2.345215
0.03820787 0.3320496 2.231927
-0.05534874 1.543304 2.356713
-0.2666645 1.824792 2.065992
-0.2081844 1.758993 2.046235
0.1179315 0.8896123 2.284073
0.1513712 0.9421678 2.281861
52
-0.05220647 1.001064 2.364914
-0.05479043 1.314874 2.364179
-0.05553964 1.617405 2.351807
-0.04822894 1.747017 2.342469
-0.218979 1.495357 2.339682
-0.3531495 1.425827 2.143293
-0.2805188 1.692628 2.097978
-0.2689349 1.764874 2.090999
0.1160059 1.494712 2.362247
0.1440876 1.236894 2.358294
0.1369641 1.012765 2.29442
0.1196223 0.9604965 2.284371
-0.126926 1.000788 2.325104
-0.1427066 0.6909919 2.328783
-0.1339835 0.284521 2.353142
-0.1597757 0.2797021 2.281967
0.0243045 1.001417 2.331009
0.03845195 0.7024142 2.337188
0.03055221 0.334687 2.345215
0.03820787 0.3320496 2.231927
-0.05534874 1.543304 2.356713
-0.2666645 1.824792 2.065992
-0.2081844 1.758993 2.046235
0.1179315 0.8896123 2.284073
0.1513712 0.9421678 2.281861
53
-0.05167885 1.001031 2.364767
-0.05451003 1.314829 2.3643
-0.05537144 1.617337 2.352293
-0.04767841 1.746695 2.343131
-0.217713 1.495506 2.338675
-0.355707 1.441684 2.132716
-0.2822108 1.705525 2.126757
-0.2689103 1.795954 2.14557
0.1160694 1.494621 2.362393
0.1441062 1.236827 2.358289
0.1369711 1.012843 2.294397
0.1196106 0.9604102 2.284395
-0.1264686 1.00072 2.324912
-0.1427117 0.6909602 2.328782
-0.1339866 0.2845298 2.353165
-0.1597786 0.2797048 2.281969
0.02495674 1.001437 2.330938
0.03844474 0.7023939 2.337162
0.03054056 0.3347203 2.345218
0.03823943 0.3320727 2.231933
-0.05514773 1.543241 2.357097
-0.263218 1.861747 2.141331
-0.2155598 1.765515 2.111279
0.117968 0.8894085 2.284061
0.1517801 0.9410074 2.281368
54
-0.05167885 1.001031 2.364767
-0.05451003 1.314829 2.3643
-0.05537144 1.617337 2.352293
-0.04767841 1.746695 2.343131
-0.217713 1.495506 2.338675
-0.355707 1.441684 2.132716
-0.2822108 1.705525 2.126757
-0.2689103 1.795954 2.14557
0.1160694 1.494621 2.362393
0.1441062 1.236827 2.358289
0.1369711 1.012843 2.294397
0.1196106 0.9604102 2.284395
-0.1264686 1.00072 2.324912
-0.1427117 0.6909602 2.328782
-0.1339866 0.2845298 2.353165
-0.1597786 0.2797048 2.281969
0.02495674 1.001437 2.330938
0.03844474 0.7023939 2.337162
0.03054056 0.3347203 2.345218
0.03823943 0.3320727 2.231933
-0.05514773 1.543241 2.357097
-0.263218 1.861747 2.141331
-0.2155598 1.765515 2.111279
0.117968 0.8894085 2.284061
0.1517801 0.9410074 2.281368
55
-0.0511796 1.001022 2.364652
-0.05421043 1.314797 2.36443
-0.05519644 1.617286 2.352725
-0.04710425 1.746403 2.343765
-0.2159037 1.496019 2.336912
-0.3592937 1.486589 2.133011
-0.2762393 1.774129 2.170889
-0.2665114 1.82286 2.194041
0.1161854 1.494479 2.362674
0.1441271 1.236763 2.358299
0.1369801 1.012915 2.294378
0.1196217 0.96065 2.284528
-0.1259943 1.000699 2.324675
-0.1427144 0.6909435 2.32878
-0.1339914 0.2845374 2.353187
-0.1597807 0.279707 2.28197
0.02560821 1.001487 2.33102
0.03843002 0.7023719 2.337135
0.03053549 0.3347821 2.345221
0.03837186 0.3321223 2.231954
-0.05493894 1.543194 2.357453
-0.2676374 1.88963 2.21172
-0.2151773 1.810619 2.163186
0.1184296 0.8895779 2.284273
0.1519621 0.9410743 2.28133
56
-0.0511796 1.001022 2.364652
-0.05421043 1.314797 2.36443
-0.05519644 1.617286 2.352725
-0.04710425 1.746403 2.343765
-0.2159037 1.496019 2.336912
-0.3592937 1.486589 2.133011
-0.2762393 1.774129 2.170889
-0.2665114 1.82286 2.194041
0.1161854 1.494479 2.362674
0.1441271 1.236763 2.358299
0.1369801 1.012915 2.294378
0.1196217 0.96065 2.284528
-0.1259943 1.000699 2.324675
-0.1427144 0.6909435 2.32878
-0.1339914 0.2845374 2.353187
-0.1597807 0.279707 2.28197
0.02560821 1.001487 2.33102
0.03843002 0.7023719 2.337135
0.03053549 0.3347821 2.345221
0.03837186 0.3321223 2.231954
-0.05493894 1.543194 2.357453
-0.2676374 1.88963 2.21172
-0.2151773 1.810619 2.163186
0.1184296 0.8895779 2.284273
0.1519621 0.9410743 2.28133
57
-0.05069513 1.001038 2.364565
-0.05386711 1.314787 2.364572
-0.05498578 1.617261 2.353118
-0.04645099 1.746137 2.344355
-0.213614 1.496888 2.334692
-0.3604462 1.506904 2.134872
-0.2731825 1.775826 2.185477
-0.2634653 1.820111 2.223326
0.1163223 1.494319 2.363048
0.1441287 1.23671 2.358423
0.1369902 1.01298 2.294366
0.1196123 0.9606218 2.284819
-0.1255134 1.000716 2.324408
-0.1427162 0.6909371 2.328776
-0.1340005 0.2845461 2.353215
-0.1597819 0.2797088 2.281971
0.02629752 1.001573 2.331243
0.038421 0.7023472 2.337118
0.03053254 0.334863 2.345222
0.03860194 0.3321926 2.231982
-0.05469402 1.543171 2.357794
-0.2565947 1.880525 2.246278
-0.2167527 1.801947 2.191603
0.1188714 0.8892184 2.285099
0.1542804 0.9542343 2.289531
58
-0.05069513 1.001038 2.364565
-0.05386711 1.314787 2.364572
-0.05498578 1.617261 2.353118
-0.04645099 1.746137 2.344355
-0.213614 1.496888 2.334692
-0.3604462 1.506904 2.134872
-0.2731825 1.775826 2.185477
-0.2634653 1.820111 2.223326
0.1163223 1.494319 2.363048
0.1441287 1.23671 2.358423
0.1369902 1.01298 2.294366
0.1196123 0.9606218 2.284819
-0.1255134 1.000716 2.324408
-0.1427162 0.6909371 2.328776
-0.1340005 0.2845461 2.353215
-0.1597819 0.2797088 2.281971
0.02629752 1.001573 2.331243
0.038421 0.7023472 2.337118
0.03053254 0.334863 2.345222
0.03860194 0.3321926 2.231982
-0.05469402 1.543171 2.357794
-0.2565947 1.880525 2.246278
-0.2167527 1.801947 2.191603
0.1188714 0.8892184 2.285099
0.1542804 0.9542343 2.289531
59
-0.05018681 1.001096 2.364504
-0.0534898 1.314807 2.364731
-0.05476781 1.617261 2.353482
-0.04565199 1.745899 2.344932
-0.2110875 1.498013 2.332257
-0.3603416 1.52049 2.137883
-0.2714131 1.77493 2.19762
-0.2609839 1.814109 2.241138
0.1165175 1.494107 2.363586
0.1441013 1.236667 2.35869
0.1370084 1.013045 2.294378
0.1197087 0.9602723 2.285793
-0.124981 1.000798 2.324087
-0.1427178 0.6909468 2.328767
-0.1340099 0.2845567 2.35325
-0.159783 0.2797101 2.281971
0.02703309 1.001703 2.331592
0.0384139 0.7023342 2.337112
0.03053197 0.3349385 2.345221
0.03895327 0.3322593 2.232025
-0.05443731 1.543174 2.358122
-0.2609078 1.881038 2.274189
-0.2145314 1.80138 2.209316
0.1193201 0.8886824 2.286306
0.1546797 0.95618 2.290751
60
-0.05018681 1.001096 2.364504
-0.0534898 1.314807 2.364731
-0.05476781 1.617261 2.353482
-0.04565199 1.745899 2.344932
-0.2110875 1.498013 2.332257
-0.3603416 1.52049 2.137883
-0.2714131 1.77493 2.19762
-0.2609839 1.814109 2.241138
0.1165175 1.494107 2.363586
0.1441013 1.236667 2.35869
0.1370084 1.013045 2.294378
0.1197087 0.9602723 2.285793
-0.124981 1.000798 2.324087
-0.1427178 0.6909468 2.328767
-0.1340099 0.2845567 2.35325
-0.159783 0.2797101 2.281971
0.02703309 1.001703 2.331592
0.0384139 0.7023342 2.337112
0.03053197 0.3349385 2.345221
0.03895327 0.3322593 2.232025
-0.05443731 1.543174 2.358122
-0.2609078 1.881038 2.274189
-0.2145314 1.80138 2.209316
0.1193201 0.8886824 2.286306
0.1546797 0.95618 2.290751
61
-0.04965936 1.0012 2.36446
-0.05309065 1.314851 2.364889
-0.0545485 1.617272 2.353803
-0.04473037 1.745689 2.345499
-0.2089165 1.499215 2.330076
-0.3598792 1.528139 2.141407
-0.2698131 1.772563 2.206523
-0.25773 1.808635 2.250679
0.1168 1.493822 2.36435
0.1440653 1.236574 2.359176
0.1370593 1.01313 2.29447
0.1199147 0.9605461 2.286821
-0.124389 1.000965 2.323698
-0.1427202 0.690965 2.328756
-0.1340176 0.2845656 2.353286
-0.1597856 0.2797095 2.281975
0.02775295 1.001867 2.332001
0.03839847 0.7023514 2.337123
0.03053271 0.3350142 2.345221
0.0393865 0.3323309 2.232088
-0.05417685 1.543191 2.358422
-0.2526217 1.87053 2.279381
-0.2115724 1.796873 2.218446
0.120446 0.8887797 2.287031
0.1560559 0.950478 2.294874
62
-0.04965936 1.0012 2.36446
-0.05309065 1.314851 2.364889
-0.0545485 1.617272 2.353803
-0.04473037 1.745689 2.345499
-0.2089165 1.499215 2.330076
-0.3598792 1.528139 2.141407
-0.2698131 1.772563 2.206523
-0.25773 1.808635 2.250679
0.1168 1.493822 2.36435
0.1440653 1.236574 2.359176
0.1370593 1.01313 2.29447
0.1199147 0.9605461 2.286821
-0.124389 1.000965 2.323698
-0.1427202 0.690965 2.328756
-0.1340176 0.2845656 2.353286
-0.1597856 0.2797095 2.281975
0.02775295 1.001867 2.332001
0.03839847 0.7023514 2.337123
0.03053271 0.3350142 2.345221
0.0393865 0.3323309 2.232088
-0.05417685 1.543191 2.358422
-0.2526217 1.87053 2.279381
-0.2115724 1.796873 2.218446
0.120446 0.8887797 2.287031
0.1560559 0.950478 2.294874
63
-0.04914281 1.001329 2.364416
-0.05266903 1.314916 2.365038
-0.05430419 1.617301 2.354094
-0.04367953 1.74551 2.346013
-0.2070092 1.500429 2.328001
-0.3590355 1.53257 2.14493
-0.2684179 1.763374 2.207835
-0.2544445 1.797853 2.246135
0.117108 1.493484 2.365176
0.1440042 1.236472 2.359809
0.1371324 1.013211 2.294613
0.1201571 0.9602804 2.287633
-0.1237459 1.001198 2.323203
-0.142719 0.6910417 2.328729
-0.13403 0.2845763 2.353325
-0.1597882 0.2797085 2.281978
0.02840798 1.002033 2.332409
0.03837494 0.7024111 2.337149
0.03053608 0.3351084 2.345221
0.03990796 0.332424 2.232176
-0.0538927 1.543225 2.358699
-0.2444666 1.857609 2.274148
-0.2100387 1.78638 2.216387
0.1209671 0.887563 2.288699
0.1564876 0.9505692 2.296005
64
-0.04914281 1.001329 2.364416
-0.05266903 1.314916 2.365038
-0.05430419 1.617301 2.354094
-0.04367953 1.74551 2.346013
-0.2070092 1.500429 2.328001
-0.3590355 1.53257 2.14493
-0.2684179 1.763374 2.207835
-0.2544445 1.797853 2.246135
0.117108 1.493484 2.365176
0.1440042 1.236472 2.359809
0.1371324 1.013211 2.294613
0.1201571 0.9602804 2.287633
-0.1237459 1.001198 2.323203
-0.142719 0.6910417 2.328729
-0.13403 0.2845763 2.353325
-0.1597882 0.2797085 2.281978
0.02840798 1.002033 2.332409
0.03837494 0.7024111 2.337149
0.03053608 0.3351084 2.345221
0.03990796 0.332424 2.232176
-0.0538927 1.543225 2.358699
-0.2444666 1.857609 2.274148
-0.2100387 1.78638 2.216387
0.1209671 0.887563 2.288699
0.1564876 0.9505692 2.296005
65
-0.04863043 1.001478 2.364379
-0.05224958 1.314992 2.365176
-0.05406743 1.617335 2.354348
-0.04257723 1.74536 2.346443
-0.205542 1.501393 2.326402
-0.3576478 1.534319 2.148066
-0.2667601 1.754749 2.205051
-0.2506843 1.789903 2.231435
0.1174066 1.493154 2.365978
0.143933 1.236349 2.36062
0.1372366 1.013301 2.294842
0.1203318 0.9601731 2.288251
-0.1231111 1.001448 2.322696
-0.1427176 0.691126 2.328701
-0.1340447 0.2845847 2.353361
-0.1597908 0.2797058 2.281983
0.02901251 1.002206 2.33281
0.03834786 0.7024812 2.337182
0.03053927 0.3351372 2.345222
0.04042596 0.3324548 2.232264
-0.05361625 1.543266 2.358946
-0.2431305 1.850908 2.25264
-0.2072337 1.780891 2.206565
0.1213428 0.8875272 2.289102
0.1569618 0.9492863 2.296325
66
-0.04863043 1.001478 2.364379
-0.05224958 1.314992 2.365176
-0.05406743 1.617335 2.354348
-0.04257723 1.74536 2.346443
-0.205542 1.501393 2.326402
-0.3576478 1.534319 2.148066
-0.2667601 1.754749 2.205051
-0.2506843 1.789903 2.231435
0.1174066 1.493154 2.365978
0.143933 1.236349 2.36062
0.1372366 1.013301 2.294842
0.1203318 0.9601731 2.288251
-0.1231111 1.001448 2.322696
-0.1427176 0.691126 2.328701
-0.1340447 0.2845847 2.353361
-0.1597908 0.2797058 2.281983
0.02901251 1.002206 2.33281
0.03834786 0.7024812 2.337182
0.03053927 0.3351372 2.345222
0.04042596 0.3324548 2.232264
-0.05361625 1.543266 2.358946
-0.2431305 1.850908 2.25264
-0.2072337 1.780891 2.206565
0.1213428 0.8875272 2.289102
0.1569618 0.9492863 2.296325
67
-0.04812557 1.001637 2.364338
-0.0518205 1.315078 2.365295
-0.05382079 1.617375 2.354564
-0.04150528 1.745213 2.34679
-0.2043611 1.502175 2.325067
-0.3558933 1.533196 2.150732
-0.2649132 1.726448 2.186867
-0.2467248 1.775503 2.201279
0.117693 1.492814 2.366718
0.1438611 1.236241 2.36144
0.138809 1.016963 2.297436
0.1204886 0.96 2.288666
-0.1224705 1.00171 2.32215
-0.1427181 0.6911991 2.328676
-0.1340699 0.2845896 2.353387
-0.159793 0.279703 2.281984
0.02956401 1.002373 2.333192
0.03831485 0.7026005 2.337217
0.03057862 0.3353243 2.345217
0.0410985 0.3326437 2.232334
-0.05333082 1.543314 2.359159
-0.238083 1.840751 2.215855
-0.2019718 1.762567 2.175484
0.1215445 0.8873615 2.28941
0.156932 0.9449565 2.294849
68
-0.04812557 1.001637 2.364338
-0.0518205 1.315078 2.365295
-0.05382079 1.617375 2.354564
-0.04150528 1.745213 2.34679
-0.2043611 1.502175 2.325067
-0.3558933 1.533196 2.150732
-0.2649132 1.726448 2.186867
-0.2467248 1.775503 2.201279
0.117693 1.492814 2.366718
0.1438611 1.236241 2.36144
0.138809 1.016963 2.297436
0.1204886 0.96 2.288666
-0.1224705 1.00171 2.32215
-0.1427181 0.6911991 2.328676
-0.1340699 0.2845896 2.353387
-0.159793 0.279703 2.281984
0.02956401 1.002373 2.333192
0.03831485 0.7026005 2.337217
0.03057862 0.3353243 2.345217
0.0410985 0.3326437 2.232334
-0.05333082 1.543314 2.359159
-0.238083 1.840751 2.215855
-0.2019718 1.762567 2.175484
0.1215445 0.8873615 2.28941
0.156932 0.9449565 2.294849
69
-0.04755986 1.001842 2.36429
-0.0513324 1.315187 2.365405
-0.05352964 1.617423 2.354764
-0.04048236 1.745088 2.34706
-0.203482 1.502749 2.324069
-0.3530442 1.519299 2.153687
-0.2607677 1.718477 2.174761
-0.2440788 1.767451 2.17316
0.1178583 1.4929 2.368576
0.1437795 1.236132 2.362301
0.1400542 1.019903 2.299467
0.1206859 0.9598125 2.289075
-0.1217676 1.002 2.321556
-0.1427207 0.6912822 2.328646
-0.1340956 0.2845942 2.35341
-0.1597952 0.2796999 2.281984
0.030118 1.002575 2.333578
0.03828115 0.702731 2.337254
0.03062218 0.3355215 2.345217
0.04196461 0.3328396 2.232446
-0.05299852 1.543374 2.359359
-0.2355915 1.828629 2.172436
-0.1969772 1.746318 2.140664
0.1220737 0.8874575 2.289721
0.1569841 0.9400973 2.29378
70
-0.04755986 1.001842 2.36429
-0.0513324 1.315187 2.365405
-0.05352964 1.617423 2.354764
-0.04048236 1.745088 2.34706
-0.203482 1.502749 2.324069
-0.3530442 1.519299 2.153687
-0.2607677 1.718477 2.174761
-0.2440788 1.767451 2.17316
0.1178583 1.4929 2.368576
0.1437795 1.236132 2.362301
0.1400542 1.019903 2.299467
0.1206859 0.9598125 2.289075
-0.1217676 1.002 2.321556
-0.1427207 0.6912822 2.328646
-0.1340956 0.2845942 2.35341
-0.1597952 0.2796999 2.281984
0.030118 1.002575 2.333578
0.03828115 0.702731 2.337254
0.03062218 0.3355215 2.345217
0.04196461 0.3328396 2.232446
-0.05299852 1.543374 2.359359
-0.2355915 1.828629 2.172436
-0.1969772 1.746318 2.140664
0.1220737 0.8874575 2.289721
0.1569841 0.9400973 2.29378
71
-0.04702689 1.002031 2.364227
-0.05083232 1.315289 2.365494
-0.05317396 1.617466 2.354952
-0.03952533 1.74496 2.347267
-0.2028271 1.503163 2.323306
-0.3484207 1.48833 2.155405
-0.2582972 1.676317 2.13983
-0.2418575 1.741938 2.131867
0.1180285 1.492862 2.370063
0.1437035 1.235985 2.36309
0.1409509 1.021987 2.300897
0.1207962 0.9595991 2.289351
-0.1211041 1.002258 2.32094
-0.1426699 0.6916709 2.328565
-0.1341374 0.2846005 2.353443
-0.1597969 0.2796953 2.281983
0.03060299 1.002751 2.333914
0.03824546 0.7028884 2.337296
0.03069904 0.3357951 2.345209
0.04281495 0.3331169 2.23253
-0.05261498 1.543427 2.359543
-0.2330036 1.806803 2.117989
-0.1950877 1.714979 2.102067
0.1222629 0.8873727 2.289888
0.1564704 0.9409093 2.292796
72
-0.04702689 1.002031 2.364227
-0.05083232 1.315289 2.365494
-0.05317396 1.617466 2.354952
-0.03952533 1.74496 2.347267
-0.2028271 1.503163 2.323306
-0.3484207 1.48833 2.155405
-0.2582972 1.676317 2.13983
-0.2418575 1.741938 2.131867
0.1180285 1.492862 2.370063
0.1437035 1.235985 2.36309
0.1409509 1.021987 2.300897
0.1207962 0.9595991 2.289351
-0.1211041 1.002258 2.32094
-0.1426699 0.6916709 2.328565
-0.1341374 0.2846005 2.353443
-0.1597969 0.2796953 2.281983
0.03060299 1.002751 2.333914
0.03824546 0.7028884 2.337296
0.03069904 0.3357951 2.345209
0.04281495 0.3331169 2.23253
-0.05261498 1.543427 2.359543
-0.2330036 1.806803 2.117989
-0.1950877 1.714979 2.102067
0.1222629 0.8873727 2.289888
0.1564704 0.9409093 2.292796
73
-0.04654174 1.002202 2.364147
-0.05036903 1.315377 2.365562
-0.05282748 1.617499 2.355117
-0.03862679 1.744833 2.347419
-0.2023363 1.503461 2.322743
-0.3409346 1.455463 2.155036
-0.2563191 1.638014 2.106912
-0.2409939 1.703965 2.085041
0.1182123 1.492769 2.371243
0.1436236 1.235835 2.363854
0.1412032 1.022586 2.301567
0.1208351 0.9594312 2.289538
-0.1205334 1.002479 2.320386
-0.1425989 0.6922919 2.328449
-0.1341599 0.2846099 2.353476
-0.1597982 0.2796902 2.281982
0.03101817 1.002895 2.334173
0.03820769 0.7030658 2.337333
0.03075764 0.3359143 2.345206
0.04352767 0.3332405 2.232602
-0.05224739 1.543471 2.359703
-0.2281513 1.763583 2.052211
-0.196978 1.66939 2.062721
0.1219618 0.8871786 2.28985
0.1548585 0.937094 2.290264
74
-0.04654174 1.002202 2.364147
-0.05036903 1.315377 2.365562
-0.05282748 1.617499 2.355117
-0.03862679 1.744833 2.347419
-0.2023363 1.503461 2.322743
-0.3409346 1.455463 2.155036
-0.2563191 1.638014 2.106912
-0.2409939 1.703965 2.085041
0.1182123 1.492769 2.371243
0.1436236 1.235835 2.363854
0.1412032 1.022586 2.301567
0.1208351 0.9594312 2.289538
-0.1205334 1.002479 2.320386
-0.1425989 0.6922919 2.328449
-0.1341599 0.2846099 2.353476
-0.1597982 0.2796902 2.281982
0.03101817 1.002895 2.334173
0.03820769 0.7030658 2.337333
0.03075764 0.3359143 2.345206
0.04352767 0.3332405 2.232602
-0.05224739 1.543471 2.359703
-0.2281513 1.763583 2.052211
-0.196978 1.66939 2.062721
0.1219618 0.8871786 2.28985
0.1548585 0.937094 2.290264
75
-0.04611793 1.002353 2.364072
-0.05002255 1.315445 2.365644
-0.05268551 1.617506 2.355419
-0.03774819 1.744722 2.347528
-0.2019625 1.50364 2.322316
-0.3297554 1.390283 2.177037
-0.2532485 1.580286 2.069318
-0.2416636 1.642991 2.036886
0.118373 1.492686 2.372179
0.1435715 1.235687 2.364578
0.1413292 1.022872 2.302091
0.1208873 0.959381 2.289731
-0.1200588 1.002664 2.319911
-0.1425293 0.6929046 2.328341
-0.134158 0.284623 2.353523
-0.1597992 0.2796847 2.281981
0.03137208 1.003016 2.334389
0.03815604 0.703292 2.337376
0.03080739 0.3360254 2.345203
0.04410481 0.3333607 2.232661
-0.05205349 1.543493 2.359937
-0.230853 1.699496 1.985281
-0.1965621 1.611203 2.01899
0.1217604 0.8870131 2.289793
0.1538034 0.9338977 2.289428
76
-0.04611793 1.002353 2.364072
-0.05002255 1.315445 2.365644
-0.05268551 1.617506 2.355419
-0.03774819 1.744722 2.347528
-0.2019625 1.50364 2.322316
-0.3297554 1.390283 2.177037
-0.2532485 1.580286 2.069318
-0.2416636 1.642991 2.036886
0.118373 1.492686 2.372179
0.1435715 1.235687 2.364578
0.1413292 1.022872 2.302091
0.1208873 0.959381 2.289731
-0.1200588 1.002664 2.319911
-0.1425293 0.6929046 2.328341
-0.134158 0.284623 2.353523
-0.1597992 0.2796847 2.281981
0.03137208 1.003016 2.334389
0.03815604 0.703292 2.337376
0.03080739 0.3360254 2.345203
0.04410481 0.3333607 2.232661
-0.05205349 1.543493 2.359937
-0.230853 1.699496 1.985281
-0.1965621 1.611203 2.01899
0.1217604 0.8870131 2.289793
0.1538034 0.9338977 2.289428
77
-0.04575404 1.002484 2.364005
-0.04972053 1.315501 2.365714
-0.05254657 1.617488 2.35568
-0.03685461 1.744614 2.3476
-0.2016748 1.503761 2.321994
-0.3170769 1.326538 2.219538
-0.2526025 1.50194 2.042982
-0.2419967 1.556247 1.992581
0.1185179 1.492609 2.372913
0.1435201 1.235604 2.365222
0.1413502 1.022919 2.302485
0.1208888 0.9596074 2.290085
-0.1196689 1.002819 2.319513
-0.1424768 0.6933685 2.328261
-0.1341395 0.2846383 2.353583
-0.1598007 0.2796787 2.281978
0.03166792 1.003119 2.334569
0.03810655 0.7035093 2.337421
0.03084892 0.3360824 2.345201
0.04457545 0.3334293 2.23271
-0.05187691 1.543496 2.360144
-0.2246964 1.600144 1.909213
-0.2153382 1.565404 1.974844
0.1216561 0.8869276 2.289856
0.1527542 0.9413557 2.290271
78
-0.04575404 1.002484 2.364005
-0.04972053 1.315501 2.365714
-0.05254657 1.617488 2.35568
-0.03685461 1.744614 2.3476
-0.2016748 1.503761 2.321994
-0.3170769 1.326538 2.219538
-0.2526025 1.50194 2.042982
-0.2419967 1.556247 1.992581
0.1185179 1.492609 2.372913
0.1435201 1.235604 2.365222
0.1413502 1.022919 2.302485
0.1208888 0.9596074 2.290085
-0.1196689 1.002819 2.319513
-0.1424768 0.6933685 2.328261
-0.1341395 0.2846383 2.353583
-0.1598007 0.2796787 2.281978
0.03166792 1.003119 2.334569
0.03810655 0.7035093 2.337421
0.03084892 0.3360824 2.345201
0.04457545 0.3334293 2.23271
-0.05187691 1.543496 2.360144
-0.2246964 1.600144 1.909213
-0.2153382 1.565404 1.974844
0.1216561 0.8869276 2.289856
0.1527542 0.9413557 2.290271
79
-0.04538411 1.002558 2.363923
-0.04942592 1.315532 2.365767
-0.05241172 1.617467 2.355883
-0.03596912 1.744496 2.347652
-0.2005429 1.503222 2.321673
-0.2950904 1.284416 2.256627
-0.2518899 1.464994 2.03071
-0.2415558 1.527249 1.971339
0.1187126 1.49247 2.373533
0.1434834 1.23557 2.365791
0.1412988 1.022767 2.302778
0.120926 0.959727 2.290277
-0.1192905 1.002893 2.31914
-0.1424399 0.693712 2.328201
-0.134123 0.2846516 2.353639
-0.159802 0.279673 2.281976
0.03194769 1.003171 2.334712
0.03805989 0.7035889 2.337464
0.03088634 0.3361101 2.345195
0.04497028 0.3334692 2.232738
-0.05170904 1.54349 2.360314
-0.2214673 1.563181 1.873291
-0.2204453 1.549987 1.955179
0.1216544 0.8868794 2.289969
0.1527052 0.9513417 2.291534
80
-0.04506223 1.002613 2.363848
-0.04915596 1.315553 2.365808
-0.05225895 1.617439 2.356047
-0.03512475 1.744377 2.347662
-0.1995852 1.502864 2.321621
-0.2551552 1.240245 2.297835
-0.2683349 1.341915 2.046989
-0.2435053 1.366579 1.957278
0.1189936 1.49223 2.374116
0.1434567 1.235558 2.366303
0.1415513 1.023521 2.303224
0.1209962 0.9596819 2.290389
-0.1189734 1.002943 2.318826
-0.1424223 0.693929 2.328161
-0.1341055 0.2846605 2.353686
-0.1598031 0.2796657 2.281973
0.03218262 1.003206 2.334828
0.0380206 0.7036368 2.337509
0.03089911 0.3360983 2.345186
0.04520056 0.3334728 2.23275
-0.05153388 1.543475 2.360455
-0.2517229 1.356989 1.895234
-0.2187624 1.371952 1.935269
0.1218455 0.8871149 2.289984
0.1525261 0.9527035 2.291678
81
-0.04506223 1.002613 2.363848
-0.04915596 1.315553 2.365808
-0.05225895 1.617439 2.356047
-0.03512475 1.744377 2.347662
-0.1995852 1.502864 2.321621
-0.2551552 1.240245 2.297835
-0.2683349 1.341915 2.046989
-0.2435053 1.366579 1.957278
0.1189936 1.49223 2.374116
0.1434567 1.235558 2.366303
0.1415513 1.023521 2.303224
0.1209962 0.9596819 2.290389
-0.1189734 1.002943 2.318826
-0.1424223 0.693929 2.328161
-0.1341055 0.2846605 2.353686
-0.1598031 0.2796657 2.281973
0.03218262 1.003206 2.334828
0.0380206 0.7036368 2.337509
0.03089911 0.3360983 2.345186
0.04520056 0.3334728 2.23275
-0.05153388 1.543475 2.360455
-0.2517229 1.356989 1.895234
-0.2187624 1.371952 1.935269
0.1218455 0.8871149 2.289984
0.1525261 0.9527035 2.291678
82
-0.04506223 1.002613 2.363848
-0.04915596 1.315553 2.365808
-0.05225895 1.617439 2.356047
-0.03512475 1.744377 2.347662
-0.1995852 1.502864 2.321621
-0.2551552 1.240245 2.297835
-0.2683349 1.341915 2.046989
-0.2435053 1.366579 1.957278
0.1189936 1.49223 2.374116
0.1434567 1.235558 2.366303
0.1415513 1.023521 2.303224
0.1209962 0.9596819 2.290389
-0.1189734 1.002943 2.318826
-0.1424223 0.693929 2.328161
-0.1341055 0.2846605 2.353686
-0.1598031 0.2796657 2.281973
0.03218262 1.003206 2.334828
0.0380206 0.7036368 2.337509
0.03089911 0.3360983 2.345186
0.04520056 0.3334728 2.23275
-0.05153388 1.543475 2.360455
-0.2517229 1.356989 1.895234
-0.2187624 1.371952 1.935269
0.1218455 0.8871149 2.289984
0.1525261 0.9527035 2.291678
83
-0.04478018 1.00265 2.36378
-0.0489109 1.315563 2.365842
-0.05211002 1.617406 2.356188
-0.03434827 1.744256 2.347649
-0.1989381 1.502507 2.321728
-0.2801412 1.277261 2.311785
-0.2805537 1.2331 2.065575
-0.2399574 1.21884 1.934709
0.1192799 1.49199 2.3746
0.1434398 1.235556 2.366742
0.1416989 1.023856 2.303621
0.1211398 0.9592628 2.290544
-0.1187056 1.002969 2.31856
-0.142411 0.6940852 2.328132
-0.1340892 0.2846684 2.35373
-0.1598061 0.279659 2.281967
0.03238577 1.003225 2.334926
0.03798455 0.7036691 2.337552
0.03090974 0.336089 2.345178
0.04536584 0.3334784 2.232758
-0.05136688 1.543454 2.360579
-0.2481043 1.190166 1.860203
-0.2182299 1.240333 1.921058
0.1218596 0.8870649 2.29008
0.1524072 0.9539663 2.291775
84
-0.04478018 1.00265 2.36378
-0.0489109 1.315563 2.365842
-0.05211002 1.617406 2.356188
-0.03434827 1.744256 2.347649
-0.1989381 1.502507 2.321728
-0.2801412 1.277261 2.311785
-0.2805537 1.2331 2.065575
-0.2399574 1.21884 1.934709
0.1192799 1.49199 2.3746
0.1434398 1.235556 2.366742
0.1416989 1.023856 2.303621
0.1211398 0.9592628 2.290544
-0.1187056 1.002969 2.31856
-0.142411 0.6940852 2.328132
-0.1340892 0.2846684 2.35373
-0.1598061 0.279659 2.281967
0.03238577 1.003225 2.334926
0.03798455 0.7036691 2.337552
0.03090974 0.336089 2.345178
0.04536584 0.3334784 2.232758
-0.05136688 1.543454 2.360579
-0.2481043 1.190166 1.860203
-0.2182299 1.240333 1.921058
0.1218596 0.8870649 2.29008
0.1524072 0.9539663 2.291775
85
-0.04453615 1.002676 2.36372
-0.04868893 1.315567 2.365868
-0.05195679 1.617373 2.356301
-0.03364621 1.744155 2.34757
-0.1984798 1.502195 2.321921
-0.2553024 1.258891 2.328936
-0.2671025 1.146394 2.099386
-0.2336246 1.0939 1.975641
0.1195673 1.491758 2.375
0.1434355 1.235565 2.367136
0.142044 1.024501 2.304118
0.1212346 0.9592294 2.290599
-0.1184814 1.002982 2.318336
-0.1424052 0.6942035 2.32811
-0.1340751 0.2846733 2.353766
-0.15981 0.2796516 2.281962
0.032558 1.003235 2.335007
0.03795515 0.7036776 2.337593
0.03091705 0.3360747 2.34517
0.04548715 0.3334788 2.232763
-0.05120188 1.543431 2.36068
-0.240482 1.049967 1.923831
-0.2096533 1.093219 1.943271
0.1222393 0.887473 2.290014
0.1523051 0.9548894 2.291831
86
-0.04453615 1.002676 2.36372
-0.04868893 1.315567 2.365868
-0.05195679 1.617373 2.356301
-0.03364621 1.744155 2.34757
-0.1984798 1.502195 2.321921
-0.2553024 1.258891 2.328936
-0.2671025 1.146394 2.099386
-0.2336246 1.0939 1.975641
0.1195673 1.491758 2.375
0.1434355 1.235565 2.367136
0.142044 1.024501 2.304118
0.1212346 0.9592294 2.290599
-0.1184814 1.002982 2.318336
-0.1424052 0.6942035 2.32811
-0.1340751 0.2846733 2.353766
-0.15981 0.2796516 2.281962
0.032558 1.003235 2.335007
0.03795515 0.7036776 2.337593
0.03091705 0.3360747 2.34517
0.04548715 0.3334788 2.232763
-0.05120188 1.543431 2.36068
-0.240482 1.049967 1.923831
-0.2096533 1.093219 1.943271
0.1222393 0.887473 2.290014
0.1523051 0.9548894 2.291831
87
-0.04428245 1.002682 2.363644
-0.04847332 1.31556 2.365874
-0.05181454 1.617338 2.35638
-0.03300067 1.744051 2.347405
-0.1982016 1.501854 2.322214
-0.2501751 1.255649 2.33347
-0.2416373 1.078971 2.14211
-0.229989 1.015233 2.057572
0.119835 1.491547 2.375302
0.1434362 1.235578 2.367474
0.1421954 1.02497 2.304482
0.1214043 0.9593747 2.290649
-0.1182556 1.002968 2.318129
-0.1423995 0.6942773 2.328093
-0.1340641 0.284681 2.353795
-0.1598152 0.2796491 2.281957
0.03272617 1.003231 2.335056
0.03791755 0.7036507 2.337632
0.03092204 0.3360556 2.345162
0.0455732 0.3334744 2.232764
-0.05104716 1.543404 2.360752
-0.2312608 0.951049 2.018024
-0.1901633 1.013191 2.084822
0.1224506 0.8875262 2.290634
0.1522103 0.9558211 2.291558
88
-0.04428245 1.002682 2.363644
-0.04847332 1.31556 2.365874
-0.05181454 1.617338 2.35638
-0.03300067 1.744051 2.347405
-0.1982016 1.501854 2.322214
-0.2501751 1.255649 2.33347
-0.2416373 1.078971 2.14211
-0.229989 1.015233 2.057572
0.119835 1.491547 2.375302
0.1434362 1.235578 2.367474
0.1421954 1.02497 2.304482
0.1214043 0.9593747 2.290649
-0.1182556 1.002968 2.318129
-0.1423995 0.6942773 2.328093
-0.1340641 0.284681 2.353795
-0.1598152 0.2796491 2.281957
0.03272617 1.003231 2.335056
0.03791755 0.7036507 2.337632
0.03092204 0.3360556 2.345162
0.0455732 0.3334744 2.232764
-0.05104716 1.543404 2.360752
-0.2312608 0.951049 2.018024
-0.1901633 1.013191 2.084822
0.1224506 0.8875262 2.290634
0.1522103 0.9558211 2.291558
89
-0.0440178 1.002655 2.363544
-0.04824612 1.315532 2.365849
-0.05165849 1.617297 2.356415
-0.0324457 1.743958 2.347204
-0.1981832 1.501291 2.322645
-0.2460309 1.245133 2.326254
-0.2320753 1.021727 2.175693
-0.2232246 0.9515394 2.134531
0.1200966 1.491352 2.375538
0.1434426 1.235595 2.367776
0.1422588 1.025131 2.304655
0.1215731 0.9595025 2.290706
-0.1180272 1.002908 2.317938
-0.1423928 0.6943146 2.328073
-0.1340539 0.2846946 2.353823
-0.1598232 0.2796516 2.281948
0.03290854 1.003202 2.335047
0.03788526 0.7036091 2.337674
0.03092552 0.3360308 2.345155
0.04563271 0.3334649 2.232761
-0.05088001 1.543366 2.360784
-0.2185645 0.8830292 2.120958
-0.181778 0.9436259 2.14986
0.1226166 0.8876913 2.290768
0.1523138 0.9574637 2.29158
90
-0.0440178 1.002655 2.363544
-0.04824612 1.315532 2.365849
-0.05165849 1.617297 2.356415
-0.0324457 1.743958 2.347204
-0.1981832 1.501291 2.322645
-0.2460309 1.245133 2.326254
-0.2320753 1.021727 2.175693
-0.2232246 0.9515394 2.134531
0.1200966 1.491352 2.375538
0.1434426 1.235595 2.367776
0.1422588 1.025131 2.304655
0.1215731 0.9595025 2.290706
-0.1180272 1.002908 2.317938
-0.1423928 0.6943146 2.328073
-0.1340539 0.2846946 2.353823
-0.1598232 0.2796516 2.281948
0.03290854 1.003202 2.335047
0.03788526 0.7036091 2.337674
0.03092552 0.3360308 2.345155
0.04563271 0.3334649 2.232761
-0.05088001 1.543366 2.360784
-0.2185645 0.8830292 2.120958
-0.181778 0.9436259 2.14986
0.1226166 0.8876913 2.290768
0.1523138 0.9574637 2.29158
91
-0.04373768 1.002595 2.363431
-0.0480129 1.315484 2.365801
-0.05149696 1.617244 2.35641
-0.03199389 1.743876 2.346968
-0.1985197 1.500366 2.323288
-0.2446066 1.236989 2.319841
-0.2271013 0.9813325 2.21681
-0.2173355 0.9220898 2.208078
0.1203476 1.491177 2.375709
0.1434494 1.235612 2.368048
0.1422605 1.025119 2.304777
0.1217971 0.9598399 2.290847
-0.1177772 1.00279 2.317774
-0.1423775 0.6943007 2.328052
-0.1340456 0.2847052 2.35385
-0.1598302 0.2796515 2.281942
0.03310825 1.003151 2.334999
0.03785638 0.7035359 2.337724
0.03092766 0.3359967 2.345147
0.04566605 0.3334491 2.232755
-0.05070773 1.543317 2.360781
-0.2076704 0.8493882 2.20876
-0.1784499 0.9265501 2.196222
0.1228832 0.8881902 2.290998
0.1532568 0.9483302 2.292071
92
-0.04373768 1.002595 2.363431
-0.0480129 1.315484 2.365801
-0.05149696 1.617244 2.35641
-0.03199389 1.743876 2.346968
-0.1985197 1.500366 2.323288
-0.2446066 1.236989 2.319841
-0.2271013 0.9813325 2.21681
-0.2173355 0.9220898 2.208078
0.1203476 1.491177 2.375709
0.1434494 1.235612 2.368048
0.1422605 1.025119 2.304777
0.1217971 0.9598399 2.290847
-0.1177772 1.00279 2.317774
-0.1423775 0.6943007 2.328052
-0.1340456 0.2847052 2.35385
-0.1598302 0.2796515 2.281942
0.03310825 1.003151 2.334999
0.03785638 0.7035359 2.337724
0.03092766 0.3359967 2.345147
0.04566605 0.3334491 2.232755
-0.05070773 1.543317 2.360781
-0.2076704 0.8493882 2.20876
-0.1784499 0.9265501 2.196222
0.1228832 0.8881902 2.290998
0.1532568 0.9483302 2.292071
93
-0.04347347 1.002517 2.363314
-0.04777987 1.315414 2.365714
-0.05130889 1.617168 2.356305
-0.03163786 1.743811 2.346638
-0.1993604 1.498998 2.323972
-0.2445685 1.230554 2.316817
-0.227723 0.9768757 2.247622
-0.2149463 0.9283876 2.260945
0.1205962 1.491021 2.375813
0.1434567 1.235641 2.3683
0.142207 1.024948 2.304839
0.1219656 0.9599717 2.290892
-0.117541 1.002649 2.31763
-0.1423684 0.6942393 2.328018
-0.1340367 0.2847181 2.353878
-0.1598364 0.2796502 2.281934
0.03329989 1.003085 2.334922
0.03783604 0.7034697 2.337769
0.03090768 0.3359412 2.345144
0.04563578 0.3334084 2.232753
-0.05051714 1.543244 2.360701
-0.2057423 0.8470272 2.268338
-0.1735182 0.9287834 2.238515
0.1230686 0.8885178 2.291197
0.1534939 0.9472681 2.292119
94
-0.04347347 1.002517 2.363314
-0.04777987 1.315414 2.365714
-0.05130889 1.617168 2.356305
-0.03163786 1.743811 2.346638
-0.1993604 1.498998 2.323972
-0.2445685 1.230554 2.316817
-0.227723 0.9768757 2.247622
-0.2149463 0.9283876 2.260945
0.1205962 1.491021 2.375813
0.1434567 1.235641 2.3683
0.142207 1.024948 2.304839
0.1219656 0.9599717 2.290892
-0.117541 1.002649 2.31763
-0.1423684 0.6942393 2.328018
-0.1340367 0.2847181 2.353878
-0.1598364 0.2796502 2.281934
0.03329989 1.003085 2.334922
0.03783604 0.7034697 2.337769
0.03090768 0.3359412 2.345144
0.04563578 0.3334084 2.232753
-0.05051714 1.543244 2.360701
-0.2057423 0.8470272 2.268338
-0.1735182 0.9287834 2.238515
0.1230686 0.8885178 2.291197
0.1534939 0.9472681 2.292119
95
-0.04326419 1.002441 2.363219
-0.04756819 1.315339 2.365616
-0.05108618 1.617061 2.356091
-0.03141981 1.743748 2.346202
-0.2005268 1.497503 2.324712
-0.2444206 1.226179 2.316219
-0.2358008 0.9743953 2.290404
-0.2171134 0.9377081 2.297838
0.1208278 1.490888 2.375844
0.1434673 1.235671 2.368515
0.1421054 1.024547 2.304816
0.1221846 0.9601736 2.290975
-0.117367 1.002521 2.317543
-0.1423606 0.6941656 2.327986
-0.1340307 0.2847327 2.353901
-0.1598455 0.2796512 2.281918
0.0334495 1.003016 2.334838
0.03782061 0.7034025 2.337812
0.03089923 0.3359052 2.345144
0.04559747 0.3333861 2.232758
-0.05031107 1.543151 2.360553
-0.207891 0.8631337 2.299859
-0.1774647 0.9329283 2.261994
0.1231949 0.8887054 2.291273
0.1538269 0.9462708 2.291871
96
-0.04326419 1.002441 2.363219
-0.04756819 1.315339 2.365616
-0.05108618 1.617061 2.356091
-0.03141981 1.743748 2.346202
-0.2005268 1.497503 2.324712
-0.2444206 1.226179 2.316219
-0.2358008 0.9743953 2.290404
-0.2171134 0.9377081 2.297838
0.1208278 1.490888 2.375844
0.1434673 1.235671 2.368515
0.1421054 1.024547 2.304816
0.1221846 0.9601736 2.290975
-0.117367 1.002521 2.317543
-0.1423606 0.6941656 2.327986
-0.1340307 0.2847327 2.353901
-0.1598455 0.2796512 2.281918
0.0334495 1.003016 2.334838
0.03782061 0.7034025 2.337812
0.03089923 0.3359052 2.345144
0.04559747 0.3333861 2.232758
-0.05031107 1.543151 2.360553
-0.207891 0.8631337 2.299859
-0.1774647 0.9329283 2.261994
0.1231949 0.8887054 2.291273
0.1538269 0.9462708 2.291871
97
-0.0431298 1.00238 2.363154
-0.04738772 1.31526 2.365499
-0.05081443 1.616912 2.355641
-0.03137603 1.743687 2.345427
-0.2016171 1.49623 2.325331
-0.2445796 1.22264 2.317483
-0.2401001 0.9804813 2.30568
-0.2178462 0.9452708 2.315304
0.1210697 1.490783 2.375736
0.1434815 1.23572 2.36871
0.1419779 1.023951 2.30469
0.1224352 0.9604077 2.290913
-0.1172623 1.002421 2.317506
-0.1423536 0.6940837 2.327955
-0.1340257 0.2847449 2.353918
-0.1598514 0.2796516 2.281902
0.03354339 1.002949 2.334759
0.03781652 0.7033221 2.337848
0.03088922 0.3358547 2.345143
0.04551557 0.3333479 2.232752
-0.05008529 1.543028 2.360261
-0.2060986 0.861669 2.314979
-0.1809001 0.9349507 2.273481
0.1236022 0.8891367 2.291558
0.1542288 0.9464299 2.291534
98
-0.0431298 1.00238 2.363154
-0.04738772 1.31526 2.365499
-0.05081443 1.616912 2.355641
-0.03137603 1.743687 2.345427
-0.2016171 1.49623 2.325331
-0.2445796 1.22264 2.317483
-0.2401001 0.9804813 2.30568
-0.2178462 0.9452708 2.315304
0.1210697 1.490783 2.375736
0.1434815 1.23572 2.36871
0.1419779 1.023951 2.30469
0.1224352 0.9604077 2.290913
-0.1172623 1.002421 2.317506
-0.1423536 0.6940837 2.327955
-0.1340257 0.2847449 2.353918
-0.1598514 0.2796516 2.281902
0.03354339 1.002949 2.334759
0.03781652 0.7033221 2.337848
0.03088922 0.3358547 2.345143
0.04551557 0.3333479 2.232752
-0.05008529 1.543028 2.360261
-0.2060986 0.861669 2.314979
-0.1809001 0.9349507 2.273481
0.1236022 0.8891367 2.291558
0.1542288 0.9464299 2.291534
99
-0.04304561 1.002343 2.363132
-0.04724285 1.315192 2.365398
-0.05056841 1.616774 2.355183
-0.03152157 1.743684 2.344553
-0.2027551 1.495191 2.32614
-0.245656 1.219583 2.326339
-0.2437496 0.9886278 2.316597
-0.2199446 0.9600574 2.324589
0.1212903 1.490704 2.375595
0.1434985 1.235771 2.368883
0.1418592 1.023291 2.304596
0.1226674 0.9607435 2.291368
-0.1172032 1.002326 2.317569
-0.1423452 0.6940036 2.32794
-0.1340204 0.2847521 2.353937
-0.1598558 0.2796499 2.28189
0.03359716 1.002907 2.334722
0.03781655 0.7031922 2.337921
0.03088168 0.3358303 2.34515
0.04541548 0.3333445 2.232768
-0.04988225 1.542913 2.359963
-0.2130671 0.8853312 2.318565
-0.1848058 0.9595036 2.284957
0.1241316 0.8902699 2.29212
0.1550959 0.947095 2.292377
100
-0.04304561 1.002343 2.363132
-0.04724285 1.315192 2.365398
-0.05056841 1.616774 2.355183
-0.03152157 1.743684 2.344553
-0.2027551 1.495191 2.32614
-0.245656 1.219583 2.326339
-0.2437496 0.9886278 2.316597
-0.2199446 0.9600574 2.324589
0.1212903 1.490704 2.375595
0.1434985 1.235771 2.368883
0.1418592 1.023291 2.304596
0.1226674 0.9607435 2.291368
-0.1172032 1.002326 2.317569
-0.1423452 0.6940036 2.32794
-0.1340204 0.2847521 2.353937
-0.1598558 0.2796499 2.28189
0.03359716 1.002907 2.334722
0.03781655 0.7031922 2.337921
0.03088168 0.3358303 2.34515
0.04541548 0.3333445 2.232768
-0.04988225 1.542913 2.359963
-0.2130671 0.8853312 2.318565
-0.1848058 0.9595036 2.284957
0.1241316 0.8902699 2.29212
0.1550959 0.947095 2.292377
101
-0.04298713 1.002307 2.363133
-0.04712401 1.31513 2.365299
-0.05034515 1.616633 2.354588
-0.03209322 1.743729 2.343217
-0.2038048 1.494387 2.32693
-0.2464716 1.217973 2.333406
-0.2465923 0.9994819 2.316384
-0.2222966 0.9695646 2.322958
0.1215291 1.490715 2.375131
0.1435203 1.235822 2.369031
0.1417501 1.022569 2.304487
0.1229608 0.9609521 2.291585
-0.1171874 1.002229 2.317731
-0.1423363 0.6939231 2.327929
-0.1340156 0.2847587 2.353956
-0.1598573 0.2796485 2.281881
0.03363046 1.00287 2.334696
0.0378332 0.7030679 2.337997
0.03087964 0.335825 2.345157
0.04527093 0.3333616 2.232775
-0.04970057 1.542798 2.359587
-0.2129806 0.8922021 2.320253
-0.1870302 0.9737969 2.274578
0.124349 0.8905324 2.292337
0.1558057 0.9484469 2.292518
102
-0.04295214 1.002272 2.363153
-0.04702961 1.31507 2.365204
-0.05016198 1.616486 2.353964
-0.03292051 1.743754 2.341746
-0.2048486 1.493777 2.327719
-0.2471864 1.21723 2.338929
-0.2480136 1.006939 2.314004
-0.2240476 0.9751761 2.314838
0.121742 1.49077 2.374428
0.1435466 1.235873 2.36915
0.141656 1.021893 2.30437
0.1231569 0.9612242 2.291706
-0.1172205 1.002125 2.317983
-0.1423106 0.6935162 2.327964
-0.1340147 0.2847578 2.353969
-0.1598578 0.2796465 2.281872
0.03364658 1.002835 2.334673
0.03786067 0.7029527 2.338073
0.03088114 0.3358329 2.345165
0.04508556 0.333392 2.232779
-0.04954979 1.542676 2.359184
-0.2139545 0.8977682 2.310335
-0.1899323 0.9787094 2.269052
0.1241805 0.8908091 2.292474
0.1560631 0.9485878 2.292579
103
-0.04295214 1.002272 2.363153
-0.04702961 1.31507 2.365204
-0.05016198 1.616486 2.353964
-0.03292051 1.743754 2.341746
-0.2048486 1.493777 2.327719
-0.2471864 1.21723 2.338929
-0.2480136 1.006939 2.314004
-0.2240476 0.9751761 2.314838
0.121742 1.49077 2.374428
0.1435466 1.235873 2.36915
0.141656 1.021893 2.30437
0.1231569 0.9612242 2.291706
-0.1172205 1.002125 2.317983
-0.1423106 0.6935162 2.327964
-0.1340147 0.2847578 2.353969
-0.1598578 0.2796465 2.281872
0.03364658 1.002835 2.334673
0.03786067 0.7029527 2.338073
0.03088114 0.3358329 2.345165
0.04508556 0.333392 2.232779
-0.04954979 1.542676 2.359184
-0.2139545 0.8977682 2.310335
-0.1899323 0.9787094 2.269052
0.1241805 0.8908091 2.292474
0.1560631 0.9485878 2.292579
104
-0.04295214 1.002272 2.363153
-0.04702961 1.31507 2.365204
-0.05016198 1.616486 2.353964
-0.03292051 1.743754 2.341746
-0.2048486 1.493777 2.327719
-0.2471864 1.21723 2.338929
-0.2480136 1.006939 2.314004
-0.2240476 0.9751761 2.314838
0.121742 1.49077 2.374428
0.1435466 1.235873 2.36915
0.141656 1.021893 2.30437
0.1231569 0.9612242 2.291706
-0.1172205 1.002125 2.317983
-0.1423106 0.6935162 2.327964
-0.1340147 0.2847578 2.353969
-0.1598578 0.2796465 2.281872
0.03364658 1.002835 2.334673
0.03786067 0.7029527 2.338073
0.03088114 0.3358329 2.345165
0.04508556 0.333392 2.232779
-0.04954979 1.542676 2.359184
-0.2139545 0.8977682 2.310335
-0.1899323 0.9787094 2.269052
0.1241805 0.8908091 2.292474
0.1560631 0.9485878 2.292579
105
-0.04293581 1.002243 2.363191
-0.04695643 1.315015 2.365111
-0.05003712 1.616331 2.353277
-0.0339959 1.743772 2.34019
-0.2059273 1.493268 2.328511
-0.2477872 1.217059 2.34308
-0.248603 1.012204 2.310388
-0.2255317 0.9772499 2.307446
0.1216718 1.491293 2.37411
0.1440654 1.236618 2.369177
0.1415742 1.021269 2.304249
0.1234055 0.9614901 2.29186
-0.1172802 1.002034 2.318305
-0.1422892 0.6931399 2.328001
-0.1340092 0.2847556 2.353977
-0.1598578 0.2796446 2.281864
0.03364892 1.002806 2.334655
0.03790544 0.7028334 2.338154
0.03088199 0.335833 2.345173
0.04495937 0.3334141 2.232787
-0.04944041 1.542551 2.358733
-0.2187545 0.8968507 2.304392
-0.1914541 0.9775723 2.263727
0.1242709 0.8910267 2.292965
0.1563222 0.94851 2.292493
106
-0.04293581 1.002243 2.363191
-0.04695643 1.315015 2.365111
-0.05003712 1.616331 2.353277
-0.0339959 1.743772 2.34019
-0.2059273 1.493268 2.328511
-0.2477872 1.217059 2.34308
-0.248603 1.012204 2.310388
-0.2255317 0.9772499 2.307446
0.1216718 1.491293 2.37411
0.1440654 1.236618 2.369177
0.1415742 1.021269 2.304249
0.1234055 0.9614901 2.29186
-0.1172802 1.002034 2.318305
-0.1422892 0.6931399 2.328001
-0.1340092 0.2847556 2.353977
-0.1598578 0.2796446 2.281864
0.03364892 1.002806 2.334655
0.03790544 0.7028334 2.338154
0.03088199 0.335833 2.345173
0.04495937 0.3334141 2.232787
-0.04944041 1.542551 2.358733
-0.2187545 0.8968507 2.304392
-0.1914541 0.9775723 2.263727
0.1242709 0.8910267 2.292965
0.1563222 0.94851 2.292493
107
-0.04293614 1.002214 2.363245
-0.04690221 1.314961 2.365016
-0.04996659 1.616165 2.352563
-0.03532324 1.743733 2.338579
-0.2071096 1.492827 2.329366
-0.2482754 1.217145 2.346132
-0.2488452 1.015562 2.30693
-0.2266281 0.9779857 2.301755
0.1214987 1.491917 2.373071
0.1445097 1.237246 2.369121
0.1415001 1.020658 2.304098
0.1235446 0.9616458 2.291844
-0.1173635 1.001954 2.318665
-0.1422636 0.6928385 2.328046
-0.1340058 0.2847861 2.353972
-0.159851 0.2796812 2.281856
0.03363868 1.002777 2.334639
0.0379657 0.7027218 2.338234
0.03088287 0.3358308 2.345178
0.04470899 0.3334367 2.232781
-0.04937171 1.542417 2.358248
-0.2200266 0.8987297 2.297936
-0.1924631 0.97826 2.259836
0.1240716 0.8911614 2.2929
0.1569258 0.9458487 2.292241
108
-0.04293614 1.002214 2.363245
-0.04690221 1.314961 2.365016
-0.04996659 1.616165 2.352563
-0.03532324 1.743733 2.338579
-0.2071096 1.492827 2.329366
-0.2482754 1.217145 2.346132
-0.2488452 1.015562 2.30693
-0.2266281 0.9779857 2.301755
0.1214987 1.491917 2.373071
0.1445097 1.237246 2.369121
0.1415001 1.020658 2.304098
0.1235446 0.9616458 2.291844
-0.1173635 1.001954 2.318665
-0.1422636 0.6928385 2.328046
-0.1340058 0.2847861 2.353972
-0.159851 0.2796812 2.281856
0.03363868 1.002777 2.334639
0.0379657 0.7027218 2.338234
0.03088287 0.3358308 2.345178
0.04470899 0.3334367 2.232781
-0.04937171 1.542417 2.358248
-0.2200266 0.8987297 2.297936
-0.1924631 0.97826 2.259836
0.1240716 0.8911614 2.2929
0.1569258 0.9458487 2.292241
109
-0.042964 1.002183 2.363333
-0.046868 1.31491 2.364928
-0.04994398 1.616009 2.351897
-0.03660076 1.743691 2.337164
-0.20831 1.492475 2.330265
-0.2486293 1.217342 2.348365
-0.2489045 1.017543 2.304334
-0.2272794 0.9780305 2.298109
0.1212976 1.49255 2.371793
0.1458109 1.239898 2.3686
0.1414309 1.02006 2.303899
0.1237339 0.9618934 2.291815
-0.1174899 1.001875 2.319108
-0.1422199 0.6924575 2.328154
-0.1340096 0.2847983 2.353962
-0.1598443 0.2797126 2.281849
0.03361079 1.002748 2.334629
0.03804207 0.702617 2.338316
0.03088419 0.3358033 2.345176
0.0444109 0.3334368 2.232746
-0.04934166 1.542288 2.357783
-0.2215884 0.9003867 2.294764
-0.1929622 0.9770363 2.256236
0.1239257 0.891288 2.292948
0.157368 0.9473888 2.291905
110
-0.042964 1.002183 2.363333
-0.046868 1.31491 2.364928
-0.04994398 1.616009 2.351897
-0.03660076 1.743691 2.337164
-0.20831 1.492475 2.330265
-0.2486293 1.217342 2.348365
-0.2489045 1.017543 2.304334
-0.2272794 0.9780305 2.298109
0.1212976 1.49255 2.371793
0.1458109 1.239898 2.3686
0.1414309 1.02006 2.303899
0.1237339 0.9618934 2.291815
-0.1174899 1.001875 2.319108
-0.1422199 0.6924575 2.328154
-0.1340096 0.2847983 2.353962
-0.1598443 0.2797126 2.281849
0.03361079 1.002748 2.334629
0.03804207 0.702617 2.338316
0.03088419 0.3358033 2.345176
0.0444109 0.3334368 2.232746
-0.04934166 1.542288 2.357783
-0.2215884 0.9003867 2.294764
-0.1929622 0.9770363 2.256236
0.1239257 0.891288 2.292948
0.157368 0.9473888 2.291905
111
-0.04301988 1.002156 2.363443
-0.04685036 1.314862 2.364843
-0.04994628 1.615874 2.351299
-0.03776092 1.743662 2.335986
-0.209444 1.492244 2.331138
-0.2489012 1.217593 2.350006
-0.2488815 1.018673 2.302488
-0.2277464 0.9773446 2.295455
0.121088 1.493116 2.370452
0.1471455 1.243323 2.367904
0.14136 1.019475 2.303658
0.1238187 0.9620441 2.291725
-0.1176543 1.001803 2.31959
-0.1421773 0.6921188 2.328271
-0.134014 0.2848034 2.353951
-0.1598378 0.2797398 2.281845
0.03355518 1.002722 2.334618
0.03813278 0.7025332 2.338397
0.03087698 0.3357362 2.345176
0.04398771 0.3333984 2.23272
-0.04933513 1.542172 2.357349
-0.2227008 0.9006143 2.293025
-0.1938172 0.9760194 2.253554
0.1228128 0.8913739 2.292043
0.157486 0.9457784 2.291433
112
-0.04301988 1.002156 2.363443
-0.04685036 1.314862 2.364843
-0.04994628 1.615874 2.351299
-0.03776092 1.743662 2.335986
-0.209444 1.492244 2.331138
-0.2489012 1.217593 2.350006
-0.2488815 1.018673 2.302488
-0.2277464 0.9773446 2.295455
0.121088 1.493116 2.370452
0.1471455 1.243323 2.367904
0.14136 1.019475 2.303658
0.1238187 0.9620441 2.291725
-0.1176543 1.001803 2.31959
-0.1421773 0.6921188 2.328271
-0.134014 0.2848034 2.353951
-0.1598378 0.2797398 2.281845
0.03355518 1.002722 2.334618
0.03813278 0.7025332 2.338397
0.03087698 0.3357362 2.345176
0.04398771 0.3333984 2.23272
-0.04933513 1.542172 2.357349
-0.2227008 0.9006143 2.293025
-0.1938172 0.9760194 2.253554
0.1228128 0.8913739 2.292043
0.157486 0.9457784 2.291433
113
-0.04309615 1.002133 2.36357
-0.04685003 1.314816 2.364755
-0.04999244 1.61575 2.350722
-0.03878901 1.743647 2.335024
-0.2104673 1.492075 2.331943
-0.2491013 1.21786 2.351216
-0.2487822 1.019257 2.300999
-0.2278708 0.9762408 2.29317
0.1208888 1.4936 2.369159
0.1476788 1.244774 2.367301
0.1412798 1.018866 2.303338
0.1238447 0.9621235 2.291571
-0.1178408 1.001746 2.320094
-0.1421382 0.6918471 2.328379
-0.1340189 0.2848059 2.353939
-0.1598302 0.2797639 2.281845
0.03348386 1.002698 2.334608
0.03823074 0.7024577 2.338475
0.03086587 0.3356503 2.345177
0.043509 0.3333416 2.232703
-0.04936565 1.542065 2.356918
-0.2227153 0.9002806 2.291055
-0.1941618 0.9750583 2.251595
0.1226086 0.891425 2.291941
0.1576164 0.945708 2.291245
114
-0.04309615 1.002133 2.36357
-0.04685003 1.314816 2.364755
-0.04999244 1.61575 2.350722
-0.03878901 1.743647 2.335024
-0.2104673 1.492075 2.331943
-0.2491013 1.21786 2.351216
-0.2487822 1.019257 2.300999
-0.2278708 0.9762408 2.29317
0.1208888 1.4936 2.369159
0.1476788 1.244774 2.367301
0.1412798 1.018866 2.303338
0.1238447 0.9621235 2.291571
-0.1178408 1.001746 2.320094
-0.1421382 0.6918471 2.328379
-0.1340189 0.2848059 2.353939
-0.1598302 0.2797639 2.281845
0.03348386 1.002698 2.334608
0.03823074 0.7024577 2.338475
0.03086587 0.3356503 2.345177
0.043509 0.3333416 2.232703
-0.04936565 1.542065 2.356918
-0.2227153 0.9002806 2.291055
-0.1941618 0.9750583 2.251595
0.1226086 0.891425 2.291941
0.1576164 0.945708 2.291245
115
-0.04317953 1.002111 2.363701
-0.0468611 1.314773 2.364667
-0.05006194 1.615646 2.350185
-0.03974084 1.743637 2.334183
-0.2113421 1.491963 2.332625
-0.2492509 1.218123 2.352092
-0.2486162 1.019455 2.299766
-0.2275572 0.9739208 2.291108
0.1206908 1.493995 2.367871
0.1480088 1.24576 2.366779
0.141199 1.018292 2.302994
0.123879 0.9621587 2.291342
-0.1180306 1.001691 2.320598
-0.1421024 0.6916145 2.328475
-0.1340226 0.2848108 2.353923
-0.1598224 0.2797895 2.281845
0.03340532 1.002677 2.334597
0.03833655 0.7023827 2.338548
0.03085404 0.3355567 2.345178
0.04302458 0.3332754 2.23268
-0.04941734 1.54197 2.356503
-0.2225779 0.8963867 2.290626
-0.193932 0.9733853 2.24989
0.1221899 0.891053 2.291951
0.1575106 0.9475116 2.290768
116
-0.04317953 1.002111 2.363701
-0.0468611 1.314773 2.364667
-0.05006194 1.615646 2.350185
-0.03974084 1.743637 2.334183
-0.2113421 1.491963 2.332625
-0.2492509 1.218123 2.352092
-0.2486162 1.019455 2.299766
-0.2275572 0.9739208 2.291108
0.1206908 1.493995 2.367871
0.1480088 1.24576 2.366779
0.141199 1.018292 2.302994
0.123879 0.9621587 2.291342
-0.1180306 1.001691 2.320598
-0.1421024 0.6916145 2.328475
-0.1340226 0.2848108 2.353923
-0.1598224 0.2797895 2.281845
0.03340532 1.002677 2.334597
0.03833655 0.7023827 2.338548
0.03085404 0.3355567 2.345178
0.04302458 0.3332754 2.23268
-0.04941734 1.54197 2.356503
-0.2225779 0.8963867 2.290626
-0.193932 0.9733853 2.24989
0.1221899 0.891053 2.291951
0.1575106 0.9475116 2.290768
117
-0.04329053 1.002094 2.363858
-0.04688578 1.314733 2.364586
-0.05014207 1.615559 2.349725
-0.04056162 1.743639 2.333516
-0.2122004 1.491967 2.333375
-0.2493642 1.218434 2.3528
-0.2484442 1.019483 2.298871
-0.2273556 0.9721017 2.290153
0.1205252 1.494309 2.366788
0.1482882 1.247203 2.366169
0.1411291 1.01779 2.302668
0.1239088 0.9622018 2.29125
-0.1182436 1.001646 2.321125
-0.1420716 0.6914122 2.32857
-0.1340201 0.2848148 2.353938
-0.1598164 0.2798063 2.281849
0.03330573 1.002658 2.334589
0.03848285 0.7023392 2.33864
0.03084281 0.3355024 2.345177
0.0425959 0.3332523 2.232659
-0.04948203 1.541889 2.356138
-0.221991 0.894486 2.289679
-0.193875 0.970962 2.249102
0.1220634 0.8910425 2.291887
0.1575333 0.9477435 2.290611
118
-0.04329053 1.002094 2.363858
-0.04688578 1.314733 2.364586
-0.05014207 1.615559 2.349725
-0.04056162 1.743639 2.333516
-0.2122004 1.491967 2.333375
-0.2493642 1.218434 2.3528
-0.2484442 1.019483 2.298871
-0.2273556 0.9721017 2.290153
0.1205252 1.494309 2.366788
0.1482882 1.247203 2.366169
0.1411291 1.01779 2.302668
0.1239088 0.9622018 2.29125
-0.1182436 1.001646 2.321125
-0.1420716 0.6914122 2.32857
-0.1340201 0.2848148 2.353938
-0.1598164 0.2798063 2.281849
0.03330573 1.002658 2.334589
0.03848285 0.7023392 2.33864
0.03084281 0.3355024 2.345177
0.0425959 0.3332523 2.232659
-0.04948203 1.541889 2.356138
-0.221991 0.894486 2.289679
-0.193875 0.970962 2.249102
0.1220634 0.8910425 2.291887
0.1575333 0.9477435 2.290611
119
-0.04340136 1.002079 2.364012
-0.04692352 1.314692 2.364502
-0.05026317 1.615474 2.349281
-0.04125696 1.743644 2.332994
-0.212923 1.491992 2.334018
-0.249442 1.218733 2.353341
-0.2482606 1.019355 2.298177
-0.2271285 0.970592 2.289304
0.1203867 1.494555 2.365856
0.1484452 1.247929 2.365704
0.1410715 1.017364 2.302367
0.123924 0.9622267 2.291099
-0.1184386 1.001608 2.321606
-0.1420449 0.6912271 2.328661
-0.1340169 0.2848185 2.353953
-0.1598096 0.2798222 2.281856
0.03320506 1.002642 2.334582
0.03863866 0.7023133 2.338731
0.03082127 0.3354677 2.345188
0.04213062 0.3332462 2.232669
-0.04957969 1.54181 2.355778
-0.2213389 0.8926613 2.289444
-0.1937737 0.9698577 2.248173
0.12179 0.8910207 2.2918
0.1575408 0.9464087 2.290334
120
-0.04340136 1.002079 2.364012
-0.04692352 1.314692 2.364502
-0.05026317 1.615474 2.349281
-0.04125696 1.743644 2.332994
-0.212923 1.491992 2.334018
-0.249442 1.218733 2.353341
-0.2482606 1.019355 2.298177
-0.2271285 0.970592 2.289304
0.1203867 1.494555 2.365856
0.1484452 1.247929 2.365704
0.1410715 1.017364 2.302367
0.123924 0.9622267 2.291099
-0.1184386 1.001608 2.321606
-0.1420449 0.6912271 2.328661
-0.1340169 0.2848185 2.353953
-0.1598096 0.2798222 2.281856
0.03320506 1.002642 2.334582
0.03863866 0.7023133 2.338731
0.03082127 0.3354677 2.345188
0.04213062 0.3332462 2.232669
-0.04957969 1.54181 2.355778
-0.2213389 0.8926613 2.289444
-0.1937737 0.9698577 2.248173
0.12179 0.8910207 2.2918
0.1575408 0.9464087 2.290334
121
-0.04352179 1.002074 2.364179
-0.04697287 1.314656 2.364425
-0.05039783 1.615402 2.3489
-0.04184068 1.743652 2.332594
-0.2135551 1.492052 2.334601
-0.2494961 1.219007 2.353752
-0.2480759 1.019116 2.297671
-0.2269248 0.9694015 2.28892
0.12027 1.494759 2.365082
0.148589 1.248542 2.365313
0.1410233 1.016999 2.302092
0.1239486 0.9622438 2.291046
-0.1186319 1.001595 2.322093
-0.142021 0.6910673 2.328743
-0.1340117 0.2848213 2.353967
-0.1598031 0.2798357 2.281861
0.03309736 1.002631 2.334575
0.03879758 0.7022972 2.338819
0.03080009 0.3354587 2.345201
0.04171134 0.3332631 2.232679
-0.04969127 1.541742 2.355461
-0.2216877 0.8919062 2.289628
-0.1936448 0.9678943 2.247666
0.1213702 0.8906817 2.291719
0.1584167 0.9525928 2.293134
122
-0.04352179 1.002074 2.364179
-0.04697287 1.314656 2.364425
-0.05039783 1.615402 2.3489
-0.04184068 1.743652 2.332594
-0.2135551 1.492052 2.334601
-0.2494961 1.219007 2.353752
-0.2480759 1.019116 2.297671
-0.2269248 0.9694015 2.28892
0.12027 1.494759 2.365082
0.148589 1.248542 2.365313
0.1410233 1.016999 2.302092
0.1239486 0.9622438 2.291046
-0.1186319 1.001595 2.322093
-0.142021 0.6910673 2.328743
-0.1340117 0.2848213 2.353967
-0.1598031 0.2798357 2.281861
0.03309736 1.002631 2.334575
0.03879758 0.7022972 2.338819
0.03080009 0.3354587 2.345201
0.04171134 0.3332631 2.232679
-0.04969127 1.541742 2.355461
-0.2216877 0.8919062 2.289628
-0.1936448 0.9678943 2.247666
0.1213702 0.8906817 2.291719
0.1584167 0.9525928 2.293134
