107
1
0.2570897 1.13458 2.305853
0.2485137 1.453485 2.298953
0.239049 1.760355 2.280964
0.261632 1.908896 2.261669
0.06782578 1.627336 2.271783
0.01151239 1.397357 2.275853
0.03917886 1.184959 2.229593
0.04941733 1.133521 2.226772
0.42462 1.615438 2.272108
0.4720832 1.383791 2.270139
0.472019 1.172104 2.229649
0.4582027 1.126921 2.223079
0.1750347 1.131788 2.268315
0.1584042 0.808354 2.348788
0.141108 0.4503558 2.464258
0.09400343 0.4225726 2.371064
0.331996 1.1331 2.269668
0.3485747 0.8151653 2.332498
0.3643292 0.4527749 2.453898
0.3863846 0.4227631 2.361449
0.2416095 1.685316 2.287547
0.06037395 1.073918 2.232618
0.01306595 1.113355 2.222999
0.4513694 1.066882 2.225979
0.4186669 1.130156 2.199346
2
0.2570897 1.13458 2.305853
0.2485137 1.453485 2.298953
0.239049 1.760355 2.280964
0.261632 1.908896 2.261669
0.06782578 1.627336 2.271783
0.01151239 1.397357 2.275853
0.03917886 1.184959 2.229593
0.04941733 1.133521 2.226772
0.42462 1.615438 2.272108
0.4720832 1.383791 2.270139
0.472019 1.172104 2.229649
0.4582027 1.126921 2.223079
0.1750347 1.131788 2.268315
0.1584042 0.808354 2.348788
0.141108 0.4503558 2.464258
0.09400343 0.4225726 2.371064
0.331996 1.1331 2.269668
0.3485747 0.8151653 2.332498
0.3643292 0.4527749 2.453898
0.3863846 0.4227631 2.361449
0.2416095 1.685316 2.287547
0.06037395 1.073918 2.232618
0.01306595 1.113355 2.222999
0.4513694 1.066882 2.225979
0.4186669 1.130156 2.199346
3
0.2574675 1.134589 2.305979
0.2489687 1.453525 2.299179
0.2395476 1.760434 2.28122
0.2621391 1.90899 2.262082
0.06811433 1.627355 2.27211
0.01171109 1.397314 2.275973
0.03974996 1.186091 2.229102
0.05008596 1.133437 2.225957
0.4250302 1.615533 2.272164
0.4724742 1.383901 2.270346
0.4724981 1.174437 2.23021
0.458238 1.128109 2.224187
0.1753796 1.131818 2.268619
0.1588168 0.807775 2.349754
0.1410944 0.4499426 2.464158
0.09390728 0.4224866 2.370971
0.332292 1.13309 2.269643
0.3487843 0.815152 2.332506
0.3643035 0.4528654 2.453937
0.3863053 0.4228471 2.361566
0.2420968 1.685385 2.287799
0.06108006 1.074135 2.231636
0.01390852 1.114972 2.220856
0.4511813 1.06716 2.226418
0.4188668 1.130915 2.200336
4
0.2574675 1.134589 2.305979
0.2489687 1.453525 2.299179
0.2395476 1.760434 2.28122
0.2621391 1.90899 2.262082
0.06811433 1.627355 2.27211
0.01171109 1.397314 2.275973
0.03974996 1.186091 2.229102
0.05008596 1.133437 2.225957
0.4250302 1.615533 2.272164
0.4724742 1.383901 2.270346
0.4724981 1.174437 2.23021
0.458238 1.128109 2.224187
0.1753796 1.131818 2.268619
0.1588168 0.807775 2.349754
0.1410944 0.4499426 2.464158
0.09390728 0.4224866 2.370971
0.332292 1.13309 2.269643
0.3487843 0.815152 2.332506
0.3643035 0.4528654 2.453937
0.3863053 0.4228471 2.361566
0.2420968 1.685385 2.287799
0.06108006 1.074135 2.231636
0.01390852 1.114972 2.220856
0.4511813 1.06716 2.226418
0.4188668 1.130915 2.200336
5
0.2578241 1.134598 2.306117
0.2494058 1.453567 2.299408
0.240048 1.760521 2.281478
0.2626429 1.909082 2.262494
0.06836564 1.627375 2.272383
0.01190247 1.397282 2.276058
0.04025195 1.187112 2.228626
0.05054579 1.133378 2.225368
0.425502 1.615645 2.272323
0.4728495 1.384007 2.270624
0.472782 1.176042 2.230665
0.4582894 1.129153 2.225527
0.1756957 1.131848 2.268909
0.1591066 0.8075539 2.35037
0.14111 0.4496596 2.464087
0.09383403 0.4224188 2.370872
0.3325746 1.133081 2.269641
0.3489694 0.815144 2.332519
0.3642792 0.4529701 2.453995
0.3862171 0.4229333 2.361677
0.2425801 1.685459 2.288053
0.06250601 1.0743 2.230188
0.01421799 1.115171 2.220199
0.4511682 1.067466 2.226898
0.4189819 1.131338 2.201384
6
0.2578241 1.134598 2.306117
0.2494058 1.453567 2.299408
0.240048 1.760521 2.281478
0.2626429 1.909082 2.262494
0.06836564 1.627375 2.272383
0.01190247 1.397282 2.276058
0.04025195 1.187112 2.228626
0.05054579 1.133378 2.225368
0.425502 1.615645 2.272323
0.4728495 1.384007 2.270624
0.472782 1.176042 2.230665
0.4582894 1.129153 2.225527
0.1756957 1.131848 2.268909
0.1591066 0.8075539 2.35037
0.14111 0.4496596 2.464087
0.09383403 0.4224188 2.370872
0.3325746 1.133081 2.269641
0.3489694 0.815144 2.332519
0.3642792 0.4529701 2.453995
0.3862171 0.4229333 2.361677
0.2425801 1.685459 2.288053
0.06250601 1.0743 2.230188
0.01421799 1.115171 2.220199
0.4511682 1.067466 2.226898
0.4189819 1.131338 2.201384
7
0.2581728 1.134605 2.306262
0.2498377 1.453603 2.299631
0.2405563 1.760594 2.28172
0.2631762 1.909164 2.262904
0.06859842 1.627396 2.272618
0.01207702 1.397263 2.276123
0.04069652 1.188103 2.228118
0.05100898 1.133341 2.224544
0.4259502 1.615735 2.272502
0.4731662 1.384086 2.270945
0.4729621 1.177318 2.23104
0.4582678 1.129859 2.2264
0.1759965 1.131871 2.269181
0.1593349 0.8073951 2.350848
0.1411371 0.4494326 2.46403
0.09378313 0.422362 2.370799
0.3328572 1.133072 2.269658
0.3491344 0.8151405 2.332531
0.3642564 0.4530841 2.454066
0.386135 0.4230211 2.361786
0.2430677 1.685523 2.288293
0.06331357 1.074332 2.229089
0.01440742 1.115661 2.219357
0.4513133 1.067874 2.227912
0.4190139 1.131297 2.202142
8
0.2581728 1.134605 2.306262
0.2498377 1.453603 2.299631
0.2405563 1.760594 2.28172
0.2631762 1.909164 2.262904
0.06859842 1.627396 2.272618
0.01207702 1.397263 2.276123
0.04069652 1.188103 2.228118
0.05100898 1.133341 2.224544
0.4259502 1.615735 2.272502
0.4731662 1.384086 2.270945
0.4729621 1.177318 2.23104
0.4582678 1.129859 2.2264
0.1759965 1.131871 2.269181
0.1593349 0.8073951 2.350848
0.1411371 0.4494326 2.46403
0.09378313 0.422362 2.370799
0.3328572 1.133072 2.269658
0.3491344 0.8151405 2.332531
0.3642564 0.4530841 2.454066
0.386135 0.4230211 2.361786
0.2430677 1.685523 2.288293
0.06331357 1.074332 2.229089
0.01440742 1.115661 2.219357
0.4513133 1.067874 2.227912
0.4190139 1.131297 2.202142
9
0.2585005 1.134613 2.306407
0.2502679 1.45364 2.29986
0.2411028 1.760674 2.28199
0.2637081 1.909236 2.263296
0.06883453 1.627424 2.27284
0.0122373 1.397258 2.276169
0.04104427 1.188745 2.2277
0.05127744 1.133293 2.224043
0.4264199 1.615821 2.272749
0.4734449 1.384148 2.271297
0.4730681 1.178359 2.231404
0.458221 1.130527 2.227717
0.1762723 1.131893 2.269432
0.1595132 0.8072777 2.351235
0.1411705 0.4492393 2.463987
0.09371269 0.4222943 2.370704
0.3331297 1.133064 2.269688
0.3492878 0.8151392 2.332543
0.3642323 0.4531771 2.454113
0.3860603 0.4230971 2.361871
0.2435824 1.685591 2.288556
0.06417693 1.074374 2.228082
0.0144913 1.115787 2.218855
0.4510584 1.068094 2.228525
0.4191702 1.131808 2.203736
10
0.2585005 1.134613 2.306407
0.2502679 1.45364 2.29986
0.2411028 1.760674 2.28199
0.2637081 1.909236 2.263296
0.06883453 1.627424 2.27284
0.0122373 1.397258 2.276169
0.04104427 1.188745 2.2277
0.05127744 1.133293 2.224043
0.4264199 1.615821 2.272749
0.4734449 1.384148 2.271297
0.4730681 1.178359 2.231404
0.458221 1.130527 2.227717
0.1762723 1.131893 2.269432
0.1595132 0.8072777 2.351235
0.1411705 0.4492393 2.463987
0.09371269 0.4222943 2.370704
0.3331297 1.133064 2.269688
0.3492878 0.8151392 2.332543
0.3642323 0.4531771 2.454113
0.3860603 0.4230971 2.361871
0.2435824 1.685591 2.288556
0.06417693 1.074374 2.228082
0.0144913 1.115787 2.218855
0.4510584 1.068094 2.228525
0.4191702 1.131808 2.203736
11
0.2588049 1.134619 2.306554
0.2506636 1.453674 2.300078
0.241602 1.760744 2.282238
0.264266 1.909295 2.263676
0.06906718 1.627457 2.273047
0.01238604 1.397264 2.276203
0.04132726 1.189265 2.227338
0.05145769 1.133278 2.223737
0.4268471 1.615898 2.273
0.4737033 1.384204 2.271703
0.4731141 1.179081 2.231759
0.4582511 1.131054 2.228846
0.1765221 1.131913 2.269665
0.1596583 0.8071563 2.35158
0.1412033 0.4490572 2.463957
0.09360012 0.42221 2.370588
0.3333907 1.133055 2.269734
0.349425 0.8151397 2.332555
0.364213 0.4532682 2.45417
0.3859933 0.4231644 2.361947
0.2440537 1.685652 2.288798
0.06525716 1.074511 2.227112
0.01457886 1.11591 2.218543
0.4510814 1.06828 2.229766
0.4193208 1.132074 2.204507
12
0.2588049 1.134619 2.306554
0.2506636 1.453674 2.300078
0.241602 1.760744 2.282238
0.264266 1.909295 2.263676
0.06906718 1.627457 2.273047
0.01238604 1.397264 2.276203
0.04132726 1.189265 2.227338
0.05145769 1.133278 2.223737
0.4268471 1.615898 2.273
0.4737033 1.384204 2.271703
0.4731141 1.179081 2.231759
0.4582511 1.131054 2.228846
0.1765221 1.131913 2.269665
0.1596583 0.8071563 2.35158
0.1412033 0.4490572 2.463957
0.09360012 0.42221 2.370588
0.3333907 1.133055 2.269734
0.349425 0.8151397 2.332555
0.364213 0.4532682 2.45417
0.3859933 0.4231644 2.361947
0.2440537 1.685652 2.288798
0.06525716 1.074511 2.227112
0.01457886 1.11591 2.218543
0.4510814 1.06828 2.229766
0.4193208 1.132074 2.204507
13
0.2590956 1.134626 2.306704
0.2510366 1.453707 2.300286
0.2420662 1.760808 2.282466
0.2647981 1.909363 2.264017
0.069293 1.627497 2.273241
0.01252796 1.397279 2.276215
0.04156011 1.189683 2.227027
0.0515675 1.133266 2.223479
0.4272945 1.615974 2.273298
0.4739483 1.384252 2.272151
0.4731245 1.17959 2.232112
0.4582635 1.131407 2.229753
0.1767567 1.131932 2.269885
0.1597768 0.8070402 2.351885
0.1412417 0.4489 2.463932
0.09350242 0.4221362 2.370489
0.3336471 1.133047 2.269793
0.3495539 0.8151373 2.33257
0.3641822 0.4533524 2.454231
0.3859409 0.4232176 2.362003
0.2444939 1.685707 2.289023
0.06561369 1.074532 2.226702
0.01461383 1.116012 2.218313
0.4511503 1.068436 2.23116
0.419393 1.132112 2.205146
14
0.2590956 1.134626 2.306704
0.2510366 1.453707 2.300286
0.2420662 1.760808 2.282466
0.2647981 1.909363 2.264017
0.069293 1.627497 2.273241
0.01252796 1.397279 2.276215
0.04156011 1.189683 2.227027
0.0515675 1.133266 2.223479
0.4272945 1.615974 2.273298
0.4739483 1.384252 2.272151
0.4731245 1.17959 2.232112
0.4582635 1.131407 2.229753
0.1767567 1.131932 2.269885
0.1597768 0.8070402 2.351885
0.1412417 0.4489 2.463932
0.09350242 0.4221362 2.370489
0.3336471 1.133047 2.269793
0.3495539 0.8151373 2.33257
0.3641822 0.4533524 2.454231
0.3859409 0.4232176 2.362003
0.2444939 1.685707 2.289023
0.06561369 1.074532 2.226702
0.01461383 1.116012 2.218313
0.4511503 1.068436 2.23116
0.419393 1.132112 2.205146
15
0.2593747 1.13463 2.306856
0.2513872 1.453737 2.300485
0.2424966 1.760871 2.282676
0.265348 1.909435 2.264363
0.06951561 1.62754 2.273415
0.01266885 1.397302 2.276217
0.0417439 1.189921 2.226794
0.05165458 1.133266 2.223317
0.4277304 1.616029 2.27362
0.474176 1.384279 2.272669
0.4730814 1.179885 2.232512
0.4582979 1.131611 2.230611
0.1769724 1.131949 2.270087
0.1598775 0.8069267 2.352158
0.1412802 0.4487546 2.463915
0.09340398 0.4220604 2.370395
0.3339098 1.133036 2.269875
0.3496765 0.8151401 2.332589
0.3641353 0.4534386 2.45431
0.3858975 0.42326 2.362047
0.2449034 1.685762 2.289232
0.06788141 1.073963 2.225606
0.01457345 1.116173 2.218173
0.4512724 1.068609 2.232549
0.4193659 1.132032 2.206035
16
0.2593747 1.13463 2.306856
0.2513872 1.453737 2.300485
0.2424966 1.760871 2.282676
0.265348 1.909435 2.264363
0.06951561 1.62754 2.273415
0.01266885 1.397302 2.276217
0.0417439 1.189921 2.226794
0.05165458 1.133266 2.223317
0.4277304 1.616029 2.27362
0.474176 1.384279 2.272669
0.4730814 1.179885 2.232512
0.4582979 1.131611 2.230611
0.1769724 1.131949 2.270087
0.1598775 0.8069267 2.352158
0.1412802 0.4487546 2.463915
0.09340398 0.4220604 2.370395
0.3339098 1.133036 2.269875
0.3496765 0.8151401 2.332589
0.3641353 0.4534386 2.45431
0.3858975 0.42326 2.362047
0.2449034 1.685762 2.289232
0.06788141 1.073963 2.225606
0.01457345 1.116173 2.218173
0.4512724 1.068609 2.232549
0.4193659 1.132032 2.206035
17
0.2596363 1.134631 2.307012
0.2517141 1.453768 2.300673
0.2429003 1.760936 2.28287
0.2658791 1.90951 2.264664
0.0697154 1.627581 2.273559
0.01281267 1.397328 2.276208
0.04189287 1.190052 2.226615
0.05164696 1.133317 2.223207
0.428158 1.616074 2.273957
0.4743975 1.384295 2.273232
0.4730186 1.180055 2.232912
0.4582935 1.13174 2.231295
0.1771703 1.131961 2.270274
0.1599738 0.807017 2.352267
0.1413222 0.4486552 2.463907
0.0933172 0.4219939 2.370305
0.334165 1.133022 2.269975
0.3497893 0.8151451 2.332608
0.3640873 0.4535189 2.454387
0.3858561 0.4232923 2.362073
0.2452868 1.685818 2.289426
0.06825684 1.073987 2.225301
0.01453407 1.116251 2.218053
0.4514829 1.068725 2.234413
0.4195292 1.131237 2.206671
18
0.2596363 1.134631 2.307012
0.2517141 1.453768 2.300673
0.2429003 1.760936 2.28287
0.2658791 1.90951 2.264664
0.0697154 1.627581 2.273559
0.01281267 1.397328 2.276208
0.04189287 1.190052 2.226615
0.05164696 1.133317 2.223207
0.428158 1.616074 2.273957
0.4743975 1.384295 2.273232
0.4730186 1.180055 2.232912
0.4582935 1.13174 2.231295
0.1771703 1.131961 2.270274
0.1599738 0.807017 2.352267
0.1413222 0.4486552 2.463907
0.0933172 0.4219939 2.370305
0.334165 1.133022 2.269975
0.3497893 0.8151451 2.332608
0.3640873 0.4535189 2.454387
0.3858561 0.4232923 2.362073
0.2452868 1.685818 2.289426
0.06825684 1.073987 2.225301
0.01453407 1.116251 2.218053
0.4514829 1.068725 2.234413
0.4195292 1.131237 2.206671
19
0.2598951 1.134628 2.307165
0.2520316 1.453795 2.300853
0.2432842 1.760999 2.283049
0.26637 1.909581 2.264921
0.0699176 1.627623 2.27368
0.01292629 1.397365 2.276198
0.04202636 1.190067 2.226464
0.05161527 1.133368 2.223143
0.4285667 1.616101 2.274297
0.4746881 1.384308 2.273947
0.4729528 1.180253 2.233293
0.4583209 1.131836 2.231622
0.1773646 1.131971 2.270451
0.1600468 0.8070485 2.35237
0.1413613 0.4485143 2.463917
0.09311446 0.4218463 2.370119
0.3344244 1.133004 2.270082
0.3498898 0.8151518 2.332628
0.3640397 0.453608 2.45447
0.3858043 0.4233262 2.362087
0.2456537 1.685871 2.289606
0.06822245 1.074057 2.225043
0.0144623 1.116335 2.217986
0.451497 1.068854 2.235209
0.4193688 1.128212 2.206988
20
0.2598951 1.134628 2.307165
0.2520316 1.453795 2.300853
0.2432842 1.760999 2.283049
0.26637 1.909581 2.264921
0.0699176 1.627623 2.27368
0.01292629 1.397365 2.276198
0.04202636 1.190067 2.226464
0.05161527 1.133368 2.223143
0.4285667 1.616101 2.274297
0.4746881 1.384308 2.273947
0.4729528 1.180253 2.233293
0.4583209 1.131836 2.231622
0.1773646 1.131971 2.270451
0.1600468 0.8070485 2.35237
0.1413613 0.4485143 2.463917
0.09311446 0.4218463 2.370119
0.3344244 1.133004 2.270082
0.3498898 0.8151518 2.332628
0.3640397 0.453608 2.45447
0.3858043 0.4233262 2.362087
0.2456537 1.685871 2.289606
0.06822245 1.074057 2.225043
0.0144623 1.116335 2.217986
0.451497 1.068854 2.235209
0.4193688 1.128212 2.206988
21
0.2601292 1.134624 2.307305
0.2523231 1.453819 2.301013
0.243645 1.761052 2.283204
0.2668311 1.909635 2.265145
0.07012666 1.627673 2.273782
0.01303264 1.397409 2.276183
0.04212559 1.190071 2.226343
0.05152696 1.133425 2.223101
0.4289632 1.616117 2.274657
0.4752833 1.38438 2.275165
0.4728107 1.180593 2.233557
0.4582813 1.132053 2.230404
0.1775391 1.131979 2.270607
0.1601046 0.8070465 2.352472
0.1413985 0.4483929 2.463923
0.09294656 0.4217234 2.369968
0.3346649 1.132986 2.270187
0.3499811 0.8151594 2.332649
0.3640049 0.4536846 2.454541
0.3857723 0.4233879 2.362191
0.2459964 1.685917 2.289764
0.06820086 1.073839 2.225039
0.01411297 1.116804 2.217802
0.4513225 1.069607 2.235256
0.4204046 1.13541 2.204227
22
0.2601292 1.134624 2.307305
0.2523231 1.453819 2.301013
0.243645 1.761052 2.283204
0.2668311 1.909635 2.265145
0.07012666 1.627673 2.273782
0.01303264 1.397409 2.276183
0.04212559 1.190071 2.226343
0.05152696 1.133425 2.223101
0.4289632 1.616117 2.274657
0.4752833 1.38438 2.275165
0.4728107 1.180593 2.233557
0.4582813 1.132053 2.230404
0.1775391 1.131979 2.270607
0.1601046 0.8070465 2.352472
0.1413985 0.4483929 2.463923
0.09294656 0.4217234 2.369968
0.3346649 1.132986 2.270187
0.3499811 0.8151594 2.332649
0.3640049 0.4536846 2.454541
0.3857723 0.4233879 2.362191
0.2459964 1.685917 2.289764
0.06820086 1.073839 2.225039
0.01411297 1.116804 2.217802
0.4513225 1.069607 2.235256
0.4204046 1.13541 2.204227
23
0.2603458 1.134622 2.307439
0.2525876 1.453841 2.301158
0.2439659 1.761099 2.28334
0.2672499 1.909681 2.265337
0.07032713 1.627724 2.273867
0.01312601 1.397456 2.276167
0.04218993 1.190095 2.226255
0.05141917 1.133476 2.223074
0.4293209 1.616145 2.274999
0.476457 1.384674 2.277302
0.47063 1.184199 2.231553
0.4478391 1.145859 2.214737
0.1776981 1.131986 2.270749
0.1601535 0.8070272 2.352587
0.141435 0.4482916 2.463923
0.09280866 0.4216295 2.369841
0.3348947 1.132971 2.270297
0.3500599 0.8151603 2.332678
0.3639745 0.4537525 2.454609
0.3857454 0.4234422 2.362285
0.2463029 1.685958 2.289903
0.06828621 1.073544 2.2252
0.01358407 1.117467 2.217452
0.4440922 1.096503 2.213071
0.4033258 1.158637 2.192485
24
0.2603458 1.134622 2.307439
0.2525876 1.453841 2.301158
0.2439659 1.761099 2.28334
0.2672499 1.909681 2.265337
0.07032713 1.627724 2.273867
0.01312601 1.397456 2.276167
0.04218993 1.190095 2.226255
0.05141917 1.133476 2.223074
0.4293209 1.616145 2.274999
0.476457 1.384674 2.277302
0.47063 1.184199 2.231553
0.4478391 1.145859 2.214737
0.1776981 1.131986 2.270749
0.1601535 0.8070272 2.352587
0.141435 0.4482916 2.463923
0.09280866 0.4216295 2.369841
0.3348947 1.132971 2.270297
0.3500599 0.8151603 2.332678
0.3639745 0.4537525 2.454609
0.3857454 0.4234422 2.362285
0.2463029 1.685958 2.289903
0.06828621 1.073544 2.2252
0.01358407 1.117467 2.217452
0.4440922 1.096503 2.213071
0.4033258 1.158637 2.192485
25
0.2605424 1.134621 2.307567
0.2528254 1.453861 2.301288
0.2442577 1.76114 2.283455
0.2676445 1.909722 2.265492
0.07052537 1.62778 2.273936
0.01321466 1.397511 2.276152
0.04224041 1.190053 2.22618
0.05121844 1.133625 2.223054
0.4296603 1.616206 2.275357
0.4787615 1.385484 2.280809
0.4464797 1.204213 2.203646
0.4266233 1.175463 2.189344
0.1778405 1.131993 2.270875
0.1601899 0.8070055 2.352683
0.1414705 0.448202 2.463922
0.09268964 0.4215465 2.369736
0.3351089 1.13296 2.270416
0.3501264 0.8151617 2.332706
0.36395 0.4538143 2.454681
0.3857251 0.4234878 2.362372
0.2465803 1.685993 2.290024
0.0683242 1.07323 2.225482
0.01313665 1.117929 2.217502
0.4028267 1.122063 2.195516
0.3862825 1.199284 2.167681
26
0.2605424 1.134621 2.307567
0.2528254 1.453861 2.301288
0.2442577 1.76114 2.283455
0.2676445 1.909722 2.265492
0.07052537 1.62778 2.273936
0.01321466 1.397511 2.276152
0.04224041 1.190053 2.22618
0.05121844 1.133625 2.223054
0.4296603 1.616206 2.275357
0.4787615 1.385484 2.280809
0.4464797 1.204213 2.203646
0.4266233 1.175463 2.189344
0.1778405 1.131993 2.270875
0.1601899 0.8070055 2.352683
0.1414705 0.448202 2.463922
0.09268964 0.4215465 2.369736
0.3351089 1.13296 2.270416
0.3501264 0.8151617 2.332706
0.36395 0.4538143 2.454681
0.3857251 0.4234878 2.362372
0.2465803 1.685993 2.290024
0.0683242 1.07323 2.225482
0.01313665 1.117929 2.217502
0.4028267 1.122063 2.195516
0.3862825 1.199284 2.167681
27
0.2607508 1.134632 2.307712
0.2530549 1.453883 2.301408
0.244535 1.761174 2.283545
0.2680046 1.90976 2.265613
0.07071469 1.62784 2.273996
0.01328546 1.397571 2.276144
0.0422768 1.189966 2.226114
0.0510358 1.133743 2.223011
0.4300333 1.616361 2.275803
0.4830907 1.391079 2.28565
0.4225077 1.261406 2.164872
0.4056405 1.239988 2.155109
0.1779932 1.132008 2.271009
0.1602164 0.806982 2.352775
0.1415086 0.4481111 2.463929
0.09255823 0.4214577 2.369638
0.3353384 1.132965 2.270563
0.3501824 0.8151469 2.332746
0.3639328 0.453879 2.454739
0.3857017 0.423538 2.362435
0.2468436 1.686024 2.290123
0.06855963 1.072942 2.225657
0.01281967 1.118206 2.217392
0.393043 1.219623 2.131485
0.3986975 1.269894 2.115624
28
0.2607508 1.134632 2.307712
0.2530549 1.453883 2.301408
0.244535 1.761174 2.283545
0.2680046 1.90976 2.265613
0.07071469 1.62784 2.273996
0.01328546 1.397571 2.276144
0.0422768 1.189966 2.226114
0.0510358 1.133743 2.223011
0.4300333 1.616361 2.275803
0.4830907 1.391079 2.28565
0.4225077 1.261406 2.164872
0.4056405 1.239988 2.155109
0.1779932 1.132008 2.271009
0.1602164 0.806982 2.352775
0.1415086 0.4481111 2.463929
0.09255823 0.4214577 2.369638
0.3353384 1.132965 2.270563
0.3501824 0.8151469 2.332746
0.3639328 0.453879 2.454739
0.3857017 0.423538 2.362435
0.2468436 1.686024 2.290123
0.06855963 1.072942 2.225657
0.01281967 1.118206 2.217392
0.393043 1.219623 2.131485
0.3986975 1.269894 2.115624
29
0.2607508 1.134632 2.307712
0.2530549 1.453883 2.301408
0.244535 1.761174 2.283545
0.2680046 1.90976 2.265613
0.07071469 1.62784 2.273996
0.01328546 1.397571 2.276144
0.0422768 1.189966 2.226114
0.0510358 1.133743 2.223011
0.4300333 1.616361 2.275803
0.4830907 1.391079 2.28565
0.4225077 1.261406 2.164872
0.4056405 1.239988 2.155109
0.1779932 1.132008 2.271009
0.1602164 0.806982 2.352775
0.1415086 0.4481111 2.463929
0.09255823 0.4214577 2.369638
0.3353384 1.132965 2.270563
0.3501824 0.8151469 2.332746
0.3639328 0.453879 2.454739
0.3857017 0.423538 2.362435
0.2468436 1.686024 2.290123
0.06855963 1.072942 2.225657
0.01281967 1.118206 2.217392
0.393043 1.219623 2.131485
0.3986975 1.269894 2.115624
30
0.2609569 1.134659 2.307873
0.253268 1.453906 2.30152
0.2447858 1.761203 2.283619
0.2683271 1.9098 2.265703
0.07090323 1.627909 2.274057
0.01334674 1.397642 2.276148
0.04229046 1.189946 2.226073
0.05079855 1.133914 2.222996
0.4304824 1.616809 2.276482
0.4908819 1.414565 2.286656
0.4006595 1.344108 2.123237
0.3917051 1.335658 2.108495
0.1781475 1.132031 2.271152
0.1602293 0.8069497 2.352881
0.1415464 0.4480026 2.463942
0.09241071 0.4213537 2.369547
0.3355645 1.132994 2.270736
0.3502348 0.8151252 2.332795
0.3639171 0.4539299 2.454791
0.3856837 0.4235745 2.362477
0.2470819 1.686052 2.290208
0.06745792 1.074037 2.225298
0.01208988 1.117299 2.218009
0.3750626 1.333086 2.077378
0.4039148 1.362698 2.071216
31
0.2611386 1.134696 2.308028
0.253461 1.453929 2.301619
0.245038 1.761228 2.283672
0.2686194 1.909837 2.265759
0.07108229 1.627979 2.274112
0.01340051 1.397717 2.276156
0.04228633 1.18994 2.226044
0.05058291 1.134076 2.222975
0.4308855 1.617284 2.27712
0.5046369 1.442305 2.287707
0.3861689 1.437163 2.085155
0.3813423 1.446749 2.072325
0.1782853 1.132065 2.271297
0.1602119 0.8069585 2.352967
0.1415887 0.4478875 2.463958
0.09222866 0.4212257 2.369422
0.3357636 1.133031 2.270898
0.3502747 0.8151079 2.332832
0.3639043 0.453935 2.454844
0.385749 0.4235362 2.362418
0.2473127 1.686077 2.290276
0.06738176 1.074276 2.225222
0.01138628 1.118261 2.217787
0.3611958 1.459269 2.030316
0.407821 1.443094 2.034733
32
0.2611386 1.134696 2.308028
0.253461 1.453929 2.301619
0.245038 1.761228 2.283672
0.2686194 1.909837 2.265759
0.07108229 1.627979 2.274112
0.01340051 1.397717 2.276156
0.04228633 1.18994 2.226044
0.05058291 1.134076 2.222975
0.4308855 1.617284 2.27712
0.5046369 1.442305 2.287707
0.3861689 1.437163 2.085155
0.3813423 1.446749 2.072325
0.1782853 1.132065 2.271297
0.1602119 0.8069585 2.352967
0.1415887 0.4478875 2.463958
0.09222866 0.4212257 2.369422
0.3357636 1.133031 2.270898
0.3502747 0.8151079 2.332832
0.3639043 0.453935 2.454844
0.385749 0.4235362 2.362418
0.2473127 1.686077 2.290276
0.06738176 1.074276 2.225222
0.01138628 1.118261 2.217787
0.3611958 1.459269 2.030316
0.407821 1.443094 2.034733
33
0.2611386 1.134696 2.308028
0.253461 1.453929 2.301619
0.245038 1.761228 2.283672
0.2686194 1.909837 2.265759
0.07108229 1.627979 2.274112
0.01340051 1.397717 2.276156
0.04228633 1.18994 2.226044
0.05058291 1.134076 2.222975
0.4308855 1.617284 2.27712
0.5046369 1.442305 2.287707
0.3861689 1.437163 2.085155
0.3813423 1.446749 2.072325
0.1782853 1.132065 2.271297
0.1602119 0.8069585 2.352967
0.1415887 0.4478875 2.463958
0.09222866 0.4212257 2.369422
0.3357636 1.133031 2.270898
0.3502747 0.8151079 2.332832
0.3639043 0.453935 2.454844
0.385749 0.4235362 2.362418
0.2473127 1.686077 2.290276
0.06738176 1.074276 2.225222
0.01138628 1.118261 2.217787
0.3611958 1.459269 2.030316
0.407821 1.443094 2.034733
34
0.2612832 1.134733 2.308186
0.2536296 1.453951 2.301709
0.2452648 1.761249 2.283714
0.2688722 1.909869 2.265792
0.0712591 1.628057 2.274179
0.01344499 1.397803 2.276175
0.04225669 1.189945 2.226031
0.05026769 1.134267 2.223163
0.4306718 1.618014 2.277422
0.514924 1.455132 2.287579
0.4026424 1.522977 2.097126
0.3765401 1.553091 2.048801
0.1783881 1.132096 2.271463
0.1601178 0.8069889 2.353085
0.1416548 0.4478199 2.463962
0.09212491 0.4211621 2.36936
0.3359289 1.133072 2.271052
0.350285 0.8150489 2.332896
0.3638971 0.4539232 2.45489
0.3858109 0.4234813 2.362332
0.2475185 1.686099 2.290332
0.06714056 1.074478 2.225258
0.0109467 1.118634 2.217811
0.3601752 1.570448 2.006584
0.4102252 1.53053 2.015993
35
0.2613014 1.134721 2.308403
0.2537568 1.453962 2.301802
0.2454767 1.761267 2.283758
0.2690569 1.909896 2.265815
0.07143799 1.628152 2.27428
0.01348654 1.397908 2.276215
0.04216021 1.189964 2.226094
0.04980488 1.134566 2.22389
0.4285924 1.615748 2.276412
0.5267321 1.471984 2.270189
0.4010213 1.612172 2.068563
0.3789003 1.633106 2.032305
0.1783075 1.132077 2.271782
0.1599516 0.8070783 2.353234
0.1417358 0.4477534 2.463956
0.09207001 0.4211169 2.369342
0.3359951 1.133066 2.271212
0.3502682 0.81502 2.332946
0.3638915 0.4538959 2.454935
0.3858745 0.4234096 2.362231
0.247704 1.686117 2.290389
0.06641766 1.074765 2.225721
0.01027823 1.120026 2.218779
0.3529657 1.659963 1.973037
0.411647 1.616925 1.986989
36
0.2613014 1.134721 2.308403
0.2537568 1.453962 2.301802
0.2454767 1.761267 2.283758
0.2690569 1.909896 2.265815
0.07143799 1.628152 2.27428
0.01348654 1.397908 2.276215
0.04216021 1.189964 2.226094
0.04980488 1.134566 2.22389
0.4285924 1.615748 2.276412
0.5267321 1.471984 2.270189
0.4010213 1.612172 2.068563
0.3789003 1.633106 2.032305
0.1783075 1.132077 2.271782
0.1599516 0.8070783 2.353234
0.1417358 0.4477534 2.463956
0.09207001 0.4211169 2.369342
0.3359951 1.133066 2.271212
0.3502682 0.81502 2.332946
0.3638915 0.4538959 2.454935
0.3858745 0.4234096 2.362231
0.247704 1.686117 2.290389
0.06641766 1.074765 2.225721
0.01027823 1.120026 2.218779
0.3529657 1.659963 1.973037
0.411647 1.616925 1.986989
37
0.2612547 1.134738 2.308641
0.2538362 1.45398 2.301882
0.2456081 1.761284 2.283788
0.269187 1.909915 2.265836
0.07162092 1.628259 2.27444
0.0135209 1.398031 2.276299
0.04193984 1.190045 2.226333
0.04908527 1.134833 2.225215
0.4265482 1.614023 2.27529
0.5421552 1.484938 2.225992
0.4152289 1.63235 2.063545
0.3864941 1.680691 2.018994
0.1781022 1.132108 2.272184
0.1596924 0.8073066 2.353379
0.1418416 0.4476949 2.463943
0.09202375 0.4210787 2.36933
0.3360252 1.133075 2.271357
0.3502123 0.8150922 2.332981
0.3638949 0.4538449 2.45498
0.3859462 0.4233152 2.362106
0.2478191 1.686135 2.290431
0.06560074 1.075035 2.226267
0.009923538 1.120368 2.219046
0.3514923 1.710636 1.964163
0.4057328 1.682299 1.958136
38
0.2612547 1.134738 2.308641
0.2538362 1.45398 2.301882
0.2456081 1.761284 2.283788
0.269187 1.909915 2.265836
0.07162092 1.628259 2.27444
0.0135209 1.398031 2.276299
0.04193984 1.190045 2.226333
0.04908527 1.134833 2.225215
0.4265482 1.614023 2.27529
0.5421552 1.484938 2.225992
0.4152289 1.63235 2.063545
0.3864941 1.680691 2.018994
0.1781022 1.132108 2.272184
0.1596924 0.8073066 2.353379
0.1418416 0.4476949 2.463943
0.09202375 0.4210787 2.36933
0.3360252 1.133075 2.271357
0.3502123 0.8150922 2.332981
0.3638949 0.4538449 2.45498
0.3859462 0.4233152 2.362106
0.2478191 1.686135 2.290431
0.06560074 1.075035 2.226267
0.009923538 1.120368 2.219046
0.3514923 1.710636 1.964163
0.4057328 1.682299 1.958136
39
0.2612547 1.134738 2.308641
0.2538362 1.45398 2.301882
0.2456081 1.761284 2.283788
0.269187 1.909915 2.265836
0.07162092 1.628259 2.27444
0.0135209 1.398031 2.276299
0.04193984 1.190045 2.226333
0.04908527 1.134833 2.225215
0.4265482 1.614023 2.27529
0.5421552 1.484938 2.225992
0.4152289 1.63235 2.063545
0.3864941 1.680691 2.018994
0.1781022 1.132108 2.272184
0.1596924 0.8073066 2.353379
0.1418416 0.4476949 2.463943
0.09202375 0.4210787 2.36933
0.3360252 1.133075 2.271357
0.3502123 0.8150922 2.332981
0.3638949 0.4538449 2.45498
0.3859462 0.4233152 2.362106
0.2478191 1.686135 2.290431
0.06560074 1.075035 2.226267
0.009923538 1.120368 2.219046
0.3514923 1.710636 1.964163
0.4057328 1.682299 1.958136
40
0.2611398 1.134849 2.308967
0.2539065 1.454031 2.302027
0.2457625 1.761309 2.283885
0.2692657 1.909925 2.265862
0.07184308 1.628405 2.274783
0.01356821 1.398661 2.276805
0.04166402 1.190146 2.226696
0.04805007 1.135516 2.226987
0.4248452 1.612784 2.27415
0.5432175 1.517751 2.166895
0.4173767 1.691054 2.031035
0.3809597 1.735679 1.987372
0.1777641 1.132286 2.272789
0.1583793 0.8128144 2.352256
0.142235 0.4477072 2.463835
0.09198496 0.421047 2.369326
0.3360253 1.133142 2.271524
0.3499111 0.8161397 2.333195
0.363939 0.453592 2.455003
0.3860367 0.4231932 2.361979
0.2479494 1.686166 2.290533
0.06528397 1.075303 2.227693
0.009477725 1.120772 2.219549
0.3431122 1.76212 1.935177
0.4044421 1.728385 1.926777
41
0.2611398 1.134849 2.308967
0.2539065 1.454031 2.302027
0.2457625 1.761309 2.283885
0.2692657 1.909925 2.265862
0.07184308 1.628405 2.274783
0.01356821 1.398661 2.276805
0.04166402 1.190146 2.226696
0.04805007 1.135516 2.226987
0.4248452 1.612784 2.27415
0.5432175 1.517751 2.166895
0.4173767 1.691054 2.031035
0.3809597 1.735679 1.987372
0.1777641 1.132286 2.272789
0.1583793 0.8128144 2.352256
0.142235 0.4477072 2.463835
0.09198496 0.421047 2.369326
0.3360253 1.133142 2.271524
0.3499111 0.8161397 2.333195
0.363939 0.453592 2.455003
0.3860367 0.4231932 2.361979
0.2479494 1.686166 2.290533
0.06528397 1.075303 2.227693
0.009477725 1.120772 2.219549
0.3431122 1.76212 1.935177
0.4044421 1.728385 1.926777
42
0.2609714 1.135089 2.309443
0.2539651 1.454129 2.302305
0.2459309 1.761322 2.284112
0.2692778 1.909921 2.26595
0.07256488 1.628863 2.27603
0.01358268 1.399825 2.278182
0.04126177 1.190348 2.227376
0.04713536 1.136445 2.229072
0.4234011 1.61209 2.27289
0.5247809 1.567946 2.090289
0.4106007 1.737864 1.989343
0.3710834 1.779954 1.943261
0.1773168 1.132672 2.273734
0.157422 0.8184993 2.350983
0.1425512 0.4477207 2.463772
0.09195524 0.4210219 2.369332
0.3360068 1.133278 2.271734
0.3491904 0.8199568 2.333228
0.3640478 0.4530765 2.454984
0.386133 0.4230623 2.361849
0.248089 1.686202 2.290762
0.06302633 1.076447 2.229374
0.00824734 1.122721 2.221851
0.32851 1.80128 1.901679
0.3972976 1.774274 1.887054
43
0.2608065 1.135751 2.310288
0.2540835 1.454398 2.302809
0.2461745 1.761384 2.28447
0.2691956 1.909894 2.26614
0.07473546 1.630866 2.279967
0.0135017 1.401935 2.280759
0.04077081 1.190654 2.228538
0.04644405 1.137033 2.231334
0.4194619 1.616632 2.26471
0.5008381 1.621021 2.029119
0.3980402 1.771643 1.938627
0.3574754 1.810878 1.893121
0.1768925 1.133739 2.275694
0.1567612 0.8232155 2.349958
0.1427874 0.4477023 2.463734
0.09192216 0.4209975 2.369348
0.3359985 1.133695 2.272037
0.3485755 0.8235027 2.333235
0.3641415 0.4526071 2.454965
0.3862255 0.4229412 2.361753
0.2483032 1.686307 2.291138
0.0621977 1.077286 2.230864
0.00758727 1.124281 2.224359
0.3145892 1.830126 1.84638
0.3869293 1.79992 1.843264
44
0.2608065 1.135751 2.310288
0.2540835 1.454398 2.302809
0.2461745 1.761384 2.28447
0.2691956 1.909894 2.26614
0.07473546 1.630866 2.279967
0.0135017 1.401935 2.280759
0.04077081 1.190654 2.228538
0.04644405 1.137033 2.231334
0.4194619 1.616632 2.26471
0.5008381 1.621021 2.029119
0.3980402 1.771643 1.938627
0.3574754 1.810878 1.893121
0.1768925 1.133739 2.275694
0.1567612 0.8232155 2.349958
0.1427874 0.4477023 2.463734
0.09192216 0.4209975 2.369348
0.3359985 1.133695 2.272037
0.3485755 0.8235027 2.333235
0.3641415 0.4526071 2.454965
0.3862255 0.4229412 2.361753
0.2483032 1.686307 2.291138
0.0621977 1.077286 2.230864
0.00758727 1.124281 2.224359
0.3145892 1.830126 1.84638
0.3869293 1.79992 1.843264
45
0.2608065 1.135751 2.310288
0.2540835 1.454398 2.302809
0.2461745 1.761384 2.28447
0.2691956 1.909894 2.26614
0.07473546 1.630866 2.279967
0.0135017 1.401935 2.280759
0.04077081 1.190654 2.228538
0.04644405 1.137033 2.231334
0.4194619 1.616632 2.26471
0.5008381 1.621021 2.029119
0.3980402 1.771643 1.938627
0.3574754 1.810878 1.893121
0.1768925 1.133739 2.275694
0.1567612 0.8232155 2.349958
0.1427874 0.4477023 2.463734
0.09192216 0.4209975 2.369348
0.3359985 1.133695 2.272037
0.3485755 0.8235027 2.333235
0.3641415 0.4526071 2.454965
0.3862255 0.4229412 2.361753
0.2483032 1.686307 2.291138
0.0621977 1.077286 2.230864
0.00758727 1.124281 2.224359
0.3145892 1.830126 1.84638
0.3869293 1.79992 1.843264
46
0.2608058 1.136979 2.311589
0.2543839 1.454875 2.303585
0.2466509 1.761483 2.285018
0.2689246 1.909806 2.266564
0.07594224 1.632544 2.28436
0.01329197 1.404172 2.284888
0.04014391 1.191204 2.23073
0.04617787 1.138071 2.233801
0.4165852 1.620091 2.258633
0.4708101 1.665742 2.010384
0.3811075 1.794817 1.887471
0.3415937 1.828199 1.836039
0.1767454 1.135458 2.278815
0.1564197 0.827163 2.349073
0.1429461 0.4476835 2.463719
0.09190936 0.4209904 2.369367
0.3361444 1.134697 2.272439
0.3481388 0.8263917 2.333193
0.364208 0.4522459 2.454965
0.3863069 0.422831 2.36167
0.2487307 1.686485 2.291715
0.06154435 1.078191 2.232234
0.007843743 1.125931 2.228206
0.3008578 1.843941 1.783954
0.3728745 1.818933 1.792521
47
0.2609377 1.138481 2.313099
0.2547468 1.455463 2.304555
0.2471603 1.761577 2.2857
0.2684154 1.909645 2.267148
0.07645386 1.633489 2.287117
0.01291344 1.406756 2.290508
0.03956397 1.191871 2.233497
0.04607332 1.139287 2.236897
0.4149255 1.62188 2.25542
0.4499975 1.690388 2.012662
0.3629162 1.806793 1.839939
0.3254761 1.831093 1.779004
0.1767276 1.137448 2.282441
0.156223 0.8300126 2.34844
0.1430623 0.4476697 2.46372
0.09189779 0.4209849 2.369375
0.3364388 1.13598 2.272837
0.3478112 0.8284434 2.333252
0.3642612 0.4519429 2.454977
0.3863956 0.4227214 2.361603
0.2491998 1.68668 2.292438
0.0610025 1.078936 2.234546
0.007936131 1.127905 2.231695
0.2919206 1.844547 1.728754
0.3571937 1.820785 1.737412
48
0.2609377 1.138481 2.313099
0.2547468 1.455463 2.304555
0.2471603 1.761577 2.2857
0.2684154 1.909645 2.267148
0.07645386 1.633489 2.287117
0.01291344 1.406756 2.290508
0.03956397 1.191871 2.233497
0.04607332 1.139287 2.236897
0.4149255 1.62188 2.25542
0.4499975 1.690388 2.012662
0.3629162 1.806793 1.839939
0.3254761 1.831093 1.779004
0.1767276 1.137448 2.282441
0.156223 0.8300126 2.34844
0.1430623 0.4476697 2.46372
0.09189779 0.4209849 2.369375
0.3364388 1.13598 2.272837
0.3478112 0.8284434 2.333252
0.3642612 0.4519429 2.454977
0.3863956 0.4227214 2.361603
0.2491998 1.68668 2.292438
0.0610025 1.078936 2.234546
0.007936131 1.127905 2.231695
0.2919206 1.844547 1.728754
0.3571937 1.820785 1.737412
49
0.2611731 1.140616 2.314888
0.2550976 1.456213 2.305677
0.2476071 1.76167 2.286441
0.2676228 1.909509 2.26806
0.07650352 1.634262 2.291104
0.01247904 1.410238 2.298159
0.03890014 1.192611 2.2377
0.04585889 1.140699 2.241409
0.4115009 1.62414 2.25099
0.41967 1.728674 2.005108
0.3527717 1.808935 1.812877
0.314761 1.822757 1.728666
0.176765 1.139977 2.286333
0.1562425 0.8324203 2.347849
0.1431281 0.4476561 2.46374
0.09188799 0.4209812 2.36938
0.3368868 1.137886 2.27322
0.347567 0.8301105 2.333422
0.3643084 0.4516599 2.454992
0.3864789 0.422624 2.361549
0.2496204 1.686897 2.293232
0.05982821 1.080749 2.236972
0.008227823 1.130382 2.236289
0.2892733 1.835426 1.681481
0.3456903 1.811254 1.690074
50
0.2611731 1.140616 2.314888
0.2550976 1.456213 2.305677
0.2476071 1.76167 2.286441
0.2676228 1.909509 2.26806
0.07650352 1.634262 2.291104
0.01247904 1.410238 2.298159
0.03890014 1.192611 2.2377
0.04585889 1.140699 2.241409
0.4115009 1.62414 2.25099
0.41967 1.728674 2.005108
0.3527717 1.808935 1.812877
0.314761 1.822757 1.728666
0.176765 1.139977 2.286333
0.1562425 0.8324203 2.347849
0.1431281 0.4476561 2.46374
0.09188799 0.4209812 2.36938
0.3368868 1.137886 2.27322
0.347567 0.8301105 2.333422
0.3643084 0.4516599 2.454992
0.3864789 0.422624 2.361549
0.2496204 1.686897 2.293232
0.05982821 1.080749 2.236972
0.008227823 1.130382 2.236289
0.2892733 1.835426 1.681481
0.3456903 1.811254 1.690074
51
0.2611731 1.140616 2.314888
0.2550976 1.456213 2.305677
0.2476071 1.76167 2.286441
0.2676228 1.909509 2.26806
0.07650352 1.634262 2.291104
0.01247904 1.410238 2.298159
0.03890014 1.192611 2.2377
0.04585889 1.140699 2.241409
0.4115009 1.62414 2.25099
0.41967 1.728674 2.005108
0.3527717 1.808935 1.812877
0.314761 1.822757 1.728666
0.176765 1.139977 2.286333
0.1562425 0.8324203 2.347849
0.1431281 0.4476561 2.46374
0.09188799 0.4209812 2.36938
0.3368868 1.137886 2.27322
0.347567 0.8301105 2.333422
0.3643084 0.4516599 2.454992
0.3864789 0.422624 2.361549
0.2496204 1.686897 2.293232
0.05982821 1.080749 2.236972
0.008227823 1.130382 2.236289
0.2892733 1.835426 1.681481
0.3456903 1.811254 1.690074
52
0.2613398 1.143547 2.316875
0.2553892 1.457285 2.307023
0.2479931 1.761812 2.287292
0.2667574 1.909383 2.269032
0.07658124 1.635157 2.295756
0.01213238 1.413638 2.305407
0.03795607 1.193599 2.243959
0.04537681 1.142035 2.248328
0.4061955 1.62785 2.243925
0.4060798 1.738528 2.015164
0.3462043 1.806079 1.797181
0.3107091 1.8106 1.696131
0.1767345 1.143307 2.290759
0.1562966 0.8356967 2.347083
0.1431913 0.4476288 2.463763
0.09188736 0.4209852 2.369386
0.3372842 1.140809 2.273348
0.3474038 0.8319823 2.333566
0.3643418 0.4513764 2.454999
0.3865555 0.4225349 2.361503
0.249986 1.687203 2.294163
0.0586407 1.081638 2.241062
0.007410625 1.132994 2.242578
0.2948617 1.810792 1.657525
0.3421447 1.799571 1.659747
53
0.2613398 1.143547 2.316875
0.2553892 1.457285 2.307023
0.2479931 1.761812 2.287292
0.2667574 1.909383 2.269032
0.07658124 1.635157 2.295756
0.01213238 1.413638 2.305407
0.03795607 1.193599 2.243959
0.04537681 1.142035 2.248328
0.4061955 1.62785 2.243925
0.4060798 1.738528 2.015164
0.3462043 1.806079 1.797181
0.3107091 1.8106 1.696131
0.1767345 1.143307 2.290759
0.1562966 0.8356967 2.347083
0.1431913 0.4476288 2.463763
0.09188736 0.4209852 2.369386
0.3372842 1.140809 2.273348
0.3474038 0.8319823 2.333566
0.3643418 0.4513764 2.454999
0.3865555 0.4225349 2.361503
0.249986 1.687203 2.294163
0.0586407 1.081638 2.241062
0.007410625 1.132994 2.242578
0.2948617 1.810792 1.657525
0.3421447 1.799571 1.659747
54
0.2613681 1.146923 2.319064
0.2553226 1.45906 2.308347
0.2478138 1.762576 2.287709
0.2658197 1.909293 2.270026
0.07652392 1.63556 2.29837
0.01232189 1.416157 2.311475
0.03690137 1.194119 2.251809
0.04458337 1.143443 2.256893
0.4017616 1.630782 2.237966
0.3917996 1.747839 2.020938
0.3413779 1.799277 1.786123
0.3118612 1.799066 1.677423
0.1764247 1.147056 2.295539
0.1561527 0.8390889 2.346332
0.1433068 0.4476337 2.463789
0.09189588 0.4209971 2.369395
0.337606 1.14395 2.273428
0.3472976 0.8340914 2.333605
0.3643635 0.4511161 2.455007
0.3866212 0.4224545 2.361461
0.2498499 1.688147 2.294781
0.05786761 1.081791 2.246034
0.00667749 1.135287 2.250943
0.2963963 1.802658 1.640985
0.3472503 1.781251 1.652857
55
0.2613681 1.146923 2.319064
0.2553226 1.45906 2.308347
0.2478138 1.762576 2.287709
0.2658197 1.909293 2.270026
0.07652392 1.63556 2.29837
0.01232189 1.416157 2.311475
0.03690137 1.194119 2.251809
0.04458337 1.143443 2.256893
0.4017616 1.630782 2.237966
0.3917996 1.747839 2.020938
0.3413779 1.799277 1.786123
0.3118612 1.799066 1.677423
0.1764247 1.147056 2.295539
0.1561527 0.8390889 2.346332
0.1433068 0.4476337 2.463789
0.09189588 0.4209971 2.369395
0.337606 1.14395 2.273428
0.3472976 0.8340914 2.333605
0.3643635 0.4511161 2.455007
0.3866212 0.4224545 2.361461
0.2498499 1.688147 2.294781
0.05786761 1.081791 2.246034
0.00667749 1.135287 2.250943
0.2963963 1.802658 1.640985
0.3472503 1.781251 1.652857
56
0.2612789 1.149827 2.320831
0.2549814 1.461104 2.309387
0.2471407 1.763953 2.287721
0.264797 1.909235 2.270972
0.07646772 1.635783 2.300018
0.01308552 1.416974 2.317037
0.03598863 1.194317 2.259038
0.04342164 1.144125 2.265049
0.3988217 1.632685 2.23394
0.3834267 1.74809 2.027663
0.3387127 1.789501 1.782907
0.3137042 1.788871 1.669806
0.1760544 1.149929 2.299036
0.1558765 0.842499 2.345551
0.1434576 0.4476895 2.463817
0.09192316 0.421033 2.369417
0.3377978 1.146782 2.273412
0.3472011 0.8363599 2.333482
0.3643798 0.4508964 2.45502
0.3866797 0.4223795 2.361426
0.2492966 1.689637 2.295071
0.05611336 1.081086 2.254399
0.00514443 1.136893 2.259061
0.3000774 1.792059 1.633697
0.3484764 1.769615 1.642977
57
0.2612789 1.149827 2.320831
0.2549814 1.461104 2.309387
0.2471407 1.763953 2.287721
0.264797 1.909235 2.270972
0.07646772 1.635783 2.300018
0.01308552 1.416974 2.317037
0.03598863 1.194317 2.259038
0.04342164 1.144125 2.265049
0.3988217 1.632685 2.23394
0.3834267 1.74809 2.027663
0.3387127 1.789501 1.782907
0.3137042 1.788871 1.669806
0.1760544 1.149929 2.299036
0.1558765 0.842499 2.345551
0.1434576 0.4476895 2.463817
0.09192316 0.421033 2.369417
0.3377978 1.146782 2.273412
0.3472011 0.8363599 2.333482
0.3643798 0.4508964 2.45502
0.3866797 0.4223795 2.361426
0.2492966 1.689637 2.295071
0.05611336 1.081086 2.254399
0.00514443 1.136893 2.259061
0.3000774 1.792059 1.633697
0.3484764 1.769615 1.642977
58
0.2609805 1.15251 2.322273
0.2546707 1.462811 2.310171
0.2467765 1.764923 2.287663
0.2636801 1.909235 2.271881
0.07638661 1.635893 2.301355
0.01484737 1.415487 2.323022
0.03480478 1.1944 2.267381
0.04234972 1.14461 2.272384
0.396665 1.633861 2.231042
0.3786757 1.744105 2.032523
0.3365769 1.779102 1.783798
0.3133219 1.780086 1.667889
0.175508 1.152502 2.301943
0.1555395 0.8452128 2.34504
0.1436429 0.4477657 2.463879
0.09195179 0.4210759 2.369443
0.3377127 1.149568 2.273139
0.3470318 0.8387793 2.333147
0.3644003 0.4507243 2.455037
0.3867272 0.4223106 2.361396
0.2489167 1.690825 2.295232
0.05352855 1.080011 2.262723
0.004447739 1.139005 2.267118
0.3015559 1.784436 1.63286
0.3484111 1.75948 1.643092
59
0.2605717 1.154781 2.323432
0.254391 1.464199 2.310761
0.2465055 1.765684 2.287577
0.2625688 1.909247 2.272718
0.07629043 1.635942 2.302459
0.01650522 1.41402 2.327861
0.03364493 1.194614 2.275262
0.04136804 1.144652 2.279755
0.3950223 1.634648 2.228893
0.3758892 1.738722 2.035018
0.3347136 1.771632 1.785173
0.3119338 1.772106 1.674681
0.1749103 1.154617 2.304273
0.1551477 0.8475692 2.344726
0.1438512 0.447837 2.463941
0.09198584 0.4211288 2.369473
0.3374684 1.151937 2.272813
0.3468451 0.8409725 2.33273
0.3644241 0.4506002 2.455058
0.3867647 0.4222457 2.361362
0.2486064 1.691795 2.295322
0.05117896 1.079141 2.271056
0.003626402 1.141108 2.278598
0.2996123 1.778612 1.635789
0.3470085 1.751603 1.648579
60
0.2605717 1.154781 2.323432
0.254391 1.464199 2.310761
0.2465055 1.765684 2.287577
0.2625688 1.909247 2.272718
0.07629043 1.635942 2.302459
0.01650522 1.41402 2.327861
0.03364493 1.194614 2.275262
0.04136804 1.144652 2.279755
0.3950223 1.634648 2.228893
0.3758892 1.738722 2.035018
0.3347136 1.771632 1.785173
0.3119338 1.772106 1.674681
0.1749103 1.154617 2.304273
0.1551477 0.8475692 2.344726
0.1438512 0.447837 2.463941
0.09198584 0.4211288 2.369473
0.3374684 1.151937 2.272813
0.3468451 0.8409725 2.33273
0.3644241 0.4506002 2.455058
0.3867647 0.4222457 2.361362
0.2486064 1.691795 2.295322
0.05117896 1.079141 2.271056
0.003626402 1.141108 2.278598
0.2996123 1.778612 1.635789
0.3470085 1.751603 1.648579
61
0.2605717 1.154781 2.323432
0.254391 1.464199 2.310761
0.2465055 1.765684 2.287577
0.2625688 1.909247 2.272718
0.07629043 1.635942 2.302459
0.01650522 1.41402 2.327861
0.03364493 1.194614 2.275262
0.04136804 1.144652 2.279755
0.3950223 1.634648 2.228893
0.3758892 1.738722 2.035018
0.3347136 1.771632 1.785173
0.3119338 1.772106 1.674681
0.1749103 1.154617 2.304273
0.1551477 0.8475692 2.344726
0.1438512 0.447837 2.463941
0.09198584 0.4211288 2.369473
0.3374684 1.151937 2.272813
0.3468451 0.8409725 2.33273
0.3644241 0.4506002 2.455058
0.3867647 0.4222457 2.361362
0.2486064 1.691795 2.295322
0.05117896 1.079141 2.271056
0.003626402 1.141108 2.278598
0.2996123 1.778612 1.635789
0.3470085 1.751603 1.648579
62
0.2601974 1.156463 2.324255
0.2541516 1.465285 2.311189
0.2463047 1.76626 2.287476
0.2614566 1.909269 2.273467
0.07617701 1.63594 2.303369
0.01802913 1.412689 2.331674
0.03275811 1.194857 2.281352
0.04068872 1.14516 2.285661
0.3938213 1.635156 2.227334
0.3746857 1.732655 2.035513
0.3332677 1.765377 1.786362
0.3110301 1.765823 1.67993
0.1744341 1.156093 2.305874
0.1548014 0.8494233 2.344517
0.1440526 0.447926 2.464017
0.09205959 0.4211968 2.369535
0.3371993 1.153738 2.272506
0.3466827 0.843056 2.332126
0.3644428 0.4505508 2.45509
0.3867921 0.422189 2.36133
0.2483632 1.692547 2.295359
0.05018857 1.0787 2.276565
0.002504187 1.1407 2.286968
0.2987468 1.772102 1.642905
0.3463479 1.744744 1.656453
63
0.2601974 1.156463 2.324255
0.2541516 1.465285 2.311189
0.2463047 1.76626 2.287476
0.2614566 1.909269 2.273467
0.07617701 1.63594 2.303369
0.01802913 1.412689 2.331674
0.03275811 1.194857 2.281352
0.04068872 1.14516 2.285661
0.3938213 1.635156 2.227334
0.3746857 1.732655 2.035513
0.3332677 1.765377 1.786362
0.3110301 1.765823 1.67993
0.1744341 1.156093 2.305874
0.1548014 0.8494233 2.344517
0.1440526 0.447926 2.464017
0.09205959 0.4211968 2.369535
0.3371993 1.153738 2.272506
0.3466827 0.843056 2.332126
0.3644428 0.4505508 2.45509
0.3867921 0.422189 2.36133
0.2483632 1.692547 2.295359
0.05018857 1.0787 2.276565
0.002504187 1.1407 2.286968
0.2987468 1.772102 1.642905
0.3463479 1.744744 1.656453
64
0.2598882 1.157697 2.324842
0.253951 1.46612 2.311497
0.2461555 1.766664 2.287378
0.2603689 1.909246 2.274141
0.07603895 1.635895 2.304151
0.01955229 1.411445 2.334516
0.03203604 1.195295 2.287777
0.04023185 1.145594 2.290631
0.3929163 1.63546 2.226198
0.3750421 1.72655 2.035051
0.332653 1.760116 1.787651
0.3116599 1.759621 1.685553
0.1740781 1.157128 2.30699
0.1545039 0.8509238 2.344407
0.1442561 0.4480478 2.464118
0.09215704 0.4212976 2.369632
0.3369456 1.155093 2.27224
0.3465085 0.8449826 2.331352
0.3644614 0.4505711 2.455131
0.3868056 0.4221354 2.361282
0.2481769 1.693094 2.295365
0.04938944 1.078369 2.281384
0.001354611 1.138107 2.294376
0.2979423 1.766799 1.646663
0.3476541 1.739004 1.663631
65
0.2598882 1.157697 2.324842
0.253951 1.46612 2.311497
0.2461555 1.766664 2.287378
0.2603689 1.909246 2.274141
0.07603895 1.635895 2.304151
0.01955229 1.411445 2.334516
0.03203604 1.195295 2.287777
0.04023185 1.145594 2.290631
0.3929163 1.63546 2.226198
0.3750421 1.72655 2.035051
0.332653 1.760116 1.787651
0.3116599 1.759621 1.685553
0.1740781 1.157128 2.30699
0.1545039 0.8509238 2.344407
0.1442561 0.4480478 2.464118
0.09215704 0.4212976 2.369632
0.3369456 1.155093 2.27224
0.3465085 0.8449826 2.331352
0.3644614 0.4505711 2.455131
0.3868056 0.4221354 2.361282
0.2481769 1.693094 2.295365
0.04938944 1.078369 2.281384
0.001354611 1.138107 2.294376
0.2979423 1.766799 1.646663
0.3476541 1.739004 1.663631
66
0.2595349 1.15861 2.325267
0.2537502 1.466723 2.311714
0.2460334 1.76691 2.2873
0.2592569 1.909184 2.274756
0.07587752 1.635813 2.304832
0.02072765 1.410452 2.336834
0.03131071 1.195864 2.292864
0.03996752 1.14618 2.294342
0.3922096 1.63563 2.225352
0.3776844 1.718522 2.032266
0.3328287 1.755201 1.788191
0.313045 1.753575 1.690245
0.1737422 1.157845 2.307791
0.1541671 0.8524308 2.344359
0.1444701 0.4481869 2.464196
0.09228045 0.4214375 2.36974
0.3365776 1.156144 2.271974
0.3463606 0.8464774 2.330666
0.3644785 0.4506081 2.455174
0.3868051 0.4220777 2.361214
0.2480249 1.693444 2.295364
0.04801296 1.078915 2.285076
0.001170665 1.137714 2.297729
0.2972319 1.761671 1.652215
0.3488968 1.73333 1.667643
67
0.2595349 1.15861 2.325267
0.2537502 1.466723 2.311714
0.2460334 1.76691 2.2873
0.2592569 1.909184 2.274756
0.07587752 1.635813 2.304832
0.02072765 1.410452 2.336834
0.03131071 1.195864 2.292864
0.03996752 1.14618 2.294342
0.3922096 1.63563 2.225352
0.3776844 1.718522 2.032266
0.3328287 1.755201 1.788191
0.313045 1.753575 1.690245
0.1737422 1.157845 2.307791
0.1541671 0.8524308 2.344359
0.1444701 0.4481869 2.464196
0.09228045 0.4214375 2.36974
0.3365776 1.156144 2.271974
0.3463606 0.8464774 2.330666
0.3644785 0.4506081 2.455174
0.3868051 0.4220777 2.361214
0.2480249 1.693444 2.295364
0.04801296 1.078915 2.285076
0.001170665 1.137714 2.297729
0.2972319 1.761671 1.652215
0.3488968 1.73333 1.667643
68
0.2591594 1.159275 2.325565
0.253543 1.467162 2.311871
0.2459117 1.76706 2.287228
0.2581004 1.909068 2.275376
0.07570914 1.63571 2.305421
0.02153138 1.409721 2.338917
0.03068583 1.196212 2.296555
0.03952138 1.14651 2.297231
0.3916405 1.635692 2.224739
0.3844524 1.706537 2.025616
0.3335212 1.750542 1.78788
0.3143047 1.747687 1.697445
0.1734047 1.158332 2.308366
0.153875 0.8535908 2.344372
0.1446617 0.4483009 2.464279
0.09240943 0.4215553 2.369864
0.33615 1.156934 2.271709
0.3462272 0.8477246 2.329985
0.3644855 0.4506709 2.455214
0.3868046 0.4220307 2.361153
0.2478817 1.69368 2.295359
0.04732997 1.078951 2.288388
0.000464617 1.137168 2.300396
0.2976076 1.752909 1.664291
0.3499089 1.729975 1.671867
69
0.2591594 1.159275 2.325565
0.253543 1.467162 2.311871
0.2459117 1.76706 2.287228
0.2581004 1.909068 2.275376
0.07570914 1.63571 2.305421
0.02153138 1.409721 2.338917
0.03068583 1.196212 2.296555
0.03952138 1.14651 2.297231
0.3916405 1.635692 2.224739
0.3844524 1.706537 2.025616
0.3335212 1.750542 1.78788
0.3143047 1.747687 1.697445
0.1734047 1.158332 2.308366
0.153875 0.8535908 2.344372
0.1446617 0.4483009 2.464279
0.09240943 0.4215553 2.369864
0.33615 1.156934 2.271709
0.3462272 0.8477246 2.329985
0.3644855 0.4506709 2.455214
0.3868046 0.4220307 2.361153
0.2478817 1.69368 2.295359
0.04732997 1.078951 2.288388
0.000464617 1.137168 2.300396
0.2976076 1.752909 1.664291
0.3499089 1.729975 1.671867
70
0.2587987 1.159747 2.325781
0.2533439 1.46748 2.311988
0.2457868 1.767127 2.287158
0.2570284 1.908887 2.275974
0.07431962 1.635419 2.309489
0.0219864 1.408813 2.340932
0.03001703 1.196137 2.299412
0.03860778 1.146237 2.299886
0.3911897 1.635689 2.224323
0.4004331 1.684369 2.007738
0.3355785 1.744667 1.789481
0.3159343 1.742622 1.716115
0.1730986 1.158645 2.308779
0.1536133 0.8544887 2.344412
0.1448419 0.4484036 2.464373
0.09270636 0.4217274 2.370258
0.335688 1.157506 2.27147
0.346115 0.8484435 2.329594
0.3644907 0.4507104 2.455249
0.3867964 0.4219947 2.361094
0.2477432 1.69383 2.295348
0.04510759 1.07861 2.292034
-0.0006044946 1.137676 2.302929
0.2967182 1.751819 1.679521
0.3513649 1.728794 1.682007
71
0.2587987 1.159747 2.325781
0.2533439 1.46748 2.311988
0.2457868 1.767127 2.287158
0.2570284 1.908887 2.275974
0.07431962 1.635419 2.309489
0.0219864 1.408813 2.340932
0.03001703 1.196137 2.299412
0.03860778 1.146237 2.299886
0.3911897 1.635689 2.224323
0.4004331 1.684369 2.007738
0.3355785 1.744667 1.789481
0.3159343 1.742622 1.716115
0.1730986 1.158645 2.308779
0.1536133 0.8544887 2.344412
0.1448419 0.4484036 2.464373
0.09270636 0.4217274 2.370258
0.335688 1.157506 2.27147
0.346115 0.8484435 2.329594
0.3644907 0.4507104 2.455249
0.3867964 0.4219947 2.361094
0.2477432 1.69383 2.295348
0.04510759 1.07861 2.292034
-0.0006044946 1.137676 2.302929
0.2967182 1.751819 1.679521
0.3513649 1.728794 1.682007
72
0.2583176 1.159991 2.325914
0.2531374 1.467648 2.312101
0.2457054 1.766873 2.287239
0.2560877 1.908688 2.276484
0.07351016 1.635348 2.312
0.02227005 1.408274 2.342402
0.0289705 1.195172 2.302062
0.03669473 1.144144 2.302266
0.3908279 1.635624 2.224059
0.4237219 1.649977 2.002104
0.3403751 1.728501 1.819034
0.3182344 1.736798 1.755568
0.1727047 1.15872 2.309025
0.1534175 0.8551149 2.344457
0.1449958 0.4484791 2.46447
0.09298049 0.4218642 2.370642
0.3350419 1.157804 2.271217
0.3460194 0.8489762 2.329278
0.3644954 0.4507833 2.455264
0.3867733 0.4220022 2.36103
0.247616 1.693754 2.295429
0.04276942 1.075814 2.295969
-0.002412682 1.137659 2.303955
0.2927318 1.751429 1.706401
0.3518947 1.725696 1.715114
73
0.2583176 1.159991 2.325914
0.2531374 1.467648 2.312101
0.2457054 1.766873 2.287239
0.2560877 1.908688 2.276484
0.07351016 1.635348 2.312
0.02227005 1.408274 2.342402
0.0289705 1.195172 2.302062
0.03669473 1.144144 2.302266
0.3908279 1.635624 2.224059
0.4237219 1.649977 2.002104
0.3403751 1.728501 1.819034
0.3182344 1.736798 1.755568
0.1727047 1.15872 2.309025
0.1534175 0.8551149 2.344457
0.1449958 0.4484791 2.46447
0.09298049 0.4218642 2.370642
0.3350419 1.157804 2.271217
0.3460194 0.8489762 2.329278
0.3644954 0.4507833 2.455264
0.3867733 0.4220022 2.36103
0.247616 1.693754 2.295429
0.04276942 1.075814 2.295969
-0.002412682 1.137659 2.303955
0.2927318 1.751429 1.706401
0.3518947 1.725696 1.715114
74
0.2574432 1.159881 2.325982
0.2528564 1.467674 2.312233
0.2456481 1.76647 2.287426
0.2552624 1.908481 2.276924
0.07301942 1.635496 2.314353
0.0224513 1.407965 2.343425
0.02781776 1.193985 2.304156
0.03484923 1.141344 2.304013
0.3905381 1.635512 2.223914
0.450785 1.615807 1.997974
0.3508092 1.707262 1.853407
0.3222842 1.72716 1.803868
0.1720997 1.158494 2.309078
0.153262 0.8553555 2.34461
0.1451264 0.4485233 2.464565
0.09325475 0.4219875 2.371049
0.3337444 1.157596 2.271019
0.3459291 0.8493782 2.329
0.3645059 0.4508669 2.455284
0.3867505 0.4220167 2.360969
0.2474878 1.693531 2.295587
0.03991322 1.070864 2.300831
-0.005222665 1.134281 2.304062
0.292198 1.744585 1.750341
0.3541479 1.717916 1.755654
75
0.2574432 1.159881 2.325982
0.2528564 1.467674 2.312233
0.2456481 1.76647 2.287426
0.2552624 1.908481 2.276924
0.07301942 1.635496 2.314353
0.0224513 1.407965 2.343425
0.02781776 1.193985 2.304156
0.03484923 1.141344 2.304013
0.3905381 1.635512 2.223914
0.450785 1.615807 1.997974
0.3508092 1.707262 1.853407
0.3222842 1.72716 1.803868
0.1720997 1.158494 2.309078
0.153262 0.8553555 2.34461
0.1451264 0.4485233 2.464565
0.09325475 0.4219875 2.371049
0.3337444 1.157596 2.271019
0.3459291 0.8493782 2.329
0.3645059 0.4508669 2.455284
0.3867505 0.4220167 2.360969
0.2474878 1.693531 2.295587
0.03991322 1.070864 2.300831
-0.005222665 1.134281 2.304062
0.292198 1.744585 1.750341
0.3541479 1.717916 1.755654
76
0.2563967 1.159482 2.325958
0.2525482 1.467607 2.312365
0.2456093 1.76604 2.287673
0.2545278 1.908316 2.277296
0.07270995 1.635633 2.316143
0.02250597 1.407762 2.344199
0.02635554 1.19245 2.305937
0.03288025 1.138318 2.30518
0.3902977 1.635349 2.223876
0.4756233 1.571678 2.018974
0.366235 1.678736 1.90317
0.3298658 1.708139 1.862746
0.1713149 1.15794 2.30888
0.1531786 0.855325 2.344842
0.1452644 0.4485701 2.464721
0.09360661 0.4221067 2.37152
0.3323097 1.157082 2.270869
0.3457856 0.8495013 2.328825
0.364532 0.4509417 2.455312
0.386732 0.4220293 2.360918
0.2473696 1.693253 2.295784
0.03743986 1.067158 2.304048
-0.00721137 1.133093 2.304349
0.2931452 1.728933 1.806217
0.3611791 1.701493 1.810122
77
0.2563967 1.159482 2.325958
0.2525482 1.467607 2.312365
0.2456093 1.76604 2.287673
0.2545278 1.908316 2.277296
0.07270995 1.635633 2.316143
0.02250597 1.407762 2.344199
0.02635554 1.19245 2.305937
0.03288025 1.138318 2.30518
0.3902977 1.635349 2.223876
0.4756233 1.571678 2.018974
0.366235 1.678736 1.90317
0.3298658 1.708139 1.862746
0.1713149 1.15794 2.30888
0.1531786 0.855325 2.344842
0.1452644 0.4485701 2.464721
0.09360661 0.4221067 2.37152
0.3323097 1.157082 2.270869
0.3457856 0.8495013 2.328825
0.364532 0.4509417 2.455312
0.386732 0.4220293 2.360918
0.2473696 1.693253 2.295784
0.03743986 1.067158 2.304048
-0.00721137 1.133093 2.304349
0.2931452 1.728933 1.806217
0.3611791 1.701493 1.810122
78
0.2552606 1.158937 2.325844
0.252169 1.467454 2.312502
0.2455384 1.765599 2.287976
0.2539026 1.908181 2.277584
0.07245654 1.635721 2.317497
0.02245005 1.407608 2.344744
0.02498717 1.190961 2.307107
0.03090033 1.135672 2.305316
0.3901069 1.63517 2.223906
0.5042896 1.523791 2.060651
0.3717072 1.654973 1.943456
0.3399056 1.677399 1.923812
0.1704655 1.157244 2.308515
0.1530614 0.8552129 2.345092
0.1454202 0.44866 2.464912
0.09393211 0.4222244 2.371932
0.3308002 1.156433 2.270724
0.3451594 0.8479851 2.328912
0.3646478 0.4510621 2.455363
0.3867134 0.4220406 2.360866
0.2472215 1.692931 2.296025
0.03576812 1.064823 2.305701
-0.009509123 1.131859 2.302692
0.3010533 1.699663 1.863765
0.362882 1.674918 1.863402
79
0.2533171 1.15726 2.325417
0.2515837 1.467068 2.312622
0.245451 1.765189 2.288267
0.253392 1.908098 2.277765
0.07220057 1.635747 2.31849
0.02224343 1.407455 2.345095
0.02377942 1.189575 2.30778
0.02918028 1.133613 2.304897
0.3893046 1.631351 2.225272
0.5231633 1.491824 2.104233
0.3979007 1.61631 1.989661
0.3489105 1.6383 1.975085
0.1689623 1.155426 2.307686
0.1529515 0.8543065 2.345672
0.1455709 0.4487457 2.465092
0.09416188 0.4223314 2.37221
0.328488 1.154661 2.270352
0.3445828 0.8455528 2.329291
0.3647666 0.4511788 2.455417
0.3866982 0.4220484 2.360822
0.2470505 1.69259 2.296264
0.03476492 1.063238 2.306776
-0.01195746 1.130692 2.301441
0.308083 1.660545 1.924252
0.3651625 1.636463 1.908673
80
0.2533171 1.15726 2.325417
0.2515837 1.467068 2.312622
0.245451 1.765189 2.288267
0.253392 1.908098 2.277765
0.07220057 1.635747 2.31849
0.02224343 1.407455 2.345095
0.02377942 1.189575 2.30778
0.02918028 1.133613 2.304897
0.3893046 1.631351 2.225272
0.5231633 1.491824 2.104233
0.3979007 1.61631 1.989661
0.3489105 1.6383 1.975085
0.1689623 1.155426 2.307686
0.1529515 0.8543065 2.345672
0.1455709 0.4487457 2.465092
0.09416188 0.4223314 2.37221
0.328488 1.154661 2.270352
0.3445828 0.8455528 2.329291
0.3647666 0.4511788 2.455417
0.3866982 0.4220484 2.360822
0.2470505 1.69259 2.296264
0.03476492 1.063238 2.306776
-0.01195746 1.130692 2.301441
0.308083 1.660545 1.924252
0.3651625 1.636463 1.908673
81
0.2533171 1.15726 2.325417
0.2515837 1.467068 2.312622
0.245451 1.765189 2.288267
0.253392 1.908098 2.277765
0.07220057 1.635747 2.31849
0.02224343 1.407455 2.345095
0.02377942 1.189575 2.30778
0.02918028 1.133613 2.304897
0.3893046 1.631351 2.225272
0.5231633 1.491824 2.104233
0.3979007 1.61631 1.989661
0.3489105 1.6383 1.975085
0.1689623 1.155426 2.307686
0.1529515 0.8543065 2.345672
0.1455709 0.4487457 2.465092
0.09416188 0.4223314 2.37221
0.328488 1.154661 2.270352
0.3445828 0.8455528 2.329291
0.3647666 0.4511788 2.455417
0.3866982 0.4220484 2.360822
0.2470505 1.69259 2.296264
0.03476492 1.063238 2.306776
-0.01195746 1.130692 2.301441
0.308083 1.660545 1.924252
0.3651625 1.636463 1.908673
82
0.2503703 1.153293 2.32457
0.2505787 1.466153 2.312706
0.245301 1.764804 2.288548
0.2529626 1.908043 2.277862
0.07190741 1.635691 2.319181
0.02169732 1.407195 2.345139
0.02255266 1.187825 2.307898
0.02753314 1.131647 2.303601
0.3891467 1.626632 2.226529
0.5348396 1.463425 2.172242
0.3878135 1.57778 2.052421
0.3584276 1.58966 2.024046
0.1665462 1.151124 2.305964
0.1520086 0.8487307 2.348186
0.1458572 0.448755 2.465173
0.09434517 0.4224245 2.372442
0.3252347 1.150784 2.269922
0.3437299 0.8384731 2.331296
0.3649688 0.4512299 2.455459
0.3866729 0.4220602 2.360772
0.2467932 1.692192 2.296512
0.0343057 1.061983 2.307197
-0.01434277 1.129409 2.29846
0.3248251 1.608463 1.979036
0.3715039 1.585921 1.965347
83
0.2480326 1.149841 2.323752
0.2494834 1.465018 2.31265
0.2451166 1.764433 2.288758
0.2526271 1.908013 2.277817
0.0715896 1.635593 2.319626
0.02066869 1.406829 2.344594
0.02140399 1.186091 2.307283
0.02597342 1.130108 2.300624
0.3896682 1.623413 2.227873
0.5481483 1.444237 2.226176
0.3905684 1.524575 2.093327
0.3642366 1.532763 2.058417
0.1645284 1.147062 2.304054
0.1512918 0.843937 2.350358
0.1460905 0.44876 2.465254
0.09447893 0.4225011 2.372602
0.3227577 1.147604 2.26962
0.3428229 0.8318263 2.333012
0.3651778 0.4513285 2.455513
0.3866455 0.4220719 2.360722
0.246483 1.691746 2.296691
0.03408482 1.060849 2.306988
-0.01639356 1.128424 2.29495
0.3363068 1.547225 2.023659
0.3723327 1.525453 2.005196
84
0.2480326 1.149841 2.323752
0.2494834 1.465018 2.31265
0.2451166 1.764433 2.288758
0.2526271 1.908013 2.277817
0.0715896 1.635593 2.319626
0.02066869 1.406829 2.344594
0.02140399 1.186091 2.307283
0.02597342 1.130108 2.300624
0.3896682 1.623413 2.227873
0.5481483 1.444237 2.226176
0.3905684 1.524575 2.093327
0.3642366 1.532763 2.058417
0.1645284 1.147062 2.304054
0.1512918 0.843937 2.350358
0.1460905 0.44876 2.465254
0.09447893 0.4225011 2.372602
0.3227577 1.147604 2.26962
0.3428229 0.8318263 2.333012
0.3651778 0.4513285 2.455513
0.3866455 0.4220719 2.360722
0.246483 1.691746 2.296691
0.03408482 1.060849 2.306988
-0.01639356 1.128424 2.29495
0.3363068 1.547225 2.023659
0.3723327 1.525453 2.005196
85
0.2480326 1.149841 2.323752
0.2494834 1.465018 2.31265
0.2451166 1.764433 2.288758
0.2526271 1.908013 2.277817
0.0715896 1.635593 2.319626
0.02066869 1.406829 2.344594
0.02140399 1.186091 2.307283
0.02597342 1.130108 2.300624
0.3896682 1.623413 2.227873
0.5481483 1.444237 2.226176
0.3905684 1.524575 2.093327
0.3642366 1.532763 2.058417
0.1645284 1.147062 2.304054
0.1512918 0.843937 2.350358
0.1460905 0.44876 2.465254
0.09447893 0.4225011 2.372602
0.3227577 1.147604 2.26962
0.3428229 0.8318263 2.333012
0.3651778 0.4513285 2.455513
0.3866455 0.4220719 2.360722
0.246483 1.691746 2.296691
0.03408482 1.060849 2.306988
-0.01639356 1.128424 2.29495
0.3363068 1.547225 2.023659
0.3723327 1.525453 2.005196
86
0.2464043 1.147308 2.323115
0.2485166 1.463979 2.31254
0.24491 1.7641 2.288905
0.2523975 1.908038 2.277568
0.07122525 1.635448 2.319834
0.01914284 1.406421 2.343423
0.02021882 1.184366 2.305542
0.02468085 1.129028 2.296956
0.4004135 1.627407 2.239755
0.5516045 1.437126 2.248379
0.3840426 1.47376 2.0946
0.3678705 1.467453 2.082047
0.1631669 1.144029 2.302356
0.1507935 0.8401721 2.352008
0.1462751 0.4487917 2.465349
0.09458787 0.4225669 2.372732
0.3210443 1.145296 2.26945
0.3421352 0.8271571 2.334157
0.3653389 0.4514321 2.455553
0.3866039 0.4220845 2.360656
0.2461574 1.691315 2.29681
0.03408936 1.060152 2.306115
-0.01777042 1.127056 2.29049
0.3432409 1.474776 2.056575
0.3760676 1.45428 2.039937
87
0.2464043 1.147308 2.323115
0.2485166 1.463979 2.31254
0.24491 1.7641 2.288905
0.2523975 1.908038 2.277568
0.07122525 1.635448 2.319834
0.01914284 1.406421 2.343423
0.02021882 1.184366 2.305542
0.02468085 1.129028 2.296956
0.4004135 1.627407 2.239755
0.5516045 1.437126 2.248379
0.3840426 1.47376 2.0946
0.3678705 1.467453 2.082047
0.1631669 1.144029 2.302356
0.1507935 0.8401721 2.352008
0.1462751 0.4487917 2.465349
0.09458787 0.4225669 2.372732
0.3210443 1.145296 2.26945
0.3421352 0.8271571 2.334157
0.3653389 0.4514321 2.455553
0.3866039 0.4220845 2.360656
0.2461574 1.691315 2.29681
0.03408936 1.060152 2.306115
-0.01777042 1.127056 2.29049
0.3432409 1.474776 2.056575
0.3760676 1.45428 2.039937
88
0.2452724 1.145421 2.322596
0.2476695 1.463019 2.312359
0.2446759 1.763785 2.288981
0.2523434 1.908093 2.276881
0.07075029 1.635218 2.319564
0.01728524 1.405997 2.341368
0.01917499 1.182955 2.30279
0.02370213 1.128193 2.292407
0.4079626 1.629299 2.248328
0.5561436 1.435522 2.28691
0.4095663 1.402735 2.136629
0.3702201 1.394937 2.10769
0.1622578 1.141728 2.300862
0.1503229 0.8365887 2.353474
0.1464446 0.448843 2.465451
0.09465769 0.4226108 2.372822
0.3198473 1.143595 2.269347
0.3416325 0.823858 2.334884
0.3654567 0.4515156 2.455573
0.386584 0.4220837 2.3606
0.2458118 1.690885 2.296851
0.03507485 1.059467 2.303315
-0.01910671 1.126284 2.286021
0.3517851 1.393311 2.079497
0.3853569 1.380142 2.070478
89
0.2452724 1.145421 2.322596
0.2476695 1.463019 2.312359
0.2446759 1.763785 2.288981
0.2523434 1.908093 2.276881
0.07075029 1.635218 2.319564
0.01728524 1.405997 2.341368
0.01917499 1.182955 2.30279
0.02370213 1.128193 2.292407
0.4079626 1.629299 2.248328
0.5561436 1.435522 2.28691
0.4095663 1.402735 2.136629
0.3702201 1.394937 2.10769
0.1622578 1.141728 2.300862
0.1503229 0.8365887 2.353474
0.1464446 0.448843 2.465451
0.09465769 0.4226108 2.372822
0.3198473 1.143595 2.269347
0.3416325 0.823858 2.334884
0.3654567 0.4515156 2.455573
0.386584 0.4220837 2.3606
0.2458118 1.690885 2.296851
0.03507485 1.059467 2.303315
-0.01910671 1.126284 2.286021
0.3517851 1.393311 2.079497
0.3853569 1.380142 2.070478
90
0.2445151 1.144041 2.322202
0.246994 1.462206 2.312167
0.2444611 1.763514 2.289004
0.2525806 1.908145 2.275727
0.07023353 1.634945 2.318753
0.01547515 1.405664 2.338843
0.01839857 1.181628 2.299122
0.02308831 1.127995 2.287303
0.4136387 1.63028 2.254803
0.5567251 1.435958 2.301639
0.4077334 1.329206 2.148213
0.3757053 1.328255 2.126242
0.1617122 1.140027 2.299571
0.1500049 0.833985 2.354512
0.1465625 0.4489091 2.465566
0.09470684 0.4226436 2.372884
0.3190633 1.142325 2.269373
0.341231 0.8213957 2.335344
0.3655469 0.4516019 2.455592
0.3865714 0.4220785 2.360548
0.2455029 1.6905 2.296843
0.03737473 1.059158 2.298092
-0.01970848 1.125739 2.282047
0.3620862 1.314768 2.102203
0.3929745 1.314184 2.090009
91
0.2445151 1.144041 2.322202
0.246994 1.462206 2.312167
0.2444611 1.763514 2.289004
0.2525806 1.908145 2.275727
0.07023353 1.634945 2.318753
0.01547515 1.405664 2.338843
0.01839857 1.181628 2.299122
0.02308831 1.127995 2.287303
0.4136387 1.63028 2.254803
0.5567251 1.435958 2.301639
0.4077334 1.329206 2.148213
0.3757053 1.328255 2.126242
0.1617122 1.140027 2.299571
0.1500049 0.833985 2.354512
0.1465625 0.4489091 2.465566
0.09470684 0.4226436 2.372884
0.3190633 1.142325 2.269373
0.341231 0.8213957 2.335344
0.3655469 0.4516019 2.455592
0.3865714 0.4220785 2.360548
0.2455029 1.6905 2.296843
0.03737473 1.059158 2.298092
-0.01970848 1.125739 2.282047
0.3620862 1.314768 2.102203
0.3929745 1.314184 2.090009
92
0.2440442 1.143042 2.321898
0.2464876 1.461548 2.311975
0.2442762 1.763291 2.288987
0.2531057 1.908266 2.274216
0.06967232 1.634627 2.317402
0.01368389 1.405371 2.335848
0.01801134 1.180561 2.294882
0.02319735 1.127955 2.282545
0.4174775 1.630785 2.259327
0.5194125 1.436788 2.327073
0.4056439 1.267393 2.164917
0.3693933 1.26573 2.161112
0.1614402 1.138767 2.298481
0.1497548 0.8320279 2.355261
0.1466271 0.4489942 2.465696
0.09474403 0.4226725 2.372932
0.3185834 1.141415 2.269444
0.340893 0.819483 2.335625
0.3656202 0.4516843 2.455609
0.3865657 0.4220648 2.360497
0.2452442 1.690174 2.296798
0.04056008 1.059021 2.291606
-0.02004353 1.125567 2.279967
0.3256452 1.228917 2.158169
0.4053373 1.228527 2.133462
93
0.2440442 1.143042 2.321898
0.2464876 1.461548 2.311975
0.2442762 1.763291 2.288987
0.2531057 1.908266 2.274216
0.06967232 1.634627 2.317402
0.01368389 1.405371 2.335848
0.01801134 1.180561 2.294882
0.02319735 1.127955 2.282545
0.4174775 1.630785 2.259327
0.5194125 1.436788 2.327073
0.4056439 1.267393 2.164917
0.3693933 1.26573 2.161112
0.1614402 1.138767 2.298481
0.1497548 0.8320279 2.355261
0.1466271 0.4489942 2.465696
0.09474403 0.4226725 2.372932
0.3185834 1.141415 2.269444
0.340893 0.819483 2.335625
0.3656202 0.4516843 2.455609
0.3865657 0.4220648 2.360497
0.2452442 1.690174 2.296798
0.04056008 1.059021 2.291606
-0.02004353 1.125567 2.279967
0.3256452 1.228917 2.158169
0.4053373 1.228527 2.133462
94
0.2437553 1.142309 2.321658
0.2461091 1.461018 2.311791
0.2441131 1.763103 2.288941
0.2541196 1.908404 2.272261
0.06907935 1.634339 2.315606
0.01189324 1.40513 2.332063
0.01792888 1.179799 2.290364
0.02364805 1.128081 2.277181
0.4205314 1.630928 2.263194
0.4997332 1.437036 2.336581
0.4128293 1.224206 2.18272
0.3719774 1.219056 2.187727
0.161365 1.137841 2.297509
0.149539 0.8305705 2.355762
0.1466671 0.4490956 2.465805
0.09476835 0.4227033 2.372958
0.3183236 1.140732 2.269581
0.3406157 0.8180482 2.335772
0.3656818 0.45175 2.455607
0.3865619 0.4220485 2.360453
0.2450257 1.689893 2.296727
0.04323066 1.058992 2.28448
-0.019475 1.124043 2.274546
0.3166243 1.16718 2.193184
0.4276552 1.165394 2.174645
95
0.2437553 1.142309 2.321658
0.2461091 1.461018 2.311791
0.2441131 1.763103 2.288941
0.2541196 1.908404 2.272261
0.06907935 1.634339 2.315606
0.01189324 1.40513 2.332063
0.01792888 1.179799 2.290364
0.02364805 1.128081 2.277181
0.4205314 1.630928 2.263194
0.4997332 1.437036 2.336581
0.4128293 1.224206 2.18272
0.3719774 1.219056 2.187727
0.161365 1.137841 2.297509
0.149539 0.8305705 2.355762
0.1466671 0.4490956 2.465805
0.09476835 0.4227033 2.372958
0.3183236 1.140732 2.269581
0.3406157 0.8180482 2.335772
0.3656818 0.45175 2.455607
0.3865619 0.4220485 2.360453
0.2450257 1.689893 2.296727
0.04323066 1.058992 2.28448
-0.019475 1.124043 2.274546
0.3166243 1.16718 2.193184
0.4276552 1.165394 2.174645
96
0.2435871 1.141759 2.32146
0.2458196 1.460585 2.311618
0.2439616 1.762938 2.28887
0.2553048 1.908504 2.270333
0.06850926 1.634086 2.313512
0.0102968 1.404926 2.327879
0.01826869 1.179039 2.285164
0.02432183 1.128056 2.27208
0.4227564 1.630829 2.266145
0.4900047 1.435494 2.341536
0.4305987 1.189011 2.213584
0.3819808 1.183921 2.208003
0.1614413 1.137178 2.296531
0.1493599 0.8294886 2.356081
0.1466882 0.4492112 2.465904
0.09477846 0.4227378 2.372975
0.3182388 1.140201 2.269797
0.3403902 0.8169875 2.33586
0.36573 0.4517834 2.455584
0.3865619 0.4220337 2.360427
0.2448338 1.689648 2.296636
0.04469132 1.059139 2.279609
-0.01911863 1.122544 2.270192
0.3400295 1.147153 2.207608
0.4459749 1.132348 2.201097
97
0.2435871 1.141759 2.32146
0.2458196 1.460585 2.311618
0.2439616 1.762938 2.28887
0.2553048 1.908504 2.270333
0.06850926 1.634086 2.313512
0.0102968 1.404926 2.327879
0.01826869 1.179039 2.285164
0.02432183 1.128056 2.27208
0.4227564 1.630829 2.266145
0.4900047 1.435494 2.341536
0.4305987 1.189011 2.213584
0.3819808 1.183921 2.208003
0.1614413 1.137178 2.296531
0.1493599 0.8294886 2.356081
0.1466882 0.4492112 2.465904
0.09477846 0.4227378 2.372975
0.3182388 1.140201 2.269797
0.3403902 0.8169875 2.33586
0.36573 0.4517834 2.455584
0.3865619 0.4220337 2.360427
0.2448338 1.689648 2.296636
0.04469132 1.059139 2.279609
-0.01911863 1.122544 2.270192
0.3400295 1.147153 2.207608
0.4459749 1.132348 2.201097
98
0.2435139 1.141349 2.3213
0.2456038 1.46024 2.311469
0.2438306 1.762801 2.288796
0.2565133 1.908584 2.268675
0.06803228 1.633895 2.311451
0.008997657 1.40479 2.323931
0.01883512 1.178367 2.279966
0.02507569 1.128823 2.267598
0.4245535 1.630562 2.268677
0.4837412 1.432103 2.343563
0.4402216 1.173344 2.229881
0.3919134 1.1608 2.223886
0.1615882 1.136734 2.295692
0.1492009 0.8286248 2.356293
0.1466952 0.4493264 2.465998
0.09478313 0.4227683 2.37299
0.3183316 1.139809 2.270134
0.3402206 0.8161982 2.335929
0.3657973 0.4518026 2.455549
0.3865597 0.4220291 2.360411
0.2446734 1.68944 2.296546
0.04548589 1.060151 2.275468
-0.01825632 1.122629 2.266174
0.3611904 1.131959 2.220896
0.4596675 1.115544 2.217721
99
0.2435139 1.141349 2.3213
0.2456038 1.46024 2.311469
0.2438306 1.762801 2.288796
0.2565133 1.908584 2.268675
0.06803228 1.633895 2.311451
0.008997657 1.40479 2.323931
0.01883512 1.178367 2.279966
0.02507569 1.128823 2.267598
0.4245535 1.630562 2.268677
0.4837412 1.432103 2.343563
0.4402216 1.173344 2.229881
0.3919134 1.1608 2.223886
0.1615882 1.136734 2.295692
0.1492009 0.8286248 2.356293
0.1466952 0.4493264 2.465998
0.09478313 0.4227683 2.37299
0.3183316 1.139809 2.270134
0.3402206 0.8161982 2.335929
0.3657973 0.4518026 2.455549
0.3865597 0.4220291 2.360411
0.2446734 1.68944 2.296546
0.04548589 1.060151 2.275468
-0.01825632 1.122629 2.266174
0.3611904 1.131959 2.220896
0.4596675 1.115544 2.217721
100
0.243512 1.141045 2.321167
0.2454439 1.459967 2.311339
0.2437216 1.762694 2.288719
0.2576447 1.908687 2.267326
0.06765956 1.633771 2.309431
0.00809854 1.40471 2.320434
0.01957293 1.178002 2.275001
0.02621053 1.129897 2.262792
0.4258893 1.630218 2.270683
0.4793848 1.423723 2.34142
0.4498775 1.163665 2.245985
0.4301848 1.128044 2.247751
0.1617825 1.136469 2.294926
0.1490746 0.8279951 2.356419
0.1466878 0.4494381 2.466088
0.09478284 0.4227983 2.373003
0.3185642 1.139515 2.270576
0.3400918 0.8156217 2.335974
0.3658524 0.4518142 2.455514
0.3865559 0.4220268 2.360399
0.2445433 1.689273 2.296458
0.04771484 1.061854 2.269695
-0.01714721 1.121998 2.263132
0.4062098 1.067591 2.253605
0.4831617 1.101759 2.245142
101
0.243512 1.141045 2.321167
0.2454439 1.459967 2.311339
0.2437216 1.762694 2.288719
0.2576447 1.908687 2.267326
0.06765956 1.633771 2.309431
0.00809854 1.40471 2.320434
0.01957293 1.178002 2.275001
0.02621053 1.129897 2.262792
0.4258893 1.630218 2.270683
0.4793848 1.423723 2.34142
0.4498775 1.163665 2.245985
0.4301848 1.128044 2.247751
0.1617825 1.136469 2.294926
0.1490746 0.8279951 2.356419
0.1466878 0.4494381 2.466088
0.09478284 0.4227983 2.373003
0.3185642 1.139515 2.270576
0.3400918 0.8156217 2.335974
0.3658524 0.4518142 2.455514
0.3865559 0.4220268 2.360399
0.2445433 1.689273 2.296458
0.04771484 1.061854 2.269695
-0.01714721 1.121998 2.263132
0.4062098 1.067591 2.253605
0.4831617 1.101759 2.245142
102
0.2435776 1.140823 2.321049
0.2453288 1.459751 2.311226
0.2436342 1.762615 2.288648
0.2586582 1.908788 2.266254
0.0673794 1.633704 2.307445
0.007638778 1.4046 2.31674
0.02042512 1.177977 2.270616
0.02768491 1.131241 2.257488
0.4268551 1.629851 2.27224
0.4760742 1.414616 2.336852
0.459019 1.162253 2.259841
0.4510246 1.111879 2.263456
0.1620181 1.136341 2.29421
0.1489729 0.8275307 2.356482
0.1466669 0.4495426 2.466165
0.09477464 0.4228284 2.373012
0.3188954 1.139308 2.271067
0.3399984 0.8152059 2.335999
0.3659004 0.4518195 2.455481
0.3865522 0.4220253 2.360389
0.2444406 1.68914 2.296378
0.04863917 1.064322 2.264494
-0.01504632 1.121613 2.257936
0.4430102 1.045678 2.267204
0.4933034 1.094826 2.25985
103
0.2435776 1.140823 2.321049
0.2453288 1.459751 2.311226
0.2436342 1.762615 2.288648
0.2586582 1.908788 2.266254
0.0673794 1.633704 2.307445
0.007638778 1.4046 2.31674
0.02042512 1.177977 2.270616
0.02768491 1.131241 2.257488
0.4268551 1.629851 2.27224
0.4760742 1.414616 2.336852
0.459019 1.162253 2.259841
0.4510246 1.111879 2.263456
0.1620181 1.136341 2.29421
0.1489729 0.8275307 2.356482
0.1466669 0.4495426 2.466165
0.09477464 0.4228284 2.373012
0.3188954 1.139308 2.271067
0.3399984 0.8152059 2.335999
0.3659004 0.4518195 2.455481
0.3865522 0.4220253 2.360389
0.2444406 1.68914 2.296378
0.04863917 1.064322 2.264494
-0.01504632 1.121613 2.257936
0.4430102 1.045678 2.267204
0.4933034 1.094826 2.25985
104
0.2437496 1.14066 2.320939
0.2452531 1.459579 2.311129
0.2435642 1.762557 2.288584
0.2595688 1.908891 2.265433
0.06717295 1.633653 2.305644
0.007399936 1.404487 2.313559
0.02182684 1.178184 2.265602
0.02943818 1.13235 2.253018
0.4275458 1.629432 2.273445
0.4712314 1.404233 2.326252
0.4660969 1.1599 2.271096
0.4635666 1.101485 2.275648
0.1623029 1.136303 2.293546
0.1488855 0.8271915 2.356471
0.1466409 0.4496658 2.466235
0.09473917 0.4228702 2.373012
0.3193941 1.139147 2.271651
0.3399287 0.8149002 2.336012
0.3659422 0.4518283 2.455448
0.3865341 0.42203 2.360379
0.244361 1.689036 2.296307
0.04935562 1.065754 2.261022
-0.01259171 1.123791 2.252394
0.4631581 1.031177 2.280795
0.5036306 1.09505 2.276117
105
0.2437496 1.14066 2.320939
0.2452531 1.459579 2.311129
0.2435642 1.762557 2.288584
0.2595688 1.908891 2.265433
0.06717295 1.633653 2.305644
0.007399936 1.404487 2.313559
0.02182684 1.178184 2.265602
0.02943818 1.13235 2.253018
0.4275458 1.629432 2.273445
0.4712314 1.404233 2.326252
0.4660969 1.1599 2.271096
0.4635666 1.101485 2.275648
0.1623029 1.136303 2.293546
0.1488855 0.8271915 2.356471
0.1466409 0.4496658 2.466235
0.09473917 0.4228702 2.373012
0.3193941 1.139147 2.271651
0.3399287 0.8149002 2.336012
0.3659422 0.4518283 2.455448
0.3865341 0.42203 2.360379
0.244361 1.689036 2.296307
0.04935562 1.065754 2.261022
-0.01259171 1.123791 2.252394
0.4631581 1.031177 2.280795
0.5036306 1.09505 2.276117
106
0.2440869 1.140532 2.320858
0.2452171 1.459437 2.31105
0.2435117 1.762515 2.288532
0.2604074 1.90899 2.264833
0.06703865 1.633627 2.304081
0.007398289 1.404358 2.310571
0.02330741 1.178424 2.261077
0.0314264 1.133631 2.248717
0.4280139 1.628919 2.274405
0.4680862 1.397347 2.31787
0.4705287 1.158138 2.27875
0.4712666 1.09613 2.285126
0.1626392 1.136323 2.292951
0.1488066 0.8270219 2.356342
0.1466054 0.4498032 2.466298
0.09469333 0.4229111 2.373002
0.3202086 1.138982 2.272496
0.3398838 0.8146689 2.336035
0.3659741 0.4518364 2.455435
0.386518 0.422033 2.360379
0.2443041 1.688956 2.29625
0.05012688 1.068389 2.257009
-0.009332659 1.124475 2.247212
0.4739178 1.02527 2.290231
0.5080982 1.096135 2.285013
107
0.2440869 1.140532 2.320858
0.2452171 1.459437 2.31105
0.2435117 1.762515 2.288532
0.2604074 1.90899 2.264833
0.06703865 1.633627 2.304081
0.007398289 1.404358 2.310571
0.02330741 1.178424 2.261077
0.0314264 1.133631 2.248717
0.4280139 1.628919 2.274405
0.4680862 1.397347 2.31787
0.4705287 1.158138 2.27875
0.4712666 1.09613 2.285126
0.1626392 1.136323 2.292951
0.1488066 0.8270219 2.356342
0.1466054 0.4498032 2.466298
0.09469333 0.4229111 2.373002
0.3202086 1.138982 2.272496
0.3398838 0.8146689 2.336035
0.3659741 0.4518364 2.455435
0.386518 0.422033 2.360379
0.2443041 1.688956 2.29625
0.05012688 1.068389 2.257009
-0.009332659 1.124475 2.247212
0.4739178 1.02527 2.290231
0.5080982 1.096135 2.285013
