87
1
0.2468687 1.124278 2.297226
0.2492088 1.449346 2.287761
0.2514263 1.762243 2.267291
0.2674358 1.909156 2.246578
0.07406545 1.640137 2.285215
0.01792069 1.413566 2.302673
0.02899217 1.189736 2.248862
0.04613768 1.133778 2.250469
0.4309035 1.621566 2.255179
0.4866327 1.394245 2.266841
0.4632402 1.188882 2.212924
0.4488973 1.129573 2.213913
0.1656244 1.123874 2.265924
0.1550667 0.8201272 2.359883
0.1186909 0.4425407 2.454859
0.07497803 0.4227931 2.359609
0.3201061 1.120684 2.254742
0.329578 0.8126153 2.329522
0.3800511 0.4472288 2.439841
0.3948354 0.4196091 2.341598
0.2510627 1.685738 2.274467
0.06734863 1.062858 2.252109
0.09580996 1.151773 2.208025
0.4369624 1.064723 2.216653
0.4130913 1.139112 2.193308
2
0.2468687 1.124278 2.297226
0.2492088 1.449346 2.287761
0.2514263 1.762243 2.267291
0.2674358 1.909156 2.246578
0.07406545 1.640137 2.285215
0.01792069 1.413566 2.302673
0.02899217 1.189736 2.248862
0.04613768 1.133778 2.250469
0.4309035 1.621566 2.255179
0.4866327 1.394245 2.266841
0.4632402 1.188882 2.212924
0.4488973 1.129573 2.213913
0.1656244 1.123874 2.265924
0.1550667 0.8201272 2.359883
0.1186909 0.4425407 2.454859
0.07497803 0.4227931 2.359609
0.3201061 1.120684 2.254742
0.329578 0.8126153 2.329522
0.3800511 0.4472288 2.439841
0.3948354 0.4196091 2.341598
0.2510627 1.685738 2.274467
0.06734863 1.062858 2.252109
0.09580996 1.151773 2.208025
0.4369624 1.064723 2.216653
0.4130913 1.139112 2.193308
3
0.2467835 1.124294 2.29758
0.2491964 1.449384 2.288305
0.2513658 1.762295 2.267961
0.2670744 1.909201 2.247298
0.07396795 1.640091 2.285701
0.01789455 1.413463 2.302844
0.02860757 1.188593 2.250031
0.04510237 1.132959 2.251982
0.4307795 1.621633 2.256109
0.4865291 1.39437 2.267857
0.4632365 1.189218 2.213825
0.4488446 1.129676 2.214839
0.1655096 1.123863 2.266278
0.154968 0.8200671 2.360077
0.118711 0.4424501 2.454839
0.07497865 0.4227138 2.359459
0.3200569 1.120722 2.255081
0.3295979 0.8126206 2.329533
0.3800294 0.4472592 2.439936
0.3948189 0.4195883 2.341609
0.2510218 1.685786 2.275108
0.06549409 1.061662 2.254863
0.09536126 1.150212 2.208985
0.4372962 1.065073 2.217799
0.4118738 1.135963 2.195074
4
0.2467835 1.124294 2.29758
0.2491964 1.449384 2.288305
0.2513658 1.762295 2.267961
0.2670744 1.909201 2.247298
0.07396795 1.640091 2.285701
0.01789455 1.413463 2.302844
0.02860757 1.188593 2.250031
0.04510237 1.132959 2.251982
0.4307795 1.621633 2.256109
0.4865291 1.39437 2.267857
0.4632365 1.189218 2.213825
0.4488446 1.129676 2.214839
0.1655096 1.123863 2.266278
0.154968 0.8200671 2.360077
0.118711 0.4424501 2.454839
0.07497865 0.4227138 2.359459
0.3200569 1.120722 2.255081
0.3295979 0.8126206 2.329533
0.3800294 0.4472592 2.439936
0.3948189 0.4195883 2.341609
0.2510218 1.685786 2.275108
0.06549409 1.061662 2.254863
0.09536126 1.150212 2.208985
0.4372962 1.065073 2.217799
0.4118738 1.135963 2.195074
5
0.2466915 1.124311 2.29799
0.2491759 1.449421 2.288902
0.2512984 1.76234 2.268674
0.2666599 1.909259 2.248065
0.07386128 1.640037 2.286191
0.01784205 1.413349 2.303065
0.02821246 1.187544 2.251126
0.04427507 1.132394 2.253248
0.4306602 1.621716 2.257064
0.4864643 1.394526 2.268966
0.4632802 1.189548 2.214898
0.4489125 1.129745 2.216105
0.1653945 1.123854 2.266657
0.1548711 0.8199736 2.360307
0.1187334 0.4423499 2.454816
0.07497996 0.4226335 2.359306
0.3199967 1.120767 2.255509
0.3296271 0.812631 2.329547
0.3800046 0.4472906 2.440032
0.3948059 0.4195683 2.341614
0.2509731 1.685827 2.275796
0.06440867 1.06093 2.257443
0.09511739 1.149841 2.209783
0.4380181 1.065581 2.219021
0.4115006 1.136034 2.197172
6
0.2466915 1.124311 2.29799
0.2491759 1.449421 2.288902
0.2512984 1.76234 2.268674
0.2666599 1.909259 2.248065
0.07386128 1.640037 2.286191
0.01784205 1.413349 2.303065
0.02821246 1.187544 2.251126
0.04427507 1.132394 2.253248
0.4306602 1.621716 2.257064
0.4864643 1.394526 2.268966
0.4632802 1.189548 2.214898
0.4489125 1.129745 2.216105
0.1653945 1.123854 2.266657
0.1548711 0.8199736 2.360307
0.1187334 0.4423499 2.454816
0.07497996 0.4226335 2.359306
0.3199967 1.120767 2.255509
0.3296271 0.812631 2.329547
0.3800046 0.4472906 2.440032
0.3948059 0.4195683 2.341614
0.2509731 1.685827 2.275796
0.06440867 1.06093 2.257443
0.09511739 1.149841 2.209783
0.4380181 1.065581 2.219021
0.4115006 1.136034 2.197172
7
0.2465959 1.124333 2.29849
0.2491528 1.449463 2.289522
0.2512335 1.762388 2.269341
0.2662263 1.909337 2.248834
0.07374855 1.639982 2.28667
0.01777351 1.413234 2.303321
0.02784539 1.186651 2.252142
0.04374668 1.132047 2.254175
0.4305265 1.621802 2.258083
0.4864473 1.394708 2.270214
0.4633696 1.189858 2.216035
0.4490973 1.12978 2.21772
0.1652808 1.123846 2.267089
0.1547542 0.8198682 2.360561
0.1187508 0.4422423 2.454793
0.07499571 0.4225429 2.359132
0.3199299 1.120821 2.25607
0.3296339 0.811906 2.33051
0.3800429 0.4470561 2.440036
0.3947976 0.4195499 2.341618
0.2509243 1.685874 2.276456
0.063951 1.060469 2.258525
0.09499659 1.149502 2.210127
0.4385563 1.065599 2.221283
0.4108214 1.133099 2.199633
8
0.2465959 1.124333 2.29849
0.2491528 1.449463 2.289522
0.2512335 1.762388 2.269341
0.2662263 1.909337 2.248834
0.07374855 1.639982 2.28667
0.01777351 1.413234 2.303321
0.02784539 1.186651 2.252142
0.04374668 1.132047 2.254175
0.4305265 1.621802 2.258083
0.4864473 1.394708 2.270214
0.4633696 1.189858 2.216035
0.4490973 1.12978 2.21772
0.1652808 1.123846 2.267089
0.1547542 0.8198682 2.360561
0.1187508 0.4422423 2.454793
0.07499571 0.4225429 2.359132
0.3199299 1.120821 2.25607
0.3296339 0.811906 2.33051
0.3800429 0.4470561 2.440036
0.3947976 0.4195499 2.341618
0.2509243 1.685874 2.276456
0.063951 1.060469 2.258525
0.09499659 1.149502 2.210127
0.4385563 1.065599 2.221283
0.4108214 1.133099 2.199633
9
0.2465011 1.124357 2.299051
0.2491274 1.449504 2.290139
0.2511716 1.762434 2.269951
0.2657785 1.909428 2.249582
0.07363793 1.639929 2.287126
0.01769795 1.413122 2.30358
0.02754152 1.185941 2.252996
0.04346741 1.131719 2.254838
0.4303973 1.62189 2.259024
0.4864539 1.394905 2.271473
0.4635041 1.190118 2.217261
0.4492162 1.129932 2.219098
0.1651672 1.123838 2.267586
0.1546296 0.8197628 2.360823
0.1187703 0.4421376 2.454768
0.07500535 0.4224637 2.35898
0.3198645 1.120878 2.256683
0.3296711 0.8114729 2.33121
0.3800607 0.4468807 2.44005
0.394788 0.4195336 2.341624
0.250876 1.685917 2.27707
0.0633019 1.059941 2.259762
0.09482883 1.147142 2.210356
0.4391856 1.066133 2.222402
0.4107444 1.1334 2.201795
10
0.2465011 1.124357 2.299051
0.2491274 1.449504 2.290139
0.2511716 1.762434 2.269951
0.2657785 1.909428 2.249582
0.07363793 1.639929 2.287126
0.01769795 1.413122 2.30358
0.02754152 1.185941 2.252996
0.04346741 1.131719 2.254838
0.4303973 1.62189 2.259024
0.4864539 1.394905 2.271473
0.4635041 1.190118 2.217261
0.4492162 1.129932 2.219098
0.1651672 1.123838 2.267586
0.1546296 0.8197628 2.360823
0.1187703 0.4421376 2.454768
0.07500535 0.4224637 2.35898
0.3198645 1.120878 2.256683
0.3296711 0.8114729 2.33121
0.3800607 0.4468807 2.44005
0.394788 0.4195336 2.341624
0.250876 1.685917 2.27707
0.0633019 1.059941 2.259762
0.09482883 1.147142 2.210356
0.4391856 1.066133 2.222402
0.4107444 1.1334 2.201795
11
0.2464096 1.124381 2.299638
0.2490966 1.449544 2.290734
0.2511075 1.762477 2.270504
0.2653326 1.909515 2.250305
0.07353231 1.639874 2.287557
0.01761216 1.413011 2.303861
0.02733459 1.185643 2.253724
0.0433607 1.131753 2.255372
0.4302831 1.621999 2.260026
0.4864831 1.395118 2.272772
0.4636753 1.190315 2.218597
0.4493538 1.129777 2.221131
0.1650601 1.123829 2.268095
0.1545088 0.8196654 2.361079
0.1187835 0.4420038 2.454749
0.07499096 0.42238 2.358926
0.3197987 1.12094 2.257338
0.3297246 0.8112242 2.331726
0.3800654 0.4467476 2.44007
0.3947797 0.4195178 2.341631
0.2508237 1.685959 2.277635
0.06298163 1.059826 2.260307
0.09473937 1.146601 2.210535
0.4395006 1.066081 2.22395
0.4105791 1.133049 2.202628
12
0.2464096 1.124381 2.299638
0.2490966 1.449544 2.290734
0.2511075 1.762477 2.270504
0.2653326 1.909515 2.250305
0.07353231 1.639874 2.287557
0.01761216 1.413011 2.303861
0.02733459 1.185643 2.253724
0.0433607 1.131753 2.255372
0.4302831 1.621999 2.260026
0.4864831 1.395118 2.272772
0.4636753 1.190315 2.218597
0.4493538 1.129777 2.221131
0.1650601 1.123829 2.268095
0.1545088 0.8196654 2.361079
0.1187835 0.4420038 2.454749
0.07499096 0.42238 2.358926
0.3197987 1.12094 2.257338
0.3297246 0.8112242 2.331726
0.3800654 0.4467476 2.44007
0.3947797 0.4195178 2.341631
0.2508237 1.685959 2.277635
0.06298163 1.059826 2.260307
0.09473937 1.146601 2.210535
0.4395006 1.066081 2.22395
0.4105791 1.133049 2.202628
13
0.2463239 1.124409 2.300224
0.2490608 1.449587 2.291298
0.2510393 1.762524 2.271005
0.2649048 1.909605 2.250983
0.0734349 1.63982 2.287957
0.01752935 1.412896 2.304236
0.02722886 1.186046 2.25469
0.0438255 1.132017 2.255869
0.4301907 1.622118 2.261022
0.4865242 1.395346 2.274131
0.4639195 1.190523 2.22026
0.4493244 1.130003 2.223744
0.1649595 1.123822 2.26862
0.154386 0.8195783 2.36135
0.1187887 0.4418398 2.454735
0.07496458 0.4222728 2.358882
0.319737 1.121004 2.257975
0.3297634 0.8110463 2.332158
0.3800703 0.4466328 2.440092
0.3947732 0.4195024 2.34164
0.2507663 1.686005 2.278153
0.06350026 1.060095 2.259744
0.09467249 1.146243 2.210639
0.4398663 1.066107 2.226244
0.410403 1.132402 2.203307
14
0.2463239 1.124409 2.300224
0.2490608 1.449587 2.291298
0.2510393 1.762524 2.271005
0.2649048 1.909605 2.250983
0.0734349 1.63982 2.287957
0.01752935 1.412896 2.304236
0.02722886 1.186046 2.25469
0.0438255 1.132017 2.255869
0.4301907 1.622118 2.261022
0.4865242 1.395346 2.274131
0.4639195 1.190523 2.22026
0.4493244 1.130003 2.223744
0.1649595 1.123822 2.26862
0.154386 0.8195783 2.36135
0.1187887 0.4418398 2.454735
0.07496458 0.4222728 2.358882
0.319737 1.121004 2.257975
0.3297634 0.8110463 2.332158
0.3800703 0.4466328 2.440092
0.3947732 0.4195024 2.34164
0.2507663 1.686005 2.278153
0.06350026 1.060095 2.259744
0.09467249 1.146243 2.210639
0.4398663 1.066107 2.226244
0.410403 1.132402 2.203307
15
0.246243 1.124445 2.300793
0.2490227 1.449628 2.291839
0.2509712 1.762561 2.271483
0.2645029 1.909683 2.251621
0.07333872 1.639776 2.288359
0.01745828 1.41279 2.304698
0.02732958 1.187233 2.255838
0.04589193 1.134036 2.256159
0.4301299 1.622228 2.262058
0.4866333 1.395605 2.275813
0.4641658 1.191003 2.22234
0.4489732 1.130266 2.226676
0.1648642 1.123827 2.26914
0.154267 0.8194724 2.361641
0.1187886 0.4416721 2.454724
0.07492902 0.4221689 2.358847
0.3196785 1.12107 2.258581
0.3297988 0.8109335 2.332516
0.3800705 0.4465469 2.440117
0.3947603 0.4194952 2.341645
0.250708 1.686042 2.278648
0.06474542 1.061484 2.258757
0.09612456 1.152352 2.206962
0.4387144 1.065827 2.22871
0.410432 1.13332 2.20386
16
0.246243 1.124445 2.300793
0.2490227 1.449628 2.291839
0.2509712 1.762561 2.271483
0.2645029 1.909683 2.251621
0.07333872 1.639776 2.288359
0.01745828 1.41279 2.304698
0.02732958 1.187233 2.255838
0.04589193 1.134036 2.256159
0.4301299 1.622228 2.262058
0.4866333 1.395605 2.275813
0.4641658 1.191003 2.22234
0.4489732 1.130266 2.226676
0.1648642 1.123827 2.26914
0.154267 0.8194724 2.361641
0.1187886 0.4416721 2.454724
0.07492902 0.4221689 2.358847
0.3196785 1.12107 2.258581
0.3297988 0.8109335 2.332516
0.3800705 0.4465469 2.440117
0.3947603 0.4194952 2.341645
0.250708 1.686042 2.278648
0.06474542 1.061484 2.258757
0.09612456 1.152352 2.206962
0.4387144 1.065827 2.22871
0.410432 1.13332 2.20386
17
0.2461665 1.124484 2.301333
0.2489701 1.44967 2.292358
0.2508732 1.762597 2.271957
0.2641258 1.90976 2.252204
0.0732438 1.639737 2.288758
0.0173838 1.412694 2.305304
0.02756521 1.188834 2.257102
0.04802944 1.137297 2.256807
0.430077 1.622338 2.263002
0.4867543 1.395909 2.277695
0.4645161 1.191869 2.224998
0.4487588 1.130552 2.229427
0.1647741 1.123839 2.269644
0.1541383 0.8193756 2.361943
0.1187859 0.4414799 2.454717
0.07488234 0.4220515 2.358849
0.3196228 1.121137 2.259144
0.3298354 0.8108814 2.332815
0.3800518 0.4465914 2.440104
0.3947043 0.4196051 2.341617
0.2506239 1.686079 2.279134
0.06568339 1.064415 2.256969
0.09726176 1.15792 2.204612
0.4380588 1.065597 2.231384
0.4107018 1.136011 2.204966
18
0.2461665 1.124484 2.301333
0.2489701 1.44967 2.292358
0.2508732 1.762597 2.271957
0.2641258 1.90976 2.252204
0.0732438 1.639737 2.288758
0.0173838 1.412694 2.305304
0.02756521 1.188834 2.257102
0.04802944 1.137297 2.256807
0.430077 1.622338 2.263002
0.4867543 1.395909 2.277695
0.4645161 1.191869 2.224998
0.4487588 1.130552 2.229427
0.1647741 1.123839 2.269644
0.1541383 0.8193756 2.361943
0.1187859 0.4414799 2.454717
0.07488234 0.4220515 2.358849
0.3196228 1.121137 2.259144
0.3298354 0.8108814 2.332815
0.3800518 0.4465914 2.440104
0.3947043 0.4196051 2.341617
0.2506239 1.686079 2.279134
0.06568339 1.064415 2.256969
0.09726176 1.15792 2.204612
0.4380588 1.065597 2.231384
0.4107018 1.136011 2.204966
19
0.2460957 1.12452 2.301852
0.2489118 1.449705 2.292852
0.2507667 1.762623 2.272407
0.2637509 1.90983 2.252757
0.07316319 1.639702 2.28912
0.01731691 1.412617 2.306056
0.0275202 1.190459 2.258414
0.04817117 1.139438 2.258276
0.4300164 1.622435 2.26379
0.4868652 1.396281 2.279911
0.465825 1.193052 2.228185
0.4495906 1.131099 2.232194
0.1646881 1.123851 2.270139
0.1539827 0.8192069 2.362366
0.1187861 0.4412841 2.454692
0.07485057 0.421963 2.358855
0.3195733 1.121196 2.259674
0.3300271 0.810446 2.333519
0.3800249 0.4465769 2.440051
0.3946239 0.4197459 2.341556
0.2505316 1.686108 2.279596
0.06574807 1.066687 2.25582
0.09703872 1.158046 2.206135
0.4382378 1.065449 2.234538
0.4115209 1.134442 2.207338
20
0.2460957 1.12452 2.301852
0.2489118 1.449705 2.292852
0.2507667 1.762623 2.272407
0.2637509 1.90983 2.252757
0.07316319 1.639702 2.28912
0.01731691 1.412617 2.306056
0.0275202 1.190459 2.258414
0.04817117 1.139438 2.258276
0.4300164 1.622435 2.26379
0.4868652 1.396281 2.279911
0.465825 1.193052 2.228185
0.4495906 1.131099 2.232194
0.1646881 1.123851 2.270139
0.1539827 0.8192069 2.362366
0.1187861 0.4412841 2.454692
0.07485057 0.421963 2.358855
0.3195733 1.121196 2.259674
0.3300271 0.810446 2.333519
0.3800249 0.4465769 2.440051
0.3946239 0.4197459 2.341556
0.2505316 1.686108 2.279596
0.06574807 1.066687 2.25582
0.09703872 1.158046 2.206135
0.4382378 1.065449 2.234538
0.4115209 1.134442 2.207338
21
0.2460274 1.12457 2.302459
0.2488485 1.449745 2.293336
0.2506607 1.762652 2.272808
0.2634141 1.909899 2.253246
0.07310887 1.639677 2.289453
0.01722818 1.412581 2.306826
0.01743097 1.196254 2.264718
0.0317031 1.142815 2.267971
0.4298478 1.622555 2.264516
0.4870858 1.396815 2.282159
0.4838428 1.200358 2.240701
0.4696107 1.135173 2.240899
0.1646045 1.123873 2.270664
0.1538431 0.8190104 2.362815
0.1187815 0.4410993 2.454665
0.07482263 0.4218945 2.358867
0.3195305 1.121277 2.260375
0.3301444 0.8101957 2.334022
0.380005 0.4465809 2.440017
0.394566 0.4198633 2.341514
0.2504381 1.686138 2.280014
0.03749992 1.071855 2.273459
0.08053652 1.153212 2.233361
0.4676543 1.065719 2.250236
0.4238457 1.140474 2.236812
22
0.2460274 1.12457 2.302459
0.2488485 1.449745 2.293336
0.2506607 1.762652 2.272808
0.2634141 1.909899 2.253246
0.07310887 1.639677 2.289453
0.01722818 1.412581 2.306826
0.01743097 1.196254 2.264718
0.0317031 1.142815 2.267971
0.4298478 1.622555 2.264516
0.4870858 1.396815 2.282159
0.4838428 1.200358 2.240701
0.4696107 1.135173 2.240899
0.1646045 1.123873 2.270664
0.1538431 0.8190104 2.362815
0.1187815 0.4410993 2.454665
0.07482263 0.4218945 2.358867
0.3195305 1.121277 2.260375
0.3301444 0.8101957 2.334022
0.380005 0.4465809 2.440017
0.394566 0.4198633 2.341514
0.2504381 1.686138 2.280014
0.03749992 1.071855 2.273459
0.08053652 1.153212 2.233361
0.4676543 1.065719 2.250236
0.4238457 1.140474 2.236812
23
0.245966 1.124638 2.303064
0.2487837 1.4498 2.293808
0.2505542 1.762691 2.273185
0.2631045 1.90997 2.253683
0.07310952 1.639682 2.289772
0.01546363 1.413233 2.308649
-0.03000548 1.21823 2.276358
-0.03007639 1.15373 2.270537
0.4296057 1.622727 2.265218
0.4883761 1.397927 2.284803
0.5289367 1.218927 2.26065
0.523848 1.147568 2.249044
0.1645238 1.123917 2.271183
0.1536927 0.8188429 2.363266
0.1187813 0.4409234 2.454638
0.07479739 0.4218348 2.358881
0.3194991 1.121371 2.261075
0.3302448 0.8100902 2.334347
0.3799874 0.4465937 2.439994
0.394527 0.4199534 2.341488
0.2503434 1.68618 2.280412
-0.0354053 1.08033 2.278291
-0.003361374 1.135166 2.259203
0.5273709 1.076828 2.253676
0.4863039 1.151259 2.260396
24
0.245966 1.124638 2.303064
0.2487837 1.4498 2.293808
0.2505542 1.762691 2.273185
0.2631045 1.90997 2.253683
0.07310952 1.639682 2.289772
0.01546363 1.413233 2.308649
-0.03000548 1.21823 2.276358
-0.03007639 1.15373 2.270537
0.4296057 1.622727 2.265218
0.4883761 1.397927 2.284803
0.5289367 1.218927 2.26065
0.523848 1.147568 2.249044
0.1645238 1.123917 2.271183
0.1536927 0.8188429 2.363266
0.1187813 0.4409234 2.454638
0.07479739 0.4218348 2.358881
0.3194991 1.121371 2.261075
0.3302448 0.8100902 2.334347
0.3799874 0.4465937 2.439994
0.394527 0.4199534 2.341488
0.2503434 1.68618 2.280412
-0.0354053 1.08033 2.278291
-0.003361374 1.135166 2.259203
0.5273709 1.076828 2.253676
0.4863039 1.151259 2.260396
25
0.2459121 1.124722 2.303641
0.2487258 1.449854 2.294223
0.2504629 1.762728 2.273497
0.262812 1.910039 2.254062
0.07314025 1.63971 2.290094
-0.0003665821 1.419842 2.315291
-0.0872618 1.261582 2.290194
-0.1043197 1.187872 2.271457
0.4293456 1.622909 2.265883
0.4990226 1.403894 2.292806
0.5909702 1.244464 2.271728
0.5943244 1.173435 2.252234
0.1644465 1.123978 2.271723
0.1535589 0.8186936 2.363675
0.1187803 0.4407645 2.454615
0.07477534 0.4217814 2.358895
0.3194752 1.121478 2.26171
0.3303416 0.8100772 2.334585
0.3799631 0.4466472 2.439967
0.3944835 0.4200568 2.341427
0.2502604 1.686221 2.280749
-0.1256057 1.121094 2.278199
-0.1055895 1.169222 2.276659
0.6154067 1.105665 2.23999
0.5620912 1.147353 2.244069
26
0.2459121 1.124722 2.303641
0.2487258 1.449854 2.294223
0.2504629 1.762728 2.273497
0.262812 1.910039 2.254062
0.07314025 1.63971 2.290094
-0.0003665821 1.419842 2.315291
-0.0872618 1.261582 2.290194
-0.1043197 1.187872 2.271457
0.4293456 1.622909 2.265883
0.4990226 1.403894 2.292806
0.5909702 1.244464 2.271728
0.5943244 1.173435 2.252234
0.1644465 1.123978 2.271723
0.1535589 0.8186936 2.363675
0.1187803 0.4407645 2.454615
0.07477534 0.4217814 2.358895
0.3194752 1.121478 2.26171
0.3303416 0.8100772 2.334585
0.3799631 0.4466472 2.439967
0.3944835 0.4200568 2.341427
0.2502604 1.686221 2.280749
-0.1256057 1.121094 2.278199
-0.1055895 1.169222 2.276659
0.6154067 1.105665 2.23999
0.5620912 1.147353 2.244069
27
0.2458663 1.124812 2.304167
0.2486748 1.449907 2.294584
0.2503848 1.762764 2.273753
0.2625464 1.910107 2.25439
0.07320832 1.639772 2.290455
-0.03324837 1.436861 2.325683
-0.1509601 1.299871 2.302345
-0.1821187 1.225528 2.276216
0.4291366 1.623063 2.26662
0.5332137 1.422226 2.303078
0.6638732 1.281408 2.28042
0.6828923 1.209589 2.255051
0.1643771 1.124047 2.272228
0.1534378 0.8185686 2.364059
0.1187793 0.4406268 2.45459
0.07475809 0.4217433 2.358903
0.319458 1.121588 2.262274
0.330434 0.810124 2.334769
0.3799362 0.4466943 2.439945
0.3944509 0.4201325 2.34133
0.2501884 1.68626 2.281032
-0.223508 1.169372 2.284346
-0.1965453 1.199969 2.302434
0.715804 1.144399 2.254854
0.6716781 1.171355 2.21995
28
0.2458663 1.124812 2.304167
0.2486748 1.449907 2.294584
0.2503848 1.762764 2.273753
0.2625464 1.910107 2.25439
0.07320832 1.639772 2.290455
-0.03324837 1.436861 2.325683
-0.1509601 1.299871 2.302345
-0.1821187 1.225528 2.276216
0.4291366 1.623063 2.26662
0.5332137 1.422226 2.303078
0.6638732 1.281408 2.28042
0.6828923 1.209589 2.255051
0.1643771 1.124047 2.272228
0.1534378 0.8185686 2.364059
0.1187793 0.4406268 2.45459
0.07475809 0.4217433 2.358903
0.319458 1.121588 2.262274
0.330434 0.810124 2.334769
0.3799362 0.4466943 2.439945
0.3944509 0.4201325 2.34133
0.2501884 1.68626 2.281032
-0.223508 1.169372 2.284346
-0.1965453 1.199969 2.302434
0.715804 1.144399 2.254854
0.6716781 1.171355 2.21995
29
0.2458327 1.124948 2.304677
0.248633 1.449968 2.294899
0.2503204 1.762798 2.27396
0.262308 1.910175 2.254674
0.07329494 1.639984 2.291111
-0.07462344 1.464972 2.33417
-0.21309 1.350381 2.3143
-0.2562709 1.288369 2.27923
0.4291524 1.623498 2.268007
0.5756524 1.449519 2.307122
0.7293296 1.332934 2.286438
0.7681227 1.266373 2.256722
0.1643203 1.124159 2.272728
0.1533132 0.8184128 2.364513
0.118778 0.4404921 2.45455
0.07474606 0.4217344 2.358927
0.3194515 1.121743 2.262805
0.3305329 0.8102185 2.334918
0.379908 0.4467316 2.439928
0.3944264 0.4201783 2.341188
0.2501283 1.686298 2.281266
-0.3025011 1.241712 2.268896
-0.2429317 1.272357 2.327537
0.8134012 1.206823 2.252871
0.7668042 1.230029 2.209733
30
0.2458327 1.124948 2.304677
0.248633 1.449968 2.294899
0.2503204 1.762798 2.27396
0.262308 1.910175 2.254674
0.07329494 1.639984 2.291111
-0.07462344 1.464972 2.33417
-0.21309 1.350381 2.3143
-0.2562709 1.288369 2.27923
0.4291524 1.623498 2.268007
0.5756524 1.449519 2.307122
0.7293296 1.332934 2.286438
0.7681227 1.266373 2.256722
0.1643203 1.124159 2.272728
0.1533132 0.8184128 2.364513
0.118778 0.4404921 2.45455
0.07474606 0.4217344 2.358927
0.3194515 1.121743 2.262805
0.3305329 0.8102185 2.334918
0.379908 0.4467316 2.439928
0.3944264 0.4201783 2.341188
0.2501283 1.686298 2.281266
-0.3025011 1.241712 2.268896
-0.2429317 1.272357 2.327537
0.8134012 1.206823 2.252871
0.7668042 1.230029 2.209733
31
0.2458056 1.12515 2.305161
0.2486017 1.45004 2.295167
0.2502753 1.762828 2.274111
0.262096 1.910241 2.254908
0.07325594 1.640479 2.292221
-0.111526 1.496548 2.338174
-0.2703616 1.410331 2.312503
-0.3222036 1.360901 2.278153
0.4296479 1.624123 2.269731
0.611312 1.476455 2.308038
0.7839121 1.400245 2.279695
0.8453801 1.338565 2.253114
0.1642726 1.124333 2.273211
0.153199 0.8182879 2.364917
0.1187711 0.4403739 2.454512
0.07473446 0.4217294 2.358946
0.3194483 1.121968 2.263295
0.3306272 0.8103194 2.335047
0.3798814 0.4467639 2.439914
0.3944035 0.4202091 2.341032
0.2500846 1.686336 2.281447
-0.3755215 1.322452 2.259428
-0.310683 1.336288 2.314072
0.906294 1.28588 2.252662
0.8593235 1.305464 2.198807
32
0.2458056 1.12515 2.305161
0.2486017 1.45004 2.295167
0.2502753 1.762828 2.274111
0.262096 1.910241 2.254908
0.07325594 1.640479 2.292221
-0.111526 1.496548 2.338174
-0.2703616 1.410331 2.312503
-0.3222036 1.360901 2.278153
0.4296479 1.624123 2.269731
0.611312 1.476455 2.308038
0.7839121 1.400245 2.279695
0.8453801 1.338565 2.253114
0.1642726 1.124333 2.273211
0.153199 0.8182879 2.364917
0.1187711 0.4403739 2.454512
0.07473446 0.4217294 2.358946
0.3194483 1.121968 2.263295
0.3306272 0.8103194 2.335047
0.3798814 0.4467639 2.439914
0.3944035 0.4202091 2.341032
0.2500846 1.686336 2.281447
-0.3755215 1.322452 2.259428
-0.310683 1.336288 2.314072
0.906294 1.28588 2.252662
0.8593235 1.305464 2.198807
33
0.2457698 1.125528 2.305737
0.2485811 1.450145 2.295414
0.2502469 1.762859 2.274219
0.2619066 1.910305 2.255096
0.07275423 1.641422 2.294347
-0.1437985 1.535615 2.343168
-0.3175055 1.48139 2.307606
-0.3777797 1.437864 2.271492
0.4315095 1.62486 2.272176
0.6499559 1.516441 2.304105
0.8292544 1.467582 2.271733
0.8993434 1.418802 2.245983
0.1642196 1.124687 2.273805
0.1530631 0.8182623 2.365311
0.1187633 0.4402564 2.454469
0.07472427 0.4217261 2.358965
0.3194332 1.122352 2.26385
0.3307128 0.8104279 2.33516
0.3798637 0.4467396 2.439916
0.3944298 0.4201843 2.340887
0.2500562 1.686379 2.281587
-0.4288434 1.401343 2.245595
-0.4158871 1.404243 2.286595
0.9512503 1.374784 2.239272
0.9088808 1.391102 2.191893
34
0.2457698 1.125528 2.305737
0.2485811 1.450145 2.295414
0.2502469 1.762859 2.274219
0.2619066 1.910305 2.255096
0.07275423 1.641422 2.294347
-0.1437985 1.535615 2.343168
-0.3175055 1.48139 2.307606
-0.3777797 1.437864 2.271492
0.4315095 1.62486 2.272176
0.6499559 1.516441 2.304105
0.8292544 1.467582 2.271733
0.8993434 1.418802 2.245983
0.1642196 1.124687 2.273805
0.1530631 0.8182623 2.365311
0.1187633 0.4402564 2.454469
0.07472427 0.4217261 2.358965
0.3194332 1.122352 2.26385
0.3307128 0.8104279 2.33516
0.3798637 0.4467396 2.439916
0.3944298 0.4201843 2.340887
0.2500562 1.686379 2.281587
-0.4288434 1.401343 2.245595
-0.4158871 1.404243 2.286595
0.9512503 1.374784 2.239272
0.9088808 1.391102 2.191893
35
0.2456975 1.126256 2.306483
0.2485659 1.450314 2.295642
0.2502302 1.762896 2.274285
0.261735 1.910373 2.255234
0.07133263 1.642834 2.297474
-0.164532 1.572355 2.343976
-0.3428813 1.54755 2.298715
-0.399435 1.521143 2.271773
0.4349601 1.626078 2.275038
0.6711289 1.558444 2.298536
0.8733714 1.530498 2.259782
0.9495947 1.488439 2.238788
0.1641294 1.125428 2.274637
0.1529191 0.818352 2.365648
0.1187434 0.4401382 2.454436
0.07469599 0.421713 2.358994
0.3193842 1.123032 2.264507
0.3308692 0.8109826 2.335178
0.3798212 0.4466997 2.439916
0.3944379 0.4201591 2.340776
0.250039 1.686433 2.281681
-0.4599461 1.491944 2.241111
-0.4554796 1.488094 2.26199
1.011649 1.451239 2.236497
0.9448192 1.473516 2.188129
36
0.2456975 1.126256 2.306483
0.2485659 1.450314 2.295642
0.2502302 1.762896 2.274285
0.261735 1.910373 2.255234
0.07133263 1.642834 2.297474
-0.164532 1.572355 2.343976
-0.3428813 1.54755 2.298715
-0.399435 1.521143 2.271773
0.4349601 1.626078 2.275038
0.6711289 1.558444 2.298536
0.8733714 1.530498 2.259782
0.9495947 1.488439 2.238788
0.1641294 1.125428 2.274637
0.1529191 0.818352 2.365648
0.1187434 0.4401382 2.454436
0.07469599 0.421713 2.358994
0.3193842 1.123032 2.264507
0.3308692 0.8109826 2.335178
0.3798212 0.4466997 2.439916
0.3944379 0.4201591 2.340776
0.250039 1.686433 2.281681
-0.4599461 1.491944 2.241111
-0.4554796 1.488094 2.26199
1.011649 1.451239 2.236497
0.9448192 1.473516 2.188129
37
0.2455322 1.127734 2.307564
0.2485538 1.450618 2.295877
0.2502269 1.762954 2.274307
0.2615784 1.91044 2.255334
0.06853005 1.644887 2.301257
-0.1760589 1.615639 2.342631
-0.3540399 1.616259 2.297657
-0.4010624 1.605295 2.280884
0.4395508 1.62807 2.27749
0.693819 1.607573 2.287751
0.8789971 1.590652 2.247289
0.9547133 1.562502 2.23337
0.1639412 1.127169 2.276061
0.1527711 0.8185397 2.365923
0.1187276 0.4400365 2.454403
0.07466204 0.4217031 2.359021
0.3192532 1.124243 2.265309
0.331071 0.8122276 2.334964
0.3797507 0.4466655 2.439921
0.3944462 0.4201277 2.340675
0.2500324 1.686509 2.281741
-0.4746717 1.597271 2.269974
-0.4340931 1.602148 2.269443
1.013429 1.532718 2.232579
0.9588113 1.552953 2.18417
38
0.2455322 1.127734 2.307564
0.2485538 1.450618 2.295877
0.2502269 1.762954 2.274307
0.2615784 1.91044 2.255334
0.06853005 1.644887 2.301257
-0.1760589 1.615639 2.342631
-0.3540399 1.616259 2.297657
-0.4010624 1.605295 2.280884
0.4395508 1.62807 2.27749
0.693819 1.607573 2.287751
0.8789971 1.590652 2.247289
0.9547133 1.562502 2.23337
0.1639412 1.127169 2.276061
0.1527711 0.8185397 2.365923
0.1187276 0.4400365 2.454403
0.07466204 0.4217031 2.359021
0.3192532 1.124243 2.265309
0.331071 0.8122276 2.334964
0.3797507 0.4466655 2.439921
0.3944462 0.4201277 2.340675
0.2500324 1.686509 2.281741
-0.4746717 1.597271 2.269974
-0.4340931 1.602148 2.269443
1.013429 1.532718 2.232579
0.9588113 1.552953 2.18417
39
0.2453189 1.130047 2.309109
0.2485528 1.451107 2.296145
0.2502406 1.763035 2.274281
0.2614339 1.910509 2.255397
0.06508418 1.647425 2.304686
-0.1859064 1.65399 2.33901
-0.3631223 1.68023 2.295092
-0.3990915 1.674583 2.284177
0.4455801 1.631605 2.279462
0.7044155 1.63327 2.283143
0.8781553 1.648172 2.240846
0.9411454 1.635269 2.229755
0.1637164 1.129897 2.278236
0.1525788 0.818943 2.366181
0.1187342 0.4399584 2.454352
0.07464506 0.4217245 2.359054
0.3190708 1.126119 2.266349
0.3313288 0.8138552 2.334586
0.3796627 0.4466064 2.439944
0.3944961 0.4200405 2.340537
0.2500384 1.686616 2.28177
-0.4613089 1.65139 2.252093
-0.4549625 1.663394 2.236901
1.004061 1.606541 2.22836
0.9665991 1.625303 2.157892
40
0.2453189 1.130047 2.309109
0.2485528 1.451107 2.296145
0.2502406 1.763035 2.274281
0.2614339 1.910509 2.255397
0.06508418 1.647425 2.304686
-0.1859064 1.65399 2.33901
-0.3631223 1.68023 2.295092
-0.3990915 1.674583 2.284177
0.4455801 1.631605 2.279462
0.7044155 1.63327 2.283143
0.8781553 1.648172 2.240846
0.9411454 1.635269 2.229755
0.1637164 1.129897 2.278236
0.1525788 0.818943 2.366181
0.1187342 0.4399584 2.454352
0.07464506 0.4217245 2.359054
0.3190708 1.126119 2.266349
0.3313288 0.8138552 2.334586
0.3796627 0.4466064 2.439944
0.3944961 0.4200405 2.340537
0.2500384 1.686616 2.28177
-0.4613089 1.65139 2.252093
-0.4549625 1.663394 2.236901
1.004061 1.606541 2.22836
0.9665991 1.625303 2.157892
41
0.2452403 1.132973 2.31083
0.2485908 1.451836 2.29643
0.2502798 1.763158 2.274173
0.2612819 1.910586 2.255412
0.06166223 1.650243 2.307194
-0.1897351 1.679968 2.335593
-0.3587458 1.728766 2.294654
-0.3950934 1.730577 2.285223
0.4517918 1.636138 2.280581
0.7092473 1.65729 2.280358
0.8970351 1.700032 2.23282
0.9666051 1.693544 2.217161
0.1636188 1.132905 2.280344
0.1523896 0.8194592 2.36638
0.1187505 0.4398861 2.454302
0.07462351 0.4217409 2.359083
0.3190237 1.128839 2.267696
0.3316719 0.815985 2.334042
0.3795457 0.4465479 2.43997
0.3945578 0.4199373 2.340378
0.2500654 1.686776 2.281747
-0.4594148 1.716187 2.24768
-0.4102322 1.720117 2.240472
1.027851 1.687754 2.203399
0.9691722 1.641433 2.155834
42
0.2452403 1.132973 2.31083
0.2485908 1.451836 2.29643
0.2502798 1.763158 2.274173
0.2612819 1.910586 2.255412
0.06166223 1.650243 2.307194
-0.1897351 1.679968 2.335593
-0.3587458 1.728766 2.294654
-0.3950934 1.730577 2.285223
0.4517918 1.636138 2.280581
0.7092473 1.65729 2.280358
0.8970351 1.700032 2.23282
0.9666051 1.693544 2.217161
0.1636188 1.132905 2.280344
0.1523896 0.8194592 2.36638
0.1187505 0.4398861 2.454302
0.07462351 0.4217409 2.359083
0.3190237 1.128839 2.267696
0.3316719 0.815985 2.334042
0.3795457 0.4465479 2.43997
0.3945578 0.4199373 2.340378
0.2500654 1.686776 2.281747
-0.4594148 1.716187 2.24768
-0.4102322 1.720117 2.240472
1.027851 1.687754 2.203399
0.9691722 1.641433 2.155834
43
0.2452288 1.136117 2.312601
0.2486514 1.452713 2.296709
0.2503476 1.763315 2.273948
0.2611286 1.910663 2.255375
0.0581858 1.653587 2.308967
-0.1897324 1.706878 2.330319
-0.3777974 1.768247 2.286328
-0.4159399 1.76979 2.279096
0.4571559 1.64064 2.281061
0.7101821 1.676389 2.278603
0.901741 1.725985 2.23025
0.9756518 1.735508 2.214978
0.1635859 1.135942 2.282383
0.1521602 0.8201833 2.366549
0.1187896 0.4398208 2.45425
0.07460208 0.4217616 2.359113
0.3190419 1.131935 2.269162
0.3320379 0.8181913 2.333455
0.3794246 0.4464709 2.440009
0.3946391 0.4198119 2.340241
0.2501114 1.68698 2.281662
-0.4747982 1.766675 2.244854
-0.391843 1.775969 2.25087
1.035414 1.726946 2.208588
0.9668955 1.646742 2.136997
44
0.2452288 1.136117 2.312601
0.2486514 1.452713 2.296709
0.2503476 1.763315 2.273948
0.2611286 1.910663 2.255375
0.0581858 1.653587 2.308967
-0.1897324 1.706878 2.330319
-0.3777974 1.768247 2.286328
-0.4159399 1.76979 2.279096
0.4571559 1.64064 2.281061
0.7101821 1.676389 2.278603
0.901741 1.725985 2.23025
0.9756518 1.735508 2.214978
0.1635859 1.135942 2.282383
0.1521602 0.8201833 2.366549
0.1187896 0.4398208 2.45425
0.07460208 0.4217616 2.359113
0.3190419 1.131935 2.269162
0.3320379 0.8181913 2.333455
0.3794246 0.4464709 2.440009
0.3946391 0.4198119 2.340241
0.2501114 1.68698 2.281662
-0.4747982 1.766675 2.244854
-0.391843 1.775969 2.25087
1.035414 1.726946 2.208588
0.9668955 1.646742 2.136997
45
0.2452984 1.139327 2.314329
0.248739 1.453788 2.297008
0.2504286 1.763493 2.273664
0.2609709 1.910749 2.255273
0.05503918 1.657149 2.309972
-0.1889484 1.72317 2.327395
-0.3584394 1.792768 2.290277
-0.4164624 1.799359 2.280832
0.4614078 1.644627 2.281044
0.709178 1.690359 2.277482
0.9006946 1.746067 2.22839
0.9754455 1.762196 2.212391
0.1636211 1.138907 2.284235
0.1519 0.8218771 2.366434
0.1188584 0.4397858 2.454198
0.07457978 0.4217804 2.359139
0.3191504 1.135231 2.270708
0.3324212 0.8203956 2.332809
0.3793003 0.4463919 2.440064
0.394741 0.419661 2.340104
0.250171 1.687226 2.281535
-0.4758957 1.799792 2.245859
-0.4342743 1.807534 2.249988
1.036862 1.761084 2.209294
0.9613227 1.729613 2.153477
46
0.2452984 1.139327 2.314329
0.248739 1.453788 2.297008
0.2504286 1.763493 2.273664
0.2609709 1.910749 2.255273
0.05503918 1.657149 2.309972
-0.1889484 1.72317 2.327395
-0.3584394 1.792768 2.290277
-0.4164624 1.799359 2.280832
0.4614078 1.644627 2.281044
0.709178 1.690359 2.277482
0.9006946 1.746067 2.22839
0.9754455 1.762196 2.212391
0.1636211 1.138907 2.284235
0.1519 0.8218771 2.366434
0.1188584 0.4397858 2.454198
0.07457978 0.4217804 2.359139
0.3191504 1.135231 2.270708
0.3324212 0.8203956 2.332809
0.3793003 0.4463919 2.440064
0.394741 0.419661 2.340104
0.250171 1.687226 2.281535
-0.4758957 1.799792 2.245859
-0.4342743 1.807534 2.249988
1.036862 1.761084 2.209294
0.9613227 1.729613 2.153477
47
0.2454063 1.142177 2.31578
0.2488361 1.454932 2.29728
0.2505187 1.763691 2.2733
0.2607912 1.910833 2.255086
0.05234827 1.660543 2.310514
-0.1872885 1.735007 2.325161
-0.3509094 1.805094 2.29208
-0.4195402 1.817363 2.280734
0.4646357 1.647887 2.280794
0.7075084 1.699985 2.27672
0.8855437 1.760829 2.229252
0.957552 1.777352 2.210391
0.1637002 1.141525 2.285744
0.1516563 0.8234521 2.366268
0.1189246 0.4397604 2.454153
0.0745551 0.4217867 2.359157
0.3192868 1.138181 2.272053
0.3327366 0.8222932 2.332217
0.3791974 0.446311 2.440128
0.3948531 0.4195014 2.339978
0.2502402 1.68751 2.281354
-0.4772658 1.818429 2.245615
-0.4344509 1.836372 2.25041
1.01829 1.778336 2.203769
0.9424754 1.767662 2.16536
48
0.2454063 1.142177 2.31578
0.2488361 1.454932 2.29728
0.2505187 1.763691 2.2733
0.2607912 1.910833 2.255086
0.05234827 1.660543 2.310514
-0.1872885 1.735007 2.325161
-0.3509094 1.805094 2.29208
-0.4195402 1.817363 2.280734
0.4646357 1.647887 2.280794
0.7075084 1.699985 2.27672
0.8855437 1.760829 2.229252
0.957552 1.777352 2.210391
0.1637002 1.141525 2.285744
0.1516563 0.8234521 2.366268
0.1189246 0.4397604 2.454153
0.0745551 0.4217867 2.359157
0.3192868 1.138181 2.272053
0.3327366 0.8222932 2.332217
0.3791974 0.446311 2.440128
0.3948531 0.4195014 2.339978
0.2502402 1.68751 2.281354
-0.4772658 1.818429 2.245615
-0.4344509 1.836372 2.25041
1.01829 1.778336 2.203769
0.9424754 1.767662 2.16536
49
0.2455268 1.144604 2.316958
0.2489431 1.456095 2.297507
0.2506298 1.763923 2.27281
0.2606072 1.910919 2.254809
0.05020093 1.663857 2.310814
-0.185834 1.74255 2.323884
-0.3444746 1.812045 2.293768
-0.4205984 1.827308 2.280151
0.4670346 1.650422 2.280463
0.705673 1.706237 2.276175
0.8730453 1.766332 2.23015
0.9480835 1.787447 2.206559
0.1637954 1.14374 2.28694
0.1514419 0.8248305 2.3661
0.1189903 0.4397443 2.454116
0.07452897 0.421791 2.359174
0.3194309 1.140717 2.273174
0.3330118 0.8239107 2.331685
0.3791086 0.4462376 2.440192
0.394956 0.4193404 2.33984
0.2503277 1.687849 2.281093
-0.4777257 1.830171 2.246069
-0.4183504 1.837024 2.250317
1.006448 1.785697 2.199154
0.9487388 1.786628 2.16906
50
0.2455268 1.144604 2.316958
0.2489431 1.456095 2.297507
0.2506298 1.763923 2.27281
0.2606072 1.910919 2.254809
0.05020093 1.663857 2.310814
-0.185834 1.74255 2.323884
-0.3444746 1.812045 2.293768
-0.4205984 1.827308 2.280151
0.4670346 1.650422 2.280463
0.705673 1.706237 2.276175
0.8730453 1.766332 2.23015
0.9480835 1.787447 2.206559
0.1637954 1.14374 2.28694
0.1514419 0.8248305 2.3661
0.1189903 0.4397443 2.454116
0.07452897 0.421791 2.359174
0.3194309 1.140717 2.273174
0.3330118 0.8239107 2.331685
0.3791086 0.4462376 2.440192
0.394956 0.4193404 2.33984
0.2503277 1.687849 2.281093
-0.4777257 1.830171 2.246069
-0.4183504 1.837024 2.250317
1.006448 1.785697 2.199154
0.9487388 1.786628 2.16906
51
0.2456492 1.146585 2.317898
0.2490495 1.457182 2.297702
0.250742 1.764148 2.272301
0.2604392 1.910998 2.254485
0.04862482 1.666579 2.310955
-0.1840062 1.74688 2.323132
-0.3381046 1.809001 2.295543
-0.4194406 1.823857 2.27855
0.4687256 1.652272 2.28015
0.70345 1.70951 2.275914
0.8639823 1.766008 2.230485
0.9354253 1.78082 2.201877
0.1638999 1.145552 2.287878
0.1513138 0.8259373 2.365987
0.1190372 0.4397126 2.454087
0.07449699 0.4217882 2.35919
0.3195679 1.142791 2.274086
0.3333105 0.8253846 2.331256
0.3790187 0.4461583 2.440248
0.3950508 0.4191841 2.339671
0.2504186 1.688191 2.280811
-0.4767534 1.827806 2.248156
-0.4037168 1.826963 2.242383
0.9946249 1.783029 2.189825
0.9263471 1.787279 2.168796
52
0.2456492 1.146585 2.317898
0.2490495 1.457182 2.297702
0.250742 1.764148 2.272301
0.2604392 1.910998 2.254485
0.04862482 1.666579 2.310955
-0.1840062 1.74688 2.323132
-0.3381046 1.809001 2.295543
-0.4194406 1.823857 2.27855
0.4687256 1.652272 2.28015
0.70345 1.70951 2.275914
0.8639823 1.766008 2.230485
0.9354253 1.78082 2.201877
0.1638999 1.145552 2.287878
0.1513138 0.8259373 2.365987
0.1190372 0.4397126 2.454087
0.07449699 0.4217882 2.35919
0.3195679 1.142791 2.274086
0.3333105 0.8253846 2.331256
0.3790187 0.4461583 2.440248
0.3950508 0.4191841 2.339671
0.2504186 1.688191 2.280811
-0.4767534 1.827806 2.248156
-0.4037168 1.826963 2.242383
0.9946249 1.783029 2.189825
0.9263471 1.787279 2.168796
53
0.2457541 1.148073 2.318593
0.249165 1.458137 2.297861
0.2508958 1.764361 2.271765
0.2602861 1.911067 2.254111
0.04753553 1.668551 2.31101
-0.1816486 1.747663 2.32294
-0.3338385 1.801372 2.296428
-0.414277 1.795797 2.273422
0.4698941 1.653584 2.279879
0.7007164 1.709693 2.275548
0.8583097 1.759229 2.228928
0.9168881 1.755342 2.196448
0.1639895 1.146907 2.288565
0.1512334 0.8270454 2.365804
0.1190788 0.4396938 2.454071
0.07446054 0.4217807 2.359208
0.3196861 1.144367 2.274773
0.3335422 0.8265246 2.330924
0.3789494 0.4460827 2.440301
0.3951379 0.4190446 2.339535
0.2505415 1.688531 2.280506
-0.4726651 1.799443 2.244348
-0.3801971 1.795154 2.2366
0.9712395 1.755321 2.172734
0.936799 1.76991 2.15243
54
0.2457541 1.148073 2.318593
0.249165 1.458137 2.297861
0.2508958 1.764361 2.271765
0.2602861 1.911067 2.254111
0.04753553 1.668551 2.31101
-0.1816486 1.747663 2.32294
-0.3338385 1.801372 2.296428
-0.414277 1.795797 2.273422
0.4698941 1.653584 2.279879
0.7007164 1.709693 2.275548
0.8583097 1.759229 2.228928
0.9168881 1.755342 2.196448
0.1639895 1.146907 2.288565
0.1512334 0.8270454 2.365804
0.1190788 0.4396938 2.454071
0.07446054 0.4217807 2.359208
0.3196861 1.144367 2.274773
0.3335422 0.8265246 2.330924
0.3789494 0.4460827 2.440301
0.3951379 0.4190446 2.339535
0.2505415 1.688531 2.280506
-0.4726651 1.799443 2.244348
-0.3801971 1.795154 2.2366
0.9712395 1.755321 2.172734
0.936799 1.76991 2.15243
55
0.2458438 1.14918 2.319111
0.2492722 1.458945 2.29799
0.2510506 1.764554 2.271248
0.260161 1.911131 2.253703
0.04679039 1.669971 2.311032
-0.1791923 1.740433 2.323929
-0.3332642 1.775581 2.291312
-0.4112208 1.756217 2.266135
0.4707087 1.65452 2.279646
0.6967827 1.703382 2.274459
0.852852 1.731125 2.222845
0.91614 1.717896 2.188033
0.1640661 1.147915 2.289072
0.1511794 0.8279466 2.365652
0.1191166 0.4396648 2.454052
0.07441358 0.4217646 2.359216
0.3197872 1.145544 2.275292
0.3337364 0.8274375 2.330648
0.3788948 0.4459911 2.440358
0.3952455 0.4188971 2.339427
0.2506669 1.688848 2.280205
-0.4682857 1.755104 2.237764
-0.3792855 1.754034 2.230231
0.9704549 1.714502 2.162571
0.949783 1.732964 2.137032
56
0.2458438 1.14918 2.319111
0.2492722 1.458945 2.29799
0.2510506 1.764554 2.271248
0.260161 1.911131 2.253703
0.04679039 1.669971 2.311032
-0.1791923 1.740433 2.323929
-0.3332642 1.775581 2.291312
-0.4112208 1.756217 2.266135
0.4707087 1.65452 2.279646
0.6967827 1.703382 2.274459
0.852852 1.731125 2.222845
0.91614 1.717896 2.188033
0.1640661 1.147915 2.289072
0.1511794 0.8279466 2.365652
0.1191166 0.4396648 2.454052
0.07441358 0.4217646 2.359216
0.3197872 1.145544 2.275292
0.3337364 0.8274375 2.330648
0.3788948 0.4459911 2.440358
0.3952455 0.4188971 2.339427
0.2506669 1.688848 2.280205
-0.4682857 1.755104 2.237764
-0.3792855 1.754034 2.230231
0.9704549 1.714502 2.162571
0.949783 1.732964 2.137032
57
0.2459206 1.149992 2.319508
0.249378 1.459616 2.298098
0.2512313 1.764728 2.270742
0.2600727 1.911188 2.253304
0.04629552 1.670973 2.311049
-0.1613472 1.70253 2.331056
-0.321451 1.728563 2.287507
-0.3963107 1.710252 2.261517
0.4712719 1.655175 2.279425
0.6909853 1.68285 2.272227
0.8577797 1.686753 2.209246
0.9289173 1.668719 2.175555
0.1641349 1.148662 2.289464
0.1511446 0.8286948 2.365519
0.1191519 0.4396282 2.45404
0.07435108 0.4217401 2.359227
0.319871 1.146403 2.275686
0.3338714 0.8279402 2.330546
0.378863 0.4458751 2.440412
0.3953522 0.4187535 2.339342
0.2508117 1.689145 2.279906
-0.4540164 1.702598 2.229929
-0.3730827 1.709019 2.221054
0.9817846 1.66169 2.15277
0.9416351 1.639836 2.120576
58
0.2459206 1.149992 2.319508
0.249378 1.459616 2.298098
0.2512313 1.764728 2.270742
0.2600727 1.911188 2.253304
0.04629552 1.670973 2.311049
-0.1613472 1.70253 2.331056
-0.321451 1.728563 2.287507
-0.3963107 1.710252 2.261517
0.4712719 1.655175 2.279425
0.6909853 1.68285 2.272227
0.8577797 1.686753 2.209246
0.9289173 1.668719 2.175555
0.1641349 1.148662 2.289464
0.1511446 0.8286948 2.365519
0.1191519 0.4396282 2.45404
0.07435108 0.4217401 2.359227
0.319871 1.146403 2.275686
0.3338714 0.8279402 2.330546
0.378863 0.4458751 2.440412
0.3953522 0.4187535 2.339342
0.2508117 1.689145 2.279906
-0.4540164 1.702598 2.229929
-0.3730827 1.709019 2.221054
0.9817846 1.66169 2.15277
0.9416351 1.639836 2.120576
59
0.2459808 1.150579 2.31981
0.2494783 1.460167 2.298191
0.2514229 1.764882 2.270279
0.2600192 1.911235 2.25293
0.04598204 1.671661 2.311071
-0.1539446 1.675382 2.334717
-0.3163163 1.673718 2.279374
-0.3750369 1.659029 2.25834
0.4716266 1.65559 2.279173
0.6875328 1.657113 2.26906
0.8578082 1.641944 2.202617
0.9156646 1.621335 2.173289
0.164192 1.14921 2.289773
0.1511231 0.8293014 2.365406
0.1191882 0.4395944 2.454036
0.07428993 0.4217131 2.359235
0.3199345 1.147019 2.275979
0.3339808 0.8283111 2.330484
0.3788391 0.4457578 2.440465
0.3954585 0.4186147 2.339272
0.2509663 1.689415 2.279629
-0.4332284 1.641302 2.221907
-0.3504034 1.664642 2.218813
0.9634554 1.612137 2.140769
0.9166958 1.605821 2.121542
60
0.2459808 1.150579 2.31981
0.2494783 1.460167 2.298191
0.2514229 1.764882 2.270279
0.2600192 1.911235 2.25293
0.04598204 1.671661 2.311071
-0.1539446 1.675382 2.334717
-0.3163163 1.673718 2.279374
-0.3750369 1.659029 2.25834
0.4716266 1.65559 2.279173
0.6875328 1.657113 2.26906
0.8578082 1.641944 2.202617
0.9156646 1.621335 2.173289
0.164192 1.14921 2.289773
0.1511231 0.8293014 2.365406
0.1191882 0.4395944 2.454036
0.07428993 0.4217131 2.359235
0.3199345 1.147019 2.275979
0.3339808 0.8283111 2.330484
0.3788391 0.4457578 2.440465
0.3954585 0.4186147 2.339272
0.2509663 1.689415 2.279629
-0.4332284 1.641302 2.221907
-0.3504034 1.664642 2.218813
0.9634554 1.612137 2.140769
0.9166958 1.605821 2.121542
61
0.2460231 1.150979 2.320025
0.2495701 1.460607 2.298267
0.2516193 1.76502 2.269863
0.2599995 1.911269 2.252593
0.04586753 1.672094 2.31108
-0.1522284 1.64543 2.335595
-0.3142568 1.61972 2.266709
-0.36673 1.600812 2.248208
0.4716842 1.655423 2.278741
0.6823615 1.627381 2.266374
0.8467506 1.590515 2.20127
0.8927755 1.573805 2.174868
0.1642383 1.149592 2.290012
0.1511103 0.8297872 2.365312
0.1192233 0.4395819 2.454031
0.07424049 0.4217035 2.359231
0.3199729 1.147428 2.276171
0.3340821 0.8284783 2.330564
0.3788246 0.4456107 2.440507
0.3955706 0.4184787 2.339208
0.2511265 1.689658 2.279374
-0.4248991 1.578687 2.216096
-0.3832511 1.596823 2.199089
0.9363486 1.557362 2.132273
0.8956617 1.567612 2.120996
62
0.2460231 1.150979 2.320025
0.2495701 1.460607 2.298267
0.2516193 1.76502 2.269863
0.2599995 1.911269 2.252593
0.04586753 1.672094 2.31108
-0.1522284 1.64543 2.335595
-0.3142568 1.61972 2.266709
-0.36673 1.600812 2.248208
0.4716842 1.655423 2.278741
0.6823615 1.627381 2.266374
0.8467506 1.590515 2.20127
0.8927755 1.573805 2.174868
0.1642383 1.149592 2.290012
0.1511103 0.8297872 2.365312
0.1192233 0.4395819 2.454031
0.07424049 0.4217035 2.359231
0.3199729 1.147428 2.276171
0.3340821 0.8284783 2.330564
0.3788246 0.4456107 2.440507
0.3955706 0.4184787 2.339208
0.2511265 1.689658 2.279374
-0.4248991 1.578687 2.216096
-0.3832511 1.596823 2.199089
0.9363486 1.557362 2.132273
0.8956617 1.567612 2.120996
63
0.2460549 1.151262 2.320184
0.2496558 1.460954 2.29833
0.2518298 1.765141 2.269502
0.2600214 1.911287 2.252288
0.04606644 1.672218 2.31111
-0.1445842 1.614174 2.335135
-0.3031481 1.565743 2.259377
-0.3303818 1.553965 2.248389
0.4714271 1.654828 2.278261
0.6791037 1.59953 2.264228
0.8386113 1.537062 2.198104
0.8853512 1.51627 2.16828
0.1642761 1.149861 2.290196
0.1510977 0.8301535 2.365243
0.119251 0.4395068 2.454039
0.0741275 0.4216627 2.359354
0.320003 1.147715 2.276312
0.3341538 0.8285732 2.330657
0.378812 0.4454657 2.440557
0.395684 0.418346 2.339162
0.2512984 1.689874 2.279147
-0.3893643 1.518389 2.210622
-0.316341 1.582575 2.207967
0.9316009 1.496456 2.128978
0.9008975 1.505134 2.087795
64
0.2460549 1.151262 2.320184
0.2496558 1.460954 2.29833
0.2518298 1.765141 2.269502
0.2600214 1.911287 2.252288
0.04606644 1.672218 2.31111
-0.1445842 1.614174 2.335135
-0.3031481 1.565743 2.259377
-0.3303818 1.553965 2.248389
0.4714271 1.654828 2.278261
0.6791037 1.59953 2.264228
0.8386113 1.537062 2.198104
0.8853512 1.51627 2.16828
0.1642761 1.149861 2.290196
0.1510977 0.8301535 2.365243
0.119251 0.4395068 2.454039
0.0741275 0.4216627 2.359354
0.320003 1.147715 2.276312
0.3341538 0.8285732 2.330657
0.378812 0.4454657 2.440557
0.395684 0.418346 2.339162
0.2512984 1.689874 2.279147
-0.3893643 1.518389 2.210622
-0.316341 1.582575 2.207967
0.9316009 1.496456 2.128978
0.9008975 1.505134 2.087795
65
0.2460813 1.151402 2.320318
0.2497326 1.461216 2.298379
0.2520668 1.765249 2.269155
0.2600727 1.911303 2.252012
0.04707783 1.671584 2.311254
-0.141652 1.587946 2.331944
-0.2937011 1.511079 2.253851
-0.3250521 1.488763 2.232217
0.4707083 1.65354 2.277806
0.676229 1.583474 2.263144
0.8345331 1.479688 2.187738
0.8788157 1.455536 2.157155
0.1643091 1.150015 2.29036
0.1510829 0.83038 2.365214
0.1192716 0.4394421 2.454043
0.07403281 0.421633 2.359464
0.32002 1.147809 2.276403
0.3341975 0.8286226 2.330751
0.3788033 0.4453355 2.440602
0.3957795 0.4182252 2.339116
0.251487 1.690065 2.278928
-0.3795407 1.442436 2.199014
-0.3358888 1.495695 2.185366
0.9367052 1.430446 2.13893
0.8630906 1.455615 2.06821
66
0.2460813 1.151402 2.320318
0.2497326 1.461216 2.298379
0.2520668 1.765249 2.269155
0.2600727 1.911303 2.252012
0.04707783 1.671584 2.311254
-0.141652 1.587946 2.331944
-0.2937011 1.511079 2.253851
-0.3250521 1.488763 2.232217
0.4707083 1.65354 2.277806
0.676229 1.583474 2.263144
0.8345331 1.479688 2.187738
0.8788157 1.455536 2.157155
0.1643091 1.150015 2.29036
0.1510829 0.83038 2.365214
0.1192716 0.4394421 2.454043
0.07403281 0.421633 2.359464
0.32002 1.147809 2.276403
0.3341975 0.8286226 2.330751
0.3788033 0.4453355 2.440602
0.3957795 0.4182252 2.339116
0.251487 1.690065 2.278928
-0.3795407 1.442436 2.199014
-0.3358888 1.495695 2.185366
0.9367052 1.430446 2.13893
0.8630906 1.455615 2.06821
67
0.2460986 1.15133 2.320434
0.2498026 1.461405 2.298421
0.2523167 1.765333 2.268856
0.2601459 1.911313 2.251762
0.04978756 1.669766 2.311318
-0.1346321 1.558951 2.329557
-0.2729777 1.459345 2.245496
-0.3165697 1.420653 2.214705
0.4693328 1.651486 2.277341
0.6727495 1.555718 2.261429
0.8253313 1.422167 2.178547
0.8711802 1.391532 2.150665
0.1643354 1.15 2.290539
0.1510689 0.8305489 2.365198
0.1192855 0.4393895 2.454068
0.07394657 0.421603 2.359566
0.3200233 1.147636 2.276424
0.3341511 0.8283312 2.331062
0.3788194 0.4451971 2.440627
0.3958354 0.4181361 2.339061
0.2516853 1.690222 2.278736
-0.3663833 1.37825 2.180644
-0.3400368 1.416017 2.145785
0.9224781 1.357104 2.116405
0.8296102 1.402213 2.051136
68
0.2460986 1.15133 2.320434
0.2498026 1.461405 2.298421
0.2523167 1.765333 2.268856
0.2601459 1.911313 2.251762
0.04978756 1.669766 2.311318
-0.1346321 1.558951 2.329557
-0.2729777 1.459345 2.245496
-0.3165697 1.420653 2.214705
0.4693328 1.651486 2.277341
0.6727495 1.555718 2.261429
0.8253313 1.422167 2.178547
0.8711802 1.391532 2.150665
0.1643354 1.15 2.290539
0.1510689 0.8305489 2.365198
0.1192855 0.4393895 2.454068
0.07394657 0.421603 2.359566
0.3200233 1.147636 2.276424
0.3341511 0.8283312 2.331062
0.3788194 0.4451971 2.440627
0.3958354 0.4181361 2.339061
0.2516853 1.690222 2.278736
-0.3663833 1.37825 2.180644
-0.3400368 1.416017 2.145785
0.9224781 1.357104 2.116405
0.8296102 1.402213 2.051136
69
0.2461032 1.151003 2.320536
0.249865 1.461541 2.298458
0.2525525 1.765402 2.268602
0.2602358 1.911317 2.251542
0.0534307 1.667557 2.311172
-0.1248853 1.530887 2.327362
-0.2515573 1.403528 2.239575
-0.2974184 1.354049 2.204841
0.4668868 1.648714 2.2769
0.6554283 1.522239 2.261583
0.7921748 1.376815 2.18552
0.8454847 1.333107 2.159483
0.1643501 1.149791 2.290734
0.151055 0.8306737 2.365193
0.1192914 0.4393248 2.454102
0.07385646 0.4215569 2.359661
0.3200131 1.147158 2.276389
0.3339586 0.8276371 2.331644
0.3788797 0.4449978 2.440632
0.3958913 0.4180486 2.339006
0.2518743 1.690354 2.278569
-0.3440623 1.316057 2.180864
-0.3202019 1.350741 2.125548
0.9013385 1.293099 2.138208
0.8161819 1.341256 2.074762
70
0.2461032 1.151003 2.320536
0.249865 1.461541 2.298458
0.2525525 1.765402 2.268602
0.2602358 1.911317 2.251542
0.0534307 1.667557 2.311172
-0.1248853 1.530887 2.327362
-0.2515573 1.403528 2.239575
-0.2974184 1.354049 2.204841
0.4668868 1.648714 2.2769
0.6554283 1.522239 2.261583
0.7921748 1.376815 2.18552
0.8454847 1.333107 2.159483
0.1643501 1.149791 2.290734
0.151055 0.8306737 2.365193
0.1192914 0.4393248 2.454102
0.07385646 0.4215569 2.359661
0.3200131 1.147158 2.276389
0.3339586 0.8276371 2.331644
0.3788797 0.4449978 2.440632
0.3958913 0.4180486 2.339006
0.2518743 1.690354 2.278569
-0.3440623 1.316057 2.180864
-0.3202019 1.350741 2.125548
0.9013385 1.293099 2.138208
0.8161819 1.341256 2.074762
71
0.2460885 1.150511 2.32063
0.2499235 1.461637 2.298493
0.2527792 1.765453 2.268387
0.2603382 1.911318 2.251345
0.05762313 1.665141 2.310743
-0.1180085 1.517733 2.322981
-0.2176431 1.362282 2.25004
-0.2607582 1.298706 2.207561
0.4636243 1.646087 2.276418
0.6219336 1.472227 2.275153
0.7466434 1.342662 2.199597
0.8086382 1.275285 2.16802
0.1643417 1.149396 2.290953
0.151039 0.8307591 2.365209
0.1192961 0.4392542 2.454126
0.07377415 0.4215119 2.359754
0.3199886 1.146555 2.276328
0.3337345 0.8270051 2.332172
0.3789438 0.4448047 2.440636
0.395953 0.4179577 2.338944
0.2520569 1.690457 2.278429
-0.3103678 1.250538 2.196353
-0.2595003 1.28412 2.154132
0.8598005 1.233703 2.133924
0.7798158 1.284023 2.084611
72
0.2460885 1.150511 2.32063
0.2499235 1.461637 2.298493
0.2527792 1.765453 2.268387
0.2603382 1.911318 2.251345
0.05762313 1.665141 2.310743
-0.1180085 1.517733 2.322981
-0.2176431 1.362282 2.25004
-0.2607582 1.298706 2.207561
0.4636243 1.646087 2.276418
0.6219336 1.472227 2.275153
0.7466434 1.342662 2.199597
0.8086382 1.275285 2.16802
0.1643417 1.149396 2.290953
0.151039 0.8307591 2.365209
0.1192961 0.4392542 2.454126
0.07377415 0.4215119 2.359754
0.3199886 1.146555 2.276328
0.3337345 0.8270051 2.332172
0.3789438 0.4448047 2.440636
0.395953 0.4179577 2.338944
0.2520569 1.690457 2.278429
-0.3103678 1.250538 2.196353
-0.2595003 1.28412 2.154132
0.8598005 1.233703 2.133924
0.7798158 1.284023 2.084611
73
0.2460634 1.149815 2.320711
0.2499843 1.461691 2.298529
0.252991 1.765482 2.268208
0.2604631 1.911309 2.251168
0.06162639 1.662866 2.3101
-0.09006882 1.480466 2.326981
-0.1793041 1.324466 2.258973
-0.2175947 1.2499 2.220853
0.4595445 1.643522 2.275792
0.5958581 1.441651 2.283695
0.7014948 1.307383 2.217894
0.7508783 1.23386 2.185886
0.1643207 1.148816 2.291157
0.1510181 0.8307984 2.365256
0.1193034 0.4392465 2.454122
0.0736826 0.421556 2.359895
0.3199577 1.145764 2.276261
0.3335238 0.8264202 2.332647
0.3790016 0.4446369 2.440638
0.3960039 0.4178777 2.338875
0.2522291 1.690531 2.27831
-0.2647028 1.190558 2.217869
-0.2087919 1.223856 2.174846
0.80221 1.178744 2.1443
0.7390876 1.233312 2.111455
74
0.2460634 1.149815 2.320711
0.2499843 1.461691 2.298529
0.252991 1.765482 2.268208
0.2604631 1.911309 2.251168
0.06162639 1.662866 2.3101
-0.09006882 1.480466 2.326981
-0.1793041 1.324466 2.258973
-0.2175947 1.2499 2.220853
0.4595445 1.643522 2.275792
0.5958581 1.441651 2.283695
0.7014948 1.307383 2.217894
0.7508783 1.23386 2.185886
0.1643207 1.148816 2.291157
0.1510181 0.8307984 2.365256
0.1193034 0.4392465 2.454122
0.0736826 0.421556 2.359895
0.3199577 1.145764 2.276261
0.3335238 0.8264202 2.332647
0.3790016 0.4446369 2.440638
0.3960039 0.4178777 2.338875
0.2522291 1.690531 2.27831
-0.2647028 1.190558 2.217869
-0.2087919 1.223856 2.174846
0.80221 1.178744 2.1443
0.7390876 1.233312 2.111455
75
0.2459837 1.148748 2.320678
0.2500534 1.461698 2.298559
0.2532061 1.765496 2.268048
0.2606043 1.911293 2.251005
0.06548516 1.66067 2.3091
-0.06885251 1.458322 2.329547
-0.1471084 1.297071 2.270207
-0.1679326 1.215597 2.238267
0.454738 1.640606 2.274919
0.5737752 1.422337 2.289164
0.6575379 1.271948 2.233519
0.6892035 1.199205 2.201718
0.1642336 1.147877 2.291245
0.1509954 0.8308011 2.365321
0.1192968 0.4392451 2.454123
0.07359474 0.4216054 2.36003
0.3198883 1.144642 2.276093
0.33333 0.8259203 2.333038
0.3790519 0.4444957 2.44064
0.3960468 0.417798 2.338781
0.2524061 1.690582 2.278199
-0.2068165 1.152192 2.234202
-0.1468612 1.196542 2.206038
0.7424341 1.141614 2.189225
0.6787035 1.181853 2.156045
76
0.2459837 1.148748 2.320678
0.2500534 1.461698 2.298559
0.2532061 1.765496 2.268048
0.2606043 1.911293 2.251005
0.06548516 1.66067 2.3091
-0.06885251 1.458322 2.329547
-0.1471084 1.297071 2.270207
-0.1679326 1.215597 2.238267
0.454738 1.640606 2.274919
0.5737752 1.422337 2.289164
0.6575379 1.271948 2.233519
0.6892035 1.199205 2.201718
0.1642336 1.147877 2.291245
0.1509954 0.8308011 2.365321
0.1192968 0.4392451 2.454123
0.07359474 0.4216054 2.36003
0.3198883 1.144642 2.276093
0.33333 0.8259203 2.333038
0.3790519 0.4444957 2.44064
0.3960468 0.417798 2.338781
0.2524061 1.690582 2.278199
-0.2068165 1.152192 2.234202
-0.1468612 1.196542 2.206038
0.7424341 1.141614 2.189225
0.6787035 1.181853 2.156045
77
0.2458475 1.147353 2.320506
0.2501298 1.461642 2.298572
0.2534102 1.765497 2.267901
0.2607619 1.91127 2.250859
0.06884267 1.658706 2.30792
-0.04246303 1.439015 2.329879
-0.1159907 1.251918 2.280732
-0.1267561 1.177328 2.259868
0.4500458 1.637968 2.273628
0.5454063 1.407409 2.295881
0.6106118 1.238879 2.248342
0.6343046 1.161045 2.217928
0.1640911 1.146632 2.291181
0.1509664 0.8307071 2.365444
0.1192911 0.439233 2.454114
0.07352449 0.4216515 2.360143
0.3197658 1.143205 2.275809
0.3331568 0.8254845 2.33337
0.3790905 0.4443753 2.440646
0.3960859 0.4177249 2.338691
0.2525775 1.69061 2.278089
-0.1536336 1.101405 2.257517
-0.09614393 1.16454 2.224016
0.678202 1.094209 2.196771
0.6120133 1.147004 2.188743
78
0.2458475 1.147353 2.320506
0.2501298 1.461642 2.298572
0.2534102 1.765497 2.267901
0.2607619 1.91127 2.250859
0.06884267 1.658706 2.30792
-0.04246303 1.439015 2.329879
-0.1159907 1.251918 2.280732
-0.1267561 1.177328 2.259868
0.4500458 1.637968 2.273628
0.5454063 1.407409 2.295881
0.6106118 1.238879 2.248342
0.6343046 1.161045 2.217928
0.1640911 1.146632 2.291181
0.1509664 0.8307071 2.365444
0.1192911 0.439233 2.454114
0.07352449 0.4216515 2.360143
0.3197658 1.143205 2.275809
0.3331568 0.8254845 2.33337
0.3790905 0.4443753 2.440646
0.3960859 0.4177249 2.338691
0.2525775 1.69061 2.278089
-0.1536336 1.101405 2.257517
-0.09614393 1.16454 2.224016
0.678202 1.094209 2.196771
0.6120133 1.147004 2.188743
79
0.245701 1.145747 2.320193
0.2502189 1.46151 2.298566
0.2536001 1.765488 2.267771
0.2609355 1.911243 2.250732
0.07142836 1.657151 2.306844
-0.02671982 1.428939 2.329882
-0.07769715 1.216623 2.290643
-0.08311498 1.142855 2.27789
0.4450458 1.635392 2.271867
0.5293265 1.400225 2.299253
0.5636457 1.222552 2.262849
0.5705052 1.141849 2.233405
0.1639356 1.145123 2.290915
0.1509413 0.8305309 2.365632
0.119294 0.4392156 2.454103
0.0735001 0.4217112 2.360298
0.3196351 1.141621 2.275451
0.3330076 0.8251116 2.333648
0.3791103 0.4442905 2.44066
0.3961075 0.4176705 2.338604
0.2527422 1.690618 2.277985
-0.09876101 1.062853 2.277148
-0.04546813 1.149532 2.242575
0.6067479 1.074444 2.220402
0.5515518 1.119828 2.208923
80
0.245701 1.145747 2.320193
0.2502189 1.46151 2.298566
0.2536001 1.765488 2.267771
0.2609355 1.911243 2.250732
0.07142836 1.657151 2.306844
-0.02671982 1.428939 2.329882
-0.07769715 1.216623 2.290643
-0.08311498 1.142855 2.27789
0.4450458 1.635392 2.271867
0.5293265 1.400225 2.299253
0.5636457 1.222552 2.262849
0.5705052 1.141849 2.233405
0.1639356 1.145123 2.290915
0.1509413 0.8305309 2.365632
0.119294 0.4392156 2.454103
0.0735001 0.4217112 2.360298
0.3196351 1.141621 2.275451
0.3330076 0.8251116 2.333648
0.3791103 0.4442905 2.44066
0.3961075 0.4176705 2.338604
0.2527422 1.690618 2.277985
-0.09876101 1.062853 2.277148
-0.04546813 1.149532 2.242575
0.6067479 1.074444 2.220402
0.5515518 1.119828 2.208923
81
0.2455706 1.144006 2.319715
0.2503194 1.461297 2.298531
0.2537735 1.765472 2.267657
0.2611124 1.911216 2.250618
0.07361995 1.655719 2.305522
-0.01013161 1.421592 2.328122
-0.05080461 1.197048 2.296609
-0.04556232 1.120509 2.292638
0.4407166 1.633185 2.270064
0.5120404 1.395905 2.30112
0.5319363 1.211446 2.270868
0.5186872 1.129658 2.243397
0.1637957 1.143479 2.290461
0.1509176 0.8303417 2.365822
0.1192926 0.4391714 2.454088
0.07345992 0.4217421 2.360426
0.3195185 1.139902 2.274958
0.3328806 0.8247982 2.333872
0.3791188 0.4442297 2.440675
0.3961259 0.4176293 2.338528
0.2528979 1.690611 2.277887
-0.05761974 1.046937 2.299847
-0.006535718 1.112577 2.2535
0.5477472 1.064687 2.231025
0.4951847 1.117845 2.221227
82
0.2455706 1.144006 2.319715
0.2503194 1.461297 2.298531
0.2537735 1.765472 2.267657
0.2611124 1.911216 2.250618
0.07361995 1.655719 2.305522
-0.01013161 1.421592 2.328122
-0.05080461 1.197048 2.296609
-0.04556232 1.120509 2.292638
0.4407166 1.633185 2.270064
0.5120404 1.395905 2.30112
0.5319363 1.211446 2.270868
0.5186872 1.129658 2.243397
0.1637957 1.143479 2.290461
0.1509176 0.8303417 2.365822
0.1192926 0.4391714 2.454088
0.07345992 0.4217421 2.360426
0.3195185 1.139902 2.274958
0.3328806 0.8247982 2.333872
0.3791188 0.4442297 2.440675
0.3961259 0.4176293 2.338528
0.2528979 1.690611 2.277887
-0.05761974 1.046937 2.299847
-0.006535718 1.112577 2.2535
0.5477472 1.064687 2.231025
0.4951847 1.117845 2.221227
83
0.2454607 1.142315 2.319121
0.2504233 1.461019 2.298461
0.2539294 1.765452 2.267557
0.2612855 1.911188 2.250519
0.07523105 1.654609 2.304374
0.003222495 1.417236 2.326522
-0.02202679 1.186097 2.29974
-0.008642163 1.112097 2.298535
0.4370494 1.631307 2.268297
0.4987064 1.393725 2.301921
0.505744 1.204684 2.276271
0.4812959 1.123948 2.253373
0.163668 1.141843 2.289827
0.151083 0.829254 2.366449
0.1192243 0.4390228 2.454047
0.07344283 0.4217722 2.360548
0.3194268 1.138256 2.274405
0.3327649 0.8245118 2.334059
0.3791215 0.444194 2.440688
0.3961285 0.4176095 2.338474
0.2530422 1.690592 2.277794
-0.01870097 1.034898 2.310301
0.01995377 1.10258 2.258433
0.4989241 1.056656 2.245516
0.4483495 1.116968 2.230273
84
0.2454607 1.142315 2.319121
0.2504233 1.461019 2.298461
0.2539294 1.765452 2.267557
0.2612855 1.911188 2.250519
0.07523105 1.654609 2.304374
0.003222495 1.417236 2.326522
-0.02202679 1.186097 2.29974
-0.008642163 1.112097 2.298535
0.4370494 1.631307 2.268297
0.4987064 1.393725 2.301921
0.505744 1.204684 2.276271
0.4812959 1.123948 2.253373
0.163668 1.141843 2.289827
0.151083 0.829254 2.366449
0.1192243 0.4390228 2.454047
0.07344283 0.4217722 2.360548
0.3194268 1.138256 2.274405
0.3327649 0.8245118 2.334059
0.3791215 0.444194 2.440688
0.3961285 0.4176095 2.338474
0.2530422 1.690592 2.277794
-0.01870097 1.034898 2.310301
0.01995377 1.10258 2.258433
0.4989241 1.056656 2.245516
0.4483495 1.116968 2.230273
85
0.2453367 1.140754 2.318516
0.2505159 1.460691 2.298375
0.2540649 1.765429 2.267473
0.2614633 1.911161 2.250448
0.07647888 1.653627 2.303164
0.01788858 1.414314 2.32342
0.008967414 1.180202 2.300274
0.02328754 1.109266 2.30201
0.4339528 1.629664 2.266466
0.4846345 1.392624 2.301189
0.466788 1.184552 2.274702
0.4523173 1.11603 2.258444
0.1635328 1.140301 2.28915
0.1512328 0.8285318 2.366838
0.1191674 0.4389235 2.454031
0.07342379 0.4217956 2.360674
0.3193156 1.136755 2.273869
0.332662 0.8242596 2.334208
0.379134 0.4440674 2.440739
0.3961996 0.4175586 2.338688
0.2531701 1.690565 2.277711
0.0174908 1.029948 2.31846
0.06495811 1.105199 2.281322
0.4620563 1.041867 2.253501
0.4043157 1.111133 2.247169
86
0.2453367 1.140754 2.318516
0.2505159 1.460691 2.298375
0.2540649 1.765429 2.267473
0.2614633 1.911161 2.250448
0.07647888 1.653627 2.303164
0.01788858 1.414314 2.32342
0.008967414 1.180202 2.300274
0.02328754 1.109266 2.30201
0.4339528 1.629664 2.266466
0.4846345 1.392624 2.301189
0.466788 1.184552 2.274702
0.4523173 1.11603 2.258444
0.1635328 1.140301 2.28915
0.1512328 0.8285318 2.366838
0.1191674 0.4389235 2.454031
0.07342379 0.4217956 2.360674
0.3193156 1.136755 2.273869
0.332662 0.8242596 2.334208
0.379134 0.4440674 2.440739
0.3961996 0.4175586 2.338688
0.2531701 1.690565 2.277711
0.0174908 1.029948 2.31846
0.06495811 1.105199 2.281322
0.4620563 1.041867 2.253501
0.4043157 1.111133 2.247169
87
0.2451583 1.139339 2.317898
0.2505767 1.460332 2.298271
0.2541723 1.765406 2.267407
0.2616311 1.911136 2.250391
0.07739387 1.652687 2.301834
0.02753122 1.412592 2.321221
0.02531085 1.177505 2.300556
0.04494018 1.10722 2.302612
0.4316638 1.628413 2.264924
0.474828 1.392101 2.300067
0.4518682 1.177144 2.275068
0.4342585 1.110227 2.261389
0.163348 1.138907 2.288443
0.1513407 0.8279228 2.367161
0.1191243 0.4388432 2.454015
0.07340716 0.4218176 2.360788
0.3191464 1.135382 2.273333
0.33257 0.8240306 2.334332
0.3791434 0.4439486 2.440794
0.3962682 0.4175204 2.33895
0.2532736 1.690533 2.27764
0.04679209 1.031949 2.319969
0.07976628 1.106776 2.274155
0.4334652 1.034793 2.258224
0.394054 1.109357 2.239915
