128
1
-0.05052664 1.003625 2.364846
-0.05471861 1.316793 2.361744
-0.05880289 1.618931 2.346143
-0.05765237 1.747141 2.334702
-0.2220097 1.496034 2.336391
-0.2543979 1.252945 2.339503
-0.2414334 1.020803 2.284666
-0.2238127 0.9560496 2.269417
0.1128556 1.494761 2.352493
0.1447694 1.241175 2.367846
0.1383762 1.008252 2.303156
0.1233356 0.9559047 2.291725
-0.125049 1.002582 2.325327
-0.1428755 0.6932316 2.328544
-0.1343506 0.2842415 2.353429
-0.1597679 0.2793148 2.281165
0.02551145 1.004514 2.330517
0.0388632 0.704055 2.337269
0.03085411 0.3347185 2.345039
0.03678879 0.332194 2.231153
-0.05780945 1.544937 2.352205
-0.2229201 0.8819245 2.274799
-0.2635525 0.9571744 2.268927
0.1177662 0.883419 2.294577
0.08555719 0.951044 2.256341
2
-0.05060061 1.003626 2.364804
-0.0548394 1.316771 2.361724
-0.05899877 1.618876 2.346177
-0.05804124 1.747084 2.334643
-0.2221605 1.496043 2.336465
-0.2544926 1.253108 2.339545
-0.2415759 1.020888 2.284703
-0.2238758 0.9560448 2.269425
0.1126216 1.494754 2.352499
0.1445942 1.241032 2.367789
0.1382098 1.008315 2.303021
0.1230997 0.9560392 2.291637
-0.1251172 1.002579 2.325296
-0.1428825 0.6932359 2.328536
-0.1343587 0.2842429 2.353427
-0.1597568 0.2793172 2.281188
0.02543306 1.004521 2.330472
0.03882571 0.7040332 2.337242
0.03083609 0.3347297 2.345033
0.03675596 0.3321989 2.231144
-0.05798635 1.54489 2.352224
-0.2237633 0.8827937 2.274557
-0.2636237 0.9550166 2.267564
0.1175942 0.8841985 2.294361
0.08531075 0.9518617 2.255935
3
-0.05060061 1.003626 2.364804
-0.0548394 1.316771 2.361724
-0.05899877 1.618876 2.346177
-0.05804124 1.747084 2.334643
-0.2221605 1.496043 2.336465
-0.2544926 1.253108 2.339545
-0.2415759 1.020888 2.284703
-0.2238758 0.9560448 2.269425
0.1126216 1.494754 2.352499
0.1445942 1.241032 2.367789
0.1382098 1.008315 2.303021
0.1230997 0.9560392 2.291637
-0.1251172 1.002579 2.325296
-0.1428825 0.6932359 2.328536
-0.1343587 0.2842429 2.353427
-0.1597568 0.2793172 2.281188
0.02543306 1.004521 2.330472
0.03882571 0.7040332 2.337242
0.03083609 0.3347297 2.345033
0.03675596 0.3321989 2.231144
-0.05798635 1.54489 2.352224
-0.2237633 0.8827937 2.274557
-0.2636237 0.9550166 2.267564
0.1175942 0.8841985 2.294361
0.08531075 0.9518617 2.255935
4
-0.05067919 1.003626 2.364768
-0.05496652 1.316748 2.361707
-0.05919475 1.618821 2.346209
-0.05841177 1.747027 2.334592
-0.2223239 1.496051 2.336544
-0.2545998 1.253271 2.339592
-0.2417101 1.020964 2.284734
-0.2240404 0.9560332 2.269513
0.1123879 1.494752 2.3525
0.1444082 1.240881 2.367745
0.1380489 1.008383 2.302902
0.1229015 0.9562238 2.291623
-0.12519 1.002573 2.325272
-0.1428952 0.6932421 2.328531
-0.1343672 0.2842388 2.353424
-0.1597383 0.2793154 2.281223
0.02534972 1.004527 2.330433
0.03878421 0.7040048 2.337219
0.03082261 0.3347367 2.345026
0.03672765 0.3322014 2.231135
-0.05816554 1.544842 2.352242
-0.2238469 0.8829947 2.274457
-0.2636498 0.9546669 2.267275
0.1175834 0.8843756 2.294325
0.08517838 0.9522071 2.255794
5
-0.05067919 1.003626 2.364768
-0.05496652 1.316748 2.361707
-0.05919475 1.618821 2.346209
-0.05841177 1.747027 2.334592
-0.2223239 1.496051 2.336544
-0.2545998 1.253271 2.339592
-0.2417101 1.020964 2.284734
-0.2240404 0.9560332 2.269513
0.1123879 1.494752 2.3525
0.1444082 1.240881 2.367745
0.1380489 1.008383 2.302902
0.1229015 0.9562238 2.291623
-0.12519 1.002573 2.325272
-0.1428952 0.6932421 2.328531
-0.1343672 0.2842388 2.353424
-0.1597383 0.2793154 2.281223
0.02534972 1.004527 2.330433
0.03878421 0.7040048 2.337219
0.03082261 0.3347367 2.345026
0.03672765 0.3322014 2.231135
-0.05816554 1.544842 2.352242
-0.2238469 0.8829947 2.274457
-0.2636498 0.9546669 2.267275
0.1175834 0.8843756 2.294325
0.08517838 0.9522071 2.255794
6
-0.05075944 1.003626 2.364735
-0.05510464 1.316727 2.361688
-0.05941183 1.618772 2.346232
-0.05876467 1.746978 2.334537
-0.2224877 1.496062 2.336618
-0.2547445 1.253479 2.339646
-0.2418518 1.021029 2.28477
-0.2241985 0.9560274 2.269569
0.1121489 1.49475 2.352496
0.1442509 1.240753 2.367709
0.137889 1.008455 2.302792
0.1227529 0.9563646 2.291603
-0.1252635 1.002568 2.325251
-0.1429109 0.6932488 2.328526
-0.1343698 0.2842345 2.35342
-0.1597189 0.2793131 2.281259
0.02526354 1.004535 2.330395
0.03874242 0.7039798 2.337198
0.03077493 0.3347365 2.345025
0.03665806 0.3321953 2.231132
-0.05836332 1.544799 2.352254
-0.2242895 0.882417 2.275123
-0.2636803 0.9549673 2.267329
0.117433 0.8845351 2.29421
0.08510564 0.9525718 2.255672
7
-0.05075944 1.003626 2.364735
-0.05510464 1.316727 2.361688
-0.05941183 1.618772 2.346232
-0.05876467 1.746978 2.334537
-0.2224877 1.496062 2.336618
-0.2547445 1.253479 2.339646
-0.2418518 1.021029 2.28477
-0.2241985 0.9560274 2.269569
0.1121489 1.49475 2.352496
0.1442509 1.240753 2.367709
0.137889 1.008455 2.302792
0.1227529 0.9563646 2.291603
-0.1252635 1.002568 2.325251
-0.1429109 0.6932488 2.328526
-0.1343698 0.2842345 2.35342
-0.1597189 0.2793131 2.281259
0.02526354 1.004535 2.330395
0.03874242 0.7039798 2.337198
0.03077493 0.3347365 2.345025
0.03665806 0.3321953 2.231132
-0.05836332 1.544799 2.352254
-0.2242895 0.882417 2.275123
-0.2636803 0.9549673 2.267329
0.117433 0.8845351 2.29421
0.08510564 0.9525718 2.255672
8
-0.05084391 1.003627 2.364706
-0.05524459 1.316707 2.361672
-0.05962092 1.618727 2.346252
-0.05909156 1.746931 2.33449
-0.2226458 1.496073 2.336687
-0.2548076 1.25353 2.339717
-0.2420093 1.021103 2.284813
-0.2243499 0.9560398 2.269639
0.1119189 1.494749 2.352494
0.1440428 1.240568 2.367675
0.1377231 1.008519 2.302681
0.1225834 0.9565382 2.291589
-0.1253407 1.002563 2.325233
-0.1429304 0.6932565 2.328523
-0.1343702 0.2842267 2.353419
-0.1597007 0.2793069 2.281297
0.02517278 1.004544 2.330364
0.0387009 0.7039566 2.337179
0.03073555 0.334758 2.345032
0.0365991 0.332209 2.231139
-0.05855601 1.544759 2.352265
-0.223111 0.8822181 2.275178
-0.263072 0.9491019 2.264099
0.1177464 0.8847235 2.294234
0.08499048 0.9528806 2.255555
9
-0.05084391 1.003627 2.364706
-0.05524459 1.316707 2.361672
-0.05962092 1.618727 2.346252
-0.05909156 1.746931 2.33449
-0.2226458 1.496073 2.336687
-0.2548076 1.25353 2.339717
-0.2420093 1.021103 2.284813
-0.2243499 0.9560398 2.269639
0.1119189 1.494749 2.352494
0.1440428 1.240568 2.367675
0.1377231 1.008519 2.302681
0.1225834 0.9565382 2.291589
-0.1253407 1.002563 2.325233
-0.1429304 0.6932565 2.328523
-0.1343702 0.2842267 2.353419
-0.1597007 0.2793069 2.281297
0.02517278 1.004544 2.330364
0.0387009 0.7039566 2.337179
0.03073555 0.334758 2.345032
0.0365991 0.332209 2.231139
-0.05855601 1.544759 2.352265
-0.223111 0.8822181 2.275178
-0.263072 0.9491019 2.264099
0.1177464 0.8847235 2.294234
0.08499048 0.9528806 2.255555
10
-0.0509302 1.003627 2.36468
-0.05538826 1.316686 2.361656
-0.05983146 1.618681 2.346265
-0.05939567 1.746886 2.334442
-0.2227989 1.496084 2.336751
-0.2548736 1.253581 2.339787
-0.2421515 1.021128 2.284841
-0.2244658 0.9560809 2.269642
0.1117037 1.494747 2.352489
0.1438148 1.240328 2.367631
0.1375511 1.00859 2.302571
0.1224289 0.9566363 2.291551
-0.1254208 1.002555 2.32522
-0.1429543 0.6932666 2.328521
-0.1343695 0.2842121 2.353418
-0.1596777 0.2792944 2.281345
0.02507946 1.004554 2.330333
0.0386591 0.7039382 2.337161
0.03070704 0.3347695 2.345039
0.0365526 0.3322132 2.231147
-0.05875102 1.544718 2.352271
-0.2226833 0.8825253 2.275038
-0.2637893 0.9453333 2.261431
0.1174981 0.8848137 2.293916
0.08483092 0.9542471 2.255278
11
-0.0509302 1.003627 2.36468
-0.05538826 1.316686 2.361656
-0.05983146 1.618681 2.346265
-0.05939567 1.746886 2.334442
-0.2227989 1.496084 2.336751
-0.2548736 1.253581 2.339787
-0.2421515 1.021128 2.284841
-0.2244658 0.9560809 2.269642
0.1117037 1.494747 2.352489
0.1438148 1.240328 2.367631
0.1375511 1.00859 2.302571
0.1224289 0.9566363 2.291551
-0.1254208 1.002555 2.32522
-0.1429543 0.6932666 2.328521
-0.1343695 0.2842121 2.353418
-0.1596777 0.2792944 2.281345
0.02507946 1.004554 2.330333
0.0386591 0.7039382 2.337161
0.03070704 0.3347695 2.345039
0.0365526 0.3322132 2.231147
-0.05875102 1.544718 2.352271
-0.2226833 0.8825253 2.275038
-0.2637893 0.9453333 2.261431
0.1174981 0.8848137 2.293916
0.08483092 0.9542471 2.255278
12
-0.05102408 1.003628 2.364656
-0.05553791 1.316665 2.361641
-0.06003879 1.618636 2.346276
-0.05968094 1.746842 2.334398
-0.2229602 1.49609 2.336818
-0.2548794 1.253364 2.339926
-0.242298 1.021127 2.284866
-0.224628 0.956104 2.269716
0.1115029 1.494744 2.352485
0.1435848 1.240074 2.367583
0.1373781 1.008668 2.30247
0.1222623 0.956782 2.291548
-0.1255085 1.002547 2.325212
-0.1429851 0.6932775 2.328522
-0.1343674 0.284192 2.353416
-0.1596554 0.2792765 2.281394
0.02497652 1.004565 2.330302
0.03861646 0.7039157 2.337146
0.03065683 0.3347722 2.345056
0.03648141 0.3322062 2.231166
-0.05894562 1.544678 2.352276
-0.2234964 0.8824471 2.275552
-0.2638219 0.9522824 2.265618
0.1174629 0.8849306 2.294004
0.08478148 0.9545735 2.255205
13
-0.05102408 1.003628 2.364656
-0.05553791 1.316665 2.361641
-0.06003879 1.618636 2.346276
-0.05968094 1.746842 2.334398
-0.2229602 1.49609 2.336818
-0.2548794 1.253364 2.339926
-0.242298 1.021127 2.284866
-0.224628 0.956104 2.269716
0.1115029 1.494744 2.352485
0.1435848 1.240074 2.367583
0.1373781 1.008668 2.30247
0.1222623 0.956782 2.291548
-0.1255085 1.002547 2.325212
-0.1429851 0.6932775 2.328522
-0.1343674 0.284192 2.353416
-0.1596554 0.2792765 2.281394
0.02497652 1.004565 2.330302
0.03861646 0.7039157 2.337146
0.03065683 0.3347722 2.345056
0.03648141 0.3322062 2.231166
-0.05894562 1.544678 2.352276
-0.2234964 0.8824471 2.275552
-0.2638219 0.9522824 2.265618
0.1174629 0.8849306 2.294004
0.08478148 0.9545735 2.255205
14
-0.05112713 1.003629 2.364636
-0.05569582 1.316643 2.36163
-0.06024734 1.618592 2.346286
-0.05994067 1.746803 2.334359
-0.2231379 1.496095 2.336891
-0.254914 1.253301 2.340023
-0.2424385 1.021118 2.284892
-0.2248269 0.9561539 2.269852
0.1113053 1.494743 2.352484
0.143364 1.23983 2.367546
0.1372053 1.008718 2.302367
0.1220916 0.9567041 2.291528
-0.1256076 1.002538 2.325212
-0.1430216 0.6932897 2.328526
-0.1343637 0.2841724 2.353416
-0.1596324 0.2792592 2.281448
0.02486473 1.004578 2.330272
0.03857207 0.7038932 2.337134
0.0306068 0.3347717 2.345073
0.03641001 0.332197 2.231185
-0.05914359 1.544637 2.352282
-0.2239757 0.883 2.275342
-0.2640358 0.9530835 2.266136
0.1172805 0.8846319 2.294111
0.08474359 0.9547567 2.255172
15
-0.05112713 1.003629 2.364636
-0.05569582 1.316643 2.36163
-0.06024734 1.618592 2.346286
-0.05994067 1.746803 2.334359
-0.2231379 1.496095 2.336891
-0.254914 1.253301 2.340023
-0.2424385 1.021118 2.284892
-0.2248269 0.9561539 2.269852
0.1113053 1.494743 2.352484
0.143364 1.23983 2.367546
0.1372053 1.008718 2.302367
0.1220916 0.9567041 2.291528
-0.1256076 1.002538 2.325212
-0.1430216 0.6932897 2.328526
-0.1343637 0.2841724 2.353416
-0.1596324 0.2792592 2.281448
0.02486473 1.004578 2.330272
0.03857207 0.7038932 2.337134
0.0306068 0.3347717 2.345073
0.03641001 0.332197 2.231185
-0.05914359 1.544637 2.352282
-0.2239757 0.883 2.275342
-0.2640358 0.9530835 2.266136
0.1172805 0.8846319 2.294111
0.08474359 0.9547567 2.255172
16
-0.05123618 1.003629 2.364617
-0.05585472 1.316621 2.361619
-0.06044681 1.618549 2.346295
-0.06017697 1.746766 2.334323
-0.2233162 1.496097 2.336964
-0.2549598 1.25329 2.340107
-0.2425773 1.021119 2.284923
-0.2250382 0.9561946 2.269963
0.1111179 1.494744 2.352481
0.1431432 1.239586 2.367507
0.1370421 1.00877 2.302275
0.1219663 0.9567077 2.291544
-0.1257124 1.002527 2.325214
-0.1430581 0.6933002 2.328532
-0.1343598 0.2841645 2.353416
-0.1596127 0.2792542 2.281508
0.02474785 1.004591 2.330243
0.03852613 0.7038684 2.337125
0.03056707 0.334767 2.345086
0.03634946 0.3321861 2.231199
-0.05933516 1.544598 2.352287
-0.2244885 0.8833295 2.275405
-0.2649823 0.9551047 2.268343
0.1170164 0.8843095 2.294303
0.08458191 0.9549326 2.255098
17
-0.05123618 1.003629 2.364617
-0.05585472 1.316621 2.361619
-0.06044681 1.618549 2.346295
-0.06017697 1.746766 2.334323
-0.2233162 1.496097 2.336964
-0.2549598 1.25329 2.340107
-0.2425773 1.021119 2.284923
-0.2250382 0.9561946 2.269963
0.1111179 1.494744 2.352481
0.1431432 1.239586 2.367507
0.1370421 1.00877 2.302275
0.1219663 0.9567077 2.291544
-0.1257124 1.002527 2.325214
-0.1430581 0.6933002 2.328532
-0.1343598 0.2841645 2.353416
-0.1596127 0.2792542 2.281508
0.02474785 1.004591 2.330243
0.03852613 0.7038684 2.337125
0.03056707 0.334767 2.345086
0.03634946 0.3321861 2.231199
-0.05933516 1.544598 2.352287
-0.2244885 0.8833295 2.275405
-0.2649823 0.9551047 2.268343
0.1170164 0.8843095 2.294303
0.08458191 0.9549326 2.255098
18
-0.05134407 1.003628 2.3646
-0.05601418 1.316597 2.36161
-0.06064874 1.618505 2.346303
-0.06039267 1.746733 2.334291
-0.2234968 1.496089 2.33704
-0.2550111 1.253296 2.340183
-0.2427254 1.021132 2.284961
-0.2251545 0.9561981 2.270024
0.1109375 1.494745 2.352479
0.1429216 1.239336 2.367463
0.1368852 1.008822 2.302192
0.1218194 0.9567451 2.291542
-0.1258163 1.002515 2.325218
-0.143109 0.6933313 2.32854
-0.1343544 0.2841918 2.353411
-0.1595853 0.2792871 2.281607
0.02463294 1.004603 2.330215
0.03847609 0.7038399 2.337116
0.03053894 0.3347642 2.345091
0.03630188 0.3321795 2.231205
-0.05952865 1.544557 2.352292
-0.2246087 0.8834234 2.2754
-0.2657699 0.953174 2.268657
0.1169258 0.8842851 2.294322
0.08442205 0.9553657 2.255131
19
-0.05134407 1.003628 2.3646
-0.05601418 1.316597 2.36161
-0.06064874 1.618505 2.346303
-0.06039267 1.746733 2.334291
-0.2234968 1.496089 2.33704
-0.2550111 1.253296 2.340183
-0.2427254 1.021132 2.284961
-0.2251545 0.9561981 2.270024
0.1109375 1.494745 2.352479
0.1429216 1.239336 2.367463
0.1368852 1.008822 2.302192
0.1218194 0.9567451 2.291542
-0.1258163 1.002515 2.325218
-0.143109 0.6933313 2.32854
-0.1343544 0.2841918 2.353411
-0.1595853 0.2792871 2.281607
0.02463294 1.004603 2.330215
0.03847609 0.7038399 2.337116
0.03053894 0.3347642 2.345091
0.03630188 0.3321795 2.231205
-0.05952865 1.544557 2.352292
-0.2246087 0.8834234 2.2754
-0.2657699 0.953174 2.268657
0.1169258 0.8842851 2.294322
0.08442205 0.9553657 2.255131
20
-0.05145327 1.003629 2.364585
-0.05616626 1.316574 2.361602
-0.06083485 1.618464 2.34631
-0.06058754 1.746706 2.334265
-0.2236713 1.496081 2.337114
-0.2550084 1.253107 2.340265
-0.2428649 1.02114 2.284998
-0.2253079 0.9561315 2.270084
0.110771 1.494745 2.352479
0.1427038 1.239095 2.367424
0.1367154 1.008831 2.302086
0.1216953 0.956725 2.291486
-0.1259217 1.002503 2.325224
-0.1431576 0.6933696 2.328557
-0.134352 0.2842292 2.353402
-0.1595605 0.2793324 2.281699
0.02451732 1.004617 2.330189
0.03842559 0.7038106 2.33711
0.03051716 0.3347603 2.345095
0.03626234 0.3321729 2.231211
-0.05970801 1.544519 2.352297
-0.2246978 0.8835878 2.275327
-0.265922 0.951987 2.267956
0.1168608 0.8842707 2.294312
0.08431273 0.9553543 2.254961
21
-0.05145327 1.003629 2.364585
-0.05616626 1.316574 2.361602
-0.06083485 1.618464 2.34631
-0.06058754 1.746706 2.334265
-0.2236713 1.496081 2.337114
-0.2550084 1.253107 2.340265
-0.2428649 1.02114 2.284998
-0.2253079 0.9561315 2.270084
0.110771 1.494745 2.352479
0.1427038 1.239095 2.367424
0.1367154 1.008831 2.302086
0.1216953 0.956725 2.291486
-0.1259217 1.002503 2.325224
-0.1431576 0.6933696 2.328557
-0.134352 0.2842292 2.353402
-0.1595605 0.2793324 2.281699
0.02451732 1.004617 2.330189
0.03842559 0.7038106 2.33711
0.03051716 0.3347603 2.345095
0.03626234 0.3321729 2.231211
-0.05970801 1.544519 2.352297
-0.2246978 0.8835878 2.275327
-0.265922 0.951987 2.267956
0.1168608 0.8842707 2.294312
0.08431273 0.9553543 2.254961
22
-0.05145327 1.003629 2.364585
-0.05616626 1.316574 2.361602
-0.06083485 1.618464 2.34631
-0.06058754 1.746706 2.334265
-0.2236713 1.496081 2.337114
-0.2550084 1.253107 2.340265
-0.2428649 1.02114 2.284998
-0.2253079 0.9561315 2.270084
0.110771 1.494745 2.352479
0.1427038 1.239095 2.367424
0.1367154 1.008831 2.302086
0.1216953 0.956725 2.291486
-0.1259217 1.002503 2.325224
-0.1431576 0.6933696 2.328557
-0.134352 0.2842292 2.353402
-0.1595605 0.2793324 2.281699
0.02451732 1.004617 2.330189
0.03842559 0.7038106 2.33711
0.03051716 0.3347603 2.345095
0.03626234 0.3321729 2.231211
-0.05970801 1.544519 2.352297
-0.2246978 0.8835878 2.275327
-0.265922 0.951987 2.267956
0.1168608 0.8842707 2.294312
0.08431273 0.9553543 2.254961
23
-0.05155827 1.003629 2.364574
-0.05630919 1.316553 2.361597
-0.06100585 1.618425 2.346317
-0.06076558 1.746683 2.33424
-0.2238421 1.496071 2.337187
-0.2549333 1.25272 2.340348
-0.2430126 1.021172 2.285036
-0.2254522 0.9561362 2.27014
0.1106082 1.494749 2.352477
0.1425838 1.239035 2.367403
0.1365526 1.008848 2.301987
0.1216014 0.9567609 2.291487
-0.1260244 1.002492 2.325235
-0.1432097 0.6934081 2.328576
-0.1343491 0.2842663 2.353392
-0.1595377 0.2793777 2.281786
0.02440766 1.004631 2.330168
0.03837558 0.7037894 2.337103
0.03050029 0.3347603 2.345098
0.03622821 0.332171 2.231213
-0.05987358 1.544484 2.352302
-0.2254706 0.8839102 2.27535
-0.2661368 0.9520828 2.268209
0.116846 0.8842882 2.29434
0.08420071 0.9546892 2.255035
24
-0.05166484 1.003632 2.364568
-0.05644412 1.316533 2.361593
-0.06116142 1.61839 2.346323
-0.0609303 1.746663 2.33422
-0.2240424 1.496071 2.337294
-0.2547456 1.252116 2.340423
-0.2431854 1.021261 2.285075
-0.2255687 0.9561509 2.270147
0.110446 1.494755 2.352482
0.1424818 1.238963 2.367395
0.1364096 1.008864 2.301893
0.1215373 0.9568135 2.291411
-0.126133 1.002483 2.325254
-0.143261 0.6934461 2.328597
-0.1343448 0.2842871 2.353384
-0.1595202 0.2794059 2.281862
0.02429763 1.004647 2.330147
0.03832706 0.7037702 2.337098
0.03048597 0.3347603 2.345099
0.03619482 0.3321697 2.231215
-0.0600251 1.544451 2.352307
-0.2263866 0.8826009 2.276512
-0.2662442 0.9520463 2.26811
0.1171704 0.8849253 2.294128
0.08415247 0.9545053 2.255006
25
-0.05166484 1.003632 2.364568
-0.05644412 1.316533 2.361593
-0.06116142 1.61839 2.346323
-0.0609303 1.746663 2.33422
-0.2240424 1.496071 2.337294
-0.2547456 1.252116 2.340423
-0.2431854 1.021261 2.285075
-0.2255687 0.9561509 2.270147
0.110446 1.494755 2.352482
0.1424818 1.238963 2.367395
0.1364096 1.008864 2.301893
0.1215373 0.9568135 2.291411
-0.126133 1.002483 2.325254
-0.143261 0.6934461 2.328597
-0.1343448 0.2842871 2.353384
-0.1595202 0.2794059 2.281862
0.02429763 1.004647 2.330147
0.03832706 0.7037702 2.337098
0.03048597 0.3347603 2.345099
0.03619482 0.3321697 2.231215
-0.0600251 1.544451 2.352307
-0.2263866 0.8826009 2.276512
-0.2662442 0.9520463 2.26811
0.1171704 0.8849253 2.294128
0.08415247 0.9545053 2.255006
26
-0.05176667 1.00364 2.364564
-0.0565749 1.316518 2.36159
-0.06131956 1.61836 2.346324
-0.06108009 1.746646 2.334203
-0.2242972 1.496117 2.33748
-0.2545708 1.251282 2.340314
-0.2435041 1.021589 2.284976
-0.2276782 0.9600353 2.26942
0.1102688 1.494769 2.352509
0.1423997 1.238904 2.367393
0.1363127 1.008928 2.301799
0.1219664 0.9573601 2.291395
-0.1262365 1.002481 2.325277
-0.1433101 0.693481 2.32862
-0.1343408 0.2843 2.353375
-0.1595008 0.2794261 2.281932
0.02419255 1.004667 2.33013
0.03826653 0.7037221 2.337098
0.03047435 0.3347511 2.345099
0.03616088 0.3321613 2.231215
-0.0601766 1.544424 2.352308
-0.2312171 0.8905981 2.273181
-0.2672306 0.9528734 2.265756
0.1182353 0.8859848 2.294441
0.08409225 0.9543506 2.255083
27
-0.05176667 1.00364 2.364564
-0.0565749 1.316518 2.36159
-0.06131956 1.61836 2.346324
-0.06108009 1.746646 2.334203
-0.2242972 1.496117 2.33748
-0.2545708 1.251282 2.340314
-0.2435041 1.021589 2.284976
-0.2276782 0.9600353 2.26942
0.1102688 1.494769 2.352509
0.1423997 1.238904 2.367393
0.1363127 1.008928 2.301799
0.1219664 0.9573601 2.291395
-0.1262365 1.002481 2.325277
-0.1433101 0.693481 2.32862
-0.1343408 0.2843 2.353375
-0.1595008 0.2794261 2.281932
0.02419255 1.004667 2.33013
0.03826653 0.7037221 2.337098
0.03047435 0.3347511 2.345099
0.03616088 0.3321613 2.231215
-0.0601766 1.544424 2.352308
-0.2312171 0.8905981 2.273181
-0.2672306 0.9528734 2.265756
0.1182353 0.8859848 2.294441
0.08409225 0.9543506 2.255083
28
-0.05188468 1.003671 2.364571
-0.05670464 1.316514 2.36159
-0.06146635 1.618336 2.346324
-0.06121429 1.746632 2.334187
-0.2246459 1.49631 2.337839
-0.2548485 1.251024 2.340006
-0.2452328 1.023559 2.283504
-0.2331454 0.9672275 2.266954
0.1099864 1.494861 2.352619
0.1423417 1.238883 2.367471
0.137052 1.009842 2.301498
0.1257105 0.9608942 2.291016
-0.1263486 1.002497 2.32531
-0.1433582 0.6935152 2.328643
-0.1343357 0.2843097 2.353369
-0.1594842 0.2794423 2.281991
0.02406423 1.004716 2.330122
0.03818283 0.703657 2.337111
0.03046698 0.334737 2.3451
0.03612851 0.3321525 2.231217
-0.06031867 1.544403 2.35231
-0.2397204 0.9009841 2.268328
-0.2788261 0.9614893 2.253116
0.1284539 0.8935373 2.294529
0.0856502 0.9565488 2.256727
29
-0.05188468 1.003671 2.364571
-0.05670464 1.316514 2.36159
-0.06146635 1.618336 2.346324
-0.06121429 1.746632 2.334187
-0.2246459 1.49631 2.337839
-0.2548485 1.251024 2.340006
-0.2452328 1.023559 2.283504
-0.2331454 0.9672275 2.266954
0.1099864 1.494861 2.352619
0.1423417 1.238883 2.367471
0.137052 1.009842 2.301498
0.1257105 0.9608942 2.291016
-0.1263486 1.002497 2.32531
-0.1433582 0.6935152 2.328643
-0.1343357 0.2843097 2.353369
-0.1594842 0.2794423 2.281991
0.02406423 1.004716 2.330122
0.03818283 0.703657 2.337111
0.03046698 0.334737 2.3451
0.03612851 0.3321525 2.231217
-0.06031867 1.544403 2.35231
-0.2397204 0.9009841 2.268328
-0.2788261 0.9614893 2.253116
0.1284539 0.8935373 2.294529
0.0856502 0.9565488 2.256727
30
-0.05188468 1.003671 2.364571
-0.05670464 1.316514 2.36159
-0.06146635 1.618336 2.346324
-0.06121429 1.746632 2.334187
-0.2246459 1.49631 2.337839
-0.2548485 1.251024 2.340006
-0.2452328 1.023559 2.283504
-0.2331454 0.9672275 2.266954
0.1099864 1.494861 2.352619
0.1423417 1.238883 2.367471
0.137052 1.009842 2.301498
0.1257105 0.9608942 2.291016
-0.1263486 1.002497 2.32531
-0.1433582 0.6935152 2.328643
-0.1343357 0.2843097 2.353369
-0.1594842 0.2794423 2.281991
0.02406423 1.004716 2.330122
0.03818283 0.703657 2.337111
0.03046698 0.334737 2.3451
0.03612851 0.3321525 2.231217
-0.06031867 1.544403 2.35231
-0.2397204 0.9009841 2.268328
-0.2788261 0.9614893 2.253116
0.1284539 0.8935373 2.294529
0.0856502 0.9565488 2.256727
31
-0.05203276 1.003741 2.364593
-0.05683232 1.316519 2.361595
-0.06160008 1.618315 2.346324
-0.06133071 1.746619 2.334174
-0.2251772 1.496882 2.338548
-0.2579364 1.252658 2.338439
-0.2657072 1.04441 2.267299
-0.2623832 0.9895078 2.247996
0.109398 1.49525 2.352974
0.1435426 1.240715 2.369237
0.1621739 1.033626 2.301116
0.1556056 0.9782473 2.28699
-0.1264839 1.002543 2.325365
-0.1434034 0.6935471 2.328666
-0.1343314 0.2843156 2.353363
-0.1594589 0.2794544 2.282041
0.02389868 1.004817 2.330124
0.03805833 0.7035533 2.337133
0.03046471 0.3347144 2.345099
0.0360992 0.3321389 2.231218
-0.0604489 1.544386 2.352311
-0.2657501 0.925145 2.248062
-0.299417 0.9854574 2.225294
0.1576165 0.9144861 2.288628
0.1189101 0.9783746 2.26162
32
-0.05203276 1.003741 2.364593
-0.05683232 1.316519 2.361595
-0.06160008 1.618315 2.346324
-0.06133071 1.746619 2.334174
-0.2251772 1.496882 2.338548
-0.2579364 1.252658 2.338439
-0.2657072 1.04441 2.267299
-0.2623832 0.9895078 2.247996
0.109398 1.49525 2.352974
0.1435426 1.240715 2.369237
0.1621739 1.033626 2.301116
0.1556056 0.9782473 2.28699
-0.1264839 1.002543 2.325365
-0.1434034 0.6935471 2.328666
-0.1343314 0.2843156 2.353363
-0.1594589 0.2794544 2.282041
0.02389868 1.004817 2.330124
0.03805833 0.7035533 2.337133
0.03046471 0.3347144 2.345099
0.0360992 0.3321389 2.231218
-0.0604489 1.544386 2.352311
-0.2657501 0.925145 2.248062
-0.299417 0.9854574 2.225294
0.1576165 0.9144861 2.288628
0.1189101 0.9783746 2.26162
33
-0.05222666 1.003933 2.364602
-0.05697201 1.316553 2.361597
-0.06173027 1.6183 2.346324
-0.06142789 1.746608 2.334163
-0.2259474 1.498064 2.339739
-0.2747584 1.26576 2.333406
-0.297746 1.071822 2.247935
-0.3029097 1.015764 2.219787
0.1083431 1.496197 2.353739
0.1514773 1.252862 2.378943
0.1929835 1.062251 2.305408
0.1960299 1.00581 2.283435
-0.1266595 1.002695 2.325412
-0.1434484 0.693582 2.328689
-0.1343322 0.2843173 2.35335
-0.1594375 0.2794636 2.282082
0.02369084 1.005046 2.330108
0.03793288 0.7034505 2.337159
0.03046449 0.3346911 2.345098
0.03607288 0.3321257 2.231219
-0.06057809 1.544378 2.352313
-0.3051019 0.9553775 2.211264
-0.333974 1.022401 2.186156
0.2006855 0.9376246 2.283259
0.1664534 0.9924238 2.268868
34
-0.05222666 1.003933 2.364602
-0.05697201 1.316553 2.361597
-0.06173027 1.6183 2.346324
-0.06142789 1.746608 2.334163
-0.2259474 1.498064 2.339739
-0.2747584 1.26576 2.333406
-0.297746 1.071822 2.247935
-0.3029097 1.015764 2.219787
0.1083431 1.496197 2.353739
0.1514773 1.252862 2.378943
0.1929835 1.062251 2.305408
0.1960299 1.00581 2.283435
-0.1266595 1.002695 2.325412
-0.1434484 0.693582 2.328689
-0.1343322 0.2843173 2.35335
-0.1594375 0.2794636 2.282082
0.02369084 1.005046 2.330108
0.03793288 0.7034505 2.337159
0.03046449 0.3346911 2.345098
0.03607288 0.3321257 2.231219
-0.06057809 1.544378 2.352313
-0.3051019 0.9553775 2.211264
-0.333974 1.022401 2.186156
0.2006855 0.9376246 2.283259
0.1664534 0.9924238 2.268868
35
-0.05245038 1.004271 2.364645
-0.05712602 1.31663 2.361626
-0.06186497 1.618296 2.346352
-0.06150007 1.746599 2.33416
-0.2267735 1.49942 2.341694
-0.3038613 1.290128 2.329616
-0.3408408 1.103355 2.226662
-0.3514926 1.045748 2.192707
0.1063279 1.498523 2.355623
0.1677503 1.279973 2.399029
0.2366319 1.100033 2.315016
0.2431879 1.030765 2.283993
-0.1268646 1.00296 2.325513
-0.1434926 0.6936154 2.328715
-0.1343278 0.2843162 2.35334
-0.1594206 0.2794692 2.282114
0.02345285 1.005473 2.330101
0.03780628 0.7033451 2.337186
0.03046649 0.3346686 2.345097
0.03604842 0.332114 2.23122
-0.06071274 1.544387 2.35234
-0.3548064 0.9912571 2.179595
-0.3766652 1.057232 2.150104
0.2533946 0.9641647 2.285755
0.2400561 0.9964874 2.283791
36
-0.05245038 1.004271 2.364645
-0.05712602 1.31663 2.361626
-0.06186497 1.618296 2.346352
-0.06150007 1.746599 2.33416
-0.2267735 1.49942 2.341694
-0.3038613 1.290128 2.329616
-0.3408408 1.103355 2.226662
-0.3514926 1.045748 2.192707
0.1063279 1.498523 2.355623
0.1677503 1.279973 2.399029
0.2366319 1.100033 2.315016
0.2431879 1.030765 2.283993
-0.1268646 1.00296 2.325513
-0.1434926 0.6936154 2.328715
-0.1343278 0.2843162 2.35334
-0.1594206 0.2794692 2.282114
0.02345285 1.005473 2.330101
0.03780628 0.7033451 2.337186
0.03046649 0.3346686 2.345097
0.03604842 0.332114 2.23122
-0.06071274 1.544387 2.35234
-0.3548064 0.9912571 2.179595
-0.3766652 1.057232 2.150104
0.2533946 0.9641647 2.285755
0.2400561 0.9964874 2.283791
37
-0.05279016 1.00491 2.364718
-0.05730462 1.316771 2.361684
-0.06198951 1.618301 2.346402
-0.06155131 1.746591 2.334161
-0.2276088 1.502025 2.344588
-0.3429354 1.324523 2.326336
-0.3885686 1.134608 2.204906
-0.4045505 1.076542 2.165349
0.1039226 1.501539 2.35809
0.1813357 1.297892 2.412344
0.2776886 1.1288 2.327546
0.2954355 1.056417 2.292097
-0.1271774 1.00347 2.325702
-0.1435355 0.6936488 2.328743
-0.1343258 0.2843123 2.353329
-0.1594041 0.2794722 2.282141
0.0230903 1.00628 2.330056
0.03768426 0.7032573 2.337214
0.03046742 0.3346426 2.345096
0.03601968 0.332099 2.231221
-0.06084267 1.54441 2.35239
-0.4113701 1.030183 2.152626
-0.4198563 1.093663 2.119752
0.30841 0.9929975 2.294261
0.2992035 1.004212 2.308287
38
-0.05327024 1.00594 2.364843
-0.05753976 1.317032 2.361816
-0.0621372 1.618331 2.346546
-0.06158942 1.746579 2.334177
-0.2285358 1.505481 2.348323
-0.3720488 1.351232 2.325573
-0.4390467 1.178028 2.193681
-0.4585389 1.113869 2.148572
0.1012947 1.505043 2.361293
0.1996447 1.318615 2.427108
0.3244253 1.161161 2.344201
0.3517974 1.085209 2.308306
-0.1276515 1.004367 2.326021
-0.1435779 0.6937054 2.328785
-0.1343277 0.2842915 2.353316
-0.1593728 0.2794642 2.282194
0.02261784 1.007459 2.329994
0.03756864 0.7031996 2.337251
0.03046792 0.3346096 2.345095
0.03599192 0.3320799 2.231222
-0.0609997 1.544474 2.352521
-0.4687394 1.072397 2.12983
-0.4654433 1.134354 2.099916
0.3664719 1.024841 2.309461
0.34924 1.048993 2.334728
39
-0.05327024 1.00594 2.364843
-0.05753976 1.317032 2.361816
-0.0621372 1.618331 2.346546
-0.06158942 1.746579 2.334177
-0.2285358 1.505481 2.348323
-0.3720488 1.351232 2.325573
-0.4390467 1.178028 2.193681
-0.4585389 1.113869 2.148572
0.1012947 1.505043 2.361293
0.1996447 1.318615 2.427108
0.3244253 1.161161 2.344201
0.3517974 1.085209 2.308306
-0.1276515 1.004367 2.326021
-0.1435779 0.6937054 2.328785
-0.1343277 0.2842915 2.353316
-0.1593728 0.2794642 2.282194
0.02261784 1.007459 2.329994
0.03756864 0.7031996 2.337251
0.03046792 0.3346096 2.345095
0.03599192 0.3320799 2.231222
-0.0609997 1.544474 2.352521
-0.4687394 1.072397 2.12983
-0.4654433 1.134354 2.099916
0.3664719 1.024841 2.309461
0.34924 1.048993 2.334728
40
-0.05327024 1.00594 2.364843
-0.05753976 1.317032 2.361816
-0.0621372 1.618331 2.346546
-0.06158942 1.746579 2.334177
-0.2285358 1.505481 2.348323
-0.3720488 1.351232 2.325573
-0.4390467 1.178028 2.193681
-0.4585389 1.113869 2.148572
0.1012947 1.505043 2.361293
0.1996447 1.318615 2.427108
0.3244253 1.161161 2.344201
0.3517974 1.085209 2.308306
-0.1276515 1.004367 2.326021
-0.1435779 0.6937054 2.328785
-0.1343277 0.2842915 2.353316
-0.1593728 0.2794642 2.282194
0.02261784 1.007459 2.329994
0.03756864 0.7031996 2.337251
0.03046792 0.3346096 2.345095
0.03599192 0.3320799 2.231222
-0.0609997 1.544474 2.352521
-0.4687394 1.072397 2.12983
-0.4654433 1.134354 2.099916
0.3664719 1.024841 2.309461
0.34924 1.048993 2.334728
41
-0.05380891 1.007254 2.365053
-0.05779935 1.317428 2.362041
-0.06227548 1.618393 2.346789
-0.06161616 1.746563 2.334214
-0.2294353 1.509321 2.352254
-0.3982292 1.378173 2.324123
-0.4902561 1.222062 2.190145
-0.5136658 1.15969 2.138599
0.0992106 1.508087 2.364315
0.2219726 1.334311 2.440677
0.3765277 1.192675 2.36366
0.4111252 1.117568 2.327543
-0.1281996 1.005584 2.326517
-0.1436198 0.6937609 2.328832
-0.1343288 0.2842659 2.353305
-0.1593415 0.2794514 2.282243
0.02210327 1.00888 2.329952
0.03744229 0.7031717 2.3373
0.03047072 0.3345677 2.345093
0.03596373 0.3320561 2.231224
-0.06115527 1.544587 2.352743
-0.5288467 1.117529 2.113042
-0.5163182 1.178982 2.09062
0.4325328 1.060622 2.323145
0.3864112 1.08315 2.303618
42
-0.05380891 1.007254 2.365053
-0.05779935 1.317428 2.362041
-0.06227548 1.618393 2.346789
-0.06161616 1.746563 2.334214
-0.2294353 1.509321 2.352254
-0.3982292 1.378173 2.324123
-0.4902561 1.222062 2.190145
-0.5136658 1.15969 2.138599
0.0992106 1.508087 2.364315
0.2219726 1.334311 2.440677
0.3765277 1.192675 2.36366
0.4111252 1.117568 2.327543
-0.1281996 1.005584 2.326517
-0.1436198 0.6937609 2.328832
-0.1343288 0.2842659 2.353305
-0.1593415 0.2794514 2.282243
0.02210327 1.00888 2.329952
0.03744229 0.7031717 2.3373
0.03047072 0.3345677 2.345093
0.03596373 0.3320561 2.231224
-0.06115527 1.544587 2.352743
-0.5288467 1.117529 2.113042
-0.5163182 1.178982 2.09062
0.4325328 1.060622 2.323145
0.3864112 1.08315 2.303618
43
-0.05438387 1.008617 2.365321
-0.05812609 1.317971 2.362409
-0.06245925 1.618538 2.347295
-0.06162681 1.746519 2.334366
-0.2302138 1.513048 2.356092
-0.4142088 1.396859 2.325006
-0.5405238 1.267751 2.194248
-0.5717108 1.207319 2.133681
0.09822117 1.509771 2.366142
0.2470054 1.346375 2.452568
0.4244471 1.222147 2.379004
0.4658992 1.15321 2.346929
-0.1288095 1.006929 2.327101
-0.1436661 0.6938205 2.328886
-0.1343303 0.2842379 2.353292
-0.1592962 0.2794383 2.282299
0.02158452 1.01025 2.329953
0.03730459 0.7031928 2.337366
0.03047603 0.3345315 2.345097
0.0359129 0.332043 2.231238
-0.06136564 1.544805 2.353193
-0.5943682 1.170889 2.10397
-0.5693085 1.229091 2.088859
0.4929379 1.094255 2.339295
0.4398933 1.129886 2.321297
44
-0.05498255 1.010063 2.365646
-0.05848048 1.318613 2.362884
-0.06264856 1.618719 2.347977
-0.06162956 1.746461 2.334566
-0.2308472 1.516002 2.35906
-0.4279676 1.417252 2.326949
-0.5834833 1.318089 2.199346
-0.6288186 1.257077 2.136713
0.09753483 1.511407 2.36835
0.2700062 1.361228 2.461453
0.4689263 1.263511 2.394103
0.4905309 1.224959 2.370958
-0.129439 1.008368 2.327718
-0.143718 0.6938907 2.32895
-0.1343235 0.2842018 2.353287
-0.1592478 0.2794182 2.282379
0.0210519 1.011655 2.330027
0.03716601 0.7032158 2.337437
0.03047719 0.3344476 2.34509
0.03587252 0.331987 2.231236
-0.06158977 1.545078 2.353795
-0.6604196 1.223968 2.077511
-0.6142429 1.285859 2.090451
0.5201902 1.164473 2.345739
0.4770497 1.193004 2.3305
45
-0.05498255 1.010063 2.365646
-0.05848048 1.318613 2.362884
-0.06264856 1.618719 2.347977
-0.06162956 1.746461 2.334566
-0.2308472 1.516002 2.35906
-0.4279676 1.417252 2.326949
-0.5834833 1.318089 2.199346
-0.6288186 1.257077 2.136713
0.09753483 1.511407 2.36835
0.2700062 1.361228 2.461453
0.4689263 1.263511 2.394103
0.4905309 1.224959 2.370958
-0.129439 1.008368 2.327718
-0.143718 0.6938907 2.32895
-0.1343235 0.2842018 2.353287
-0.1592478 0.2794182 2.282379
0.0210519 1.011655 2.330027
0.03716601 0.7032158 2.337437
0.03047719 0.3344476 2.34509
0.03587252 0.331987 2.231236
-0.06158977 1.545078 2.353795
-0.6604196 1.223968 2.077511
-0.6142429 1.285859 2.090451
0.5201902 1.164473 2.345739
0.4770497 1.193004 2.3305
46
-0.05498255 1.010063 2.365646
-0.05848048 1.318613 2.362884
-0.06264856 1.618719 2.347977
-0.06162956 1.746461 2.334566
-0.2308472 1.516002 2.35906
-0.4279676 1.417252 2.326949
-0.5834833 1.318089 2.199346
-0.6288186 1.257077 2.136713
0.09753483 1.511407 2.36835
0.2700062 1.361228 2.461453
0.4689263 1.263511 2.394103
0.4905309 1.224959 2.370958
-0.129439 1.008368 2.327718
-0.143718 0.6938907 2.32895
-0.1343235 0.2842018 2.353287
-0.1592478 0.2794182 2.282379
0.0210519 1.011655 2.330027
0.03716601 0.7032158 2.337437
0.03047719 0.3344476 2.34509
0.03587252 0.331987 2.231236
-0.06158977 1.545078 2.353795
-0.6604196 1.223968 2.077511
-0.6142429 1.285859 2.090451
0.5201902 1.164473 2.345739
0.4770497 1.193004 2.3305
47
-0.05568015 1.011715 2.36616
-0.05889922 1.319431 2.363567
-0.06284311 1.61896 2.348883
-0.06162546 1.746391 2.334868
-0.2315055 1.518308 2.361336
-0.4436824 1.449124 2.325836
-0.6229456 1.36675 2.214289
-0.6846702 1.309746 2.154329
0.09738934 1.513075 2.371779
0.28516 1.382676 2.46809
0.4992646 1.314159 2.420472
0.5121467 1.294155 2.395306
-0.130127 1.009943 2.328446
-0.1437803 0.6939675 2.329024
-0.1343161 0.284163 2.353276
-0.1592026 0.2793972 2.282458
0.02039631 1.013296 2.330343
0.03697149 0.7033283 2.337543
0.03048464 0.3343528 2.345079
0.03586816 0.3319328 2.231232
-0.06183549 1.545441 2.354619
-0.7156366 1.265765 2.104868
-0.6684781 1.335407 2.097459
0.5281313 1.248335 2.364083
0.5034281 1.265254 2.35048
48
-0.05641935 1.013359 2.366792
-0.05935622 1.32032 2.364409
-0.06303736 1.619223 2.35001
-0.06159796 1.746273 2.335435
-0.2322476 1.520112 2.363039
-0.4538057 1.471149 2.324417
-0.6567533 1.418562 2.233333
-0.7315404 1.368692 2.185556
0.09780158 1.51432 2.375562
0.3008362 1.407409 2.471832
0.5231907 1.365108 2.439987
0.5217955 1.360486 2.417645
-0.1308288 1.011493 2.329195
-0.1438578 0.6940554 2.329109
-0.1343056 0.2841259 2.353264
-0.15916 0.2793788 2.282531
0.01967094 1.014939 2.330872
0.03673403 0.7035113 2.337687
0.03047163 0.3342144 2.345065
0.03587772 0.3318484 2.231232
-0.06209454 1.545846 2.355652
-0.7746836 1.322593 2.149158
-0.7476952 1.35771 2.12772
0.5287179 1.337723 2.382827
0.5167394 1.339315 2.365787
49
-0.05641935 1.013359 2.366792
-0.05935622 1.32032 2.364409
-0.06303736 1.619223 2.35001
-0.06159796 1.746273 2.335435
-0.2322476 1.520112 2.363039
-0.4538057 1.471149 2.324417
-0.6567533 1.418562 2.233333
-0.7315404 1.368692 2.185556
0.09780158 1.51432 2.375562
0.3008362 1.407409 2.471832
0.5231907 1.365108 2.439987
0.5217955 1.360486 2.417645
-0.1308288 1.011493 2.329195
-0.1438578 0.6940554 2.329109
-0.1343056 0.2841259 2.353264
-0.15916 0.2793788 2.282531
0.01967094 1.014939 2.330872
0.03673403 0.7035113 2.337687
0.03047163 0.3342144 2.345065
0.03587772 0.3318484 2.231232
-0.06209454 1.545846 2.355652
-0.7746836 1.322593 2.149158
-0.7476952 1.35771 2.12772
0.5287179 1.337723 2.382827
0.5167394 1.339315 2.365787
50
-0.05641935 1.013359 2.366792
-0.05935622 1.32032 2.364409
-0.06303736 1.619223 2.35001
-0.06159796 1.746273 2.335435
-0.2322476 1.520112 2.363039
-0.4538057 1.471149 2.324417
-0.6567533 1.418562 2.233333
-0.7315404 1.368692 2.185556
0.09780158 1.51432 2.375562
0.3008362 1.407409 2.471832
0.5231907 1.365108 2.439987
0.5217955 1.360486 2.417645
-0.1308288 1.011493 2.329195
-0.1438578 0.6940554 2.329109
-0.1343056 0.2841259 2.353264
-0.15916 0.2793788 2.282531
0.01967094 1.014939 2.330872
0.03673403 0.7035113 2.337687
0.03047163 0.3342144 2.345065
0.03587772 0.3318484 2.231232
-0.06209454 1.545846 2.355652
-0.7746836 1.322593 2.149158
-0.7476952 1.35771 2.12772
0.5287179 1.337723 2.382827
0.5167394 1.339315 2.365787
51
-0.05715905 1.015045 2.367573
-0.05983169 1.321256 2.365344
-0.06323549 1.619483 2.351134
-0.0615279 1.746157 2.336147
-0.233175 1.521683 2.364193
-0.468382 1.493516 2.320661
-0.6861512 1.461802 2.247316
-0.7634416 1.428991 2.218876
0.09906078 1.515226 2.380258
0.3129704 1.432555 2.473339
0.5382261 1.416064 2.453011
0.5274842 1.410972 2.437913
-0.1314924 1.013046 2.329914
-0.1439691 0.694186 2.329232
-0.1342897 0.2840793 2.353245
-0.15912 0.2793569 2.282605
0.0188657 1.016724 2.331836
0.03644988 0.7037543 2.337867
0.03045725 0.3340262 2.345046
0.03595706 0.3317272 2.231231
-0.0623611 1.546257 2.356714
-0.8208284 1.386644 2.19429
-0.7698598 1.427149 2.170954
0.5243652 1.418936 2.423598
0.5243205 1.386782 2.381283
52
-0.05792618 1.016785 2.368552
-0.06034489 1.32224 2.366373
-0.06344952 1.619744 2.352214
-0.06140273 1.746068 2.337096
-0.2348469 1.523679 2.364872
-0.4796876 1.511367 2.318821
-0.70471 1.497275 2.260458
-0.7911297 1.48201 2.246239
0.1008334 1.516025 2.38526
0.3205234 1.457522 2.473709
0.5461207 1.442726 2.458928
0.5266572 1.466757 2.454316
-0.132109 1.014559 2.330591
-0.1441368 0.6943972 2.329389
-0.1342641 0.2840241 2.35322
-0.1590805 0.2793303 2.282674
0.01788047 1.01873 2.333471
0.0361431 0.7040061 2.33808
0.03044432 0.3337995 2.345024
0.03612793 0.3315778 2.231238
-0.06264861 1.546679 2.357776
-0.8543533 1.446539 2.232587
-0.7949287 1.492364 2.204726
0.5158044 1.490679 2.449914
0.5229388 1.458693 2.419675
53
-0.05792618 1.016785 2.368552
-0.06034489 1.32224 2.366373
-0.06344952 1.619744 2.352214
-0.06140273 1.746068 2.337096
-0.2348469 1.523679 2.364872
-0.4796876 1.511367 2.318821
-0.70471 1.497275 2.260458
-0.7911297 1.48201 2.246239
0.1008334 1.516025 2.38526
0.3205234 1.457522 2.473709
0.5461207 1.442726 2.458928
0.5266572 1.466757 2.454316
-0.132109 1.014559 2.330591
-0.1441368 0.6943972 2.329389
-0.1342641 0.2840241 2.35322
-0.1590805 0.2793303 2.282674
0.01788047 1.01873 2.333471
0.0361431 0.7040061 2.33808
0.03044432 0.3337995 2.345024
0.03612793 0.3315778 2.231238
-0.06264861 1.546679 2.357776
-0.8543533 1.446539 2.232587
-0.7949287 1.492364 2.204726
0.5158044 1.490679 2.449914
0.5229388 1.458693 2.419675
54
-0.05792618 1.016785 2.368552
-0.06034489 1.32224 2.366373
-0.06344952 1.619744 2.352214
-0.06140273 1.746068 2.337096
-0.2348469 1.523679 2.364872
-0.4796876 1.511367 2.318821
-0.70471 1.497275 2.260458
-0.7911297 1.48201 2.246239
0.1008334 1.516025 2.38526
0.3205234 1.457522 2.473709
0.5461207 1.442726 2.458928
0.5266572 1.466757 2.454316
-0.132109 1.014559 2.330591
-0.1441368 0.6943972 2.329389
-0.1342641 0.2840241 2.35322
-0.1590805 0.2793303 2.282674
0.01788047 1.01873 2.333471
0.0361431 0.7040061 2.33808
0.03044432 0.3337995 2.345024
0.03612793 0.3315778 2.231238
-0.06264861 1.546679 2.357776
-0.8543533 1.446539 2.232587
-0.7949287 1.492364 2.204726
0.5158044 1.490679 2.449914
0.5229388 1.458693 2.419675
55
-0.05866319 1.018463 2.369629
-0.06087912 1.323236 2.367435
-0.06368943 1.620013 2.353229
-0.0612537 1.746026 2.338114
-0.2366194 1.525612 2.36502
-0.4932032 1.534661 2.318539
-0.7198056 1.528678 2.270459
-0.8034092 1.528066 2.267394
0.1025998 1.516726 2.389513
0.3227424 1.481977 2.471902
0.5412323 1.505637 2.474339
0.5251684 1.503367 2.464384
-0.1326808 1.016044 2.331215
-0.1443408 0.6946213 2.329557
-0.134232 0.2839712 2.353193
-0.1590485 0.2793046 2.28273
0.01688785 1.020646 2.335458
0.03577203 0.704328 2.338354
0.03043492 0.3335159 2.345001
0.03638447 0.3313914 2.231255
-0.06296325 1.54711 2.358806
-0.8670897 1.501484 2.26282
-0.8210196 1.548866 2.238738
0.5112704 1.516309 2.459041
0.5209624 1.498367 2.440571
56
-0.05866319 1.018463 2.369629
-0.06087912 1.323236 2.367435
-0.06368943 1.620013 2.353229
-0.0612537 1.746026 2.338114
-0.2366194 1.525612 2.36502
-0.4932032 1.534661 2.318539
-0.7198056 1.528678 2.270459
-0.8034092 1.528066 2.267394
0.1025998 1.516726 2.389513
0.3227424 1.481977 2.471902
0.5412323 1.505637 2.474339
0.5251684 1.503367 2.464384
-0.1326808 1.016044 2.331215
-0.1443408 0.6946213 2.329557
-0.134232 0.2839712 2.353193
-0.1590485 0.2793046 2.28273
0.01688785 1.020646 2.335458
0.03577203 0.704328 2.338354
0.03043492 0.3335159 2.345001
0.03638447 0.3313914 2.231255
-0.06296325 1.54711 2.358806
-0.8670897 1.501484 2.26282
-0.8210196 1.548866 2.238738
0.5112704 1.516309 2.459041
0.5209624 1.498367 2.440571
57
-0.05940174 1.020161 2.370778
-0.06140044 1.324223 2.368474
-0.06391471 1.620268 2.354135
-0.06108299 1.746043 2.339143
-0.238255 1.527327 2.364831
-0.5017921 1.550119 2.319653
-0.7271506 1.550527 2.276512
-0.8174902 1.563182 2.280942
0.1044273 1.517519 2.393223
0.3236342 1.501134 2.470411
0.5402465 1.530232 2.480183
0.5261399 1.537261 2.467838
-0.1332687 1.017666 2.331761
-0.1446205 0.6949254 2.32973
-0.1341868 0.2839234 2.353164
-0.15902 0.2792798 2.282777
0.01588772 1.022514 2.337714
0.0353737 0.7046857 2.33866
0.03042282 0.3331964 2.344983
0.03670567 0.3311777 2.231294
-0.06326225 1.547525 2.359749
-0.8755279 1.544053 2.277214
-0.8132613 1.586646 2.250612
0.5208702 1.552947 2.442079
0.5196029 1.553537 2.450622
58
-0.05940174 1.020161 2.370778
-0.06140044 1.324223 2.368474
-0.06391471 1.620268 2.354135
-0.06108299 1.746043 2.339143
-0.238255 1.527327 2.364831
-0.5017921 1.550119 2.319653
-0.7271506 1.550527 2.276512
-0.8174902 1.563182 2.280942
0.1044273 1.517519 2.393223
0.3236342 1.501134 2.470411
0.5402465 1.530232 2.480183
0.5261399 1.537261 2.467838
-0.1332687 1.017666 2.331761
-0.1446205 0.6949254 2.32973
-0.1341868 0.2839234 2.353164
-0.15902 0.2792798 2.282777
0.01588772 1.022514 2.337714
0.0353737 0.7046857 2.33866
0.03042282 0.3331964 2.344983
0.03670567 0.3311777 2.231294
-0.06326225 1.547525 2.359749
-0.8755279 1.544053 2.277214
-0.8132613 1.586646 2.250612
0.5208702 1.552947 2.442079
0.5196029 1.553537 2.450622
59
-0.06010836 1.021861 2.372045
-0.06191808 1.325205 2.36948
-0.0641453 1.620523 2.354918
-0.06088559 1.74612 2.340211
-0.2398698 1.528978 2.364423
-0.5071719 1.561735 2.321443
-0.7296631 1.571537 2.28254
-0.8236408 1.587506 2.28996
0.1061915 1.518485 2.396439
0.323834 1.520955 2.468872
0.5382175 1.552147 2.479541
0.5274243 1.559359 2.470491
-0.1338152 1.01929 2.332305
-0.1449394 0.6952491 2.329907
-0.1341351 0.2838794 2.353135
-0.1589947 0.279256 2.282819
0.01496323 1.024278 2.340093
0.03494321 0.7050669 2.339054
0.03040529 0.3327548 2.344981
0.03710848 0.3308644 2.231373
-0.06356535 1.547937 2.360591
-0.8779275 1.572895 2.286917
-0.8120523 1.607895 2.259457
0.5226271 1.582923 2.453598
0.5188085 1.584317 2.454732
60
-0.06010836 1.021861 2.372045
-0.06191808 1.325205 2.36948
-0.0641453 1.620523 2.354918
-0.06088559 1.74612 2.340211
-0.2398698 1.528978 2.364423
-0.5071719 1.561735 2.321443
-0.7296631 1.571537 2.28254
-0.8236408 1.587506 2.28996
0.1061915 1.518485 2.396439
0.323834 1.520955 2.468872
0.5382175 1.552147 2.479541
0.5274243 1.559359 2.470491
-0.1338152 1.01929 2.332305
-0.1449394 0.6952491 2.329907
-0.1341351 0.2838794 2.353135
-0.1589947 0.279256 2.282819
0.01496323 1.024278 2.340093
0.03494321 0.7050669 2.339054
0.03040529 0.3327548 2.344981
0.03710848 0.3308644 2.231373
-0.06356535 1.547937 2.360591
-0.8779275 1.572895 2.286917
-0.8120523 1.607895 2.259457
0.5226271 1.582923 2.453598
0.5188085 1.584317 2.454732
61
-0.06076171 1.0236 2.373441
-0.06245567 1.326258 2.370554
-0.06441783 1.620819 2.355691
-0.06068533 1.746303 2.341376
-0.2412097 1.530362 2.363961
-0.5104516 1.571032 2.324018
-0.7289656 1.587508 2.287541
-0.822964 1.605341 2.295987
0.1076951 1.519652 2.399092
0.3236964 1.533477 2.467756
0.5327033 1.576665 2.468013
0.5294141 1.581123 2.468119
-0.1343266 1.020966 2.332868
-0.1452963 0.6955675 2.330099
-0.1340778 0.2838395 2.353105
-0.1589754 0.279236 2.282858
0.01416231 1.025993 2.342597
0.03443421 0.7055148 2.339556
0.03039154 0.3322475 2.344985
0.03753849 0.3305192 2.231474
-0.06391119 1.548404 2.361446
-0.8808545 1.594589 2.296461
-0.8212138 1.633348 2.269982
0.5416039 1.601075 2.43746
0.5193794 1.595849 2.456688
62
-0.06137968 1.025302 2.374891
-0.06299643 1.327343 2.371647
-0.06471346 1.621153 2.356433
-0.06051863 1.746517 2.342509
-0.2424542 1.531675 2.363385
-0.5116436 1.577767 2.326456
-0.7268728 1.597663 2.290733
-0.8194079 1.616401 2.298815
0.1089941 1.520853 2.401205
0.323313 1.542449 2.466591
0.5304716 1.588056 2.463391
0.5330289 1.595837 2.464223
-0.1348213 1.022686 2.333498
-0.1456645 0.6958728 2.330297
-0.1340262 0.2838075 2.353101
-0.158959 0.2792178 2.28289
0.01346301 1.027519 2.344915
0.03392052 0.70595 2.34009
0.030377 0.3317393 2.344986
0.03796183 0.3301836 2.231576
-0.06427953 1.548914 2.362287
-0.8780417 1.608006 2.299085
-0.813884 1.638195 2.265358
0.5590491 1.606677 2.42459
0.5212104 1.605837 2.456821
63
-0.06137968 1.025302 2.374891
-0.06299643 1.327343 2.371647
-0.06471346 1.621153 2.356433
-0.06051863 1.746517 2.342509
-0.2424542 1.531675 2.363385
-0.5116436 1.577767 2.326456
-0.7268728 1.597663 2.290733
-0.8194079 1.616401 2.298815
0.1089941 1.520853 2.401205
0.323313 1.542449 2.466591
0.5304716 1.588056 2.463391
0.5330289 1.595837 2.464223
-0.1348213 1.022686 2.333498
-0.1456645 0.6958728 2.330297
-0.1340262 0.2838075 2.353101
-0.158959 0.2792178 2.28289
0.01346301 1.027519 2.344915
0.03392052 0.70595 2.34009
0.030377 0.3317393 2.344986
0.03796183 0.3301836 2.231576
-0.06427953 1.548914 2.362287
-0.8780417 1.608006 2.299085
-0.813884 1.638195 2.265358
0.5590491 1.606677 2.42459
0.5212104 1.605837 2.456821
64
-0.06137968 1.025302 2.374891
-0.06299643 1.327343 2.371647
-0.06471346 1.621153 2.356433
-0.06051863 1.746517 2.342509
-0.2424542 1.531675 2.363385
-0.5116436 1.577767 2.326456
-0.7268728 1.597663 2.290733
-0.8194079 1.616401 2.298815
0.1089941 1.520853 2.401205
0.323313 1.542449 2.466591
0.5304716 1.588056 2.463391
0.5330289 1.595837 2.464223
-0.1348213 1.022686 2.333498
-0.1456645 0.6958728 2.330297
-0.1340262 0.2838075 2.353101
-0.158959 0.2792178 2.28289
0.01346301 1.027519 2.344915
0.03392052 0.70595 2.34009
0.030377 0.3317393 2.344986
0.03796183 0.3301836 2.231576
-0.06427953 1.548914 2.362287
-0.8780417 1.608006 2.299085
-0.813884 1.638195 2.265358
0.5590491 1.606677 2.42459
0.5212104 1.605837 2.456821
65
-0.0619414 1.026874 2.37626
-0.06351256 1.328385 2.372659
-0.06501763 1.621503 2.357098
-0.06038219 1.746761 2.343548
-0.2435364 1.532819 2.36283
-0.5117798 1.582618 2.328763
-0.7240918 1.603837 2.292898
-0.8146898 1.620995 2.298841
0.1100407 1.522048 2.4028
0.3230313 1.548594 2.4656
0.5285041 1.595728 2.458335
0.5357711 1.604542 2.460738
-0.1353085 1.024387 2.334172
-0.1460208 0.6961504 2.33049
-0.1339795 0.2837784 2.353106
-0.1589444 0.2792002 2.282919
0.01289429 1.028795 2.346853
0.0333964 0.7063875 2.340689
0.03036365 0.3312299 2.344989
0.03834937 0.3298666 2.231681
-0.06465078 1.549433 2.363049
-0.8735642 1.6136 2.299076
-0.8138843 1.644556 2.26355
0.5679336 1.609091 2.420717
0.5266286 1.600354 2.447446
66
-0.0619414 1.026874 2.37626
-0.06351256 1.328385 2.372659
-0.06501763 1.621503 2.357098
-0.06038219 1.746761 2.343548
-0.2435364 1.532819 2.36283
-0.5117798 1.582618 2.328763
-0.7240918 1.603837 2.292898
-0.8146898 1.620995 2.298841
0.1100407 1.522048 2.4028
0.3230313 1.548594 2.4656
0.5285041 1.595728 2.458335
0.5357711 1.604542 2.460738
-0.1353085 1.024387 2.334172
-0.1460208 0.6961504 2.33049
-0.1339795 0.2837784 2.353106
-0.1589444 0.2792002 2.282919
0.01289429 1.028795 2.346853
0.0333964 0.7063875 2.340689
0.03036365 0.3312299 2.344989
0.03834937 0.3298666 2.231681
-0.06465078 1.549433 2.363049
-0.8735642 1.6136 2.299076
-0.8138843 1.644556 2.26355
0.5679336 1.609091 2.420717
0.5266286 1.600354 2.447446
67
-0.06239989 1.028219 2.377436
-0.06397817 1.329346 2.373551
-0.06533221 1.621876 2.357694
-0.0602949 1.747026 2.344507
-0.2445623 1.533874 2.362289
-0.5112503 1.585603 2.330667
-0.7207102 1.606416 2.29396
-0.8082488 1.616871 2.294672
0.1108441 1.523078 2.403936
0.322699 1.552888 2.46453
0.5270092 1.599222 2.453536
0.5388204 1.606441 2.452865
-0.1357123 1.025882 2.334772
-0.1464175 0.6964343 2.330716
-0.1339261 0.2837473 2.353106
-0.1589312 0.279184 2.282946
0.01244748 1.029844 2.348431
0.03282596 0.7069161 2.341438
0.03035333 0.33057 2.344986
0.03874154 0.3294476 2.231787
-0.06502002 1.549959 2.363733
-0.8665386 1.604647 2.290975
-0.8061377 1.635888 2.253971
0.5731292 1.60341 2.414531
0.5305347 1.589284 2.436964
68
-0.06239989 1.028219 2.377436
-0.06397817 1.329346 2.373551
-0.06533221 1.621876 2.357694
-0.0602949 1.747026 2.344507
-0.2445623 1.533874 2.362289
-0.5112503 1.585603 2.330667
-0.7207102 1.606416 2.29396
-0.8082488 1.616871 2.294672
0.1108441 1.523078 2.403936
0.322699 1.552888 2.46453
0.5270092 1.599222 2.453536
0.5388204 1.606441 2.452865
-0.1357123 1.025882 2.334772
-0.1464175 0.6964343 2.330716
-0.1339261 0.2837473 2.353106
-0.1589312 0.279184 2.282946
0.01244748 1.029844 2.348431
0.03282596 0.7069161 2.341438
0.03035333 0.33057 2.344986
0.03874154 0.3294476 2.231787
-0.06502002 1.549959 2.363733
-0.8665386 1.604647 2.290975
-0.8061377 1.635888 2.253971
0.5731292 1.60341 2.414531
0.5305347 1.589284 2.436964
69
-0.06280939 1.029353 2.378465
-0.06440426 1.330198 2.374327
-0.06564217 1.622241 2.358214
-0.06026356 1.747288 2.345375
-0.2454289 1.534733 2.361821
-0.5102842 1.587147 2.332241
-0.7171167 1.60592 2.293827
-0.8006532 1.603835 2.287544
0.1114374 1.523929 2.404736
0.3222063 1.555572 2.463408
0.5258349 1.597526 2.44836
0.5396694 1.600945 2.443121
-0.1360866 1.027172 2.33532
-0.1468183 0.6966875 2.330955
-0.1338755 0.2837154 2.35311
-0.1589167 0.2791681 2.282977
0.0120698 1.030697 2.349745
0.03230456 0.7074088 2.342129
0.030349 0.3299964 2.34499
0.03908024 0.3290937 2.23189
-0.06537542 1.550458 2.36433
-0.8615281 1.587074 2.282141
-0.7936118 1.618229 2.239308
0.5733776 1.592663 2.405761
0.531089 1.582353 2.430318
70
-0.06280939 1.029353 2.378465
-0.06440426 1.330198 2.374327
-0.06564217 1.622241 2.358214
-0.06026356 1.747288 2.345375
-0.2454289 1.534733 2.361821
-0.5102842 1.587147 2.332241
-0.7171167 1.60592 2.293827
-0.8006532 1.603835 2.287544
0.1114374 1.523929 2.404736
0.3222063 1.555572 2.463408
0.5258349 1.597526 2.44836
0.5396694 1.600945 2.443121
-0.1360866 1.027172 2.33532
-0.1468183 0.6966875 2.330955
-0.1338755 0.2837154 2.35311
-0.1589167 0.2791681 2.282977
0.0120698 1.030697 2.349745
0.03230456 0.7074088 2.342129
0.030349 0.3299964 2.34499
0.03908024 0.3290937 2.23189
-0.06537542 1.550458 2.36433
-0.8615281 1.587074 2.282141
-0.7936118 1.618229 2.239308
0.5733776 1.592663 2.405761
0.531089 1.582353 2.430318
71
-0.06319553 1.03033 2.379414
-0.06482279 1.33099 2.375054
-0.06598074 1.622637 2.35871
-0.06030329 1.74757 2.346174
-0.2462239 1.535466 2.361429
-0.5089961 1.587341 2.333532
-0.7135802 1.601699 2.292364
-0.7957351 1.586558 2.279573
0.111867 1.524641 2.405292
0.3212919 1.556539 2.461812
0.5248472 1.592165 2.443757
0.5373453 1.589072 2.431792
-0.1364459 1.028295 2.335854
-0.1472604 0.6969724 2.331228
-0.1338172 0.2836822 2.353112
-0.1589023 0.2791541 2.283008
0.01172639 1.031411 2.350904
0.03178917 0.7078366 2.342835
0.03034852 0.3294593 2.344993
0.03936635 0.3287804 2.231984
-0.06575053 1.550972 2.364897
-0.8589579 1.567134 2.275129
-0.8105134 1.592426 2.235875
0.568187 1.579794 2.395782
0.5282241 1.570454 2.423535
72
-0.06319553 1.03033 2.379414
-0.06482279 1.33099 2.375054
-0.06598074 1.622637 2.35871
-0.06030329 1.74757 2.346174
-0.2462239 1.535466 2.361429
-0.5089961 1.587341 2.333532
-0.7135802 1.601699 2.292364
-0.7957351 1.586558 2.279573
0.111867 1.524641 2.405292
0.3212919 1.556539 2.461812
0.5248472 1.592165 2.443757
0.5373453 1.589072 2.431792
-0.1364459 1.028295 2.335854
-0.1472604 0.6969724 2.331228
-0.1338172 0.2836822 2.353112
-0.1589023 0.2791541 2.283008
0.01172639 1.031411 2.350904
0.03178917 0.7078366 2.342835
0.03034852 0.3294593 2.344993
0.03936635 0.3287804 2.231984
-0.06575053 1.550972 2.364897
-0.8589579 1.567134 2.275129
-0.8105134 1.592426 2.235875
0.568187 1.579794 2.395782
0.5282241 1.570454 2.423535
73
-0.06359885 1.031179 2.380345
-0.06524517 1.33171 2.375742
-0.06633778 1.623035 2.35917
-0.06043318 1.747874 2.346987
-0.2470202 1.536132 2.3611
-0.5076768 1.58612 2.334372
-0.7092199 1.588232 2.286578
-0.7933207 1.565906 2.270392
0.1121666 1.52522 2.405672
0.3192978 1.554669 2.459118
0.5233568 1.57885 2.437982
0.5337253 1.5786 2.42543
-0.1368233 1.029292 2.336416
-0.1477155 0.697289 2.331544
-0.1337549 0.2836518 2.353118
-0.1588979 0.2791472 2.283022
0.01137089 1.032013 2.351995
0.03130014 0.7082416 2.34353
0.03035337 0.3289699 2.345003
0.03960883 0.3285083 2.232081
-0.06613839 1.551471 2.365424
-0.8565129 1.545434 2.265743
-0.8112121 1.576207 2.22999
0.5567912 1.566786 2.384571
0.5219926 1.545146 2.411306
74
-0.06359885 1.031179 2.380345
-0.06524517 1.33171 2.375742
-0.06633778 1.623035 2.35917
-0.06043318 1.747874 2.346987
-0.2470202 1.536132 2.3611
-0.5076768 1.58612 2.334372
-0.7092199 1.588232 2.286578
-0.7933207 1.565906 2.270392
0.1121666 1.52522 2.405672
0.3192978 1.554669 2.459118
0.5233568 1.57885 2.437982
0.5337253 1.5786 2.42543
-0.1368233 1.029292 2.336416
-0.1477155 0.697289 2.331544
-0.1337549 0.2836518 2.353118
-0.1588979 0.2791472 2.283022
0.01137089 1.032013 2.351995
0.03130014 0.7082416 2.34353
0.03035337 0.3289699 2.345003
0.03960883 0.3285083 2.232081
-0.06613839 1.551471 2.365424
-0.8565129 1.545434 2.265743
-0.8112121 1.576207 2.22999
0.5567912 1.566786 2.384571
0.5219926 1.545146 2.411306
75
-0.06399015 1.031847 2.38118
-0.06563473 1.332307 2.376336
-0.06667776 1.623396 2.359564
-0.06060287 1.74815 2.347716
-0.247715 1.536658 2.360839
-0.5064988 1.5816 2.334436
-0.7067149 1.566194 2.278816
-0.7933456 1.542616 2.260676
0.1123456 1.525681 2.405923
0.3176015 1.549493 2.455996
0.5238077 1.547278 2.431093
0.5301926 1.564923 2.418377
-0.1371988 1.030105 2.336961
-0.1481582 0.6975998 2.331877
-0.1336956 0.2836202 2.353122
-0.158895 0.2791429 2.283033
0.01103411 1.032465 2.352924
0.03083134 0.7085994 2.344238
0.0303442 0.3285193 2.345014
0.03979337 0.3282769 2.23217
-0.06650132 1.55191 2.365876
-0.8562505 1.518563 2.256001
-0.812601 1.55753 2.221179
0.5426393 1.544618 2.375077
0.5185872 1.531825 2.404114
76
-0.06399015 1.031847 2.38118
-0.06563473 1.332307 2.376336
-0.06667776 1.623396 2.359564
-0.06060287 1.74815 2.347716
-0.247715 1.536658 2.360839
-0.5064988 1.5816 2.334436
-0.7067149 1.566194 2.278816
-0.7933456 1.542616 2.260676
0.1123456 1.525681 2.405923
0.3176015 1.549493 2.455996
0.5238077 1.547278 2.431093
0.5301926 1.564923 2.418377
-0.1371988 1.030105 2.336961
-0.1481582 0.6975998 2.331877
-0.1336956 0.2836202 2.353122
-0.158895 0.2791429 2.283033
0.01103411 1.032465 2.352924
0.03083134 0.7085994 2.344238
0.0303442 0.3285193 2.345014
0.03979337 0.3282769 2.23217
-0.06650132 1.55191 2.365876
-0.8562505 1.518563 2.256001
-0.812601 1.55753 2.221179
0.5426393 1.544618 2.375077
0.5185872 1.531825 2.404114
77
-0.06438583 1.032367 2.381948
-0.06602886 1.332817 2.376897
-0.06704217 1.623748 2.359953
-0.06083303 1.748404 2.3484
-0.2483881 1.537067 2.360655
-0.5056988 1.571105 2.33316
-0.7051713 1.537131 2.268606
-0.7889532 1.515816 2.248785
0.112417 1.526047 2.406078
0.3157135 1.538814 2.452922
0.5237893 1.525334 2.426116
0.5245131 1.5473 2.408899
-0.1375809 1.030761 2.337483
-0.1485882 0.697886 2.332214
-0.1336387 0.2835883 2.353126
-0.1588934 0.2791396 2.283043
0.01069151 1.032797 2.353766
0.03039837 0.7089063 2.344926
0.03033697 0.3281104 2.345023
0.03994176 0.3280802 2.232249
-0.06688185 1.552321 2.366315
-0.8513104 1.492208 2.243499
-0.8114611 1.533261 2.212627
0.5253448 1.524603 2.377767
0.5125549 1.520109 2.395173
78
-0.06438583 1.032367 2.381948
-0.06602886 1.332817 2.376897
-0.06704217 1.623748 2.359953
-0.06083303 1.748404 2.3484
-0.2483881 1.537067 2.360655
-0.5056988 1.571105 2.33316
-0.7051713 1.537131 2.268606
-0.7889532 1.515816 2.248785
0.112417 1.526047 2.406078
0.3157135 1.538814 2.452922
0.5237893 1.525334 2.426116
0.5245131 1.5473 2.408899
-0.1375809 1.030761 2.337483
-0.1485882 0.697886 2.332214
-0.1336387 0.2835883 2.353126
-0.1588934 0.2791396 2.283043
0.01069151 1.032797 2.353766
0.03039837 0.7089063 2.344926
0.03033697 0.3281104 2.345023
0.03994176 0.3280802 2.232249
-0.06688185 1.552321 2.366315
-0.8513104 1.492208 2.243499
-0.8114611 1.533261 2.212627
0.5253448 1.524603 2.377767
0.5125549 1.520109 2.395173
79
-0.06475968 1.032735 2.382625
-0.06639421 1.333224 2.377399
-0.06739298 1.624065 2.360315
-0.06114003 1.74865 2.349053
-0.2491855 1.537293 2.360584
-0.5041081 1.547168 2.331797
-0.7003024 1.498228 2.254467
-0.7842196 1.478191 2.232086
0.1123242 1.526307 2.40612
0.3124109 1.521177 2.449978
0.5222248 1.508098 2.420804
0.5170111 1.526953 2.392759
-0.1379466 1.031248 2.337968
-0.1490144 0.6981688 2.332559
-0.1335838 0.2835549 2.353127
-0.1588925 0.2791368 2.283052
0.01036991 1.033014 2.354483
0.03000576 0.7091538 2.345576
0.03032893 0.3277472 2.345027
0.04004893 0.3279175 2.232316
-0.06724226 1.552678 2.366718
-0.841974 1.455283 2.219577
-0.8134412 1.494471 2.199777
0.5087644 1.50214 2.358909
0.504955 1.505094 2.372642
80
-0.06511916 1.032949 2.383203
-0.06673232 1.333535 2.377837
-0.06773518 1.624352 2.360656
-0.06146784 1.748864 2.349642
-0.2501344 1.537212 2.360638
-0.499181 1.510253 2.335765
-0.6886978 1.453107 2.241891
-0.7679886 1.434582 2.21475
0.1117517 1.526344 2.405919
0.3057868 1.495943 2.450981
0.515034 1.4791 2.410818
0.5437526 1.493019 2.384754
-0.1382966 1.031562 2.338386
-0.1494069 0.6984027 2.332888
-0.1335328 0.2835236 2.353131
-0.1588927 0.2791344 2.283061
0.01005601 1.033115 2.355094
0.02966959 0.7093555 2.346141
0.030323 0.3274137 2.345035
0.04012989 0.327757 2.232373
-0.06758554 1.552986 2.367087
-0.8247681 1.410951 2.196118
-0.7764177 1.45672 2.181638
0.5315061 1.47761 2.355085
0.5308177 1.48383 2.366106
81
-0.06511916 1.032949 2.383203
-0.06673232 1.333535 2.377837
-0.06773518 1.624352 2.360656
-0.06146784 1.748864 2.349642
-0.2501344 1.537212 2.360638
-0.499181 1.510253 2.335765
-0.6886978 1.453107 2.241891
-0.7679886 1.434582 2.21475
0.1117517 1.526344 2.405919
0.3057868 1.495943 2.450981
0.515034 1.4791 2.410818
0.5437526 1.493019 2.384754
-0.1382966 1.031562 2.338386
-0.1494069 0.6984027 2.332888
-0.1335328 0.2835236 2.353131
-0.1588927 0.2791344 2.283061
0.01005601 1.033115 2.355094
0.02966959 0.7093555 2.346141
0.030323 0.3274137 2.345035
0.04012989 0.327757 2.232373
-0.06758554 1.552986 2.367087
-0.8247681 1.410951 2.196118
-0.7764177 1.45672 2.181638
0.5315061 1.47761 2.355085
0.5308177 1.48383 2.366106
82
-0.06544473 1.033003 2.383688
-0.06703027 1.333752 2.37822
-0.06805702 1.624601 2.360991
-0.06183985 1.749055 2.350189
-0.2511552 1.536531 2.360844
-0.4852008 1.475027 2.343385
-0.6645116 1.402817 2.236145
-0.7347421 1.385255 2.199903
0.110514 1.525945 2.405372
0.2950397 1.46278 2.45601
0.501738 1.450039 2.396422
0.520928 1.454266 2.377742
-0.1386199 1.031698 2.338737
-0.1497678 0.6985954 2.333198
-0.1334861 0.2834994 2.353158
-0.1588933 0.2791323 2.283067
0.009774851 1.033092 2.355605
0.02937329 0.7095126 2.346636
0.03031879 0.3271317 2.345039
0.04018122 0.3276266 2.232418
-0.06789988 1.553239 2.367433
-0.7906622 1.359692 2.174403
-0.7467062 1.408372 2.172421
0.5024959 1.449758 2.344686
0.507638 1.437983 2.361576
83
-0.06544473 1.033003 2.383688
-0.06703027 1.333752 2.37822
-0.06805702 1.624601 2.360991
-0.06183985 1.749055 2.350189
-0.2511552 1.536531 2.360844
-0.4852008 1.475027 2.343385
-0.6645116 1.402817 2.236145
-0.7347421 1.385255 2.199903
0.110514 1.525945 2.405372
0.2950397 1.46278 2.45601
0.501738 1.450039 2.396422
0.520928 1.454266 2.377742
-0.1386199 1.031698 2.338737
-0.1497678 0.6985954 2.333198
-0.1334861 0.2834994 2.353158
-0.1588933 0.2791323 2.283067
0.009774851 1.033092 2.355605
0.02937329 0.7095126 2.346636
0.03031879 0.3271317 2.345039
0.04018122 0.3276266 2.232418
-0.06789988 1.553239 2.367433
-0.7906622 1.359692 2.174403
-0.7467062 1.408372 2.172421
0.5024959 1.449758 2.344686
0.507638 1.437983 2.361576
84
-0.06544473 1.033003 2.383688
-0.06703027 1.333752 2.37822
-0.06805702 1.624601 2.360991
-0.06183985 1.749055 2.350189
-0.2511552 1.536531 2.360844
-0.4852008 1.475027 2.343385
-0.6645116 1.402817 2.236145
-0.7347421 1.385255 2.199903
0.110514 1.525945 2.405372
0.2950397 1.46278 2.45601
0.501738 1.450039 2.396422
0.520928 1.454266 2.377742
-0.1386199 1.031698 2.338737
-0.1497678 0.6985954 2.333198
-0.1334861 0.2834994 2.353158
-0.1588933 0.2791323 2.283067
0.009774851 1.033092 2.355605
0.02937329 0.7095126 2.346636
0.03031879 0.3271317 2.345039
0.04018122 0.3276266 2.232418
-0.06789988 1.553239 2.367433
-0.7906622 1.359692 2.174403
-0.7467062 1.408372 2.172421
0.5024959 1.449758 2.344686
0.507638 1.437983 2.361576
85
-0.06578064 1.032871 2.384106
-0.06729757 1.333886 2.378548
-0.06834585 1.62481 2.361292
-0.06222546 1.749215 2.350674
-0.2520135 1.535163 2.361189
-0.4603813 1.438893 2.35494
-0.6250314 1.350855 2.233127
-0.6909443 1.329107 2.182643
0.1086433 1.525087 2.404464
0.2855755 1.433782 2.461513
0.485918 1.407348 2.385025
0.4610644 1.406888 2.3838
-0.1389859 1.031627 2.339074
-0.150119 0.6987591 2.333515
-0.1334404 0.2834734 2.353183
-0.1588939 0.2791308 2.283072
0.009502413 1.032919 2.356014
0.02910193 0.7096376 2.347093
0.03031135 0.3268267 2.345057
0.04020457 0.3274567 2.232468
-0.06817923 1.55344 2.36774
-0.7385632 1.305259 2.154177
-0.7164236 1.345294 2.165248
0.4820405 1.402091 2.342493
0.4554296 1.388594 2.372156
86
-0.06614966 1.032488 2.384404
-0.06754735 1.333932 2.378812
-0.06860802 1.624973 2.361555
-0.0626329 1.749335 2.351107
-0.2525016 1.533023 2.361653
-0.4416775 1.409798 2.364517
-0.5783255 1.293991 2.229284
-0.6332157 1.26585 2.163381
0.1062057 1.523852 2.403211
0.2754826 1.405373 2.468083
0.4637146 1.3603 2.368295
0.4179959 1.357284 2.378251
-0.1394292 1.031269 2.339391
-0.1504294 0.6988853 2.333805
-0.1334018 0.2834525 2.353218
-0.1588941 0.2791299 2.283075
0.009216496 1.032499 2.356201
0.02885232 0.709699 2.347501
0.03030447 0.3265513 2.345072
0.04020271 0.3273022 2.23251
-0.06843142 1.553586 2.368001
-0.6687655 1.240709 2.13009
-0.6608731 1.283326 2.152944
0.4695622 1.337257 2.322429
0.4168622 1.337111 2.367989
87
-0.06614966 1.032488 2.384404
-0.06754735 1.333932 2.378812
-0.06860802 1.624973 2.361555
-0.0626329 1.749335 2.351107
-0.2525016 1.533023 2.361653
-0.4416775 1.409798 2.364517
-0.5783255 1.293991 2.229284
-0.6332157 1.26585 2.163381
0.1062057 1.523852 2.403211
0.2754826 1.405373 2.468083
0.4637146 1.3603 2.368295
0.4179959 1.357284 2.378251
-0.1394292 1.031269 2.339391
-0.1504294 0.6988853 2.333805
-0.1334018 0.2834525 2.353218
-0.1588941 0.2791299 2.283075
0.009216496 1.032499 2.356201
0.02885232 0.709699 2.347501
0.03030447 0.3265513 2.345072
0.04020271 0.3273022 2.23251
-0.06843142 1.553586 2.368001
-0.6687655 1.240709 2.13009
-0.6608731 1.283326 2.152944
0.4695622 1.337257 2.322429
0.4168622 1.337111 2.367989
88
-0.06614966 1.032488 2.384404
-0.06754735 1.333932 2.378812
-0.06860802 1.624973 2.361555
-0.0626329 1.749335 2.351107
-0.2525016 1.533023 2.361653
-0.4416775 1.409798 2.364517
-0.5783255 1.293991 2.229284
-0.6332157 1.26585 2.163381
0.1062057 1.523852 2.403211
0.2754826 1.405373 2.468083
0.4637146 1.3603 2.368295
0.4179959 1.357284 2.378251
-0.1394292 1.031269 2.339391
-0.1504294 0.6988853 2.333805
-0.1334018 0.2834525 2.353218
-0.1588941 0.2791299 2.283075
0.009216496 1.032499 2.356201
0.02885232 0.709699 2.347501
0.03030447 0.3265513 2.345072
0.04020271 0.3273022 2.23251
-0.06843142 1.553586 2.368001
-0.6687655 1.240709 2.13009
-0.6608731 1.283326 2.152944
0.4695622 1.337257 2.322429
0.4168622 1.337111 2.367989
89
-0.06654744 1.031839 2.384631
-0.06779178 1.333905 2.379053
-0.0688583 1.625107 2.361813
-0.06309558 1.749442 2.351541
-0.252118 1.529876 2.362488
-0.4183657 1.373719 2.378187
-0.5271594 1.235192 2.233273
-0.5634641 1.203039 2.153833
0.103552 1.522528 2.401949
0.2605045 1.378572 2.474568
0.4275144 1.299241 2.354261
0.412073 1.285589 2.348313
-0.1399623 1.030541 2.339748
-0.1507144 0.6989508 2.334098
-0.1333704 0.2834418 2.353288
-0.1588966 0.2791339 2.283082
0.008929819 1.03187 2.356241
0.02862079 0.7097202 2.347881
0.03029998 0.3263048 2.345094
0.04017773 0.3271661 2.232555
-0.06866842 1.553694 2.368247
-0.5852359 1.175125 2.117672
-0.5717033 1.224288 2.135556
0.4608003 1.241049 2.306111
0.4374197 1.230546 2.329954
90
-0.06654744 1.031839 2.384631
-0.06779178 1.333905 2.379053
-0.0688583 1.625107 2.361813
-0.06309558 1.749442 2.351541
-0.252118 1.529876 2.362488
-0.4183657 1.373719 2.378187
-0.5271594 1.235192 2.233273
-0.5634641 1.203039 2.153833
0.103552 1.522528 2.401949
0.2605045 1.378572 2.474568
0.4275144 1.299241 2.354261
0.412073 1.285589 2.348313
-0.1399623 1.030541 2.339748
-0.1507144 0.6989508 2.334098
-0.1333704 0.2834418 2.353288
-0.1588966 0.2791339 2.283082
0.008929819 1.03187 2.356241
0.02862079 0.7097202 2.347881
0.03029998 0.3263048 2.345094
0.04017773 0.3271661 2.232555
-0.06866842 1.553694 2.368247
-0.5852359 1.175125 2.117672
-0.5717033 1.224288 2.135556
0.4608003 1.241049 2.306111
0.4374197 1.230546 2.329954
91
-0.06689315 1.031036 2.384778
-0.06802858 1.33381 2.379273
-0.06912021 1.625208 2.362082
-0.06361405 1.749527 2.351974
-0.2510529 1.526503 2.363451
-0.3976468 1.346257 2.384797
-0.4762045 1.17654 2.248435
-0.4858209 1.145114 2.156399
0.1010127 1.521374 2.40076
0.2417068 1.354245 2.47495
0.3856348 1.24162 2.341873
0.4041529 1.204518 2.323556
-0.1404463 1.029597 2.34011
-0.1509774 0.6989431 2.334402
-0.1333472 0.2834237 2.353342
-0.1588987 0.2791372 2.283087
0.008695963 1.031103 2.356131
0.02839985 0.7096843 2.34825
0.03029741 0.3260876 2.345111
0.04013592 0.3270568 2.232595
-0.06890697 1.553761 2.368491
-0.4975673 1.118813 2.116636
-0.4953805 1.160829 2.133317
0.4473386 1.150987 2.303403
0.429056 1.138033 2.313922
92
-0.06689315 1.031036 2.384778
-0.06802858 1.33381 2.379273
-0.06912021 1.625208 2.362082
-0.06361405 1.749527 2.351974
-0.2510529 1.526503 2.363451
-0.3976468 1.346257 2.384797
-0.4762045 1.17654 2.248435
-0.4858209 1.145114 2.156399
0.1010127 1.521374 2.40076
0.2417068 1.354245 2.47495
0.3856348 1.24162 2.341873
0.4041529 1.204518 2.323556
-0.1404463 1.029597 2.34011
-0.1509774 0.6989431 2.334402
-0.1333472 0.2834237 2.353342
-0.1588987 0.2791372 2.283087
0.008695963 1.031103 2.356131
0.02839985 0.7096843 2.34825
0.03029741 0.3260876 2.345111
0.04013592 0.3270568 2.232595
-0.06890697 1.553761 2.368491
-0.4975673 1.118813 2.116636
-0.4953805 1.160829 2.133317
0.4473386 1.150987 2.303403
0.429056 1.138033 2.313922
93
-0.0672054 1.030003 2.384832
-0.06828763 1.333614 2.379485
-0.06943315 1.625266 2.362381
-0.06419068 1.749585 2.352408
-0.2493206 1.523392 2.364319
-0.3607933 1.316454 2.389534
-0.4122429 1.128206 2.261024
-0.4064536 1.087708 2.168522
0.0983263 1.520093 2.399587
0.2215174 1.333218 2.473359
0.3390301 1.187053 2.337809
0.3750413 1.12936 2.311771
-0.1408869 1.028394 2.340485
-0.1512035 0.6989055 2.334681
-0.1333299 0.2834091 2.353406
-0.1589016 0.2791403 2.283094
0.008489839 1.030092 2.355807
0.02819833 0.7096197 2.348592
0.03029388 0.325907 2.345125
0.04008621 0.326977 2.232633
-0.06918201 1.553775 2.368752
-0.4161913 1.047693 2.129223
-0.4295438 1.073316 2.146024
0.4095836 1.067208 2.308958
0.3775645 1.077137 2.306282
94
-0.0672054 1.030003 2.384832
-0.06828763 1.333614 2.379485
-0.06943315 1.625266 2.362381
-0.06419068 1.749585 2.352408
-0.2493206 1.523392 2.364319
-0.3607933 1.316454 2.389534
-0.4122429 1.128206 2.261024
-0.4064536 1.087708 2.168522
0.0983263 1.520093 2.399587
0.2215174 1.333218 2.473359
0.3390301 1.187053 2.337809
0.3750413 1.12936 2.311771
-0.1408869 1.028394 2.340485
-0.1512035 0.6989055 2.334681
-0.1333299 0.2834091 2.353406
-0.1589016 0.2791403 2.283094
0.008489839 1.030092 2.355807
0.02819833 0.7096197 2.348592
0.03029388 0.325907 2.345125
0.04008621 0.326977 2.232633
-0.06918201 1.553775 2.368752
-0.4161913 1.047693 2.129223
-0.4295438 1.073316 2.146024
0.4095836 1.067208 2.308958
0.3775645 1.077137 2.306282
95
-0.06745885 1.028877 2.38484
-0.0685599 1.333328 2.3797
-0.06980146 1.625281 2.362732
-0.06479502 1.749621 2.352827
-0.2473019 1.520687 2.365044
-0.3330596 1.293016 2.390604
-0.3440686 1.088449 2.271848
-0.3392644 1.047663 2.201342
0.09562318 1.518756 2.398509
0.1987571 1.314547 2.46816
0.2860523 1.13816 2.338101
0.3240136 1.066054 2.30919
-0.1412517 1.027146 2.340844
-0.1513991 0.6988518 2.334932
-0.1333161 0.2834027 2.353452
-0.1589121 0.2791522 2.283099
0.008338515 1.028984 2.355403
0.02799915 0.709446 2.348928
0.03029135 0.325741 2.345139
0.04003076 0.3269097 2.232671
-0.06949755 1.553737 2.369048
-0.3356896 0.9976122 2.145072
-0.3760785 1.027517 2.175986
0.3421774 1.013139 2.320467
0.3195388 1.004085 2.312605
96
-0.06745885 1.028877 2.38484
-0.0685599 1.333328 2.3797
-0.06980146 1.625281 2.362732
-0.06479502 1.749621 2.352827
-0.2473019 1.520687 2.365044
-0.3330596 1.293016 2.390604
-0.3440686 1.088449 2.271848
-0.3392644 1.047663 2.201342
0.09562318 1.518756 2.398509
0.1987571 1.314547 2.46816
0.2860523 1.13816 2.338101
0.3240136 1.066054 2.30919
-0.1412517 1.027146 2.340844
-0.1513991 0.6988518 2.334932
-0.1333161 0.2834027 2.353452
-0.1589121 0.2791522 2.283099
0.008338515 1.028984 2.355403
0.02799915 0.709446 2.348928
0.03029135 0.325741 2.345139
0.04003076 0.3269097 2.232671
-0.06949755 1.553737 2.369048
-0.3356896 0.9976122 2.145072
-0.3760785 1.027517 2.175986
0.3421774 1.013139 2.320467
0.3195388 1.004085 2.312605
97
-0.06766242 1.027425 2.384732
-0.06887277 1.332881 2.379908
-0.07022736 1.625234 2.363108
-0.06541543 1.749637 2.353218
-0.2446982 1.517863 2.365459
-0.3119366 1.276226 2.389651
-0.29265 1.06624 2.284344
-0.2849917 1.008622 2.231526
0.09259277 1.517139 2.397158
0.177408 1.29713 2.459849
0.2321783 1.094748 2.340344
0.2608556 1.014455 2.311117
-0.141561 1.025535 2.341135
-0.1515559 0.6987142 2.33518
-0.1333102 0.2833928 2.353497
-0.1589206 0.2791632 2.283104
0.008238672 1.027672 2.354862
0.02782627 0.7092401 2.349231
0.03028702 0.3255949 2.345151
0.0399649 0.3268528 2.232706
-0.06986455 1.553623 2.369363
-0.2908348 0.9538125 2.196901
-0.3166488 0.9586992 2.212555
0.2712671 0.9552985 2.328256
0.2773502 0.9681729 2.314693
98
-0.06766242 1.027425 2.384732
-0.06887277 1.332881 2.379908
-0.07022736 1.625234 2.363108
-0.06541543 1.749637 2.353218
-0.2446982 1.517863 2.365459
-0.3119366 1.276226 2.389651
-0.29265 1.06624 2.284344
-0.2849917 1.008622 2.231526
0.09259277 1.517139 2.397158
0.177408 1.29713 2.459849
0.2321783 1.094748 2.340344
0.2608556 1.014455 2.311117
-0.141561 1.025535 2.341135
-0.1515559 0.6987142 2.33518
-0.1333102 0.2833928 2.353497
-0.1589206 0.2791632 2.283104
0.008238672 1.027672 2.354862
0.02782627 0.7092401 2.349231
0.03028702 0.3255949 2.345151
0.0399649 0.3268528 2.232706
-0.06986455 1.553623 2.369363
-0.2908348 0.9538125 2.196901
-0.3166488 0.9586992 2.212555
0.2712671 0.9552985 2.328256
0.2773502 0.9681729 2.314693
99
-0.06785217 1.02571 2.384578
-0.06922701 1.332272 2.380131
-0.07068932 1.625138 2.363513
-0.06613261 1.749643 2.353662
-0.2421142 1.514952 2.36561
-0.2771938 1.247437 2.385987
-0.2374745 1.0223 2.293612
-0.2288259 0.965194 2.271057
0.08971975 1.515478 2.395809
0.1512467 1.273595 2.446503
0.1817728 1.047961 2.343368
0.1981542 0.973793 2.323681
-0.1418382 1.023608 2.341408
-0.1516777 0.6985159 2.335406
-0.1333122 0.2833897 2.35356
-0.1589299 0.2791753 2.283107
0.008142073 1.026227 2.354288
0.02759076 0.708743 2.349617
0.03027782 0.3253884 2.345157
0.03987164 0.3267635 2.232737
-0.07027154 1.553443 2.369708
-0.2392384 0.9008101 2.251378
-0.2791291 0.94121 2.262667
0.2016725 0.9071126 2.338539
0.2326985 0.9592846 2.341245
100
-0.06785217 1.02571 2.384578
-0.06922701 1.332272 2.380131
-0.07068932 1.625138 2.363513
-0.06613261 1.749643 2.353662
-0.2421142 1.514952 2.36561
-0.2771938 1.247437 2.385987
-0.2374745 1.0223 2.293612
-0.2288259 0.965194 2.271057
0.08971975 1.515478 2.395809
0.1512467 1.273595 2.446503
0.1817728 1.047961 2.343368
0.1981542 0.973793 2.323681
-0.1418382 1.023608 2.341408
-0.1516777 0.6985159 2.335406
-0.1333122 0.2833897 2.35356
-0.1589299 0.2791753 2.283107
0.008142073 1.026227 2.354288
0.02759076 0.708743 2.349617
0.03027782 0.3253884 2.345157
0.03987164 0.3267635 2.232737
-0.07027154 1.553443 2.369708
-0.2392384 0.9008101 2.251378
-0.2791291 0.94121 2.262667
0.2016725 0.9071126 2.338539
0.2326985 0.9592846 2.341245
101
-0.06805019 1.023624 2.384445
-0.06967968 1.331363 2.380426
-0.07127465 1.624927 2.36403
-0.06684919 1.749628 2.354099
-0.2396849 1.512088 2.365572
-0.2634041 1.237069 2.384163
-0.2291602 1.023685 2.307436
-0.1941146 0.9455517 2.293168
0.0870758 1.513372 2.394228
0.1274255 1.250726 2.430833
0.1321396 1.006143 2.343589
0.1329711 0.9422266 2.331951
-0.1421067 1.021426 2.341675
-0.1517776 0.6983116 2.335609
-0.133317 0.2833889 2.353631
-0.1589385 0.2791861 2.28311
0.008032438 1.024423 2.353755
0.02737304 0.7080693 2.349995
0.03026976 0.3251964 2.345155
0.03975714 0.3266889 2.23276
-0.07080163 1.553113 2.370161
-0.2087607 0.8881321 2.287519
-0.2507629 0.9497629 2.320332
0.1377778 0.8721984 2.342846
0.1690743 0.9274508 2.340745
102
-0.06805019 1.023624 2.384445
-0.06967968 1.331363 2.380426
-0.07127465 1.624927 2.36403
-0.06684919 1.749628 2.354099
-0.2396849 1.512088 2.365572
-0.2634041 1.237069 2.384163
-0.2291602 1.023685 2.307436
-0.1941146 0.9455517 2.293168
0.0870758 1.513372 2.394228
0.1274255 1.250726 2.430833
0.1321396 1.006143 2.343589
0.1329711 0.9422266 2.331951
-0.1421067 1.021426 2.341675
-0.1517776 0.6983116 2.335609
-0.133317 0.2833889 2.353631
-0.1589385 0.2791861 2.28311
0.008032438 1.024423 2.353755
0.02737304 0.7080693 2.349995
0.03026976 0.3251964 2.345155
0.03975714 0.3266889 2.23276
-0.07080163 1.553113 2.370161
-0.2087607 0.8881321 2.287519
-0.2507629 0.9497629 2.320332
0.1377778 0.8721984 2.342846
0.1690743 0.9274508 2.340745
103
-0.06795774 1.021238 2.384426
-0.07009345 1.33027 2.380803
-0.07192925 1.624629 2.364653
-0.06756958 1.749597 2.354553
-0.237568 1.509244 2.365408
-0.2423224 1.223002 2.371894
-0.2164461 1.005653 2.311491
-0.1787997 0.9358493 2.306625
0.08505715 1.51148 2.392832
0.1113631 1.236018 2.41879
0.1131793 1.004775 2.349143
0.09586135 0.9288591 2.338532
-0.1420359 1.018875 2.341991
-0.1518466 0.6980733 2.335803
-0.1333241 0.2833865 2.353699
-0.1589517 0.2791956 2.283111
0.008146589 1.022441 2.353402
0.02721436 0.7074271 2.350322
0.03026126 0.3250346 2.345158
0.03963911 0.3266267 2.232789
-0.07137923 1.552676 2.370708
-0.2061315 0.8766125 2.312033
-0.2366403 0.9524386 2.324063
0.09303125 0.8759891 2.347311
0.1239433 0.9513583 2.350968
104
-0.06795774 1.021238 2.384426
-0.07009345 1.33027 2.380803
-0.07192925 1.624629 2.364653
-0.06756958 1.749597 2.354553
-0.237568 1.509244 2.365408
-0.2423224 1.223002 2.371894
-0.2164461 1.005653 2.311491
-0.1787997 0.9358493 2.306625
0.08505715 1.51148 2.392832
0.1113631 1.236018 2.41879
0.1131793 1.004775 2.349143
0.09586135 0.9288591 2.338532
-0.1420359 1.018875 2.341991
-0.1518466 0.6980733 2.335803
-0.1333241 0.2833865 2.353699
-0.1589517 0.2791956 2.283111
0.008146589 1.022441 2.353402
0.02721436 0.7074271 2.350322
0.03026126 0.3250346 2.345158
0.03963911 0.3266267 2.232789
-0.07137923 1.552676 2.370708
-0.2061315 0.8766125 2.312033
-0.2366403 0.9524386 2.324063
0.09303125 0.8759891 2.347311
0.1239433 0.9513583 2.350968
105
-0.06771645 1.018997 2.384456
-0.07043666 1.329137 2.381203
-0.07256845 1.624292 2.365306
-0.06825046 1.749541 2.355017
-0.235954 1.506929 2.365218
-0.2320703 1.216265 2.364758
-0.2174718 1.001393 2.31453
-0.1763394 0.9348315 2.315385
0.08359495 1.509803 2.391574
0.1020598 1.227081 2.41037
0.1078908 1.001497 2.351892
0.07780583 0.9218999 2.342026
-0.1418043 1.01654 2.342239
-0.1518814 0.6978562 2.335964
-0.1333377 0.283386 2.353762
-0.1589581 0.2792063 2.283123
0.008389689 1.020517 2.353202
0.02710219 0.7068638 2.350595
0.03025432 0.3249214 2.345167
0.03951675 0.3265942 2.232825
-0.07193664 1.552192 2.371287
-0.2035086 0.8711917 2.318211
-0.2391229 0.964565 2.326793
0.08966061 0.8671722 2.349954
0.1054088 0.9374434 2.349711
106
-0.06771645 1.018997 2.384456
-0.07043666 1.329137 2.381203
-0.07256845 1.624292 2.365306
-0.06825046 1.749541 2.355017
-0.235954 1.506929 2.365218
-0.2320703 1.216265 2.364758
-0.2174718 1.001393 2.31453
-0.1763394 0.9348315 2.315385
0.08359495 1.509803 2.391574
0.1020598 1.227081 2.41037
0.1078908 1.001497 2.351892
0.07780583 0.9218999 2.342026
-0.1418043 1.01654 2.342239
-0.1518814 0.6978562 2.335964
-0.1333377 0.283386 2.353762
-0.1589581 0.2792063 2.283123
0.008389689 1.020517 2.353202
0.02710219 0.7068638 2.350595
0.03025432 0.3249214 2.345167
0.03951675 0.3265942 2.232825
-0.07193664 1.552192 2.371287
-0.2035086 0.8711917 2.318211
-0.2391229 0.964565 2.326793
0.08966061 0.8671722 2.349954
0.1054088 0.9374434 2.349711
107
-0.06733882 1.016986 2.384568
-0.07068113 1.328026 2.381624
-0.07314068 1.623948 2.365942
-0.06888772 1.749465 2.355515
-0.2348388 1.505137 2.365067
-0.226969 1.212938 2.358663
-0.2201214 0.9986731 2.315885
-0.2029083 0.9538004 2.312145
0.08261003 1.508494 2.390615
0.09670967 1.221847 2.405372
0.105086 1.002904 2.352412
0.09481874 0.9414178 2.344582
-0.1413988 1.014437 2.342482
-0.1519006 0.6976382 2.336119
-0.1333579 0.2833914 2.353863
-0.1589635 0.2792158 2.28314
0.008730641 1.01878 2.353166
0.02713906 0.7062693 2.350867
0.03023874 0.3248204 2.345171
0.03939867 0.3265718 2.232857
-0.07243127 1.551701 2.371863
-0.2062265 0.8760203 2.32238
-0.2376113 0.9557528 2.333567
0.1001354 0.8693886 2.355088
0.1156282 0.9328435 2.342548
108
-0.06733882 1.016986 2.384568
-0.07068113 1.328026 2.381624
-0.07314068 1.623948 2.365942
-0.06888772 1.749465 2.355515
-0.2348388 1.505137 2.365067
-0.226969 1.212938 2.358663
-0.2201214 0.9986731 2.315885
-0.2029083 0.9538004 2.312145
0.08261003 1.508494 2.390615
0.09670967 1.221847 2.405372
0.105086 1.002904 2.352412
0.09481874 0.9414178 2.344582
-0.1413988 1.014437 2.342482
-0.1519006 0.6976382 2.336119
-0.1333579 0.2833914 2.353863
-0.1589635 0.2792158 2.28314
0.008730641 1.01878 2.353166
0.02713906 0.7062693 2.350867
0.03023874 0.3248204 2.345171
0.03939867 0.3265718 2.232857
-0.07243127 1.551701 2.371863
-0.2062265 0.8760203 2.32238
-0.2376113 0.9557528 2.333567
0.1001354 0.8693886 2.355088
0.1156282 0.9328435 2.342548
109
-0.0668615 1.015257 2.384678
-0.07081245 1.326997 2.382006
-0.0736105 1.623628 2.366505
-0.06943911 1.749383 2.355977
-0.2341152 1.503741 2.364926
-0.2271956 1.213375 2.352504
-0.2329474 1.004216 2.311709
-0.2181458 0.9647053 2.306283
0.08202009 1.507443 2.389833
0.09565191 1.219789 2.401352
0.1077978 1.006453 2.352275
0.09634742 0.9410325 2.344299
-0.1408847 1.012625 2.342669
-0.1519052 0.6974221 2.336259
-0.1333794 0.2833962 2.353967
-0.158977 0.2792217 2.283143
0.009155887 1.017278 2.353182
0.02723857 0.7057851 2.35109
0.03021939 0.3247144 2.345187
0.03927987 0.3265247 2.23289
-0.07283004 1.551242 2.372382
-0.2122378 0.8819516 2.319122
-0.2570662 0.9707754 2.316199
0.1025106 0.8621036 2.356581
0.1289901 0.9492546 2.333622
110
-0.0668615 1.015257 2.384678
-0.07081245 1.326997 2.382006
-0.0736105 1.623628 2.366505
-0.06943911 1.749383 2.355977
-0.2341152 1.503741 2.364926
-0.2271956 1.213375 2.352504
-0.2329474 1.004216 2.311709
-0.2181458 0.9647053 2.306283
0.08202009 1.507443 2.389833
0.09565191 1.219789 2.401352
0.1077978 1.006453 2.352275
0.09634742 0.9410325 2.344299
-0.1408847 1.012625 2.342669
-0.1519052 0.6974221 2.336259
-0.1333794 0.2833962 2.353967
-0.158977 0.2792217 2.283143
0.009155887 1.017278 2.353182
0.02723857 0.7057851 2.35109
0.03021939 0.3247144 2.345187
0.03927987 0.3265247 2.23289
-0.07283004 1.551242 2.372382
-0.2122378 0.8819516 2.319122
-0.2570662 0.9707754 2.316199
0.1025106 0.8621036 2.356581
0.1289901 0.9492546 2.333622
111
-0.0663917 1.013853 2.384755
-0.07087646 1.326106 2.382329
-0.07399274 1.623346 2.366991
-0.06989265 1.749303 2.356394
-0.233671 1.50264 2.364773
-0.2337704 1.217986 2.346962
-0.2446145 1.01151 2.304652
-0.2343249 0.9735636 2.294172
0.08175364 1.506562 2.389198
0.1019832 1.221203 2.398499
0.1206758 1.015744 2.350114
0.117536 0.951987 2.338092
-0.1403582 1.011133 2.342771
-0.1518313 0.6970853 2.336467
-0.1334114 0.2833751 2.354033
-0.1589888 0.2792265 2.283145
0.009562056 1.016057 2.353215
0.02738151 0.7053372 2.351281
0.03020109 0.3246325 2.345197
0.03918092 0.3264932 2.232915
-0.0731499 1.550836 2.372832
-0.2337146 0.8972843 2.301783
-0.2757137 0.9855478 2.283613
0.1196625 0.8675686 2.348925
0.157868 0.9484 2.326152
112
-0.06593817 1.012729 2.384795
-0.07087278 1.325345 2.382595
-0.07427886 1.623106 2.367406
-0.07023752 1.749229 2.356767
-0.2334031 1.501784 2.364635
-0.2454895 1.224691 2.343013
-0.2543551 1.019182 2.295362
-0.2471259 0.9807799 2.278582
0.08176506 1.505826 2.388642
0.1145462 1.224615 2.396414
0.139141 1.023695 2.345379
0.1388351 0.9599919 2.331778
-0.1398574 1.009943 2.342832
-0.1517321 0.6967478 2.336673
-0.1334534 0.2833495 2.354082
-0.1589954 0.279233 2.283148
0.009965224 1.015069 2.353214
0.02753881 0.7047936 2.351453
0.03018547 0.3245578 2.345206
0.03909118 0.3264644 2.232935
-0.07338288 1.550487 2.373218
-0.2472948 0.9044082 2.278032
-0.2886994 0.9980665 2.248493
0.1415969 0.8795651 2.34094
0.1810671 0.9442406 2.319329
113
-0.06593817 1.012729 2.384795
-0.07087278 1.325345 2.382595
-0.07427886 1.623106 2.367406
-0.07023752 1.749229 2.356767
-0.2334031 1.501784 2.364635
-0.2454895 1.224691 2.343013
-0.2543551 1.019182 2.295362
-0.2471259 0.9807799 2.278582
0.08176506 1.505826 2.388642
0.1145462 1.224615 2.396414
0.139141 1.023695 2.345379
0.1388351 0.9599919 2.331778
-0.1398574 1.009943 2.342832
-0.1517321 0.6967478 2.336673
-0.1334534 0.2833495 2.354082
-0.1589954 0.279233 2.283148
0.009965224 1.015069 2.353214
0.02753881 0.7047936 2.351453
0.03018547 0.3245578 2.345206
0.03909118 0.3264644 2.232935
-0.07338288 1.550487 2.373218
-0.2472948 0.9044082 2.278032
-0.2886994 0.9980665 2.248493
0.1415969 0.8795651 2.34094
0.1810671 0.9442406 2.319329
114
-0.06593817 1.012729 2.384795
-0.07087278 1.325345 2.382595
-0.07427886 1.623106 2.367406
-0.07023752 1.749229 2.356767
-0.2334031 1.501784 2.364635
-0.2454895 1.224691 2.343013
-0.2543551 1.019182 2.295362
-0.2471259 0.9807799 2.278582
0.08176506 1.505826 2.388642
0.1145462 1.224615 2.396414
0.139141 1.023695 2.345379
0.1388351 0.9599919 2.331778
-0.1398574 1.009943 2.342832
-0.1517321 0.6967478 2.336673
-0.1334534 0.2833495 2.354082
-0.1589954 0.279233 2.283148
0.009965224 1.015069 2.353214
0.02753881 0.7047936 2.351453
0.03018547 0.3245578 2.345206
0.03909118 0.3264644 2.232935
-0.07338288 1.550487 2.373218
-0.2472948 0.9044082 2.278032
-0.2886994 0.9980665 2.248493
0.1415969 0.8795651 2.34094
0.1810671 0.9442406 2.319329
115
-0.06555012 1.011861 2.384823
-0.07082859 1.324707 2.38281
-0.07447958 1.622906 2.367745
-0.07049023 1.749166 2.357075
-0.2332562 1.501119 2.364504
-0.2580706 1.231239 2.34057
-0.2625283 1.026842 2.284763
-0.2601804 0.9853489 2.260381
0.08209318 1.505205 2.38816
0.1294427 1.230772 2.394796
0.1578451 1.028098 2.339532
0.1660117 0.9652823 2.323667
-0.1394286 1.009026 2.342874
-0.1516167 0.6964192 2.336885
-0.1334991 0.2833372 2.354121
-0.159009 0.279257 2.283149
0.01031596 1.014293 2.35321
0.02770127 0.7042367 2.351616
0.03017217 0.3244929 2.345213
0.03901412 0.3264432 2.232954
-0.07354192 1.550191 2.373536
-0.261176 0.9104118 2.251774
-0.2976788 0.9970785 2.226862
0.1653144 0.8874611 2.332085
0.2037055 0.949218 2.304802
116
-0.06555012 1.011861 2.384823
-0.07082859 1.324707 2.38281
-0.07447958 1.622906 2.367745
-0.07049023 1.749166 2.357075
-0.2332562 1.501119 2.364504
-0.2580706 1.231239 2.34057
-0.2625283 1.026842 2.284763
-0.2601804 0.9853489 2.260381
0.08209318 1.505205 2.38816
0.1294427 1.230772 2.394796
0.1578451 1.028098 2.339532
0.1660117 0.9652823 2.323667
-0.1394286 1.009026 2.342874
-0.1516167 0.6964192 2.336885
-0.1334991 0.2833372 2.354121
-0.159009 0.279257 2.283149
0.01031596 1.014293 2.35321
0.02770127 0.7042367 2.351616
0.03017217 0.3244929 2.345213
0.03901412 0.3264432 2.232954
-0.07354192 1.550191 2.373536
-0.261176 0.9104118 2.251774
-0.2976788 0.9970785 2.226862
0.1653144 0.8874611 2.332085
0.2037055 0.949218 2.304802
117
-0.06522778 1.011194 2.384844
-0.07076215 1.324173 2.382988
-0.07461663 1.622733 2.368037
-0.07065465 1.749115 2.357326
-0.233183 1.500605 2.364384
-0.2683207 1.237962 2.33931
-0.2722191 1.03689 2.271711
-0.2745505 0.9898193 2.239968
0.08264342 1.504719 2.3877
0.1407679 1.236012 2.393393
0.1761788 1.030737 2.33403
0.1899398 0.967117 2.315378
-0.1390743 1.008326 2.342905
-0.1514547 0.6960743 2.337102
-0.1335555 0.2833124 2.354149
-0.1590196 0.2792761 2.283151
0.01061237 1.013686 2.353208
0.02790586 0.7035841 2.351761
0.03015703 0.3244374 2.34522
0.03894043 0.3264259 2.23297
-0.07364561 1.549932 2.373812
-0.2710753 0.91474 2.234037
-0.3052085 0.988602 2.203571
0.1848 0.8918926 2.324162
0.2225903 0.9536142 2.297264
118
-0.06522778 1.011194 2.384844
-0.07076215 1.324173 2.382988
-0.07461663 1.622733 2.368037
-0.07065465 1.749115 2.357326
-0.233183 1.500605 2.364384
-0.2683207 1.237962 2.33931
-0.2722191 1.03689 2.271711
-0.2745505 0.9898193 2.239968
0.08264342 1.504719 2.3877
0.1407679 1.236012 2.393393
0.1761788 1.030737 2.33403
0.1899398 0.967117 2.315378
-0.1390743 1.008326 2.342905
-0.1514547 0.6960743 2.337102
-0.1335555 0.2833124 2.354149
-0.1590196 0.2792761 2.283151
0.01061237 1.013686 2.353208
0.02790586 0.7035841 2.351761
0.03015703 0.3244374 2.34522
0.03894043 0.3264259 2.23297
-0.07364561 1.549932 2.373812
-0.2710753 0.91474 2.234037
-0.3052085 0.988602 2.203571
0.1848 0.8918926 2.324162
0.2225903 0.9536142 2.297264
119
-0.06495985 1.010683 2.38486
-0.07066759 1.323723 2.383134
-0.07467958 1.622589 2.36828
-0.07075207 1.749072 2.357537
-0.2331683 1.500199 2.364258
-0.2752864 1.24283 2.338617
-0.279317 1.043858 2.262839
-0.2832892 0.9927922 2.227741
0.08349764 1.504338 2.387224
0.1485189 1.239124 2.392262
0.1911683 1.032051 2.328772
0.2057254 0.9689694 2.309513
-0.1387783 1.007788 2.34293
-0.1512625 0.6957234 2.337317
-0.133622 0.283283 2.354162
-0.1590286 0.2792962 2.283152
0.01086153 1.013216 2.353207
0.02809156 0.7030082 2.351883
0.03014247 0.3243605 2.345223
0.03885292 0.326382 2.232973
-0.07368392 1.549711 2.374044
-0.2802819 0.9188493 2.220592
-0.311265 0.9886909 2.196261
0.2014032 0.8954917 2.317672
0.2368736 0.9618694 2.28225
120
-0.06495985 1.010683 2.38486
-0.07066759 1.323723 2.383134
-0.07467958 1.622589 2.36828
-0.07075207 1.749072 2.357537
-0.2331683 1.500199 2.364258
-0.2752864 1.24283 2.338617
-0.279317 1.043858 2.262839
-0.2832892 0.9927922 2.227741
0.08349764 1.504338 2.387224
0.1485189 1.239124 2.392262
0.1911683 1.032051 2.328772
0.2057254 0.9689694 2.309513
-0.1387783 1.007788 2.34293
-0.1512625 0.6957234 2.337317
-0.133622 0.283283 2.354162
-0.1590286 0.2792962 2.283152
0.01086153 1.013216 2.353207
0.02809156 0.7030082 2.351883
0.03014247 0.3243605 2.345223
0.03885292 0.326382 2.232973
-0.07368392 1.549711 2.374044
-0.2802819 0.9188493 2.220592
-0.311265 0.9886909 2.196261
0.2014032 0.8954917 2.317672
0.2368736 0.9618694 2.28225
121
-0.06473376 1.010285 2.384872
-0.0705538 1.323338 2.383255
-0.07469255 1.62246 2.368488
-0.07079393 1.749036 2.357728
-0.2331887 1.499871 2.364124
-0.279932 1.245892 2.338068
-0.2849399 1.048779 2.255597
-0.2895092 0.9943501 2.219967
0.08475386 1.503912 2.386706
0.1543195 1.241561 2.391128
0.2007553 1.032782 2.324794
0.2155783 0.9698217 2.305824
-0.1385321 1.007374 2.342951
-0.1510337 0.6953494 2.337533
-0.1336994 0.2832472 2.354168
-0.1590363 0.2793148 2.283153
0.01107788 1.012839 2.353204
0.02825724 0.7025191 2.351988
0.03012986 0.3242895 2.345225
0.03876697 0.3263394 2.232972
-0.07367706 1.549513 2.374244
-0.2858877 0.9206178 2.213118
-0.3249563 1.007223 2.211804
0.2142108 0.8973565 2.312966
0.2458299 0.9661185 2.277852
122
-0.06473376 1.010285 2.384872
-0.0705538 1.323338 2.383255
-0.07469255 1.62246 2.368488
-0.07079393 1.749036 2.357728
-0.2331887 1.499871 2.364124
-0.279932 1.245892 2.338068
-0.2849399 1.048779 2.255597
-0.2895092 0.9943501 2.219967
0.08475386 1.503912 2.386706
0.1543195 1.241561 2.391128
0.2007553 1.032782 2.324794
0.2155783 0.9698217 2.305824
-0.1385321 1.007374 2.342951
-0.1510337 0.6953494 2.337533
-0.1336994 0.2832472 2.354168
-0.1590363 0.2793148 2.283153
0.01107788 1.012839 2.353204
0.02825724 0.7025191 2.351988
0.03012986 0.3242895 2.345225
0.03876697 0.3263394 2.232972
-0.07367706 1.549513 2.374244
-0.2858877 0.9206178 2.213118
-0.3249563 1.007223 2.211804
0.2142108 0.8973565 2.312966
0.2458299 0.9661185 2.277852
123
-0.0645271 1.009964 2.384875
-0.07040986 1.322996 2.383349
-0.07465468 1.622341 2.368673
-0.07077989 1.749005 2.357902
-0.233233 1.499608 2.363986
-0.283211 1.247924 2.337359
-0.2886758 1.051663 2.250809
-0.2934335 0.9949262 2.215113
0.08625782 1.503502 2.386188
0.1585441 1.243529 2.390079
0.2068887 1.033263 2.3221
0.2216822 0.9704779 2.30312
-0.1383182 1.00705 2.342966
-0.15081 0.695011 2.337722
-0.133781 0.2832211 2.354175
-0.1590531 0.2793373 2.283128
0.01129224 1.01252 2.353183
0.0284039 0.7021037 2.352072
0.03011957 0.3242243 2.345224
0.03868396 0.3262976 2.232965
-0.07362266 1.54933 2.374418
-0.2897889 0.9215872 2.208547
-0.3293556 1.007626 2.210809
0.2208353 0.8984259 2.309826
0.2511036 0.9680179 2.274504
124
-0.0645271 1.009964 2.384875
-0.07040986 1.322996 2.383349
-0.07465468 1.622341 2.368673
-0.07077989 1.749005 2.357902
-0.233233 1.499608 2.363986
-0.283211 1.247924 2.337359
-0.2886758 1.051663 2.250809
-0.2934335 0.9949262 2.215113
0.08625782 1.503502 2.386188
0.1585441 1.243529 2.390079
0.2068887 1.033263 2.3221
0.2216822 0.9704779 2.30312
-0.1383182 1.00705 2.342966
-0.15081 0.695011 2.337722
-0.133781 0.2832211 2.354175
-0.1590531 0.2793373 2.283128
0.01129224 1.01252 2.353183
0.0284039 0.7021037 2.352072
0.03011957 0.3242243 2.345224
0.03868396 0.3262976 2.232965
-0.07362266 1.54933 2.374418
-0.2897889 0.9215872 2.208547
-0.3293556 1.007626 2.210809
0.2208353 0.8984259 2.309826
0.2511036 0.9680179 2.274504
125
-0.06433948 1.009703 2.384871
-0.07024889 1.322696 2.383419
-0.07457842 1.622237 2.368826
-0.07069542 1.748981 2.358077
-0.2332959 1.499387 2.363825
-0.285416 1.249341 2.336807
-0.2910638 1.053557 2.24774
-0.2959903 0.9952813 2.211985
0.08801749 1.503053 2.385557
0.1615229 1.244869 2.389198
0.2109085 1.033613 2.320266
0.2252418 0.9708017 2.300794
-0.1381299 1.006793 2.342971
-0.1505975 0.6947062 2.337886
-0.1338663 0.2831987 2.354179
-0.159067 0.2793598 2.2831
0.01149292 1.012248 2.353158
0.02854747 0.7017156 2.352132
0.03010934 0.3241885 2.345224
0.0386072 0.3262777 2.23296
-0.07353421 1.549168 2.374562
-0.292289 0.9209982 2.206861
-0.3318637 1.007818 2.210952
0.2249926 0.8995828 2.306768
0.254478 0.9706328 2.27386
126
-0.06433948 1.009703 2.384871
-0.07024889 1.322696 2.383419
-0.07457842 1.622237 2.368826
-0.07069542 1.748981 2.358077
-0.2332959 1.499387 2.363825
-0.285416 1.249341 2.336807
-0.2910638 1.053557 2.24774
-0.2959903 0.9952813 2.211985
0.08801749 1.503053 2.385557
0.1615229 1.244869 2.389198
0.2109085 1.033613 2.320266
0.2252418 0.9708017 2.300794
-0.1381299 1.006793 2.342971
-0.1505975 0.6947062 2.337886
-0.1338663 0.2831987 2.354179
-0.159067 0.2793598 2.2831
0.01149292 1.012248 2.353158
0.02854747 0.7017156 2.352132
0.03010934 0.3241885 2.345224
0.0386072 0.3262777 2.23296
-0.07353421 1.549168 2.374562
-0.292289 0.9209982 2.206861
-0.3318637 1.007818 2.210952
0.2249926 0.8995828 2.306768
0.254478 0.9706328 2.27386
127
-0.06417664 1.009496 2.384865
-0.07007591 1.322433 2.383472
-0.0744516 1.622138 2.368965
-0.07051785 1.748961 2.358251
-0.2333611 1.499208 2.363647
-0.2869641 1.250384 2.336352
-0.2927106 1.054908 2.245653
-0.2960868 0.9941492 2.212209
0.08983424 1.502611 2.384939
0.1635762 1.24581 2.38853
0.2136211 1.033789 2.318888
0.2242355 0.9709319 2.297872
-0.1379688 1.006593 2.342972
-0.1503994 0.6944416 2.33803
-0.1339488 0.2831735 2.354183
-0.1590767 0.2793758 2.28308
0.01166971 1.012026 2.353135
0.0286735 0.7013856 2.352173
0.03010037 0.3241616 2.345226
0.0385337 0.3262612 2.232953
-0.07340407 1.549014 2.374688
-0.2932099 0.9203787 2.206505
-0.3300748 1.001429 2.213886
0.2257316 0.9003899 2.303494
0.2523338 0.9721292 2.276144
128
-0.06417664 1.009496 2.384865
-0.07007591 1.322433 2.383472
-0.0744516 1.622138 2.368965
-0.07051785 1.748961 2.358251
-0.2333611 1.499208 2.363647
-0.2869641 1.250384 2.336352
-0.2927106 1.054908 2.245653
-0.2960868 0.9941492 2.212209
0.08983424 1.502611 2.384939
0.1635762 1.24581 2.38853
0.2136211 1.033789 2.318888
0.2242355 0.9709319 2.297872
-0.1379688 1.006593 2.342972
-0.1503994 0.6944416 2.33803
-0.1339488 0.2831735 2.354183
-0.1590767 0.2793758 2.28308
0.01166971 1.012026 2.353135
0.0286735 0.7013856 2.352173
0.03010037 0.3241616 2.345226
0.0385337 0.3262612 2.232953
-0.07340407 1.549014 2.374688
-0.2932099 0.9203787 2.206505
-0.3300748 1.001429 2.213886
0.2257316 0.9003899 2.303494
0.2523338 0.9721292 2.276144
