115
1
-0.0234856 1.073658 2.213594
-0.03647976 1.396752 2.207487
-0.04842506 1.707187 2.189855
-0.06202433 1.846325 2.146821
-0.233459 1.578907 2.224288
-0.263821 1.335716 2.231492
-0.2450173 1.115948 2.179414
-0.2348388 1.05131 2.16536
0.1234712 1.599097 2.197526
0.1822493 1.35807 2.23255
0.1851447 1.131554 2.188421
0.1720823 1.060278 2.165049
-0.104955 1.06558 2.18286
-0.08024765 0.6552454 2.209154
-0.0483447 0.2514665 2.25277
-0.05341257 0.2412262 2.161676
0.05892385 1.079279 2.170589
0.06404776 0.6474809 2.217571
0.0469069 0.2513034 2.264521
0.04537307 0.2408405 2.175672
-0.04550522 1.631326 2.196352
-0.2192137 0.9706966 2.166948
-0.2691162 1.036331 2.170421
0.1646212 0.9865713 2.165866
0.2029884 1.040732 2.16734
2
-0.02342347 1.073639 2.21366
-0.03647108 1.39674 2.207515
-0.04861932 1.707165 2.189791
-0.06172767 1.846469 2.146863
-0.2334126 1.578831 2.224199
-0.2638458 1.335712 2.231511
-0.2450305 1.115858 2.179518
-0.2348783 1.050972 2.165396
0.1234873 1.599097 2.197582
0.1822633 1.35807 2.23263
0.1846207 1.133421 2.188777
0.1720137 1.060565 2.165218
-0.104904 1.065562 2.182891
-0.08026335 0.655339 2.209416
-0.04837029 0.2514265 2.252902
-0.05329162 0.2412399 2.161894
0.05899221 1.079259 2.1707
0.06406968 0.6475136 2.217602
0.04691635 0.2513011 2.264555
0.04535411 0.2408324 2.175647
-0.04561069 1.631306 2.196334
-0.2185238 0.9703521 2.166134
-0.2694159 1.036958 2.170535
0.1644711 0.9865816 2.165661
0.2025686 1.05635 2.169602
3
-0.02342347 1.073639 2.21366
-0.03647108 1.39674 2.207515
-0.04861932 1.707165 2.189791
-0.06172767 1.846469 2.146863
-0.2334126 1.578831 2.224199
-0.2638458 1.335712 2.231511
-0.2450305 1.115858 2.179518
-0.2348783 1.050972 2.165396
0.1234873 1.599097 2.197582
0.1822633 1.35807 2.23263
0.1846207 1.133421 2.188777
0.1720137 1.060565 2.165218
-0.104904 1.065562 2.182891
-0.08026335 0.655339 2.209416
-0.04837029 0.2514265 2.252902
-0.05329162 0.2412399 2.161894
0.05899221 1.079259 2.1707
0.06406968 0.6475136 2.217602
0.04691635 0.2513011 2.264555
0.04535411 0.2408324 2.175647
-0.04561069 1.631306 2.196334
-0.2185238 0.9703521 2.166134
-0.2694159 1.036958 2.170535
0.1644711 0.9865816 2.165661
0.2025686 1.05635 2.169602
4
-0.02337827 1.073622 2.213715
-0.0364737 1.396728 2.207536
-0.04885572 1.707156 2.189685
-0.06146293 1.846609 2.146873
-0.2333752 1.578753 2.224061
-0.2638995 1.335737 2.231504
-0.245045 1.115686 2.17957
-0.2349433 1.050598 2.165259
0.1234894 1.5991 2.197616
0.1822676 1.358078 2.232687
0.1837251 1.132519 2.187612
0.1718882 1.060527 2.165223
-0.1048681 1.065547 2.182914
-0.08027761 0.6554254 2.209657
-0.04839387 0.2513939 2.253025
-0.05321346 0.2412503 2.162069
0.05904074 1.079239 2.170802
0.06408671 0.647552 2.217632
0.04694752 0.2513086 2.264596
0.04533811 0.2408343 2.175633
-0.04575356 1.631292 2.196287
-0.2182253 0.9700775 2.165938
-0.2689539 1.033237 2.169578
0.1644428 0.9865969 2.16566
0.2020087 1.056228 2.168766
5
-0.02337827 1.073622 2.213715
-0.0364737 1.396728 2.207536
-0.04885572 1.707156 2.189685
-0.06146293 1.846609 2.146873
-0.2333752 1.578753 2.224061
-0.2638995 1.335737 2.231504
-0.245045 1.115686 2.17957
-0.2349433 1.050598 2.165259
0.1234894 1.5991 2.197616
0.1822676 1.358078 2.232687
0.1837251 1.132519 2.187612
0.1718882 1.060527 2.165223
-0.1048681 1.065547 2.182914
-0.08027761 0.6554254 2.209657
-0.04839387 0.2513939 2.253025
-0.05321346 0.2412503 2.162069
0.05904074 1.079239 2.170802
0.06408671 0.647552 2.217632
0.04694752 0.2513086 2.264596
0.04533811 0.2408343 2.175633
-0.04575356 1.631292 2.196287
-0.2182253 0.9700775 2.165938
-0.2689539 1.033237 2.169578
0.1644428 0.9865969 2.16566
0.2020087 1.056228 2.168766
6
-0.02334403 1.073607 2.21376
-0.03649173 1.396716 2.207546
-0.04916031 1.707152 2.189503
-0.06123979 1.846752 2.146853
-0.2333537 1.578665 2.223895
-0.2639821 1.335789 2.231455
-0.2450629 1.115501 2.179607
-0.2350637 1.050184 2.16496
0.1234701 1.599108 2.19763
0.1822647 1.358091 2.232729
0.1829279 1.131514 2.186471
0.1717504 1.060468 2.165226
-0.1048412 1.065534 2.182931
-0.08029022 0.6555008 2.209876
-0.04846066 0.2514112 2.253167
-0.05315785 0.2412928 2.162173
0.05907656 1.079221 2.170888
0.06410226 0.6475877 2.217661
0.04699982 0.2513209 2.264588
0.04531578 0.2408602 2.175642
-0.04595426 1.631281 2.196183
-0.2173521 0.9698399 2.16496
-0.2692832 1.030395 2.169046
0.1643932 0.9866335 2.165644
0.2015208 1.054087 2.168472
7
-0.02334403 1.073607 2.21376
-0.03649173 1.396716 2.207546
-0.04916031 1.707152 2.189503
-0.06123979 1.846752 2.146853
-0.2333537 1.578665 2.223895
-0.2639821 1.335789 2.231455
-0.2450629 1.115501 2.179607
-0.2350637 1.050184 2.16496
0.1234701 1.599108 2.19763
0.1822647 1.358091 2.232729
0.1829279 1.131514 2.186471
0.1717504 1.060468 2.165226
-0.1048412 1.065534 2.182931
-0.08029022 0.6555008 2.209876
-0.04846066 0.2514112 2.253167
-0.05315785 0.2412928 2.162173
0.05907656 1.079221 2.170888
0.06410226 0.6475877 2.217661
0.04699982 0.2513209 2.264588
0.04531578 0.2408602 2.175642
-0.04595426 1.631281 2.196183
-0.2173521 0.9698399 2.16496
-0.2692832 1.030395 2.169046
0.1643932 0.9866335 2.165644
0.2015208 1.054087 2.168472
8
-0.0233275 1.073597 2.213791
-0.03654632 1.396705 2.207527
-0.04951787 1.707164 2.189222
-0.06104473 1.846903 2.146798
-0.2333627 1.578557 2.223637
-0.2641054 1.335866 2.231355
-0.2450886 1.115308 2.179608
-0.2352176 1.04975 2.164586
0.1234287 1.599125 2.19762
0.1822529 1.35811 2.232756
0.1823013 1.130415 2.18539
0.1716327 1.06046 2.16519
-0.1048277 1.065525 2.182941
-0.08030393 0.6555902 2.210055
-0.04852441 0.2514409 2.2533
-0.05310192 0.2413403 2.162266
0.05909117 1.079207 2.170947
0.06411141 0.6476129 2.217687
0.047046 0.2513353 2.264572
0.0452928 0.240891 2.175658
-0.04621495 1.631281 2.195996
-0.2169989 0.9696658 2.164109
-0.2694888 1.029769 2.168756
0.1642329 0.9866686 2.16556
0.201175 1.052087 2.168363
9
-0.0233275 1.073597 2.213791
-0.03654632 1.396705 2.207527
-0.04951787 1.707164 2.189222
-0.06104473 1.846903 2.146798
-0.2333627 1.578557 2.223637
-0.2641054 1.335866 2.231355
-0.2450886 1.115308 2.179608
-0.2352176 1.04975 2.164586
0.1234287 1.599125 2.19762
0.1822529 1.35811 2.232756
0.1823013 1.130415 2.18539
0.1716327 1.06046 2.16519
-0.1048277 1.065525 2.182941
-0.08030393 0.6555902 2.210055
-0.04852441 0.2514409 2.2533
-0.05310192 0.2413403 2.162266
0.05909117 1.079207 2.170947
0.06411141 0.6476129 2.217687
0.047046 0.2513353 2.264572
0.0452928 0.240891 2.175658
-0.04621495 1.631281 2.195996
-0.2169989 0.9696658 2.164109
-0.2694888 1.029769 2.168756
0.1642329 0.9866686 2.16556
0.201175 1.052087 2.168363
10
-0.02332392 1.073587 2.213816
-0.03665216 1.396695 2.207473
-0.049971 1.707193 2.188826
-0.06088319 1.847076 2.146695
-0.2334054 1.578446 2.223336
-0.2642784 1.33597 2.231201
-0.2451353 1.115067 2.179562
-0.2354325 1.049393 2.164138
0.1233288 1.599158 2.197554
0.1822247 1.358145 2.232766
0.18156 1.128683 2.18382
0.17145 1.060433 2.165051
-0.1048273 1.065514 2.182948
-0.08035762 0.6556244 2.210225
-0.04860193 0.2514706 2.253413
-0.05301528 0.2413841 2.162269
0.05909109 1.079196 2.170995
0.06411891 0.6476294 2.217705
0.04709577 0.2513648 2.264573
0.04527314 0.2409289 2.175679
-0.04656859 1.631294 2.195712
-0.2161793 0.9694532 2.162692
-0.268487 1.023879 2.166902
0.1639562 0.9867179 2.165172
0.200453 1.049327 2.166639
11
-0.02332392 1.073587 2.213816
-0.03665216 1.396695 2.207473
-0.049971 1.707193 2.188826
-0.06088319 1.847076 2.146695
-0.2334054 1.578446 2.223336
-0.2642784 1.33597 2.231201
-0.2451353 1.115067 2.179562
-0.2354325 1.049393 2.164138
0.1233288 1.599158 2.197554
0.1822247 1.358145 2.232766
0.18156 1.128683 2.18382
0.17145 1.060433 2.165051
-0.1048273 1.065514 2.182948
-0.08035762 0.6556244 2.210225
-0.04860193 0.2514706 2.253413
-0.05301528 0.2413841 2.162269
0.05909109 1.079196 2.170995
0.06411891 0.6476294 2.217705
0.04709577 0.2513648 2.264573
0.04527314 0.2409289 2.175679
-0.04656859 1.631294 2.195712
-0.2161793 0.9694532 2.162692
-0.268487 1.023879 2.166902
0.1639562 0.9867179 2.165172
0.200453 1.049327 2.166639
12
-0.02340038 1.073578 2.213802
-0.03687186 1.396685 2.207314
-0.05048011 1.707214 2.188311
-0.06076628 1.847253 2.146538
-0.2334792 1.578326 2.222972
-0.264484 1.336075 2.231008
-0.245196 1.114875 2.179486
-0.2355361 1.048977 2.163635
0.1231432 1.599222 2.197384
0.1821306 1.358212 2.232673
0.1809535 1.127146 2.182429
0.1712013 1.060375 2.164757
-0.1049031 1.065505 2.182919
-0.08042011 0.6556552 2.210366
-0.04866354 0.2514976 2.253488
-0.05294323 0.2414274 2.162256
0.05900187 1.079185 2.170989
0.06411888 0.6476439 2.217713
0.04712822 0.2515067 2.264514
0.04506706 0.2410702 2.175429
-0.04700695 1.631302 2.195299
-0.2152057 0.9689932 2.161639
-0.2681785 1.021845 2.165613
0.1629946 0.9860828 2.164597
0.2002796 1.049449 2.166244
13
-0.02340038 1.073578 2.213802
-0.03687186 1.396685 2.207314
-0.05048011 1.707214 2.188311
-0.06076628 1.847253 2.146538
-0.2334792 1.578326 2.222972
-0.264484 1.336075 2.231008
-0.245196 1.114875 2.179486
-0.2355361 1.048977 2.163635
0.1231432 1.599222 2.197384
0.1821306 1.358212 2.232673
0.1809535 1.127146 2.182429
0.1712013 1.060375 2.164757
-0.1049031 1.065505 2.182919
-0.08042011 0.6556552 2.210366
-0.04866354 0.2514976 2.253488
-0.05294323 0.2414274 2.162256
0.05900187 1.079185 2.170989
0.06411888 0.6476439 2.217713
0.04712822 0.2515067 2.264514
0.04506706 0.2410702 2.175429
-0.04700695 1.631302 2.195299
-0.2152057 0.9689932 2.161639
-0.2681785 1.021845 2.165613
0.1629946 0.9860828 2.164597
0.2002796 1.049449 2.166244
14
-0.02351277 1.073572 2.213763
-0.03715687 1.396679 2.207081
-0.05103206 1.707244 2.18771
-0.06070299 1.847439 2.146327
-0.233586 1.578205 2.222561
-0.2648249 1.336283 2.23068
-0.2452626 1.114688 2.179397
-0.2357079 1.048599 2.16318
0.1228417 1.599339 2.197048
0.1819729 1.358336 2.232484
0.1804209 1.12552 2.180976
0.1709046 1.060308 2.164304
-0.1050131 1.065496 2.18287
-0.08051302 0.6557055 2.210456
-0.04870527 0.2515201 2.253546
-0.05286804 0.2414576 2.162235
0.05887387 1.079179 2.170943
0.06408048 0.6476544 2.217691
0.04713129 0.2516207 2.264453
0.04483685 0.2411786 2.175187
-0.04750234 1.631319 2.194794
-0.2145774 0.9686413 2.160853
-0.2688513 1.021695 2.165237
0.1626897 0.9860501 2.16425
0.2001432 1.049038 2.165832
15
-0.02351277 1.073572 2.213763
-0.03715687 1.396679 2.207081
-0.05103206 1.707244 2.18771
-0.06070299 1.847439 2.146327
-0.233586 1.578205 2.222561
-0.2648249 1.336283 2.23068
-0.2452626 1.114688 2.179397
-0.2357079 1.048599 2.16318
0.1228417 1.599339 2.197048
0.1819729 1.358336 2.232484
0.1804209 1.12552 2.180976
0.1709046 1.060308 2.164304
-0.1050131 1.065496 2.18287
-0.08051302 0.6557055 2.210456
-0.04870527 0.2515201 2.253546
-0.05286804 0.2414576 2.162235
0.05887387 1.079179 2.170943
0.06408048 0.6476544 2.217691
0.04713129 0.2516207 2.264453
0.04483685 0.2411786 2.175187
-0.04750234 1.631319 2.194794
-0.2145774 0.9686413 2.160853
-0.2688513 1.021695 2.165237
0.1626897 0.9860501 2.16425
0.2001432 1.049038 2.165832
16
-0.02373574 1.073571 2.213677
-0.03752054 1.396677 2.206781
-0.0515745 1.707272 2.187081
-0.06067996 1.847625 2.14606
-0.2337166 1.578091 2.22215
-0.2652263 1.336533 2.230309
-0.245346 1.114487 2.179289
-0.23585 1.048326 2.162867
0.122522 1.599469 2.196664
0.1817501 1.358474 2.232183
0.1799242 1.124014 2.179623
0.1705745 1.060192 2.163731
-0.1052321 1.0655 2.182783
-0.08061548 0.655746 2.210518
-0.04871433 0.2515049 2.253582
-0.05284373 0.2414371 2.162134
0.05863382 1.079171 2.170838
0.06360364 0.6474716 2.21752
0.0470967 0.2516688 2.264188
0.0446197 0.2412507 2.174953
-0.04801467 1.631337 2.194245
-0.2143529 0.9686378 2.160239
-0.270474 1.027072 2.164848
0.1621639 0.9860992 2.163667
0.1997487 1.047313 2.164126
17
-0.02373574 1.073571 2.213677
-0.03752054 1.396677 2.206781
-0.0515745 1.707272 2.187081
-0.06067996 1.847625 2.14606
-0.2337166 1.578091 2.22215
-0.2652263 1.336533 2.230309
-0.245346 1.114487 2.179289
-0.23585 1.048326 2.162867
0.122522 1.599469 2.196664
0.1817501 1.358474 2.232183
0.1799242 1.124014 2.179623
0.1705745 1.060192 2.163731
-0.1052321 1.0655 2.182783
-0.08061548 0.655746 2.210518
-0.04871433 0.2515049 2.253582
-0.05284373 0.2414371 2.162134
0.05863382 1.079171 2.170838
0.06360364 0.6474716 2.21752
0.0470967 0.2516688 2.264188
0.0446197 0.2412507 2.174953
-0.04801467 1.631337 2.194245
-0.2143529 0.9686378 2.160239
-0.270474 1.027072 2.164848
0.1621639 0.9860992 2.163667
0.1997487 1.047313 2.164126
18
-0.02408274 1.073589 2.213545
-0.03793943 1.396681 2.206446
-0.05207448 1.707292 2.186493
-0.06070993 1.847797 2.145757
-0.2339082 1.578043 2.221724
-0.2656218 1.336778 2.229944
-0.2454417 1.114289 2.179173
-0.2359634 1.048078 2.162594
0.1221414 1.599612 2.196185
0.1815047 1.358633 2.231833
0.1794878 1.122655 2.178359
0.1697854 1.059933 2.1625
-0.1055793 1.065528 2.182648
-0.08083755 0.6558301 2.210522
-0.04871765 0.2514752 2.253586
-0.05282059 0.2414032 2.162072
0.05828035 1.079178 2.170684
0.06299376 0.6473159 2.217187
0.04707659 0.2517341 2.263875
0.04440719 0.241319 2.17472
-0.04850838 1.631351 2.193713
-0.2140949 0.9685969 2.159624
-0.2708518 1.027732 2.164596
0.160636 0.9862561 2.161526
0.1945577 1.030792 2.159009
19
-0.02408274 1.073589 2.213545
-0.03793943 1.396681 2.206446
-0.05207448 1.707292 2.186493
-0.06070993 1.847797 2.145757
-0.2339082 1.578043 2.221724
-0.2656218 1.336778 2.229944
-0.2454417 1.114289 2.179173
-0.2359634 1.048078 2.162594
0.1221414 1.599612 2.196185
0.1815047 1.358633 2.231833
0.1794878 1.122655 2.178359
0.1697854 1.059933 2.1625
-0.1055793 1.065528 2.182648
-0.08083755 0.6558301 2.210522
-0.04871765 0.2514752 2.253586
-0.05282059 0.2414032 2.162072
0.05828035 1.079178 2.170684
0.06299376 0.6473159 2.217187
0.04707659 0.2517341 2.263875
0.04440719 0.241319 2.17472
-0.04850838 1.631351 2.193713
-0.2140949 0.9685969 2.159624
-0.2708518 1.027732 2.164596
0.160636 0.9862561 2.161526
0.1945577 1.030792 2.159009
20
-0.02514511 1.073672 2.213256
-0.03856918 1.396702 2.206027
-0.05253727 1.707309 2.185951
-0.06079735 1.847968 2.145406
-0.2341529 1.578049 2.221292
-0.2660425 1.337042 2.229611
-0.245546 1.114172 2.17906
-0.2360742 1.04787 2.162185
0.1216764 1.599772 2.195614
0.1812697 1.358822 2.231473
0.1787228 1.120786 2.175916
0.1673824 1.061312 2.156992
-0.1066025 1.065655 2.182393
-0.08103445 0.6559035 2.210493
-0.04872127 0.2514493 2.253584
-0.05280348 0.2413678 2.162021
0.05720481 1.07921 2.170328
0.0622602 0.647246 2.216702
0.04694383 0.2519503 2.263484
0.04402841 0.241488 2.174124
-0.04900606 1.631366 2.193196
-0.2137476 0.9683307 2.158819
-0.2704922 1.030188 2.163128
0.1568376 0.9889742 2.15108
0.1916002 1.029757 2.148931
21
-0.02514511 1.073672 2.213256
-0.03856918 1.396702 2.206027
-0.05253727 1.707309 2.185951
-0.06079735 1.847968 2.145406
-0.2341529 1.578049 2.221292
-0.2660425 1.337042 2.229611
-0.245546 1.114172 2.17906
-0.2360742 1.04787 2.162185
0.1216764 1.599772 2.195614
0.1812697 1.358822 2.231473
0.1787228 1.120786 2.175916
0.1673824 1.061312 2.156992
-0.1066025 1.065655 2.182393
-0.08103445 0.6559035 2.210493
-0.04872127 0.2514493 2.253584
-0.05280348 0.2413678 2.162021
0.05720481 1.07921 2.170328
0.0622602 0.647246 2.216702
0.04694383 0.2519503 2.263484
0.04402841 0.241488 2.174124
-0.04900606 1.631366 2.193196
-0.2137476 0.9683307 2.158819
-0.2704922 1.030188 2.163128
0.1568376 0.9889742 2.15108
0.1916002 1.029757 2.148931
22
-0.02676868 1.07388 2.212673
-0.03940728 1.396755 2.205464
-0.05298096 1.707321 2.185425
-0.06094817 1.84813 2.145026
-0.2344977 1.578145 2.220866
-0.2665962 1.337517 2.229118
-0.245698 1.114081 2.178499
-0.2354836 1.047616 2.157506
0.1211756 1.599973 2.194996
0.1812366 1.359106 2.231273
0.1710255 1.122466 2.157651
0.1471898 1.07463 2.122644
-0.1081596 1.065928 2.181881
-0.08134253 0.6559905 2.210375
-0.04868849 0.2514448 2.253581
-0.05279025 0.2413298 2.161972
0.0555706 1.079339 2.169638
0.06150403 0.647167 2.216185
0.04685432 0.2520911 2.263135
0.04357071 0.2415828 2.173686
-0.04952379 1.631381 2.19266
-0.2125179 0.967873 2.155253
-0.2704559 1.03105 2.160984
0.1324258 0.9949072 2.118006
0.1763115 1.054002 2.105507
23
-0.02676868 1.07388 2.212673
-0.03940728 1.396755 2.205464
-0.05298096 1.707321 2.185425
-0.06094817 1.84813 2.145026
-0.2344977 1.578145 2.220866
-0.2665962 1.337517 2.229118
-0.245698 1.114081 2.178499
-0.2354836 1.047616 2.157506
0.1211756 1.599973 2.194996
0.1812366 1.359106 2.231273
0.1710255 1.122466 2.157651
0.1471898 1.07463 2.122644
-0.1081596 1.065928 2.181881
-0.08134253 0.6559905 2.210375
-0.04868849 0.2514448 2.253581
-0.05279025 0.2413298 2.161972
0.0555706 1.079339 2.169638
0.06150403 0.647167 2.216185
0.04685432 0.2520911 2.263135
0.04357071 0.2415828 2.173686
-0.04952379 1.631381 2.19266
-0.2125179 0.967873 2.155253
-0.2704559 1.03105 2.160984
0.1324258 0.9949072 2.118006
0.1763115 1.054002 2.105507
24
-0.02912936 1.07431 2.211693
-0.04053362 1.39688 2.204725
-0.0534218 1.707336 2.184912
-0.06117699 1.848296 2.14463
-0.2349983 1.578383 2.220361
-0.2676301 1.339196 2.226833
-0.2385501 1.111548 2.151143
-0.2179575 1.048214 2.123874
0.1206599 1.600265 2.194338
0.1817271 1.360087 2.230125
0.1476852 1.171275 2.120689
0.1021526 1.122691 2.083439
-0.1104248 1.066507 2.180948
-0.08167966 0.6560858 2.210177
-0.04866049 0.2514574 2.25356
-0.05277858 0.241297 2.161929
0.05319333 1.079603 2.168572
0.06075131 0.6472102 2.215479
0.04684656 0.2523422 2.262882
0.0431884 0.2416982 2.173143
-0.05008709 1.631409 2.192097
-0.2005127 0.9743924 2.118427
-0.2564394 1.040656 2.125792
0.09682444 1.06624 2.060725
0.1349045 1.070742 2.090753
25
-0.02912936 1.07431 2.211693
-0.04053362 1.39688 2.204725
-0.0534218 1.707336 2.184912
-0.06117699 1.848296 2.14463
-0.2349983 1.578383 2.220361
-0.2676301 1.339196 2.226833
-0.2385501 1.111548 2.151143
-0.2179575 1.048214 2.123874
0.1206599 1.600265 2.194338
0.1817271 1.360087 2.230125
0.1476852 1.171275 2.120689
0.1021526 1.122691 2.083439
-0.1104248 1.066507 2.180948
-0.08167966 0.6560858 2.210177
-0.04866049 0.2514574 2.25356
-0.05277858 0.241297 2.161929
0.05319333 1.079603 2.168572
0.06075131 0.6472102 2.215479
0.04684656 0.2523422 2.262882
0.0431884 0.2416982 2.173143
-0.05008709 1.631409 2.192097
-0.2005127 0.9743924 2.118427
-0.2564394 1.040656 2.125792
0.09682444 1.06624 2.060725
0.1349045 1.070742 2.090753
26
-0.03112718 1.074788 2.210744
-0.04157634 1.397039 2.204021
-0.05381626 1.707355 2.184459
-0.06143957 1.848435 2.144239
-0.2355757 1.578683 2.219808
-0.2691001 1.34602 2.217419
-0.2091795 1.130446 2.103148
-0.1761038 1.076516 2.074514
0.120189 1.600598 2.193699
0.1829803 1.374648 2.218485
0.08889949 1.22558 2.061724
0.03254727 1.190257 2.047035
-0.1123533 1.067097 2.18
-0.08216498 0.6562597 2.209833
-0.04860631 0.2513345 2.253532
-0.05256891 0.2411767 2.162452
0.05119001 1.079957 2.167588
0.06006908 0.6472834 2.214769
0.04679108 0.2525503 2.262492
0.04281623 0.2418144 2.172585
-0.05060454 1.631447 2.191587
-0.1660934 1.005553 2.0578
-0.2202794 1.06235 2.056147
0.008665457 1.144918 2.031009
0.0846986 1.13468 2.066338
27
-0.03112718 1.074788 2.210744
-0.04157634 1.397039 2.204021
-0.05381626 1.707355 2.184459
-0.06143957 1.848435 2.144239
-0.2355757 1.578683 2.219808
-0.2691001 1.34602 2.217419
-0.2091795 1.130446 2.103148
-0.1761038 1.076516 2.074514
0.120189 1.600598 2.193699
0.1829803 1.374648 2.218485
0.08889949 1.22558 2.061724
0.03254727 1.190257 2.047035
-0.1123533 1.067097 2.18
-0.08216498 0.6562597 2.209833
-0.04860631 0.2513345 2.253532
-0.05256891 0.2411767 2.162452
0.05119001 1.079957 2.167588
0.06006908 0.6472834 2.214769
0.04679108 0.2525503 2.262492
0.04281623 0.2418144 2.172585
-0.05060454 1.631447 2.191587
-0.1660934 1.005553 2.0578
-0.2202794 1.06235 2.056147
0.008665457 1.144918 2.031009
0.0846986 1.13468 2.066338
28
-0.03281799 1.075186 2.21003
-0.0424836 1.397179 2.203448
-0.05414421 1.707368 2.184089
-0.06171444 1.848543 2.143881
-0.2361007 1.579006 2.219077
-0.2695986 1.35981 2.196239
-0.1672394 1.174903 2.041434
-0.1141017 1.122397 2.020198
0.1197865 1.600887 2.193097
0.1832918 1.404301 2.189848
0.01733108 1.311451 2.007705
-0.03809525 1.265743 2.027714
-0.11396 1.06759 2.179243
-0.08290351 0.6565438 2.209313
-0.04856697 0.251309 2.253433
-0.05259129 0.2410778 2.162594
0.04946235 1.080247 2.166906
0.05945101 0.6473423 2.214079
0.0467336 0.2527262 2.262066
0.0424477 0.2419097 2.171983
-0.05104544 1.631479 2.191166
-0.1074998 1.068179 1.986174
-0.1543438 1.080212 2.027256
-0.09315591 1.203104 1.989252
0.01950991 1.203649 2.045673
29
-0.03281799 1.075186 2.21003
-0.0424836 1.397179 2.203448
-0.05414421 1.707368 2.184089
-0.06171444 1.848543 2.143881
-0.2361007 1.579006 2.219077
-0.2695986 1.35981 2.196239
-0.1672394 1.174903 2.041434
-0.1141017 1.122397 2.020198
0.1197865 1.600887 2.193097
0.1832918 1.404301 2.189848
0.01733108 1.311451 2.007705
-0.03809525 1.265743 2.027714
-0.11396 1.06759 2.179243
-0.08290351 0.6565438 2.209313
-0.04856697 0.251309 2.253433
-0.05259129 0.2410778 2.162594
0.04946235 1.080247 2.166906
0.05945101 0.6473423 2.214079
0.0467336 0.2527262 2.262066
0.0424477 0.2419097 2.171983
-0.05104544 1.631479 2.191166
-0.1074998 1.068179 1.986174
-0.1543438 1.080212 2.027256
-0.09315591 1.203104 1.989252
0.01950991 1.203649 2.045673
30
-0.03451886 1.075544 2.209551
-0.0433188 1.397301 2.20302
-0.05440661 1.707374 2.183811
-0.06202268 1.848638 2.143585
-0.2359598 1.579507 2.21738
-0.2515293 1.370548 2.148419
-0.09870456 1.238513 1.96563
-0.04225466 1.207682 1.956828
0.1192207 1.600998 2.192165
0.1823484 1.424423 2.164808
-0.002242885 1.405925 2.00173
-0.08690199 1.395587 2.002778
-0.1155984 1.0681 2.178692
-0.08376987 0.6569732 2.208731
-0.0485971 0.2511902 2.253286
-0.05262633 0.2409027 2.162773
0.04772677 1.080444 2.166496
0.05887672 0.6473498 2.213403
0.04670832 0.2528189 2.26155
0.04214602 0.241954 2.171365
-0.05141569 1.631502 2.190844
-0.02374785 1.18946 1.918236
-0.04843757 1.161823 1.990633
-0.1422725 1.399029 1.948612
-0.08774769 1.356015 2.034764
31
-0.03451886 1.075544 2.209551
-0.0433188 1.397301 2.20302
-0.05440661 1.707374 2.183811
-0.06202268 1.848638 2.143585
-0.2359598 1.579507 2.21738
-0.2515293 1.370548 2.148419
-0.09870456 1.238513 1.96563
-0.04225466 1.207682 1.956828
0.1192207 1.600998 2.192165
0.1823484 1.424423 2.164808
-0.002242885 1.405925 2.00173
-0.08690199 1.395587 2.002778
-0.1155984 1.0681 2.178692
-0.08376987 0.6569732 2.208731
-0.0485971 0.2511902 2.253286
-0.05262633 0.2409027 2.162773
0.04772677 1.080444 2.166496
0.05887672 0.6473498 2.213403
0.04670832 0.2528189 2.26155
0.04214602 0.241954 2.171365
-0.05141569 1.631502 2.190844
-0.02374785 1.18946 1.918236
-0.04843757 1.161823 1.990633
-0.1422725 1.399029 1.948612
-0.08774769 1.356015 2.034764
32
-0.03599922 1.075837 2.209329
-0.0440904 1.397399 2.202734
-0.05463643 1.70737 2.1836
-0.06231381 1.848708 2.143357
-0.2345837 1.579512 2.212631
-0.2477369 1.387632 2.129863
-0.109006 1.339996 1.967787
0.02256969 1.343278 1.89437
0.1172562 1.601526 2.18971
0.1773422 1.440751 2.12581
0.04376394 1.420238 1.9568
-0.007899159 1.401338 1.918751
-0.1169619 1.068524 2.178253
-0.08437338 0.6564624 2.208564
-0.04865032 0.2509466 2.253089
-0.05268502 0.240701 2.163014
0.04588789 1.080582 2.166951
0.05834495 0.6472929 2.212812
0.04645813 0.2528585 2.260985
0.0419533 0.2419869 2.170857
-0.05175073 1.631513 2.190604
0.05534795 1.354401 1.851634
0.05205767 1.323204 1.916579
-0.03709767 1.387111 1.880713
-0.05605276 1.38465 1.920726
33
-0.03599922 1.075837 2.209329
-0.0440904 1.397399 2.202734
-0.05463643 1.70737 2.1836
-0.06231381 1.848708 2.143357
-0.2345837 1.579512 2.212631
-0.2477369 1.387632 2.129863
-0.109006 1.339996 1.967787
0.02256969 1.343278 1.89437
0.1172562 1.601526 2.18971
0.1773422 1.440751 2.12581
0.04376394 1.420238 1.9568
-0.007899159 1.401338 1.918751
-0.1169619 1.068524 2.178253
-0.08437338 0.6564624 2.208564
-0.04865032 0.2509466 2.253089
-0.05268502 0.240701 2.163014
0.04588789 1.080582 2.166951
0.05834495 0.6472929 2.212812
0.04645813 0.2528585 2.260985
0.0419533 0.2419869 2.170857
-0.05175073 1.631513 2.190604
0.05534795 1.354401 1.851634
0.05205767 1.323204 1.916579
-0.03709767 1.387111 1.880713
-0.05605276 1.38465 1.920726
34
-0.03710101 1.075781 2.209308
-0.04471526 1.397425 2.202542
-0.05482876 1.707364 2.183432
-0.06253761 1.848791 2.143206
-0.2258138 1.578804 2.191308
-0.245915 1.39496 2.118982
-0.09181269 1.438344 1.959031
-0.02102481 1.460464 1.931458
0.1149719 1.602251 2.187417
0.1755463 1.447924 2.109885
0.03162735 1.521048 1.901782
0.003483842 1.506823 1.899397
-0.1180602 1.068575 2.177728
-0.08446091 0.6540263 2.208946
-0.04873887 0.2505101 2.252775
-0.05277059 0.2404331 2.163287
0.04434602 1.079853 2.168685
0.05780196 0.6470354 2.212265
0.0461641 0.2528703 2.260428
0.04180902 0.2419999 2.170415
-0.05203295 1.631517 2.190413
0.04603923 1.486199 1.866012
0.0006465986 1.48451 1.938542
-0.04227442 1.482602 1.896588
-0.01113582 1.480218 1.937931
35
-0.03710101 1.075781 2.209308
-0.04471526 1.397425 2.202542
-0.05482876 1.707364 2.183432
-0.06253761 1.848791 2.143206
-0.2258138 1.578804 2.191308
-0.245915 1.39496 2.118982
-0.09181269 1.438344 1.959031
-0.02102481 1.460464 1.931458
0.1149719 1.602251 2.187417
0.1755463 1.447924 2.109885
0.03162735 1.521048 1.901782
0.003483842 1.506823 1.899397
-0.1180602 1.068575 2.177728
-0.08446091 0.6540263 2.208946
-0.04873887 0.2505101 2.252775
-0.05277059 0.2404331 2.163287
0.04434602 1.079853 2.168685
0.05780196 0.6470354 2.212265
0.0461641 0.2528703 2.260428
0.04180902 0.2419999 2.170415
-0.05203295 1.631517 2.190413
0.04603923 1.486199 1.866012
0.0006465986 1.48451 1.938542
-0.04227442 1.482602 1.896588
-0.01113582 1.480218 1.937931
36
-0.03801601 1.075661 2.20938
-0.04531002 1.397469 2.202358
-0.05532452 1.707723 2.182688
-0.06277469 1.848918 2.143118
-0.2185595 1.58101 2.173578
-0.2478141 1.402856 2.108779
-0.07255965 1.534034 1.950123
0.01603458 1.581322 1.92333
0.1123145 1.602157 2.183591
0.145736 1.458096 2.056698
-0.04655798 1.528953 1.934517
-0.06984133 1.541635 1.936217
-0.1191108 1.068566 2.177456
-0.08450944 0.652096 2.209338
-0.04892871 0.2501256 2.252456
-0.05289648 0.24023 2.163478
0.04324653 1.079159 2.17008
0.05701229 0.6464759 2.211814
0.0458663 0.2528406 2.259877
0.04148573 0.2419726 2.169853
-0.05253683 1.631738 2.189903
0.06585983 1.605342 1.875026
-0.05162936 1.605461 1.960986
-0.1533342 1.491392 1.966588
-0.09770125 1.495516 2.003191
37
-0.03801601 1.075661 2.20938
-0.04531002 1.397469 2.202358
-0.05532452 1.707723 2.182688
-0.06277469 1.848918 2.143118
-0.2185595 1.58101 2.173578
-0.2478141 1.402856 2.108779
-0.07255965 1.534034 1.950123
0.01603458 1.581322 1.92333
0.1123145 1.602157 2.183591
0.145736 1.458096 2.056698
-0.04655798 1.528953 1.934517
-0.06984133 1.541635 1.936217
-0.1191108 1.068566 2.177456
-0.08450944 0.652096 2.209338
-0.04892871 0.2501256 2.252456
-0.05289648 0.24023 2.163478
0.04324653 1.079159 2.17008
0.05701229 0.6464759 2.211814
0.0458663 0.2528406 2.259877
0.04148573 0.2419726 2.169853
-0.05253683 1.631738 2.189903
0.06585983 1.605342 1.875026
-0.05162936 1.605461 1.960986
-0.1533342 1.491392 1.966588
-0.09770125 1.495516 2.003191
38
-0.03878313 1.075585 2.209517
-0.04615222 1.397773 2.202202
-0.05654611 1.709005 2.181697
-0.06310424 1.84916 2.143064
-0.2140698 1.583853 2.162399
-0.2499965 1.40806 2.106209
-0.06761651 1.570291 1.950401
-0.02523865 1.613291 1.945452
0.1053807 1.603652 2.167102
0.1198881 1.46684 2.009663
-0.04859295 1.592978 1.934713
-0.07323114 1.58227 1.93394
-0.1203234 1.068749 2.177488
-0.08442001 0.6506818 2.20974
-0.04918658 0.2497465 2.252156
-0.05301112 0.2400454 2.163632
0.04252843 1.078737 2.170969
0.05610598 0.6460829 2.211425
0.04551151 0.2527823 2.259319
0.04119875 0.2419439 2.169362
-0.05367758 1.632705 2.1892
-0.005409262 1.60614 1.92939
-0.08438273 1.578581 1.940805
-0.1456311 1.568613 1.959228
-0.105697 1.537653 1.956568
39
-0.03878313 1.075585 2.209517
-0.04615222 1.397773 2.202202
-0.05654611 1.709005 2.181697
-0.06310424 1.84916 2.143064
-0.2140698 1.583853 2.162399
-0.2499965 1.40806 2.106209
-0.06761651 1.570291 1.950401
-0.02523865 1.613291 1.945452
0.1053807 1.603652 2.167102
0.1198881 1.46684 2.009663
-0.04859295 1.592978 1.934713
-0.07323114 1.58227 1.93394
-0.1203234 1.068749 2.177488
-0.08442001 0.6506818 2.20974
-0.04918658 0.2497465 2.252156
-0.05301112 0.2400454 2.163632
0.04252843 1.078737 2.170969
0.05610598 0.6460829 2.211425
0.04551151 0.2527823 2.259319
0.04119875 0.2419439 2.169362
-0.05367758 1.632705 2.1892
-0.005409262 1.60614 1.92939
-0.08438273 1.578581 1.940805
-0.1456311 1.568613 1.959228
-0.105697 1.537653 1.956568
40
-0.03936543 1.075517 2.209661
-0.04706837 1.39873 2.201594
-0.05859818 1.71642 2.175427
-0.06409892 1.851033 2.14229
-0.21194 1.58529 2.156493
-0.2614829 1.416325 2.137228
-0.1303464 1.567661 1.983898
-0.08347552 1.622262 1.96413
0.09534726 1.614277 2.135369
0.1092883 1.470182 1.990841
-0.05475946 1.608438 1.943523
-0.08216756 1.602824 1.942333
-0.1213057 1.068901 2.177557
-0.08424874 0.6500049 2.209989
-0.04946392 0.2494032 2.25187
-0.05308121 0.239876 2.163742
0.04209311 1.078437 2.171641
0.05520712 0.6457709 2.211183
0.0452954 0.2527009 2.258875
0.04106082 0.2419149 2.169099
-0.05550343 1.637782 2.185062
-0.03443327 1.630558 1.9346
-0.1239547 1.614141 1.962245
-0.1608903 1.589335 1.971241
-0.08750579 1.575067 1.976785
41
-0.03936543 1.075517 2.209661
-0.04706837 1.39873 2.201594
-0.05859818 1.71642 2.175427
-0.06409892 1.851033 2.14229
-0.21194 1.58529 2.156493
-0.2614829 1.416325 2.137228
-0.1303464 1.567661 1.983898
-0.08347552 1.622262 1.96413
0.09534726 1.614277 2.135369
0.1092883 1.470182 1.990841
-0.05475946 1.608438 1.943523
-0.08216756 1.602824 1.942333
-0.1213057 1.068901 2.177557
-0.08424874 0.6500049 2.209989
-0.04946392 0.2494032 2.25187
-0.05308121 0.239876 2.163742
0.04209311 1.078437 2.171641
0.05520712 0.6457709 2.211183
0.0452954 0.2527009 2.258875
0.04106082 0.2419149 2.169099
-0.05550343 1.637782 2.185062
-0.03443327 1.630558 1.9346
-0.1239547 1.614141 1.962245
-0.1608903 1.589335 1.971241
-0.08750579 1.575067 1.976785
42
-0.03979765 1.075367 2.209805
-0.04777801 1.39923 2.200321
-0.05941449 1.718736 2.166664
-0.06530669 1.852277 2.142051
-0.2106014 1.585981 2.152746
-0.2667586 1.418985 2.153828
-0.1375243 1.581938 1.999455
-0.08285706 1.655699 1.969938
0.09219559 1.616736 2.125133
0.08086228 1.490698 1.952721
-0.08789574 1.606557 1.960659
-0.1174221 1.601824 1.960327
-0.1220504 1.068916 2.177585
-0.0840208 0.6495934 2.210205
-0.04971968 0.2490039 2.251629
-0.05316998 0.2396388 2.163922
0.04189876 1.078052 2.17221
0.05443311 0.6455046 2.211009
0.04514691 0.252619 2.258509
0.04096071 0.2418856 2.168911
-0.05647146 1.63977 2.178636
-0.02197667 1.694136 1.95288
-0.1142504 1.653366 1.953853
-0.2098511 1.57778 2.009518
-0.1211674 1.558733 2.032606
43
-0.03979765 1.075367 2.209805
-0.04777801 1.39923 2.200321
-0.05941449 1.718736 2.166664
-0.06530669 1.852277 2.142051
-0.2106014 1.585981 2.152746
-0.2667586 1.418985 2.153828
-0.1375243 1.581938 1.999455
-0.08285706 1.655699 1.969938
0.09219559 1.616736 2.125133
0.08086228 1.490698 1.952721
-0.08789574 1.606557 1.960659
-0.1174221 1.601824 1.960327
-0.1220504 1.068916 2.177585
-0.0840208 0.6495934 2.210205
-0.04971968 0.2490039 2.251629
-0.05316998 0.2396388 2.163922
0.04189876 1.078052 2.17221
0.05443311 0.6455046 2.211009
0.04514691 0.252619 2.258509
0.04096071 0.2418856 2.168911
-0.05647146 1.63977 2.178636
-0.02197667 1.694136 1.95288
-0.1142504 1.653366 1.953853
-0.2098511 1.57778 2.009518
-0.1211674 1.558733 2.032606
44
-0.0400583 1.075162 2.209933
-0.04809308 1.402271 2.195418
-0.05865502 1.741712 2.138635
-0.07431804 1.879838 2.132456
-0.2098863 1.586417 2.150212
-0.2707144 1.420025 2.161549
-0.1487983 1.58321 2.006899
-0.08359136 1.666124 1.976015
0.09014351 1.619526 2.116657
0.07309486 1.495665 1.939898
-0.09726775 1.611199 1.967682
-0.131664 1.605155 1.967237
-0.1225254 1.068871 2.177566
-0.08381122 0.6493538 2.210405
-0.04996919 0.2486678 2.2514
-0.05346856 0.2394145 2.163849
0.04200016 1.077589 2.172687
0.05356999 0.6450369 2.21102
0.04510309 0.2525191 2.258223
0.04079793 0.2418496 2.16873
-0.05608251 1.656988 2.156287
0.008028951 1.667439 1.925591
-0.129625 1.634135 1.940259
-0.225313 1.584533 2.019263
-0.1268323 1.570801 2.0369
45
-0.0400583 1.075162 2.209933
-0.04809308 1.402271 2.195418
-0.05865502 1.741712 2.138635
-0.07431804 1.879838 2.132456
-0.2098863 1.586417 2.150212
-0.2707144 1.420025 2.161549
-0.1487983 1.58321 2.006899
-0.08359136 1.666124 1.976015
0.09014351 1.619526 2.116657
0.07309486 1.495665 1.939898
-0.09726775 1.611199 1.967682
-0.131664 1.605155 1.967237
-0.1225254 1.068871 2.177566
-0.08381122 0.6493538 2.210405
-0.04996919 0.2486678 2.2514
-0.05346856 0.2394145 2.163849
0.04200016 1.077589 2.172687
0.05356999 0.6450369 2.21102
0.04510309 0.2525191 2.258223
0.04079793 0.2418496 2.16873
-0.05608251 1.656988 2.156287
0.008028951 1.667439 1.925591
-0.129625 1.634135 1.940259
-0.225313 1.584533 2.019263
-0.1268323 1.570801 2.0369
46
-0.04010684 1.074688 2.210044
-0.04807551 1.404098 2.190924
-0.05831107 1.746319 2.128577
-0.07721675 1.88613 2.131192
-0.2097678 1.586379 2.148782
-0.2212439 1.433611 2.08453
-0.1247258 1.605681 1.984435
-0.07498762 1.667961 1.981325
0.08884795 1.621248 2.110916
0.06811144 1.499263 1.931608
-0.09980507 1.607077 1.973963
-0.1402888 1.606668 1.971606
-0.1228521 1.068598 2.177423
-0.08361794 0.6492668 2.210566
-0.05019426 0.248327 2.251202
-0.05367359 0.2391944 2.163956
0.04253564 1.076817 2.173092
0.05249571 0.6444317 2.211168
0.04512828 0.2523862 2.257966
0.04066445 0.2417931 2.16852
-0.05581083 1.66144 2.147084
0.008590784 1.683852 1.93373
-0.1160215 1.64425 1.935093
-0.2343124 1.587811 2.026683
-0.1311011 1.566715 2.053155
47
-0.04010684 1.074688 2.210044
-0.04807551 1.404098 2.190924
-0.05831107 1.746319 2.128577
-0.07721675 1.88613 2.131192
-0.2097678 1.586379 2.148782
-0.2212439 1.433611 2.08453
-0.1247258 1.605681 1.984435
-0.07498762 1.667961 1.981325
0.08884795 1.621248 2.110916
0.06811144 1.499263 1.931608
-0.09980507 1.607077 1.973963
-0.1402888 1.606668 1.971606
-0.1228521 1.068598 2.177423
-0.08361794 0.6492668 2.210566
-0.05019426 0.248327 2.251202
-0.05367359 0.2391944 2.163956
0.04253564 1.076817 2.173092
0.05249571 0.6444317 2.211168
0.04512828 0.2523862 2.257966
0.04066445 0.2417931 2.16852
-0.05581083 1.66144 2.147084
0.008590784 1.683852 1.93373
-0.1160215 1.64425 1.935093
-0.2343124 1.587811 2.026683
-0.1311011 1.566715 2.053155
48
-0.04002278 1.073928 2.210034
-0.04797151 1.404634 2.186892
-0.05781444 1.745735 2.122032
-0.07906336 1.888598 2.131279
-0.2101697 1.585895 2.148385
-0.1683043 1.512895 1.99347
-0.06011939 1.655277 1.964697
-0.01567901 1.698636 1.973989
0.0879854 1.622273 2.106894
0.06524388 1.501943 1.927017
-0.0981472 1.601145 1.977283
-0.1451406 1.605061 1.97432
-0.1231165 1.067857 2.176905
-0.0834467 0.6498635 2.210641
-0.05039949 0.247995 2.251028
-0.05386223 0.2389728 2.164086
0.04323313 1.075891 2.173329
0.05154147 0.6439575 2.211284
0.04518323 0.2522657 2.257743
0.04056349 0.2417238 2.168232
-0.05550038 1.661962 2.141151
0.06005264 1.73747 1.936577
-0.003192838 1.728575 1.951316
-0.2362272 1.584873 2.029117
-0.1328774 1.560391 2.060078
49
-0.04002278 1.073928 2.210034
-0.04797151 1.404634 2.186892
-0.05781444 1.745735 2.122032
-0.07906336 1.888598 2.131279
-0.2101697 1.585895 2.148385
-0.1683043 1.512895 1.99347
-0.06011939 1.655277 1.964697
-0.01567901 1.698636 1.973989
0.0879854 1.622273 2.106894
0.06524388 1.501943 1.927017
-0.0981472 1.601145 1.977283
-0.1451406 1.605061 1.97432
-0.1231165 1.067857 2.176905
-0.0834467 0.6498635 2.210641
-0.05039949 0.247995 2.251028
-0.05386223 0.2389728 2.164086
0.04323313 1.075891 2.173329
0.05154147 0.6439575 2.211284
0.04518323 0.2522657 2.257743
0.04056349 0.2417238 2.168232
-0.05550038 1.661962 2.141151
0.06005264 1.73747 1.936577
-0.003192838 1.728575 1.951316
-0.2362272 1.584873 2.029117
-0.1328774 1.560391 2.060078
50
-0.03976797 1.07295 2.20992
-0.04776118 1.404544 2.18361
-0.0571889 1.741918 2.118237
-0.08052193 1.887733 2.133338
-0.2109219 1.5851 2.148763
-0.1385176 1.555575 1.947034
-0.01707264 1.683805 1.951937
0.01342053 1.710588 1.96823
0.08742385 1.622952 2.103994
0.06537098 1.503011 1.927301
-0.09424174 1.596128 1.978946
-0.1454531 1.600259 1.976127
-0.1232325 1.066855 2.176195
-0.08324362 0.650569 2.21068
-0.05058178 0.2477402 2.250869
-0.05398654 0.2388118 2.164146
0.04412816 1.074841 2.173407
0.05053703 0.6433768 2.211475
0.04528468 0.2521519 2.257535
0.04051969 0.2416908 2.168134
-0.05506561 1.660315 2.137101
0.09645996 1.768468 1.939503
0.03049864 1.748307 1.950779
-0.2319861 1.579643 2.028897
-0.1302916 1.554273 2.063485
51
-0.03976797 1.07295 2.20992
-0.04776118 1.404544 2.18361
-0.0571889 1.741918 2.118237
-0.08052193 1.887733 2.133338
-0.2109219 1.5851 2.148763
-0.1385176 1.555575 1.947034
-0.01707264 1.683805 1.951937
0.01342053 1.710588 1.96823
0.08742385 1.622952 2.103994
0.06537098 1.503011 1.927301
-0.09424174 1.596128 1.978946
-0.1454531 1.600259 1.976127
-0.1232325 1.066855 2.176195
-0.08324362 0.650569 2.21068
-0.05058178 0.2477402 2.250869
-0.05398654 0.2388118 2.164146
0.04412816 1.074841 2.173407
0.05053703 0.6433768 2.211475
0.04528468 0.2521519 2.257535
0.04051969 0.2416908 2.168134
-0.05506561 1.660315 2.137101
0.09645996 1.768468 1.939503
0.03049864 1.748307 1.950779
-0.2319861 1.579643 2.028897
-0.1302916 1.554273 2.063485
52
-0.03951824 1.072013 2.209764
-0.04758111 1.404163 2.181076
-0.05649298 1.736033 2.117023
-0.08129209 1.884184 2.136688
-0.2118793 1.584209 2.149635
-0.1330304 1.563902 1.942758
0.0007043201 1.694138 1.946526
0.03095172 1.716283 1.96288
0.08714573 1.623354 2.101901
0.06756137 1.502744 1.930605
-0.09072883 1.590136 1.978603
-0.1437926 1.590276 1.977196
-0.123319 1.065852 2.175434
-0.08302166 0.6509246 2.210692
-0.05073188 0.2475693 2.250733
-0.05409727 0.2387032 2.164134
0.04491224 1.073919 2.173411
0.04967627 0.6429071 2.211622
0.04538651 0.2520544 2.257362
0.04049097 0.2416543 2.168035
-0.05455788 1.656917 2.134831
0.1094413 1.778612 1.939522
0.05228022 1.761079 1.950945
-0.2262606 1.56648 2.026165
-0.126443 1.545095 2.066057
53
-0.03951824 1.072013 2.209764
-0.04758111 1.404163 2.181076
-0.05649298 1.736033 2.117023
-0.08129209 1.884184 2.136688
-0.2118793 1.584209 2.149635
-0.1330304 1.563902 1.942758
0.0007043201 1.694138 1.946526
0.03095172 1.716283 1.96288
0.08714573 1.623354 2.101901
0.06756137 1.502744 1.930605
-0.09072883 1.590136 1.978603
-0.1437926 1.590276 1.977196
-0.123319 1.065852 2.175434
-0.08302166 0.6509246 2.210692
-0.05073188 0.2475693 2.250733
-0.05409727 0.2387032 2.164134
0.04491224 1.073919 2.173411
0.04967627 0.6429071 2.211622
0.04538651 0.2520544 2.257362
0.04049097 0.2416543 2.168035
-0.05455788 1.656917 2.134831
0.1094413 1.778612 1.939522
0.05228022 1.761079 1.950945
-0.2262606 1.56648 2.026165
-0.126443 1.545095 2.066057
54
-0.03928582 1.071115 2.209526
-0.04740383 1.403461 2.179029
-0.05569979 1.728565 2.117984
-0.08123666 1.878374 2.140802
-0.2130387 1.583317 2.150788
-0.13021 1.565297 1.946215
0.01389467 1.693116 1.94185
0.0430022 1.716662 1.95662
0.08713673 1.623487 2.100464
0.09224461 1.491064 1.948908
-0.08722576 1.581673 1.975154
-0.1402715 1.576686 1.977747
-0.1233842 1.064902 2.174613
-0.08277252 0.6512064 2.210701
-0.05086756 0.2474356 2.250607
-0.05418422 0.2386216 2.164079
0.04558964 1.073071 2.173294
0.04905021 0.6426053 2.211686
0.04545985 0.2519764 2.257215
0.04047007 0.2416165 2.167937
-0.05394441 1.651775 2.134243
0.1205416 1.772825 1.930762
0.06194624 1.759405 1.944467
-0.2159038 1.540925 2.015561
-0.1225756 1.525 2.056033
55
-0.03928582 1.071115 2.209526
-0.04740383 1.403461 2.179029
-0.05569979 1.728565 2.117984
-0.08123666 1.878374 2.140802
-0.2130387 1.583317 2.150788
-0.13021 1.565297 1.946215
0.01389467 1.693116 1.94185
0.0430022 1.716662 1.95662
0.08713673 1.623487 2.100464
0.09224461 1.491064 1.948908
-0.08722576 1.581673 1.975154
-0.1402715 1.576686 1.977747
-0.1233842 1.064902 2.174613
-0.08277252 0.6512064 2.210701
-0.05086756 0.2474356 2.250607
-0.05418422 0.2386216 2.164079
0.04558964 1.073071 2.173294
0.04905021 0.6426053 2.211686
0.04545985 0.2519764 2.257215
0.04047007 0.2416165 2.167937
-0.05394441 1.651775 2.134243
0.1205416 1.772825 1.930762
0.06194624 1.759405 1.944467
-0.2159038 1.540925 2.015561
-0.1225756 1.525 2.056033
56
-0.03907905 1.070404 2.209273
-0.04733775 1.403267 2.177665
-0.05571982 1.726653 2.118941
-0.08135697 1.877392 2.143066
-0.2142374 1.582666 2.152014
-0.1352407 1.539819 1.959069
0.01090626 1.66064 1.937664
0.04892839 1.704933 1.946197
0.08717407 1.623733 2.099476
0.1155906 1.474701 1.976046
-0.05553512 1.579209 1.964969
-0.1171477 1.572521 1.975046
-0.1234053 1.06415 2.173889
-0.08254002 0.651461 2.210694
-0.05099333 0.2473163 2.250501
-0.05422963 0.2385495 2.164062
0.04613263 1.072443 2.173097
0.04855291 0.6423739 2.211728
0.04551481 0.2519086 2.257082
0.04045272 0.2415842 2.167857
-0.05387375 1.650279 2.134061
0.1159185 1.744994 1.915573
0.06733788 1.746627 1.935469
-0.1820372 1.530305 1.991274
-0.09233423 1.609048 2.003335
57
-0.03907905 1.070404 2.209273
-0.04733775 1.403267 2.177665
-0.05571982 1.726653 2.118941
-0.08135697 1.877392 2.143066
-0.2142374 1.582666 2.152014
-0.1352407 1.539819 1.959069
0.01090626 1.66064 1.937664
0.04892839 1.704933 1.946197
0.08717407 1.623733 2.099476
0.1155906 1.474701 1.976046
-0.05553512 1.579209 1.964969
-0.1171477 1.572521 1.975046
-0.1234053 1.06415 2.173889
-0.08254002 0.651461 2.210694
-0.05099333 0.2473163 2.250501
-0.05422963 0.2385495 2.164062
0.04613263 1.072443 2.173097
0.04855291 0.6423739 2.211728
0.04551481 0.2519086 2.257082
0.04045272 0.2415842 2.167857
-0.05387375 1.650279 2.134061
0.1159185 1.744994 1.915573
0.06733788 1.746627 1.935469
-0.1820372 1.530305 1.991274
-0.09233423 1.609048 2.003335
58
-0.0389247 1.069886 2.208995
-0.04732189 1.403181 2.176719
-0.05607538 1.725589 2.120946
-0.0810012 1.87698 2.145848
-0.2154493 1.582352 2.153383
-0.168812 1.480895 1.992675
-0.02882115 1.603347 1.941579
0.05607253 1.670715 1.919297
0.08835711 1.624335 2.101296
0.1362835 1.458542 2.013928
-0.03948885 1.577888 1.95943
-0.09398074 1.566989 1.96939
-0.1234375 1.06361 2.17329
-0.08232421 0.6516966 2.21067
-0.05108224 0.2472043 2.250389
-0.05424925 0.2384757 2.163987
0.04659807 1.072001 2.17269
0.04814672 0.6421888 2.211754
0.04556716 0.2518507 2.256966
0.04044231 0.2415555 2.167791
-0.05403219 1.649215 2.134764
0.1102982 1.696695 1.888101
0.08294298 1.692227 1.937022
-0.1476228 1.521738 1.970742
-0.07811499 1.630023 1.969564
59
-0.0389247 1.069886 2.208995
-0.04732189 1.403181 2.176719
-0.05607538 1.725589 2.120946
-0.0810012 1.87698 2.145848
-0.2154493 1.582352 2.153383
-0.168812 1.480895 1.992675
-0.02882115 1.603347 1.941579
0.05607253 1.670715 1.919297
0.08835711 1.624335 2.101296
0.1362835 1.458542 2.013928
-0.03948885 1.577888 1.95943
-0.09398074 1.566989 1.96939
-0.1234375 1.06361 2.17329
-0.08232421 0.6516966 2.21067
-0.05108224 0.2472043 2.250389
-0.05424925 0.2384757 2.163987
0.04659807 1.072001 2.17269
0.04814672 0.6421888 2.211754
0.04556716 0.2518507 2.256966
0.04044231 0.2415555 2.167791
-0.05403219 1.649215 2.134764
0.1102982 1.696695 1.888101
0.08294298 1.692227 1.937022
-0.1476228 1.521738 1.970742
-0.07811499 1.630023 1.969564
60
-0.03885012 1.069477 2.208718
-0.04735133 1.403133 2.176073
-0.05712929 1.72524 2.125031
-0.08002821 1.876912 2.149072
-0.2166225 1.582269 2.154994
-0.2078456 1.428638 2.0401
-0.03709821 1.543023 1.937795
0.05734219 1.620385 1.885757
0.0913969 1.624042 2.107437
0.1491563 1.440964 2.060895
-0.07743824 1.49016 1.977011
-0.1180867 1.489841 2.000251
-0.1235088 1.063225 2.172887
-0.08214922 0.6519493 2.210638
-0.05118237 0.2471785 2.25032
-0.05422986 0.2384678 2.163845
0.04685403 1.071648 2.17187
0.04782452 0.6420064 2.211759
0.04561155 0.2518222 2.25687
0.04044825 0.2415447 2.167722
-0.05473259 1.648466 2.137158
0.1099638 1.618876 1.834111
0.09186226 1.632656 1.896796
-0.1978008 1.4466 1.999098
-0.1758056 1.486132 1.969823
61
-0.03885012 1.069477 2.208718
-0.04735133 1.403133 2.176073
-0.05712929 1.72524 2.125031
-0.08002821 1.876912 2.149072
-0.2166225 1.582269 2.154994
-0.2078456 1.428638 2.0401
-0.03709821 1.543023 1.937795
0.05734219 1.620385 1.885757
0.0913969 1.624042 2.107437
0.1491563 1.440964 2.060895
-0.07743824 1.49016 1.977011
-0.1180867 1.489841 2.000251
-0.1235088 1.063225 2.172887
-0.08214922 0.6519493 2.210638
-0.05118237 0.2471785 2.25032
-0.05422986 0.2384678 2.163845
0.04685403 1.071648 2.17187
0.04782452 0.6420064 2.211759
0.04561155 0.2518222 2.25687
0.04044825 0.2415447 2.167722
-0.05473259 1.648466 2.137158
0.1099638 1.618876 1.834111
0.09186226 1.632656 1.896796
-0.1978008 1.4466 1.999098
-0.1758056 1.486132 1.969823
62
-0.03879554 1.068829 2.208347
-0.04760459 1.402876 2.176014
-0.06000783 1.724342 2.137531
-0.07801913 1.875629 2.153021
-0.2176772 1.582185 2.156617
-0.2319476 1.393179 2.074562
-0.04585557 1.475512 1.920449
0.02806099 1.530303 1.87603
0.09590303 1.623073 2.116305
0.1549256 1.433831 2.080767
-0.08701072 1.444153 1.979728
-0.1298399 1.4382 2.007851
-0.1235285 1.06255 2.172312
-0.08156409 0.650901 2.210884
-0.05135451 0.247231 2.250255
-0.05431022 0.2385593 2.163612
0.04697548 1.071086 2.171218
0.04751595 0.6416121 2.211749
0.04566007 0.2518219 2.256792
0.04047053 0.241544 2.167637
-0.0568305 1.64683 2.145974
0.07222478 1.526713 1.826873
0.05729724 1.50761 1.928252
-0.2023922 1.407708 2.002303
-0.1171588 1.47311 1.907149
63
-0.03879554 1.068829 2.208347
-0.04760459 1.402876 2.176014
-0.06000783 1.724342 2.137531
-0.07801913 1.875629 2.153021
-0.2176772 1.582185 2.156617
-0.2319476 1.393179 2.074562
-0.04585557 1.475512 1.920449
0.02806099 1.530303 1.87603
0.09590303 1.623073 2.116305
0.1549256 1.433831 2.080767
-0.08701072 1.444153 1.979728
-0.1298399 1.4382 2.007851
-0.1235285 1.06255 2.172312
-0.08156409 0.650901 2.210884
-0.05135451 0.247231 2.250255
-0.05431022 0.2385593 2.163612
0.04697548 1.071086 2.171218
0.04751595 0.6416121 2.211749
0.04566007 0.2518219 2.256792
0.04047053 0.241544 2.167637
-0.0568305 1.64683 2.145974
0.07222478 1.526713 1.826873
0.05729724 1.50761 1.928252
-0.2023922 1.407708 2.002303
-0.1171588 1.47311 1.907149
64
-0.03882129 1.068642 2.208112
-0.04907694 1.402604 2.179101
-0.06739559 1.718559 2.168187
-0.07541252 1.871677 2.158913
-0.2189645 1.581951 2.159647
-0.2513921 1.376463 2.098136
-0.08948945 1.383523 1.926185
-0.001958007 1.432059 1.868305
0.09727189 1.615546 2.158629
0.1621479 1.431452 2.105168
-0.04975686 1.450541 1.944756
-0.08515768 1.467189 1.931307
-0.1235047 1.062399 2.17157
-0.08121585 0.6499255 2.211125
-0.05147308 0.2472867 2.2502
-0.05438336 0.238648 2.163401
0.04672012 1.071224 2.170993
0.04734338 0.6411034 2.211704
0.04566699 0.2518418 2.256731
0.04050962 0.2415464 2.167536
-0.06269367 1.642341 2.169472
0.04186065 1.409181 1.821493
0.04221582 1.431682 1.908308
-0.1501281 1.491925 1.911206
-0.117614 1.471026 1.858114
65
-0.03882129 1.068642 2.208112
-0.04907694 1.402604 2.179101
-0.06739559 1.718559 2.168187
-0.07541252 1.871677 2.158913
-0.2189645 1.581951 2.159647
-0.2513921 1.376463 2.098136
-0.08948945 1.383523 1.926185
-0.001958007 1.432059 1.868305
0.09727189 1.615546 2.158629
0.1621479 1.431452 2.105168
-0.04975686 1.450541 1.944756
-0.08515768 1.467189 1.931307
-0.1235047 1.062399 2.17157
-0.08121585 0.6499255 2.211125
-0.05147308 0.2472867 2.2502
-0.05438336 0.238648 2.163401
0.04672012 1.071224 2.170993
0.04734338 0.6411034 2.211704
0.04566699 0.2518418 2.256731
0.04050962 0.2415464 2.167536
-0.06269367 1.642341 2.169472
0.04186065 1.409181 1.821493
0.04221582 1.431682 1.908308
-0.1501281 1.491925 1.911206
-0.117614 1.471026 1.858114
66
-0.03896137 1.068579 2.207865
-0.05107997 1.402219 2.183363
-0.07055523 1.716041 2.181225
-0.07340336 1.868603 2.163524
-0.2194643 1.581588 2.164291
-0.2649944 1.354034 2.108805
-0.1244285 1.298244 1.940779
-0.05473339 1.288438 1.862253
0.09736372 1.609225 2.17838
0.1663569 1.417079 2.127182
0.003319805 1.400516 1.958824
-0.0503957 1.407956 1.90841
-0.1235471 1.062332 2.171042
-0.082212 0.6491244 2.211089
-0.05135284 0.247425 2.250183
-0.05444588 0.2387204 2.163181
0.04607707 1.071665 2.170692
0.04749396 0.6405777 2.211529
0.04561423 0.2518822 2.25669
0.04053331 0.2415431 2.167491
-0.06583887 1.63994 2.181772
-0.0159069 1.264237 1.825777
-0.003104747 1.278913 1.87225
-0.09936059 1.426978 1.882182
-0.09794759 1.418167 1.876693
67
-0.03896137 1.068579 2.207865
-0.05107997 1.402219 2.183363
-0.07055523 1.716041 2.181225
-0.07340336 1.868603 2.163524
-0.2194643 1.581588 2.164291
-0.2649944 1.354034 2.108805
-0.1244285 1.298244 1.940779
-0.05473339 1.288438 1.862253
0.09736372 1.609225 2.17838
0.1663569 1.417079 2.127182
0.003319805 1.400516 1.958824
-0.0503957 1.407956 1.90841
-0.1235471 1.062332 2.171042
-0.082212 0.6491244 2.211089
-0.05135284 0.247425 2.250183
-0.05444588 0.2387204 2.163181
0.04607707 1.071665 2.170692
0.04749396 0.6405777 2.211529
0.04561423 0.2518822 2.25669
0.04053331 0.2415431 2.167491
-0.06583887 1.63994 2.181772
-0.0159069 1.264237 1.825777
-0.003104747 1.278913 1.87225
-0.09936059 1.426978 1.882182
-0.09794759 1.418167 1.876693
68
-0.03904727 1.068572 2.207682
-0.0525125 1.401974 2.186614
-0.0720077 1.714957 2.187193
-0.07190713 1.866384 2.166668
-0.2197785 1.5812 2.167786
-0.2664102 1.347412 2.125382
-0.1743885 1.197512 1.954544
-0.1223936 1.141927 1.87746
0.09749928 1.606516 2.187494
0.1681834 1.409057 2.139687
0.03267675 1.36736 1.949571
0.01356882 1.326156 1.893927
-0.1234072 1.062376 2.170719
-0.08324569 0.6487394 2.210966
-0.05122925 0.2475381 2.250181
-0.05450184 0.2387599 2.163044
0.04547548 1.072117 2.17044
0.04767407 0.6401686 2.211347
0.04556139 0.251911 2.256649
0.04050966 0.2415061 2.167241
-0.06732038 1.638853 2.187634
-0.09978256 1.101544 1.845419
-0.07380519 1.106897 1.916408
-0.01603415 1.324569 1.859008
-0.032679 1.298378 1.944347
69
-0.03904727 1.068572 2.207682
-0.0525125 1.401974 2.186614
-0.0720077 1.714957 2.187193
-0.07190713 1.866384 2.166668
-0.2197785 1.5812 2.167786
-0.2664102 1.347412 2.125382
-0.1743885 1.197512 1.954544
-0.1223936 1.141927 1.87746
0.09749928 1.606516 2.187494
0.1681834 1.409057 2.139687
0.03267675 1.36736 1.949571
0.01356882 1.326156 1.893927
-0.1234072 1.062376 2.170719
-0.08324569 0.6487394 2.210966
-0.05122925 0.2475381 2.250181
-0.05450184 0.2387599 2.163044
0.04547548 1.072117 2.17044
0.04767407 0.6401686 2.211347
0.04556139 0.251911 2.256649
0.04050966 0.2415061 2.167241
-0.06732038 1.638853 2.187634
-0.09978256 1.101544 1.845419
-0.07380519 1.106897 1.916408
-0.01603415 1.324569 1.859008
-0.032679 1.298378 1.944347
70
-0.03911956 1.068651 2.207389
-0.05358947 1.401739 2.189226
-0.07304116 1.714146 2.191473
-0.07081731 1.864809 2.168831
-0.2228846 1.578974 2.175621
-0.2669365 1.341431 2.136279
-0.223537 1.114405 1.991038
-0.2005436 1.041847 1.947125
0.0981527 1.604337 2.193877
0.1656672 1.396765 2.150277
0.1034321 1.266176 1.96495
0.08530173 1.21762 1.913324
-0.1232206 1.062467 2.170423
-0.08407419 0.6485348 2.210874
-0.05113969 0.2475976 2.250178
-0.05453737 0.2387703 2.16298
0.044941 1.072682 2.169733
0.04803051 0.6405137 2.210772
0.04544621 0.2520333 2.256673
0.04047612 0.24147 2.16699
-0.06832844 1.638057 2.191683
-0.2018118 0.9649456 1.906003
-0.1548828 1.026585 2.012382
0.07186317 1.187151 1.876885
0.0296924 1.181731 1.985142
71
-0.03911956 1.068651 2.207389
-0.05358947 1.401739 2.189226
-0.07304116 1.714146 2.191473
-0.07081731 1.864809 2.168831
-0.2228846 1.578974 2.175621
-0.2669365 1.341431 2.136279
-0.223537 1.114405 1.991038
-0.2005436 1.041847 1.947125
0.0981527 1.604337 2.193877
0.1656672 1.396765 2.150277
0.1034321 1.266176 1.96495
0.08530173 1.21762 1.913324
-0.1232206 1.062467 2.170423
-0.08407419 0.6485348 2.210874
-0.05113969 0.2475976 2.250178
-0.05453737 0.2387703 2.16298
0.044941 1.072682 2.169733
0.04803051 0.6405137 2.210772
0.04544621 0.2520333 2.256673
0.04047612 0.24147 2.16699
-0.06832844 1.638057 2.191683
-0.2018118 0.9649456 1.906003
-0.1548828 1.026585 2.012382
0.07186317 1.187151 1.876885
0.0296924 1.181731 1.985142
72
-0.03923185 1.068787 2.207058
-0.05447857 1.401506 2.191406
-0.07379935 1.713542 2.19462
-0.07003228 1.863682 2.170318
-0.226694 1.576612 2.182452
-0.2672008 1.328732 2.148737
-0.2620118 1.081546 2.055669
-0.2558465 1.007196 2.025856
0.09878349 1.60285 2.198224
0.1629336 1.376578 2.163949
0.1621397 1.17575 2.013597
0.1451611 1.113595 1.984637
-0.1230727 1.062575 2.170177
-0.08479833 0.6485701 2.210776
-0.05107137 0.2476903 2.250177
-0.05461614 0.2388121 2.16288
0.04438132 1.073253 2.168955
0.04838743 0.6409321 2.210206
0.0453369 0.2521631 2.256706
0.04042708 0.2414402 2.166734
-0.06904034 1.637479 2.19453
-0.2540028 0.9261779 2.011348
-0.2817997 0.9904723 2.047436
0.1520519 1.052876 1.934377
0.1049916 1.061162 2.052408
73
-0.03923185 1.068787 2.207058
-0.05447857 1.401506 2.191406
-0.07379935 1.713542 2.19462
-0.07003228 1.863682 2.170318
-0.226694 1.576612 2.182452
-0.2672008 1.328732 2.148737
-0.2620118 1.081546 2.055669
-0.2558465 1.007196 2.025856
0.09878349 1.60285 2.198224
0.1629336 1.376578 2.163949
0.1621397 1.17575 2.013597
0.1451611 1.113595 1.984637
-0.1230727 1.062575 2.170177
-0.08479833 0.6485701 2.210776
-0.05107137 0.2476903 2.250177
-0.05461614 0.2388121 2.16288
0.04438132 1.073253 2.168955
0.04838743 0.6409321 2.210206
0.0453369 0.2521631 2.256706
0.04042708 0.2414402 2.166734
-0.06904034 1.637479 2.19453
-0.2540028 0.9261779 2.011348
-0.2817997 0.9904723 2.047436
0.1520519 1.052876 1.934377
0.1049916 1.061162 2.052408
74
-0.03934053 1.068944 2.206745
-0.05514161 1.401305 2.193113
-0.07428819 1.713123 2.196655
-0.06947365 1.862879 2.171349
-0.2307192 1.574546 2.187975
-0.2694311 1.32063 2.160306
-0.2893515 1.066813 2.118326
-0.2856611 0.9950777 2.098436
0.09958994 1.60167 2.200854
0.1648141 1.360775 2.173907
0.2054326 1.118093 2.074732
0.1981995 1.044315 2.049366
-0.1229369 1.062693 2.169985
-0.08512054 0.6484936 2.210753
-0.0510819 0.2477778 2.250186
-0.05469767 0.2388697 2.162786
0.04390264 1.073779 2.168218
0.04875909 0.6414375 2.209603
0.0452325 0.2523056 2.256753
0.04043915 0.2414208 2.166561
-0.06955954 1.637056 2.1966
-0.2874319 0.915365 2.108088
-0.3121289 0.9859647 2.090975
0.1954757 0.9728382 2.035951
0.206716 1.03481 2.071708
75
-0.03934053 1.068944 2.206745
-0.05514161 1.401305 2.193113
-0.07428819 1.713123 2.196655
-0.06947365 1.862879 2.171349
-0.2307192 1.574546 2.187975
-0.2694311 1.32063 2.160306
-0.2893515 1.066813 2.118326
-0.2856611 0.9950777 2.098436
0.09958994 1.60167 2.200854
0.1648141 1.360775 2.173907
0.2054326 1.118093 2.074732
0.1981995 1.044315 2.049366
-0.1229369 1.062693 2.169985
-0.08512054 0.6484936 2.210753
-0.0510819 0.2477778 2.250186
-0.05469767 0.2388697 2.162786
0.04390264 1.073779 2.168218
0.04875909 0.6414375 2.209603
0.0452325 0.2523056 2.256753
0.04043915 0.2414208 2.166561
-0.06955954 1.637056 2.1966
-0.2874319 0.915365 2.108088
-0.3121289 0.9859647 2.090975
0.1954757 0.9728382 2.035951
0.206716 1.03481 2.071708
76
-0.03944703 1.069112 2.206446
-0.05562433 1.401144 2.194387
-0.07449853 1.712885 2.197547
-0.06905157 1.862288 2.172062
-0.2341194 1.573227 2.192039
-0.2777903 1.314555 2.183502
-0.2996317 1.070785 2.159503
-0.2941921 1.001354 2.15221
0.1007038 1.600695 2.201769
0.1666553 1.352558 2.181027
0.2250417 1.090121 2.134496
0.216571 1.033031 2.122615
-0.1228136 1.062816 2.169832
-0.08536687 0.6484641 2.210725
-0.05115891 0.2479348 2.250213
-0.05481958 0.2389858 2.162616
0.04348873 1.074249 2.167507
0.04912718 0.6419982 2.209017
0.04513251 0.2524607 2.256798
0.04046278 0.241419 2.166391
-0.06990574 1.636755 2.198016
-0.2934328 0.9238222 2.162826
-0.3313898 1.005802 2.149853
0.2155682 0.9490007 2.125616
0.2321665 1.026871 2.106229
77
-0.03944703 1.069112 2.206446
-0.05562433 1.401144 2.194387
-0.07449853 1.712885 2.197547
-0.06905157 1.862288 2.172062
-0.2341194 1.573227 2.192039
-0.2777903 1.314555 2.183502
-0.2996317 1.070785 2.159503
-0.2941921 1.001354 2.15221
0.1007038 1.600695 2.201769
0.1666553 1.352558 2.181027
0.2250417 1.090121 2.134496
0.216571 1.033031 2.122615
-0.1228136 1.062816 2.169832
-0.08536687 0.6484641 2.210725
-0.05115891 0.2479348 2.250213
-0.05481958 0.2389858 2.162616
0.04348873 1.074249 2.167507
0.04912718 0.6419982 2.209017
0.04513251 0.2524607 2.256798
0.04046278 0.241419 2.166391
-0.06990574 1.636755 2.198016
-0.2934328 0.9238222 2.162826
-0.3313898 1.005802 2.149853
0.2155682 0.9490007 2.125616
0.2321665 1.026871 2.106229
78
-0.03956379 1.069291 2.206163
-0.05597815 1.401017 2.195336
-0.07446267 1.71279 2.197458
-0.06872612 1.861837 2.172542
-0.2374946 1.572386 2.195618
-0.2868684 1.314625 2.207476
-0.3012534 1.085809 2.195127
-0.2855923 1.017941 2.191998
0.1019973 1.60001 2.201459
0.1697751 1.347794 2.190146
0.2295395 1.095775 2.171323
0.2207206 1.039187 2.172423
-0.1227156 1.062942 2.169714
-0.08558888 0.6484824 2.210694
-0.05117444 0.2480688 2.250225
-0.0548967 0.2390831 2.162449
0.04312172 1.074655 2.166871
0.04944259 0.6426538 2.208444
0.04505749 0.2526312 2.25685
0.04041403 0.241444 2.166291
-0.07008283 1.636564 2.198795
-0.2836143 0.9361165 2.200403
-0.3336084 1.005262 2.192818
0.2192407 0.9585413 2.179825
0.2606933 1.048592 2.170933
79
-0.03956379 1.069291 2.206163
-0.05597815 1.401017 2.195336
-0.07446267 1.71279 2.197458
-0.06872612 1.861837 2.172542
-0.2374946 1.572386 2.195618
-0.2868684 1.314625 2.207476
-0.3012534 1.085809 2.195127
-0.2855923 1.017941 2.191998
0.1019973 1.60001 2.201459
0.1697751 1.347794 2.190146
0.2295395 1.095775 2.171323
0.2207206 1.039187 2.172423
-0.1227156 1.062942 2.169714
-0.08558888 0.6484824 2.210694
-0.05117444 0.2480688 2.250225
-0.0548967 0.2390831 2.162449
0.04312172 1.074655 2.166871
0.04944259 0.6426538 2.208444
0.04505749 0.2526312 2.25685
0.04041403 0.241444 2.166291
-0.07008283 1.636564 2.198795
-0.2836143 0.9361165 2.200403
-0.3336084 1.005262 2.192818
0.2192407 0.9585413 2.179825
0.2606933 1.048592 2.170933
80
-0.03982306 1.069539 2.205888
-0.05626773 1.400908 2.196062
-0.07426457 1.712745 2.196615
-0.06842883 1.861432 2.172688
-0.2403612 1.57223 2.198576
-0.2920456 1.31806 2.224682
-0.2967996 1.099033 2.216114
-0.2750434 1.033171 2.215499
0.1031194 1.599706 2.200258
0.1738494 1.347315 2.201462
0.2267492 1.102183 2.194111
0.2152116 1.042613 2.203652
-0.1227291 1.063133 2.169654
-0.08588531 0.6487318 2.210613
-0.05117419 0.2482049 2.250241
-0.05496277 0.239175 2.162292
0.04267757 1.075024 2.166299
0.04972456 0.6432987 2.207926
0.04499383 0.2528802 2.256885
0.04028904 0.2416071 2.166535
-0.07013009 1.636442 2.199003
-0.2621851 0.951224 2.216012
-0.3222757 1.015403 2.222183
0.2093415 0.9646536 2.209673
0.2591008 1.036501 2.201926
81
-0.03982306 1.069539 2.205888
-0.05626773 1.400908 2.196062
-0.07426457 1.712745 2.196615
-0.06842883 1.861432 2.172688
-0.2403612 1.57223 2.198576
-0.2920456 1.31806 2.224682
-0.2967996 1.099033 2.216114
-0.2750434 1.033171 2.215499
0.1031194 1.599706 2.200258
0.1738494 1.347315 2.201462
0.2267492 1.102183 2.194111
0.2152116 1.042613 2.203652
-0.1227291 1.063133 2.169654
-0.08588531 0.6487318 2.210613
-0.05117419 0.2482049 2.250241
-0.05496277 0.239175 2.162292
0.04267757 1.075024 2.166299
0.04972456 0.6432987 2.207926
0.04499383 0.2528802 2.256885
0.04028904 0.2416071 2.166535
-0.07013009 1.636442 2.199003
-0.2621851 0.951224 2.216012
-0.3222757 1.015403 2.222183
0.2093415 0.9646536 2.209673
0.2591008 1.036501 2.201926
82
-0.04023759 1.069818 2.205726
-0.0565212 1.400806 2.196643
-0.0739896 1.712734 2.195269
-0.06816711 1.861063 2.172513
-0.2428793 1.572378 2.201155
-0.2941955 1.321933 2.237519
-0.2859853 1.122302 2.236311
-0.2627287 1.051207 2.235053
0.104151 1.599576 2.198802
0.177551 1.34964 2.213042
0.220501 1.11552 2.215315
0.2032687 1.057827 2.221531
-0.1229278 1.063431 2.169766
-0.08599585 0.6488107 2.210579
-0.05118267 0.2482806 2.250261
-0.05485157 0.2392569 2.162397
0.04217737 1.075313 2.165893
0.049961 0.6438848 2.207477
0.04494089 0.2531237 2.25691
0.04020119 0.2418146 2.167031
-0.07009134 1.636372 2.198756
-0.2404114 0.9720136 2.226544
-0.3055778 1.048038 2.237813
0.1947099 0.9768323 2.225451
0.2504997 1.051982 2.230609
83
-0.04023759 1.069818 2.205726
-0.0565212 1.400806 2.196643
-0.0739896 1.712734 2.195269
-0.06816711 1.861063 2.172513
-0.2428793 1.572378 2.201155
-0.2941955 1.321933 2.237519
-0.2859853 1.122302 2.236311
-0.2627287 1.051207 2.235053
0.104151 1.599576 2.198802
0.177551 1.34964 2.213042
0.220501 1.11552 2.215315
0.2032687 1.057827 2.221531
-0.1229278 1.063431 2.169766
-0.08599585 0.6488107 2.210579
-0.05118267 0.2482806 2.250261
-0.05485157 0.2392569 2.162397
0.04217737 1.075313 2.165893
0.049961 0.6438848 2.207477
0.04494089 0.2531237 2.25691
0.04020119 0.2418146 2.167031
-0.07009134 1.636372 2.198756
-0.2404114 0.9720136 2.226544
-0.3055778 1.048038 2.237813
0.1947099 0.9768323 2.225451
0.2504997 1.051982 2.230609
84
-0.04071429 1.070109 2.205687
-0.05672953 1.400718 2.197107
-0.07366718 1.712751 2.193722
-0.06794531 1.860759 2.172098
-0.2446581 1.572578 2.202966
-0.2941971 1.325676 2.24715
-0.2755843 1.13642 2.240747
-0.2503147 1.066815 2.241635
0.104984 1.599602 2.197416
0.1797633 1.353079 2.223257
0.210621 1.125481 2.226117
0.188662 1.077262 2.230121
-0.123271 1.063788 2.170114
-0.0860986 0.6489594 2.21054
-0.05117352 0.248284 2.250327
-0.05457755 0.2393198 2.16304
0.04170455 1.075558 2.165611
0.05015091 0.6445137 2.20706
0.04490449 0.2533686 2.256922
0.04014643 0.2420333 2.167503
-0.06998529 1.636346 2.198214
-0.2217471 0.9925885 2.223289
-0.27835 1.055212 2.248037
0.1801106 0.9964297 2.23332
0.2306504 1.082394 2.235656
85
-0.04071429 1.070109 2.205687
-0.05672953 1.400718 2.197107
-0.07366718 1.712751 2.193722
-0.06794531 1.860759 2.172098
-0.2446581 1.572578 2.202966
-0.2941971 1.325676 2.24715
-0.2755843 1.13642 2.240747
-0.2503147 1.066815 2.241635
0.104984 1.599602 2.197416
0.1797633 1.353079 2.223257
0.210621 1.125481 2.226117
0.188662 1.077262 2.230121
-0.123271 1.063788 2.170114
-0.0860986 0.6489594 2.21054
-0.05117352 0.248284 2.250327
-0.05457755 0.2393198 2.16304
0.04170455 1.075558 2.165611
0.05015091 0.6445137 2.20706
0.04490449 0.2533686 2.256922
0.04014643 0.2420333 2.167503
-0.06998529 1.636346 2.198214
-0.2217471 0.9925885 2.223289
-0.27835 1.055212 2.248037
0.1801106 0.9964297 2.23332
0.2306504 1.082394 2.235656
86
-0.04124047 1.070414 2.205825
-0.05691103 1.400635 2.197499
-0.07335983 1.712769 2.19218
-0.06774873 1.860493 2.171422
-0.2458852 1.572836 2.20436
-0.2932273 1.328582 2.253437
-0.2683438 1.144365 2.242072
-0.2417041 1.075354 2.23854
0.1056037 1.59974 2.196292
0.1806827 1.356053 2.230458
0.1952389 1.147532 2.22424
0.1660727 1.092829 2.219526
-0.1236958 1.064186 2.170681
-0.08626248 0.6491526 2.21055
-0.05115379 0.2482515 2.250407
-0.05428108 0.2393633 2.16376
0.04124211 1.075764 2.165518
0.05028826 0.6451007 2.206711
0.04488138 0.2536231 2.256925
0.04001487 0.2422756 2.167934
-0.06984926 1.636341 2.197513
-0.2129276 1.00451 2.211213
-0.2670341 1.065911 2.250462
0.1569791 1.012981 2.224433
0.203948 1.089936 2.230819
87
-0.04124047 1.070414 2.205825
-0.05691103 1.400635 2.197499
-0.07335983 1.712769 2.19218
-0.06774873 1.860493 2.171422
-0.2458852 1.572836 2.20436
-0.2932273 1.328582 2.253437
-0.2683438 1.144365 2.242072
-0.2417041 1.075354 2.23854
0.1056037 1.59974 2.196292
0.1806827 1.356053 2.230458
0.1952389 1.147532 2.22424
0.1660727 1.092829 2.219526
-0.1236958 1.064186 2.170681
-0.08626248 0.6491526 2.21055
-0.05115379 0.2482515 2.250407
-0.05428108 0.2393633 2.16376
0.04124211 1.075764 2.165518
0.05028826 0.6451007 2.206711
0.04488138 0.2536231 2.256925
0.04001487 0.2422756 2.167934
-0.06984926 1.636341 2.197513
-0.2129276 1.00451 2.211213
-0.2670341 1.065911 2.250462
0.1569791 1.012981 2.224433
0.203948 1.089936 2.230819
88
-0.04185741 1.070697 2.20616
-0.05707664 1.400545 2.197849
-0.07306279 1.712773 2.190745
-0.06757958 1.860201 2.1705
-0.246733 1.573066 2.205418
-0.2914484 1.330237 2.257458
-0.2621363 1.146704 2.240771
-0.2370322 1.077651 2.232653
0.106057 1.59993 2.195343
0.1806554 1.358314 2.235337
0.1820619 1.155053 2.218361
0.1555093 1.097449 2.208527
-0.1242469 1.064562 2.171524
-0.08655166 0.6494637 2.210608
-0.05111173 0.2482282 2.250479
-0.05401534 0.2394135 2.164356
0.04073149 1.07592 2.165592
0.05037558 0.6456202 2.206426
0.04488114 0.253862 2.256925
0.0398706 0.242515 2.168352
-0.06969474 1.636341 2.196748
-0.2104393 1.007185 2.201294
-0.2605592 1.070536 2.251132
0.1429844 1.019292 2.201807
0.1855868 1.092931 2.215052
89
-0.04185741 1.070697 2.20616
-0.05707664 1.400545 2.197849
-0.07306279 1.712773 2.190745
-0.06757958 1.860201 2.1705
-0.246733 1.573066 2.205418
-0.2914484 1.330237 2.257458
-0.2621363 1.146704 2.240771
-0.2370322 1.077651 2.232653
0.106057 1.59993 2.195343
0.1806554 1.358314 2.235337
0.1820619 1.155053 2.218361
0.1555093 1.097449 2.208527
-0.1242469 1.064562 2.171524
-0.08655166 0.6494637 2.210608
-0.05111173 0.2482282 2.250479
-0.05401534 0.2394135 2.164356
0.04073149 1.07592 2.165592
0.05037558 0.6456202 2.206426
0.04488114 0.253862 2.256925
0.0398706 0.242515 2.168352
-0.06969474 1.636341 2.196748
-0.2104393 1.007185 2.201294
-0.2605592 1.070536 2.251132
0.1429844 1.019292 2.201807
0.1855868 1.092931 2.215052
90
-0.04252024 1.070964 2.206707
-0.05724549 1.400443 2.198201
-0.07281644 1.712775 2.189521
-0.06744365 1.859948 2.169533
-0.2473288 1.573338 2.206341
-0.2891718 1.331421 2.259578
-0.2577773 1.146402 2.237391
-0.2345639 1.068171 2.219387
0.1063655 1.600135 2.194607
0.1800585 1.36008 2.2386
0.1747972 1.15965 2.214544
0.1509648 1.097399 2.199099
-0.124878 1.064901 2.1727
-0.08677991 0.6496787 2.210674
-0.05106286 0.2482361 2.250554
-0.05391241 0.2394389 2.164552
0.0402058 1.076049 2.165821
0.05044116 0.6460501 2.206206
0.04489212 0.2540291 2.256923
0.03974873 0.2426714 2.168571
-0.06954993 1.636344 2.196008
-0.2120818 0.9990969 2.19429
-0.2576502 1.071729 2.243917
0.1387974 1.021269 2.190954
0.1770177 1.092424 2.204111
91
-0.04252024 1.070964 2.206707
-0.05724549 1.400443 2.198201
-0.07281644 1.712775 2.189521
-0.06744365 1.859948 2.169533
-0.2473288 1.573338 2.206341
-0.2891718 1.331421 2.259578
-0.2577773 1.146402 2.237391
-0.2345639 1.068171 2.219387
0.1063655 1.600135 2.194607
0.1800585 1.36008 2.2386
0.1747972 1.15965 2.214544
0.1509648 1.097399 2.199099
-0.124878 1.064901 2.1727
-0.08677991 0.6496787 2.210674
-0.05106286 0.2482361 2.250554
-0.05391241 0.2394389 2.164552
0.0402058 1.076049 2.165821
0.05044116 0.6460501 2.206206
0.04489212 0.2540291 2.256923
0.03974873 0.2426714 2.168571
-0.06954993 1.636344 2.196008
-0.2120818 0.9990969 2.19429
-0.2576502 1.071729 2.243917
0.1387974 1.021269 2.190954
0.1770177 1.092424 2.204111
92
-0.04311854 1.071185 2.207272
-0.05740453 1.400334 2.19853
-0.07261933 1.712761 2.188498
-0.06736572 1.85969 2.168553
-0.2477279 1.57361 2.207137
-0.2864619 1.332149 2.260045
-0.2540652 1.142017 2.230887
-0.2343295 1.059416 2.207288
0.1065661 1.600334 2.193997
0.1789478 1.361515 2.240604
0.1703015 1.160637 2.210352
0.1503177 1.093409 2.189543
-0.1254591 1.065169 2.173877
-0.08687311 0.6497372 2.210748
-0.05108089 0.2482659 2.250704
-0.05381856 0.2394636 2.164712
0.03973628 1.076147 2.166082
0.0504882 0.6464126 2.206028
0.04487307 0.2541655 2.256928
0.03965049 0.2427954 2.16873
-0.06942297 1.636337 2.195327
-0.2145567 0.9916311 2.188307
-0.258321 1.064872 2.232578
0.1386542 1.01786 2.180902
0.1741357 1.092637 2.198709
93
-0.04311854 1.071185 2.207272
-0.05740453 1.400334 2.19853
-0.07261933 1.712761 2.188498
-0.06736572 1.85969 2.168553
-0.2477279 1.57361 2.207137
-0.2864619 1.332149 2.260045
-0.2540652 1.142017 2.230887
-0.2343295 1.059416 2.207288
0.1065661 1.600334 2.193997
0.1789478 1.361515 2.240604
0.1703015 1.160637 2.210352
0.1503177 1.093409 2.189543
-0.1254591 1.065169 2.173877
-0.08687311 0.6497372 2.210748
-0.05108089 0.2482659 2.250704
-0.05381856 0.2394636 2.164712
0.03973628 1.076147 2.166082
0.0504882 0.6464126 2.206028
0.04487307 0.2541655 2.256928
0.03965049 0.2427954 2.16873
-0.06942297 1.636337 2.195327
-0.2145567 0.9916311 2.188307
-0.258321 1.064872 2.232578
0.1386542 1.01786 2.180902
0.1741357 1.092637 2.198709
94
-0.04363866 1.071379 2.20787
-0.05756251 1.400213 2.198887
-0.07247096 1.712739 2.187695
-0.06731689 1.859466 2.167676
-0.2479878 1.573901 2.207891
-0.2836327 1.332448 2.259248
-0.252076 1.138315 2.225854
-0.2346787 1.054679 2.198792
0.106667 1.600538 2.193507
0.1773624 1.362716 2.241458
0.1440411 1.16204 2.169807
0.1345851 1.091774 2.163765
-0.1259547 1.06537 2.175026
-0.08689287 0.6497079 2.210856
-0.05108097 0.2482885 2.250872
-0.05370005 0.2394792 2.164845
0.03932755 1.076236 2.166395
0.05050816 0.6467193 2.20588
0.04473294 0.2542439 2.256943
0.03957909 0.2428614 2.168873
-0.0693224 1.636319 2.194759
-0.2163848 0.9852007 2.181561
-0.2614366 1.061161 2.224777
0.1053612 1.014138 2.121342
0.17557 1.074209 2.182229
95
-0.04363866 1.071379 2.20787
-0.05756251 1.400213 2.198887
-0.07247096 1.712739 2.187695
-0.06731689 1.859466 2.167676
-0.2479878 1.573901 2.207891
-0.2836327 1.332448 2.259248
-0.252076 1.138315 2.225854
-0.2346787 1.054679 2.198792
0.106667 1.600538 2.193507
0.1773624 1.362716 2.241458
0.1440411 1.16204 2.169807
0.1345851 1.091774 2.163765
-0.1259547 1.06537 2.175026
-0.08689287 0.6497079 2.210856
-0.05108097 0.2482885 2.250872
-0.05370005 0.2394792 2.164845
0.03932755 1.076236 2.166395
0.05050816 0.6467193 2.20588
0.04473294 0.2542439 2.256943
0.03957909 0.2428614 2.168873
-0.0693224 1.636319 2.194759
-0.2163848 0.9852007 2.181561
-0.2614366 1.061161 2.224777
0.1053612 1.014138 2.121342
0.17557 1.074209 2.182229
96
-0.04413769 1.071548 2.208502
-0.05775248 1.400078 2.199288
-0.07237471 1.712713 2.187077
-0.06729762 1.859275 2.166927
-0.2481583 1.574221 2.20868
-0.2813075 1.33248 2.257954
-0.2509452 1.13403 2.220592
-0.2352559 1.050542 2.192216
0.1066969 1.600739 2.193112
0.1752005 1.3636 2.241097
0.1489344 1.152172 2.165507
0.1395055 1.083996 2.158561
-0.1264213 1.065527 2.176124
-0.08690392 0.6496272 2.210976
-0.05106977 0.2482498 2.251051
-0.05356849 0.2394485 2.165134
0.03892902 1.076309 2.166763
0.05050188 0.6469786 2.205745
0.04456415 0.2543036 2.25695
0.03954704 0.242903 2.168941
-0.06926156 1.636295 2.194305
-0.2172909 0.9784424 2.176028
-0.2631213 1.057148 2.2169
0.1248045 0.9970213 2.137203
0.1765021 1.070795 2.176403
97
-0.04413769 1.071548 2.208502
-0.05775248 1.400078 2.199288
-0.07237471 1.712713 2.187077
-0.06729762 1.859275 2.166927
-0.2481583 1.574221 2.20868
-0.2813075 1.33248 2.257954
-0.2509452 1.13403 2.220592
-0.2352559 1.050542 2.192216
0.1066969 1.600739 2.193112
0.1752005 1.3636 2.241097
0.1489344 1.152172 2.165507
0.1395055 1.083996 2.158561
-0.1264213 1.065527 2.176124
-0.08690392 0.6496272 2.210976
-0.05106977 0.2482498 2.251051
-0.05356849 0.2394485 2.165134
0.03892902 1.076309 2.166763
0.05050188 0.6469786 2.205745
0.04456415 0.2543036 2.25695
0.03954704 0.242903 2.168941
-0.06926156 1.636295 2.194305
-0.2172909 0.9784424 2.176028
-0.2631213 1.057148 2.2169
0.1248045 0.9970213 2.137203
0.1765021 1.070795 2.176403
98
-0.04457193 1.071693 2.209138
-0.05796877 1.399933 2.199749
-0.07232935 1.712683 2.18663
-0.06730945 1.859103 2.166304
-0.2482946 1.574538 2.209566
-0.2797918 1.332333 2.25657
-0.2505333 1.123615 2.212439
-0.2362412 1.046206 2.186658
0.1066767 1.600925 2.192828
0.1730234 1.364158 2.239997
0.1556093 1.144211 2.165587
0.1447795 1.079003 2.156344
-0.1268102 1.065641 2.177144
-0.08692647 0.6495883 2.211065
-0.05101145 0.2477752 2.251258
-0.05353854 0.2391006 2.166797
0.03857128 1.076378 2.167169
0.05046506 0.6472562 2.205587
0.04436277 0.2543482 2.256941
0.03952412 0.2429261 2.168976
-0.06923915 1.636266 2.193971
-0.2176667 0.9722289 2.172882
-0.2673112 1.051732 2.208276
0.135245 0.9916201 2.144986
0.1788737 1.069245 2.171771
99
-0.04457193 1.071693 2.209138
-0.05796877 1.399933 2.199749
-0.07232935 1.712683 2.18663
-0.06730945 1.859103 2.166304
-0.2482946 1.574538 2.209566
-0.2797918 1.332333 2.25657
-0.2505333 1.123615 2.212439
-0.2362412 1.046206 2.186658
0.1066767 1.600925 2.192828
0.1730234 1.364158 2.239997
0.1556093 1.144211 2.165587
0.1447795 1.079003 2.156344
-0.1268102 1.065641 2.177144
-0.08692647 0.6495883 2.211065
-0.05101145 0.2477752 2.251258
-0.05353854 0.2391006 2.166797
0.03857128 1.076378 2.167169
0.05046506 0.6472562 2.205587
0.04436277 0.2543482 2.256941
0.03952412 0.2429261 2.168976
-0.06923915 1.636266 2.193971
-0.2176667 0.9722289 2.172882
-0.2673112 1.051732 2.208276
0.135245 0.9916201 2.144986
0.1788737 1.069245 2.171771
100
-0.04495552 1.071819 2.209742
-0.05824827 1.399765 2.20035
-0.07231709 1.712652 2.186357
-0.0673826 1.858927 2.165798
-0.2485695 1.574857 2.210838
-0.2787745 1.332171 2.25524
-0.2507094 1.11628 2.20675
-0.2375728 1.043627 2.183025
0.1065993 1.601093 2.192632
0.1709075 1.364364 2.238242
0.161281 1.137048 2.166425
0.1496388 1.075606 2.155357
-0.1271409 1.065724 2.178041
-0.08733784 0.6500968 2.211063
-0.05095633 0.2476481 2.251467
-0.05356259 0.2389956 2.16763
0.03824335 1.076444 2.167581
0.05041059 0.6475325 2.205414
0.04419577 0.2544206 2.25692
0.03947279 0.2429722 2.168971
-0.06924257 1.636235 2.193777
-0.2184713 0.9692938 2.170585
-0.2712445 1.043878 2.198523
0.1426123 0.9886369 2.150927
0.1828363 1.067787 2.168689
101
-0.04495552 1.071819 2.209742
-0.05824827 1.399765 2.20035
-0.07231709 1.712652 2.186357
-0.0673826 1.858927 2.165798
-0.2485695 1.574857 2.210838
-0.2787745 1.332171 2.25524
-0.2507094 1.11628 2.20675
-0.2375728 1.043627 2.183025
0.1065993 1.601093 2.192632
0.1709075 1.364364 2.238242
0.161281 1.137048 2.166425
0.1496388 1.075606 2.155357
-0.1271409 1.065724 2.178041
-0.08733784 0.6500968 2.211063
-0.05095633 0.2476481 2.251467
-0.05356259 0.2389956 2.16763
0.03824335 1.076444 2.167581
0.05041059 0.6475325 2.205414
0.04419577 0.2544206 2.25692
0.03947279 0.2429722 2.168971
-0.06924257 1.636235 2.193777
-0.2184713 0.9692938 2.170585
-0.2712445 1.043878 2.198523
0.1426123 0.9886369 2.150927
0.1828363 1.067787 2.168689
102
-0.04527891 1.071906 2.21032
-0.05858507 1.399536 2.201085
-0.07239565 1.712564 2.186211
-0.06751293 1.858714 2.165443
-0.2490157 1.5751 2.212469
-0.2781462 1.331988 2.254014
-0.2511928 1.111669 2.203046
-0.2391348 1.041196 2.179971
0.1064768 1.601244 2.192522
0.1692372 1.364369 2.236538
0.1660897 1.130684 2.167206
0.1541426 1.072421 2.154894
-0.1274087 1.065746 2.178858
-0.08772989 0.6506034 2.211053
-0.05092689 0.2475859 2.251658
-0.05357282 0.2389236 2.168081
0.03795751 1.076494 2.167997
0.05034274 0.6477979 2.205233
0.04397625 0.2545551 2.256864
0.0392093 0.2430758 2.168844
-0.06930745 1.636162 2.193669
-0.2191319 0.9663725 2.168982
-0.275578 1.041174 2.192818
0.1469101 0.9871673 2.154102
0.187348 1.061674 2.162818
103
-0.04527891 1.071906 2.21032
-0.05858507 1.399536 2.201085
-0.07239565 1.712564 2.186211
-0.06751293 1.858714 2.165443
-0.2490157 1.5751 2.212469
-0.2781462 1.331988 2.254014
-0.2511928 1.111669 2.203046
-0.2391348 1.041196 2.179971
0.1064768 1.601244 2.192522
0.1692372 1.364369 2.236538
0.1660897 1.130684 2.167206
0.1541426 1.072421 2.154894
-0.1274087 1.065746 2.178858
-0.08772989 0.6506034 2.211053
-0.05092689 0.2475859 2.251658
-0.05357282 0.2389236 2.168081
0.03795751 1.076494 2.167997
0.05034274 0.6477979 2.205233
0.04397625 0.2545551 2.256864
0.0392093 0.2430758 2.168844
-0.06930745 1.636162 2.193669
-0.2191319 0.9663725 2.168982
-0.275578 1.041174 2.192818
0.1469101 0.9871673 2.154102
0.187348 1.061674 2.162818
104
-0.04554309 1.07197 2.21082
-0.05893711 1.399288 2.201856
-0.07260268 1.71239 2.186257
-0.06768637 1.858487 2.165193
-0.2496904 1.575145 2.21446
-0.2778955 1.331697 2.252807
-0.2519594 1.108196 2.200162
-0.2407072 1.03926 2.177477
0.1062856 1.601409 2.192496
0.1679135 1.364264 2.234738
0.169486 1.125897 2.167637
0.1575171 1.070008 2.154516
-0.1276187 1.065738 2.179551
-0.08824548 0.6513093 2.210975
-0.0508907 0.2475873 2.251824
-0.05360901 0.2388871 2.168322
0.03771664 1.076534 2.16837
0.05026635 0.6480485 2.205049
0.0438008 0.2546865 2.256822
0.03897689 0.2431685 2.16871
-0.06945914 1.636025 2.193682
-0.220206 0.9640445 2.168107
-0.2792191 1.028869 2.185116
0.150678 0.9856077 2.1584
0.1908188 1.058927 2.15922
105
-0.04554309 1.07197 2.21082
-0.05893711 1.399288 2.201856
-0.07260268 1.71239 2.186257
-0.06768637 1.858487 2.165193
-0.2496904 1.575145 2.21446
-0.2778955 1.331697 2.252807
-0.2519594 1.108196 2.200162
-0.2407072 1.03926 2.177477
0.1062856 1.601409 2.192496
0.1679135 1.364264 2.234738
0.169486 1.125897 2.167637
0.1575171 1.070008 2.154516
-0.1276187 1.065738 2.179551
-0.08824548 0.6513093 2.210975
-0.0508907 0.2475873 2.251824
-0.05360901 0.2388871 2.168322
0.03771664 1.076534 2.16837
0.05026635 0.6480485 2.205049
0.0438008 0.2546865 2.256822
0.03897689 0.2431685 2.16871
-0.06945914 1.636025 2.193682
-0.220206 0.9640445 2.168107
-0.2792191 1.028869 2.185116
0.150678 0.9856077 2.1584
0.1908188 1.058927 2.15922
106
-0.04576143 1.072011 2.211256
-0.05931168 1.399024 2.202642
-0.07295655 1.712146 2.186499
-0.06795023 1.858247 2.165049
-0.2503308 1.575114 2.216258
-0.277997 1.331315 2.25163
-0.2528974 1.105398 2.1979
-0.2423758 1.037778 2.175573
0.1060313 1.601565 2.192548
0.166935 1.364094 2.233166
0.1718706 1.122543 2.167829
0.1600015 1.068392 2.15421
-0.1277847 1.065704 2.18013
-0.08871039 0.6519548 2.210895
-0.050861 0.2475968 2.251967
-0.05363376 0.2388617 2.168523
0.03751014 1.076563 2.168707
0.05017684 0.6483071 2.204831
0.04362389 0.2548229 2.256786
0.03873497 0.2432567 2.168572
-0.06972013 1.635826 2.193831
-0.221225 0.9624717 2.16727
-0.2830797 1.025652 2.1815
0.1527733 0.9845446 2.15997
0.1942888 1.059434 2.157148
107
-0.04576143 1.072011 2.211256
-0.05931168 1.399024 2.202642
-0.07295655 1.712146 2.186499
-0.06795023 1.858247 2.165049
-0.2503308 1.575114 2.216258
-0.277997 1.331315 2.25163
-0.2528974 1.105398 2.1979
-0.2423758 1.037778 2.175573
0.1060313 1.601565 2.192548
0.166935 1.364094 2.233166
0.1718706 1.122543 2.167829
0.1600015 1.068392 2.15421
-0.1277847 1.065704 2.18013
-0.08871039 0.6519548 2.210895
-0.050861 0.2475968 2.251967
-0.05363376 0.2388617 2.168523
0.03751014 1.076563 2.168707
0.05017684 0.6483071 2.204831
0.04362389 0.2548229 2.256786
0.03873497 0.2432567 2.168572
-0.06972013 1.635826 2.193831
-0.221225 0.9624717 2.16727
-0.2830797 1.025652 2.1815
0.1527733 0.9845446 2.15997
0.1942888 1.059434 2.157148
108
-0.04593711 1.072038 2.211625
-0.05970789 1.398755 2.20345
-0.07359228 1.711797 2.187122
-0.0682948 1.857976 2.165029
-0.2509649 1.575002 2.217936
-0.278256 1.330936 2.250586
-0.2541288 1.102567 2.195758
-0.2441196 1.03605 2.17399
0.1056733 1.601692 2.192756
0.1662502 1.363867 2.231896
0.1735302 1.120133 2.167801
0.1615601 1.06737 2.153798
-0.1279112 1.065661 2.180605
-0.08913645 0.6525443 2.210823
-0.05084831 0.2476596 2.252097
-0.05374783 0.2388713 2.168577
0.03733771 1.076586 2.169003
0.0500657 0.6486009 2.204589
0.04355675 0.2549744 2.256777
0.03852461 0.2433453 2.168438
-0.07017764 1.63554 2.194233
-0.2234382 0.9595416 2.167566
-0.287422 1.025463 2.180072
0.1542197 0.9838669 2.160909
0.1962809 1.058708 2.154687
109
-0.04593711 1.072038 2.211625
-0.05970789 1.398755 2.20345
-0.07359228 1.711797 2.187122
-0.0682948 1.857976 2.165029
-0.2509649 1.575002 2.217936
-0.278256 1.330936 2.250586
-0.2541288 1.102567 2.195758
-0.2441196 1.03605 2.17399
0.1056733 1.601692 2.192756
0.1662502 1.363867 2.231896
0.1735302 1.120133 2.167801
0.1615601 1.06737 2.153798
-0.1279112 1.065661 2.180605
-0.08913645 0.6525443 2.210823
-0.05084831 0.2476596 2.252097
-0.05374783 0.2388713 2.168577
0.03733771 1.076586 2.169003
0.0500657 0.6486009 2.204589
0.04355675 0.2549744 2.256777
0.03852461 0.2433453 2.168438
-0.07017764 1.63554 2.194233
-0.2234382 0.9595416 2.167566
-0.287422 1.025463 2.180072
0.1542197 0.9838669 2.160909
0.1962809 1.058708 2.154687
110
-0.0460832 1.072047 2.211921
-0.06007802 1.398503 2.204167
-0.07424139 1.711449 2.187793
-0.06866023 1.857702 2.165066
-0.2515031 1.57487 2.219323
-0.2787472 1.330474 2.249366
-0.2554406 1.100302 2.193737
-0.2457363 1.034769 2.171893
0.105285 1.601771 2.193018
0.1656912 1.363454 2.230367
0.1746223 1.118301 2.167349
0.1625785 1.066791 2.152868
-0.1280143 1.065606 2.180983
-0.08950049 0.6529319 2.210776
-0.05084853 0.2477606 2.25221
-0.05389185 0.2389141 2.168541
0.03719053 1.076596 2.169236
0.04992128 0.648924 2.204236
0.0435183 0.255185 2.256765
0.03828789 0.2434596 2.168239
-0.07066323 1.635244 2.194685
-0.2255945 0.9572337 2.167554
-0.2905172 1.026765 2.177012
0.1552044 0.9843872 2.160552
0.197349 1.05752 2.151964
111
-0.0460832 1.072047 2.211921
-0.06007802 1.398503 2.204167
-0.07424139 1.711449 2.187793
-0.06866023 1.857702 2.165066
-0.2515031 1.57487 2.219323
-0.2787472 1.330474 2.249366
-0.2554406 1.100302 2.193737
-0.2457363 1.034769 2.171893
0.105285 1.601771 2.193018
0.1656912 1.363454 2.230367
0.1746223 1.118301 2.167349
0.1625785 1.066791 2.152868
-0.1280143 1.065606 2.180983
-0.08950049 0.6529319 2.210776
-0.05084853 0.2477606 2.25221
-0.05389185 0.2389141 2.168541
0.03719053 1.076596 2.169236
0.04992128 0.648924 2.204236
0.0435183 0.255185 2.256765
0.03828789 0.2434596 2.168239
-0.07066323 1.635244 2.194685
-0.2255945 0.9572337 2.167554
-0.2905172 1.026765 2.177012
0.1552044 0.9843872 2.160552
0.197349 1.05752 2.151964
112
-0.04620532 1.072047 2.212171
-0.06043597 1.398254 2.204854
-0.07490806 1.711074 2.188585
-0.06909527 1.857385 2.165226
-0.2520151 1.574707 2.220546
-0.2792819 1.330041 2.248279
-0.2564905 1.098694 2.19219
-0.2467438 1.033721 2.170176
0.1048276 1.601825 2.193444
0.1652854 1.363042 2.229092
0.1753431 1.117037 2.166966
0.1629798 1.066623 2.151993
-0.1280977 1.065547 2.181293
-0.08982045 0.653259 2.210739
-0.05087058 0.2478827 2.252341
-0.05406937 0.2389617 2.168407
0.03706335 1.076601 2.169437
0.04976903 0.6492445 2.203805
0.04349614 0.2553861 2.256769
0.03807783 0.2435346 2.167995
-0.07118388 1.634914 2.195247
-0.2264226 0.9557831 2.167334
-0.291182 1.026457 2.171043
0.1551668 0.9857008 2.158812
0.1962724 1.053758 2.147745
113
-0.04620532 1.072047 2.212171
-0.06043597 1.398254 2.204854
-0.07490806 1.711074 2.188585
-0.06909527 1.857385 2.165226
-0.2520151 1.574707 2.220546
-0.2792819 1.330041 2.248279
-0.2564905 1.098694 2.19219
-0.2467438 1.033721 2.170176
0.1048276 1.601825 2.193444
0.1652854 1.363042 2.229092
0.1753431 1.117037 2.166966
0.1629798 1.066623 2.151993
-0.1280977 1.065547 2.181293
-0.08982045 0.653259 2.210739
-0.05087058 0.2478827 2.252341
-0.05406937 0.2389617 2.168407
0.03706335 1.076601 2.169437
0.04976903 0.6492445 2.203805
0.04349614 0.2553861 2.256769
0.03807783 0.2435346 2.167995
-0.07118388 1.634914 2.195247
-0.2264226 0.9557831 2.167334
-0.291182 1.026457 2.171043
0.1551668 0.9857008 2.158812
0.1962724 1.053758 2.147745
114
-0.04632617 1.072043 2.212439
-0.0608374 1.398017 2.205727
-0.07563324 1.710706 2.189774
-0.06962769 1.856993 2.165758
-0.2524482 1.574623 2.221868
-0.2798086 1.329703 2.247422
-0.2573599 1.09731 2.190823
-0.24735 1.033114 2.169232
0.1042424 1.601871 2.194211
0.1649466 1.362651 2.228073
0.1757632 1.116115 2.166599
0.1627911 1.066604 2.15145
-0.1281783 1.065477 2.181603
-0.09010764 0.6535317 2.210754
-0.05094445 0.2480583 2.252545
-0.05442737 0.2390221 2.168135
0.03693163 1.076616 2.169667
0.04963588 0.6495273 2.203409
0.04349009 0.255555 2.256785
0.03785842 0.2435845 2.16778
-0.071784 1.634575 2.196163
-0.2270101 0.9546995 2.16735
-0.2917226 1.026283 2.168495
0.1551069 0.9866523 2.158267
0.1955282 1.053987 2.146544
115
-0.04632617 1.072043 2.212439
-0.0608374 1.398017 2.205727
-0.07563324 1.710706 2.189774
-0.06962769 1.856993 2.165758
-0.2524482 1.574623 2.221868
-0.2798086 1.329703 2.247422
-0.2573599 1.09731 2.190823
-0.24735 1.033114 2.169232
0.1042424 1.601871 2.194211
0.1649466 1.362651 2.228073
0.1757632 1.116115 2.166599
0.1627911 1.066604 2.15145
-0.1281783 1.065477 2.181603
-0.09010764 0.6535317 2.210754
-0.05094445 0.2480583 2.252545
-0.05442737 0.2390221 2.168135
0.03693163 1.076616 2.169667
0.04963588 0.6495273 2.203409
0.04349009 0.255555 2.256785
0.03785842 0.2435845 2.16778
-0.071784 1.634575 2.196163
-0.2270101 0.9546995 2.16735
-0.2917226 1.026283 2.168495
0.1551069 0.9866523 2.158267
0.1955282 1.053987 2.146544
