125
1
0.2389741 1.117361 2.309163
0.2381281 1.445059 2.300749
0.2361363 1.760442 2.280859
0.2537805 1.906881 2.256348
0.06440273 1.634287 2.289679
0.009025903 1.4043 2.302726
0.01436253 1.181106 2.255856
0.0285246 1.130302 2.255402
0.4168071 1.620328 2.256286
0.4642391 1.388163 2.255499
0.4565225 1.176827 2.211298
0.4454629 1.124941 2.211454
0.1533424 1.116147 2.278092
0.1522983 0.8150214 2.363495
0.1185636 0.4408842 2.452944
0.07460161 0.4222999 2.358631
0.3169303 1.11476 2.266416
0.3319938 0.8115654 2.330932
0.3781506 0.4476866 2.439167
0.3938038 0.4198222 2.338813
0.2368522 1.683311 2.287928
0.04046622 1.058666 2.2704
0.07931803 1.132312 2.221968
0.4390481 1.062307 2.222533
0.4829367 1.115553 2.207957
2
0.2389767 1.11737 2.309224
0.2381388 1.445061 2.300782
0.2361479 1.76044 2.280873
0.2537678 1.906873 2.256356
0.06436076 1.634268 2.289731
0.00905647 1.404267 2.302815
0.01436849 1.181094 2.2559
0.02852719 1.130296 2.255422
0.4168067 1.620336 2.25629
0.4642416 1.388172 2.255505
0.4564737 1.176772 2.211329
0.445434 1.124898 2.211465
0.1533432 1.116157 2.278189
0.1523188 0.8149527 2.363585
0.1185709 0.4408839 2.452948
0.07461008 0.4223246 2.358659
0.3169343 1.114769 2.266451
0.3319944 0.8115893 2.330935
0.3781607 0.4476805 2.439183
0.3938129 0.4198153 2.338829
0.2368636 1.68331 2.287947
0.04039165 1.058718 2.270426
0.0792609 1.132314 2.222048
0.4395927 1.061215 2.2233
0.4829524 1.115515 2.207978
3
0.2389767 1.11737 2.309224
0.2381388 1.445061 2.300782
0.2361479 1.76044 2.280873
0.2537678 1.906873 2.256356
0.06436076 1.634268 2.289731
0.00905647 1.404267 2.302815
0.01436849 1.181094 2.2559
0.02852719 1.130296 2.255422
0.4168067 1.620336 2.25629
0.4642416 1.388172 2.255505
0.4564737 1.176772 2.211329
0.445434 1.124898 2.211465
0.1533432 1.116157 2.278189
0.1523188 0.8149527 2.363585
0.1185709 0.4408839 2.452948
0.07461008 0.4223246 2.358659
0.3169343 1.114769 2.266451
0.3319944 0.8115893 2.330935
0.3781607 0.4476805 2.439183
0.3938129 0.4198153 2.338829
0.2368636 1.68331 2.287947
0.04039165 1.058718 2.270426
0.0792609 1.132314 2.222048
0.4395927 1.061215 2.2233
0.4829524 1.115515 2.207978
4
0.2389794 1.11738 2.309284
0.2381488 1.445063 2.300814
0.2361588 1.760437 2.280886
0.2537555 1.906866 2.256364
0.06431906 1.63425 2.289782
0.009089569 1.404236 2.302911
0.01437561 1.18108 2.255945
0.02852841 1.130303 2.255453
0.4168075 1.620344 2.256296
0.4642439 1.38818 2.25551
0.4564238 1.176709 2.211361
0.4454119 1.124866 2.211492
0.153344 1.116168 2.278283
0.1523306 0.8149358 2.363616
0.1185846 0.4409191 2.452954
0.07463933 0.4223687 2.358693
0.3169383 1.114776 2.266484
0.3319924 0.8116003 2.330948
0.3781701 0.4476725 2.439201
0.393824 0.4198084 2.338849
0.2368744 1.683309 2.287964
0.04098688 1.058595 2.270359
0.07922922 1.132365 2.22208
0.4396035 1.061001 2.223446
0.4831353 1.116735 2.207412
5
0.2389794 1.11738 2.309284
0.2381488 1.445063 2.300814
0.2361588 1.760437 2.280886
0.2537555 1.906866 2.256364
0.06431906 1.63425 2.289782
0.009089569 1.404236 2.302911
0.01437561 1.18108 2.255945
0.02852841 1.130303 2.255453
0.4168075 1.620344 2.256296
0.4642439 1.38818 2.25551
0.4564238 1.176709 2.211361
0.4454119 1.124866 2.211492
0.153344 1.116168 2.278283
0.1523306 0.8149358 2.363616
0.1185846 0.4409191 2.452954
0.07463933 0.4223687 2.358693
0.3169383 1.114776 2.266484
0.3319924 0.8116003 2.330948
0.3781701 0.4476725 2.439201
0.393824 0.4198084 2.338849
0.2368744 1.683309 2.287964
0.04098688 1.058595 2.270359
0.07922922 1.132365 2.22208
0.4396035 1.061001 2.223446
0.4831353 1.116735 2.207412
6
0.2389816 1.117388 2.30934
0.2381585 1.445065 2.300844
0.2361707 1.760434 2.280897
0.2537433 1.906858 2.256371
0.06428166 1.634234 2.289827
0.009120751 1.404207 2.303003
0.01438276 1.181067 2.255986
0.02853988 1.130282 2.255459
0.4168086 1.620352 2.2563
0.464246 1.388187 2.255514
0.4563679 1.17663 2.211392
0.4453961 1.124845 2.211491
0.1533441 1.116179 2.27837
0.15234 0.8149275 2.363639
0.1185943 0.4409269 2.45296
0.07464752 0.4223807 2.358701
0.316942 1.114784 2.266516
0.33199 0.811615 2.330952
0.3781783 0.447658 2.439218
0.3938423 0.4197957 2.338871
0.2368856 1.683307 2.28798
0.04128854 1.058511 2.270354
0.07951111 1.134126 2.221844
0.4396744 1.060859 2.223598
0.4831736 1.116913 2.207317
7
0.2389816 1.117388 2.30934
0.2381585 1.445065 2.300844
0.2361707 1.760434 2.280897
0.2537433 1.906858 2.256371
0.06428166 1.634234 2.289827
0.009120751 1.404207 2.303003
0.01438276 1.181067 2.255986
0.02853988 1.130282 2.255459
0.4168086 1.620352 2.2563
0.464246 1.388187 2.255514
0.4563679 1.17663 2.211392
0.4453961 1.124845 2.211491
0.1533441 1.116179 2.27837
0.15234 0.8149275 2.363639
0.1185943 0.4409269 2.45296
0.07464752 0.4223807 2.358701
0.316942 1.114784 2.266516
0.33199 0.811615 2.330952
0.3781783 0.447658 2.439218
0.3938423 0.4197957 2.338871
0.2368856 1.683307 2.28798
0.04128854 1.058511 2.270354
0.07951111 1.134126 2.221844
0.4396744 1.060859 2.223598
0.4831736 1.116913 2.207317
8
0.2389835 1.117397 2.309393
0.238168 1.445066 2.300871
0.2361837 1.76043 2.280906
0.2537304 1.90685 2.256375
0.06424655 1.634219 2.289869
0.009150336 1.40418 2.303088
0.01439011 1.181055 2.256025
0.02854519 1.13027 2.255466
0.4168095 1.620359 2.256304
0.4642479 1.388194 2.255517
0.4563327 1.176597 2.211411
0.4453862 1.124836 2.211493
0.1533441 1.116188 2.278451
0.1523472 0.8149182 2.363661
0.1186027 0.4409311 2.452965
0.07465272 0.4223894 2.358709
0.3169453 1.114791 2.266546
0.331986 0.8116329 2.330951
0.3781869 0.4476307 2.439237
0.3938771 0.4197747 2.338904
0.2368973 1.683304 2.287993
0.04158138 1.058542 2.270223
0.07953367 1.134404 2.221817
0.439627 1.06072 2.223715
0.4831721 1.117337 2.206872
9
0.2389835 1.117397 2.309393
0.238168 1.445066 2.300871
0.2361837 1.76043 2.280906
0.2537304 1.90685 2.256375
0.06424655 1.634219 2.289869
0.009150336 1.40418 2.303088
0.01439011 1.181055 2.256025
0.02854519 1.13027 2.255466
0.4168095 1.620359 2.256304
0.4642479 1.388194 2.255517
0.4563327 1.176597 2.211411
0.4453862 1.124836 2.211493
0.1533441 1.116188 2.278451
0.1523472 0.8149182 2.363661
0.1186027 0.4409311 2.452965
0.07465272 0.4223894 2.358709
0.3169453 1.114791 2.266546
0.331986 0.8116329 2.330951
0.3781869 0.4476307 2.439237
0.3938771 0.4197747 2.338904
0.2368973 1.683304 2.287993
0.04158138 1.058542 2.270223
0.07953367 1.134404 2.221817
0.439627 1.06072 2.223715
0.4831721 1.117337 2.206872
10
0.2389851 1.117405 2.309443
0.2381772 1.445068 2.300897
0.2361981 1.760425 2.280915
0.253717 1.906841 2.256379
0.06421414 1.634206 2.289907
0.00917807 1.404156 2.303166
0.01439803 1.181042 2.256063
0.02854047 1.13029 2.255497
0.4168102 1.620365 2.256307
0.4642496 1.388199 2.255519
0.4562971 1.176563 2.211427
0.4453524 1.124799 2.21151
0.1533438 1.116198 2.278526
0.1523731 0.8148497 2.363721
0.1186046 0.4409258 2.452966
0.07466193 0.4223997 2.358717
0.3169481 1.114798 2.266574
0.3319817 0.8116569 2.330947
0.3781945 0.4476035 2.439257
0.3939141 0.419753 2.338938
0.2369097 1.683301 2.288006
0.04244666 1.058417 2.269757
0.07959908 1.134858 2.221752
0.4394262 1.060543 2.223695
0.4826021 1.119347 2.205863
11
0.2389851 1.117405 2.309443
0.2381772 1.445068 2.300897
0.2361981 1.760425 2.280915
0.253717 1.906841 2.256379
0.06421414 1.634206 2.289907
0.00917807 1.404156 2.303166
0.01439803 1.181042 2.256063
0.02854047 1.13029 2.255497
0.4168102 1.620365 2.256307
0.4642496 1.388199 2.255519
0.4562971 1.176563 2.211427
0.4453524 1.124799 2.21151
0.1533438 1.116198 2.278526
0.1523731 0.8148497 2.363721
0.1186046 0.4409258 2.452966
0.07466193 0.4223997 2.358717
0.3169481 1.114798 2.266574
0.3319817 0.8116569 2.330947
0.3781945 0.4476035 2.439257
0.3939141 0.419753 2.338938
0.2369097 1.683301 2.288006
0.04244666 1.058417 2.269757
0.07959908 1.134858 2.221752
0.4394262 1.060543 2.223695
0.4826021 1.119347 2.205863
12
0.2389863 1.117412 2.309489
0.2381861 1.445069 2.300921
0.2362137 1.760421 2.280923
0.2537036 1.906833 2.256382
0.06418301 1.634193 2.289943
0.009203023 1.404134 2.303237
0.01440698 1.181031 2.256097
0.02854341 1.130309 2.255499
0.4168128 1.620371 2.25631
0.4642513 1.388204 2.255522
0.4562465 1.176475 2.211453
0.445331 1.12479 2.211511
0.1533431 1.116207 2.278595
0.1523792 0.8148358 2.363741
0.1186116 0.4409295 2.452972
0.07466866 0.422406 2.358723
0.3169506 1.114805 2.266601
0.331978 0.8116919 2.330933
0.3782002 0.4475833 2.439273
0.3939423 0.4197349 2.338965
0.2369226 1.683299 2.288017
0.04160008 1.058769 2.270077
0.07922038 1.13103 2.222058
0.4393952 1.060468 2.223738
0.4824779 1.119317 2.205855
13
0.2389863 1.117412 2.309489
0.2381861 1.445069 2.300921
0.2362137 1.760421 2.280923
0.2537036 1.906833 2.256382
0.06418301 1.634193 2.289943
0.009203023 1.404134 2.303237
0.01440698 1.181031 2.256097
0.02854341 1.130309 2.255499
0.4168128 1.620371 2.25631
0.4642513 1.388204 2.255522
0.4562465 1.176475 2.211453
0.445331 1.12479 2.211511
0.1533431 1.116207 2.278595
0.1523792 0.8148358 2.363741
0.1186116 0.4409295 2.452972
0.07466866 0.422406 2.358723
0.3169506 1.114805 2.266601
0.331978 0.8116919 2.330933
0.3782002 0.4475833 2.439273
0.3939423 0.4197349 2.338965
0.2369226 1.683299 2.288017
0.04160008 1.058769 2.270077
0.07922038 1.13103 2.222058
0.4393952 1.060468 2.223738
0.4824779 1.119317 2.205855
14
0.2389871 1.117419 2.309532
0.2381945 1.44507 2.300943
0.2362291 1.760416 2.280929
0.2536886 1.906823 2.256383
0.06415357 1.634181 2.289976
0.009227735 1.404113 2.303304
0.01441713 1.181018 2.25613
0.02855501 1.130309 2.255502
0.4168163 1.620378 2.256312
0.4642532 1.388209 2.255523
0.4562173 1.17645 2.211461
0.4452958 1.124751 2.211516
0.1533421 1.116215 2.27866
0.1523734 0.8148753 2.363736
0.1186218 0.4409381 2.452979
0.07467544 0.422411 2.358727
0.3169524 1.11481 2.266624
0.3319643 0.8117655 2.330898
0.3782068 0.4475644 2.439292
0.3939721 0.4197163 2.338999
0.2369352 1.683296 2.288027
0.04165241 1.058764 2.270054
0.07917852 1.131446 2.222113
0.4386484 1.060055 2.223744
0.4823875 1.119506 2.205704
15
0.2389871 1.117419 2.309532
0.2381945 1.44507 2.300943
0.2362291 1.760416 2.280929
0.2536886 1.906823 2.256383
0.06415357 1.634181 2.289976
0.009227735 1.404113 2.303304
0.01441713 1.181018 2.25613
0.02855501 1.130309 2.255502
0.4168163 1.620378 2.256312
0.4642532 1.388209 2.255523
0.4562173 1.17645 2.211461
0.4452958 1.124751 2.211516
0.1533421 1.116215 2.27866
0.1523734 0.8148753 2.363736
0.1186218 0.4409381 2.452979
0.07467544 0.422411 2.358727
0.3169524 1.11481 2.266624
0.3319643 0.8117655 2.330898
0.3782068 0.4475644 2.439292
0.3939721 0.4197163 2.338999
0.2369352 1.683296 2.288027
0.04165241 1.058764 2.270054
0.07917852 1.131446 2.222113
0.4386484 1.060055 2.223744
0.4823875 1.119506 2.205704
16
0.2389877 1.117427 2.309574
0.238203 1.445071 2.300964
0.2362469 1.760412 2.280934
0.2536723 1.906812 2.256382
0.06412589 1.63417 2.290007
0.009251642 1.404093 2.303368
0.01442779 1.181005 2.256159
0.02855523 1.130315 2.25554
0.4168202 1.620384 2.256314
0.4642549 1.388213 2.255524
0.4561768 1.176475 2.211463
0.4452567 1.124725 2.211552
0.1533411 1.116224 2.278722
0.1523821 0.814881 2.363748
0.1186304 0.4409523 2.452983
0.07469558 0.4224268 2.358737
0.316954 1.114816 2.266646
0.3319533 0.8117831 2.330907
0.3782167 0.4475258 2.439312
0.3940118 0.4196924 2.339046
0.236949 1.683293 2.288036
0.04111663 1.058947 2.270146
0.0793142 1.1319 2.222182
0.4385154 1.059949 2.223773
0.4823191 1.11975 2.2056
17
0.2389877 1.117427 2.309574
0.238203 1.445071 2.300964
0.2362469 1.760412 2.280934
0.2536723 1.906812 2.256382
0.06412589 1.63417 2.290007
0.009251642 1.404093 2.303368
0.01442779 1.181005 2.256159
0.02855523 1.130315 2.25554
0.4168202 1.620384 2.256314
0.4642549 1.388213 2.255524
0.4561768 1.176475 2.211463
0.4452567 1.124725 2.211552
0.1533411 1.116224 2.278722
0.1523821 0.814881 2.363748
0.1186304 0.4409523 2.452983
0.07469558 0.4224268 2.358737
0.316954 1.114816 2.266646
0.3319533 0.8117831 2.330907
0.3782167 0.4475258 2.439312
0.3940118 0.4196924 2.339046
0.236949 1.683293 2.288036
0.04111663 1.058947 2.270146
0.0793142 1.1319 2.222182
0.4385154 1.059949 2.223773
0.4823191 1.11975 2.2056
18
0.2389882 1.117434 2.309613
0.2382113 1.445072 2.300983
0.2362661 1.760406 2.280937
0.2536582 1.906802 2.256379
0.06409983 1.634159 2.290037
0.009273936 1.404075 2.303428
0.01443884 1.180991 2.256189
0.02855491 1.130331 2.255547
0.4168245 1.620391 2.256316
0.4642565 1.388218 2.255524
0.4561414 1.176483 2.211468
0.44522 1.124702 2.211556
0.1533401 1.116233 2.278779
0.1523884 0.8148796 2.363767
0.118646 0.4409781 2.452991
0.07472412 0.4224532 2.358752
0.3169553 1.114822 2.266667
0.3319409 0.8117803 2.330935
0.3782291 0.4474832 2.439329
0.3940525 0.4196725 2.339103
0.2369634 1.68329 2.288043
0.03911684 1.059302 2.270424
0.07925517 1.131436 2.222237
0.4383847 1.059858 2.223769
0.4822708 1.116771 2.207176
19
0.2389882 1.117434 2.309613
0.2382113 1.445072 2.300983
0.2362661 1.760406 2.280937
0.2536582 1.906802 2.256379
0.06409983 1.634159 2.290037
0.009273936 1.404075 2.303428
0.01443884 1.180991 2.256189
0.02855491 1.130331 2.255547
0.4168245 1.620391 2.256316
0.4642565 1.388218 2.255524
0.4561414 1.176483 2.211468
0.44522 1.124702 2.211556
0.1533401 1.116233 2.278779
0.1523884 0.8148796 2.363767
0.118646 0.4409781 2.452991
0.07472412 0.4224532 2.358752
0.3169553 1.114822 2.266667
0.3319409 0.8117803 2.330935
0.3782291 0.4474832 2.439329
0.3940525 0.4196725 2.339103
0.2369634 1.68329 2.288043
0.03911684 1.059302 2.270424
0.07925517 1.131436 2.222237
0.4383847 1.059858 2.223769
0.4822708 1.116771 2.207176
20
0.2389895 1.117441 2.309652
0.2382199 1.445072 2.301001
0.2362866 1.760399 2.28094
0.2536441 1.906791 2.256373
0.06407456 1.63415 2.290064
0.009295008 1.404058 2.303482
0.01445276 1.180977 2.256223
0.02855159 1.130304 2.255612
0.4168279 1.620397 2.256315
0.4642578 1.388222 2.255525
0.4561121 1.176482 2.211471
0.4451847 1.124715 2.211576
0.1533398 1.116241 2.278833
0.1523987 0.8148615 2.363816
0.1186599 0.4409919 2.452994
0.07474945 0.4224786 2.358767
0.3169574 1.114827 2.266689
0.331929 0.8117405 2.331004
0.3782429 0.4474345 2.439341
0.3940916 0.4196561 2.339154
0.2369787 1.683285 2.28805
0.03868446 1.059351 2.270519
0.07924936 1.13133 2.222262
0.4381737 1.060144 2.223688
0.4822325 1.11639 2.207384
21
0.2389895 1.117441 2.309652
0.2382199 1.445072 2.301001
0.2362866 1.760399 2.28094
0.2536441 1.906791 2.256373
0.06407456 1.63415 2.290064
0.009295008 1.404058 2.303482
0.01445276 1.180977 2.256223
0.02855159 1.130304 2.255612
0.4168279 1.620397 2.256315
0.4642578 1.388222 2.255525
0.4561121 1.176482 2.211471
0.4451847 1.124715 2.211576
0.1533398 1.116241 2.278833
0.1523987 0.8148615 2.363816
0.1186599 0.4409919 2.452994
0.07474945 0.4224786 2.358767
0.3169574 1.114827 2.266689
0.331929 0.8117405 2.331004
0.3782429 0.4474345 2.439341
0.3940916 0.4196561 2.339154
0.2369787 1.683285 2.28805
0.03868446 1.059351 2.270519
0.07924936 1.13133 2.222262
0.4381737 1.060144 2.223688
0.4822325 1.11639 2.207384
22
0.2389887 1.117445 2.309682
0.2382264 1.44507 2.301011
0.2363229 1.760379 2.280915
0.2536276 1.906777 2.256358
0.06404981 1.63414 2.290084
0.009313278 1.404042 2.303519
0.01446701 1.180961 2.256253
0.02859399 1.130231 2.255527
0.4168218 1.620401 2.25629
0.4642565 1.388225 2.255511
0.456052 1.176457 2.211453
0.4450102 1.124595 2.211323
0.1533375 1.116245 2.278868
0.1523988 0.8148426 2.363847
0.1186747 0.4410001 2.452995
0.07476195 0.4224904 2.358762
0.3169581 1.11483 2.266708
0.3319141 0.8116782 2.331064
0.3782547 0.447401 2.439347
0.3941168 0.4196455 2.339186
0.2370022 1.683273 2.288041
0.03911071 1.059185 2.270254
0.07945142 1.132179 2.221655
0.4380311 1.060245 2.223454
0.4821296 1.116456 2.207358
23
0.2389887 1.117445 2.309682
0.2382264 1.44507 2.301011
0.2363229 1.760379 2.280915
0.2536276 1.906777 2.256358
0.06404981 1.63414 2.290084
0.009313278 1.404042 2.303519
0.01446701 1.180961 2.256253
0.02859399 1.130231 2.255527
0.4168218 1.620401 2.25629
0.4642565 1.388225 2.255511
0.456052 1.176457 2.211453
0.4450102 1.124595 2.211323
0.1533375 1.116245 2.278868
0.1523988 0.8148426 2.363847
0.1186747 0.4410001 2.452995
0.07476195 0.4224904 2.358762
0.3169581 1.11483 2.266708
0.3319141 0.8116782 2.331064
0.3782547 0.447401 2.439347
0.3941168 0.4196455 2.339186
0.2370022 1.683273 2.288041
0.03911071 1.059185 2.270254
0.07945142 1.132179 2.221655
0.4380311 1.060245 2.223454
0.4821296 1.116456 2.207358
24
0.2389878 1.117448 2.30971
0.2382323 1.445068 2.301019
0.2363601 1.760355 2.280884
0.2536073 1.90676 2.256336
0.06402563 1.634131 2.290101
0.009331832 1.404026 2.303554
0.01448218 1.180945 2.256282
0.02860016 1.130225 2.25552
0.4168087 1.620407 2.256254
0.4642501 1.388231 2.255484
0.4559755 1.176418 2.211431
0.4449017 1.124571 2.211293
0.153335 1.116248 2.278898
0.1524063 0.8147262 2.363931
0.1186822 0.4409941 2.45299
0.07477161 0.4224979 2.358742
0.3169585 1.114834 2.266726
0.331901 0.8116642 2.331085
0.3782636 0.4473792 2.439353
0.3941393 0.4196369 2.339212
0.2370262 1.683258 2.288027
0.03918159 1.059433 2.270013
0.07947633 1.132312 2.221577
0.4379571 1.060234 2.223466
0.4820987 1.116273 2.20756
25
0.2389878 1.117448 2.30971
0.2382323 1.445068 2.301019
0.2363601 1.760355 2.280884
0.2536073 1.90676 2.256336
0.06402563 1.634131 2.290101
0.009331832 1.404026 2.303554
0.01448218 1.180945 2.256282
0.02860016 1.130225 2.25552
0.4168087 1.620407 2.256254
0.4642501 1.388231 2.255484
0.4559755 1.176418 2.211431
0.4449017 1.124571 2.211293
0.153335 1.116248 2.278898
0.1524063 0.8147262 2.363931
0.1186822 0.4409941 2.45299
0.07477161 0.4224979 2.358742
0.3169585 1.114834 2.266726
0.331901 0.8116642 2.331085
0.3782636 0.4473792 2.439353
0.3941393 0.4196369 2.339212
0.2370262 1.683258 2.288027
0.03918159 1.059433 2.270013
0.07947633 1.132312 2.221577
0.4379571 1.060234 2.223466
0.4820987 1.116273 2.20756
26
0.2389866 1.117451 2.309735
0.2382379 1.445066 2.301025
0.2363991 1.76033 2.280851
0.2535858 1.906744 2.256312
0.06400228 1.634122 2.290115
0.009350174 1.404012 2.303585
0.0144967 1.180931 2.256311
0.02860316 1.130214 2.255562
0.4167892 1.620418 2.256209
0.4642021 1.388239 2.255344
0.4558038 1.17632 2.21138
0.4446173 1.124539 2.211174
0.1533323 1.116251 2.278926
0.1524098 0.8147094 2.36395
0.1186839 0.4409932 2.452994
0.07477219 0.4224951 2.358725
0.3169585 1.114837 2.266742
0.3318893 0.8116582 2.331099
0.3782715 0.4473577 2.439359
0.3941675 0.4196288 2.33924
0.2370515 1.683242 2.288012
0.03982009 1.059304 2.269762
0.07964116 1.133045 2.221524
0.4375922 1.060552 2.223239
0.4816911 1.116181 2.207487
27
0.2389866 1.117451 2.309735
0.2382379 1.445066 2.301025
0.2363991 1.76033 2.280851
0.2535858 1.906744 2.256312
0.06400228 1.634122 2.290115
0.009350174 1.404012 2.303585
0.0144967 1.180931 2.256311
0.02860316 1.130214 2.255562
0.4167892 1.620418 2.256209
0.4642021 1.388239 2.255344
0.4558038 1.17632 2.21138
0.4446173 1.124539 2.211174
0.1533323 1.116251 2.278926
0.1524098 0.8147094 2.36395
0.1186839 0.4409932 2.452994
0.07477219 0.4224951 2.358725
0.3169585 1.114837 2.266742
0.3318893 0.8116582 2.331099
0.3782715 0.4473577 2.439359
0.3941675 0.4196288 2.33924
0.2370515 1.683242 2.288012
0.03982009 1.059304 2.269762
0.07964116 1.133045 2.221524
0.4375922 1.060552 2.223239
0.4816911 1.116181 2.207487
28
0.2389843 1.117454 2.309759
0.2382428 1.445064 2.30103
0.2364349 1.760305 2.280819
0.2535584 1.906725 2.256287
0.06397739 1.634114 2.290131
0.009368207 1.403997 2.303616
0.01450817 1.18092 2.256344
0.02858733 1.130217 2.255639
0.4167399 1.62044 2.256114
0.4638682 1.38822 2.254645
0.4551573 1.175975 2.211008
0.4434316 1.124211 2.210035
0.1533277 1.116254 2.278955
0.1524158 0.8147416 2.363937
0.1186782 0.4409987 2.453003
0.07477117 0.4224903 2.358706
0.3169574 1.11484 2.266755
0.3318775 0.811653 2.331113
0.3782791 0.4473371 2.439364
0.3941946 0.4196215 2.339267
0.2370747 1.683227 2.287997
0.04009093 1.059345 2.269608
0.07961024 1.133613 2.221673
0.4369346 1.060526 2.222863
0.4803763 1.116999 2.206419
29
0.2389843 1.117454 2.309759
0.2382428 1.445064 2.30103
0.2364349 1.760305 2.280819
0.2535584 1.906725 2.256287
0.06397739 1.634114 2.290131
0.009368207 1.403997 2.303616
0.01450817 1.18092 2.256344
0.02858733 1.130217 2.255639
0.4167399 1.62044 2.256114
0.4638682 1.38822 2.254645
0.4551573 1.175975 2.211008
0.4434316 1.124211 2.210035
0.1533277 1.116254 2.278955
0.1524158 0.8147416 2.363937
0.1186782 0.4409987 2.453003
0.07477117 0.4224903 2.358706
0.3169574 1.11484 2.266755
0.3318775 0.811653 2.331113
0.3782791 0.4473371 2.439364
0.3941946 0.4196215 2.339267
0.2370747 1.683227 2.287997
0.04009093 1.059345 2.269608
0.07961024 1.133613 2.221673
0.4369346 1.060526 2.222863
0.4803763 1.116999 2.206419
30
0.238977 1.117456 2.309782
0.2382463 1.445062 2.301034
0.2364684 1.760283 2.280788
0.2535155 1.906704 2.25626
0.06395271 1.634105 2.290147
0.009388365 1.403982 2.30365
0.01451217 1.180914 2.256397
0.02857793 1.130217 2.255694
0.4166524 1.620475 2.255938
0.4621098 1.387954 2.251092
0.4516165 1.174918 2.207086
0.4395079 1.124397 2.203311
0.1533159 1.116257 2.278988
0.1524183 0.8147594 2.363933
0.118667 0.4409905 2.453012
0.07476395 0.4224758 2.358691
0.3169527 1.114843 2.266765
0.3318597 0.8116183 2.331154
0.3782894 0.4473117 2.439367
0.3942209 0.4196154 2.339289
0.2370961 1.683212 2.287982
0.04001687 1.059421 2.269647
0.07961121 1.133855 2.221712
0.4346383 1.060084 2.220459
0.4746977 1.119587 2.196812
31
0.238977 1.117456 2.309782
0.2382463 1.445062 2.301034
0.2364684 1.760283 2.280788
0.2535155 1.906704 2.25626
0.06395271 1.634105 2.290147
0.009388365 1.403982 2.30365
0.01451217 1.180914 2.256397
0.02857793 1.130217 2.255694
0.4166524 1.620475 2.255938
0.4621098 1.387954 2.251092
0.4516165 1.174918 2.207086
0.4395079 1.124397 2.203311
0.1533159 1.116257 2.278988
0.1524183 0.8147594 2.363933
0.118667 0.4409905 2.453012
0.07476395 0.4224758 2.358691
0.3169527 1.114843 2.266765
0.3318597 0.8116183 2.331154
0.3782894 0.4473117 2.439367
0.3942209 0.4196154 2.339289
0.2370961 1.683212 2.287982
0.04001687 1.059421 2.269647
0.07961121 1.133855 2.221712
0.4346383 1.060084 2.220459
0.4746977 1.119587 2.196812
32
0.2389476 1.117455 2.309809
0.2382483 1.44506 2.301038
0.2365002 1.760262 2.280758
0.2534202 1.906683 2.256238
0.06392145 1.634094 2.290167
0.00941295 1.403962 2.303692
0.01450609 1.181017 2.256485
0.02855429 1.130225 2.25571
0.4164533 1.620531 2.255519
0.4566323 1.387266 2.23818
0.4348382 1.176836 2.178993
0.4252726 1.125378 2.174564
0.15328 1.116257 2.279038
0.152407 0.8148022 2.363904
0.1186617 0.4409789 2.45302
0.07475203 0.4224505 2.358671
0.3169174 1.114841 2.266768
0.3318425 0.811506 2.331251
0.3783032 0.4472753 2.439365
0.3942462 0.4196098 2.33931
0.2371163 1.683199 2.287967
0.03932806 1.059581 2.269974
0.07961936 1.133999 2.221717
0.4246507 1.058404 2.198599
0.4624753 1.121671 2.165503
33
0.2389476 1.117455 2.309809
0.2382483 1.44506 2.301038
0.2365002 1.760262 2.280758
0.2534202 1.906683 2.256238
0.06392145 1.634094 2.290167
0.00941295 1.403962 2.303692
0.01450609 1.181017 2.256485
0.02855429 1.130225 2.25571
0.4164533 1.620531 2.255519
0.4566323 1.387266 2.23818
0.4348382 1.176836 2.178993
0.4252726 1.125378 2.174564
0.15328 1.116257 2.279038
0.152407 0.8148022 2.363904
0.1186617 0.4409789 2.45302
0.07475203 0.4224505 2.358671
0.3169174 1.114841 2.266768
0.3318425 0.811506 2.331251
0.3783032 0.4472753 2.439365
0.3942462 0.4196098 2.33931
0.2371163 1.683199 2.287967
0.03932806 1.059581 2.269974
0.07961936 1.133999 2.221717
0.4246507 1.058404 2.198599
0.4624753 1.121671 2.165503
34
0.2388664 1.117445 2.30985
0.2382466 1.445057 2.301042
0.2365273 1.760242 2.280732
0.2532116 1.906659 2.256246
0.06388025 1.634082 2.290197
0.00944108 1.403939 2.303772
0.01450442 1.181109 2.256579
0.02853576 1.130232 2.255741
0.4160134 1.620597 2.254709
0.4472978 1.401858 2.206028
0.4154711 1.190066 2.132003
0.4035862 1.129436 2.134528
0.1531893 1.116252 2.279129
0.1524069 0.8148049 2.363892
0.1186535 0.440931 2.453032
0.07472812 0.4223867 2.358622
0.3168068 1.11482 2.266754
0.331838 0.8114832 2.331276
0.3783096 0.4472587 2.439366
0.3942644 0.4196058 2.339325
0.2371321 1.683186 2.287955
0.0393667 1.059515 2.269939
0.07956859 1.134753 2.222012
0.4041054 1.060975 2.153251
0.4342114 1.140191 2.104541
35
0.2388664 1.117445 2.30985
0.2382466 1.445057 2.301042
0.2365273 1.760242 2.280732
0.2532116 1.906659 2.256246
0.06388025 1.634082 2.290197
0.00944108 1.403939 2.303772
0.01450442 1.181109 2.256579
0.02853576 1.130232 2.255741
0.4160134 1.620597 2.254709
0.4472978 1.401858 2.206028
0.4154711 1.190066 2.132003
0.4035862 1.129436 2.134528
0.1531893 1.116252 2.279129
0.1524069 0.8148049 2.363892
0.1186535 0.440931 2.453032
0.07472812 0.4223867 2.358622
0.3168068 1.11482 2.266754
0.331838 0.8114832 2.331276
0.3783096 0.4472587 2.439366
0.3942644 0.4196058 2.339325
0.2371321 1.683186 2.287955
0.0393667 1.059515 2.269939
0.07956859 1.134753 2.222012
0.4041054 1.060975 2.153251
0.4342114 1.140191 2.104541
36
0.2387221 1.117423 2.309913
0.2382366 1.445051 2.301054
0.2365476 1.760229 2.280719
0.2527945 1.906633 2.256376
0.06381997 1.634065 2.290255
0.009462572 1.40391 2.303903
0.01450472 1.181199 2.25667
0.02853143 1.130235 2.255772
0.4148725 1.620805 2.252836
0.4393882 1.417397 2.181128
0.3954975 1.215555 2.070628
0.3843921 1.148368 2.064224
0.1530248 1.116233 2.279301
0.1523999 0.8148063 2.363872
0.1186482 0.4408814 2.453046
0.07470204 0.4223184 2.358574
0.3166064 1.114783 2.266721
0.331839 0.8114408 2.331314
0.3783151 0.4472422 2.439365
0.3942769 0.4196016 2.339334
0.237143 1.683178 2.28795
0.03892323 1.059218 2.27036
0.07959814 1.134873 2.222117
0.3794535 1.082449 2.075687
0.417958 1.139352 2.045798
37
0.2387221 1.117423 2.309913
0.2382366 1.445051 2.301054
0.2365476 1.760229 2.280719
0.2527945 1.906633 2.256376
0.06381997 1.634065 2.290255
0.009462572 1.40391 2.303903
0.01450472 1.181199 2.25667
0.02853143 1.130235 2.255772
0.4148725 1.620805 2.252836
0.4393882 1.417397 2.181128
0.3954975 1.215555 2.070628
0.3843921 1.148368 2.064224
0.1530248 1.116233 2.279301
0.1523999 0.8148063 2.363872
0.1186482 0.4408814 2.453046
0.07470204 0.4223184 2.358574
0.3166064 1.114783 2.266721
0.331839 0.8114408 2.331314
0.3783151 0.4472422 2.439365
0.3942769 0.4196016 2.339334
0.237143 1.683178 2.28795
0.03892323 1.059218 2.27036
0.07959814 1.134873 2.222117
0.3794535 1.082449 2.075687
0.417958 1.139352 2.045798
38
0.2385722 1.117396 2.309981
0.2382172 1.445041 2.301078
0.2365603 1.760215 2.280722
0.2520493 1.906572 2.256768
0.0637055 1.634031 2.290388
0.00948865 1.403856 2.304092
0.01450609 1.181285 2.256756
0.02854909 1.130229 2.255804
0.4122934 1.621366 2.249376
0.4336317 1.423232 2.172028
0.3774583 1.260502 1.998687
0.3641831 1.194004 1.975403
0.1528603 1.116199 2.279503
0.152388 0.8148164 2.363843
0.1186448 0.4408326 2.453059
0.07467478 0.4222489 2.358528
0.3163989 1.114745 2.266686
0.3318401 0.8114321 2.331328
0.3783149 0.4472235 2.439368
0.3942973 0.419591 2.339342
0.2371492 1.683166 2.287958
0.03888969 1.059129 2.270398
0.0796029 1.134998 2.22216
0.3548125 1.13182 1.969919
0.3669352 1.16107 1.9933
39
0.2385722 1.117396 2.309981
0.2382172 1.445041 2.301078
0.2365603 1.760215 2.280722
0.2520493 1.906572 2.256768
0.0637055 1.634031 2.290388
0.00948865 1.403856 2.304092
0.01450609 1.181285 2.256756
0.02854909 1.130229 2.255804
0.4122934 1.621366 2.249376
0.4336317 1.423232 2.172028
0.3774583 1.260502 1.998687
0.3641831 1.194004 1.975403
0.1528603 1.116199 2.279503
0.152388 0.8148164 2.363843
0.1186448 0.4408326 2.453059
0.07467478 0.4222489 2.358528
0.3163989 1.114745 2.266686
0.3318401 0.8114321 2.331328
0.3783149 0.4472235 2.439368
0.3942973 0.419591 2.339342
0.2371492 1.683166 2.287958
0.03888969 1.059129 2.270398
0.0796029 1.134998 2.22216
0.3548125 1.13182 1.969919
0.3669352 1.16107 1.9933
40
0.2384285 1.117369 2.310078
0.2381842 1.445025 2.301159
0.2365669 1.760196 2.280819
0.2510509 1.906541 2.257539
0.06352467 1.633973 2.290643
0.009508703 1.403769 2.304407
0.01451178 1.181364 2.256843
0.02861859 1.130225 2.255875
0.4083583 1.622491 2.245199
0.4230893 1.467903 2.118235
0.3646772 1.332315 1.923958
0.3454496 1.263829 1.880173
0.1526985 1.116138 2.279851
0.1523812 0.814823 2.363819
0.1186452 0.4408172 2.453068
0.07467373 0.422222 2.358521
0.3162062 1.114713 2.26666
0.3318461 0.8114244 2.331347
0.3783197 0.4471527 2.439386
0.3943667 0.419528 2.339343
0.2371482 1.683148 2.288045
0.03901155 1.059149 2.270453
0.07958595 1.135012 2.222213
0.3369641 1.208614 1.860021
0.3565137 1.233499 1.878956
41
0.2384285 1.117369 2.310078
0.2381842 1.445025 2.301159
0.2365669 1.760196 2.280819
0.2510509 1.906541 2.257539
0.06352467 1.633973 2.290643
0.009508703 1.403769 2.304407
0.01451178 1.181364 2.256843
0.02861859 1.130225 2.255875
0.4083583 1.622491 2.245199
0.4230893 1.467903 2.118235
0.3646772 1.332315 1.923958
0.3454496 1.263829 1.880173
0.1526985 1.116138 2.279851
0.1523812 0.814823 2.363819
0.1186452 0.4408172 2.453068
0.07467373 0.422222 2.358521
0.3162062 1.114713 2.26666
0.3318461 0.8114244 2.331347
0.3783197 0.4471527 2.439386
0.3943667 0.419528 2.339343
0.2371482 1.683148 2.288045
0.03901155 1.059149 2.270453
0.07958595 1.135012 2.222213
0.3369641 1.208614 1.860021
0.3565137 1.233499 1.878956
42
0.2383049 1.117358 2.310202
0.2381404 1.445013 2.301307
0.236549 1.760174 2.281037
0.249806 1.906492 2.258667
0.06330092 1.63389 2.291056
0.009522767 1.403656 2.304758
0.01454945 1.181638 2.256971
0.02875336 1.130185 2.255898
0.3985435 1.628017 2.240544
0.4248751 1.535038 2.07239
0.3688101 1.447348 1.893974
0.3322958 1.371144 1.800464
0.1525723 1.116068 2.280352
0.152412 0.8146691 2.363809
0.1186341 0.4407971 2.453082
0.07467327 0.4221889 2.358518
0.3160551 1.114715 2.266644
0.3319776 0.8117294 2.331253
0.3782914 0.4470672 2.439414
0.3944643 0.4194352 2.339327
0.2371284 1.683128 2.288237
0.03981597 1.059191 2.270288
0.07958088 1.135085 2.222231
0.3170072 1.332992 1.761277
0.3433501 1.330413 1.770408
43
0.2383049 1.117358 2.310202
0.2381404 1.445013 2.301307
0.236549 1.760174 2.281037
0.249806 1.906492 2.258667
0.06330092 1.63389 2.291056
0.009522767 1.403656 2.304758
0.01454945 1.181638 2.256971
0.02875336 1.130185 2.255898
0.3985435 1.628017 2.240544
0.4248751 1.535038 2.07239
0.3688101 1.447348 1.893974
0.3322958 1.371144 1.800464
0.1525723 1.116068 2.280352
0.152412 0.8146691 2.363809
0.1186341 0.4407971 2.453082
0.07467327 0.4221889 2.358518
0.3160551 1.114715 2.266644
0.3319776 0.8117294 2.331253
0.3782914 0.4470672 2.439414
0.3944643 0.4194352 2.339327
0.2371284 1.683128 2.288237
0.03981597 1.059191 2.270288
0.07958088 1.135085 2.222231
0.3170072 1.332992 1.761277
0.3433501 1.330413 1.770408
44
0.2382198 1.117324 2.310429
0.2380836 1.444981 2.301598
0.2364654 1.760136 2.28146
0.2486732 1.906447 2.260034
0.06309645 1.633772 2.291501
0.009528388 1.403517 2.305106
0.01459262 1.18185 2.257095
0.02893175 1.130185 2.255941
0.3891688 1.634173 2.239096
0.4526666 1.550477 2.093302
0.3967805 1.571434 1.9195
0.37422 1.538772 1.865986
0.1525644 1.115877 2.281163
0.1525129 0.8143116 2.363835
0.1186025 0.4407735 2.4531
0.07467316 0.4221582 2.358515
0.3159541 1.114719 2.266652
0.3321182 0.8028641 2.336804
0.3786377 0.4458872 2.439163
0.3945756 0.4193292 2.339299
0.2370612 1.683091 2.288613
0.0403907 1.059296 2.270041
0.07968564 1.135646 2.222119
0.3373269 1.505461 1.766263
0.3821276 1.512237 1.860148
45
0.2382198 1.117324 2.310429
0.2380836 1.444981 2.301598
0.2364654 1.760136 2.28146
0.2486732 1.906447 2.260034
0.06309645 1.633772 2.291501
0.009528388 1.403517 2.305106
0.01459262 1.18185 2.257095
0.02893175 1.130185 2.255941
0.3891688 1.634173 2.239096
0.4526666 1.550477 2.093302
0.3967805 1.571434 1.9195
0.37422 1.538772 1.865986
0.1525644 1.115877 2.281163
0.1525129 0.8143116 2.363835
0.1186025 0.4407735 2.4531
0.07467316 0.4221582 2.358515
0.3159541 1.114719 2.266652
0.3321182 0.8028641 2.336804
0.3786377 0.4458872 2.439163
0.3945756 0.4193292 2.339299
0.2370612 1.683091 2.288613
0.0403907 1.059296 2.270041
0.07968564 1.135646 2.222119
0.3373269 1.505461 1.766263
0.3821276 1.512237 1.860148
46
0.2381448 1.117292 2.310669
0.2379958 1.444952 2.301966
0.2362718 1.760106 2.282079
0.2476223 1.90646 2.261551
0.06289499 1.633636 2.292031
0.009511634 1.403376 2.305443
0.01467447 1.182053 2.257212
0.02935026 1.130172 2.255934
0.3834588 1.636775 2.238389
0.4597781 1.602467 2.068387
0.3919902 1.647972 1.896461
0.3454882 1.630558 1.7957
0.1525629 1.115686 2.281971
0.1525963 0.8141764 2.363801
0.1185941 0.4407676 2.453119
0.07467209 0.4221374 2.358511
0.3158682 1.11473 2.266664
0.3323193 0.803466 2.336522
0.3785816 0.4458199 2.439208
0.3946927 0.4191732 2.33914
0.2369097 1.683059 2.289149
0.04313948 1.059063 2.268883
0.07984018 1.136477 2.222039
0.3101123 1.60898 1.725929
0.343824 1.619417 1.730352
47
0.2381448 1.117292 2.310669
0.2379958 1.444952 2.301966
0.2362718 1.760106 2.282079
0.2476223 1.90646 2.261551
0.06289499 1.633636 2.292031
0.009511634 1.403376 2.305443
0.01467447 1.182053 2.257212
0.02935026 1.130172 2.255934
0.3834588 1.636775 2.238389
0.4597781 1.602467 2.068387
0.3919902 1.647972 1.896461
0.3454882 1.630558 1.7957
0.1525629 1.115686 2.281971
0.1525963 0.8141764 2.363801
0.1185941 0.4407676 2.453119
0.07467209 0.4221374 2.358511
0.3158682 1.11473 2.266664
0.3323193 0.803466 2.336522
0.3785816 0.4458199 2.439208
0.3946927 0.4191732 2.33914
0.2369097 1.683059 2.289149
0.04313948 1.059063 2.268883
0.07984018 1.136477 2.222039
0.3101123 1.60898 1.725929
0.343824 1.619417 1.730352
48
0.2382111 1.117441 2.310932
0.2380989 1.445075 2.302297
0.2364147 1.760222 2.282514
0.2466361 1.906372 2.262963
0.0628536 1.633555 2.292546
0.009524312 1.403297 2.305706
0.01489296 1.1826 2.25733
0.03002979 1.130104 2.255718
0.3796252 1.638498 2.238034
0.441725 1.672804 2.055439
0.3752133 1.741861 1.873333
0.3133455 1.750746 1.753513
0.1526579 1.115629 2.282687
0.1527198 0.8142309 2.363658
0.1185865 0.440774 2.453148
0.07466906 0.4221108 2.358513
0.3160597 1.115273 2.266647
0.3330283 0.8199058 2.328142
0.3778742 0.4470443 2.439554
0.3947917 0.4190159 2.338943
0.2370445 1.683173 2.289552
0.04655732 1.05904 2.266249
0.07987164 1.136692 2.222025
0.2795103 1.747804 1.692256
0.3328711 1.739939 1.705866
49
0.2382111 1.117441 2.310932
0.2380989 1.445075 2.302297
0.2364147 1.760222 2.282514
0.2466361 1.906372 2.262963
0.0628536 1.633555 2.292546
0.009524312 1.403297 2.305706
0.01489296 1.1826 2.25733
0.03002979 1.130104 2.255718
0.3796252 1.638498 2.238034
0.441725 1.672804 2.055439
0.3752133 1.741861 1.873333
0.3133455 1.750746 1.753513
0.1526579 1.115629 2.282687
0.1527198 0.8142309 2.363658
0.1185865 0.440774 2.453148
0.07466906 0.4221108 2.358513
0.3160597 1.115273 2.266647
0.3330283 0.8199058 2.328142
0.3778742 0.4470443 2.439554
0.3947917 0.4190159 2.338943
0.2370445 1.683173 2.289552
0.04655732 1.05904 2.266249
0.07987164 1.136692 2.222025
0.2795103 1.747804 1.692256
0.3328711 1.739939 1.705866
50
0.2391363 1.120267 2.311162
0.2383265 1.445539 2.30272
0.2365785 1.760362 2.282967
0.2458924 1.906309 2.264103
0.06311627 1.633591 2.293025
0.009586504 1.403312 2.305921
0.01520159 1.183381 2.257421
0.0296977 1.132111 2.254748
0.3769301 1.639797 2.237916
0.4246405 1.751272 2.049895
0.353534 1.846848 1.852083
0.2990165 1.861717 1.768062
0.1533391 1.117877 2.283702
0.1534546 0.816463 2.362267
0.11851 0.440981 2.453291
0.07466585 0.422086 2.358516
0.3174177 1.118996 2.265788
0.3333588 0.8305396 2.322967
0.3774995 0.4476433 2.439733
0.3948953 0.4188536 2.33875
0.2372071 1.683337 2.289975
0.04514124 1.065496 2.26063
0.07615536 1.135535 2.221931
0.2728308 1.867957 1.712446
0.331139 1.850755 1.729432
51
0.2391363 1.120267 2.311162
0.2383265 1.445539 2.30272
0.2365785 1.760362 2.282967
0.2458924 1.906309 2.264103
0.06311627 1.633591 2.293025
0.009586504 1.403312 2.305921
0.01520159 1.183381 2.257421
0.0296977 1.132111 2.254748
0.3769301 1.639797 2.237916
0.4246405 1.751272 2.049895
0.353534 1.846848 1.852083
0.2990165 1.861717 1.768062
0.1533391 1.117877 2.283702
0.1534546 0.816463 2.362267
0.11851 0.440981 2.453291
0.07466585 0.422086 2.358516
0.3174177 1.118996 2.265788
0.3333588 0.8305396 2.322967
0.3774995 0.4476433 2.439733
0.3948953 0.4188536 2.33875
0.2372071 1.683337 2.289975
0.04514124 1.065496 2.26063
0.07615536 1.135535 2.221931
0.2728308 1.867957 1.712446
0.331139 1.850755 1.729432
52
0.2407513 1.125198 2.311076
0.2387855 1.44681 2.303141
0.2367403 1.760571 2.283373
0.2453569 1.906246 2.265022
0.06373329 1.633769 2.293479
0.00970324 1.40344 2.306112
0.0156131 1.184248 2.257449
0.02979161 1.133702 2.253753
0.3749829 1.641206 2.23802
0.4152474 1.822369 2.052636
0.338059 1.93707 1.87657
0.2957952 1.979744 1.80947
0.1543059 1.12141 2.284798
0.154184 0.8193591 2.360446
0.1184627 0.4412845 2.453465
0.07466213 0.4220627 2.358518
0.3201426 1.126117 2.263535
0.3336018 0.8375244 2.319612
0.3772655 0.4479636 2.439841
0.3949978 0.4186933 2.338562
0.2373921 1.683646 2.290372
0.04548699 1.06886 2.257078
0.07286894 1.137067 2.22186
0.2642943 2.010955 1.767527
0.3257794 1.997081 1.767007
53
0.2407513 1.125198 2.311076
0.2387855 1.44681 2.303141
0.2367403 1.760571 2.283373
0.2453569 1.906246 2.265022
0.06373329 1.633769 2.293479
0.00970324 1.40344 2.306112
0.0156131 1.184248 2.257449
0.02979161 1.133702 2.253753
0.3749829 1.641206 2.23802
0.4152474 1.822369 2.052636
0.338059 1.93707 1.87657
0.2957952 1.979744 1.80947
0.1543059 1.12141 2.284798
0.154184 0.8193591 2.360446
0.1184627 0.4412845 2.453465
0.07466213 0.4220627 2.358518
0.3201426 1.126117 2.263535
0.3336018 0.8375244 2.319612
0.3772655 0.4479636 2.439841
0.3949978 0.4186933 2.338562
0.2373921 1.683646 2.290372
0.04548699 1.06886 2.257078
0.07286894 1.137067 2.22186
0.2642943 2.010955 1.767527
0.3257794 1.997081 1.767007
54
0.2429045 1.131643 2.310747
0.240196 1.449631 2.303344
0.2375311 1.761216 2.283697
0.2449711 1.906192 2.265749
0.06460167 1.634029 2.293854
0.009862094 1.403648 2.306265
0.01612625 1.185352 2.257399
0.02965706 1.136016 2.252846
0.3739173 1.643994 2.238502
0.4154244 1.869344 2.075688
0.3333955 2.028797 1.921756
0.3071807 2.066854 1.882382
0.1555917 1.125993 2.285664
0.1525543 0.8295264 2.355613
0.1191571 0.4423318 2.453717
0.07466664 0.4220488 2.358519
0.3232593 1.134324 2.261351
0.3337634 0.842268 2.317382
0.3771166 0.4481281 2.439912
0.3950888 0.418539 2.338376
0.2382952 1.684621 2.290679
0.04521417 1.072355 2.25351
0.07060057 1.138618 2.222058
0.2684056 2.092801 1.854105
0.3375807 2.073128 1.842463
55
0.2429045 1.131643 2.310747
0.240196 1.449631 2.303344
0.2375311 1.761216 2.283697
0.2449711 1.906192 2.265749
0.06460167 1.634029 2.293854
0.009862094 1.403648 2.306265
0.01612625 1.185352 2.257399
0.02965706 1.136016 2.252846
0.3739173 1.643994 2.238502
0.4154244 1.869344 2.075688
0.3333955 2.028797 1.921756
0.3071807 2.066854 1.882382
0.1555917 1.125993 2.285664
0.1525543 0.8295264 2.355613
0.1191571 0.4423318 2.453717
0.07466664 0.4220488 2.358519
0.3232593 1.134324 2.261351
0.3337634 0.842268 2.317382
0.3771166 0.4481281 2.439912
0.3950888 0.418539 2.338376
0.2382952 1.684621 2.290679
0.04521417 1.072355 2.25351
0.07060057 1.138618 2.222058
0.2684056 2.092801 1.854105
0.3375807 2.073128 1.842463
56
0.2453937 1.138079 2.310019
0.2420843 1.452925 2.303118
0.2386356 1.762004 2.283778
0.2447391 1.906159 2.266218
0.06560787 1.634335 2.294082
0.01013061 1.403908 2.306267
0.01668553 1.18658 2.257201
0.02962259 1.138601 2.251643
0.37444 1.649541 2.239221
0.4161928 1.898368 2.1073
0.343919 2.089536 1.989712
0.3265537 2.123074 1.974065
0.1571604 1.130753 2.285748
0.151185 0.8361783 2.352398
0.1196656 0.4430401 2.453866
0.07467671 0.422038 2.358519
0.3265847 1.142012 2.259594
0.3339107 0.8455158 2.315839
0.3770128 0.448202 2.439957
0.3951827 0.4183839 2.338197
0.2395651 1.685843 2.290707
0.04479893 1.075544 2.250816
0.06900583 1.140655 2.222003
0.2797687 2.147261 1.946023
0.3551648 2.141359 1.944467
57
0.2453937 1.138079 2.310019
0.2420843 1.452925 2.303118
0.2386356 1.762004 2.283778
0.2447391 1.906159 2.266218
0.06560787 1.634335 2.294082
0.01013061 1.403908 2.306267
0.01668553 1.18658 2.257201
0.02962259 1.138601 2.251643
0.37444 1.649541 2.239221
0.4161928 1.898368 2.1073
0.343919 2.089536 1.989712
0.3265537 2.123074 1.974065
0.1571604 1.130753 2.285748
0.151185 0.8361783 2.352398
0.1196656 0.4430401 2.453866
0.07467671 0.422038 2.358519
0.3265847 1.142012 2.259594
0.3339107 0.8455158 2.315839
0.3770128 0.448202 2.439957
0.3951827 0.4183839 2.338197
0.2395651 1.685843 2.290707
0.04479893 1.075544 2.250816
0.06900583 1.140655 2.222003
0.2797687 2.147261 1.946023
0.3551648 2.141359 1.944467
58
0.2477066 1.143634 2.309115
0.2442315 1.456349 2.302528
0.2401445 1.762991 2.283562
0.2446079 1.906142 2.266511
0.0667236 1.634724 2.294151
0.01047059 1.404281 2.306144
0.01720578 1.187802 2.256979
0.02960372 1.140857 2.250836
0.3807067 1.667466 2.239569
0.4221509 1.926108 2.127385
0.3620123 2.121236 2.061749
0.3457037 2.16058 2.05845
0.1588556 1.135394 2.285206
0.1504258 0.8402245 2.350338
0.1199666 0.4434858 2.453971
0.07469507 0.4220294 2.358522
0.3292793 1.147936 2.258317
0.3339896 0.8475227 2.314902
0.376958 0.4482057 2.43998
0.3952555 0.418239 2.338025
0.2412414 1.687331 2.290413
0.04354574 1.078569 2.248692
0.06766631 1.142593 2.222584
0.2936285 2.188892 2.031353
0.3651558 2.178537 2.014751
59
0.2477066 1.143634 2.309115
0.2442315 1.456349 2.302528
0.2401445 1.762991 2.283562
0.2446079 1.906142 2.266511
0.0667236 1.634724 2.294151
0.01047059 1.404281 2.306144
0.01720578 1.187802 2.256979
0.02960372 1.140857 2.250836
0.3807067 1.667466 2.239569
0.4221509 1.926108 2.127385
0.3620123 2.121236 2.061749
0.3457037 2.16058 2.05845
0.1588556 1.135394 2.285206
0.1504258 0.8402245 2.350338
0.1199666 0.4434858 2.453971
0.07469507 0.4220294 2.358522
0.3292793 1.147936 2.258317
0.3339896 0.8475227 2.314902
0.376958 0.4482057 2.43998
0.3952555 0.418239 2.338025
0.2412414 1.687331 2.290413
0.04354574 1.078569 2.248692
0.06766631 1.142593 2.222584
0.2936285 2.188892 2.031353
0.3651558 2.178537 2.014751
60
0.2498782 1.149083 2.307922
0.2463839 1.45979 2.301586
0.2418298 1.764056 2.283028
0.2447277 1.906193 2.266385
0.06797487 1.635188 2.293958
0.01087462 1.40478 2.305846
0.01765384 1.188912 2.256711
0.02948427 1.143282 2.250051
0.3850957 1.679142 2.23985
0.4318875 1.937804 2.159448
0.3733566 2.154367 2.126031
0.3579749 2.190874 2.12981
0.1607634 1.140725 2.283709
0.1493123 0.8451035 2.347688
0.1203512 0.4440861 2.454097
0.07470606 0.4220206 2.358518
0.3314958 1.153106 2.257352
0.3340473 0.8490379 2.314183
0.3769206 0.4481778 2.439968
0.3953108 0.4181073 2.337869
0.2430644 1.688923 2.28979
0.04279972 1.08054 2.247377
0.06668711 1.145018 2.223664
0.3072622 2.224286 2.115039
0.3779861 2.208568 2.094751
61
0.2498782 1.149083 2.307922
0.2463839 1.45979 2.301586
0.2418298 1.764056 2.283028
0.2447277 1.906193 2.266385
0.06797487 1.635188 2.293958
0.01087462 1.40478 2.305846
0.01765384 1.188912 2.256711
0.02948427 1.143282 2.250051
0.3850957 1.679142 2.23985
0.4318875 1.937804 2.159448
0.3733566 2.154367 2.126031
0.3579749 2.190874 2.12981
0.1607634 1.140725 2.283709
0.1493123 0.8451035 2.347688
0.1203512 0.4440861 2.454097
0.07470606 0.4220206 2.358518
0.3314958 1.153106 2.257352
0.3340473 0.8490379 2.314183
0.3769206 0.4481778 2.439968
0.3953108 0.4181073 2.337869
0.2430644 1.688923 2.28979
0.04279972 1.08054 2.247377
0.06668711 1.145018 2.223664
0.3072622 2.224286 2.115039
0.3779861 2.208568 2.094751
62
0.2515853 1.153375 2.306869
0.2482288 1.462725 2.300551
0.2435016 1.765072 2.2822
0.2451843 1.906385 2.265399
0.06928966 1.635695 2.293534
0.01128942 1.405374 2.305407
0.01803245 1.189896 2.256444
0.02931844 1.145297 2.249734
0.3907882 1.692949 2.240558
0.4399448 1.944896 2.177637
0.3876324 2.16343 2.18837
0.3664271 2.218871 2.201327
0.162477 1.145354 2.281932
0.1483971 0.8488495 2.345473
0.1206669 0.4445748 2.454216
0.07472421 0.4219996 2.358572
0.3331116 1.156971 2.256771
0.3340909 0.8501405 2.313653
0.3768974 0.4481236 2.439942
0.3953736 0.4179729 2.3377
0.2448042 1.690417 2.288915
0.04199525 1.082779 2.2466
0.06616374 1.145809 2.223947
0.3212902 2.269034 2.212068
0.3885317 2.236619 2.174253
63
0.2515853 1.153375 2.306869
0.2482288 1.462725 2.300551
0.2435016 1.765072 2.2822
0.2451843 1.906385 2.265399
0.06928966 1.635695 2.293534
0.01128942 1.405374 2.305407
0.01803245 1.189896 2.256444
0.02931844 1.145297 2.249734
0.3907882 1.692949 2.240558
0.4399448 1.944896 2.177637
0.3876324 2.16343 2.18837
0.3664271 2.218871 2.201327
0.162477 1.145354 2.281932
0.1483971 0.8488495 2.345473
0.1206669 0.4445748 2.454216
0.07472421 0.4219996 2.358572
0.3331116 1.156971 2.256771
0.3340909 0.8501405 2.313653
0.3768974 0.4481236 2.439942
0.3953736 0.4179729 2.3377
0.2448042 1.690417 2.288915
0.04199525 1.082779 2.2466
0.06616374 1.145809 2.223947
0.3212902 2.269034 2.212068
0.3885317 2.236619 2.174253
64
0.2528392 1.156785 2.305932
0.2508435 1.466709 2.298662
0.2493214 1.769366 2.278305
0.2460983 1.906645 2.262222
0.0706153 1.636221 2.292883
0.0116796 1.406027 2.304897
0.01833156 1.190744 2.256221
0.02900442 1.147404 2.249693
0.3943155 1.701143 2.241085
0.4492914 1.946097 2.195267
0.3997443 2.166502 2.242109
0.3754432 2.234812 2.26146
0.1637856 1.14911 2.280238
0.147708 0.8515986 2.343813
0.1209112 0.4449317 2.454306
0.0747413 0.4219788 2.35863
0.3342514 1.159961 2.256371
0.3341224 0.8509533 2.313256
0.3768878 0.4480446 2.439898
0.3954401 0.4178447 2.337553
0.2496523 1.694782 2.285637
0.03998612 1.086418 2.246711
0.06564479 1.14724 2.225109
0.3524005 2.290771 2.283378
0.402294 2.251019 2.241547
65
0.2528392 1.156785 2.305932
0.2508435 1.466709 2.298662
0.2493214 1.769366 2.278305
0.2460983 1.906645 2.262222
0.0706153 1.636221 2.292883
0.0116796 1.406027 2.304897
0.01833156 1.190744 2.256221
0.02900442 1.147404 2.249693
0.3943155 1.701143 2.241085
0.4492914 1.946097 2.195267
0.3997443 2.166502 2.242109
0.3754432 2.234812 2.26146
0.1637856 1.14911 2.280238
0.147708 0.8515986 2.343813
0.1209112 0.4449317 2.454306
0.0747413 0.4219788 2.35863
0.3342514 1.159961 2.256371
0.3341224 0.8509533 2.313256
0.3768878 0.4480446 2.439898
0.3954401 0.4178447 2.337553
0.2496523 1.694782 2.285637
0.03998612 1.086418 2.246711
0.06564479 1.14724 2.225109
0.3524005 2.290771 2.283378
0.402294 2.251019 2.241547
66
0.2536613 1.159192 2.305239
0.2531086 1.470106 2.296964
0.254836 1.773572 2.274805
0.2472982 1.90703 2.257913
0.07190765 1.636737 2.292018
0.01196436 1.406729 2.304296
0.01853878 1.191527 2.256039
0.02856946 1.149301 2.250156
0.3965873 1.706243 2.241476
0.4598091 1.942907 2.209069
0.4093923 2.158352 2.273548
0.3833597 2.246652 2.30925
0.1646605 1.15187 2.278763
0.1472158 0.8536508 2.34252
0.1210883 0.4451992 2.454374
0.07475448 0.4219579 2.358682
0.3349877 1.16211 2.256169
0.3341483 0.8515552 2.312928
0.3768831 0.4479701 2.439854
0.3955012 0.417725 2.337416
0.2542619 1.698961 2.282626
0.0391395 1.087926 2.247026
0.06519271 1.146696 2.226183
0.3707137 2.307065 2.336816
0.4146503 2.259681 2.292744
67
0.2536613 1.159192 2.305239
0.2531086 1.470106 2.296964
0.254836 1.773572 2.274805
0.2472982 1.90703 2.257913
0.07190765 1.636737 2.292018
0.01196436 1.406729 2.304296
0.01853878 1.191527 2.256039
0.02856946 1.149301 2.250156
0.3965873 1.706243 2.241476
0.4598091 1.942907 2.209069
0.4093923 2.158352 2.273548
0.3833597 2.246652 2.30925
0.1646605 1.15187 2.278763
0.1472158 0.8536508 2.34252
0.1210883 0.4451992 2.454374
0.07475448 0.4219579 2.358682
0.3349877 1.16211 2.256169
0.3341483 0.8515552 2.312928
0.3768831 0.4479701 2.439854
0.3955012 0.417725 2.337416
0.2542619 1.698961 2.282626
0.0391395 1.087926 2.247026
0.06519271 1.146696 2.226183
0.3707137 2.307065 2.336816
0.4146503 2.259681 2.292744
68
0.254243 1.160955 2.304699
0.2542909 1.472162 2.295573
0.2554646 1.773983 2.271199
0.2485484 1.907296 2.254074
0.07306837 1.637211 2.291079
0.01194962 1.407527 2.303663
0.01866087 1.192274 2.255942
0.02799509 1.151453 2.25131
0.3981237 1.709623 2.24177
0.4679345 1.939011 2.217726
0.4171332 2.151659 2.288919
0.3914634 2.244572 2.33208
0.1653026 1.154002 2.27744
0.1468825 0.8551776 2.341553
0.1212202 0.4454045 2.454422
0.07476851 0.4219551 2.358727
0.3355009 1.163657 2.256057
0.3341683 0.8519971 2.31266
0.3768829 0.4478914 2.439812
0.3955645 0.4176096 2.337297
0.2553675 1.700189 2.279978
0.03877221 1.089279 2.247845
0.06456759 1.148517 2.228343
0.3822651 2.313104 2.361844
0.4230249 2.249652 2.312081
69
0.254243 1.160955 2.304699
0.2542909 1.472162 2.295573
0.2554646 1.773983 2.271199
0.2485484 1.907296 2.254074
0.07306837 1.637211 2.291079
0.01194962 1.407527 2.303663
0.01866087 1.192274 2.255942
0.02799509 1.151453 2.25131
0.3981237 1.709623 2.24177
0.4679345 1.939011 2.217726
0.4171332 2.151659 2.288919
0.3914634 2.244572 2.33208
0.1653026 1.154002 2.27744
0.1468825 0.8551776 2.341553
0.1212202 0.4454045 2.454422
0.07476851 0.4219551 2.358727
0.3355009 1.163657 2.256057
0.3341683 0.8519971 2.31266
0.3768829 0.4478914 2.439812
0.3955645 0.4176096 2.337297
0.2553675 1.700189 2.279978
0.03877221 1.089279 2.247845
0.06456759 1.148517 2.228343
0.3822651 2.313104 2.361844
0.4230249 2.249652 2.312081
70
0.2546078 1.162295 2.304295
0.2552503 1.473848 2.294409
0.2573419 1.775327 2.268586
0.2497082 1.907509 2.2508
0.07404809 1.637625 2.290159
0.01164507 1.408417 2.302992
0.01869829 1.193043 2.255957
0.02717781 1.153375 2.252712
0.4003379 1.713035 2.242759
0.4736482 1.936987 2.222647
0.4251768 2.143126 2.295927
0.40319 2.220899 2.327035
0.1657122 1.155603 2.276386
0.1466513 0.8562568 2.340867
0.1213181 0.4455586 2.454453
0.07479078 0.4219647 2.358765
0.335777 1.164896 2.256079
0.3341859 0.8522975 2.312446
0.3768848 0.4478256 2.439769
0.3956061 0.4175188 2.337214
0.2568904 1.701668 2.277785
0.03760616 1.091321 2.249286
0.06337813 1.152513 2.231918
0.4013788 2.297556 2.359056
0.436335 2.23315 2.312481
71
0.2546078 1.162295 2.304295
0.2552503 1.473848 2.294409
0.2573419 1.775327 2.268586
0.2497082 1.907509 2.2508
0.07404809 1.637625 2.290159
0.01164507 1.408417 2.302992
0.01869829 1.193043 2.255957
0.02717781 1.153375 2.252712
0.4003379 1.713035 2.242759
0.4736482 1.936987 2.222647
0.4251768 2.143126 2.295927
0.40319 2.220899 2.327035
0.1657122 1.155603 2.276386
0.1466513 0.8562568 2.340867
0.1213181 0.4455586 2.454453
0.07479078 0.4219647 2.358765
0.335777 1.164896 2.256079
0.3341859 0.8522975 2.312446
0.3768848 0.4478256 2.439769
0.3956061 0.4175188 2.337214
0.2568904 1.701668 2.277785
0.03760616 1.091321 2.249286
0.06337813 1.152513 2.231918
0.4013788 2.297556 2.359056
0.436335 2.23315 2.312481
72
0.2548551 1.16328 2.303971
0.255714 1.474929 2.293387
0.2569038 1.775107 2.265894
0.2507442 1.907628 2.248292
0.07488125 1.637975 2.289263
0.01121122 1.409283 2.302379
0.01866549 1.19376 2.256027
0.0264476 1.154708 2.253707
0.4018238 1.715227 2.243444
0.4778674 1.934788 2.224859
0.4319181 2.139972 2.293728
0.4133657 2.221385 2.319826
0.1659865 1.156767 2.275514
0.1464802 0.857041 2.340362
0.1213908 0.445674 2.454473
0.07481045 0.4219749 2.358797
0.3359409 1.165813 2.256125
0.3342013 0.8524876 2.312271
0.376885 0.4477605 2.439722
0.3956433 0.4174389 2.337152
0.2569235 1.702043 2.275605
0.03745318 1.092085 2.251632
0.06290228 1.153966 2.233425
0.4216956 2.30033 2.340527
0.4453709 2.205275 2.279084
73
0.2548551 1.16328 2.303971
0.255714 1.474929 2.293387
0.2569038 1.775107 2.265894
0.2507442 1.907628 2.248292
0.07488125 1.637975 2.289263
0.01121122 1.409283 2.302379
0.01866549 1.19376 2.256027
0.0264476 1.154708 2.253707
0.4018238 1.715227 2.243444
0.4778674 1.934788 2.224859
0.4319181 2.139972 2.293728
0.4133657 2.221385 2.319826
0.1659865 1.156767 2.275514
0.1464802 0.857041 2.340362
0.1213908 0.445674 2.454473
0.07481045 0.4219749 2.358797
0.3359409 1.165813 2.256125
0.3342013 0.8524876 2.312271
0.376885 0.4477605 2.439722
0.3956433 0.4174389 2.337152
0.2569235 1.702043 2.275605
0.03745318 1.092085 2.251632
0.06290228 1.153966 2.233425
0.4216956 2.30033 2.340527
0.4453709 2.205275 2.279084
74
0.2550002 1.164001 2.303712
0.2559793 1.475675 2.292593
0.2563529 1.774763 2.264145
0.2516254 1.907724 2.246401
0.07556035 1.638269 2.288472
0.01067519 1.410116 2.301845
0.01853893 1.194524 2.256196
0.02553152 1.155747 2.254843
0.402883 1.716702 2.243957
0.4813313 1.931946 2.223658
0.4353362 2.137712 2.269176
0.4178172 2.218096 2.283225
0.1661338 1.15761 2.274765
0.1463583 0.8576094 2.339993
0.1214461 0.4457702 2.454486
0.07482991 0.4219968 2.358828
0.3359687 1.166488 2.256227
0.334283 0.8515534 2.312506
0.3768924 0.4476785 2.439677
0.3956853 0.4173628 2.337102
0.2567229 1.702141 2.274048
0.03575189 1.092496 2.254169
0.06222822 1.1562 2.236217
0.4303411 2.294888 2.311389
0.4547768 2.214462 2.256974
75
0.2550002 1.164001 2.303712
0.2559793 1.475675 2.292593
0.2563529 1.774763 2.264145
0.2516254 1.907724 2.246401
0.07556035 1.638269 2.288472
0.01067519 1.410116 2.301845
0.01853893 1.194524 2.256196
0.02553152 1.155747 2.254843
0.402883 1.716702 2.243957
0.4813313 1.931946 2.223658
0.4353362 2.137712 2.269176
0.4178172 2.218096 2.283225
0.1661338 1.15761 2.274765
0.1463583 0.8576094 2.339993
0.1214461 0.4457702 2.454486
0.07482991 0.4219968 2.358828
0.3359687 1.166488 2.256227
0.334283 0.8515534 2.312506
0.3768924 0.4476785 2.439677
0.3956853 0.4173628 2.337102
0.2567229 1.702141 2.274048
0.03575189 1.092496 2.254169
0.06222822 1.1562 2.236217
0.4303411 2.294888 2.311389
0.4547768 2.214462 2.256974
76
0.2550722 1.164529 2.303505
0.2561117 1.476186 2.291972
0.255844 1.774434 2.263071
0.2524089 1.907856 2.245008
0.07611161 1.63851 2.287785
0.01013627 1.410859 2.301396
0.01816417 1.195384 2.256604
0.02445518 1.15649 2.256074
0.4036757 1.717683 2.244373
0.4828987 1.928569 2.214301
0.4326806 2.140379 2.222315
0.4177562 2.204953 2.226585
0.1662124 1.158208 2.274168
0.1463669 0.8576849 2.339751
0.121474 0.445871 2.454494
0.07487306 0.4220403 2.358856
0.3358678 1.166971 2.256381
0.3343902 0.8507182 2.312701
0.3768916 0.4476061 2.439634
0.3957254 0.4172931 2.337059
0.2564397 1.702108 2.272987
0.03334797 1.092709 2.256913
0.0617928 1.157029 2.237872
0.4149115 2.27148 2.247712
0.4549 2.215832 2.203748
77
0.2550722 1.164529 2.303505
0.2561117 1.476186 2.291972
0.255844 1.774434 2.263071
0.2524089 1.907856 2.245008
0.07611161 1.63851 2.287785
0.01013627 1.410859 2.301396
0.01816417 1.195384 2.256604
0.02445518 1.15649 2.256074
0.4036757 1.717683 2.244373
0.4828987 1.928569 2.214301
0.4326806 2.140379 2.222315
0.4177562 2.204953 2.226585
0.1662124 1.158208 2.274168
0.1463669 0.8576849 2.339751
0.121474 0.445871 2.454494
0.07487306 0.4220403 2.358856
0.3358678 1.166971 2.256381
0.3343902 0.8507182 2.312701
0.3768916 0.4476061 2.439634
0.3957254 0.4172931 2.337059
0.2564397 1.702108 2.272987
0.03334797 1.092709 2.256913
0.0617928 1.157029 2.237872
0.4149115 2.27148 2.247712
0.4549 2.215832 2.203748
78
0.2550736 1.164901 2.303331
0.2560742 1.476473 2.291434
0.2551664 1.773985 2.262333
0.2530552 1.907972 2.244054
0.07655654 1.638711 2.287195
0.009585267 1.411535 2.301048
0.01749085 1.196374 2.257322
0.02294671 1.156748 2.257592
0.4042792 1.718264 2.244728
0.481258 1.92474 2.196779
0.4262874 2.133783 2.163843
0.4114191 2.185098 2.161162
0.1662357 1.158615 2.273671
0.1466455 0.8566656 2.339811
0.1214369 0.4459241 2.454514
0.07491543 0.4220787 2.358902
0.33562 1.16726 2.256604
0.3345029 0.8499579 2.312869
0.3768905 0.4475421 2.439585
0.3957575 0.4172305 2.337013
0.255951 1.701881 2.272184
0.03044051 1.091438 2.260137
0.06119793 1.157379 2.23999
0.3819261 2.23941 2.17446
0.4440882 2.205253 2.141602
79
0.2550736 1.164901 2.303331
0.2560742 1.476473 2.291434
0.2551664 1.773985 2.262333
0.2530552 1.907972 2.244054
0.07655654 1.638711 2.287195
0.009585267 1.411535 2.301048
0.01749085 1.196374 2.257322
0.02294671 1.156748 2.257592
0.4042792 1.718264 2.244728
0.481258 1.92474 2.196779
0.4262874 2.133783 2.163843
0.4114191 2.185098 2.161162
0.1662357 1.158615 2.273671
0.1466455 0.8566656 2.339811
0.1214369 0.4459241 2.454514
0.07491543 0.4220787 2.358902
0.33562 1.16726 2.256604
0.3345029 0.8499579 2.312869
0.3768905 0.4475421 2.439585
0.3957575 0.4172305 2.337013
0.255951 1.701881 2.272184
0.03044051 1.091438 2.260137
0.06119793 1.157379 2.23999
0.3819261 2.23941 2.17446
0.4440882 2.205253 2.141602
80
0.2550131 1.165148 2.303186
0.2559625 1.476615 2.291025
0.2546072 1.773579 2.262041
0.2536727 1.908081 2.243466
0.07690872 1.638873 2.286708
0.009073732 1.412118 2.300781
0.01643592 1.197425 2.258398
0.02075525 1.156566 2.259401
0.4047313 1.718503 2.245026
0.4759283 1.906606 2.167945
0.422567 2.098557 2.104811
0.4042187 2.152484 2.093572
0.1662218 1.158883 2.273263
0.1471275 0.8553818 2.339906
0.1213709 0.4459531 2.454532
0.07494611 0.4221081 2.35893
0.3352568 1.167391 2.256877
0.3345933 0.8493158 2.313001
0.3768903 0.4474814 2.439533
0.395785 0.4171742 2.336969
0.2555094 1.70162 2.271747
0.02917711 1.09043 2.262944
0.05963628 1.158417 2.242589
0.3552919 2.192191 2.089251
0.4314751 2.176357 2.067318
81
0.2550131 1.165148 2.303186
0.2559625 1.476615 2.291025
0.2546072 1.773579 2.262041
0.2536727 1.908081 2.243466
0.07690872 1.638873 2.286708
0.009073732 1.412118 2.300781
0.01643592 1.197425 2.258398
0.02075525 1.156566 2.259401
0.4047313 1.718503 2.245026
0.4759283 1.906606 2.167945
0.422567 2.098557 2.104811
0.4042187 2.152484 2.093572
0.1662218 1.158883 2.273263
0.1471275 0.8553818 2.339906
0.1213709 0.4459531 2.454532
0.07494611 0.4221081 2.35893
0.3352568 1.167391 2.256877
0.3345933 0.8493158 2.313001
0.3768903 0.4474814 2.439533
0.395785 0.4171742 2.336969
0.2555094 1.70162 2.271747
0.02917711 1.09043 2.262944
0.05963628 1.158417 2.242589
0.3552919 2.192191 2.089251
0.4314751 2.176357 2.067318
82
0.2548894 1.165279 2.303073
0.2557985 1.476642 2.290751
0.2540976 1.773202 2.262196
0.2545049 1.908243 2.243457
0.0771926 1.639007 2.286309
0.008626753 1.412612 2.300581
0.01527033 1.198349 2.259574
0.01891519 1.156291 2.261124
0.4050527 1.718404 2.245266
0.4716398 1.897095 2.152573
0.4157157 2.066628 2.053057
0.3960339 2.114367 2.034034
0.1661769 1.159036 2.272937
0.1473414 0.8548143 2.33992
0.1213552 0.4459801 2.454529
0.07497322 0.4221352 2.358953
0.334798 1.167358 2.257203
0.3346621 0.8487616 2.313124
0.3768924 0.4474226 2.439481
0.3958064 0.4171219 2.336918
0.2550885 1.701336 2.271652
0.02776772 1.089278 2.265592
0.05833094 1.158732 2.245186
0.3405215 2.14758 2.011772
0.4168574 2.138818 1.990754
83
0.2548894 1.165279 2.303073
0.2557985 1.476642 2.290751
0.2540976 1.773202 2.262196
0.2545049 1.908243 2.243457
0.0771926 1.639007 2.286309
0.008626753 1.412612 2.300581
0.01527033 1.198349 2.259574
0.01891519 1.156291 2.261124
0.4050527 1.718404 2.245266
0.4716398 1.897095 2.152573
0.4157157 2.066628 2.053057
0.3960339 2.114367 2.034034
0.1661769 1.159036 2.272937
0.1473414 0.8548143 2.33992
0.1213552 0.4459801 2.454529
0.07497322 0.4221352 2.358953
0.334798 1.167358 2.257203
0.3346621 0.8487616 2.313124
0.3768924 0.4474226 2.439481
0.3958064 0.4171219 2.336918
0.2550885 1.701336 2.271652
0.02776772 1.089278 2.265592
0.05833094 1.158732 2.245186
0.3405215 2.14758 2.011772
0.4168574 2.138818 1.990754
84
0.2546994 1.16528 2.302996
0.255597 1.476559 2.290601
0.2536671 1.772831 2.262768
0.2555833 1.908412 2.244141
0.07742678 1.639121 2.285985
0.008252006 1.413024 2.300427
0.01421507 1.199104 2.260667
0.01748563 1.155847 2.262559
0.4052396 1.717855 2.245456
0.459159 1.871474 2.127505
0.4030949 2.037731 1.99895
0.3830166 2.078196 1.975442
0.1660996 1.159081 2.272671
0.1474856 0.8543621 2.339962
0.1213491 0.4459919 2.45452
0.07499097 0.4221544 2.358969
0.3342617 1.167133 2.257596
0.3347034 0.8483875 2.313213
0.3768991 0.4473495 2.43944
0.3958404 0.417059 2.336872
0.2546988 1.701005 2.271869
0.02710241 1.087217 2.268097
0.05742045 1.15909 2.246855
0.3273591 2.10283 1.936539
0.3923032 2.092066 1.914701
85
0.2546994 1.16528 2.302996
0.255597 1.476559 2.290601
0.2536671 1.772831 2.262768
0.2555833 1.908412 2.244141
0.07742678 1.639121 2.285985
0.008252006 1.413024 2.300427
0.01421507 1.199104 2.260667
0.01748563 1.155847 2.262559
0.4052396 1.717855 2.245456
0.459159 1.871474 2.127505
0.4030949 2.037731 1.99895
0.3830166 2.078196 1.975442
0.1660996 1.159081 2.272671
0.1474856 0.8543621 2.339962
0.1213491 0.4459919 2.45452
0.07499097 0.4221544 2.358969
0.3342617 1.167133 2.257596
0.3347034 0.8483875 2.313213
0.3768991 0.4473495 2.43944
0.3958404 0.417059 2.336872
0.2546988 1.701005 2.271869
0.02710241 1.087217 2.268097
0.05742045 1.15909 2.246855
0.3273591 2.10283 1.936539
0.3923032 2.092066 1.914701
86
0.2544617 1.165183 2.302966
0.2552567 1.476283 2.29069
0.2530104 1.772251 2.264367
0.256924 1.90858 2.245821
0.07761864 1.639219 2.285735
0.007958166 1.413362 2.300325
0.01332435 1.199703 2.261626
0.01656639 1.155505 2.263761
0.4052636 1.716752 2.245607
0.447533 1.854991 2.102475
0.3863577 1.998191 1.941573
0.3639721 2.037207 1.90594
0.1659912 1.159037 2.272466
0.1475689 0.8540912 2.339991
0.1213496 0.4460202 2.454502
0.07501893 0.4221922 2.358981
0.3337153 1.166804 2.258032
0.3347238 0.8480955 2.313315
0.3769048 0.4472559 2.4394
0.3958873 0.4169905 2.336832
0.2540784 1.700421 2.272867
0.02650878 1.086455 2.269372
0.05694335 1.159254 2.247694
0.3062854 2.05541 1.856117
0.3832703 2.050105 1.852415
87
0.2544617 1.165183 2.302966
0.2552567 1.476283 2.29069
0.2530104 1.772251 2.264367
0.256924 1.90858 2.245821
0.07761864 1.639219 2.285735
0.007958166 1.413362 2.300325
0.01332435 1.199703 2.261626
0.01656639 1.155505 2.263761
0.4052636 1.716752 2.245607
0.447533 1.854991 2.102475
0.3863577 1.998191 1.941573
0.3639721 2.037207 1.90594
0.1659912 1.159037 2.272466
0.1475689 0.8540912 2.339991
0.1213496 0.4460202 2.454502
0.07501893 0.4221922 2.358981
0.3337153 1.166804 2.258032
0.3347238 0.8480955 2.313315
0.3769048 0.4472559 2.4394
0.3958873 0.4169905 2.336832
0.2540784 1.700421 2.272867
0.02650878 1.086455 2.269372
0.05694335 1.159254 2.247694
0.3062854 2.05541 1.856117
0.3832703 2.050105 1.852415
88
0.2542308 1.164981 2.303026
0.2548361 1.4758 2.291065
0.2522831 1.771537 2.266473
0.2585691 1.908369 2.248706
0.07777595 1.639305 2.285547
0.007756821 1.41362 2.300251
0.01265282 1.200116 2.26238
0.016017 1.15529 2.264421
0.4053822 1.712629 2.246207
0.4316224 1.82161 2.071057
0.3680589 1.941979 1.880361
0.3428523 1.979816 1.830125
0.165858 1.158879 2.272345
0.1476268 0.8538733 2.340029
0.1213532 0.4460437 2.454482
0.07504635 0.4222268 2.358984
0.3333022 1.166373 2.258593
0.3347241 0.8478945 2.313411
0.3769145 0.4471341 2.439369
0.3959581 0.4168985 2.336789
0.2533689 1.699654 2.274389
0.02612548 1.085945 2.270251
0.0566246 1.159399 2.248296
0.2940417 2.004263 1.776195
0.371219 1.986663 1.779343
89
0.2542308 1.164981 2.303026
0.2548361 1.4758 2.291065
0.2522831 1.771537 2.266473
0.2585691 1.908369 2.248706
0.07777595 1.639305 2.285547
0.007756821 1.41362 2.300251
0.01265282 1.200116 2.26238
0.016017 1.15529 2.264421
0.4053822 1.712629 2.246207
0.4316224 1.82161 2.071057
0.3680589 1.941979 1.880361
0.3428523 1.979816 1.830125
0.165858 1.158879 2.272345
0.1476268 0.8538733 2.340029
0.1213532 0.4460437 2.454482
0.07504635 0.4222268 2.358984
0.3333022 1.166373 2.258593
0.3347241 0.8478945 2.313411
0.3769145 0.4471341 2.439369
0.3959581 0.4168985 2.336789
0.2533689 1.699654 2.274389
0.02612548 1.085945 2.270251
0.0566246 1.159399 2.248296
0.2940417 2.004263 1.776195
0.371219 1.986663 1.779343
90
0.2540686 1.164736 2.303162
0.2544899 1.475273 2.291592
0.251747 1.770923 2.268476
0.2600408 1.908135 2.251492
0.07791038 1.639386 2.285417
0.007635143 1.413825 2.300225
0.01217384 1.200407 2.262946
0.01573595 1.154992 2.264883
0.4051828 1.707675 2.246746
0.4222473 1.770648 2.05848
0.3644678 1.849433 1.861623
0.3243634 1.889612 1.766695
0.1657652 1.158677 2.272308
0.1476673 0.8537056 2.340067
0.1213593 0.4460553 2.454457
0.07506277 0.4222516 2.358982
0.3330534 1.165911 2.25922
0.3347173 0.8477345 2.313576
0.3769265 0.4469932 2.439334
0.3960273 0.4168088 2.336737
0.2528234 1.698953 2.275955
0.02612527 1.085458 2.270712
0.0563989 1.15945 2.248668
0.2966911 1.908505 1.713382
0.3601364 1.887735 1.720948
91
0.2540686 1.164736 2.303162
0.2544899 1.475273 2.291592
0.251747 1.770923 2.268476
0.2600408 1.908135 2.251492
0.07791038 1.639386 2.285417
0.007635143 1.413825 2.300225
0.01217384 1.200407 2.262946
0.01573595 1.154992 2.264883
0.4051828 1.707675 2.246746
0.4222473 1.770648 2.05848
0.3644678 1.849433 1.861623
0.3243634 1.889612 1.766695
0.1657652 1.158677 2.272308
0.1476673 0.8537056 2.340067
0.1213593 0.4460553 2.454457
0.07506277 0.4222516 2.358982
0.3330534 1.165911 2.25922
0.3347173 0.8477345 2.313576
0.3769265 0.4469932 2.439334
0.3960273 0.4168088 2.336737
0.2528234 1.698953 2.275955
0.02612527 1.085458 2.270712
0.0563989 1.15945 2.248668
0.2966911 1.908505 1.713382
0.3601364 1.887735 1.720948
92
0.2539051 1.164064 2.303529
0.2541896 1.474567 2.29231
0.2513882 1.770391 2.270275
0.2610114 1.907658 2.254386
0.07807198 1.639498 2.285339
0.007591388 1.41403 2.300236
0.0118975 1.200591 2.263312
0.01575252 1.154706 2.265085
0.4046914 1.701891 2.247196
0.4192183 1.719121 2.049376
0.3617653 1.747935 1.856222
0.315067 1.773736 1.735748
0.1656908 1.158124 2.272486
0.1477792 0.8533524 2.340207
0.1213424 0.4460264 2.454423
0.0750729 0.4222662 2.358978
0.3328556 1.164925 2.26008
0.3346958 0.8476003 2.313877
0.3769306 0.4468126 2.439295
0.3960742 0.4167266 2.336705
0.2524322 1.698294 2.277466
0.02653586 1.084984 2.270624
0.05618357 1.159318 2.248182
0.2890123 1.775874 1.658655
0.3510749 1.770663 1.691473
93
0.2539051 1.164064 2.303529
0.2541896 1.474567 2.29231
0.2513882 1.770391 2.270275
0.2610114 1.907658 2.254386
0.07807198 1.639498 2.285339
0.007591388 1.41403 2.300236
0.0118975 1.200591 2.263312
0.01575252 1.154706 2.265085
0.4046914 1.701891 2.247196
0.4192183 1.719121 2.049376
0.3617653 1.747935 1.856222
0.315067 1.773736 1.735748
0.1656908 1.158124 2.272486
0.1477792 0.8533524 2.340207
0.1213424 0.4460264 2.454423
0.0750729 0.4222662 2.358978
0.3328556 1.164925 2.26008
0.3346958 0.8476003 2.313877
0.3769306 0.4468126 2.439295
0.3960742 0.4167266 2.336705
0.2524322 1.698294 2.277466
0.02653586 1.084984 2.270624
0.05618357 1.159318 2.248182
0.2890123 1.775874 1.658655
0.3510749 1.770663 1.691473
94
0.2536138 1.161742 2.304659
0.2538878 1.473512 2.29334
0.2511398 1.769964 2.271839
0.261566 1.907326 2.256668
0.07820923 1.639593 2.285306
0.007671634 1.414191 2.300293
0.01171329 1.200713 2.263577
0.01596829 1.154323 2.264933
0.4034263 1.694423 2.247349
0.413767 1.659446 2.026312
0.3491969 1.642605 1.820402
0.3090529 1.654593 1.722332
0.1655869 1.156357 2.273201
0.1479884 0.8528188 2.340438
0.1213036 0.4459698 2.454385
0.07508086 0.422278 2.358969
0.3325214 1.161855 2.261987
0.3346715 0.847378 2.314557
0.3769454 0.4465172 2.439234
0.3961271 0.4166423 2.336675
0.2521411 1.697697 2.278881
0.02719045 1.084766 2.269956
0.05565359 1.158821 2.245215
0.2893361 1.649739 1.663723
0.3447984 1.65267 1.680953
95
0.2536138 1.161742 2.304659
0.2538878 1.473512 2.29334
0.2511398 1.769964 2.271839
0.261566 1.907326 2.256668
0.07820923 1.639593 2.285306
0.007671634 1.414191 2.300293
0.01171329 1.200713 2.263577
0.01596829 1.154323 2.264933
0.4034263 1.694423 2.247349
0.413767 1.659446 2.026312
0.3491969 1.642605 1.820402
0.3090529 1.654593 1.722332
0.1655869 1.156357 2.273201
0.1479884 0.8528188 2.340438
0.1213036 0.4459698 2.454385
0.07508086 0.422278 2.358969
0.3325214 1.161855 2.261987
0.3346715 0.847378 2.314557
0.3769454 0.4465172 2.439234
0.3961271 0.4166423 2.336675
0.2521411 1.697697 2.278881
0.02719045 1.084766 2.269956
0.05565359 1.158821 2.245215
0.2893361 1.649739 1.663723
0.3447984 1.65267 1.680953
96
0.2468566 1.130431 2.314709
0.2506964 1.465253 2.298385
0.2501693 1.769073 2.274269
0.2619227 1.907086 2.258512
0.07814408 1.639595 2.285414
0.007786508 1.414145 2.300436
0.01166801 1.200704 2.263769
0.0202575 1.151952 2.26384
0.3973233 1.633032 2.252371
0.4384304 1.602966 2.050788
0.3891549 1.581765 1.880426
0.3053354 1.545089 1.731182
0.1604807 1.129951 2.28336
0.1483338 0.8409158 2.346831
0.1210282 0.4448651 2.454059
0.07508995 0.4222828 2.358952
0.3251524 1.127606 2.271573
0.3350237 0.8396122 2.322047
0.3771908 0.4447348 2.438843
0.3961942 0.4165435 2.33667
0.2508292 1.695935 2.281692
0.03106868 1.08294 2.269121
0.06571525 1.151377 2.233765
0.283625 1.535344 1.701745
0.3280322 1.538113 1.692574
97
0.2468566 1.130431 2.314709
0.2506964 1.465253 2.298385
0.2501693 1.769073 2.274269
0.2619227 1.907086 2.258512
0.07814408 1.639595 2.285414
0.007786508 1.414145 2.300436
0.01166801 1.200704 2.263769
0.0202575 1.151952 2.26384
0.3973233 1.633032 2.252371
0.4384304 1.602966 2.050788
0.3891549 1.581765 1.880426
0.3053354 1.545089 1.731182
0.1604807 1.129951 2.28336
0.1483338 0.8409158 2.346831
0.1210282 0.4448651 2.454059
0.07508995 0.4222828 2.358952
0.3251524 1.127606 2.271573
0.3350237 0.8396122 2.322047
0.3771908 0.4447348 2.438843
0.3961942 0.4165435 2.33667
0.2508292 1.695935 2.281692
0.03106868 1.08294 2.269121
0.06571525 1.151377 2.233765
0.283625 1.535344 1.701745
0.3280322 1.538113 1.692574
98
0.2441607 1.11812 2.318681
0.2484379 1.45956 2.301815
0.2490153 1.768105 2.27657
0.2621098 1.906933 2.259953
0.07789876 1.639532 2.285665
0.007967254 1.413964 2.300679
0.01186324 1.200523 2.263891
0.02400718 1.149901 2.26281
0.3916393 1.620565 2.251899
0.4428599 1.572703 2.036253
0.3653904 1.479816 1.857361
0.3181877 1.456535 1.774581
0.1583687 1.119048 2.28754
0.1488328 0.8307252 2.352705
0.1207191 0.4436977 2.453701
0.07509536 0.4222815 2.358932
0.3221528 1.114167 2.275439
0.3323032 0.8070378 2.344275
0.3789986 0.4399057 2.437574
0.396257 0.4164571 2.336667
0.2494056 1.694145 2.28429
0.03537377 1.081026 2.268022
0.07266659 1.141585 2.225672
0.299477 1.424355 1.723024
0.3350457 1.439947 1.741184
99
0.2441607 1.11812 2.318681
0.2484379 1.45956 2.301815
0.2490153 1.768105 2.27657
0.2621098 1.906933 2.259953
0.07789876 1.639532 2.285665
0.007967254 1.413964 2.300679
0.01186324 1.200523 2.263891
0.02400718 1.149901 2.26281
0.3916393 1.620565 2.251899
0.4428599 1.572703 2.036253
0.3653904 1.479816 1.857361
0.3181877 1.456535 1.774581
0.1583687 1.119048 2.28754
0.1488328 0.8307252 2.352705
0.1207191 0.4436977 2.453701
0.07509536 0.4222815 2.358932
0.3221528 1.114167 2.275439
0.3323032 0.8070378 2.344275
0.3789986 0.4399057 2.437574
0.396257 0.4164571 2.336667
0.2494056 1.694145 2.28429
0.03537377 1.081026 2.268022
0.07266659 1.141585 2.225672
0.299477 1.424355 1.723024
0.3350457 1.439947 1.741184
100
0.2428041 1.112137 2.320662
0.2468798 1.455823 2.304086
0.2478118 1.767286 2.278559
0.2620896 1.906834 2.261108
0.0770568 1.639258 2.286359
0.008167453 1.413498 2.301105
0.01223615 1.200253 2.263928
0.02681425 1.148283 2.26201
0.3867258 1.615279 2.250056
0.4349896 1.529383 2.022467
0.3585712 1.396631 1.88624
0.3188215 1.349676 1.806737
0.1572759 1.113423 2.289834
0.1491324 0.8249273 2.356062
0.1205332 0.4429912 2.453464
0.07509857 0.4222808 2.358914
0.320694 1.108037 2.277167
0.3320053 0.8011182 2.348741
0.3793612 0.4387131 2.437204
0.3963097 0.4163871 2.336669
0.2480652 1.692678 2.286432
0.03868646 1.07973 2.267339
0.07614715 1.141106 2.222663
0.3126963 1.308277 1.762414
0.3412942 1.335257 1.768895
101
0.2428041 1.112137 2.320662
0.2468798 1.455823 2.304086
0.2478118 1.767286 2.278559
0.2620896 1.906834 2.261108
0.0770568 1.639258 2.286359
0.008167453 1.413498 2.301105
0.01223615 1.200253 2.263928
0.02681425 1.148283 2.26201
0.3867258 1.615279 2.250056
0.4349896 1.529383 2.022467
0.3585712 1.396631 1.88624
0.3188215 1.349676 1.806737
0.1572759 1.113423 2.289834
0.1491324 0.8249273 2.356062
0.1205332 0.4429912 2.453464
0.07509857 0.4222808 2.358914
0.320694 1.108037 2.277167
0.3320053 0.8011182 2.348741
0.3793612 0.4387131 2.437204
0.3963097 0.4163871 2.336669
0.2480652 1.692678 2.286432
0.03868646 1.07973 2.267339
0.07614715 1.141106 2.222663
0.3126963 1.308277 1.762414
0.3412942 1.335257 1.768895
102
0.2419551 1.108341 2.32192
0.2457863 1.453331 2.305627
0.2467334 1.766636 2.280166
0.2617972 1.906806 2.262074
0.07563855 1.63887 2.287475
0.008401328 1.412815 2.301806
0.01276577 1.19988 2.263909
0.02941873 1.146765 2.261438
0.3827143 1.615514 2.247196
0.4306496 1.49928 2.064375
0.3624327 1.352051 1.941239
0.3322203 1.275732 1.871201
0.1565968 1.109967 2.291282
0.1493872 0.8213353 2.358234
0.1204025 0.4424978 2.453293
0.07510056 0.4222762 2.35889
0.3197162 1.104013 2.278316
0.3321202 0.7977447 2.351522
0.3795249 0.4379139 2.436951
0.3963581 0.416325 2.336676
0.2469256 1.691535 2.288113
0.04344441 1.077056 2.266862
0.07912531 1.141924 2.220698
0.3238329 1.221079 1.830215
0.3565823 1.251509 1.827248
103
0.2419551 1.108341 2.32192
0.2457863 1.453331 2.305627
0.2467334 1.766636 2.280166
0.2617972 1.906806 2.262074
0.07563855 1.63887 2.287475
0.008401328 1.412815 2.301806
0.01276577 1.19988 2.263909
0.02941873 1.146765 2.261438
0.3827143 1.615514 2.247196
0.4306496 1.49928 2.064375
0.3624327 1.352051 1.941239
0.3322203 1.275732 1.871201
0.1565968 1.109967 2.291282
0.1493872 0.8213353 2.358234
0.1204025 0.4424978 2.453293
0.07510056 0.4222762 2.35889
0.3197162 1.104013 2.278316
0.3321202 0.7977447 2.351522
0.3795249 0.4379139 2.436951
0.3963581 0.416325 2.336676
0.2469256 1.691535 2.288113
0.04344441 1.077056 2.266862
0.07912531 1.141924 2.220698
0.3238329 1.221079 1.830215
0.3565823 1.251509 1.827248
104
0.2413139 1.105832 2.322783
0.2449675 1.451605 2.30666
0.2457137 1.76611 2.281361
0.2612557 1.906837 2.262848
0.07385113 1.638441 2.288809
0.008613206 1.411991 2.302898
0.01330764 1.199538 2.263891
0.03124763 1.145721 2.261173
0.3803737 1.618473 2.243942
0.4289227 1.454726 2.09932
0.3656447 1.274425 1.983648
0.3461033 1.197949 1.937735
0.1561141 1.10752 2.29231
0.1495578 0.819041 2.359677
0.1203183 0.4421569 2.453159
0.07510261 0.4222778 2.358871
0.318906 1.101872 2.278767
0.3327295 0.7974005 2.352216
0.3794212 0.4376454 2.436872
0.396398 0.4162735 2.336686
0.2459034 1.690632 2.289341
0.04675546 1.075155 2.266281
0.08086356 1.143477 2.220265
0.3410575 1.145749 1.908874
0.3774121 1.173899 1.893366
105
0.2413139 1.105832 2.322783
0.2449675 1.451605 2.30666
0.2457137 1.76611 2.281361
0.2612557 1.906837 2.262848
0.07385113 1.638441 2.288809
0.008613206 1.411991 2.302898
0.01330764 1.199538 2.263891
0.03124763 1.145721 2.261173
0.3803737 1.618473 2.243942
0.4289227 1.454726 2.09932
0.3656447 1.274425 1.983648
0.3461033 1.197949 1.937735
0.1561141 1.10752 2.29231
0.1495578 0.819041 2.359677
0.1203183 0.4421569 2.453159
0.07510261 0.4222778 2.358871
0.318906 1.101872 2.278767
0.3327295 0.7974005 2.352216
0.3794212 0.4376454 2.436872
0.396398 0.4162735 2.336686
0.2459034 1.690632 2.289341
0.04675546 1.075155 2.266281
0.08086356 1.143477 2.220265
0.3410575 1.145749 1.908874
0.3774121 1.173899 1.893366
106
0.2406619 1.104923 2.323051
0.2442064 1.450314 2.307356
0.2446747 1.765643 2.282255
0.2604009 1.906936 2.263395
0.07183179 1.638098 2.290293
0.008637149 1.411176 2.304559
0.01381487 1.199239 2.263899
0.03253576 1.144916 2.261141
0.3816142 1.621037 2.238253
0.4297873 1.426128 2.137999
0.3725922 1.210148 2.040102
0.3631038 1.13978 2.012051
0.155722 1.106113 2.293025
0.1496865 0.8174394 2.360711
0.1202587 0.4419375 2.453064
0.07513092 0.4223044 2.358858
0.3178308 1.101777 2.278183
0.3335185 0.7991369 2.35136
0.3791649 0.4377854 2.436939
0.3964358 0.4162265 2.336697
0.2448739 1.689857 2.290245
0.04901871 1.073867 2.265731
0.08182011 1.143897 2.219748
0.3606001 1.076709 2.001025
0.3967867 1.131162 1.973855
107
0.2406619 1.104923 2.323051
0.2442064 1.450314 2.307356
0.2446747 1.765643 2.282255
0.2604009 1.906936 2.263395
0.07183179 1.638098 2.290293
0.008637149 1.411176 2.304559
0.01381487 1.199239 2.263899
0.03253576 1.144916 2.261141
0.3816142 1.621037 2.238253
0.4297873 1.426128 2.137999
0.3725922 1.210148 2.040102
0.3631038 1.13978 2.012051
0.155722 1.106113 2.293025
0.1496865 0.8174394 2.360711
0.1202587 0.4419375 2.453064
0.07513092 0.4223044 2.358858
0.3178308 1.101777 2.278183
0.3335185 0.7991369 2.35136
0.3791649 0.4377854 2.436939
0.3964358 0.4162265 2.336697
0.2448739 1.689857 2.290245
0.04901871 1.073867 2.265731
0.08182011 1.143897 2.219748
0.3606001 1.076709 2.001025
0.3967867 1.131162 1.973855
108
0.2394494 1.105482 2.322614
0.2433186 1.449294 2.307741
0.2436949 1.765254 2.282838
0.2591621 1.907115 2.263634
0.06988714 1.637815 2.291646
0.008535502 1.410418 2.306602
0.01426505 1.198963 2.263992
0.03357981 1.144413 2.261223
0.383561 1.623106 2.233751
0.43265 1.406286 2.167935
0.3868796 1.172037 2.096008
0.3825005 1.100836 2.087261
0.1549863 1.105927 2.293328
0.1497856 0.8163031 2.361471
0.1202091 0.441768 2.452999
0.0751448 0.4223186 2.358849
0.3160588 1.103015 2.276726
0.3342462 0.8017862 2.349721
0.3788749 0.4381348 2.437084
0.3964746 0.4161832 2.33672
0.2438724 1.689208 2.290828
0.05190814 1.072705 2.263474
0.0849913 1.151294 2.215755
0.3860481 1.033576 2.089067
0.4186503 1.102652 2.051719
109
0.2394494 1.105482 2.322614
0.2433186 1.449294 2.307741
0.2436949 1.765254 2.282838
0.2591621 1.907115 2.263634
0.06988714 1.637815 2.291646
0.008535502 1.410418 2.306602
0.01426505 1.198963 2.263992
0.03357981 1.144413 2.261223
0.383561 1.623106 2.233751
0.43265 1.406286 2.167935
0.3868796 1.172037 2.096008
0.3825005 1.100836 2.087261
0.1549863 1.105927 2.293328
0.1497856 0.8163031 2.361471
0.1202091 0.441768 2.452999
0.0751448 0.4223186 2.358849
0.3160588 1.103015 2.276726
0.3342462 0.8017862 2.349721
0.3788749 0.4381348 2.437084
0.3964746 0.4161832 2.33672
0.2438724 1.689208 2.290828
0.05190814 1.072705 2.263474
0.0849913 1.151294 2.215755
0.3860481 1.033576 2.089067
0.4186503 1.102652 2.051719
110
0.2382141 1.106741 2.321819
0.2423546 1.448466 2.307832
0.2426652 1.764845 2.283119
0.2576846 1.907318 2.263551
0.06810195 1.637551 2.29273
0.00825381 1.409755 2.308716
0.0146762 1.198652 2.264168
0.03434865 1.144042 2.26143
0.3856414 1.62463 2.23039
0.4372493 1.389412 2.192078
0.4053716 1.147151 2.147952
0.4042025 1.084902 2.148541
0.1541422 1.106499 2.293224
0.1498653 0.8155373 2.362051
0.1201741 0.4417026 2.452928
0.07519569 0.4224032 2.358842
0.3144621 1.104683 2.275188
0.3347828 0.8047334 2.34761
0.3786073 0.4386367 2.437274
0.3964992 0.4161546 2.336736
0.2428176 1.688575 2.291102
0.05335797 1.071929 2.262594
0.0867909 1.156775 2.211945
0.415463 1.012406 2.160414
0.4425128 1.085267 2.125586
111
0.2382141 1.106741 2.321819
0.2423546 1.448466 2.307832
0.2426652 1.764845 2.283119
0.2576846 1.907318 2.263551
0.06810195 1.637551 2.29273
0.00825381 1.409755 2.308716
0.0146762 1.198652 2.264168
0.03434865 1.144042 2.26143
0.3856414 1.62463 2.23039
0.4372493 1.389412 2.192078
0.4053716 1.147151 2.147952
0.4042025 1.084902 2.148541
0.1541422 1.106499 2.293224
0.1498653 0.8155373 2.362051
0.1201741 0.4417026 2.452928
0.07519569 0.4224032 2.358842
0.3144621 1.104683 2.275188
0.3347828 0.8047334 2.34761
0.3786073 0.4386367 2.437274
0.3964992 0.4161546 2.336736
0.2428176 1.688575 2.291102
0.05335797 1.071929 2.262594
0.0867909 1.156775 2.211945
0.415463 1.012406 2.160414
0.4425128 1.085267 2.125586
112
0.2371073 1.108293 2.320915
0.2413829 1.447825 2.307676
0.2415763 1.764409 2.283029
0.2559365 1.907532 2.262964
0.06654897 1.637339 2.2936
0.007877116 1.409233 2.310789
0.01501861 1.198262 2.264537
0.0341626 1.143675 2.262766
0.3878384 1.62566 2.228048
0.4417534 1.377994 2.216369
0.4220905 1.134666 2.190965
0.4212156 1.081912 2.200943
0.1532888 1.107561 2.292876
0.1499451 0.8150924 2.362482
0.1201453 0.441668 2.452862
0.0752463 0.4224949 2.358841
0.3131666 1.106387 2.273795
0.3350202 0.8065352 2.346167
0.378459 0.438983 2.437409
0.3965221 0.4161326 2.336761
0.2417314 1.687963 2.291037
0.05397846 1.071751 2.260977
0.08492434 1.167979 2.212766
0.4151789 1.01632 2.215511
0.4607226 1.085388 2.185151
113
0.2371073 1.108293 2.320915
0.2413829 1.447825 2.307676
0.2415763 1.764409 2.283029
0.2559365 1.907532 2.262964
0.06654897 1.637339 2.2936
0.007877116 1.409233 2.310789
0.01501861 1.198262 2.264537
0.0341626 1.143675 2.262766
0.3878384 1.62566 2.228048
0.4417534 1.377994 2.216369
0.4220905 1.134666 2.190965
0.4212156 1.081912 2.200943
0.1532888 1.107561 2.292876
0.1499451 0.8150924 2.362482
0.1201453 0.441668 2.452862
0.0752463 0.4224949 2.358841
0.3131666 1.106387 2.273795
0.3350202 0.8065352 2.346167
0.378459 0.438983 2.437409
0.3965221 0.4161326 2.336761
0.2417314 1.687963 2.291037
0.05397846 1.071751 2.260977
0.08492434 1.167979 2.212766
0.4151789 1.01632 2.215511
0.4607226 1.085388 2.185151
114
0.2362178 1.109833 2.320066
0.2404537 1.447341 2.307339
0.2404066 1.76393 2.282535
0.2540735 1.907637 2.261789
0.06517614 1.637164 2.294266
0.007472782 1.408828 2.312512
0.01527827 1.19781 2.265066
0.03354624 1.143429 2.264119
0.3899818 1.626294 2.22651
0.4445805 1.373336 2.234433
0.4363991 1.13262 2.21976
0.4340487 1.097284 2.232878
0.1525354 1.1088 2.29242
0.1499956 0.8149601 2.362775
0.1201197 0.441668 2.4528
0.07529762 0.4225963 2.358843
0.3121945 1.107931 2.272648
0.3351542 0.8083442 2.344521
0.3783258 0.4394018 2.437566
0.3965423 0.4161209 2.3368
0.2406146 1.68736 2.290638
0.05385699 1.071826 2.258338
0.08393518 1.172767 2.21254
0.423248 1.03526 2.239522
0.4740527 1.093682 2.225449
115
0.2362178 1.109833 2.320066
0.2404537 1.447341 2.307339
0.2404066 1.76393 2.282535
0.2540735 1.907637 2.261789
0.06517614 1.637164 2.294266
0.007472782 1.408828 2.312512
0.01527827 1.19781 2.265066
0.03354624 1.143429 2.264119
0.3899818 1.626294 2.22651
0.4445805 1.373336 2.234433
0.4363991 1.13262 2.21976
0.4340487 1.097284 2.232878
0.1525354 1.1088 2.29242
0.1499956 0.8149601 2.362775
0.1201197 0.441668 2.4528
0.07529762 0.4225963 2.358843
0.3121945 1.107931 2.272648
0.3351542 0.8083442 2.344521
0.3783258 0.4394018 2.437566
0.3965423 0.4161209 2.3368
0.2406146 1.68736 2.290638
0.05385699 1.071826 2.258338
0.08393518 1.172767 2.21254
0.423248 1.03526 2.239522
0.4740527 1.093682 2.225449
116
0.2355528 1.111228 2.319328
0.2396304 1.44699 2.306894
0.2392385 1.763433 2.281676
0.2523604 1.907673 2.260234
0.06399595 1.637015 2.294766
0.007050488 1.408518 2.313972
0.01472716 1.197563 2.267337
0.03239227 1.143079 2.266339
0.3924617 1.626691 2.225726
0.4482929 1.373881 2.249904
0.4524468 1.150137 2.243021
0.4464626 1.102879 2.260053
0.151931 1.110016 2.291954
0.1499467 0.8152294 2.362932
0.1201115 0.4416504 2.452741
0.07531633 0.4226539 2.358839
0.3115061 1.109271 2.271734
0.3351156 0.809981 2.342969
0.3782364 0.4398055 2.437709
0.3965677 0.4161314 2.336864
0.2395445 1.68679 2.289958
0.05370271 1.071926 2.256823
0.08327727 1.174916 2.212764
0.4362385 1.036106 2.27306
0.4853899 1.110214 2.252727
117
0.2355528 1.111228 2.319328
0.2396304 1.44699 2.306894
0.2392385 1.763433 2.281676
0.2523604 1.907673 2.260234
0.06399595 1.637015 2.294766
0.007050488 1.408518 2.313972
0.01472716 1.197563 2.267337
0.03239227 1.143079 2.266339
0.3924617 1.626691 2.225726
0.4482929 1.373881 2.249904
0.4524468 1.150137 2.243021
0.4464626 1.102879 2.260053
0.151931 1.110016 2.291954
0.1499467 0.8152294 2.362932
0.1201115 0.4416504 2.452741
0.07531633 0.4226539 2.358839
0.3115061 1.109271 2.271734
0.3351156 0.809981 2.342969
0.3782364 0.4398055 2.437709
0.3965677 0.4161314 2.336864
0.2395445 1.68679 2.289958
0.05370271 1.071926 2.256823
0.08327727 1.174916 2.212764
0.4362385 1.036106 2.27306
0.4853899 1.110214 2.252727
118
0.2350852 1.112447 2.318712
0.2389288 1.446744 2.306407
0.2381478 1.762947 2.280619
0.250825 1.907681 2.258483
0.06299388 1.636895 2.295114
0.006611031 1.408297 2.31516
0.01362862 1.197516 2.270257
0.03098335 1.142573 2.268905
0.395308 1.626864 2.22578
0.4528776 1.377937 2.262789
0.4634546 1.16074 2.258102
0.4551608 1.113257 2.275208
0.1514705 1.111148 2.291497
0.1498344 0.8156825 2.362989
0.1201064 0.4416452 2.452684
0.0753306 0.4226978 2.358831
0.3110655 1.110415 2.271052
0.3348071 0.811444 2.341518
0.3782104 0.440181 2.437842
0.3965933 0.4161486 2.33693
0.2385731 1.686273 2.289124
0.05303687 1.07212 2.256335
0.08156303 1.17471 2.214718
0.4442332 1.047624 2.283126
0.4943355 1.123759 2.268204
119
0.2350852 1.112447 2.318712
0.2389288 1.446744 2.306407
0.2381478 1.762947 2.280619
0.250825 1.907681 2.258483
0.06299388 1.636895 2.295114
0.006611031 1.408297 2.31516
0.01362862 1.197516 2.270257
0.03098335 1.142573 2.268905
0.395308 1.626864 2.22578
0.4528776 1.377937 2.262789
0.4634546 1.16074 2.258102
0.4551608 1.113257 2.275208
0.1514705 1.111148 2.291497
0.1498344 0.8156825 2.362989
0.1201064 0.4416452 2.452684
0.0753306 0.4226978 2.358831
0.3110655 1.110415 2.271052
0.3348071 0.811444 2.341518
0.3782104 0.440181 2.437842
0.3965933 0.4161486 2.33693
0.2385731 1.686273 2.289124
0.05303687 1.07212 2.256335
0.08156303 1.17471 2.214718
0.4442332 1.047624 2.283126
0.4943355 1.123759 2.268204
120
0.234761 1.113476 2.318217
0.2383355 1.44658 2.3059
0.2371698 1.762506 2.279407
0.2495604 1.90766 2.256546
0.06215688 1.636803 2.295304
0.006167561 1.408162 2.316122
0.01229222 1.197619 2.27333
0.02927289 1.141737 2.271824
0.3985457 1.626816 2.226946
0.4571977 1.382401 2.271713
0.4710554 1.172399 2.263126
0.4616372 1.120616 2.284127
0.1511227 1.112148 2.291083
0.1497042 0.8161541 2.362982
0.1200701 0.4416512 2.452614
0.07534061 0.4227428 2.358821
0.3107949 1.111367 2.270559
0.3345715 0.8122078 2.340682
0.3782018 0.4404186 2.437919
0.3966095 0.4161861 2.337006
0.237715 1.685821 2.288174
0.05159932 1.071739 2.25827
0.07951126 1.171757 2.218209
0.4499003 1.053562 2.293793
0.5003518 1.130919 2.278698
121
0.234761 1.113476 2.318217
0.2383355 1.44658 2.3059
0.2371698 1.762506 2.279407
0.2495604 1.90766 2.256546
0.06215688 1.636803 2.295304
0.006167561 1.408162 2.316122
0.01229222 1.197619 2.27333
0.02927289 1.141737 2.271824
0.3985457 1.626816 2.226946
0.4571977 1.382401 2.271713
0.4710554 1.172399 2.263126
0.4616372 1.120616 2.284127
0.1511227 1.112148 2.291083
0.1497042 0.8161541 2.362982
0.1200701 0.4416512 2.452614
0.07534061 0.4227428 2.358821
0.3107949 1.111367 2.270559
0.3345715 0.8122078 2.340682
0.3782018 0.4404186 2.437919
0.3966095 0.4161861 2.337006
0.237715 1.685821 2.288174
0.05159932 1.071739 2.25827
0.07951126 1.171757 2.218209
0.4499003 1.053562 2.293793
0.5003518 1.130919 2.278698
122
0.2345394 1.114316 2.317825
0.2378397 1.446469 2.305408
0.2363469 1.762129 2.278259
0.2485667 1.907569 2.254574
0.06138088 1.636693 2.295273
0.00574874 1.40806 2.316843
0.01094692 1.197735 2.276007
0.02693339 1.140821 2.274737
0.4016058 1.626561 2.228784
0.4612039 1.386464 2.277312
0.4765557 1.178934 2.265568
0.4659725 1.126799 2.283207
0.1508638 1.112996 2.290719
0.1495347 0.8166869 2.362922
0.1200151 0.4416763 2.452549
0.07535473 0.4227898 2.358815
0.3106422 1.112136 2.270218
0.3343267 0.8126591 2.340147
0.37821 0.4405895 2.437968
0.3966203 0.4162389 2.337089
0.2369909 1.685441 2.287254
0.04827759 1.070761 2.262457
0.07421689 1.166444 2.225413
0.4545502 1.058077 2.293098
0.5070909 1.136238 2.280729
123
0.2345394 1.114316 2.317825
0.2378397 1.446469 2.305408
0.2363469 1.762129 2.278259
0.2485667 1.907569 2.254574
0.06138088 1.636693 2.295273
0.00574874 1.40806 2.316843
0.01094692 1.197735 2.276007
0.02693339 1.140821 2.274737
0.4016058 1.626561 2.228784
0.4612039 1.386464 2.277312
0.4765557 1.178934 2.265568
0.4659725 1.126799 2.283207
0.1508638 1.112996 2.290719
0.1495347 0.8166869 2.362922
0.1200151 0.4416763 2.452549
0.07535473 0.4227898 2.358815
0.3106422 1.112136 2.270218
0.3343267 0.8126591 2.340147
0.37821 0.4405895 2.437968
0.3966203 0.4162389 2.337089
0.2369909 1.685441 2.287254
0.04827759 1.070761 2.262457
0.07421689 1.166444 2.225413
0.4545502 1.058077 2.293098
0.5070909 1.136238 2.280729
124
0.2343898 1.114995 2.317516
0.2374153 1.44639 2.30493
0.2356353 1.76179 2.277188
0.2478498 1.907457 2.25268
0.06064441 1.636579 2.295055
0.005349031 1.407991 2.317373
0.009804395 1.197827 2.278008
0.02515374 1.140085 2.276517
0.4042152 1.626159 2.230937
0.4647683 1.389997 2.28086
0.4804174 1.183893 2.265105
0.4695928 1.129726 2.278288
0.15067 1.113706 2.290395
0.1493469 0.8172357 2.36283
0.1199483 0.4417041 2.452484
0.07536557 0.4228306 2.358809
0.3105656 1.112758 2.269979
0.3340536 0.8128948 2.33977
0.3782309 0.440731 2.438003
0.3966288 0.4163017 2.337176
0.2363615 1.685104 2.286373
0.04442208 1.069929 2.268201
0.07208893 1.163775 2.228317
0.4589147 1.059907 2.285812
0.5101534 1.135615 2.274407
125
0.2343898 1.114995 2.317516
0.2374153 1.44639 2.30493
0.2356353 1.76179 2.277188
0.2478498 1.907457 2.25268
0.06064441 1.636579 2.295055
0.005349031 1.407991 2.317373
0.009804395 1.197827 2.278008
0.02515374 1.140085 2.276517
0.4042152 1.626159 2.230937
0.4647683 1.389997 2.28086
0.4804174 1.183893 2.265105
0.4695928 1.129726 2.278288
0.15067 1.113706 2.290395
0.1493469 0.8172357 2.36283
0.1199483 0.4417041 2.452484
0.07536557 0.4228306 2.358809
0.3105656 1.112758 2.269979
0.3340536 0.8128948 2.33977
0.3782309 0.440731 2.438003
0.3966288 0.4163017 2.337176
0.2363615 1.685104 2.286373
0.04442208 1.069929 2.268201
0.07208893 1.163775 2.228317
0.4589147 1.059907 2.285812
0.5101534 1.135615 2.274407
