134
1
0.1018265 0.6754786 3.781962
0.100004 0.982066 3.792013
0.09792821 1.283019 3.789511
0.09405278 1.417383 3.794927
-0.07436663 1.153647 3.783472
-0.1098386 0.9366994 3.78234
-0.09782691 0.708962 3.732138
-0.08891091 0.6215123 3.704926
0.2678033 1.16703 3.772383
0.2985762 0.9379961 3.780296
0.2961791 0.7124444 3.720479
0.2844498 0.6350685 3.704907
0.02208877 0.6772648 3.747445
0.00324149 0.4150766 3.689528
6.605464E-05 0.1421331 3.762317
-0.002039138 0.1019613 3.61159
0.1794178 0.6800196 3.741412
0.2009021 0.4178367 3.6955
0.2075376 0.08917107 3.752126
0.203481 0.06324998 3.602153
0.09845558 1.208524 3.792561
-0.09153748 0.5648876 3.694274
-0.06821764 0.6303437 3.664905
0.2772199 0.5585901 3.686605
0.3066617 0.61949 3.692911
2
0.1018181 0.6754685 3.781963
0.1000021 0.9820569 3.792011
0.09793474 1.283003 3.789476
0.09407098 1.417311 3.794811
-0.07439489 1.153664 3.783372
-0.1108361 0.9382536 3.782285
-0.09788694 0.7104049 3.732229
-0.08908536 0.6229078 3.705259
0.2677811 1.167006 3.772415
0.2981873 0.9378819 3.780044
0.2985428 0.7118339 3.721839
0.2844865 0.6350341 3.704947
0.02207986 0.6772535 3.747426
0.003276758 0.4151217 3.689494
0.0002160971 0.1477171 3.760978
-0.002076416 0.1060303 3.60494
0.1794066 0.6800023 3.741433
0.200931 0.4178063 3.695518
0.2075823 0.08901428 3.752088
0.2035681 0.06313895 3.60217
0.09846029 1.208511 3.79254
-0.09196428 0.5654415 3.694623
-0.06977843 0.5984405 3.659374
0.2836177 0.5577244 3.695602
0.3067642 0.6175944 3.692513
3
0.1018181 0.6754685 3.781963
0.1000021 0.9820569 3.792011
0.09793474 1.283003 3.789476
0.09407098 1.417311 3.794811
-0.07439489 1.153664 3.783372
-0.1108361 0.9382536 3.782285
-0.09788694 0.7104049 3.732229
-0.08908536 0.6229078 3.705259
0.2677811 1.167006 3.772415
0.2981873 0.9378819 3.780044
0.2985428 0.7118339 3.721839
0.2844865 0.6350341 3.704947
0.02207986 0.6772535 3.747426
0.003276758 0.4151217 3.689494
0.0002160971 0.1477171 3.760978
-0.002076416 0.1060303 3.60494
0.1794066 0.6800023 3.741433
0.200931 0.4178063 3.695518
0.2075823 0.08901428 3.752088
0.2035681 0.06313895 3.60217
0.09846029 1.208511 3.79254
-0.09196428 0.5654415 3.694623
-0.06977843 0.5984405 3.659374
0.2836177 0.5577244 3.695602
0.3067642 0.6175944 3.692513
4
0.1018101 0.675458 3.781963
0.1000003 0.9820471 3.792008
0.09794085 1.282987 3.789443
0.09408653 1.41724 3.794706
-0.07442333 1.153685 3.783275
-0.1115632 0.9394593 3.782251
-0.09793557 0.7115928 3.732289
-0.08924561 0.6240305 3.705507
0.2677577 1.16698 3.772447
0.2978558 0.9377822 3.779879
0.3005951 0.7113443 3.723071
0.2845645 0.6350393 3.704986
0.02207069 0.6772402 3.747405
0.003319252 0.4151785 3.689458
0.000341033 0.1510568 3.760217
-0.001947242 0.1084285 3.601001
0.1793956 0.6799838 3.741455
0.2008881 0.4180832 3.69544
0.2076117 0.08891653 3.752059
0.2036279 0.06305848 3.602203
0.09846482 1.208497 3.79252
-0.09242529 0.5659146 3.694836
-0.0708693 0.5908971 3.660506
0.2884587 0.5570841 3.70006
0.3070154 0.618627 3.69166
5
0.1018101 0.675458 3.781963
0.1000003 0.9820471 3.792008
0.09794085 1.282987 3.789443
0.09408653 1.41724 3.794706
-0.07442333 1.153685 3.783275
-0.1115632 0.9394593 3.782251
-0.09793557 0.7115928 3.732289
-0.08924561 0.6240305 3.705507
0.2677577 1.16698 3.772447
0.2978558 0.9377822 3.779879
0.3005951 0.7113443 3.723071
0.2845645 0.6350393 3.704986
0.02207069 0.6772402 3.747405
0.003319252 0.4151785 3.689458
0.000341033 0.1510568 3.760217
-0.001947242 0.1084285 3.601001
0.1793956 0.6799838 3.741455
0.2008881 0.4180832 3.69544
0.2076117 0.08891653 3.752059
0.2036279 0.06305848 3.602203
0.09846482 1.208497 3.79252
-0.09242529 0.5659146 3.694836
-0.0708693 0.5908971 3.660506
0.2884587 0.5570841 3.70006
0.3070154 0.618627 3.69166
6
0.1018026 0.6754478 3.781965
0.09999836 0.9820376 3.792006
0.097946 1.282971 3.789413
0.0940975 1.417177 3.794618
-0.07445663 1.153704 3.783182
-0.1087602 0.9360263 3.7804
-0.09752274 0.7089841 3.73166
-0.0894249 0.6234565 3.705655
0.2677396 1.166957 3.772479
0.297596 0.9377089 3.779764
0.3023257 0.7110037 3.724051
0.2846929 0.6349811 3.705112
0.02206242 0.6772273 3.747385
0.003354131 0.4152234 3.689432
0.0004188534 0.1514983 3.760189
-0.001673389 0.1086468 3.600387
0.1793851 0.6799664 3.741478
0.2008458 0.4184013 3.695364
0.2076338 0.08883221 3.752037
0.2036737 0.06298995 3.602233
0.09846872 1.208483 3.792501
-0.09177801 0.5619323 3.695668
-0.06958756 0.5909291 3.657674
0.2908517 0.5568498 3.702554
0.3062457 0.6025601 3.690657
7
0.1018026 0.6754478 3.781965
0.09999836 0.9820376 3.792006
0.097946 1.282971 3.789413
0.0940975 1.417177 3.794618
-0.07445663 1.153704 3.783182
-0.1087602 0.9360263 3.7804
-0.09752274 0.7089841 3.73166
-0.0894249 0.6234565 3.705655
0.2677396 1.166957 3.772479
0.297596 0.9377089 3.779764
0.3023257 0.7110037 3.724051
0.2846929 0.6349811 3.705112
0.02206242 0.6772273 3.747385
0.003354131 0.4152234 3.689432
0.0004188534 0.1514983 3.760189
-0.001673389 0.1086468 3.600387
0.1793851 0.6799664 3.741478
0.2008458 0.4184013 3.695364
0.2076338 0.08883221 3.752037
0.2036737 0.06298995 3.602233
0.09846872 1.208483 3.792501
-0.09177801 0.5619323 3.695668
-0.06958756 0.5909291 3.657674
0.2908517 0.5568498 3.702554
0.3062457 0.6025601 3.690657
8
0.1017948 0.6754379 3.781965
0.09999564 0.9820276 3.792003
0.09794918 1.282955 3.789383
0.09410544 1.417117 3.794525
-0.07448182 1.153732 3.783055
-0.1088028 0.936913 3.779893
-0.09753115 0.7098502 3.73152
-0.08951423 0.6237596 3.705719
0.2677245 1.166933 3.772512
0.2977284 0.937679 3.779623
0.303779 0.7107902 3.724777
0.2848713 0.6349355 3.705092
0.0220512 0.6772147 3.747358
0.003388438 0.4152659 3.689405
0.0005804751 0.1442589 3.761816
-0.0008798266 0.1020208 3.603678
0.179375 0.6799498 3.741499
0.2008097 0.4186926 3.695301
0.2067695 0.09370048 3.752518
0.2028975 0.06736787 3.603354
0.09847113 1.208469 3.792482
-0.09151441 0.560889 3.694453
-0.06997025 0.5827088 3.657321
0.2913845 0.5581947 3.703522
0.3061133 0.5998929 3.68994
9
0.1017948 0.6754379 3.781965
0.09999564 0.9820276 3.792003
0.09794918 1.282955 3.789383
0.09410544 1.417117 3.794525
-0.07448182 1.153732 3.783055
-0.1088028 0.936913 3.779893
-0.09753115 0.7098502 3.73152
-0.08951423 0.6237596 3.705719
0.2677245 1.166933 3.772512
0.2977284 0.937679 3.779623
0.303779 0.7107902 3.724777
0.2848713 0.6349355 3.705092
0.0220512 0.6772147 3.747358
0.003388438 0.4152659 3.689405
0.0005804751 0.1442589 3.761816
-0.0008798266 0.1020208 3.603678
0.179375 0.6799498 3.741499
0.2008097 0.4186926 3.695301
0.2067695 0.09370048 3.752518
0.2028975 0.06736787 3.603354
0.09847113 1.208469 3.792482
-0.09151441 0.560889 3.694453
-0.06997025 0.5827088 3.657321
0.2913845 0.5581947 3.703522
0.3061133 0.5998929 3.68994
10
0.101787 0.675428 3.781964
0.09999248 0.9820172 3.792001
0.09795059 1.282939 3.789359
0.09411343 1.417057 3.794446
-0.07450771 1.153755 3.782944
-0.1088156 0.9375423 3.779597
-0.09767772 0.7104539 3.731541
-0.08955915 0.6230057 3.705678
0.2677106 1.166911 3.772542
0.2977617 0.9376512 3.779531
0.3043743 0.7106682 3.725083
0.2850084 0.6312722 3.705089
0.02204016 0.677202 3.747332
0.003421557 0.4153062 3.68938
0.0001019532 0.07936467 3.778979
-0.006571387 0.05306192 3.680112
0.1793651 0.6799334 3.74152
0.2007692 0.4189658 3.695237
0.2066177 0.09487882 3.752646
0.202773 0.06843407 3.603753
0.09847227 1.208456 3.792466
-0.08727726 0.5533051 3.690315
-0.0681598 0.6000032 3.660203
0.2894722 0.5517488 3.702744
0.3056195 0.5963943 3.689921
11
0.101787 0.675428 3.781964
0.09999248 0.9820172 3.792001
0.09795059 1.282939 3.789359
0.09411343 1.417057 3.794446
-0.07450771 1.153755 3.782944
-0.1088156 0.9375423 3.779597
-0.09767772 0.7104539 3.731541
-0.08955915 0.6230057 3.705678
0.2677106 1.166911 3.772542
0.2977617 0.9376512 3.779531
0.3043743 0.7106682 3.725083
0.2850084 0.6312722 3.705089
0.02204016 0.677202 3.747332
0.003421557 0.4153062 3.68938
0.0001019532 0.07936467 3.778979
-0.006571387 0.05306192 3.680112
0.1793651 0.6799334 3.74152
0.2007692 0.4189658 3.695237
0.2066177 0.09487882 3.752646
0.202773 0.06843407 3.603753
0.09847227 1.208456 3.792466
-0.08727726 0.5533051 3.690315
-0.0681598 0.6000032 3.660203
0.2894722 0.5517488 3.702744
0.3056195 0.5963943 3.689921
12
0.1017795 0.675418 3.781964
0.09998928 0.9820069 3.791998
0.09795146 1.282925 3.789337
0.09411505 1.417014 3.794367
-0.07452831 1.153781 3.782836
-0.1088017 0.9380274 3.779385
-0.09778436 0.7109106 3.731534
-0.08953378 0.6222619 3.705404
0.2677 1.166893 3.772562
0.2978006 0.9376332 3.779461
0.3048677 0.7105764 3.725348
0.2852597 0.6298943 3.705336
0.02202916 0.6771891 3.747305
0.00345205 0.4153204 3.689366
0.0009141953 0.03812774 3.787111
-0.007661108 0.01835296 3.710579
0.1793558 0.6799173 3.74154
0.2007628 0.4191472 3.695199
0.2064988 0.09619109 3.752756
0.2026717 0.06963415 3.604125
0.09847303 1.208443 3.792451
-0.08452126 0.5483954 3.688034
-0.0673264 0.6071033 3.660635
0.2891329 0.5501904 3.702748
0.3057903 0.6027386 3.692482
13
0.1017795 0.675418 3.781964
0.09998928 0.9820069 3.791998
0.09795146 1.282925 3.789337
0.09411505 1.417014 3.794367
-0.07452831 1.153781 3.782836
-0.1088017 0.9380274 3.779385
-0.09778436 0.7109106 3.731534
-0.08953378 0.6222619 3.705404
0.2677 1.166893 3.772562
0.2978006 0.9376332 3.779461
0.3048677 0.7105764 3.725348
0.2852597 0.6298943 3.705336
0.02202916 0.6771891 3.747305
0.00345205 0.4153204 3.689366
0.0009141953 0.03812774 3.787111
-0.007661108 0.01835296 3.710579
0.1793558 0.6799173 3.74154
0.2007628 0.4191472 3.695199
0.2064988 0.09619109 3.752756
0.2026717 0.06963415 3.604125
0.09847303 1.208443 3.792451
-0.08452126 0.5483954 3.688034
-0.0673264 0.6071033 3.660635
0.2891329 0.5501904 3.702748
0.3057903 0.6027386 3.692482
14
0.101772 0.6754077 3.781963
0.09998597 0.9819948 3.791995
0.09795374 1.2829 3.789298
0.09411402 1.416979 3.794286
-0.07454373 1.1538 3.782722
-0.1088042 0.9382108 3.779216
-0.09788968 0.7110912 3.731539
-0.08962737 0.6215413 3.705253
0.2676904 1.166879 3.772582
0.2978021 0.9376191 3.779415
0.3052818 0.710499 3.725637
0.2854462 0.6293004 3.705497
0.02201851 0.6771758 3.74728
0.003481889 0.4153284 3.689354
0.0009621427 0.02500438 3.790097
-0.006802796 0.008614512 3.726401
0.1793468 0.6799012 3.74156
0.2007667 0.4192493 3.695185
0.2067009 0.09476782 3.752834
0.2028841 0.0683426 3.604488
0.09847467 1.208423 3.792426
-0.08263974 0.5451207 3.686334
-0.06687791 0.6116842 3.660863
0.2882908 0.5505556 3.701137
0.3058809 0.6026937 3.692668
15
0.101772 0.6754077 3.781963
0.09998597 0.9819948 3.791995
0.09795374 1.2829 3.789298
0.09411402 1.416979 3.794286
-0.07454373 1.1538 3.782722
-0.1088042 0.9382108 3.779216
-0.09788968 0.7110912 3.731539
-0.08962737 0.6215413 3.705253
0.2676904 1.166879 3.772582
0.2978021 0.9376191 3.779415
0.3052818 0.710499 3.725637
0.2854462 0.6293004 3.705497
0.02201851 0.6771758 3.74728
0.003481889 0.4153284 3.689354
0.0009621427 0.02500438 3.790097
-0.006802796 0.008614512 3.726401
0.1793468 0.6799012 3.74156
0.2007667 0.4192493 3.695185
0.2067009 0.09476782 3.752834
0.2028841 0.0683426 3.604488
0.09847467 1.208423 3.792426
-0.08263974 0.5451207 3.686334
-0.06687791 0.6116842 3.660863
0.2882908 0.5505556 3.701137
0.3058809 0.6026937 3.692668
16
0.1017651 0.6753978 3.781963
0.0999829 0.9819831 3.791991
0.09795599 1.282876 3.789258
0.09411345 1.416949 3.794191
-0.07455859 1.15382 3.782602
-0.1088072 0.9383772 3.779104
-0.09799064 0.7112581 3.73153
-0.0896948 0.6194901 3.7046
0.267681 1.166866 3.772602
0.3004935 0.9382493 3.78091
0.3057188 0.710777 3.72608
0.2856001 0.6288417 3.705525
0.0220089 0.6771626 3.747255
0.003518152 0.4152978 3.689359
0.0008247767 0.01485724 3.790861
-0.006910352 0.0008232109 3.735289
0.1793385 0.679886 3.74158
0.2007832 0.4193361 3.695173
0.2067104 0.09559211 3.753047
0.2029189 0.06904272 3.604921
0.09847636 1.208403 3.7924
-0.07739151 0.5374377 3.678568
-0.06599819 0.6176907 3.660105
0.287758 0.5512016 3.699059
0.3060711 0.6068001 3.691729
17
0.1017651 0.6753978 3.781963
0.0999829 0.9819831 3.791991
0.09795599 1.282876 3.789258
0.09411345 1.416949 3.794191
-0.07455859 1.15382 3.782602
-0.1088072 0.9383772 3.779104
-0.09799064 0.7112581 3.73153
-0.0896948 0.6194901 3.7046
0.267681 1.166866 3.772602
0.3004935 0.9382493 3.78091
0.3057188 0.710777 3.72608
0.2856001 0.6288417 3.705525
0.0220089 0.6771626 3.747255
0.003518152 0.4152978 3.689359
0.0008247767 0.01485724 3.790861
-0.006910352 0.0008232109 3.735289
0.1793385 0.679886 3.74158
0.2007832 0.4193361 3.695173
0.2067104 0.09559211 3.753047
0.2029189 0.06904272 3.604921
0.09847636 1.208403 3.7924
-0.07739151 0.5374377 3.678568
-0.06599819 0.6176907 3.660105
0.287758 0.5512016 3.699059
0.3060711 0.6068001 3.691729
18
0.1017613 0.6753863 3.781963
0.09998243 0.9819699 3.791984
0.09796353 1.282851 3.789203
0.09411468 1.416918 3.794086
-0.07456324 1.153825 3.782423
-0.1088155 0.938524 3.779025
-0.0980745 0.7113988 3.731519
-0.0897055 0.6172662 3.704097
0.2676699 1.166855 3.772618
0.3015276 0.9386986 3.782937
0.3066159 0.7122194 3.726763
0.2863756 0.6303958 3.705326
0.02200266 0.6771484 3.747232
0.003547011 0.4152745 3.689355
0.0008264949 0.01443179 3.790508
-0.003621245 0.0008887304 3.73672
0.1793369 0.6798696 3.741596
0.2008606 0.4194398 3.695151
0.2067434 0.09597369 3.75316
0.2029858 0.06936707 3.605181
0.09848268 1.208381 3.792363
-0.07441939 0.5330935 3.674327
-0.06534208 0.6190234 3.658422
0.2904572 0.55948 3.697664
0.3107459 0.6331398 3.692486
19
0.1017613 0.6753863 3.781963
0.09998243 0.9819699 3.791984
0.09796353 1.282851 3.789203
0.09411468 1.416918 3.794086
-0.07456324 1.153825 3.782423
-0.1088155 0.938524 3.779025
-0.0980745 0.7113988 3.731519
-0.0897055 0.6172662 3.704097
0.2676699 1.166855 3.772618
0.3015276 0.9386986 3.782937
0.3066159 0.7122194 3.726763
0.2863756 0.6303958 3.705326
0.02200266 0.6771484 3.747232
0.003547011 0.4152745 3.689355
0.0008264949 0.01443179 3.790508
-0.003621245 0.0008887304 3.73672
0.1793369 0.6798696 3.741596
0.2008606 0.4194398 3.695151
0.2067434 0.09597369 3.75316
0.2029858 0.06936707 3.605181
0.09848268 1.208381 3.792363
-0.07441939 0.5330935 3.674327
-0.06534208 0.6190234 3.658422
0.2904572 0.55948 3.697664
0.3107459 0.6331398 3.692486
20
0.1017558 0.675373 3.78196
0.09998114 0.9819504 3.791964
0.09798072 1.28281 3.789074
0.09411389 1.416891 3.793975
-0.07456733 1.153829 3.782242
-0.1088221 0.9386426 3.778977
-0.0981053 0.7115003 3.73153
-0.08992878 0.6175308 3.704114
0.2676517 1.166846 3.77264
0.3016084 0.9401469 3.79083
0.3075571 0.715058 3.725485
0.2901976 0.6378084 3.699861
0.02199207 0.6771325 3.747201
0.003570181 0.415262 3.689349
0.0007311082 0.02315205 3.788282
-0.0001450874 0.009257345 3.733187
0.1793346 0.6798517 3.74161
0.2009693 0.4195424 3.695122
0.2069259 0.09678053 3.753269
0.2032138 0.07007815 3.605429
0.09849489 1.208346 3.792273
-0.07874003 0.5390482 3.67525
-0.0653242 0.6340607 3.661548
0.3097557 0.5858462 3.687361
0.3207852 0.6415969 3.684502
21
0.1017558 0.675373 3.78196
0.09998114 0.9819504 3.791964
0.09798072 1.28281 3.789074
0.09411389 1.416891 3.793975
-0.07456733 1.153829 3.782242
-0.1088221 0.9386426 3.778977
-0.0981053 0.7115003 3.73153
-0.08992878 0.6175308 3.704114
0.2676517 1.166846 3.77264
0.3016084 0.9401469 3.79083
0.3075571 0.715058 3.725485
0.2901976 0.6378084 3.699861
0.02199207 0.6771325 3.747201
0.003570181 0.415262 3.689349
0.0007311082 0.02315205 3.788282
-0.0001450874 0.009257345 3.733187
0.1793346 0.6798517 3.74161
0.2009693 0.4195424 3.695122
0.2069259 0.09678053 3.753269
0.2032138 0.07007815 3.605429
0.09849489 1.208346 3.792273
-0.07874003 0.5390482 3.67525
-0.0653242 0.6340607 3.661548
0.3097557 0.5858462 3.687361
0.3207852 0.6415969 3.684502
22
0.1017427 0.6753533 3.781955
0.09997316 0.9819267 3.791938
0.0979868 1.282769 3.788937
0.09411224 1.416868 3.793869
-0.07457431 1.153826 3.782046
-0.1087927 0.9387245 3.779034
-0.09812295 0.711566 3.731552
-0.09014796 0.6192223 3.704793
0.2675498 1.166867 3.772713
0.3012553 0.9427502 3.802085
0.308337 0.7233742 3.719672
0.2973576 0.6779713 3.685113
0.0219711 0.6771128 3.747164
0.003576307 0.4152192 3.689365
0.0007860936 0.02471573 3.787425
0.0009737003 0.01003781 3.728978
0.1793258 0.6798264 3.741625
0.2011178 0.4195237 3.695134
0.2069495 0.09698457 3.753319
0.2032647 0.0702615 3.605554
0.09849739 1.20831 3.792175
-0.08438201 0.5507119 3.681859
-0.06862831 0.6001449 3.660206
0.3222467 0.6294041 3.672387
0.3333044 0.68327 3.662666
23
0.1017427 0.6753533 3.781955
0.09997316 0.9819267 3.791938
0.0979868 1.282769 3.788937
0.09411224 1.416868 3.793869
-0.07457431 1.153826 3.782046
-0.1087927 0.9387245 3.779034
-0.09812295 0.711566 3.731552
-0.09014796 0.6192223 3.704793
0.2675498 1.166867 3.772713
0.3012553 0.9427502 3.802085
0.308337 0.7233742 3.719672
0.2973576 0.6779713 3.685113
0.0219711 0.6771128 3.747164
0.003576307 0.4152192 3.689365
0.0007860936 0.02471573 3.787425
0.0009737003 0.01003781 3.728978
0.1793258 0.6798264 3.741625
0.2011178 0.4195237 3.695134
0.2069495 0.09698457 3.753319
0.2032647 0.0702615 3.605554
0.09849739 1.20831 3.792175
-0.08438201 0.5507119 3.681859
-0.06862831 0.6001449 3.660206
0.3222467 0.6294041 3.672387
0.3333044 0.68327 3.662666
24
0.1017196 0.6753371 3.781939
0.09994785 0.9819168 3.791851
0.09797957 1.282803 3.788549
0.09409252 1.416947 3.79362
-0.07459082 1.153838 3.781833
-0.1031537 0.933949 3.77817
-0.09795558 0.7089224 3.731357
-0.09050594 0.6218279 3.705816
0.2672466 1.167037 3.772891
0.3010185 0.9468102 3.815088
0.3107888 0.7702178 3.686182
0.2954259 0.7362581 3.668116
0.02192338 0.6771094 3.747085
0.003572433 0.4151652 3.689393
0.0009026379 0.02596369 3.78646
0.001174771 0.01030159 3.723669
0.179313 0.6798037 3.741636
0.2013766 0.4194942 3.695088
0.2069675 0.09686831 3.753237
0.2033539 0.07018441 3.605537
0.09848388 1.208326 3.791888
-0.08969383 0.5582403 3.686808
-0.06813553 0.6071869 3.660586
0.2942993 0.6826735 3.659242
0.3431867 0.7363279 3.634423
25
0.1017196 0.6753371 3.781939
0.09994785 0.9819168 3.791851
0.09797957 1.282803 3.788549
0.09409252 1.416947 3.79362
-0.07459082 1.153838 3.781833
-0.1031537 0.933949 3.77817
-0.09795558 0.7089224 3.731357
-0.09050594 0.6218279 3.705816
0.2672466 1.167037 3.772891
0.3010185 0.9468102 3.815088
0.3107888 0.7702178 3.686182
0.2954259 0.7362581 3.668116
0.02192338 0.6771094 3.747085
0.003572433 0.4151652 3.689393
0.0009026379 0.02596369 3.78646
0.001174771 0.01030159 3.723669
0.179313 0.6798037 3.741636
0.2013766 0.4194942 3.695088
0.2069675 0.09686831 3.753237
0.2033539 0.07018441 3.605537
0.09848388 1.208326 3.791888
-0.08969383 0.5582403 3.686808
-0.06813553 0.6071869 3.660586
0.2942993 0.6826735 3.659242
0.3431867 0.7363279 3.634423
26
0.1016428 0.675325 3.781905
0.09988594 0.9819203 3.791711
0.09794333 1.282871 3.788047
0.09409147 1.417035 3.793335
-0.07460273 1.153856 3.781612
-0.1021414 0.9330915 3.779391
-0.09791682 0.7084624 3.731412
-0.0906254 0.6225657 3.706576
0.2665234 1.16759 3.773298
0.3020169 0.9530087 3.829774
0.3169272 0.8457773 3.663265
0.3054278 0.8339752 3.645707
0.02180827 0.6771297 3.746976
0.003548397 0.4150931 3.689462
0.001025749 0.02896481 3.785614
0.0008715988 0.01273657 3.72044
0.179262 0.6797774 3.741639
0.2020314 0.4197089 3.694653
0.2071153 0.09540911 3.752679
0.203702 0.06893683 3.605029
0.09843849 1.208371 3.791502
-0.09173098 0.5609202 3.69155
-0.06818105 0.6077266 3.661611
0.2985582 0.7929942 3.602585
0.345527 0.8219865 3.615412
27
0.1016428 0.675325 3.781905
0.09988594 0.9819203 3.791711
0.09794333 1.282871 3.788047
0.09409147 1.417035 3.793335
-0.07460273 1.153856 3.781612
-0.1021414 0.9330915 3.779391
-0.09791682 0.7084624 3.731412
-0.0906254 0.6225657 3.706576
0.2665234 1.16759 3.773298
0.3020169 0.9530087 3.829774
0.3169272 0.8457773 3.663265
0.3054278 0.8339752 3.645707
0.02180827 0.6771297 3.746976
0.003548397 0.4150931 3.689462
0.001025749 0.02896481 3.785614
0.0008715988 0.01273657 3.72044
0.179262 0.6797774 3.741639
0.2020314 0.4197089 3.694653
0.2071153 0.09540911 3.752679
0.203702 0.06893683 3.605029
0.09843849 1.208371 3.791502
-0.09173098 0.5609202 3.69155
-0.06818105 0.6077266 3.661611
0.2985582 0.7929942 3.602585
0.345527 0.8219865 3.615412
28
0.1014733 0.6753411 3.781837
0.09976413 0.9819731 3.791464
0.09788281 1.283063 3.787252
0.0942389 1.417204 3.792712
-0.07456256 1.15393 3.781217
-0.1014559 0.9325339 3.780573
-0.09782407 0.7080107 3.73178
-0.09070599 0.6226128 3.707118
0.2653861 1.168649 3.773992
0.3008815 0.9856647 3.837876
0.3244013 0.9378173 3.648491
0.3194817 0.9452839 3.638723
0.02160738 0.6771903 3.746848
0.00346046 0.414972 3.689641
0.001514422 0.04129406 3.786065
0.0002534718 0.02370668 3.717882
0.1791187 0.6797708 3.741602
0.2026249 0.4196902 3.694199
0.2073435 0.08987405 3.751477
0.2044679 0.06419303 3.603841
0.09835498 1.208517 3.790879
-0.09453373 0.5619299 3.698783
-0.06778575 0.6119177 3.662306
0.3295082 0.9315952 3.603147
0.354672 0.9495981 3.617653
29
0.1014733 0.6753411 3.781837
0.09976413 0.9819731 3.791464
0.09788281 1.283063 3.787252
0.0942389 1.417204 3.792712
-0.07456256 1.15393 3.781217
-0.1014559 0.9325339 3.780573
-0.09782407 0.7080107 3.73178
-0.09070599 0.6226128 3.707118
0.2653861 1.168649 3.773992
0.3008815 0.9856647 3.837876
0.3244013 0.9378173 3.648491
0.3194817 0.9452839 3.638723
0.02160738 0.6771903 3.746848
0.00346046 0.414972 3.689641
0.001514422 0.04129406 3.786065
0.0002534718 0.02370668 3.717882
0.1791187 0.6797708 3.741602
0.2026249 0.4196902 3.694199
0.2073435 0.08987405 3.751477
0.2044679 0.06419303 3.603841
0.09835498 1.208517 3.790879
-0.09453373 0.5619299 3.698783
-0.06778575 0.6119177 3.662306
0.3295082 0.9315952 3.603147
0.354672 0.9495981 3.617653
30
0.1011209 0.675419 3.781733
0.09951347 0.9821069 3.790987
0.09773925 1.283453 3.785491
0.09447762 1.417549 3.791564
-0.07433695 1.1541 3.780503
-0.1002803 0.9312974 3.781709
-0.09681066 0.7066616 3.731965
-0.09027217 0.6209728 3.707493
0.2630602 1.17174 3.775139
0.3031078 0.993655 3.840046
0.342286 1.026652 3.632565
0.3334498 1.064645 3.634377
0.02125479 0.6773219 3.746727
0.002967995 0.4144355 3.690618
0.002121142 0.04724001 3.786687
-0.0004680085 0.0289246 3.716659
0.1787485 0.6798229 3.741481
0.2030915 0.4197996 3.693518
0.207012 0.0891358 3.750871
0.2045044 0.06352141 3.603363
0.0981602 1.208826 3.789551
-0.0817685 0.5418468 3.674678
-0.06504413 0.6109646 3.660406
0.3416627 1.067686 3.610452
0.3411399 1.074613 3.610516
31
0.1011209 0.675419 3.781733
0.09951347 0.9821069 3.790987
0.09773925 1.283453 3.785491
0.09447762 1.417549 3.791564
-0.07433695 1.1541 3.780503
-0.1002803 0.9312974 3.781709
-0.09681066 0.7066616 3.731965
-0.09027217 0.6209728 3.707493
0.2630602 1.17174 3.775139
0.3031078 0.993655 3.840046
0.342286 1.026652 3.632565
0.3334498 1.064645 3.634377
0.02125479 0.6773219 3.746727
0.002967995 0.4144355 3.690618
0.002121142 0.04724001 3.786687
-0.0004680085 0.0289246 3.716659
0.1787485 0.6798229 3.741481
0.2030915 0.4197996 3.693518
0.207012 0.0891358 3.750871
0.2045044 0.06352141 3.603363
0.0981602 1.208826 3.789551
-0.0817685 0.5418468 3.674678
-0.06504413 0.6109646 3.660406
0.3416627 1.067686 3.610452
0.3411399 1.074613 3.610516
32
0.100323 0.6757099 3.781574
0.09919355 0.9823179 3.790383
0.0977337 1.283889 3.783503
0.09464325 1.418189 3.789995
-0.07386333 1.15466 3.77948
-0.09930658 0.9306735 3.782532
-0.09631535 0.7054378 3.733707
-0.09026971 0.6194507 3.708753
0.2607218 1.175426 3.776135
0.31281 1.003017 3.838968
0.336396 1.142042 3.651239
0.3361254 1.157111 3.648413
0.0205155 0.6776586 3.746674
0.002332617 0.413871 3.69209
0.002406715 0.05111917 3.787325
-0.00105827 0.03242163 3.716109
0.1778197 0.6801288 3.741146
0.2033659 0.4198454 3.692578
0.2057638 0.09202716 3.749251
0.2040134 0.0665299 3.601838
0.0980278 1.209195 3.788025
-0.08239852 0.5404906 3.67951
-0.06459013 0.6122522 3.661097
0.3449409 1.165068 3.630579
0.3285721 1.180617 3.631098
33
0.100323 0.6757099 3.781574
0.09919355 0.9823179 3.790383
0.0977337 1.283889 3.783503
0.09464325 1.418189 3.789995
-0.07386333 1.15466 3.77948
-0.09930658 0.9306735 3.782532
-0.09631535 0.7054378 3.733707
-0.09026971 0.6194507 3.708753
0.2607218 1.175426 3.776135
0.31281 1.003017 3.838968
0.336396 1.142042 3.651239
0.3361254 1.157111 3.648413
0.0205155 0.6776586 3.746674
0.002332617 0.413871 3.69209
0.002406715 0.05111917 3.787325
-0.00105827 0.03242163 3.716109
0.1778197 0.6801288 3.741146
0.2033659 0.4198454 3.692578
0.2057638 0.09202716 3.749251
0.2040134 0.0665299 3.601838
0.0980278 1.209195 3.788025
-0.08239852 0.5404906 3.67951
-0.06459013 0.6122522 3.661097
0.3449409 1.165068 3.630579
0.3285721 1.180617 3.631098
34
0.09884012 0.6763244 3.781423
0.09878834 0.98261 3.789714
0.09777512 1.284309 3.781693
0.0947301 1.419212 3.787863
-0.07324086 1.15537 3.778435
-0.09781878 0.9303278 3.783904
-0.09528317 0.7047043 3.735147
-0.08962522 0.6172253 3.709735
0.2588355 1.178589 3.776874
0.3310553 1.011308 3.831403
0.3278888 1.173895 3.673044
0.3287267 1.210711 3.654179
0.01912925 0.6783183 3.746709
0.0013573 0.4129351 3.694707
0.002249687 0.08635423 3.777204
0.001041327 0.05591241 3.656707
0.1762503 0.6807342 3.740763
0.2029954 0.4211916 3.68902
0.2050603 0.09415856 3.748169
0.2037532 0.06752232 3.600942
0.09792229 1.209572 3.786586
-0.08086731 0.5279027 3.671964
-0.06351573 0.6128411 3.661038
0.3313892 1.232466 3.627356
0.2974233 1.207712 3.640223
35
0.09884012 0.6763244 3.781423
0.09878834 0.98261 3.789714
0.09777512 1.284309 3.781693
0.0947301 1.419212 3.787863
-0.07324086 1.15537 3.778435
-0.09781878 0.9303278 3.783904
-0.09528317 0.7047043 3.735147
-0.08962522 0.6172253 3.709735
0.2588355 1.178589 3.776874
0.3310553 1.011308 3.831403
0.3278888 1.173895 3.673044
0.3287267 1.210711 3.654179
0.01912925 0.6783183 3.746709
0.0013573 0.4129351 3.694707
0.002249687 0.08635423 3.777204
0.001041327 0.05591241 3.656707
0.1762503 0.6807342 3.740763
0.2029954 0.4211916 3.68902
0.2050603 0.09415856 3.748169
0.2037532 0.06752232 3.600942
0.09792229 1.209572 3.786586
-0.08086731 0.5279027 3.671964
-0.06351573 0.6128411 3.661038
0.3313892 1.232466 3.627356
0.2974233 1.207712 3.640223
36
0.09715092 0.6770525 3.781354
0.09833542 0.98295 3.789112
0.09780999 1.284682 3.780289
0.09454658 1.420259 3.785478
-0.07259594 1.156142 3.777544
-0.09635325 0.930423 3.786048
-0.09566845 0.7039456 3.742194
-0.09025115 0.6160051 3.714196
0.2573117 1.181203 3.777356
0.3636232 1.022352 3.791875
0.3228927 1.236614 3.63844
0.332286 1.239097 3.643072
0.01751929 0.6791032 3.746803
0.0002198183 0.4118978 3.698147
0.001914254 0.1039591 3.77158
0.002246717 0.0677366 3.619674
0.1745339 0.6814228 3.740507
0.2020872 0.4235739 3.684615
0.2045922 0.09610111 3.747283
0.2035501 0.06796162 3.600281
0.09782349 1.209923 3.785427
-0.09355127 0.5442204 3.705442
-0.06533823 0.6170568 3.670497
0.3263038 1.265732 3.610458
0.2941988 1.241777 3.626639
37
0.09715092 0.6770525 3.781354
0.09833542 0.98295 3.789112
0.09780999 1.284682 3.780289
0.09454658 1.420259 3.785478
-0.07259594 1.156142 3.777544
-0.09635325 0.930423 3.786048
-0.09566845 0.7039456 3.742194
-0.09025115 0.6160051 3.714196
0.2573117 1.181203 3.777356
0.3636232 1.022352 3.791875
0.3228927 1.236614 3.63844
0.332286 1.239097 3.643072
0.01751929 0.6791032 3.746803
0.0002198183 0.4118978 3.698147
0.001914254 0.1039591 3.77158
0.002246717 0.0677366 3.619674
0.1745339 0.6814228 3.740507
0.2020872 0.4235739 3.684615
0.2045922 0.09610111 3.747283
0.2035501 0.06796162 3.600281
0.09782349 1.209923 3.785427
-0.09355127 0.5442204 3.705442
-0.06533823 0.6170568 3.670497
0.3263038 1.265732 3.610458
0.2941988 1.241777 3.626639
38
0.09547836 0.6777874 3.781417
0.09785854 0.9833186 3.788591
0.09783126 1.285014 3.779186
0.09435549 1.421124 3.783509
-0.07198963 1.156877 3.776894
-0.09481651 0.9309824 3.789312
-0.0961364 0.7179488 3.760215
-0.09026373 0.632356 3.728706
0.2562175 1.183046 3.777637
0.4011565 1.023555 3.741852
0.3493473 1.207462 3.627957
0.3315596 1.266156 3.608728
0.01594038 0.6798865 3.746937
-0.000770562 0.4111765 3.701218
0.00198617 0.1174388 3.768846
0.00350405 0.07989676 3.605722
0.1728148 0.6821185 3.740531
0.2013007 0.4255264 3.681057
0.2042086 0.09819053 3.746451
0.2033452 0.06885041 3.599624
0.09772554 1.210251 3.78449
-0.100796 0.5766208 3.725633
-0.07225814 0.6173579 3.687671
0.3120857 1.304173 3.562514
0.2903144 1.275587 3.56758
39
0.09547836 0.6777874 3.781417
0.09785854 0.9833186 3.788591
0.09783126 1.285014 3.779186
0.09435549 1.421124 3.783509
-0.07198963 1.156877 3.776894
-0.09481651 0.9309824 3.789312
-0.0961364 0.7179488 3.760215
-0.09026373 0.632356 3.728706
0.2562175 1.183046 3.777637
0.4011565 1.023555 3.741852
0.3493473 1.207462 3.627957
0.3315596 1.266156 3.608728
0.01594038 0.6798865 3.746937
-0.000770562 0.4111765 3.701218
0.00198617 0.1174388 3.768846
0.00350405 0.07989676 3.605722
0.1728148 0.6821185 3.740531
0.2013007 0.4255264 3.681057
0.2042086 0.09819053 3.746451
0.2033452 0.06885041 3.599624
0.09772554 1.210251 3.78449
-0.100796 0.5766208 3.725633
-0.07225814 0.6173579 3.687671
0.3120857 1.304173 3.562514
0.2903144 1.275587 3.56758
40
0.09401958 0.678575 3.781636
0.09742825 0.9837047 3.788201
0.09786003 1.285292 3.778387
0.09418428 1.421732 3.78203
-0.07119985 1.158029 3.776784
-0.09343357 0.9324096 3.793555
-0.09636959 0.7245395 3.768625
-0.09005228 0.6440099 3.739068
0.2555555 1.184616 3.777511
0.4284044 1.047913 3.678259
0.3432865 1.266249 3.586026
0.3215317 1.309939 3.554534
0.01457599 0.6806757 3.747168
-0.001646566 0.4107332 3.704155
0.002140257 0.1247553 3.767905
0.003793928 0.08706322 3.598724
0.1713094 0.6829033 3.740772
0.2005815 0.4270411 3.678416
0.20402 0.09952027 3.745942
0.2031339 0.06926668 3.599249
0.09765532 1.210541 3.783795
-0.1027261 0.5894462 3.734426
-0.07026085 0.638837 3.703827
0.2913795 1.345344 3.498029
0.2859891 1.313591 3.537365
41
0.09401958 0.678575 3.781636
0.09742825 0.9837047 3.788201
0.09786003 1.285292 3.778387
0.09418428 1.421732 3.78203
-0.07119985 1.158029 3.776784
-0.09343357 0.9324096 3.793555
-0.09636959 0.7245395 3.768625
-0.09005228 0.6440099 3.739068
0.2555555 1.184616 3.777511
0.4284044 1.047913 3.678259
0.3432865 1.266249 3.586026
0.3215317 1.309939 3.554534
0.01457599 0.6806757 3.747168
-0.001646566 0.4107332 3.704155
0.002140257 0.1247553 3.767905
0.003793928 0.08706322 3.598724
0.1713094 0.6829033 3.740772
0.2005815 0.4270411 3.678416
0.20402 0.09952027 3.745942
0.2031339 0.06926668 3.599249
0.09765532 1.210541 3.783795
-0.1027261 0.5894462 3.734426
-0.07026085 0.638837 3.703827
0.2913795 1.345344 3.498029
0.2859891 1.313591 3.537365
42
0.09286301 0.6793005 3.781977
0.09705117 0.9841009 3.787947
0.09788338 1.285541 3.777837
0.09409109 1.422123 3.781078
-0.07030721 1.159115 3.77722
-0.09125245 0.9348877 3.802779
-0.09667601 0.7249314 3.773901
-0.09027732 0.647364 3.743939
0.255097 1.187032 3.773809
0.4169639 1.10866 3.620475
0.3398236 1.280275 3.521717
0.3018363 1.345534 3.472718
0.01348105 0.681411 3.747597
-0.002298269 0.4105349 3.706467
0.002833691 0.133422 3.767858
0.002347039 0.09594408 3.598726
0.1701263 0.6836165 3.741081
0.1998158 0.4284049 3.676437
0.2039575 0.1003685 3.745598
0.2026315 0.06944705 3.599013
0.09760091 1.210809 3.783309
-0.104145 0.5932854 3.739568
-0.07033414 0.646494 3.71041
0.2667991 1.388158 3.404238
0.2701265 1.341026 3.470021
43
0.09286301 0.6793005 3.781977
0.09705117 0.9841009 3.787947
0.09788338 1.285541 3.777837
0.09409109 1.422123 3.781078
-0.07030721 1.159115 3.77722
-0.09125245 0.9348877 3.802779
-0.09667601 0.7249314 3.773901
-0.09027732 0.647364 3.743939
0.255097 1.187032 3.773809
0.4169639 1.10866 3.620475
0.3398236 1.280275 3.521717
0.3018363 1.345534 3.472718
0.01348105 0.681411 3.747597
-0.002298269 0.4105349 3.706467
0.002833691 0.133422 3.767858
0.002347039 0.09594408 3.598726
0.1701263 0.6836165 3.741081
0.1998158 0.4284049 3.676437
0.2039575 0.1003685 3.745598
0.2026315 0.06944705 3.599013
0.09760091 1.210809 3.783309
-0.104145 0.5932854 3.739568
-0.07033414 0.646494 3.71041
0.2667991 1.388158 3.404238
0.2701265 1.341026 3.470021
44
0.09209774 0.6800022 3.782425
0.09679464 0.9845223 3.787848
0.09795144 1.285789 3.777502
0.09405598 1.422362 3.780538
-0.06937575 1.160161 3.779238
-0.09019379 0.9359299 3.808984
-0.09605719 0.7237524 3.775158
-0.09026811 0.650158 3.747387
0.2539553 1.18945 3.765904
0.3865093 1.19286 3.550873
0.3212003 1.315923 3.432849
0.277774 1.385556 3.364134
0.01283724 0.6821897 3.748517
-0.002637935 0.4107925 3.708327
0.003379263 0.138203 3.768209
-0.001141145 0.1017454 3.602704
0.1693112 0.6843076 3.741359
0.1992109 0.4299354 3.675214
0.2039573 0.1007217 3.745404
0.2008869 0.06946499 3.599006
0.09760676 1.211082 3.783016
-0.1041022 0.5961981 3.741885
-0.06616151 0.6601427 3.710393
0.2433199 1.419307 3.289503
0.2419234 1.386627 3.319381
45
0.09209774 0.6800022 3.782425
0.09679464 0.9845223 3.787848
0.09795144 1.285789 3.777502
0.09405598 1.422362 3.780538
-0.06937575 1.160161 3.779238
-0.09019379 0.9359299 3.808984
-0.09605719 0.7237524 3.775158
-0.09026811 0.650158 3.747387
0.2539553 1.18945 3.765904
0.3865093 1.19286 3.550873
0.3212003 1.315923 3.432849
0.277774 1.385556 3.364134
0.01283724 0.6821897 3.748517
-0.002637935 0.4107925 3.708327
0.003379263 0.138203 3.768209
-0.001141145 0.1017454 3.602704
0.1693112 0.6843076 3.741359
0.1992109 0.4299354 3.675214
0.2039573 0.1007217 3.745404
0.2008869 0.06946499 3.599006
0.09760676 1.211082 3.783016
-0.1041022 0.5961981 3.741885
-0.06616151 0.6601427 3.710393
0.2433199 1.419307 3.289503
0.2419234 1.386627 3.319381
46
0.09176155 0.6807896 3.783128
0.09679417 0.9851189 3.788081
0.09843046 1.286277 3.777726
0.09413224 1.422472 3.780235
-0.06836047 1.160953 3.78267
-0.0898876 0.9364367 3.814198
-0.09677868 0.7212569 3.777774
-0.09061557 0.6519178 3.750027
0.2528911 1.193921 3.751455
0.3345295 1.27328 3.483412
0.3010297 1.356047 3.338962
0.2570353 1.424392 3.217201
0.01298076 0.6831626 3.750436
-0.002853757 0.4111947 3.709752
0.003888574 0.1401177 3.768861
-0.006374329 0.1049874 3.608922
0.1688151 0.6850075 3.741645
0.1988715 0.4313783 3.674814
0.2040659 0.1009693 3.745324
0.1974223 0.06974727 3.599509
0.09795652 1.211582 3.783178
-0.1043022 0.5969805 3.74486
-0.06569762 0.6641644 3.712616
0.2386174 1.441142 3.16672
0.222435 1.427434 3.186045
47
0.09176155 0.6807896 3.783128
0.09679417 0.9851189 3.788081
0.09843046 1.286277 3.777726
0.09413224 1.422472 3.780235
-0.06836047 1.160953 3.78267
-0.0898876 0.9364367 3.814198
-0.09677868 0.7212569 3.777774
-0.09061557 0.6519178 3.750027
0.2528911 1.193921 3.751455
0.3345295 1.27328 3.483412
0.3010297 1.356047 3.338962
0.2570353 1.424392 3.217201
0.01298076 0.6831626 3.750436
-0.002853757 0.4111947 3.709752
0.003888574 0.1401177 3.768861
-0.006374329 0.1049874 3.608922
0.1688151 0.6850075 3.741645
0.1988715 0.4313783 3.674814
0.2040659 0.1009693 3.745324
0.1974223 0.06974727 3.599509
0.09795652 1.211582 3.783178
-0.1043022 0.5969805 3.74486
-0.06569762 0.6641644 3.712616
0.2386174 1.441142 3.16672
0.222435 1.427434 3.186045
48
0.09166027 0.6815173 3.783899
0.09695181 0.9857551 3.788498
0.09915619 1.286836 3.778306
0.09451969 1.422479 3.780253
-0.06712115 1.162083 3.787817
-0.09018017 0.9370267 3.818479
-0.09734879 0.7195001 3.779428
-0.09090931 0.6531262 3.751941
0.2520133 1.196115 3.743333
0.3004234 1.29881 3.54399
0.2809601 1.3595 3.312215
0.2581177 1.412524 3.124628
0.01353447 0.6841133 3.752827
-0.002934867 0.4116154 3.710829
0.004228221 0.1353427 3.770044
-0.0117181 0.101496 3.614059
0.168501 0.6856034 3.741881
0.1989262 0.4312208 3.677521
0.2047357 0.09752871 3.746034
0.1935683 0.06746283 3.600545
0.09852472 1.212156 3.783637
-0.1042337 0.5964455 3.746666
-0.06535938 0.6671838 3.714341
0.246951 1.421304 3.08945
0.222646 1.40567 3.11806
49
0.09166027 0.6815173 3.783899
0.09695181 0.9857551 3.788498
0.09915619 1.286836 3.778306
0.09451969 1.422479 3.780253
-0.06712115 1.162083 3.787817
-0.09018017 0.9370267 3.818479
-0.09734879 0.7195001 3.779428
-0.09090931 0.6531262 3.751941
0.2520133 1.196115 3.743333
0.3004234 1.29881 3.54399
0.2809601 1.3595 3.312215
0.2581177 1.412524 3.124628
0.01353447 0.6841133 3.752827
-0.002934867 0.4116154 3.710829
0.004228221 0.1353427 3.770044
-0.0117181 0.101496 3.614059
0.168501 0.6856034 3.741881
0.1989262 0.4312208 3.677521
0.2047357 0.09752871 3.746034
0.1935683 0.06746283 3.600545
0.09852472 1.212156 3.783637
-0.1042337 0.5964455 3.746666
-0.06535938 0.6671838 3.714341
0.246951 1.421304 3.08945
0.222646 1.40567 3.11806
50
0.09176975 0.6822454 3.78478
0.09725317 0.9864334 3.789063
0.1000283 1.287419 3.77906
0.09549681 1.422239 3.781181
-0.06572954 1.163161 3.793489
-0.0903511 0.9374382 3.821559
-0.09782556 0.7179652 3.78044
-0.09100443 0.6541108 3.753304
0.249499 1.198292 3.735079
0.2827187 1.337406 3.515785
0.2740639 1.376055 3.276337
0.2674235 1.385551 3.102127
0.01462141 0.685225 3.756034
-0.002881194 0.4120435 3.711621
0.004498168 0.1310196 3.771009
-0.0167925 0.09824605 3.61857
0.1683076 0.6861289 3.742073
0.200052 0.4320633 3.681405
0.2061724 0.09859778 3.747492
0.1898754 0.06964532 3.602911
0.09924408 1.212765 3.784266
-0.1034399 0.5947376 3.747288
-0.06497062 0.6696353 3.715453
0.2654998 1.383788 3.075566
0.2462516 1.36533 3.085891
51
0.09176975 0.6822454 3.78478
0.09725317 0.9864334 3.789063
0.1000283 1.287419 3.77906
0.09549681 1.422239 3.781181
-0.06572954 1.163161 3.793489
-0.0903511 0.9374382 3.821559
-0.09782556 0.7179652 3.78044
-0.09100443 0.6541108 3.753304
0.249499 1.198292 3.735079
0.2827187 1.337406 3.515785
0.2740639 1.376055 3.276337
0.2674235 1.385551 3.102127
0.01462141 0.685225 3.756034
-0.002881194 0.4120435 3.711621
0.004498168 0.1310196 3.771009
-0.0167925 0.09824605 3.61857
0.1683076 0.6861289 3.742073
0.200052 0.4320633 3.681405
0.2061724 0.09859778 3.747492
0.1898754 0.06964532 3.602911
0.09924408 1.212765 3.784266
-0.1034399 0.5947376 3.747288
-0.06497062 0.6696353 3.715453
0.2654998 1.383788 3.075566
0.2462516 1.36533 3.085891
52
0.09207503 0.6829862 3.785683
0.09760122 0.9870949 3.789639
0.1008073 1.287942 3.779766
0.09650397 1.422021 3.782168
-0.06431949 1.164328 3.799154
-0.09040952 0.9378485 3.824057
-0.09810233 0.7169223 3.781045
-0.09107341 0.6547432 3.754348
0.2456026 1.201267 3.72736
0.268468 1.356113 3.505501
0.2641545 1.385324 3.255578
0.2670542 1.37615 3.091837
0.01595116 0.6862632 3.759227
-0.002611133 0.4124907 3.712163
0.004716513 0.12718 3.771749
-0.02124922 0.09530339 3.622309
0.1682632 0.6867318 3.74216
0.201332 0.4327721 3.685057
0.207597 0.09976336 3.748808
0.1862719 0.0718689 3.605194
0.09991235 1.213326 3.784874
-0.1002768 0.5920984 3.745611
-0.06739579 0.6374695 3.71154
0.2688878 1.369408 3.063768
0.2391923 1.361852 3.077529
53
0.09207503 0.6829862 3.785683
0.09760122 0.9870949 3.789639
0.1008073 1.287942 3.779766
0.09650397 1.422021 3.782168
-0.06431949 1.164328 3.799154
-0.09040952 0.9378485 3.824057
-0.09810233 0.7169223 3.781045
-0.09107341 0.6547432 3.754348
0.2456026 1.201267 3.72736
0.268468 1.356113 3.505501
0.2641545 1.385324 3.255578
0.2670542 1.37615 3.091837
0.01595116 0.6862632 3.759227
-0.002611133 0.4124907 3.712163
0.004716513 0.12718 3.771749
-0.02124922 0.09530339 3.622309
0.1682632 0.6867318 3.74216
0.201332 0.4327721 3.685057
0.207597 0.09976336 3.748808
0.1862719 0.0718689 3.605194
0.09991235 1.213326 3.784874
-0.1002768 0.5920984 3.745611
-0.06739579 0.6374695 3.71154
0.2688878 1.369408 3.063768
0.2391923 1.361852 3.077529
54
0.09252575 0.6836184 3.786638
0.09796315 0.9877082 3.790209
0.1014859 1.288477 3.780402
0.09743226 1.421834 3.783199
-0.06325224 1.165045 3.803875
-0.08808542 0.9379593 3.827399
-0.09809091 0.715989 3.781333
-0.09066085 0.6552079 3.755164
0.2434244 1.20268 3.723141
0.2607163 1.364458 3.501501
0.2584345 1.390731 3.242967
0.2656811 1.371786 3.094391
0.01730145 0.6870377 3.762446
-0.001995934 0.4131634 3.712517
0.004866658 0.1245603 3.772198
-0.02413751 0.0933928 3.624813
0.1683137 0.6872392 3.742201
0.2028732 0.4334664 3.688693
0.2093347 0.09898807 3.749888
0.1846451 0.07225709 3.606388
0.1005189 1.213878 3.785447
-0.09885965 0.5901722 3.744603
-0.06564798 0.6362892 3.711033
0.2580433 1.383449 3.059227
0.2323263 1.36135 3.081316
55
0.09252575 0.6836184 3.786638
0.09796315 0.9877082 3.790209
0.1014859 1.288477 3.780402
0.09743226 1.421834 3.783199
-0.06325224 1.165045 3.803875
-0.08808542 0.9379593 3.827399
-0.09809091 0.715989 3.781333
-0.09066085 0.6552079 3.755164
0.2434244 1.20268 3.723141
0.2607163 1.364458 3.501501
0.2584345 1.390731 3.242967
0.2656811 1.371786 3.094391
0.01730145 0.6870377 3.762446
-0.001995934 0.4131634 3.712517
0.004866658 0.1245603 3.772198
-0.02413751 0.0933928 3.624813
0.1683137 0.6872392 3.742201
0.2028732 0.4334664 3.688693
0.2093347 0.09898807 3.749888
0.1846451 0.07225709 3.606388
0.1005189 1.213878 3.785447
-0.09885965 0.5901722 3.744603
-0.06564798 0.6362892 3.711033
0.2580433 1.383449 3.059227
0.2323263 1.36135 3.081316
56
0.09303846 0.6841367 3.787482
0.0982907 0.9882227 3.790708
0.1019831 1.288882 3.780893
0.09822732 1.421679 3.784136
-0.06281389 1.165407 3.808969
-0.08615842 0.9377403 3.830195
-0.0972157 0.7155219 3.781157
-0.08991641 0.655271 3.755254
0.2419243 1.203554 3.720375
0.2572788 1.361712 3.500377
0.2618225 1.373479 3.245014
0.2673407 1.368248 3.091676
0.01851425 0.6875492 3.765082
-0.001194409 0.4138374 3.712711
0.004967838 0.1227659 3.772486
-0.02624988 0.09214918 3.626618
0.1685045 0.6877306 3.742091
0.2045137 0.434187 3.691704
0.2109239 0.09739838 3.750508
0.1832406 0.07186344 3.607279
0.1009965 1.214316 3.785914
-0.09643467 0.588088 3.741814
-0.06476466 0.6353949 3.709908
0.2597557 1.37836 3.060014
0.2301329 1.360815 3.08225
57
0.09303846 0.6841367 3.787482
0.0982907 0.9882227 3.790708
0.1019831 1.288882 3.780893
0.09822732 1.421679 3.784136
-0.06281389 1.165407 3.808969
-0.08615842 0.9377403 3.830195
-0.0972157 0.7155219 3.781157
-0.08991641 0.655271 3.755254
0.2419243 1.203554 3.720375
0.2572788 1.361712 3.500377
0.2618225 1.373479 3.245014
0.2673407 1.368248 3.091676
0.01851425 0.6875492 3.765082
-0.001194409 0.4138374 3.712711
0.004967838 0.1227659 3.772486
-0.02624988 0.09214918 3.626618
0.1685045 0.6877306 3.742091
0.2045137 0.434187 3.691704
0.2109239 0.09739838 3.750508
0.1832406 0.07186344 3.607279
0.1009965 1.214316 3.785914
-0.09643467 0.588088 3.741814
-0.06476466 0.6353949 3.709908
0.2597557 1.37836 3.060014
0.2301329 1.360815 3.08225
58
0.09359052 0.6845232 3.788193
0.09858437 0.9886433 3.79113
0.1023691 1.289206 3.781286
0.09881482 1.421531 3.784923
-0.06250932 1.16536 3.812691
-0.08458639 0.9372902 3.832351
-0.09647957 0.7154093 3.780863
-0.08879426 0.6553926 3.755032
0.2408372 1.204111 3.718468
0.2580655 1.351665 3.501506
0.2647028 1.362251 3.24836
0.2706427 1.367062 3.113388
0.01958129 0.6877997 3.767198
-0.0002772168 0.4144906 3.71278
0.005032874 0.1216249 3.772667
-0.02766898 0.09141974 3.627854
0.16888 0.6881968 3.741744
0.2058802 0.4348305 3.693937
0.2121454 0.09641835 3.750925
0.1822844 0.0717779 3.607886
0.1013831 1.214672 3.786299
-0.09413907 0.5886109 3.737917
-0.06350932 0.6337661 3.708377
0.2608216 1.375107 3.08191
0.2354829 1.354735 3.096947
59
0.09359052 0.6845232 3.788193
0.09858437 0.9886433 3.79113
0.1023691 1.289206 3.781286
0.09881482 1.421531 3.784923
-0.06250932 1.16536 3.812691
-0.08458639 0.9372902 3.832351
-0.09647957 0.7154093 3.780863
-0.08879426 0.6553926 3.755032
0.2408372 1.204111 3.718468
0.2580655 1.351665 3.501506
0.2647028 1.362251 3.24836
0.2706427 1.367062 3.113388
0.01958129 0.6877997 3.767198
-0.0002772168 0.4144906 3.71278
0.005032874 0.1216249 3.772667
-0.02766898 0.09141974 3.627854
0.16888 0.6881968 3.741744
0.2058802 0.4348305 3.693937
0.2121454 0.09641835 3.750925
0.1822844 0.0717779 3.607886
0.1013831 1.214672 3.786299
-0.09413907 0.5886109 3.737917
-0.06350932 0.6337661 3.708377
0.2608216 1.375107 3.08191
0.2354829 1.354735 3.096947
60
0.09408891 0.6848184 3.788775
0.09884745 0.9889846 3.79147
0.102685 1.289462 3.78156
0.09921953 1.421408 3.785585
-0.06240753 1.165224 3.815437
-0.08331951 0.93683 3.83386
-0.09510284 0.7158463 3.780365
-0.0877963 0.6560051 3.755045
0.2400343 1.204432 3.717136
0.2662507 1.310983 3.494279
0.2704 1.352267 3.248312
0.2756289 1.365006 3.135409
0.02040671 0.687926 3.768804
0.0007420164 0.4150039 3.712754
0.005074142 0.12081 3.772773
-0.02866029 0.09092385 3.628715
0.1692996 0.6886188 3.741265
0.207018 0.4353408 3.695581
0.2133982 0.09514882 3.751041
0.1815828 0.07127578 3.608264
0.1017078 1.214958 3.786578
-0.09294694 0.5887709 3.73653
-0.06250378 0.6346391 3.707456
0.2638255 1.375956 3.097917
0.2390385 1.35604 3.12886
61
0.09408891 0.6848184 3.788775
0.09884745 0.9889846 3.79147
0.102685 1.289462 3.78156
0.09921953 1.421408 3.785585
-0.06240753 1.165224 3.815437
-0.08331951 0.93683 3.83386
-0.09510284 0.7158463 3.780365
-0.0877963 0.6560051 3.755045
0.2400343 1.204432 3.717136
0.2662507 1.310983 3.494279
0.2704 1.352267 3.248312
0.2756289 1.365006 3.135409
0.02040671 0.687926 3.768804
0.0007420164 0.4150039 3.712754
0.005074142 0.12081 3.772773
-0.02866029 0.09092385 3.628715
0.1692996 0.6886188 3.741265
0.207018 0.4353408 3.695581
0.2133982 0.09514882 3.751041
0.1815828 0.07127578 3.608264
0.1017078 1.214958 3.786578
-0.09294694 0.5887709 3.73653
-0.06250378 0.6346391 3.707456
0.2638255 1.375956 3.097917
0.2390385 1.35604 3.12886
62
0.0945977 0.6850105 3.789222
0.09907853 0.989242 3.791711
0.1029132 1.28965 3.781728
0.0995094 1.421284 3.786147
-0.06237592 1.16501 3.817432
-0.08222945 0.9363137 3.834854
-0.0937076 0.7164547 3.780023
-0.0867603 0.6566712 3.75496
0.2394161 1.204459 3.716292
0.2999639 1.282435 3.502924
0.2816218 1.339743 3.261967
0.2795804 1.363324 3.150509
0.02109476 0.6879183 3.770005
0.001680088 0.4154139 3.71268
0.005106356 0.1201955 3.772829
-0.02936933 0.09055991 3.629337
0.1698635 0.6889937 3.740555
0.2078932 0.4357186 3.696753
0.2143086 0.09455933 3.751099
0.181105 0.07122453 3.608535
0.1019537 1.21517 3.786754
-0.09209135 0.5896354 3.732576
-0.06219402 0.6340706 3.70642
0.2691309 1.373258 3.115267
0.241578 1.359737 3.144243
63
0.0945977 0.6850105 3.789222
0.09907853 0.989242 3.791711
0.1029132 1.28965 3.781728
0.0995094 1.421284 3.786147
-0.06237592 1.16501 3.817432
-0.08222945 0.9363137 3.834854
-0.0937076 0.7164547 3.780023
-0.0867603 0.6566712 3.75496
0.2394161 1.204459 3.716292
0.2999639 1.282435 3.502924
0.2816218 1.339743 3.261967
0.2795804 1.363324 3.150509
0.02109476 0.6879183 3.770005
0.001680088 0.4154139 3.71268
0.005106356 0.1201955 3.772829
-0.02936933 0.09055991 3.629337
0.1698635 0.6889937 3.740555
0.2078932 0.4357186 3.696753
0.2143086 0.09455933 3.751099
0.181105 0.07122453 3.608535
0.1019537 1.21517 3.786754
-0.09209135 0.5896354 3.732576
-0.06219402 0.6340706 3.70642
0.2691309 1.373258 3.115267
0.241578 1.359737 3.144243
64
0.09506547 0.6851366 3.789559
0.09928165 0.9894528 3.791907
0.1030996 1.289832 3.781872
0.09967793 1.421179 3.786656
-0.06238428 1.164829 3.818865
-0.08133597 0.9357929 3.835225
-0.09229769 0.7155576 3.779273
-0.08596382 0.6562394 3.754457
0.2390668 1.203919 3.715842
0.3160351 1.266119 3.502217
0.2877097 1.334514 3.26527
0.2855088 1.361682 3.171998
0.02163178 0.6878667 3.770862
0.002519928 0.415729 3.712565
0.005130034 0.1197714 3.772859
-0.02988811 0.09031474 3.629785
0.1704059 0.6892917 3.739843
0.2085656 0.435896 3.69755
0.2150334 0.09414069 3.751109
0.1807563 0.0711782 3.608728
0.102159 1.215364 3.786901
-0.09159742 0.5889831 3.731061
-0.05935182 0.6430086 3.704718
0.2791124 1.37726 3.148432
0.2488827 1.353968 3.157885
65
0.09506547 0.6851366 3.789559
0.09928165 0.9894528 3.791907
0.1030996 1.289832 3.781872
0.09967793 1.421179 3.786656
-0.06238428 1.164829 3.818865
-0.08133597 0.9357929 3.835225
-0.09229769 0.7155576 3.779273
-0.08596382 0.6562394 3.754457
0.2390668 1.203919 3.715842
0.3160351 1.266119 3.502217
0.2877097 1.334514 3.26527
0.2855088 1.361682 3.171998
0.02163178 0.6878667 3.770862
0.002519928 0.415729 3.712565
0.005130034 0.1197714 3.772859
-0.02988811 0.09031474 3.629785
0.1704059 0.6892917 3.739843
0.2085656 0.435896 3.69755
0.2150334 0.09414069 3.751109
0.1807563 0.0711782 3.608728
0.102159 1.215364 3.786901
-0.09159742 0.5889831 3.731061
-0.05935182 0.6430086 3.704718
0.2791124 1.37726 3.148432
0.2488827 1.353968 3.157885
66
0.09550143 0.685218 3.789796
0.09945748 0.9896246 3.792063
0.1032416 1.289998 3.781995
0.09967909 1.421092 3.787142
-0.06238381 1.16468 3.819828
-0.08070212 0.935149 3.834784
-0.09099993 0.714079 3.778334
-0.08555697 0.6547664 3.754014
0.2393521 1.203294 3.715693
0.3281594 1.252703 3.500297
0.3012368 1.326479 3.282436
0.2916076 1.360128 3.204069
0.02205329 0.6877955 3.771466
0.003321794 0.4159574 3.712384
0.005148407 0.1194804 3.772857
-0.03023361 0.09014562 3.630108
0.1709408 0.6895382 3.73911
0.2090868 0.4360192 3.698077
0.2156151 0.09391247 3.751132
0.1805274 0.07118037 3.608868
0.1023225 1.215533 3.787022
-0.09194089 0.5851676 3.73136
-0.06103109 0.6384006 3.702373
0.2861443 1.371658 3.185834
0.2547539 1.349311 3.175098
67
0.09550143 0.685218 3.789796
0.09945748 0.9896246 3.792063
0.1032416 1.289998 3.781995
0.09967909 1.421092 3.787142
-0.06238381 1.16468 3.819828
-0.08070212 0.935149 3.834784
-0.09099993 0.714079 3.778334
-0.08555697 0.6547664 3.754014
0.2393521 1.203294 3.715693
0.3281594 1.252703 3.500297
0.3012368 1.326479 3.282436
0.2916076 1.360128 3.204069
0.02205329 0.6877955 3.771466
0.003321794 0.4159574 3.712384
0.005148407 0.1194804 3.772857
-0.03023361 0.09014562 3.630108
0.1709408 0.6895382 3.73911
0.2090868 0.4360192 3.698077
0.2156151 0.09391247 3.751132
0.1805274 0.07118037 3.608868
0.1023225 1.215533 3.787022
-0.09194089 0.5851676 3.73136
-0.06103109 0.6384006 3.702373
0.2861443 1.371658 3.185834
0.2547539 1.349311 3.175098
68
0.09594776 0.6852426 3.789922
0.09960823 0.9897622 3.792183
0.103345 1.290143 3.782095
0.09957075 1.421025 3.787635
-0.06240401 1.164448 3.820403
-0.0803855 0.9343467 3.833598
-0.09011921 0.7121818 3.777285
-0.08530515 0.6539584 3.753786
0.2403805 1.202223 3.716185
0.3557585 1.215882 3.517601
0.3165622 1.313011 3.319494
0.2946955 1.353549 3.249333
0.02240925 0.6876784 3.771854
0.0040411 0.4161059 3.712171
0.005209422 0.119629 3.772755
-0.03016712 0.09036748 3.630242
0.1715142 0.6897136 3.738315
0.2095321 0.436089 3.698338
0.2161855 0.09468428 3.751119
0.1805858 0.07200139 3.608886
0.1024496 1.215675 3.787118
-0.09241834 0.5822312 3.731382
-0.06138843 0.6401771 3.70153
0.2908064 1.364687 3.231075
0.2576976 1.335023 3.215814
69
0.09594776 0.6852426 3.789922
0.09960823 0.9897622 3.792183
0.103345 1.290143 3.782095
0.09957075 1.421025 3.787635
-0.06240401 1.164448 3.820403
-0.0803855 0.9343467 3.833598
-0.09011921 0.7121818 3.777285
-0.08530515 0.6539584 3.753786
0.2403805 1.202223 3.716185
0.3557585 1.215882 3.517601
0.3165622 1.313011 3.319494
0.2946955 1.353549 3.249333
0.02240925 0.6876784 3.771854
0.0040411 0.4161059 3.712171
0.005209422 0.119629 3.772755
-0.03016712 0.09036748 3.630242
0.1715142 0.6897136 3.738315
0.2095321 0.436089 3.698338
0.2161855 0.09468428 3.751119
0.1805858 0.07200139 3.608886
0.1024496 1.215675 3.787118
-0.09241834 0.5822312 3.731382
-0.06138843 0.6401771 3.70153
0.2908064 1.364687 3.231075
0.2576976 1.335023 3.215814
70
0.09651076 0.6852183 3.789791
0.09974974 0.9898818 3.792252
0.1034225 1.290277 3.782175
0.09935617 1.42102 3.78809
-0.06253847 1.163955 3.819786
-0.08051849 0.9335368 3.831334
-0.08953921 0.7103609 3.775296
-0.08509686 0.6524895 3.752847
0.2433553 1.200179 3.717823
0.3744235 1.174261 3.559562
0.3285429 1.293183 3.365652
0.2949709 1.342609 3.294918
0.02279577 0.6874587 3.77179
0.004703045 0.4161776 3.711864
0.00527106 0.120152 3.772575
-0.0294018 0.09086037 3.630075
0.1722218 0.6898431 3.737299
0.2100406 0.4359096 3.698197
0.216601 0.09591074 3.751034
0.1811762 0.07310578 3.608685
0.1025513 1.215801 3.787189
-0.09244132 0.5799571 3.730763
-0.06780859 0.6075934 3.692452
0.2894391 1.354169 3.277013
0.2576778 1.323921 3.265687
71
0.09651076 0.6852183 3.789791
0.09974974 0.9898818 3.792252
0.1034225 1.290277 3.782175
0.09935617 1.42102 3.78809
-0.06253847 1.163955 3.819786
-0.08051849 0.9335368 3.831334
-0.08953921 0.7103609 3.775296
-0.08509686 0.6524895 3.752847
0.2433553 1.200179 3.717823
0.3744235 1.174261 3.559562
0.3285429 1.293183 3.365652
0.2949709 1.342609 3.294918
0.02279577 0.6874587 3.77179
0.004703045 0.4161776 3.711864
0.00527106 0.120152 3.772575
-0.0294018 0.09086037 3.630075
0.1722218 0.6898431 3.737299
0.2100406 0.4359096 3.698197
0.216601 0.09591074 3.751034
0.1811762 0.07310578 3.608685
0.1025513 1.215801 3.787189
-0.09244132 0.5799571 3.730763
-0.06780859 0.6075934 3.692452
0.2894391 1.354169 3.277013
0.2576778 1.323921 3.265687
72
0.09731743 0.6851184 3.789197
0.0999266 0.9900121 3.792235
0.1034832 1.290423 3.782231
0.09903875 1.421051 3.788487
-0.06282084 1.162876 3.817934
-0.08128504 0.9322143 3.827854
-0.08928081 0.708273 3.773739
-0.08504865 0.6515015 3.752033
0.2470313 1.198089 3.720249
0.4039471 1.126829 3.586026
0.3410322 1.260629 3.434592
0.3020017 1.314351 3.368095
0.02336095 0.6870029 3.770595
0.005335056 0.4161841 3.711428
0.005340253 0.1209823 3.772331
-0.02805709 0.09154575 3.629651
0.1730716 0.6899275 3.736107
0.2105977 0.4354741 3.697632
0.2168466 0.09744766 3.750898
0.1820989 0.07433857 3.608325
0.1026415 1.215936 3.787231
-0.0924577 0.5781612 3.729854
-0.06814733 0.6116398 3.691941
0.2856419 1.329646 3.327594
0.2589626 1.30214 3.322108
73
0.09731743 0.6851184 3.789197
0.0999266 0.9900121 3.792235
0.1034832 1.290423 3.782231
0.09903875 1.421051 3.788487
-0.06282084 1.162876 3.817934
-0.08128504 0.9322143 3.827854
-0.08928081 0.708273 3.773739
-0.08504865 0.6515015 3.752033
0.2470313 1.198089 3.720249
0.4039471 1.126829 3.586026
0.3410322 1.260629 3.434592
0.3020017 1.314351 3.368095
0.02336095 0.6870029 3.770595
0.005335056 0.4161841 3.711428
0.005340253 0.1209823 3.772331
-0.02805709 0.09154575 3.629651
0.1730716 0.6899275 3.736107
0.2105977 0.4354741 3.697632
0.2168466 0.09744766 3.750898
0.1820989 0.07433857 3.608325
0.1026415 1.215936 3.787231
-0.0924577 0.5781612 3.729854
-0.06814733 0.6116398 3.691941
0.2856419 1.329646 3.327594
0.2589626 1.30214 3.322108
74
0.09821182 0.68499 3.788357
0.100135 0.9901349 3.792108
0.1035192 1.290547 3.782247
0.09869769 1.421124 3.7888
-0.06303103 1.161162 3.813158
-0.08281589 0.9307621 3.822837
-0.08918931 0.7062612 3.772187
-0.08522545 0.6505125 3.751043
0.251362 1.196131 3.723459
0.4162239 1.105372 3.599787
0.3461253 1.236019 3.484725
0.3045529 1.289385 3.420603
0.02402875 0.6865103 3.76837
0.005938962 0.4161684 3.710897
0.005417741 0.1220106 3.772049
-0.02569317 0.09230793 3.628906
0.173893 0.6899647 3.735047
0.2112715 0.4347595 3.696487
0.2168932 0.09935357 3.750704
0.1835572 0.07568551 3.607742
0.1027107 1.216054 3.787228
-0.09320536 0.5764195 3.730295
-0.06957292 0.6102996 3.69094
0.2859005 1.301405 3.38263
0.2692671 1.280765 3.39175
75
0.09821182 0.68499 3.788357
0.100135 0.9901349 3.792108
0.1035192 1.290547 3.782247
0.09869769 1.421124 3.7888
-0.06303103 1.161162 3.813158
-0.08281589 0.9307621 3.822837
-0.08918931 0.7062612 3.772187
-0.08522545 0.6505125 3.751043
0.251362 1.196131 3.723459
0.4162239 1.105372 3.599787
0.3461253 1.236019 3.484725
0.3045529 1.289385 3.420603
0.02402875 0.6865103 3.76837
0.005938962 0.4161684 3.710897
0.005417741 0.1220106 3.772049
-0.02569317 0.09230793 3.628906
0.173893 0.6899647 3.735047
0.2112715 0.4347595 3.696487
0.2168932 0.09935357 3.750704
0.1835572 0.07568551 3.607742
0.1027107 1.216054 3.787228
-0.09320536 0.5764195 3.730295
-0.06957292 0.6102996 3.69094
0.2859005 1.301405 3.38263
0.2692671 1.280765 3.39175
76
0.09948846 0.6847381 3.787124
0.1003887 0.990229 3.791875
0.1035264 1.29065 3.782236
0.09837011 1.421199 3.789053
-0.06322088 1.159566 3.807832
-0.08445229 0.9294243 3.817164
-0.08917926 0.7045349 3.770866
-0.08544813 0.649616 3.749511
0.2546515 1.194685 3.726458
0.4222819 1.073987 3.630742
0.3500231 1.21269 3.546816
0.3141981 1.252258 3.490207
0.02510833 0.6858487 3.765099
0.006634284 0.4161904 3.710075
0.005341991 0.0822347 3.780358
-0.01046311 0.06161746 3.682102
0.174995 0.6898926 3.73405
0.2119233 0.4339328 3.695164
0.2168794 0.1012459 3.750496
0.1852804 0.07692536 3.607095
0.1027584 1.216152 3.787196
-0.09400547 0.5751448 3.72861
-0.06920362 0.6187533 3.688759
0.2863736 1.271827 3.438723
0.2735632 1.259229 3.451259
77
0.09948846 0.6847381 3.787124
0.1003887 0.990229 3.791875
0.1035264 1.29065 3.782236
0.09837011 1.421199 3.789053
-0.06322088 1.159566 3.807832
-0.08445229 0.9294243 3.817164
-0.08917926 0.7045349 3.770866
-0.08544813 0.649616 3.749511
0.2546515 1.194685 3.726458
0.4222819 1.073987 3.630742
0.3500231 1.21269 3.546816
0.3141981 1.252258 3.490207
0.02510833 0.6858487 3.765099
0.006634284 0.4161904 3.710075
0.005341991 0.0822347 3.780358
-0.01046311 0.06161746 3.682102
0.174995 0.6898926 3.73405
0.2119233 0.4339328 3.695164
0.2168794 0.1012459 3.750496
0.1852804 0.07692536 3.607095
0.1027584 1.216152 3.787196
-0.09400547 0.5751448 3.72861
-0.06920362 0.6187533 3.688759
0.2863736 1.271827 3.438723
0.2735632 1.259229 3.451259
78
0.1008096 0.6843935 3.785767
0.1006913 0.9903021 3.791492
0.1034904 1.290778 3.78215
0.0980519 1.421305 3.789242
-0.06338565 1.158207 3.802468
-0.08588253 0.9282343 3.811062
-0.08939385 0.7028206 3.769061
-0.08646473 0.6404265 3.739737
0.2573025 1.192883 3.729859
0.4309182 1.029528 3.66065
0.3508678 1.197377 3.575496
0.3153559 1.229198 3.528495
0.02619766 0.6850857 3.761425
0.007249724 0.4161648 3.709142
0.005206228 0.05660837 3.785878
-0.0004435284 0.04189444 3.716784
0.1761308 0.6897272 3.733215
0.2126843 0.432123 3.693454
0.2158174 0.09820769 3.749943
0.1873209 0.0735321 3.605664
0.1027853 1.216265 3.787082
-0.09202752 0.5670936 3.723251
-0.0711811 0.5878219 3.681652
0.2900238 1.247722 3.488355
0.2745159 1.231267 3.494514
79
0.1008096 0.6843935 3.785767
0.1006913 0.9903021 3.791492
0.1034904 1.290778 3.78215
0.0980519 1.421305 3.789242
-0.06338565 1.158207 3.802468
-0.08588253 0.9282343 3.811062
-0.08939385 0.7028206 3.769061
-0.08646473 0.6404265 3.739737
0.2573025 1.192883 3.729859
0.4309182 1.029528 3.66065
0.3508678 1.197377 3.575496
0.3153559 1.229198 3.528495
0.02619766 0.6850857 3.761425
0.007249724 0.4161648 3.709142
0.005206228 0.05660837 3.785878
-0.0004435284 0.04189444 3.716784
0.1761308 0.6897272 3.733215
0.2126843 0.432123 3.693454
0.2158174 0.09820769 3.749943
0.1873209 0.0735321 3.605664
0.1027853 1.216265 3.787082
-0.09202752 0.5670936 3.723251
-0.0711811 0.5878219 3.681652
0.2900238 1.247722 3.488355
0.2745159 1.231267 3.494514
80
0.1019757 0.6840155 3.784455
0.1010285 0.9903156 3.790837
0.1033316 1.290927 3.781754
0.09780513 1.421419 3.789339
-0.06362578 1.157072 3.797297
-0.08697648 0.927216 3.805156
-0.09008878 0.7010063 3.765853
-0.08706137 0.6362637 3.73505
0.2588798 1.190808 3.733323
0.4284705 0.9995779 3.689632
0.3500994 1.162172 3.613746
0.3168142 1.20509 3.558282
0.0270583 0.6843325 3.757727
0.007782889 0.4161046 3.708179
0.005112336 0.04800414 3.787878
0.002993149 0.03515342 3.728454
0.1771381 0.6895149 3.732568
0.2133301 0.4305197 3.691891
0.2152308 0.09907849 3.74963
0.1886492 0.07371495 3.60491
0.102747 1.216386 3.786666
-0.09123558 0.5617719 3.717731
-0.0687443 0.6010178 3.676952
0.2932749 1.216227 3.5258
0.2771156 1.204583 3.525718
81
0.1019757 0.6840155 3.784455
0.1010285 0.9903156 3.790837
0.1033316 1.290927 3.781754
0.09780513 1.421419 3.789339
-0.06362578 1.157072 3.797297
-0.08697648 0.927216 3.805156
-0.09008878 0.7010063 3.765853
-0.08706137 0.6362637 3.73505
0.2588798 1.190808 3.733323
0.4284705 0.9995779 3.689632
0.3500994 1.162172 3.613746
0.3168142 1.20509 3.558282
0.0270583 0.6843325 3.757727
0.007782889 0.4161046 3.708179
0.005112336 0.04800414 3.787878
0.002993149 0.03515342 3.728454
0.1771381 0.6895149 3.732568
0.2133301 0.4305197 3.691891
0.2152308 0.09907849 3.74963
0.1886492 0.07371495 3.60491
0.102747 1.216386 3.786666
-0.09123558 0.5617719 3.717731
-0.0687443 0.6010178 3.676952
0.2932749 1.216227 3.5258
0.2771156 1.204583 3.525718
82
0.1032336 0.6836621 3.783034
0.1014533 0.9903099 3.789959
0.1031377 1.291075 3.781215
0.09756143 1.421628 3.789276
-0.06390345 1.156248 3.792461
-0.08790233 0.9265602 3.800329
-0.09102812 0.6998202 3.762184
-0.08756588 0.6336591 3.730505
0.2595557 1.189639 3.736601
0.4070051 0.9755057 3.723363
0.3384013 1.134681 3.646366
0.3081229 1.173849 3.593059
0.02799973 0.6837273 3.754038
0.008227825 0.4160712 3.706863
0.005564842 0.1026045 3.776008
-0.001486124 0.07630426 3.656506
0.1782388 0.6893043 3.732039
0.213928 0.4292712 3.690183
0.2147252 0.09956059 3.7493
0.1900083 0.07346476 3.604092
0.1026964 1.216504 3.786087
-0.0911513 0.5580226 3.712553
-0.06712133 0.6129873 3.673466
0.2909201 1.183273 3.558559
0.277037 1.177613 3.552343
83
0.1032336 0.6836621 3.783034
0.1014533 0.9903099 3.789959
0.1031377 1.291075 3.781215
0.09756143 1.421628 3.789276
-0.06390345 1.156248 3.792461
-0.08790233 0.9265602 3.800329
-0.09102812 0.6998202 3.762184
-0.08756588 0.6336591 3.730505
0.2595557 1.189639 3.736601
0.4070051 0.9755057 3.723363
0.3384013 1.134681 3.646366
0.3081229 1.173849 3.593059
0.02799973 0.6837273 3.754038
0.008227825 0.4160712 3.706863
0.005564842 0.1026045 3.776008
-0.001486124 0.07630426 3.656506
0.1782388 0.6893043 3.732039
0.213928 0.4292712 3.690183
0.2147252 0.09956059 3.7493
0.1900083 0.07346476 3.604092
0.1026964 1.216504 3.786087
-0.0911513 0.5580226 3.712553
-0.06712133 0.6129873 3.673466
0.2909201 1.183273 3.558559
0.277037 1.177613 3.552343
84
0.1043685 0.6833498 3.781723
0.1020553 0.990236 3.788726
0.1030362 1.291149 3.780165
0.09735338 1.421922 3.789002
-0.06396832 1.155923 3.787865
-0.08848842 0.9263452 3.795456
-0.09192817 0.6989719 3.755666
-0.08738237 0.6313705 3.724558
0.2597934 1.189176 3.738787
0.3915725 0.9690059 3.744623
0.3314471 1.125052 3.655275
0.3025292 1.157621 3.61013
0.0288434 0.683265 3.750717
0.008602942 0.4161091 3.705389
0.005770361 0.1182708 3.772445
-0.0008122917 0.08767818 3.636286
0.1792636 0.6890995 3.731656
0.2144887 0.4280475 3.688653
0.2139713 0.100997 3.749205
0.1912453 0.07408955 3.60368
0.1027696 1.216556 3.785001
-0.08930261 0.5556174 3.705936
-0.0640092 0.6270768 3.669534
0.2862293 1.15717 3.57976
0.2691612 1.147899 3.58309
85
0.1043685 0.6833498 3.781723
0.1020553 0.990236 3.788726
0.1030362 1.291149 3.780165
0.09735338 1.421922 3.789002
-0.06396832 1.155923 3.787865
-0.08848842 0.9263452 3.795456
-0.09192817 0.6989719 3.755666
-0.08738237 0.6313705 3.724558
0.2597934 1.189176 3.738787
0.3915725 0.9690059 3.744623
0.3314471 1.125052 3.655275
0.3025292 1.157621 3.61013
0.0288434 0.683265 3.750717
0.008602942 0.4161091 3.705389
0.005770361 0.1182708 3.772445
-0.0008122917 0.08767818 3.636286
0.1792636 0.6890995 3.731656
0.2144887 0.4280475 3.688653
0.2139713 0.100997 3.749205
0.1912453 0.07408955 3.60368
0.1027696 1.216556 3.785001
-0.08930261 0.5556174 3.705936
-0.0640092 0.6270768 3.669534
0.2862293 1.15717 3.57976
0.2691612 1.147899 3.58309
86
0.1053698 0.6831006 3.780583
0.1026905 0.9901635 3.787487
0.1029953 1.291211 3.779075
0.09733997 1.422402 3.788075
-0.06387496 1.155995 3.783506
-0.08886586 0.9265081 3.791031
-0.09263122 0.6988272 3.74905
-0.08671931 0.6289022 3.713779
0.2598303 1.188981 3.740353
0.3766197 0.9677954 3.761806
0.3182263 1.116341 3.648559
0.295482 1.137934 3.619317
0.02957636 0.68297 3.747956
0.008843038 0.4162551 3.703558
0.005500613 0.08546796 3.77992
-0.0006943048 0.06222471 3.678962
0.1802562 0.6889099 3.731424
0.2149479 0.4272096 3.687096
0.2132739 0.1032157 3.749088
0.1927384 0.07542677 3.603298
0.1028991 1.216599 3.783869
-0.08777152 0.5543397 3.7
-0.0621345 0.6288906 3.66482
0.280127 1.132039 3.591718
0.2648579 1.122384 3.598611
87
0.1053698 0.6831006 3.780583
0.1026905 0.9901635 3.787487
0.1029953 1.291211 3.779075
0.09733997 1.422402 3.788075
-0.06387496 1.155995 3.783506
-0.08886586 0.9265081 3.791031
-0.09263122 0.6988272 3.74905
-0.08671931 0.6289022 3.713779
0.2598303 1.188981 3.740353
0.3766197 0.9677954 3.761806
0.3182263 1.116341 3.648559
0.295482 1.137934 3.619317
0.02957636 0.68297 3.747956
0.008843038 0.4162551 3.703558
0.005500613 0.08546796 3.77992
-0.0006943048 0.06222471 3.678962
0.1802562 0.6889099 3.731424
0.2149479 0.4272096 3.687096
0.2132739 0.1032157 3.749088
0.1927384 0.07542677 3.603298
0.1028991 1.216599 3.783869
-0.08777152 0.5543397 3.7
-0.0621345 0.6288906 3.66482
0.280127 1.132039 3.591718
0.2648579 1.122384 3.598611
88
0.1062583 0.6828485 3.779522
0.1034546 0.9899898 3.785895
0.1031241 1.29115 3.777142
0.0975919 1.42291 3.786693
-0.06321104 1.156419 3.778271
-0.08908869 0.9269756 3.787326
-0.09312467 0.6991425 3.743889
-0.08650006 0.627738 3.70969
0.2623315 1.187219 3.744579
0.3647321 0.964688 3.77629
0.309144 1.086137 3.646743
0.287659 1.109362 3.623362
0.0301539 0.6827456 3.745691
0.008960208 0.416411 3.701506
0.005423955 0.0718694 3.78325
-0.0003710189 0.0516938 3.69796
0.1811828 0.6886865 3.731261
0.2153298 0.4265412 3.685856
0.2126181 0.1056374 3.748919
0.195257 0.07708979 3.602904
0.1032104 1.216524 3.782
-0.08688543 0.5535451 3.696869
-0.06057446 0.6325355 3.661784
0.2760499 1.098258 3.595459
0.2545885 1.091881 3.619242
89
0.1062583 0.6828485 3.779522
0.1034546 0.9899898 3.785895
0.1031241 1.29115 3.777142
0.0975919 1.42291 3.786693
-0.06321104 1.156419 3.778271
-0.08908869 0.9269756 3.787326
-0.09312467 0.6991425 3.743889
-0.08650006 0.627738 3.70969
0.2623315 1.187219 3.744579
0.3647321 0.964688 3.77629
0.309144 1.086137 3.646743
0.287659 1.109362 3.623362
0.0301539 0.6827456 3.745691
0.008960208 0.416411 3.701506
0.005423955 0.0718694 3.78325
-0.0003710189 0.0516938 3.69796
0.1811828 0.6886865 3.731261
0.2153298 0.4265412 3.685856
0.2126181 0.1056374 3.748919
0.195257 0.07708979 3.602904
0.1032104 1.216524 3.782
-0.08688543 0.5535451 3.696869
-0.06057446 0.6325355 3.661784
0.2760499 1.098258 3.595459
0.2545885 1.091881 3.619242
90
0.1070405 0.6826201 3.778587
0.1042376 0.9898219 3.784309
0.1033807 1.291119 3.775101
0.09795964 1.42345 3.785196
-0.06267223 1.156891 3.774386
-0.08917005 0.9275377 3.783832
-0.09313265 0.6997014 3.738654
-0.08569968 0.6276418 3.704756
0.2653609 1.185007 3.74863
0.3437172 0.9580727 3.792976
0.3012148 1.051969 3.63427
0.2807392 1.067916 3.61935
0.03061432 0.6825953 3.743912
0.008960743 0.4165787 3.699501
0.005420079 0.06391437 3.785359
-0.0003463217 0.04539814 3.709066
0.18207 0.6884424 3.731162
0.2156341 0.426057 3.684845
0.2120655 0.1077895 3.748795
0.1975357 0.07858302 3.60263
0.1036243 1.21647 3.780045
-0.08362156 0.5548314 3.685686
-0.05892677 0.6361682 3.658467
0.2739106 1.056214 3.589544
0.2524589 1.046344 3.614276
91
0.1070405 0.6826201 3.778587
0.1042376 0.9898219 3.784309
0.1033807 1.291119 3.775101
0.09795964 1.42345 3.785196
-0.06267223 1.156891 3.774386
-0.08917005 0.9275377 3.783832
-0.09313265 0.6997014 3.738654
-0.08569968 0.6276418 3.704756
0.2653609 1.185007 3.74863
0.3437172 0.9580727 3.792976
0.3012148 1.051969 3.63427
0.2807392 1.067916 3.61935
0.03061432 0.6825953 3.743912
0.008960743 0.4165787 3.699501
0.005420079 0.06391437 3.785359
-0.0003463217 0.04539814 3.709066
0.18207 0.6884424 3.731162
0.2156341 0.426057 3.684845
0.2120655 0.1077895 3.748795
0.1975357 0.07858302 3.60263
0.1036243 1.21647 3.780045
-0.08362156 0.5548314 3.685686
-0.05892677 0.6361682 3.658467
0.2739106 1.056214 3.589544
0.2524589 1.046344 3.614276
92
0.1076782 0.682417 3.777812
0.104944 0.9896759 3.782937
0.103737 1.291137 3.773314
0.09832172 1.423896 3.783906
-0.06211068 1.157325 3.771222
-0.08915234 0.9280769 3.780737
-0.09264078 0.7006915 3.733661
-0.08493719 0.6272772 3.701102
0.2679 1.182966 3.752027
0.3311334 0.9533265 3.79767
0.2910111 1.012868 3.578125
0.2732801 1.046862 3.538321
0.03095703 0.6824879 3.742542
0.008878254 0.4167058 3.697682
0.005464683 0.05986346 3.786559
-0.00035371 0.04204766 3.714804
0.1828613 0.6881831 3.731124
0.2158989 0.4257187 3.684036
0.2116445 0.109797 3.748735
0.1997219 0.08000795 3.602492
0.1040862 1.216452 3.778332
-0.08086295 0.5553941 3.680746
-0.05792667 0.6378416 3.656495
0.2705803 1.047669 3.510304
0.2497328 1.035049 3.533409
93
0.1076782 0.682417 3.777812
0.104944 0.9896759 3.782937
0.103737 1.291137 3.773314
0.09832172 1.423896 3.783906
-0.06211068 1.157325 3.771222
-0.08915234 0.9280769 3.780737
-0.09264078 0.7006915 3.733661
-0.08493719 0.6272772 3.701102
0.2679 1.182966 3.752027
0.3311334 0.9533265 3.79767
0.2910111 1.012868 3.578125
0.2732801 1.046862 3.538321
0.03095703 0.6824879 3.742542
0.008878254 0.4167058 3.697682
0.005464683 0.05986346 3.786559
-0.00035371 0.04204766 3.714804
0.1828613 0.6881831 3.731124
0.2158989 0.4257187 3.684036
0.2116445 0.109797 3.748735
0.1997219 0.08000795 3.602492
0.1040862 1.216452 3.778332
-0.08086295 0.5553941 3.680746
-0.05792667 0.6378416 3.656495
0.2705803 1.047669 3.510304
0.2497328 1.035049 3.533409
94
0.1082186 0.6822264 3.777135
0.1055735 0.9895496 3.781759
0.1041085 1.291173 3.771822
0.09869246 1.424259 3.782786
-0.06149633 1.157826 3.76837
-0.08943956 0.9288014 3.776951
-0.09203239 0.7016081 3.729802
-0.08392648 0.6271794 3.6984
0.2695639 1.181507 3.75437
0.3242451 0.9506338 3.800622
0.2869513 0.9979087 3.556504
0.2701906 1.039558 3.497923
0.0312253 0.682409 3.741431
0.008746183 0.4168104 3.696105
0.005533044 0.0574071 3.787358
-0.0003190449 0.03995227 3.718406
0.1835657 0.6879192 3.731119
0.2161088 0.4254576 3.683408
0.2109279 0.1091361 3.748881
0.2013973 0.07898563 3.602459
0.1045349 1.216453 3.776891
-0.07897962 0.5558452 3.67751
-0.05497189 0.6404372 3.653742
0.2691375 1.04711 3.470366
0.2489345 1.034423 3.488444
95
0.1082186 0.6822264 3.777135
0.1055735 0.9895496 3.781759
0.1041085 1.291173 3.771822
0.09869246 1.424259 3.782786
-0.06149633 1.157826 3.76837
-0.08943956 0.9288014 3.776951
-0.09203239 0.7016081 3.729802
-0.08392648 0.6271794 3.6984
0.2695639 1.181507 3.75437
0.3242451 0.9506338 3.800622
0.2869513 0.9979087 3.556504
0.2701906 1.039558 3.497923
0.0312253 0.682409 3.741431
0.008746183 0.4168104 3.696105
0.005533044 0.0574071 3.787358
-0.0003190449 0.03995227 3.718406
0.1835657 0.6879192 3.731119
0.2161088 0.4254576 3.683408
0.2109279 0.1091361 3.748881
0.2013973 0.07898563 3.602459
0.1045349 1.216453 3.776891
-0.07897962 0.5558452 3.67751
-0.05497189 0.6404372 3.653742
0.2691375 1.04711 3.470366
0.2489345 1.034423 3.488444
96
0.1086573 0.682062 3.776579
0.1060945 0.9894496 3.780809
0.1044435 1.291223 3.770639
0.09908832 1.424606 3.781713
-0.06096476 1.15823 3.766061
-0.09179774 0.929837 3.772673
-0.09120274 0.7022796 3.726593
-0.08266713 0.6273044 3.696235
0.2707389 1.180471 3.756029
0.2881179 0.9446795 3.781412
0.2782566 0.934511 3.527689
0.2625476 0.9878179 3.462838
0.03142481 0.6823547 3.740589
0.008624319 0.4168488 3.694888
0.002987424 0.02940867 3.781082
-0.003547915 0.01403761 3.711562
0.1841791 0.6876669 3.73114
0.2162703 0.4252663 3.682923
0.2105749 0.1094141 3.748891
0.2024982 0.07896003 3.602382
0.104925 1.216469 3.775744
-0.07766345 0.5561965 3.675339
-0.05209884 0.6389213 3.651427
0.2622636 1.003884 3.43759
0.2425362 0.9894796 3.453968
97
0.1086573 0.682062 3.776579
0.1060945 0.9894496 3.780809
0.1044435 1.291223 3.770639
0.09908832 1.424606 3.781713
-0.06096476 1.15823 3.766061
-0.09179774 0.929837 3.772673
-0.09120274 0.7022796 3.726593
-0.08266713 0.6273044 3.696235
0.2707389 1.180471 3.756029
0.2881179 0.9446795 3.781412
0.2782566 0.934511 3.527689
0.2625476 0.9878179 3.462838
0.03142481 0.6823547 3.740589
0.008624319 0.4168488 3.694888
0.002987424 0.02940867 3.781082
-0.003547915 0.01403761 3.711562
0.1841791 0.6876669 3.73114
0.2162703 0.4252663 3.682923
0.2105749 0.1094141 3.748891
0.2024982 0.07896003 3.602382
0.104925 1.216469 3.775744
-0.07766345 0.5561965 3.675339
-0.05209884 0.6389213 3.651427
0.2622636 1.003884 3.43759
0.2425362 0.9894796 3.453968
98
0.109074 0.6819128 3.776102
0.1065535 0.9893697 3.780036
0.1047344 1.29127 3.769711
0.09945669 1.424892 3.780793
-0.06050251 1.158498 3.764221
-0.09435382 0.9306793 3.769392
-0.09014033 0.7030695 3.723695
-0.08162736 0.6273521 3.694466
0.2715428 1.179737 3.757213
0.2779348 0.9437638 3.782931
0.2934066 0.8361083 3.575136
0.2845045 0.8650868 3.532713
0.03161377 0.6823161 3.739897
0.008521835 0.4168742 3.693941
0.002960346 0.02687337 3.780356
-0.00377796 0.01180588 3.71192
0.1848499 0.687402 3.731245
0.2164171 0.4251385 3.682544
0.2103034 0.1102971 3.748962
0.2036917 0.07951491 3.602437
0.1052614 1.216488 3.774838
-0.07624157 0.5566812 3.673664
-0.04959568 0.6346331 3.648833
0.2991866 0.8475715 3.542487
0.270714 0.8335183 3.562004
99
0.109074 0.6819128 3.776102
0.1065535 0.9893697 3.780036
0.1047344 1.29127 3.769711
0.09945669 1.424892 3.780793
-0.06050251 1.158498 3.764221
-0.09435382 0.9306793 3.769392
-0.09014033 0.7030695 3.723695
-0.08162736 0.6273521 3.694466
0.2715428 1.179737 3.757213
0.2779348 0.9437638 3.782931
0.2934066 0.8361083 3.575136
0.2845045 0.8650868 3.532713
0.03161377 0.6823161 3.739897
0.008521835 0.4168742 3.693941
0.002960346 0.02687337 3.780356
-0.00377796 0.01180588 3.71192
0.1848499 0.687402 3.731245
0.2164171 0.4251385 3.682544
0.2103034 0.1102971 3.748962
0.2036917 0.07951491 3.602437
0.1052614 1.216488 3.774838
-0.07624157 0.5566812 3.673664
-0.04959568 0.6346331 3.648833
0.2991866 0.8475715 3.542487
0.270714 0.8335183 3.562004
100
0.1095093 0.6817343 3.775636
0.1069492 0.989293 3.779401
0.1049744 1.291311 3.768991
0.09977326 1.425106 3.780058
-0.05999704 1.15853 3.762326
-0.09915001 0.9353286 3.766334
-0.0891239 0.706661 3.721338
-0.08080488 0.6274603 3.693049
0.2720937 1.179215 3.758045
0.2719659 0.9436613 3.784581
0.2995765 0.7719278 3.604986
0.2956547 0.7660117 3.590528
0.03180772 0.6822675 3.73928
0.008428412 0.4169188 3.69308
0.003369587 0.02981739 3.779853
-0.003437292 0.01466847 3.711875
0.1855623 0.6870871 3.731374
0.2165049 0.4250268 3.68229
0.2102003 0.1113659 3.748969
0.2050443 0.08031987 3.60244
0.1055369 1.216504 3.774132
-0.07478086 0.5571169 3.672385
-0.0480508 0.6350642 3.647804
0.3135428 0.7614474 3.556899
0.2458331 0.7513931 3.607058
101
0.1095093 0.6817343 3.775636
0.1069492 0.989293 3.779401
0.1049744 1.291311 3.768991
0.09977326 1.425106 3.780058
-0.05999704 1.15853 3.762326
-0.09915001 0.9353286 3.766334
-0.0891239 0.706661 3.721338
-0.08080488 0.6274603 3.693049
0.2720937 1.179215 3.758045
0.2719659 0.9436613 3.784581
0.2995765 0.7719278 3.604986
0.2956547 0.7660117 3.590528
0.03180772 0.6822675 3.73928
0.008428412 0.4169188 3.69308
0.003369587 0.02981739 3.779853
-0.003437292 0.01466847 3.711875
0.1855623 0.6870871 3.731374
0.2165049 0.4250268 3.68229
0.2102003 0.1113659 3.748969
0.2050443 0.08031987 3.60244
0.1055369 1.216504 3.774132
-0.07478086 0.5571169 3.672385
-0.0480508 0.6350642 3.647804
0.3135428 0.7614474 3.556899
0.2458331 0.7513931 3.607058
102
0.1099372 0.6815569 3.77523
0.1072732 0.989222 3.7789
0.1051376 1.291324 3.768463
0.1000332 1.425249 3.779522
-0.05962784 1.158525 3.760889
-0.1033847 0.9404894 3.763823
-0.08861291 0.7111149 3.719613
-0.08002411 0.6276413 3.691896
0.2724859 1.17882 3.758652
0.2692385 0.9443298 3.786555
0.3062446 0.7233012 3.646021
0.2947989 0.6899455 3.643202
0.03201617 0.6822187 3.738722
0.008378709 0.4169971 3.692334
0.003937659 0.03507711 3.77982
-0.002752146 0.01966614 3.712204
0.1863447 0.6867351 3.731612
0.2165721 0.4249426 3.682101
0.2101474 0.112324 3.748998
0.2061426 0.08105032 3.602469
0.1057409 1.216503 3.773601
-0.0739345 0.5573637 3.671648
-0.04682384 0.6365192 3.647631
0.3317756 0.6644503 3.601135
0.2340261 0.6959831 3.648163
103
0.1099372 0.6815569 3.77523
0.1072732 0.989222 3.7789
0.1051376 1.291324 3.768463
0.1000332 1.425249 3.779522
-0.05962784 1.158525 3.760889
-0.1033847 0.9404894 3.763823
-0.08861291 0.7111149 3.719613
-0.08002411 0.6276413 3.691896
0.2724859 1.17882 3.758652
0.2692385 0.9443298 3.786555
0.3062446 0.7233012 3.646021
0.2947989 0.6899455 3.643202
0.03201617 0.6822187 3.738722
0.008378709 0.4169971 3.692334
0.003937659 0.03507711 3.77982
-0.002752146 0.01966614 3.712204
0.1863447 0.6867351 3.731612
0.2165721 0.4249426 3.682101
0.2101474 0.112324 3.748998
0.2061426 0.08105032 3.602469
0.1057409 1.216503 3.773601
-0.0739345 0.5573637 3.671648
-0.04682384 0.6365192 3.647631
0.3317756 0.6644503 3.601135
0.2340261 0.6959831 3.648163
104
0.1103049 0.6813893 3.774892
0.1075346 0.989159 3.778509
0.1052622 1.291332 3.768076
0.1002163 1.425327 3.779178
-0.05945129 1.158445 3.759764
-0.1060763 0.9422677 3.762166
-0.08840623 0.7125568 3.718484
-0.07958337 0.6277717 3.691124
0.2727662 1.178524 3.759097
0.2712727 0.9458987 3.788474
0.3095709 0.7118783 3.669676
0.2946538 0.6553324 3.665245
0.03219321 0.6821626 3.738248
0.008371146 0.4170828 3.691719
0.004428456 0.03997441 3.78003
-0.002175616 0.02420979 3.712417
0.1870359 0.6863948 3.731872
0.2167901 0.4239316 3.682564
0.2075979 0.03775664 3.762627
0.2066388 0.01731131 3.6639
0.1058997 1.216499 3.773204
-0.0735319 0.5576029 3.671049
-0.04594639 0.6380016 3.647935
0.335339 0.6378251 3.623311
0.236602 0.6767502 3.658378
105
0.1103049 0.6813893 3.774892
0.1075346 0.989159 3.778509
0.1052622 1.291332 3.768076
0.1002163 1.425327 3.779178
-0.05945129 1.158445 3.759764
-0.1060763 0.9422677 3.762166
-0.08840623 0.7125568 3.718484
-0.07958337 0.6277717 3.691124
0.2727662 1.178524 3.759097
0.2712727 0.9458987 3.788474
0.3095709 0.7118783 3.669676
0.2946538 0.6553324 3.665245
0.03219321 0.6821626 3.738248
0.008371146 0.4170828 3.691719
0.004428456 0.03997441 3.78003
-0.002175616 0.02420979 3.712417
0.1870359 0.6863948 3.731872
0.2167901 0.4239316 3.682564
0.2075979 0.03775664 3.762627
0.2066388 0.01731131 3.6639
0.1058997 1.216499 3.773204
-0.0735319 0.5576029 3.671049
-0.04594639 0.6380016 3.647935
0.335339 0.6378251 3.623311
0.236602 0.6767502 3.658378
106
0.1106346 0.6812241 3.774597
0.1077442 0.9890955 3.778207
0.1053424 1.291328 3.767813
0.1003545 1.425391 3.77894
-0.05945368 1.15837 3.758897
-0.1091656 0.9445706 3.760658
-0.08874533 0.7146552 3.717407
-0.07923029 0.6279289 3.690556
0.272955 1.178254 3.759422
0.276171 0.9469953 3.787765
0.3122445 0.7024235 3.682406
0.3029385 0.6129745 3.670897
0.0323663 0.6820829 3.737784
0.008396219 0.4171493 3.691159
0.004952492 0.04456732 3.780513
-0.001897058 0.02834224 3.712594
0.1876451 0.6860784 3.732132
0.2170152 0.4230085 3.683105
0.2097006 0.08699264 3.75382
0.2113023 0.06082788 3.629661
0.1060099 1.216485 3.772926
-0.07307279 0.5577864 3.670547
-0.04542997 0.6382957 3.647737
0.3390728 0.5627263 3.630471
0.2618553 0.5936059 3.662657
107
0.1106346 0.6812241 3.774597
0.1077442 0.9890955 3.778207
0.1053424 1.291328 3.767813
0.1003545 1.425391 3.77894
-0.05945368 1.15837 3.758897
-0.1091656 0.9445706 3.760658
-0.08874533 0.7146552 3.717407
-0.07923029 0.6279289 3.690556
0.272955 1.178254 3.759422
0.276171 0.9469953 3.787765
0.3122445 0.7024235 3.682406
0.3029385 0.6129745 3.670897
0.0323663 0.6820829 3.737784
0.008396219 0.4171493 3.691159
0.004952492 0.04456732 3.780513
-0.001897058 0.02834224 3.712594
0.1876451 0.6860784 3.732132
0.2170152 0.4230085 3.683105
0.2097006 0.08699264 3.75382
0.2113023 0.06082788 3.629661
0.1060099 1.216485 3.772926
-0.07307279 0.5577864 3.670547
-0.04542997 0.6382957 3.647737
0.3390728 0.5627263 3.630471
0.2618553 0.5936059 3.662657
108
0.1110146 0.6810139 3.774333
0.1079375 0.9890233 3.777987
0.105406 1.291319 3.767638
0.1004639 1.425437 3.778768
-0.05953835 1.15825 3.758235
-0.1126078 0.9473725 3.759515
-0.0898191 0.7175168 3.716616
-0.07900431 0.6280085 3.690159
0.2731051 1.177924 3.759659
0.2827925 0.9472083 3.784655
0.3165736 0.6884061 3.700934
0.3079254 0.6082058 3.6794
0.03258155 0.6819562 3.737349
0.008433054 0.4171955 3.690699
0.005324112 0.04793937 3.780921
-0.001910007 0.03132046 3.712654
0.1883158 0.6857188 3.732467
0.2172745 0.4223171 3.683583
0.2109064 0.1010637 3.75224
0.2136359 0.07302245 3.621285
0.1060975 1.216468 3.772739
-0.07266371 0.5579472 3.670493
-0.045081 0.6391668 3.648
0.3401674 0.5441251 3.647236
0.2719478 0.6052668 3.657214
109
0.1110146 0.6810139 3.774333
0.1079375 0.9890233 3.777987
0.105406 1.291319 3.767638
0.1004639 1.425437 3.778768
-0.05953835 1.15825 3.758235
-0.1126078 0.9473725 3.759515
-0.0898191 0.7175168 3.716616
-0.07900431 0.6280085 3.690159
0.2731051 1.177924 3.759659
0.2827925 0.9472083 3.784655
0.3165736 0.6884061 3.700934
0.3079254 0.6082058 3.6794
0.03258155 0.6819562 3.737349
0.008433054 0.4171955 3.690699
0.005324112 0.04793937 3.780921
-0.001910007 0.03132046 3.712654
0.1883158 0.6857188 3.732467
0.2172745 0.4223171 3.683583
0.2109064 0.1010637 3.75224
0.2136359 0.07302245 3.621285
0.1060975 1.216468 3.772739
-0.07266371 0.5579472 3.670493
-0.045081 0.6391668 3.648
0.3401674 0.5441251 3.647236
0.2719478 0.6052668 3.657214
110
0.111511 0.6806799 3.7741
0.108147 0.9888904 3.777832
0.1054594 1.291256 3.76756
0.100558 1.425464 3.77866
-0.05970146 1.158067 3.757708
-0.1155132 0.9497496 3.75899
-0.0910127 0.7201746 3.716224
-0.07917045 0.6282011 3.690337
0.2732823 1.177406 3.759825
0.2888114 0.9463686 3.77984
0.3184894 0.6880524 3.715137
0.3069755 0.6339737 3.697688
0.03291975 0.6816989 3.736927
0.008482787 0.4172296 3.690306
0.005593874 0.05075745 3.781336
-0.001974074 0.03375695 3.712654
0.1890349 0.6852756 3.732861
0.2175287 0.4218267 3.683991
0.2118228 0.1128894 3.750776
0.2147026 0.08311426 3.613286
0.1061809 1.216404 3.772631
-0.0739825 0.558046 3.672311
-0.04497328 0.6390733 3.64798
0.3330464 0.5611751 3.672116
0.2753846 0.6182553 3.666468
111
0.111511 0.6806799 3.7741
0.108147 0.9888904 3.777832
0.1054594 1.291256 3.76756
0.100558 1.425464 3.77866
-0.05970146 1.158067 3.757708
-0.1155132 0.9497496 3.75899
-0.0910127 0.7201746 3.716224
-0.07917045 0.6282011 3.690337
0.2732823 1.177406 3.759825
0.2888114 0.9463686 3.77984
0.3184894 0.6880524 3.715137
0.3069755 0.6339737 3.697688
0.03291975 0.6816989 3.736927
0.008482787 0.4172296 3.690306
0.005593874 0.05075745 3.781336
-0.001974074 0.03375695 3.712654
0.1890349 0.6852756 3.732861
0.2175287 0.4218267 3.683991
0.2118228 0.1128894 3.750776
0.2147026 0.08311426 3.613286
0.1061809 1.216404 3.772631
-0.0739825 0.558046 3.672311
-0.04497328 0.6390733 3.64798
0.3330464 0.5611751 3.672116
0.2753846 0.6182553 3.666468
112
0.1120308 0.6802591 3.773903
0.1083424 0.9887208 3.777743
0.1054689 1.291133 3.76764
0.1006338 1.425438 3.778644
-0.05996124 1.157797 3.757304
-0.1168942 0.9461462 3.759513
-0.09201331 0.718551 3.715595
-0.07944492 0.6283755 3.690295
0.2733934 1.176535 3.759851
0.2936972 0.944474 3.772904
0.320465 0.6890676 3.722909
0.3094243 0.6083382 3.707333
0.03329522 0.681326 3.736549
0.008548499 0.4172689 3.689942
0.005777217 0.05291453 3.7817
-0.002051661 0.03557948 3.712629
0.189705 0.6848101 3.733246
0.2178239 0.4213604 3.684573
0.2121358 0.1157387 3.750386
0.2151193 0.08526437 3.609127
0.1062401 1.216293 3.772634
-0.07423349 0.5582257 3.672824
-0.04507697 0.6398143 3.648556
0.3359514 0.5227529 3.685979
0.2809367 0.5927513 3.673194
113
0.1120308 0.6802591 3.773903
0.1083424 0.9887208 3.777743
0.1054689 1.291133 3.76764
0.1006338 1.425438 3.778644
-0.05996124 1.157797 3.757304
-0.1168942 0.9461462 3.759513
-0.09201331 0.718551 3.715595
-0.07944492 0.6283755 3.690295
0.2733934 1.176535 3.759851
0.2936972 0.944474 3.772904
0.320465 0.6890676 3.722909
0.3094243 0.6083382 3.707333
0.03329522 0.681326 3.736549
0.008548499 0.4172689 3.689942
0.005777217 0.05291453 3.7817
-0.002051661 0.03557948 3.712629
0.189705 0.6848101 3.733246
0.2178239 0.4213604 3.684573
0.2121358 0.1157387 3.750386
0.2151193 0.08526437 3.609127
0.1062401 1.216293 3.772634
-0.07423349 0.5582257 3.672824
-0.04507697 0.6398143 3.648556
0.3359514 0.5227529 3.685979
0.2809367 0.5927513 3.673194
114
0.1125534 0.6797776 3.773781
0.1085401 0.9884572 3.777736
0.1054133 1.290872 3.767893
0.1007036 1.425246 3.778826
-0.0602712 1.157463 3.757051
-0.1158832 0.9413541 3.76006
-0.09340684 0.7145256 3.715036
-0.07970504 0.6283385 3.690491
0.2735027 1.175622 3.759814
0.2971347 0.9428033 3.767053
0.3216228 0.6915957 3.727267
0.3102873 0.6041592 3.712131
0.03370457 0.6808676 3.736314
0.008628585 0.4172331 3.689651
0.005256885 0.05016404 3.781203
-0.002703466 0.03269548 3.710872
0.1903065 0.6843358 3.73361
0.2180852 0.4209497 3.685254
0.2123665 0.1172694 3.750218
0.2152487 0.0864094 3.606213
0.1062621 1.216056 3.772777
-0.07581012 0.5583911 3.673901
-0.04509917 0.6400082 3.648789
0.32851 0.5317884 3.701433
0.282926 0.594591 3.674787
115
0.1125534 0.6797776 3.773781
0.1085401 0.9884572 3.777736
0.1054133 1.290872 3.767893
0.1007036 1.425246 3.778826
-0.0602712 1.157463 3.757051
-0.1158832 0.9413541 3.76006
-0.09340684 0.7145256 3.715036
-0.07970504 0.6283385 3.690491
0.2735027 1.175622 3.759814
0.2971347 0.9428033 3.767053
0.3216228 0.6915957 3.727267
0.3102873 0.6041592 3.712131
0.03370457 0.6808676 3.736314
0.008628585 0.4172331 3.689651
0.005256885 0.05016404 3.781203
-0.002703466 0.03269548 3.710872
0.1903065 0.6843358 3.73361
0.2180852 0.4209497 3.685254
0.2123665 0.1172694 3.750218
0.2152487 0.0864094 3.606213
0.1062621 1.216056 3.772777
-0.07581012 0.5583911 3.673901
-0.04509917 0.6400082 3.648789
0.32851 0.5317884 3.701433
0.282926 0.594591 3.674787
116
0.1130241 0.6793154 3.773692
0.1087238 0.9881603 3.77777
0.1053307 1.290555 3.768212
0.1007461 1.425052 3.779028
-0.06067143 1.157018 3.756944
-0.1144396 0.9369187 3.760718
-0.09447264 0.7106451 3.714658
-0.08034899 0.6281837 3.69102
0.2735789 1.174694 3.759689
0.2992336 0.9416116 3.763302
0.3237958 0.6962732 3.727386
0.308563 0.6288671 3.717009
0.03408317 0.6804113 3.736148
0.008715333 0.4171819 3.689381
0.005150395 0.0500603 3.781204
-0.002806703 0.03245435 3.710504
0.1908162 0.6839066 3.733915
0.218301 0.4206145 3.685866
0.2126091 0.1130169 3.75027
0.2146115 0.08217182 3.603131
0.1062627 1.215765 3.772983
-0.07746264 0.5584734 3.675467
-0.04692252 0.6409786 3.650828
0.327718 0.5638604 3.702201
0.2842562 0.6254253 3.678993
117
0.1130241 0.6793154 3.773692
0.1087238 0.9881603 3.77777
0.1053307 1.290555 3.768212
0.1007461 1.425052 3.779028
-0.06067143 1.157018 3.756944
-0.1144396 0.9369187 3.760718
-0.09447264 0.7106451 3.714658
-0.08034899 0.6281837 3.69102
0.2735789 1.174694 3.759689
0.2992336 0.9416116 3.763302
0.3237958 0.6962732 3.727386
0.308563 0.6288671 3.717009
0.03408317 0.6804113 3.736148
0.008715333 0.4171819 3.689381
0.005150395 0.0500603 3.781204
-0.002806703 0.03245435 3.710504
0.1908162 0.6839066 3.733915
0.218301 0.4206145 3.685866
0.2126091 0.1130169 3.75027
0.2146115 0.08217182 3.603131
0.1062627 1.215765 3.772983
-0.07746264 0.5584734 3.675467
-0.04692252 0.6409786 3.650828
0.327718 0.5638604 3.702201
0.2842562 0.6254253 3.678993
118
0.1134613 0.678865 3.773655
0.10889 0.9878194 3.77786
0.1051775 1.290148 3.76863
0.100719 1.424781 3.77934
-0.06140295 1.156058 3.757299
-0.1132481 0.9325029 3.762925
-0.09523828 0.7073947 3.714448
-0.08063809 0.6280947 3.691405
0.2736016 1.173824 3.759529
0.3005795 0.9408127 3.760962
0.324355 0.69933 3.728277
0.3066473 0.6427414 3.720171
0.03446141 0.6799196 3.736106
0.00878462 0.4171381 3.689131
0.005070094 0.04999381 3.781225
-0.003050673 0.03225219 3.71017
0.1912517 0.6835257 3.734179
0.2184125 0.4203263 3.68654
0.2128873 0.1079632 3.750426
0.213796 0.07744147 3.601272
0.106213 1.215393 3.773279
-0.07829594 0.5585025 3.676344
-0.04798267 0.6414405 3.651673
0.3206436 0.5775997 3.700247
0.2814884 0.6438433 3.678592
119
0.1134613 0.678865 3.773655
0.10889 0.9878194 3.77786
0.1051775 1.290148 3.76863
0.100719 1.424781 3.77934
-0.06140295 1.156058 3.757299
-0.1132481 0.9325029 3.762925
-0.09523828 0.7073947 3.714448
-0.08063809 0.6280947 3.691405
0.2736016 1.173824 3.759529
0.3005795 0.9408127 3.760962
0.324355 0.69933 3.728277
0.3066473 0.6427414 3.720171
0.03446141 0.6799196 3.736106
0.00878462 0.4171381 3.689131
0.005070094 0.04999381 3.781225
-0.003050673 0.03225219 3.71017
0.1912517 0.6835257 3.734179
0.2184125 0.4203263 3.68654
0.2128873 0.1079632 3.750426
0.213796 0.07744147 3.601272
0.106213 1.215393 3.773279
-0.07829594 0.5585025 3.676344
-0.04798267 0.6414405 3.651673
0.3206436 0.5775997 3.700247
0.2814884 0.6438433 3.678592
120
0.1138232 0.6784514 3.773646
0.1090323 0.9874755 3.777985
0.1050197 1.289744 3.769094
0.1006324 1.424483 3.779704
-0.06214369 1.15506 3.75785
-0.1091874 0.927806 3.766005
-0.0957279 0.704918 3.714535
-0.08085231 0.6280409 3.691634
0.273605 1.173061 3.75937
0.3014799 0.9403133 3.759528
0.3243554 0.7022843 3.728025
0.3042822 0.6541548 3.719976
0.03477339 0.6794503 3.736134
0.008845799 0.4170887 3.688908
0.004669066 0.04811912 3.780919
-0.003675012 0.03028389 3.70902
0.1915976 0.6831902 3.734395
0.2183833 0.4199292 3.687415
0.2131207 0.1033249 3.750587
0.2130477 0.07333659 3.600285
0.1061505 1.215014 3.773624
-0.07919995 0.5586115 3.676582
-0.05659646 0.5954884 3.648535
0.3139246 0.5859033 3.699346
0.2797166 0.6528164 3.677625
121
0.1138232 0.6784514 3.773646
0.1090323 0.9874755 3.777985
0.1050197 1.289744 3.769094
0.1006324 1.424483 3.779704
-0.06214369 1.15506 3.75785
-0.1091874 0.927806 3.766005
-0.0957279 0.704918 3.714535
-0.08085231 0.6280409 3.691634
0.273605 1.173061 3.75937
0.3014799 0.9403133 3.759528
0.3243554 0.7022843 3.728025
0.3042822 0.6541548 3.719976
0.03477339 0.6794503 3.736134
0.008845799 0.4170887 3.688908
0.004669066 0.04811912 3.780919
-0.003675012 0.03028389 3.70902
0.1915976 0.6831902 3.734395
0.2183833 0.4199292 3.687415
0.2131207 0.1033249 3.750587
0.2130477 0.07333659 3.600285
0.1061505 1.215014 3.773624
-0.07919995 0.5586115 3.676582
-0.05659646 0.5954884 3.648535
0.3139246 0.5859033 3.699346
0.2797166 0.6528164 3.677625
122
0.1141071 0.6780447 3.773685
0.1091228 0.9870543 3.77822
0.1047572 1.289217 3.769794
0.1004955 1.424176 3.780141
-0.06284483 1.15404 3.758597
-0.1032346 0.9235367 3.768347
-0.0959185 0.7029205 3.71477
-0.08095606 0.6279017 3.691935
0.2735644 1.172374 3.759218
0.3021051 0.9399236 3.758539
0.3215262 0.7053034 3.726232
0.2923012 0.626586 3.705347
0.03500357 0.6789205 3.736303
0.0089 0.4170253 3.688704
0.004102775 0.04459506 3.780242
-0.004350027 0.02689953 3.707803
0.1918666 0.682889 3.734578
0.2183108 0.4195832 3.688207
0.2131823 0.09926552 3.750607
0.2122124 0.06988429 3.599705
0.105997 1.214514 3.774179
-0.07989597 0.5584938 3.678465
-0.05825997 0.5888293 3.648396
0.2878587 0.5413309 3.675967
0.2684222 0.6328328 3.663963
123
0.1141071 0.6780447 3.773685
0.1091228 0.9870543 3.77822
0.1047572 1.289217 3.769794
0.1004955 1.424176 3.780141
-0.06284483 1.15404 3.758597
-0.1032346 0.9235367 3.768347
-0.0959185 0.7029205 3.71477
-0.08095606 0.6279017 3.691935
0.2735644 1.172374 3.759218
0.3021051 0.9399236 3.758539
0.3215262 0.7053034 3.726232
0.2923012 0.626586 3.705347
0.03500357 0.6789205 3.736303
0.0089 0.4170253 3.688704
0.004102775 0.04459506 3.780242
-0.004350027 0.02689953 3.707803
0.1918666 0.682889 3.734578
0.2183108 0.4195832 3.688207
0.2131823 0.09926552 3.750607
0.2122124 0.06988429 3.599705
0.105997 1.214514 3.774179
-0.07989597 0.5584938 3.678465
-0.05825997 0.5888293 3.648396
0.2878587 0.5413309 3.675967
0.2684222 0.6328328 3.663963
124
0.1142977 0.6776763 3.773736
0.1091835 0.986622 3.778471
0.1045356 1.288661 3.770471
0.1003215 1.423871 3.780573
-0.06366021 1.152791 3.759805
-0.09888375 0.9203954 3.769897
-0.09434313 0.6990462 3.71633
-0.08083092 0.6223845 3.69203
0.2735356 1.171813 3.759109
0.3023552 0.9395559 3.758141
0.3203123 0.70893 3.724753
0.2895655 0.6319833 3.703049
0.03513288 0.6784399 3.736507
0.008962957 0.41697 3.688483
0.003899954 0.04380549 3.780092
-0.004791817 0.02605502 3.707305
0.192046 0.6826151 3.734722
0.2181485 0.4191925 3.689006
0.213238 0.0960588 3.750625
0.2114874 0.06726177 3.599475
0.1058547 1.213987 3.774734
-0.07635026 0.5485189 3.678002
-0.05848235 0.5906322 3.647354
0.2810602 0.5533965 3.674312
0.2642468 0.6370456 3.659054
125
0.1142977 0.6776763 3.773736
0.1091835 0.986622 3.778471
0.1045356 1.288661 3.770471
0.1003215 1.423871 3.780573
-0.06366021 1.152791 3.759805
-0.09888375 0.9203954 3.769897
-0.09434313 0.6990462 3.71633
-0.08083092 0.6223845 3.69203
0.2735356 1.171813 3.759109
0.3023552 0.9395559 3.758141
0.3203123 0.70893 3.724753
0.2895655 0.6319833 3.703049
0.03513288 0.6784399 3.736507
0.008962957 0.41697 3.688483
0.003899954 0.04380549 3.780092
-0.004791817 0.02605502 3.707305
0.192046 0.6826151 3.734722
0.2181485 0.4191925 3.689006
0.213238 0.0960588 3.750625
0.2114874 0.06726177 3.599475
0.1058547 1.213987 3.774734
-0.07635026 0.5485189 3.678002
-0.05848235 0.5906322 3.647354
0.2810602 0.5533965 3.674312
0.2642468 0.6370456 3.659054
126
0.1144438 0.6773382 3.773794
0.1092052 0.9861761 3.778756
0.1042385 1.288052 3.771263
0.1001352 1.423585 3.780987
-0.06451103 1.151375 3.761288
-0.09353029 0.9174196 3.770547
-0.09268134 0.6952864 3.717767
-0.08078579 0.6204201 3.692387
0.2735153 1.171353 3.759034
0.3023898 0.9392524 3.758192
0.3185035 0.7106633 3.723263
0.2872191 0.6262762 3.698846
0.03522196 0.6779957 3.736724
0.009031309 0.4169385 3.688241
0.003619356 0.04417811 3.78001
-0.005121658 0.02632786 3.706988
0.1921792 0.6823686 3.734836
0.2179516 0.418889 3.689701
0.2132232 0.09360429 3.750613
0.2108117 0.06532457 3.599404
0.105647 1.213415 3.775382
-0.07551283 0.5448797 3.679982
-0.06126893 0.5555585 3.645083
0.27796 0.5318516 3.663105
0.2597986 0.6098971 3.652037
127
0.1144438 0.6773382 3.773794
0.1092052 0.9861761 3.778756
0.1042385 1.288052 3.771263
0.1001352 1.423585 3.780987
-0.06451103 1.151375 3.761288
-0.09353029 0.9174196 3.770547
-0.09268134 0.6952864 3.717767
-0.08078579 0.6204201 3.692387
0.2735153 1.171353 3.759034
0.3023898 0.9392524 3.758192
0.3185035 0.7106633 3.723263
0.2872191 0.6262762 3.698846
0.03522196 0.6779957 3.736724
0.009031309 0.4169385 3.688241
0.003619356 0.04417811 3.78001
-0.005121658 0.02632786 3.706988
0.1921792 0.6823686 3.734836
0.2179516 0.418889 3.689701
0.2132232 0.09360429 3.750613
0.2108117 0.06532457 3.599404
0.105647 1.213415 3.775382
-0.07551283 0.5448797 3.679982
-0.06126893 0.5555585 3.645083
0.27796 0.5318516 3.663105
0.2597986 0.6098971 3.652037
128
0.1145374 0.6770103 3.773877
0.1091887 0.9857045 3.779095
0.1039471 1.287441 3.772078
0.0998831 1.423195 3.781468
-0.0650805 1.150452 3.762496
-0.09007402 0.9157909 3.770909
-0.09158296 0.6929233 3.718884
-0.08074121 0.6194034 3.692704
0.2734683 1.170948 3.759006
0.3021666 0.9389775 3.758679
0.3174604 0.7117109 3.72245
0.2859049 0.6227116 3.696411
0.03523399 0.6775448 3.737033
0.009114482 0.4169438 3.687937
0.003373283 0.04523727 3.77995
-0.005424359 0.02724577 3.70672
0.19227 0.6821355 3.734932
0.2177499 0.4186611 3.690296
0.2131807 0.09170301 3.750581
0.210275 0.063873 3.599425
0.1054263 1.212829 3.776073
-0.07535115 0.5435329 3.680434
-0.05965041 0.5768862 3.648709
0.2761354 0.5376882 3.664099
0.2581478 0.6060954 3.649951
129
0.1145374 0.6770103 3.773877
0.1091887 0.9857045 3.779095
0.1039471 1.287441 3.772078
0.0998831 1.423195 3.781468
-0.0650805 1.150452 3.762496
-0.09007402 0.9157909 3.770909
-0.09158296 0.6929233 3.718884
-0.08074121 0.6194034 3.692704
0.2734683 1.170948 3.759006
0.3021666 0.9389775 3.758679
0.3174604 0.7117109 3.72245
0.2859049 0.6227116 3.696411
0.03523399 0.6775448 3.737033
0.009114482 0.4169438 3.687937
0.003373283 0.04523727 3.77995
-0.005424359 0.02724577 3.70672
0.19227 0.6821355 3.734932
0.2177499 0.4186611 3.690296
0.2131807 0.09170301 3.750581
0.210275 0.063873 3.599425
0.1054263 1.212829 3.776073
-0.07535115 0.5435329 3.680434
-0.05965041 0.5768862 3.648709
0.2761354 0.5376882 3.664099
0.2581478 0.6060954 3.649951
130
0.1145946 0.6767069 3.773971
0.1091452 0.9852185 3.779496
0.1036655 1.286789 3.773042
0.09948061 1.422799 3.782581
-0.06557561 1.149706 3.76381
-0.0877226 0.9147674 3.771249
-0.09079469 0.6913131 3.719717
-0.08068811 0.6185942 3.692914
0.2734223 1.170579 3.759065
0.3046024 0.939956 3.762098
0.3167766 0.7127884 3.721927
0.2854138 0.6188253 3.694476
0.0351973 0.677117 3.737404
0.009191954 0.4169546 3.687654
0.003178945 0.04643989 3.779931
-0.005664619 0.02831049 3.706561
0.1923274 0.6819194 3.735007
0.2175583 0.4184631 3.690843
0.2130783 0.09017576 3.750572
0.2097609 0.06274394 3.599551
0.1052005 1.212206 3.776893
-0.07537984 0.5427094 3.680847
-0.0603539 0.5702502 3.649295
0.2858373 0.5343805 3.663845
0.2570896 0.6028504 3.64853
131
0.1145946 0.6767069 3.773971
0.1091452 0.9852185 3.779496
0.1036655 1.286789 3.773042
0.09948061 1.422799 3.782581
-0.06557561 1.149706 3.76381
-0.0877226 0.9147674 3.771249
-0.09079469 0.6913131 3.719717
-0.08068811 0.6185942 3.692914
0.2734223 1.170579 3.759065
0.3046024 0.939956 3.762098
0.3167766 0.7127884 3.721927
0.2854138 0.6188253 3.694476
0.0351973 0.677117 3.737404
0.009191954 0.4169546 3.687654
0.003178945 0.04643989 3.779931
-0.005664619 0.02831049 3.706561
0.1923274 0.6819194 3.735007
0.2175583 0.4184631 3.690843
0.2130783 0.09017576 3.750572
0.2097609 0.06274394 3.599551
0.1052005 1.212206 3.776893
-0.07537984 0.5427094 3.680847
-0.0603539 0.5702502 3.649295
0.2858373 0.5343805 3.663845
0.2570896 0.6028504 3.64853
132
0.114602 0.6764186 3.774074
0.1090676 0.9847243 3.779939
0.103411 1.286107 3.774085
0.09911928 1.422443 3.783604
-0.06596237 1.149114 3.765007
-0.0862303 0.9140794 3.771566
-0.09029438 0.6901876 3.720402
-0.08080102 0.6181116 3.693474
0.2734057 1.170207 3.759265
0.3053156 0.9399996 3.765058
0.3161832 0.7134452 3.721513
0.2852537 0.6155162 3.693059
0.03511588 0.6767387 3.737758
0.009271654 0.4169729 3.687373
0.003028582 0.04758827 3.77999
-0.005741346 0.02934965 3.706657
0.1923355 0.6816992 3.735078
0.2174038 0.4183233 3.691297
0.213016 0.0892894 3.750565
0.2093681 0.06215843 3.599674
0.1049796 1.21156 3.777784
-0.07684268 0.5426294 3.682828
-0.05836973 0.5933699 3.649168
0.2950167 0.5284724 3.667091
0.2569094 0.5986919 3.647984
133
0.114602 0.6764186 3.774074
0.1090676 0.9847243 3.779939
0.103411 1.286107 3.774085
0.09911928 1.422443 3.783604
-0.06596237 1.149114 3.765007
-0.0862303 0.9140794 3.771566
-0.09029438 0.6901876 3.720402
-0.08080102 0.6181116 3.693474
0.2734057 1.170207 3.759265
0.3053156 0.9399996 3.765058
0.3161832 0.7134452 3.721513
0.2852537 0.6155162 3.693059
0.03511588 0.6767387 3.737758
0.009271654 0.4169729 3.687373
0.003028582 0.04758827 3.77999
-0.005741346 0.02934965 3.706657
0.1923355 0.6816992 3.735078
0.2174038 0.4183233 3.691297
0.213016 0.0892894 3.750565
0.2093681 0.06215843 3.599674
0.1049796 1.21156 3.777784
-0.07684268 0.5426294 3.682828
-0.05836973 0.5933699 3.649168
0.2950167 0.5284724 3.667091
0.2569094 0.5986919 3.647984
134
0.1145544 0.6761346 3.774176
0.108977 0.9842649 3.780356
0.1032123 1.285505 3.774998
0.09877105 1.422062 3.784588
-0.06625725 1.148662 3.766061
-0.08516522 0.9136102 3.7718
-0.0898426 0.6894543 3.720525
-0.0809515 0.6186576 3.694311
0.2733956 1.169876 3.759494
0.3054507 0.9399284 3.766721
0.3155013 0.7138757 3.720932
0.2853439 0.6120473 3.691553
0.03498642 0.6764067 3.738094
0.009351822 0.4169526 3.687126
0.002911678 0.04864034 3.780062
-0.005765534 0.03030855 3.706811
0.1922763 0.6814431 3.735127
0.2172846 0.4181942 3.691676
0.2129078 0.08837522 3.750452
0.209068 0.06156572 3.599725
0.1047947 1.210985 3.778575
-0.07864056 0.5454771 3.682884
-0.05880014 0.591566 3.649934
0.2941916 0.5349578 3.669762
0.2570218 0.5991573 3.646744
