120
1
-0.08491213 0.7535438 3.837575
-0.09497041 1.1076 3.855295
-0.1048349 1.453691 3.857173
-0.1028188 1.581644 3.860058
-0.3046204 1.334301 3.807406
-0.3484757 1.051066 3.789811
-0.3236261 0.8258577 3.741411
-0.3203121 0.798729 3.746375
0.09247958 1.338068 3.87251
0.1361933 1.076957 3.884271
0.1479849 0.8253354 3.802917
0.118439 0.7884421 3.795712
-0.1722177 0.7529901 3.781516
-0.1972419 0.377148 3.802052
-0.1909863 0.132529 3.859357
-0.2057234 0.1093252 3.761916
0.004197929 0.7595201 3.807403
0.05465477 0.3873159 3.834857
0.02233483 0.1154829 3.856928
0.05700938 0.1047589 3.775626
-0.1024717 1.368222 3.859548
-0.3004558 0.7354993 3.75024
-0.2693823 0.8147853 3.710988
0.1157581 0.7154971 3.786468
0.09458891 0.7975966 3.751667
2
-0.08491213 0.7535438 3.837575
-0.09497041 1.1076 3.855295
-0.1048349 1.453691 3.857173
-0.1028188 1.581644 3.860058
-0.3046204 1.334301 3.807406
-0.3484757 1.051066 3.789811
-0.3236261 0.8258577 3.741411
-0.3203121 0.798729 3.746375
0.09247958 1.338068 3.87251
0.1361933 1.076957 3.884271
0.1479849 0.8253354 3.802917
0.118439 0.7884421 3.795712
-0.1722177 0.7529901 3.781516
-0.1972419 0.377148 3.802052
-0.1909863 0.132529 3.859357
-0.2057234 0.1093252 3.761916
0.004197929 0.7595201 3.807403
0.05465477 0.3873159 3.834857
0.02233483 0.1154829 3.856928
0.05700938 0.1047589 3.775626
-0.1024717 1.368222 3.859548
-0.3004558 0.7354993 3.75024
-0.2693823 0.8147853 3.710988
0.1157581 0.7154971 3.786468
0.09458891 0.7975966 3.751667
3
-0.08488162 0.7534877 3.837445
-0.09495831 1.107557 3.855033
-0.1048186 1.453701 3.856668
-0.1027169 1.581723 3.859745
-0.3045193 1.334279 3.807138
-0.3484861 1.05112 3.78969
-0.3236055 0.8258891 3.741335
-0.3201051 0.7987959 3.74636
0.09243542 1.338065 3.872217
0.1362024 1.076854 3.884088
0.1458269 0.8200296 3.801524
0.1187194 0.7873309 3.795645
-0.172182 0.7529349 3.781363
-0.1972523 0.3771178 3.801967
-0.1909595 0.1325729 3.859435
-0.2058033 0.1092921 3.761994
0.004254986 0.7594063 3.807319
0.05478167 0.3871789 3.834686
0.02237415 0.1156318 3.856891
0.05693807 0.1048633 3.775649
-0.1024537 1.368212 3.859111
-0.2999485 0.7354447 3.750025
-0.2693675 0.8158168 3.71124
0.1152733 0.7110344 3.783988
0.09525279 0.7943779 3.752047
4
-0.08488162 0.7534877 3.837445
-0.09495831 1.107557 3.855033
-0.1048186 1.453701 3.856668
-0.1027169 1.581723 3.859745
-0.3045193 1.334279 3.807138
-0.3484861 1.05112 3.78969
-0.3236055 0.8258891 3.741335
-0.3201051 0.7987959 3.74636
0.09243542 1.338065 3.872217
0.1362024 1.076854 3.884088
0.1458269 0.8200296 3.801524
0.1187194 0.7873309 3.795645
-0.172182 0.7529349 3.781363
-0.1972523 0.3771178 3.801967
-0.1909595 0.1325729 3.859435
-0.2058033 0.1092921 3.761994
0.004254986 0.7594063 3.807319
0.05478167 0.3871789 3.834686
0.02237415 0.1156318 3.856891
0.05693807 0.1048633 3.775649
-0.1024537 1.368212 3.859111
-0.2999485 0.7354447 3.750025
-0.2693675 0.8158168 3.71124
0.1152733 0.7110344 3.783988
0.09525279 0.7943779 3.752047
5
-0.08488162 0.7534877 3.837445
-0.09495831 1.107557 3.855033
-0.1048186 1.453701 3.856668
-0.1027169 1.581723 3.859745
-0.3045193 1.334279 3.807138
-0.3484861 1.05112 3.78969
-0.3236055 0.8258891 3.741335
-0.3201051 0.7987959 3.74636
0.09243542 1.338065 3.872217
0.1362024 1.076854 3.884088
0.1458269 0.8200296 3.801524
0.1187194 0.7873309 3.795645
-0.172182 0.7529349 3.781363
-0.1972523 0.3771178 3.801967
-0.1909595 0.1325729 3.859435
-0.2058033 0.1092921 3.761994
0.004254986 0.7594063 3.807319
0.05478167 0.3871789 3.834686
0.02237415 0.1156318 3.856891
0.05693807 0.1048633 3.775649
-0.1024537 1.368212 3.859111
-0.2999485 0.7354447 3.750025
-0.2693675 0.8158168 3.71124
0.1152733 0.7110344 3.783988
0.09525279 0.7943779 3.752047
6
-0.08485006 0.7534382 3.837325
-0.09494578 1.107523 3.854784
-0.1048096 1.453717 3.8562
-0.1025448 1.581769 3.859419
-0.3044335 1.334267 3.806886
-0.3485082 1.05118 3.789579
-0.3235854 0.8259242 3.741274
-0.320002 0.7988549 3.746465
0.09241404 1.338065 3.87188
0.1362453 1.076713 3.883883
0.1467615 0.8310565 3.80443
0.118925 0.7896175 3.795629
-0.1721441 0.7528861 3.781222
-0.1972635 0.3770926 3.80189
-0.1909299 0.1325396 3.859536
-0.2059203 0.1091735 3.762055
0.004306924 0.7593107 3.807244
0.0548977 0.3870667 3.834541
0.02239989 0.1157024 3.856862
0.05692289 0.104884 3.775604
-0.102441 1.36821 3.858703
-0.2995032 0.7354349 3.749904
-0.2693529 0.8166488 3.711436
0.11545 0.7206041 3.781765
0.09306074 0.8004509 3.750859
7
-0.08485006 0.7534382 3.837325
-0.09494578 1.107523 3.854784
-0.1048096 1.453717 3.8562
-0.1025448 1.581769 3.859419
-0.3044335 1.334267 3.806886
-0.3485082 1.05118 3.789579
-0.3235854 0.8259242 3.741274
-0.320002 0.7988549 3.746465
0.09241404 1.338065 3.87188
0.1362453 1.076713 3.883883
0.1467615 0.8310565 3.80443
0.118925 0.7896175 3.795629
-0.1721441 0.7528861 3.781222
-0.1972635 0.3770926 3.80189
-0.1909299 0.1325396 3.859536
-0.2059203 0.1091735 3.762055
0.004306924 0.7593107 3.807244
0.0548977 0.3870667 3.834541
0.02239989 0.1157024 3.856862
0.05692289 0.104884 3.775604
-0.102441 1.36821 3.858703
-0.2995032 0.7354349 3.749904
-0.2693529 0.8166488 3.711436
0.11545 0.7206041 3.781765
0.09306074 0.8004509 3.750859
8
-0.08481705 0.7533963 3.837214
-0.09494159 1.107503 3.854539
-0.1048587 1.453767 3.855714
-0.1023597 1.581792 3.859079
-0.3043571 1.334262 3.806651
-0.3485266 1.051243 3.789481
-0.3235676 0.8259568 3.741231
-0.3198778 0.7989022 3.746615
0.09241974 1.33806 3.871507
0.136297 1.076584 3.883695
0.1456368 0.8296009 3.803646
0.1193678 0.7887862 3.795661
-0.1721027 0.7528457 3.781087
-0.1972739 0.3770726 3.801815
-0.1909162 0.1324965 3.859646
-0.2060384 0.1090403 3.762109
0.004355524 0.7592319 3.807179
0.05501745 0.3869666 3.834391
0.02240691 0.1157901 3.856833
0.05690138 0.104921 3.775619
-0.1024695 1.368236 3.858283
-0.2989087 0.7354743 3.750085
-0.2692905 0.8180836 3.711902
0.1147666 0.7167884 3.779618
0.09377788 0.7990977 3.750734
9
-0.08477657 0.7533642 3.83711
-0.09488408 1.107496 3.854286
-0.1047137 1.453819 3.855224
-0.1021645 1.58181 3.858717
-0.3042885 1.334262 3.806434
-0.3485349 1.051301 3.789416
-0.3235507 0.8259948 3.741195
-0.3198267 0.7989808 3.746673
0.09242051 1.338093 3.871056
0.1363514 1.076488 3.883518
0.1449037 0.8277985 3.803436
0.1199669 0.7876102 3.796261
-0.1720561 0.752813 3.780967
-0.1972737 0.3770575 3.801752
-0.1909344 0.1324325 3.859758
-0.2061478 0.1088963 3.762165
0.004412795 0.7591756 3.807109
0.05513062 0.3868999 3.834253
0.02239175 0.1157788 3.856836
0.05692392 0.1048457 3.775638
-0.1023519 1.368271 3.857854
-0.29837 0.7355247 3.750114
-0.2692699 0.8187703 3.712055
0.1142158 0.7130391 3.780236
0.09684502 0.7928609 3.752818
10
-0.08477657 0.7533642 3.83711
-0.09488408 1.107496 3.854286
-0.1047137 1.453819 3.855224
-0.1021645 1.58181 3.858717
-0.3042885 1.334262 3.806434
-0.3485349 1.051301 3.789416
-0.3235507 0.8259948 3.741195
-0.3198267 0.7989808 3.746673
0.09242051 1.338093 3.871056
0.1363514 1.076488 3.883518
0.1449037 0.8277985 3.803436
0.1199669 0.7876102 3.796261
-0.1720561 0.752813 3.780967
-0.1972737 0.3770575 3.801752
-0.1909344 0.1324325 3.859758
-0.2061478 0.1088963 3.762165
0.004412795 0.7591756 3.807109
0.05513062 0.3868999 3.834253
0.02239175 0.1157788 3.856836
0.05692392 0.1048457 3.775638
-0.1023519 1.368271 3.857854
-0.29837 0.7355247 3.750114
-0.2692699 0.8187703 3.712055
0.1142158 0.7130391 3.780236
0.09684502 0.7928609 3.752818
11
-0.08477657 0.7533642 3.83711
-0.09488408 1.107496 3.854286
-0.1047137 1.453819 3.855224
-0.1021645 1.58181 3.858717
-0.3042885 1.334262 3.806434
-0.3485349 1.051301 3.789416
-0.3235507 0.8259948 3.741195
-0.3198267 0.7989808 3.746673
0.09242051 1.338093 3.871056
0.1363514 1.076488 3.883518
0.1449037 0.8277985 3.803436
0.1199669 0.7876102 3.796261
-0.1720561 0.752813 3.780967
-0.1972737 0.3770575 3.801752
-0.1909344 0.1324325 3.859758
-0.2061478 0.1088963 3.762165
0.004412795 0.7591756 3.807109
0.05513062 0.3868999 3.834253
0.02239175 0.1157788 3.856836
0.05692392 0.1048457 3.775638
-0.1023519 1.368271 3.857854
-0.29837 0.7355247 3.750114
-0.2692699 0.8187703 3.712055
0.1142158 0.7130391 3.780236
0.09684502 0.7928609 3.752818
12
-0.08470955 0.7533424 3.837007
-0.09480312 1.107493 3.85405
-0.1045526 1.453862 3.854795
-0.1019066 1.581818 3.858329
-0.3042259 1.334267 3.806231
-0.3485341 1.051363 3.789359
-0.3235383 0.8260443 3.741148
-0.3196775 0.7990508 3.747024
0.0924317 1.338128 3.870571
0.1364205 1.076402 3.883345
0.1552933 0.8423187 3.801071
0.1220156 0.7924545 3.797654
-0.1719816 0.7527835 3.780856
-0.1972723 0.3770488 3.801718
-0.1909453 0.1321728 3.859855
-0.2062399 0.1085766 3.762132
0.004497303 0.7591427 3.807032
0.05523286 0.3868597 3.834121
0.02238454 0.1158102 3.856839
0.05690882 0.1048212 3.775652
-0.102216 1.368301 3.857472
-0.2981314 0.7355496 3.750166
-0.269519 0.8141085 3.712195
0.125764 0.7363816 3.791356
0.1009967 0.8023016 3.755912
13
-0.08470955 0.7533424 3.837007
-0.09480312 1.107493 3.85405
-0.1045526 1.453862 3.854795
-0.1019066 1.581818 3.858329
-0.3042259 1.334267 3.806231
-0.3485341 1.051363 3.789359
-0.3235383 0.8260443 3.741148
-0.3196775 0.7990508 3.747024
0.0924317 1.338128 3.870571
0.1364205 1.076402 3.883345
0.1552933 0.8423187 3.801071
0.1220156 0.7924545 3.797654
-0.1719816 0.7527835 3.780856
-0.1972723 0.3770488 3.801718
-0.1909453 0.1321728 3.859855
-0.2062399 0.1085766 3.762132
0.004497303 0.7591427 3.807032
0.05523286 0.3868597 3.834121
0.02238454 0.1158102 3.856839
0.05690882 0.1048212 3.775652
-0.102216 1.368301 3.857472
-0.2981314 0.7355496 3.750166
-0.269519 0.8141085 3.712195
0.125764 0.7363816 3.791356
0.1009967 0.8023016 3.755912
14
-0.08466011 0.753334 3.836931
-0.09472023 1.107498 3.853836
-0.10437 1.453908 3.854404
-0.1016216 1.58183 3.857951
-0.3041692 1.334279 3.80604
-0.3485461 1.051508 3.789336
-0.323532 0.8261787 3.741104
-0.3195057 0.7991063 3.747228
0.09247261 1.338194 3.870049
0.136498 1.076324 3.883187
0.1496887 0.8302516 3.799638
0.122244 0.7891988 3.797451
-0.1719382 0.7527714 3.780788
-0.1972634 0.3770453 3.801682
-0.1909698 0.1314907 3.860024
-0.2063588 0.107755 3.761784
0.004568434 0.7591266 3.806968
0.05533738 0.3868402 3.833987
0.02237937 0.1158202 3.856838
0.05691057 0.1047751 3.775647
-0.1020669 1.368336 3.857126
-0.2978324 0.7355258 3.750103
-0.2695729 0.8124048 3.712026
0.1207137 0.7155922 3.781377
0.09962945 0.7833909 3.755436
15
-0.08466011 0.753334 3.836931
-0.09472023 1.107498 3.853836
-0.10437 1.453908 3.854404
-0.1016216 1.58183 3.857951
-0.3041692 1.334279 3.80604
-0.3485461 1.051508 3.789336
-0.323532 0.8261787 3.741104
-0.3195057 0.7991063 3.747228
0.09247261 1.338194 3.870049
0.136498 1.076324 3.883187
0.1496887 0.8302516 3.799638
0.122244 0.7891988 3.797451
-0.1719382 0.7527714 3.780788
-0.1972634 0.3770453 3.801682
-0.1909698 0.1314907 3.860024
-0.2063588 0.107755 3.761784
0.004568434 0.7591266 3.806968
0.05533738 0.3868402 3.833987
0.02237937 0.1158202 3.856838
0.05691057 0.1047751 3.775647
-0.1020669 1.368336 3.857126
-0.2978324 0.7355258 3.750103
-0.2695729 0.8124048 3.712026
0.1207137 0.7155922 3.781377
0.09962945 0.7833909 3.755436
16
-0.08461068 0.7533321 3.836863
-0.09463252 1.107508 3.853631
-0.1041794 1.45395 3.854021
-0.1013366 1.581828 3.857584
-0.3041122 1.334296 3.80586
-0.3485624 1.051682 3.789324
-0.3235195 0.8263359 3.741088
-0.3194669 0.7991274 3.747481
0.09251044 1.33834 3.869364
0.1365772 1.07626 3.883039
0.1482361 0.8338208 3.800433
0.1223491 0.7896091 3.797496
-0.1718943 0.7527643 3.780736
-0.1972548 0.377044 3.80165
-0.1910185 0.1313464 3.860051
-0.2064082 0.1075877 3.76174
0.004641907 0.7591298 3.806895
0.05543081 0.3868453 3.833877
0.02242861 0.1164184 3.856799
0.05657947 0.1054061 3.77605
-0.1019101 1.36837 3.856788
-0.2976415 0.7356002 3.750221
-0.2695881 0.812025 3.712189
0.1188958 0.7170792 3.781235
0.09460428 0.7917214 3.753016
17
-0.08461068 0.7533321 3.836863
-0.09463252 1.107508 3.853631
-0.1041794 1.45395 3.854021
-0.1013366 1.581828 3.857584
-0.3041122 1.334296 3.80586
-0.3485624 1.051682 3.789324
-0.3235195 0.8263359 3.741088
-0.3194669 0.7991274 3.747481
0.09251044 1.33834 3.869364
0.1365772 1.07626 3.883039
0.1482361 0.8338208 3.800433
0.1223491 0.7896091 3.797496
-0.1718943 0.7527643 3.780736
-0.1972548 0.377044 3.80165
-0.1910185 0.1313464 3.860051
-0.2064082 0.1075877 3.76174
0.004641907 0.7591298 3.806895
0.05543081 0.3868453 3.833877
0.02242861 0.1164184 3.856799
0.05657947 0.1054061 3.77605
-0.1019101 1.36837 3.856788
-0.2976415 0.7356002 3.750221
-0.2695881 0.812025 3.712189
0.1188958 0.7170792 3.781235
0.09460428 0.7917214 3.753016
18
-0.08456359 0.7533334 3.8368
-0.09455954 1.107531 3.853411
-0.1040616 1.454041 3.853577
-0.1010455 1.581809 3.8572
-0.3040658 1.334318 3.805692
-0.348605 1.051946 3.789309
-0.3234976 0.8265755 3.741125
-0.3194436 0.7991728 3.747698
0.09257565 1.338514 3.868599
0.1366543 1.076205 3.882905
0.1470427 0.8376263 3.801706
0.1223578 0.7901239 3.797515
-0.1718542 0.7527602 3.780696
-0.1972451 0.3770439 3.801619
-0.191076 0.1312476 3.860054
-0.2064619 0.107481 3.761709
0.004715181 0.7591434 3.806803
0.0555167 0.3868636 3.833781
0.02248396 0.1169946 3.856732
0.05625326 0.1060334 3.776447
-0.1018049 1.368442 3.856402
-0.298105 0.7356217 3.75268
-0.2708258 0.7963091 3.714059
0.1173168 0.7196091 3.7795
0.09105935 0.7960635 3.749791
19
-0.08456359 0.7533334 3.8368
-0.09455954 1.107531 3.853411
-0.1040616 1.454041 3.853577
-0.1010455 1.581809 3.8572
-0.3040658 1.334318 3.805692
-0.348605 1.051946 3.789309
-0.3234976 0.8265755 3.741125
-0.3194436 0.7991728 3.747698
0.09257565 1.338514 3.868599
0.1366543 1.076205 3.882905
0.1470427 0.8376263 3.801706
0.1223578 0.7901239 3.797515
-0.1718542 0.7527602 3.780696
-0.1972451 0.3770439 3.801619
-0.191076 0.1312476 3.860054
-0.2064619 0.107481 3.761709
0.004715181 0.7591434 3.806803
0.0555167 0.3868636 3.833781
0.02248396 0.1169946 3.856732
0.05625326 0.1060334 3.776447
-0.1018049 1.368442 3.856402
-0.298105 0.7356217 3.75268
-0.2708258 0.7963091 3.714059
0.1173168 0.7196091 3.7795
0.09105935 0.7960635 3.749791
20
-0.08452352 0.7533395 3.836742
-0.09449139 1.107556 3.853209
-0.1039412 1.454123 3.853184
-0.1007647 1.581784 3.856868
-0.3040222 1.334344 3.805538
-0.3486305 1.052091 3.789301
-0.3234759 0.8267087 3.741167
-0.3193689 0.7991979 3.747951
0.09269609 1.33864 3.867784
0.136733 1.076165 3.88277
0.144325 0.8353463 3.801388
0.1212666 0.7890845 3.796284
-0.1718246 0.7527609 3.780663
-0.1972343 0.3770478 3.801591
-0.1911425 0.1311636 3.860042
-0.2065114 0.1074031 3.761691
0.004781491 0.759164 3.80671
0.05561959 0.3868982 3.833685
0.02248579 0.1172565 3.8567
0.05614658 0.1062796 3.776556
-0.1017015 1.36851 3.856055
-0.2981107 0.7356288 3.753058
-0.2706063 0.7979659 3.714845
0.1100967 0.7167659 3.770465
0.08345541 0.7941306 3.739725
21
-0.08452352 0.7533395 3.836742
-0.09449139 1.107556 3.853209
-0.1039412 1.454123 3.853184
-0.1007647 1.581784 3.856868
-0.3040222 1.334344 3.805538
-0.3486305 1.052091 3.789301
-0.3234759 0.8267087 3.741167
-0.3193689 0.7991979 3.747951
0.09269609 1.33864 3.867784
0.136733 1.076165 3.88277
0.144325 0.8353463 3.801388
0.1212666 0.7890845 3.796284
-0.1718246 0.7527609 3.780663
-0.1972343 0.3770478 3.801591
-0.1911425 0.1311636 3.860042
-0.2065114 0.1074031 3.761691
0.004781491 0.759164 3.80671
0.05561959 0.3868982 3.833685
0.02248579 0.1172565 3.8567
0.05614658 0.1062796 3.776556
-0.1017015 1.36851 3.856055
-0.2981107 0.7356288 3.753058
-0.2706063 0.7979659 3.714845
0.1100967 0.7167659 3.770465
0.08345541 0.7941306 3.739725
22
-0.08448584 0.7533475 3.836689
-0.09442486 1.107574 3.853024
-0.1038234 1.454163 3.852848
-0.1005203 1.581746 3.856587
-0.3039834 1.33437 3.805398
-0.3486399 1.052179 3.789295
-0.3234618 0.8267906 3.741203
-0.3192649 0.7992656 3.748244
0.09281584 1.33876 3.867059
0.1368259 1.076146 3.882635
0.1434434 0.8359249 3.801925
0.1209988 0.7894257 3.795966
-0.1717975 0.7527635 3.780637
-0.1972265 0.3770527 3.801568
-0.1911902 0.1311789 3.860037
-0.2065778 0.1074233 3.761728
0.004843633 0.7591873 3.80662
0.05572018 0.3869371 3.833595
0.02247893 0.1174482 3.856678
0.05607606 0.1064473 3.776626
-0.1015998 1.368548 3.855752
-0.2974128 0.7357154 3.754685
-0.2704193 0.8003246 3.715194
0.1089299 0.7192035 3.769754
0.08180518 0.7942541 3.737983
23
-0.08448584 0.7533475 3.836689
-0.09442486 1.107574 3.853024
-0.1038234 1.454163 3.852848
-0.1005203 1.581746 3.856587
-0.3039834 1.33437 3.805398
-0.3486399 1.052179 3.789295
-0.3234618 0.8267906 3.741203
-0.3192649 0.7992656 3.748244
0.09281584 1.33876 3.867059
0.1368259 1.076146 3.882635
0.1434434 0.8359249 3.801925
0.1209988 0.7894257 3.795966
-0.1717975 0.7527635 3.780637
-0.1972265 0.3770527 3.801568
-0.1911902 0.1311789 3.860037
-0.2065778 0.1074233 3.761728
0.004843633 0.7591873 3.80662
0.05572018 0.3869371 3.833595
0.02247893 0.1174482 3.856678
0.05607606 0.1064473 3.776626
-0.1015998 1.368548 3.855752
-0.2974128 0.7357154 3.754685
-0.2704193 0.8003246 3.715194
0.1089299 0.7192035 3.769754
0.08180518 0.7942541 3.737983
24
-0.08444797 0.7533557 3.836643
-0.09436551 1.107592 3.852865
-0.1037382 1.4542 3.852597
-0.1003422 1.581712 3.856382
-0.30395 1.334396 3.805276
-0.348646 1.05223 3.789293
-0.3224699 0.8210651 3.743778
-0.3204452 0.795773 3.749364
0.09292934 1.338865 3.866462
0.1369164 1.076135 3.882508
0.1437165 0.840856 3.803643
0.1209607 0.7912141 3.795642
-0.171769 0.7527689 3.780617
-0.1970226 0.3771431 3.801866
-0.1913379 0.1306511 3.859998
-0.2066506 0.1070873 3.761578
0.004903701 0.7592087 3.806538
0.05581022 0.386972 3.833516
0.02247792 0.1175988 3.856651
0.05604507 0.1065719 3.77662
-0.1015211 1.368582 3.855516
-0.3006568 0.7374515 3.754202
-0.2738035 0.7986085 3.715292
0.1097871 0.7266764 3.773502
0.08139656 0.8036835 3.739084
25
-0.08444797 0.7533557 3.836643
-0.09436551 1.107592 3.852865
-0.1037382 1.4542 3.852597
-0.1003422 1.581712 3.856382
-0.30395 1.334396 3.805276
-0.348646 1.05223 3.789293
-0.3224699 0.8210651 3.743778
-0.3204452 0.795773 3.749364
0.09292934 1.338865 3.866462
0.1369164 1.076135 3.882508
0.1437165 0.840856 3.803643
0.1209607 0.7912141 3.795642
-0.171769 0.7527689 3.780617
-0.1970226 0.3771431 3.801866
-0.1913379 0.1306511 3.859998
-0.2066506 0.1070873 3.761578
0.004903701 0.7592087 3.806538
0.05581022 0.386972 3.833516
0.02247792 0.1175988 3.856651
0.05604507 0.1065719 3.77662
-0.1015211 1.368582 3.855516
-0.3006568 0.7374515 3.754202
-0.2738035 0.7986085 3.715292
0.1097871 0.7266764 3.773502
0.08139656 0.8036835 3.739084
26
-0.08441934 0.7533658 3.836606
-0.09430649 1.10761 3.852719
-0.103591 1.454224 3.852319
-0.1002049 1.581681 3.856214
-0.3039215 1.334421 3.805167
-0.3486325 1.052246 3.789315
-0.322434 0.8203786 3.744218
-0.3204341 0.795383 3.749712
0.09302814 1.33895 3.865955
0.1370091 1.076134 3.88238
0.1446504 0.8450404 3.804446
0.1215203 0.7932122 3.794621
-0.1717459 0.7527767 3.7806
-0.1967973 0.3772477 3.80219
-0.1914968 0.1300627 3.859958
-0.2067125 0.1067101 3.761431
0.004943309 0.7592295 3.806479
0.05589191 0.3870099 3.833447
0.02251513 0.117679 3.85659
0.05610021 0.1066359 3.776511
-0.1014054 1.368609 3.85527
-0.3007993 0.7375512 3.754645
-0.2734469 0.8010743 3.715286
0.1125877 0.7324412 3.776604
0.08077157 0.8058909 3.738358
27
-0.08441934 0.7533658 3.836606
-0.09430649 1.10761 3.852719
-0.103591 1.454224 3.852319
-0.1002049 1.581681 3.856214
-0.3039215 1.334421 3.805167
-0.3486325 1.052246 3.789315
-0.322434 0.8203786 3.744218
-0.3204341 0.795383 3.749712
0.09302814 1.33895 3.865955
0.1370091 1.076134 3.88238
0.1446504 0.8450404 3.804446
0.1215203 0.7932122 3.794621
-0.1717459 0.7527767 3.7806
-0.1967973 0.3772477 3.80219
-0.1914968 0.1300627 3.859958
-0.2067125 0.1067101 3.761431
0.004943309 0.7592295 3.806479
0.05589191 0.3870099 3.833447
0.02251513 0.117679 3.85659
0.05610021 0.1066359 3.776511
-0.1014054 1.368609 3.85527
-0.3007993 0.7375512 3.754645
-0.2734469 0.8010743 3.715286
0.1125877 0.7324412 3.776604
0.08077157 0.8058909 3.738358
28
-0.08440322 0.7533749 3.836576
-0.09426254 1.107627 3.852595
-0.1034705 1.454246 3.852096
-0.1001209 1.581665 3.856108
-0.3038957 1.334445 3.805069
-0.3485994 1.052207 3.78935
-0.3224054 0.8199186 3.744491
-0.3203685 0.7950918 3.74994
0.09310608 1.339025 3.865526
0.1379036 1.076956 3.881833
0.1729225 0.8663653 3.788052
0.1456064 0.81501 3.780426
-0.1717305 0.752786 3.780587
-0.1966357 0.3773285 3.802399
-0.1916457 0.1297449 3.8599
-0.2067221 0.1065577 3.761372
0.004961525 0.7592444 3.806434
0.05596624 0.3870445 3.833383
0.02251508 0.1177253 3.856565
0.05628952 0.1066194 3.776279
-0.1013113 1.368633 3.855068
-0.3006982 0.737497 3.754483
-0.2728769 0.8044239 3.714896
0.144935 0.7640842 3.777185
0.1147736 0.8262061 3.740228
29
-0.08439529 0.7533835 3.836551
-0.09423422 1.107639 3.852487
-0.1033837 1.454252 3.851913
-0.1000803 1.581646 3.856046
-0.3038748 1.334469 3.804981
-0.3485719 1.052181 3.789373
-0.3224256 0.819737 3.74468
-0.3201606 0.795347 3.750152
0.0931401 1.339077 3.865163
0.1537617 1.092932 3.872326
0.206895 0.8974422 3.761381
0.1785973 0.8432605 3.755528
-0.1717258 0.7528003 3.780566
-0.1964689 0.3774133 3.802595
-0.1918378 0.1294961 3.859817
-0.2067363 0.1064904 3.761347
0.004968716 0.7592542 3.806407
0.0560459 0.3870727 3.833313
0.02251849 0.1177522 3.856544
0.0564803 0.1065809 3.776051
-0.1012439 1.368644 3.8549
-0.2995411 0.7375226 3.754492
-0.2717563 0.8125481 3.715942
0.1810536 0.7941474 3.75919
0.1494208 0.8445201 3.734487
30
-0.08439529 0.7533835 3.836551
-0.09423422 1.107639 3.852487
-0.1033837 1.454252 3.851913
-0.1000803 1.581646 3.856046
-0.3038748 1.334469 3.804981
-0.3485719 1.052181 3.789373
-0.3224256 0.819737 3.74468
-0.3201606 0.795347 3.750152
0.0931401 1.339077 3.865163
0.1537617 1.092932 3.872326
0.206895 0.8974422 3.761381
0.1785973 0.8432605 3.755528
-0.1717258 0.7528003 3.780566
-0.1964689 0.3774133 3.802595
-0.1918378 0.1294961 3.859817
-0.2067363 0.1064904 3.761347
0.004968716 0.7592542 3.806407
0.0560459 0.3870727 3.833313
0.02251849 0.1177522 3.856544
0.0564803 0.1065809 3.776051
-0.1012439 1.368644 3.8549
-0.2995411 0.7375226 3.754492
-0.2717563 0.8125481 3.715942
0.1810536 0.7941474 3.75919
0.1494208 0.8445201 3.734487
31
-0.08439529 0.7533835 3.836551
-0.09423422 1.107639 3.852487
-0.1033837 1.454252 3.851913
-0.1000803 1.581646 3.856046
-0.3038748 1.334469 3.804981
-0.3485719 1.052181 3.789373
-0.3224256 0.819737 3.74468
-0.3201606 0.795347 3.750152
0.0931401 1.339077 3.865163
0.1537617 1.092932 3.872326
0.206895 0.8974422 3.761381
0.1785973 0.8432605 3.755528
-0.1717258 0.7528003 3.780566
-0.1964689 0.3774133 3.802595
-0.1918378 0.1294961 3.859817
-0.2067363 0.1064904 3.761347
0.004968716 0.7592542 3.806407
0.0560459 0.3870727 3.833313
0.02251849 0.1177522 3.856544
0.0564803 0.1065809 3.776051
-0.1012439 1.368644 3.8549
-0.2995411 0.7375226 3.754492
-0.2717563 0.8125481 3.715942
0.1810536 0.7941474 3.75919
0.1494208 0.8445201 3.734487
32
-0.08439378 0.7533887 3.836526
-0.09422233 1.107641 3.852396
-0.1033438 1.454247 3.851797
-0.1001808 1.581624 3.856085
-0.303862 1.334491 3.804901
-0.3485212 1.052301 3.789382
-0.322581 0.8204814 3.744747
-0.3198507 0.7954808 3.74994
0.09312524 1.339126 3.864886
0.1761909 1.111204 3.857589
0.2410529 0.9325917 3.720743
0.2214381 0.8841572 3.710492
-0.1717264 0.7528075 3.780543
-0.1963314 0.3774681 3.802762
-0.1919655 0.1292972 3.859729
-0.2067484 0.106451 3.761333
0.004965634 0.7592622 3.806382
0.0561194 0.3870969 3.833247
0.02253189 0.1177563 3.856515
0.05667596 0.1065271 3.775818
-0.1012126 1.368642 3.854784
-0.2992359 0.737446 3.754464
-0.2713102 0.8156515 3.716128
0.2242645 0.8303995 3.710841
0.1876865 0.8778623 3.699096
33
-0.08439378 0.7533887 3.836526
-0.09422233 1.107641 3.852396
-0.1033438 1.454247 3.851797
-0.1001808 1.581624 3.856085
-0.303862 1.334491 3.804901
-0.3485212 1.052301 3.789382
-0.322581 0.8204814 3.744747
-0.3198507 0.7954808 3.74994
0.09312524 1.339126 3.864886
0.1761909 1.111204 3.857589
0.2410529 0.9325917 3.720743
0.2214381 0.8841572 3.710492
-0.1717264 0.7528075 3.780543
-0.1963314 0.3774681 3.802762
-0.1919655 0.1292972 3.859729
-0.2067484 0.106451 3.761333
0.004965634 0.7592622 3.806382
0.0561194 0.3870969 3.833247
0.02253189 0.1177563 3.856515
0.05667596 0.1065271 3.775818
-0.1012126 1.368642 3.854784
-0.2992359 0.737446 3.754464
-0.2713102 0.8156515 3.716128
0.2242645 0.8303995 3.710841
0.1876865 0.8778623 3.699096
34
-0.08440392 0.7533922 3.836496
-0.09424291 1.107646 3.852322
-0.1034174 1.454262 3.851753
-0.1004954 1.581551 3.856379
-0.30386 1.334515 3.804823
-0.3484842 1.052453 3.789371
-0.3227413 0.8214551 3.74467
-0.3194287 0.7957964 3.749578
0.09310246 1.339159 3.864719
0.2025266 1.135218 3.845832
0.2895048 1.00463 3.664292
0.27969 0.9566952 3.637809
-0.1717362 0.7528112 3.780508
-0.1962089 0.3775052 3.80289
-0.1920954 0.1289512 3.859651
-0.2067504 0.1062372 3.76125
0.004937445 0.7592706 3.806358
0.05618222 0.3871192 3.833184
0.02255787 0.1178797 3.856481
0.05683015 0.1066069 3.775668
-0.1012585 1.368654 3.854719
-0.2987195 0.7372895 3.754158
-0.2711357 0.8183914 3.715978
0.2883181 0.9000832 3.61874
0.2517941 0.9395248 3.610425
35
-0.08441599 0.753394 3.836466
-0.09427828 1.107647 3.852266
-0.1036564 1.454268 3.851841
-0.1009994 1.581578 3.857009
-0.3038727 1.334543 3.804754
-0.3485065 1.052701 3.789323
-0.3229 0.8226959 3.744446
-0.3187658 0.7963547 3.748246
0.09300297 1.339146 3.86469
0.2212756 1.150141 3.840601
0.3304539 1.102932 3.615967
0.3307109 1.084371 3.574793
-0.171744 0.7528077 3.78046
-0.1960727 0.3775253 3.802992
-0.1922135 0.1288382 3.859558
-0.2067131 0.1062582 3.761276
0.004904525 0.7592781 3.80634
0.05624231 0.3871422 3.833143
0.02256308 0.1179072 3.856454
0.05697 0.1065955 3.775515
-0.1014045 1.368657 3.854727
-0.2975037 0.7369602 3.753318
-0.2709444 0.8151857 3.712995
0.340213 1.074158 3.543413
0.3157418 1.082325 3.547163
36
-0.08441599 0.753394 3.836466
-0.09427828 1.107647 3.852266
-0.1036564 1.454268 3.851841
-0.1009994 1.581578 3.857009
-0.3038727 1.334543 3.804754
-0.3485065 1.052701 3.789323
-0.3229 0.8226959 3.744446
-0.3187658 0.7963547 3.748246
0.09300297 1.339146 3.86469
0.2212756 1.150141 3.840601
0.3304539 1.102932 3.615967
0.3307109 1.084371 3.574793
-0.171744 0.7528077 3.78046
-0.1960727 0.3775253 3.802992
-0.1922135 0.1288382 3.859558
-0.2067131 0.1062582 3.761276
0.004904525 0.7592781 3.80634
0.05624231 0.3871422 3.833143
0.02256308 0.1179072 3.856454
0.05697 0.1065955 3.775515
-0.1014045 1.368657 3.854727
-0.2975037 0.7369602 3.753318
-0.2709444 0.8151857 3.712995
0.340213 1.074158 3.543413
0.3157418 1.082325 3.547163
37
-0.08441599 0.753394 3.836466
-0.09427828 1.107647 3.852266
-0.1036564 1.454268 3.851841
-0.1009994 1.581578 3.857009
-0.3038727 1.334543 3.804754
-0.3485065 1.052701 3.789323
-0.3229 0.8226959 3.744446
-0.3187658 0.7963547 3.748246
0.09300297 1.339146 3.86469
0.2212756 1.150141 3.840601
0.3304539 1.102932 3.615967
0.3307109 1.084371 3.574793
-0.171744 0.7528077 3.78046
-0.1960727 0.3775253 3.802992
-0.1922135 0.1288382 3.859558
-0.2067131 0.1062582 3.761276
0.004904525 0.7592781 3.80634
0.05624231 0.3871422 3.833143
0.02256308 0.1179072 3.856454
0.05697 0.1065955 3.775515
-0.1014045 1.368657 3.854727
-0.2975037 0.7369602 3.753318
-0.2709444 0.8151857 3.712995
0.340213 1.074158 3.543413
0.3157418 1.082325 3.547163
38
-0.08443371 0.7533699 3.836421
-0.09433471 1.107635 3.852225
-0.1040866 1.45427 3.852127
-0.1015296 1.581597 3.857702
-0.3038893 1.334571 3.804691
-0.3485898 1.053096 3.789171
-0.3230592 0.8241729 3.743947
-0.3180625 0.7970427 3.746584
0.09283448 1.339078 3.864823
0.2548583 1.176945 3.83735
0.3653474 1.23756 3.599626
0.3716853 1.235751 3.528391
-0.1717538 0.7527695 3.780349
-0.1958935 0.3775053 3.803048
-0.1923277 0.1287121 3.859491
-0.2066651 0.1062216 3.76126
0.004863908 0.7592486 3.806327
0.05630307 0.3871344 3.833128
0.02242428 0.116871 3.856519
0.05762429 0.1053327 3.774184
-0.1016747 1.368649 3.854851
-0.2966433 0.7366688 3.753273
-0.2705487 0.814479 3.711585
0.3819082 1.242 3.473466
0.3566368 1.237341 3.510789
39
-0.08443371 0.7533699 3.836421
-0.09433471 1.107635 3.852225
-0.1040866 1.45427 3.852127
-0.1015296 1.581597 3.857702
-0.3038893 1.334571 3.804691
-0.3485898 1.053096 3.789171
-0.3230592 0.8241729 3.743947
-0.3180625 0.7970427 3.746584
0.09283448 1.339078 3.864823
0.2548583 1.176945 3.83735
0.3653474 1.23756 3.599626
0.3716853 1.235751 3.528391
-0.1717538 0.7527695 3.780349
-0.1958935 0.3775053 3.803048
-0.1923277 0.1287121 3.859491
-0.2066651 0.1062216 3.76126
0.004863908 0.7592486 3.806327
0.05630307 0.3871344 3.833128
0.02242428 0.116871 3.856519
0.05762429 0.1053327 3.774184
-0.1016747 1.368649 3.854851
-0.2966433 0.7366688 3.753273
-0.2705487 0.814479 3.711585
0.3819082 1.242 3.473466
0.3566368 1.237341 3.510789
40
-0.08445596 0.7533376 3.836372
-0.09441452 1.107608 3.852209
-0.1046122 1.454213 3.85262
-0.102105 1.581557 3.858499
-0.3039157 1.334603 3.804633
-0.3487181 1.05353 3.788954
-0.3233286 0.8258419 3.742782
-0.317325 0.7980095 3.743624
0.09272775 1.339033 3.864905
0.293393 1.258891 3.774504
0.3758313 1.40956 3.54472
0.3696182 1.427843 3.508402
-0.1717684 0.7527276 3.780232
-0.1956791 0.3774467 3.802982
-0.1924456 0.1286843 3.859469
-0.2066172 0.1061972 3.76125
0.004814228 0.7591963 3.806319
0.05638283 0.3871106 3.833178
0.02228842 0.1162405 3.856554
0.05802387 0.1045549 3.773265
-0.1020288 1.368596 3.855121
-0.2942122 0.7363424 3.75148
-0.2699361 0.8147806 3.7097
0.3674777 1.436013 3.483462
0.3480728 1.42879 3.484426
41
-0.08445596 0.7533376 3.836372
-0.09441452 1.107608 3.852209
-0.1046122 1.454213 3.85262
-0.102105 1.581557 3.858499
-0.3039157 1.334603 3.804633
-0.3487181 1.05353 3.788954
-0.3233286 0.8258419 3.742782
-0.317325 0.7980095 3.743624
0.09272775 1.339033 3.864905
0.293393 1.258891 3.774504
0.3758313 1.40956 3.54472
0.3696182 1.427843 3.508402
-0.1717684 0.7527276 3.780232
-0.1956791 0.3774467 3.802982
-0.1924456 0.1286843 3.859469
-0.2066172 0.1061972 3.76125
0.004814228 0.7591963 3.806319
0.05638283 0.3871106 3.833178
0.02228842 0.1162405 3.856554
0.05802387 0.1045549 3.773265
-0.1020288 1.368596 3.855121
-0.2942122 0.7363424 3.75148
-0.2699361 0.8147806 3.7097
0.3674777 1.436013 3.483462
0.3480728 1.42879 3.484426
42
-0.08449867 0.7532827 3.836303
-0.09455632 1.107553 3.852216
-0.1052941 1.454099 3.853266
-0.1026715 1.581501 3.859248
-0.3039486 1.334634 3.804585
-0.3488126 1.053921 3.788669
-0.323461 0.8277776 3.74023
-0.3169704 0.7990803 3.739975
0.092633 1.338974 3.864978
0.3205801 1.309039 3.754134
0.3311087 1.500068 3.599616
0.3289081 1.546501 3.563978
-0.1718217 0.7526796 3.780048
-0.1954394 0.3773735 3.802818
-0.1925647 0.1287435 3.859498
-0.2065818 0.1061841 3.761251
0.004735301 0.7590859 3.806313
0.05641747 0.3870342 3.833542
0.02216791 0.1155568 3.856455
0.05840048 0.1038992 3.772491
-0.1025253 1.368492 3.855514
-0.2925891 0.7362469 3.748888
-0.2695066 0.8124734 3.706611
0.3413014 1.59439 3.501231
0.304168 1.561847 3.536955
43
-0.08449867 0.7532827 3.836303
-0.09455632 1.107553 3.852216
-0.1052941 1.454099 3.853266
-0.1026715 1.581501 3.859248
-0.3039486 1.334634 3.804585
-0.3488126 1.053921 3.788669
-0.323461 0.8277776 3.74023
-0.3169704 0.7990803 3.739975
0.092633 1.338974 3.864978
0.3205801 1.309039 3.754134
0.3311087 1.500068 3.599616
0.3289081 1.546501 3.563978
-0.1718217 0.7526796 3.780048
-0.1954394 0.3773735 3.802818
-0.1925647 0.1287435 3.859498
-0.2065818 0.1061841 3.761251
0.004735301 0.7590859 3.806313
0.05641747 0.3870342 3.833542
0.02216791 0.1155568 3.856455
0.05840048 0.1038992 3.772491
-0.1025253 1.368492 3.855514
-0.2925891 0.7362469 3.748888
-0.2695066 0.8124734 3.706611
0.3413014 1.59439 3.501231
0.304168 1.561847 3.536955
44
-0.08459055 0.7532206 3.836161
-0.09473863 1.107488 3.852236
-0.1060368 1.453945 3.854019
-0.103358 1.581312 3.860295
-0.304001 1.334668 3.804579
-0.3489036 1.05432 3.788327
-0.3234057 0.8297613 3.736837
-0.3163412 0.800364 3.735496
0.0925803 1.338948 3.864976
0.333145 1.359843 3.746304
0.3134049 1.576689 3.626122
0.3072992 1.643515 3.6051
-0.1719554 0.7526377 3.779793
-0.1951409 0.3773065 3.802615
-0.1927006 0.1288415 3.859542
-0.206549 0.1061858 3.761252
0.004639609 0.7589851 3.806227
0.05638893 0.3870343 3.834057
0.02207983 0.1148899 3.856285
0.05873156 0.1033705 3.771821
-0.1030879 1.368362 3.855989
-0.288286 0.7363403 3.743517
-0.2691452 0.8167379 3.703606
0.3070544 1.69796 3.573676
0.2754403 1.650091 3.593608
45
-0.08469115 0.7531516 3.836
-0.09493949 1.107415 3.852268
-0.1067772 1.453781 3.854803
-0.1042593 1.581124 3.861331
-0.3041051 1.334733 3.804623
-0.349042 1.055047 3.787826
-0.3231852 0.8319916 3.733481
-0.3155271 0.8013017 3.730875
0.09256734 1.338944 3.864889
0.3306261 1.361797 3.759688
0.3013048 1.619073 3.654575
0.2969214 1.689215 3.646207
-0.1720991 0.7526023 3.77954
-0.1948588 0.3772472 3.802415
-0.1928188 0.1286433 3.85958
-0.2064194 0.1058711 3.761031
0.004540765 0.7588448 3.806085
0.05628375 0.3870171 3.834693
0.02205907 0.1142522 3.856081
0.05890477 0.10299 3.771411
-0.1036702 1.368222 3.856508
-0.2874358 0.7364466 3.741749
-0.2689612 0.8174782 3.70248
0.2964728 1.742662 3.623453
0.2601916 1.704882 3.639743
46
-0.08469115 0.7531516 3.836
-0.09493949 1.107415 3.852268
-0.1067772 1.453781 3.854803
-0.1042593 1.581124 3.861331
-0.3041051 1.334733 3.804623
-0.349042 1.055047 3.787826
-0.3231852 0.8319916 3.733481
-0.3155271 0.8013017 3.730875
0.09256734 1.338944 3.864889
0.3306261 1.361797 3.759688
0.3013048 1.619073 3.654575
0.2969214 1.689215 3.646207
-0.1720991 0.7526023 3.77954
-0.1948588 0.3772472 3.802415
-0.1928188 0.1286433 3.85958
-0.2064194 0.1058711 3.761031
0.004540765 0.7588448 3.806085
0.05628375 0.3870171 3.834693
0.02205907 0.1142522 3.856081
0.05890477 0.10299 3.771411
-0.1036702 1.368222 3.856508
-0.2874358 0.7364466 3.741749
-0.2689612 0.8174782 3.70248
0.2964728 1.742662 3.623453
0.2601916 1.704882 3.639743
47
-0.08469115 0.7531516 3.836
-0.09493949 1.107415 3.852268
-0.1067772 1.453781 3.854803
-0.1042593 1.581124 3.861331
-0.3041051 1.334733 3.804623
-0.349042 1.055047 3.787826
-0.3231852 0.8319916 3.733481
-0.3155271 0.8013017 3.730875
0.09256734 1.338944 3.864889
0.3306261 1.361797 3.759688
0.3013048 1.619073 3.654575
0.2969214 1.689215 3.646207
-0.1720991 0.7526023 3.77954
-0.1948588 0.3772472 3.802415
-0.1928188 0.1286433 3.85958
-0.2064194 0.1058711 3.761031
0.004540765 0.7588448 3.806085
0.05628375 0.3870171 3.834693
0.02205907 0.1142522 3.856081
0.05890477 0.10299 3.771411
-0.1036702 1.368222 3.856508
-0.2874358 0.7364466 3.741749
-0.2689612 0.8174782 3.70248
0.2964728 1.742662 3.623453
0.2601916 1.704882 3.639743
48
-0.08484632 0.7530438 3.835775
-0.09533985 1.10731 3.85228
-0.107948 1.453683 3.855522
-0.1054647 1.581077 3.862348
-0.3042304 1.334806 3.804691
-0.3491234 1.05576 3.78733
-0.3228139 0.8341719 3.729614
-0.3144591 0.8042175 3.726185
0.09267365 1.33912 3.864525
0.3336495 1.372608 3.768338
0.2987441 1.637625 3.675591
0.2957379 1.7058 3.671722
-0.1723583 0.7525966 3.779239
-0.1945596 0.3772204 3.802246
-0.1928939 0.128539 3.859625
-0.2062945 0.1056475 3.760802
0.004398595 0.7584979 3.805766
0.05617063 0.3868834 3.8355
0.02201998 0.1134117 3.855806
0.05914593 0.102473 3.770927
-0.1046299 1.36811 3.857007
-0.2891127 0.7416214 3.736923
-0.2688424 0.8178 3.701647
0.2920827 1.75641 3.65626
0.2542744 1.710652 3.664504
49
-0.08484632 0.7530438 3.835775
-0.09533985 1.10731 3.85228
-0.107948 1.453683 3.855522
-0.1054647 1.581077 3.862348
-0.3042304 1.334806 3.804691
-0.3491234 1.05576 3.78733
-0.3228139 0.8341719 3.729614
-0.3144591 0.8042175 3.726185
0.09267365 1.33912 3.864525
0.3336495 1.372608 3.768338
0.2987441 1.637625 3.675591
0.2957379 1.7058 3.671722
-0.1723583 0.7525966 3.779239
-0.1945596 0.3772204 3.802246
-0.1928939 0.128539 3.859625
-0.2062945 0.1056475 3.760802
0.004398595 0.7584979 3.805766
0.05617063 0.3868834 3.8355
0.02201998 0.1134117 3.855806
0.05914593 0.102473 3.770927
-0.1046299 1.36811 3.857007
-0.2891127 0.7416214 3.736923
-0.2688424 0.8178 3.701647
0.2920827 1.75641 3.65626
0.2542744 1.710652 3.664504
50
-0.08499803 0.7529128 3.835558
-0.09573963 1.107198 3.852301
-0.1089633 1.453603 3.856122
-0.1074658 1.580802 3.863427
-0.3044368 1.334898 3.804832
-0.3492 1.056393 3.78689
-0.3220516 0.8360572 3.725974
-0.3119948 0.8066727 3.722057
0.09290246 1.339696 3.863877
0.3248062 1.411421 3.766882
0.2973438 1.65575 3.682495
0.2974792 1.713921 3.687473
-0.1726056 0.7525913 3.77897
-0.1943167 0.3772047 3.802145
-0.1929454 0.1285246 3.859629
-0.206241 0.1055901 3.760731
0.004266947 0.7580566 3.805439
0.05605626 0.3866629 3.836315
0.02206133 0.1130362 3.855464
0.05936667 0.1024641 3.770625
-0.1054914 1.368011 3.857444
-0.2887056 0.7427146 3.735196
-0.2662977 0.820343 3.699316
0.3069628 1.767208 3.68161
0.2587742 1.73706 3.678404
51
-0.08499803 0.7529128 3.835558
-0.09573963 1.107198 3.852301
-0.1089633 1.453603 3.856122
-0.1074658 1.580802 3.863427
-0.3044368 1.334898 3.804832
-0.3492 1.056393 3.78689
-0.3220516 0.8360572 3.725974
-0.3119948 0.8066727 3.722057
0.09290246 1.339696 3.863877
0.3248062 1.411421 3.766882
0.2973438 1.65575 3.682495
0.2974792 1.713921 3.687473
-0.1726056 0.7525913 3.77897
-0.1943167 0.3772047 3.802145
-0.1929454 0.1285246 3.859629
-0.206241 0.1055901 3.760731
0.004266947 0.7580566 3.805439
0.05605626 0.3866629 3.836315
0.02206133 0.1130362 3.855464
0.05936667 0.1024641 3.770625
-0.1054914 1.368011 3.857444
-0.2887056 0.7427146 3.735196
-0.2662977 0.820343 3.699316
0.3069628 1.767208 3.68161
0.2587742 1.73706 3.678404
52
-0.08514489 0.7527832 3.835346
-0.09614066 1.107074 3.852323
-0.1098776 1.453467 3.856642
-0.1093133 1.580472 3.864422
-0.3047408 1.335013 3.805067
-0.3492644 1.056938 3.786516
-0.3207877 0.8376959 3.722664
-0.3089595 0.8111603 3.719024
0.09319901 1.340388 3.863153
0.3190633 1.4239 3.768126
0.2934872 1.658289 3.690387
0.2900206 1.718412 3.693757
-0.1728395 0.7525834 3.778723
-0.194175 0.3772011 3.802115
-0.1929009 0.1284921 3.85961
-0.2062059 0.1055555 3.760687
0.004147848 0.757653 3.805124
0.05579549 0.3864337 3.836898
0.02194285 0.1104467 3.855308
0.06112856 0.0997671 3.767265
-0.10629 1.367873 3.857836
-0.2888933 0.7484981 3.730123
-0.2647416 0.8197992 3.696155
0.3042571 1.770648 3.687212
0.2421041 1.709397 3.662714
53
-0.08527207 0.752622 3.835111
-0.09654037 1.106927 3.852342
-0.1107514 1.453293 3.8571
-0.1108742 1.580094 3.865252
-0.3051227 1.335028 3.80549
-0.3493358 1.057582 3.786215
-0.3197843 0.8390334 3.720476
-0.3069557 0.8139039 3.717838
0.09334479 1.341075 3.862475
0.3138801 1.430443 3.768178
0.2622911 1.645 3.687265
0.2586355 1.714656 3.690581
-0.1730435 0.7525375 3.778481
-0.1940806 0.3771934 3.802148
-0.1927799 0.1284707 3.859594
-0.2061749 0.1055522 3.760667
0.00406815 0.757258 3.804802
0.05546679 0.3861816 3.837363
0.0220132 0.1089898 3.855099
0.06198541 0.09844791 3.765738
-0.1070597 1.367702 3.858191
-0.290635 0.7521045 3.728641
-0.263711 0.8157941 3.693384
0.2628111 1.767988 3.68126
0.2149896 1.715946 3.664561
54
-0.08527207 0.752622 3.835111
-0.09654037 1.106927 3.852342
-0.1107514 1.453293 3.8571
-0.1108742 1.580094 3.865252
-0.3051227 1.335028 3.80549
-0.3493358 1.057582 3.786215
-0.3197843 0.8390334 3.720476
-0.3069557 0.8139039 3.717838
0.09334479 1.341075 3.862475
0.3138801 1.430443 3.768178
0.2622911 1.645 3.687265
0.2586355 1.714656 3.690581
-0.1730435 0.7525375 3.778481
-0.1940806 0.3771934 3.802148
-0.1927799 0.1284707 3.859594
-0.2061749 0.1055522 3.760667
0.00406815 0.757258 3.804802
0.05546679 0.3861816 3.837363
0.0220132 0.1089898 3.855099
0.06198541 0.09844791 3.765738
-0.1070597 1.367702 3.858191
-0.290635 0.7521045 3.728641
-0.263711 0.8157941 3.693384
0.2628111 1.767988 3.68126
0.2149896 1.715946 3.664561
55
-0.08527207 0.752622 3.835111
-0.09654037 1.106927 3.852342
-0.1107514 1.453293 3.8571
-0.1108742 1.580094 3.865252
-0.3051227 1.335028 3.80549
-0.3493358 1.057582 3.786215
-0.3197843 0.8390334 3.720476
-0.3069557 0.8139039 3.717838
0.09334479 1.341075 3.862475
0.3138801 1.430443 3.768178
0.2622911 1.645 3.687265
0.2586355 1.714656 3.690581
-0.1730435 0.7525375 3.778481
-0.1940806 0.3771934 3.802148
-0.1927799 0.1284707 3.859594
-0.2061749 0.1055522 3.760667
0.00406815 0.757258 3.804802
0.05546679 0.3861816 3.837363
0.0220132 0.1089898 3.855099
0.06198541 0.09844791 3.765738
-0.1070597 1.367702 3.858191
-0.290635 0.7521045 3.728641
-0.263711 0.8157941 3.693384
0.2628111 1.767988 3.68126
0.2149896 1.715946 3.664561
56
-0.08537532 0.7524454 3.834878
-0.09690227 1.106763 3.85238
-0.1114974 1.453076 3.857576
-0.1120845 1.579695 3.865938
-0.3054954 1.335016 3.805954
-0.3494218 1.058164 3.785971
-0.3190253 0.8400099 3.71894
-0.305757 0.8155639 3.717123
0.09340589 1.341723 3.861799
0.2889456 1.441953 3.746985
0.2024567 1.629918 3.659458
0.1931103 1.68831 3.66111
-0.1732135 0.7524747 3.778268
-0.1940078 0.3771762 3.802187
-0.1926922 0.1284163 3.859571
-0.2061498 0.1055248 3.760644
0.004023145 0.7568802 3.804492
0.05463662 0.385698 3.837476
0.02268034 0.1078526 3.854781
0.06248878 0.09767444 3.764875
-0.1077281 1.367494 3.858567
-0.2884899 0.7547166 3.725909
-0.2613186 0.8215179 3.691682
0.1868382 1.751147 3.663559
0.1535037 1.695363 3.624689
57
-0.08537532 0.7524454 3.834878
-0.09690227 1.106763 3.85238
-0.1114974 1.453076 3.857576
-0.1120845 1.579695 3.865938
-0.3054954 1.335016 3.805954
-0.3494218 1.058164 3.785971
-0.3190253 0.8400099 3.71894
-0.305757 0.8155639 3.717123
0.09340589 1.341723 3.861799
0.2889456 1.441953 3.746985
0.2024567 1.629918 3.659458
0.1931103 1.68831 3.66111
-0.1732135 0.7524747 3.778268
-0.1940078 0.3771762 3.802187
-0.1926922 0.1284163 3.859571
-0.2061498 0.1055248 3.760644
0.004023145 0.7568802 3.804492
0.05463662 0.385698 3.837476
0.02268034 0.1078526 3.854781
0.06248878 0.09767444 3.764875
-0.1077281 1.367494 3.858567
-0.2884899 0.7547166 3.725909
-0.2613186 0.8215179 3.691682
0.1868382 1.751147 3.663559
0.1535037 1.695363 3.624689
58
-0.08538409 0.7522333 3.834622
-0.09715614 1.106589 3.852442
-0.1120361 1.452798 3.858118
-0.1128693 1.579047 3.86651
-0.3057328 1.335002 3.806273
-0.3496093 1.058708 3.785828
-0.3184125 0.8407804 3.717845
-0.3048466 0.8166907 3.716785
0.09333566 1.342362 3.861147
0.2771494 1.446351 3.736546
0.1289748 1.598833 3.633717
0.09941679 1.642156 3.623688
-0.1732924 0.7524078 3.777958
-0.1936379 0.3771343 3.802157
-0.1927328 0.1283948 3.859574
-0.2061293 0.1055061 3.760627
0.004151181 0.7564089 3.804249
0.05321022 0.3844888 3.836404
0.02375341 0.1074456 3.854924
0.062796 0.09724024 3.764359
-0.1082132 1.367241 3.858994
-0.2874712 0.7561142 3.724078
-0.2603117 0.8213539 3.691072
0.06585618 1.699874 3.61871
0.07391701 1.620564 3.591998
59
-0.08538409 0.7522333 3.834622
-0.09715614 1.106589 3.852442
-0.1120361 1.452798 3.858118
-0.1128693 1.579047 3.86651
-0.3057328 1.335002 3.806273
-0.3496093 1.058708 3.785828
-0.3184125 0.8407804 3.717845
-0.3048466 0.8166907 3.716785
0.09333566 1.342362 3.861147
0.2771494 1.446351 3.736546
0.1289748 1.598833 3.633717
0.09941679 1.642156 3.623688
-0.1732924 0.7524078 3.777958
-0.1936379 0.3771343 3.802157
-0.1927328 0.1283948 3.859574
-0.2061293 0.1055061 3.760627
0.004151181 0.7564089 3.804249
0.05321022 0.3844888 3.836404
0.02375341 0.1074456 3.854924
0.062796 0.09724024 3.764359
-0.1082132 1.367241 3.858994
-0.2874712 0.7561142 3.724078
-0.2603117 0.8213539 3.691072
0.06585618 1.699874 3.61871
0.07391701 1.620564 3.591998
60
-0.08534798 0.7520701 3.834388
-0.09730483 1.10644 3.852521
-0.1121927 1.452399 3.85882
-0.1134395 1.578112 3.866862
-0.3014716 1.334758 3.806744
-0.3498347 1.059277 3.785763
-0.3179513 0.8413976 3.717094
-0.304411 0.8174731 3.716996
0.09324675 1.342906 3.860594
0.2670712 1.449304 3.726734
0.05474132 1.564284 3.609423
0.006241545 1.584573 3.595348
-0.173324 0.7524 3.777458
-0.1929534 0.3771689 3.801984
-0.1929105 0.1282851 3.859644
-0.2060496 0.1053264 3.760555
0.004393855 0.756075 3.80417
0.05310871 0.3831863 3.833658
0.02435796 0.1083484 3.855742
0.06300584 0.09693313 3.76399
-0.1084115 1.366926 3.85952
-0.2871449 0.7570093 3.723131
-0.2590744 0.8254627 3.691601
-0.05696277 1.625618 3.585501
-0.008884218 1.541758 3.579863
61
-0.08534798 0.7520701 3.834388
-0.09730483 1.10644 3.852521
-0.1121927 1.452399 3.85882
-0.1134395 1.578112 3.866862
-0.3014716 1.334758 3.806744
-0.3498347 1.059277 3.785763
-0.3179513 0.8413976 3.717094
-0.304411 0.8174731 3.716996
0.09324675 1.342906 3.860594
0.2670712 1.449304 3.726734
0.05474132 1.564284 3.609423
0.006241545 1.584573 3.595348
-0.173324 0.7524 3.777458
-0.1929534 0.3771689 3.801984
-0.1929105 0.1282851 3.859644
-0.2060496 0.1053264 3.760555
0.004393855 0.756075 3.80417
0.05310871 0.3831863 3.833658
0.02435796 0.1083484 3.855742
0.06300584 0.09693313 3.76399
-0.1084115 1.366926 3.85952
-0.2871449 0.7570093 3.723131
-0.2590744 0.8254627 3.691601
-0.05696277 1.625618 3.585501
-0.008884218 1.541758 3.579863
62
-0.08486583 0.7520707 3.833845
-0.09733894 1.106296 3.852593
-0.1120649 1.451832 3.859601
-0.1140013 1.576889 3.866881
-0.2958483 1.334201 3.806758
-0.3503671 1.060337 3.785736
-0.3175859 0.8421898 3.716592
-0.3042769 0.8180227 3.717136
0.09315154 1.343307 3.860186
0.2498164 1.454057 3.710335
-0.01977367 1.557823 3.567238
-0.07515032 1.558002 3.561032
-0.1729249 0.7528841 3.775967
-0.1921519 0.3776723 3.801708
-0.1931589 0.1282781 3.859699
-0.2060033 0.1052705 3.760532
0.005453737 0.7558695 3.804156
0.05343233 0.3821573 3.830169
0.02477575 0.109899 3.856831
0.06315362 0.09674516 3.76376
-0.1083775 1.366508 3.860094
-0.2864746 0.7575004 3.72265
-0.2585375 0.8263957 3.691423
-0.08864737 1.569327 3.551674
-0.06984973 1.521787 3.548595
63
-0.08486583 0.7520707 3.833845
-0.09733894 1.106296 3.852593
-0.1120649 1.451832 3.859601
-0.1140013 1.576889 3.866881
-0.2958483 1.334201 3.806758
-0.3503671 1.060337 3.785736
-0.3175859 0.8421898 3.716592
-0.3042769 0.8180227 3.717136
0.09315154 1.343307 3.860186
0.2498164 1.454057 3.710335
-0.01977367 1.557823 3.567238
-0.07515032 1.558002 3.561032
-0.1729249 0.7528841 3.775967
-0.1921519 0.3776723 3.801708
-0.1931589 0.1282781 3.859699
-0.2060033 0.1052705 3.760532
0.005453737 0.7558695 3.804156
0.05343233 0.3821573 3.830169
0.02477575 0.109899 3.856831
0.06315362 0.09674516 3.76376
-0.1083775 1.366508 3.860094
-0.2864746 0.7575004 3.72265
-0.2585375 0.8263957 3.691423
-0.08864737 1.569327 3.551674
-0.06984973 1.521787 3.548595
64
-0.08442374 0.7521743 3.833344
-0.09731332 1.106163 3.852686
-0.1115381 1.451127 3.860577
-0.1144832 1.575598 3.866807
-0.2916261 1.333744 3.806772
-0.3508856 1.061233 3.785748
-0.3173158 0.8428155 3.716258
-0.3048283 0.8175852 3.717859
0.09309012 1.343629 3.859859
0.2429783 1.455909 3.703609
0.02093475 1.543746 3.579184
0.004032005 1.558484 3.560736
-0.1725819 0.7535496 3.774451
-0.1911673 0.3784253 3.801461
-0.1964502 0.1244036 3.851787
-0.2059757 0.1062965 3.75939
0.006349134 0.7558061 3.804234
0.05353794 0.3815119 3.827422
0.02521786 0.1113754 3.857623
0.06322747 0.09690063 3.763796
-0.1080721 1.366017 3.860802
-0.2847462 0.7562671 3.722706
-0.2577077 0.8297418 3.692377
-0.05042788 1.582804 3.524425
-0.02742427 1.533387 3.563333
65
-0.08442374 0.7521743 3.833344
-0.09731332 1.106163 3.852686
-0.1115381 1.451127 3.860577
-0.1144832 1.575598 3.866807
-0.2916261 1.333744 3.806772
-0.3508856 1.061233 3.785748
-0.3173158 0.8428155 3.716258
-0.3048283 0.8175852 3.717859
0.09309012 1.343629 3.859859
0.2429783 1.455909 3.703609
0.02093475 1.543746 3.579184
0.004032005 1.558484 3.560736
-0.1725819 0.7535496 3.774451
-0.1911673 0.3784253 3.801461
-0.1964502 0.1244036 3.851787
-0.2059757 0.1062965 3.75939
0.006349134 0.7558061 3.804234
0.05353794 0.3815119 3.827422
0.02521786 0.1113754 3.857623
0.06322747 0.09690063 3.763796
-0.1080721 1.366017 3.860802
-0.2847462 0.7562671 3.722706
-0.2577077 0.8297418 3.692377
-0.05042788 1.582804 3.524425
-0.02742427 1.533387 3.563333
66
-0.08414048 0.7524158 3.832912
-0.09744192 1.106073 3.852778
-0.1124876 1.450239 3.861466
-0.1149723 1.574598 3.866693
-0.2919052 1.333343 3.808056
-0.3514757 1.062128 3.785909
-0.3171654 0.8434138 3.716159
-0.3055557 0.8166185 3.719116
0.09265587 1.344247 3.85953
0.2407788 1.453696 3.700358
0.08740771 1.567982 3.570074
0.07947066 1.581526 3.557492
-0.1724342 0.7541394 3.773209
-0.1899652 0.379249 3.801389
-0.194535 0.128919 3.858612
-0.2059232 0.1064188 3.759272
0.006940133 0.7562055 3.804347
0.05290088 0.3816493 3.825501
0.02585805 0.1123934 3.858114
0.06322073 0.09725317 3.764097
-0.1087068 1.365451 3.861476
-0.2846921 0.7548149 3.723215
-0.257422 0.8277509 3.692882
0.0522366 1.621729 3.535883
0.03265174 1.564113 3.586086
67
-0.08414048 0.7524158 3.832912
-0.09744192 1.106073 3.852778
-0.1124876 1.450239 3.861466
-0.1149723 1.574598 3.866693
-0.2919052 1.333343 3.808056
-0.3514757 1.062128 3.785909
-0.3171654 0.8434138 3.716159
-0.3055557 0.8166185 3.719116
0.09265587 1.344247 3.85953
0.2407788 1.453696 3.700358
0.08740771 1.567982 3.570074
0.07947066 1.581526 3.557492
-0.1724342 0.7541394 3.773209
-0.1899652 0.379249 3.801389
-0.194535 0.128919 3.858612
-0.2059232 0.1064188 3.759272
0.006940133 0.7562055 3.804347
0.05290088 0.3816493 3.825501
0.02585805 0.1123934 3.858114
0.06322073 0.09725317 3.764097
-0.1087068 1.365451 3.861476
-0.2846921 0.7548149 3.723215
-0.257422 0.8277509 3.692882
0.0522366 1.621729 3.535883
0.03265174 1.564113 3.586086
68
-0.08402879 0.7525725 3.83263
-0.09787887 1.105963 3.85292
-0.1141069 1.449492 3.862119
-0.1163757 1.573669 3.866287
-0.2936831 1.333088 3.80939
-0.3522593 1.063079 3.786196
-0.3172116 0.8440727 3.716532
-0.3064538 0.8154536 3.720635
0.09217298 1.344744 3.859111
0.2612163 1.422605 3.711901
0.1807991 1.573693 3.577107
0.1687267 1.611116 3.549723
-0.1724586 0.7543601 3.772685
-0.1889971 0.3795883 3.80132
-0.1946116 0.1302179 3.860343
-0.2058504 0.1065473 3.759266
0.007209357 0.7565413 3.80437
0.05243209 0.381892 3.824092
0.02635943 0.1132695 3.85841
0.0631385 0.09770038 3.764486
-0.1099459 1.364928 3.862048
-0.284234 0.753262 3.72452
-0.257362 0.8305165 3.694041
0.160621 1.663579 3.530703
0.1370317 1.616763 3.549248
69
-0.08402879 0.7525725 3.83263
-0.09787887 1.105963 3.85292
-0.1141069 1.449492 3.862119
-0.1163757 1.573669 3.866287
-0.2936831 1.333088 3.80939
-0.3522593 1.063079 3.786196
-0.3172116 0.8440727 3.716532
-0.3064538 0.8154536 3.720635
0.09217298 1.344744 3.859111
0.2612163 1.422605 3.711901
0.1807991 1.573693 3.577107
0.1687267 1.611116 3.549723
-0.1724586 0.7543601 3.772685
-0.1889971 0.3795883 3.80132
-0.1946116 0.1302179 3.860343
-0.2058504 0.1065473 3.759266
0.007209357 0.7565413 3.80437
0.05243209 0.381892 3.824092
0.02635943 0.1132695 3.85841
0.0631385 0.09770038 3.764486
-0.1099459 1.364928 3.862048
-0.284234 0.753262 3.72452
-0.257362 0.8305165 3.694041
0.160621 1.663579 3.530703
0.1370317 1.616763 3.549248
70
-0.08403339 0.7526671 3.832483
-0.0991169 1.105717 3.853115
-0.1178819 1.448555 3.861994
-0.1186377 1.572705 3.865659
-0.2984808 1.332212 3.81183
-0.3531172 1.063648 3.786744
-0.3175155 0.8444219 3.717427
-0.306857 0.8139352 3.723285
0.09132476 1.345467 3.858168
0.2744185 1.405145 3.720061
0.2697553 1.583117 3.576743
0.273531 1.635045 3.552261
-0.172882 0.7542794 3.772759
-0.1880451 0.3794524 3.80136
-0.1946299 0.132205 3.863005
-0.2057802 0.1066482 3.75931
0.007282144 0.7568951 3.804384
0.0520376 0.3821698 3.823148
0.02675776 0.1139657 3.858569
0.0630085 0.09818558 3.764956
-0.112931 1.364191 3.862189
-0.2848175 0.7516267 3.725605
-0.2575396 0.8286877 3.696546
0.2786132 1.690002 3.532398
0.238012 1.651045 3.552448
71
-0.08403339 0.7526671 3.832483
-0.0991169 1.105717 3.853115
-0.1178819 1.448555 3.861994
-0.1186377 1.572705 3.865659
-0.2984808 1.332212 3.81183
-0.3531172 1.063648 3.786744
-0.3175155 0.8444219 3.717427
-0.306857 0.8139352 3.723285
0.09132476 1.345467 3.858168
0.2744185 1.405145 3.720061
0.2697553 1.583117 3.576743
0.273531 1.635045 3.552261
-0.172882 0.7542794 3.772759
-0.1880451 0.3794524 3.80136
-0.1946299 0.132205 3.863005
-0.2057802 0.1066482 3.75931
0.007282144 0.7568951 3.804384
0.0520376 0.3821698 3.823148
0.02675776 0.1139657 3.858569
0.0630085 0.09818558 3.764956
-0.112931 1.364191 3.862189
-0.2848175 0.7516267 3.725605
-0.2575396 0.8286877 3.696546
0.2786132 1.690002 3.532398
0.238012 1.651045 3.552448
72
-0.08430584 0.7527074 3.832412
-0.1011548 1.105352 3.853293
-0.122116 1.447869 3.86153
-0.1255275 1.571537 3.863578
-0.302521 1.331578 3.813492
-0.3540237 1.063069 3.788125
-0.3185019 0.8430143 3.72024
-0.3074175 0.8119152 3.727045
0.09051818 1.346189 3.857096
0.2770362 1.400863 3.720596
0.3721451 1.598887 3.584526
0.3916418 1.656485 3.569818
-0.1739867 0.7538276 3.773571
-0.187031 0.3790506 3.802681
-0.1953266 0.1333256 3.865237
-0.2057205 0.1067291 3.759385
0.007087201 0.7571806 3.804277
0.05180817 0.3823641 3.822568
0.02702305 0.1146263 3.858625
0.06276754 0.09878187 3.765543
-0.1165906 1.36356 3.86205
-0.2867341 0.7497661 3.727565
-0.2579865 0.8226137 3.700349
0.4185908 1.717256 3.552327
0.3625368 1.684058 3.559145
73
-0.08430584 0.7527074 3.832412
-0.1011548 1.105352 3.853293
-0.122116 1.447869 3.86153
-0.1255275 1.571537 3.863578
-0.302521 1.331578 3.813492
-0.3540237 1.063069 3.788125
-0.3185019 0.8430143 3.72024
-0.3074175 0.8119152 3.727045
0.09051818 1.346189 3.857096
0.2770362 1.400863 3.720596
0.3721451 1.598887 3.584526
0.3916418 1.656485 3.569818
-0.1739867 0.7538276 3.773571
-0.187031 0.3790506 3.802681
-0.1953266 0.1333256 3.865237
-0.2057205 0.1067291 3.759385
0.007087201 0.7571806 3.804277
0.05180817 0.3823641 3.822568
0.02702305 0.1146263 3.858625
0.06276754 0.09878187 3.765543
-0.1165906 1.36356 3.86205
-0.2867341 0.7497661 3.727565
-0.2579865 0.8226137 3.700349
0.4185908 1.717256 3.552327
0.3625368 1.684058 3.559145
74
-0.08524905 0.7525797 3.832513
-0.1047234 1.104834 3.853348
-0.1283297 1.447532 3.860219
-0.133359 1.570839 3.86102
-0.3058713 1.3311 3.814632
-0.355163 1.059188 3.79151
-0.3199584 0.838701 3.723879
-0.308634 0.808184 3.731221
0.08965615 1.347057 3.855577
0.2778264 1.400964 3.719242
0.4052867 1.60286 3.588855
0.4349373 1.64628 3.592709
-0.1767074 0.7527789 3.775989
-0.186227 0.378239 3.804852
-0.1959176 0.1329713 3.86606
-0.2056917 0.1067529 3.759453
0.006351445 0.757382 3.803862
0.05161825 0.3826682 3.822465
0.02721709 0.1150921 3.858529
0.06249119 0.09942692 3.76617
-0.1221736 1.3631 3.861257
-0.2870329 0.7461435 3.72908
-0.2580571 0.8217175 3.701426
0.4685937 1.705658 3.592489
0.3928163 1.659003 3.563087
75
-0.08524905 0.7525797 3.832513
-0.1047234 1.104834 3.853348
-0.1283297 1.447532 3.860219
-0.133359 1.570839 3.86102
-0.3058713 1.3311 3.814632
-0.355163 1.059188 3.79151
-0.3199584 0.838701 3.723879
-0.308634 0.808184 3.731221
0.08965615 1.347057 3.855577
0.2778264 1.400964 3.719242
0.4052867 1.60286 3.588855
0.4349373 1.64628 3.592709
-0.1767074 0.7527789 3.775989
-0.186227 0.378239 3.804852
-0.1959176 0.1329713 3.86606
-0.2056917 0.1067529 3.759453
0.006351445 0.757382 3.803862
0.05161825 0.3826682 3.822465
0.02721709 0.1150921 3.858529
0.06249119 0.09942692 3.76617
-0.1221736 1.3631 3.861257
-0.2870329 0.7461435 3.72908
-0.2580571 0.8217175 3.701426
0.4685937 1.705658 3.592489
0.3928163 1.659003 3.563087
76
-0.08658475 0.7522894 3.83283
-0.1081289 1.104302 3.853384
-0.1332536 1.447305 3.859014
-0.1401344 1.57051 3.85872
-0.3085024 1.33076 3.815388
-0.3558489 1.052805 3.795041
-0.3223928 0.8302552 3.729961
-0.3110202 0.8035784 3.736186
0.08876754 1.347906 3.853834
0.2774386 1.403299 3.717096
0.404803 1.602903 3.589742
0.4161751 1.640018 3.597699
-0.1797416 0.7515039 3.779282
-0.1860638 0.4682259 3.794646
-0.1974274 0.1172796 3.855103
-0.2078366 0.1002644 3.754376
0.005288087 0.7574588 3.803284
0.05122063 0.3833251 3.823732
0.02750643 0.1157911 3.857849
0.0617839 0.1012457 3.767612
-0.1267816 1.362737 3.860466
-0.2900452 0.7414837 3.732629
-0.2635737 0.8044406 3.706057
0.4486507 1.698845 3.596937
0.3757623 1.646255 3.554569
77
-0.08658475 0.7522894 3.83283
-0.1081289 1.104302 3.853384
-0.1332536 1.447305 3.859014
-0.1401344 1.57051 3.85872
-0.3085024 1.33076 3.815388
-0.3558489 1.052805 3.795041
-0.3223928 0.8302552 3.729961
-0.3110202 0.8035784 3.736186
0.08876754 1.347906 3.853834
0.2774386 1.403299 3.717096
0.404803 1.602903 3.589742
0.4161751 1.640018 3.597699
-0.1797416 0.7515039 3.779282
-0.1860638 0.4682259 3.794646
-0.1974274 0.1172796 3.855103
-0.2078366 0.1002644 3.754376
0.005288087 0.7574588 3.803284
0.05122063 0.3833251 3.823732
0.02750643 0.1157911 3.857849
0.0617839 0.1012457 3.767612
-0.1267816 1.362737 3.860466
-0.2900452 0.7414837 3.732629
-0.2635737 0.8044406 3.706057
0.4486507 1.698845 3.596937
0.3757623 1.646255 3.554569
78
-0.0881675 0.751854 3.833389
-0.1110684 1.103778 3.853491
-0.1368199 1.447112 3.858137
-0.1449874 1.570298 3.857133
-0.3105254 1.33053 3.815892
-0.357114 1.04805 3.798331
-0.3246337 0.824548 3.735038
-0.3141529 0.7994283 3.741404
0.08512991 1.350506 3.848852
0.2778681 1.403249 3.716688
0.36089 1.604949 3.58564
0.3655639 1.642285 3.586514
-0.1825447 0.7501585 3.782839
-0.1918351 0.4117529 3.815122
-0.2000238 0.114338 3.856028
-0.2081961 0.1006445 3.75483
0.004094603 0.757448 3.802688
0.04964863 0.384692 3.82847
0.02794959 0.1142379 3.856077
0.06120119 0.1026564 3.768751
-0.1302483 1.362424 3.85988
-0.2937822 0.7374403 3.735993
-0.2658101 0.8015701 3.709122
0.3883014 1.703059 3.583208
0.33997 1.657754 3.544164
79
-0.0881675 0.751854 3.833389
-0.1110684 1.103778 3.853491
-0.1368199 1.447112 3.858137
-0.1449874 1.570298 3.857133
-0.3105254 1.33053 3.815892
-0.357114 1.04805 3.798331
-0.3246337 0.824548 3.735038
-0.3141529 0.7994283 3.741404
0.08512991 1.350506 3.848852
0.2778681 1.403249 3.716688
0.36089 1.604949 3.58564
0.3655639 1.642285 3.586514
-0.1825447 0.7501585 3.782839
-0.1918351 0.4117529 3.815122
-0.2000238 0.114338 3.856028
-0.2081961 0.1006445 3.75483
0.004094603 0.757448 3.802688
0.04964863 0.384692 3.82847
0.02794959 0.1142379 3.856077
0.06120119 0.1026564 3.768751
-0.1302483 1.362424 3.85988
-0.2937822 0.7374403 3.735993
-0.2658101 0.8015701 3.709122
0.3883014 1.703059 3.583208
0.33997 1.657754 3.544164
80
-0.08965766 0.751303 3.83398
-0.1135116 1.103219 3.853609
-0.139553 1.446873 3.857485
-0.1484191 1.570187 3.855957
-0.3142117 1.32925 3.816985
-0.3579931 1.04487 3.800542
-0.3272542 0.8201817 3.739527
-0.3166957 0.7969117 3.744275
0.08138864 1.353105 3.84454
0.2786348 1.400984 3.717018
0.296357 1.592185 3.580743
0.2947545 1.644153 3.568602
-0.1846564 0.7488629 3.785775
-0.1928027 0.4775347 3.805546
-0.2009447 0.1088138 3.85246
-0.2098744 0.09616467 3.751495
0.002936029 0.7573259 3.802083
0.04785691 0.3860597 3.834242
0.02840952 0.1119566 3.853924
0.06072358 0.1036109 3.769623
-0.1329594 1.36208 3.859438
-0.2971028 0.7348554 3.737598
-0.2671211 0.7995203 3.710789
0.3042556 1.704243 3.561531
0.2734211 1.665874 3.522079
81
-0.08965766 0.751303 3.83398
-0.1135116 1.103219 3.853609
-0.139553 1.446873 3.857485
-0.1484191 1.570187 3.855957
-0.3142117 1.32925 3.816985
-0.3579931 1.04487 3.800542
-0.3272542 0.8201817 3.739527
-0.3166957 0.7969117 3.744275
0.08138864 1.353105 3.84454
0.2786348 1.400984 3.717018
0.296357 1.592185 3.580743
0.2947545 1.644153 3.568602
-0.1846564 0.7488629 3.785775
-0.1928027 0.4775347 3.805546
-0.2009447 0.1088138 3.85246
-0.2098744 0.09616467 3.751495
0.002936029 0.7573259 3.802083
0.04785691 0.3860597 3.834242
0.02840952 0.1119566 3.853924
0.06072358 0.1036109 3.769623
-0.1329594 1.36208 3.859438
-0.2971028 0.7348554 3.737598
-0.2671211 0.7995203 3.710789
0.3042556 1.704243 3.561531
0.2734211 1.665874 3.522079
82
-0.09107672 0.7505515 3.834708
-0.1154435 1.102699 3.85375
-0.141521 1.446692 3.857017
-0.1508418 1.570124 3.855009
-0.3176668 1.327795 3.818081
-0.3586211 1.042611 3.802081
-0.3303595 0.8167217 3.743496
-0.321194 0.7929161 3.747823
0.07991979 1.354146 3.842621
0.2792321 1.399299 3.716999
0.2213525 1.578067 3.573035
0.2073228 1.632346 3.552289
-0.1861912 0.7477012 3.788167
-0.1963972 0.4093183 3.818383
-0.1968953 0.1097825 3.852822
-0.2099755 0.09838503 3.753503
0.001823891 0.7569917 3.801591
0.04663141 0.3866943 3.838604
0.02858593 0.110408 3.852302
0.06032081 0.1042711 3.770326
-0.1349469 1.361804 3.859122
-0.2991898 0.7300433 3.741832
-0.2721263 0.8034477 3.713897
0.191607 1.683591 3.536894
0.1735285 1.619368 3.52186
83
-0.09107672 0.7505515 3.834708
-0.1154435 1.102699 3.85375
-0.141521 1.446692 3.857017
-0.1508418 1.570124 3.855009
-0.3176668 1.327795 3.818081
-0.3586211 1.042611 3.802081
-0.3303595 0.8167217 3.743496
-0.321194 0.7929161 3.747823
0.07991979 1.354146 3.842621
0.2792321 1.399299 3.716999
0.2213525 1.578067 3.573035
0.2073228 1.632346 3.552289
-0.1861912 0.7477012 3.788167
-0.1963972 0.4093183 3.818383
-0.1968953 0.1097825 3.852822
-0.2099755 0.09838503 3.753503
0.001823891 0.7569917 3.801591
0.04663141 0.3866943 3.838604
0.02858593 0.110408 3.852302
0.06032081 0.1042711 3.770326
-0.1349469 1.361804 3.859122
-0.2991898 0.7300433 3.741832
-0.2721263 0.8034477 3.713897
0.191607 1.683591 3.536894
0.1735285 1.619368 3.52186
84
-0.09223677 0.7498605 3.835375
-0.1168973 1.102252 3.853873
-0.1429312 1.446523 3.856668
-0.1524447 1.569988 3.854362
-0.3204954 1.326373 3.818974
-0.3590828 1.041033 3.803154
-0.3333064 0.8143106 3.746405
-0.325744 0.7899756 3.750261
0.07905477 1.354762 3.841502
0.2811991 1.393718 3.718704
0.1235563 1.554696 3.571309
0.0854544 1.602516 3.540481
-0.1872383 0.7468494 3.789878
-0.1993235 0.3865271 3.82202
-0.1932337 0.1125402 3.853705
-0.2099322 0.1008332 3.755682
0.0008721133 0.7566038 3.801247
0.04519367 0.3869502 3.842146
0.0287143 0.1091448 3.851114
0.06004151 0.1046947 3.770827
-0.136386 1.361562 3.858884
-0.30841 0.7264436 3.745032
-0.2746876 0.8020919 3.715071
0.05937542 1.653443 3.522746
0.05754694 1.583355 3.522422
85
-0.09223677 0.7498605 3.835375
-0.1168973 1.102252 3.853873
-0.1429312 1.446523 3.856668
-0.1524447 1.569988 3.854362
-0.3204954 1.326373 3.818974
-0.3590828 1.041033 3.803154
-0.3333064 0.8143106 3.746405
-0.325744 0.7899756 3.750261
0.07905477 1.354762 3.841502
0.2811991 1.393718 3.718704
0.1235563 1.554696 3.571309
0.0854544 1.602516 3.540481
-0.1872383 0.7468494 3.789878
-0.1993235 0.3865271 3.82202
-0.1932337 0.1125402 3.853705
-0.2099322 0.1008332 3.755682
0.0008721133 0.7566038 3.801247
0.04519367 0.3869502 3.842146
0.0287143 0.1091448 3.851114
0.06004151 0.1046947 3.770827
-0.136386 1.361562 3.858884
-0.30841 0.7264436 3.745032
-0.2746876 0.8020919 3.715071
0.05937542 1.653443 3.522746
0.05754694 1.583355 3.522422
86
-0.09320206 0.7493258 3.835893
-0.1179843 1.1019 3.853962
-0.1439304 1.446378 3.85641
-0.153532 1.569803 3.853776
-0.321303 1.325288 3.819173
-0.3594306 1.040003 3.803849
-0.335833 0.8128103 3.748582
-0.3290823 0.7881593 3.75223
0.07817934 1.353731 3.840996
0.2817088 1.390818 3.72006
0.03593875 1.517865 3.5766
-0.01895573 1.561562 3.543113
-0.1880339 0.7464534 3.790719
-0.1994656 0.3716638 3.822972
-0.1914019 0.1174791 3.854592
-0.2094969 0.104962 3.758587
7.037161E-05 0.7562415 3.801042
0.04375038 0.38699 3.844741
0.02886566 0.1082316 3.850302
0.05982829 0.1050003 3.771207
-0.1374184 1.361365 3.858703
-0.3139208 0.7240943 3.748042
-0.2763999 0.8016636 3.716234
-0.07472712 1.600307 3.51619
-0.04577472 1.527066 3.538349
87
-0.09320206 0.7493258 3.835893
-0.1179843 1.1019 3.853962
-0.1439304 1.446378 3.85641
-0.153532 1.569803 3.853776
-0.321303 1.325288 3.819173
-0.3594306 1.040003 3.803849
-0.335833 0.8128103 3.748582
-0.3290823 0.7881593 3.75223
0.07817934 1.353731 3.840996
0.2817088 1.390818 3.72006
0.03593875 1.517865 3.5766
-0.01895573 1.561562 3.543113
-0.1880339 0.7464534 3.790719
-0.1994656 0.3716638 3.822972
-0.1914019 0.1174791 3.854592
-0.2094969 0.104962 3.758587
7.037161E-05 0.7562415 3.801042
0.04375038 0.38699 3.844741
0.02886566 0.1082316 3.850302
0.05982829 0.1050003 3.771207
-0.1374184 1.361365 3.858703
-0.3139208 0.7240943 3.748042
-0.2763999 0.8016636 3.716234
-0.07472712 1.600307 3.51619
-0.04577472 1.527066 3.538349
88
-0.09381969 0.7490157 3.836222
-0.118745 1.101647 3.854017
-0.1446371 1.446261 3.856218
-0.1542072 1.569535 3.853168
-0.3205687 1.32429 3.818326
-0.3596786 1.039234 3.804319
-0.3376741 0.8117639 3.749967
-0.3313466 0.7868502 3.753083
0.07799891 1.352178 3.84117
0.2787487 1.392031 3.717521
0.01332032 1.504433 3.584249
-0.03836156 1.524687 3.563763
-0.1884218 0.7466761 3.790264
-0.1996647 0.36469 3.823588
-0.1900962 0.1206457 3.855155
-0.2091454 0.1076633 3.760564
-0.0004786648 0.7559803 3.801115
0.04280168 0.3869347 3.846317
0.02880199 0.1077731 3.849934
0.05966553 0.105209 3.771502
-0.1381458 1.361214 3.858567
-0.3226534 0.7227973 3.750916
-0.2795838 0.7964926 3.716689
-0.09169317 1.556245 3.535001
-0.07552695 1.478201 3.561173
89
-0.09381969 0.7490157 3.836222
-0.118745 1.101647 3.854017
-0.1446371 1.446261 3.856218
-0.1542072 1.569535 3.853168
-0.3205687 1.32429 3.818326
-0.3596786 1.039234 3.804319
-0.3376741 0.8117639 3.749967
-0.3313466 0.7868502 3.753083
0.07799891 1.352178 3.84117
0.2787487 1.392031 3.717521
0.01332032 1.504433 3.584249
-0.03836156 1.524687 3.563763
-0.1884218 0.7466761 3.790264
-0.1996647 0.36469 3.823588
-0.1900962 0.1206457 3.855155
-0.2091454 0.1076633 3.760564
-0.0004786648 0.7559803 3.801115
0.04280168 0.3869347 3.846317
0.02880199 0.1077731 3.849934
0.05966553 0.105209 3.771502
-0.1381458 1.361214 3.858567
-0.3226534 0.7227973 3.750916
-0.2795838 0.7964926 3.716689
-0.09169317 1.556245 3.535001
-0.07552695 1.478201 3.561173
90
-0.0942819 0.7488466 3.83645
-0.1192961 1.101472 3.854047
-0.145149 1.446166 3.856066
-0.1545543 1.569252 3.852524
-0.3193921 1.32363 3.817224
-0.3599316 1.038557 3.804565
-0.3381503 0.8092661 3.749637
-0.335402 0.7829263 3.751184
0.07810511 1.350509 3.84163
0.2757034 1.39433 3.715068
-0.02776235 1.505634 3.58523
-0.03932165 1.526515 3.575138
-0.1886581 0.7474074 3.789018
-0.1929447 0.4771539 3.793512
-0.1939213 0.1219455 3.855937
-0.210259 0.1046551 3.757295
-0.0009295846 0.755803 3.801324
0.04216401 0.3869139 3.847341
0.02861615 0.1075199 3.84977
0.05953836 0.1053419 3.771727
-0.1386735 1.361099 3.858459
-0.3404664 0.7244387 3.747627
-0.2905298 0.7897888 3.716167
-0.09025295 1.563636 3.53022
-0.06318668 1.484796 3.582366
91
-0.0942819 0.7488466 3.83645
-0.1192961 1.101472 3.854047
-0.145149 1.446166 3.856066
-0.1545543 1.569252 3.852524
-0.3193921 1.32363 3.817224
-0.3599316 1.038557 3.804565
-0.3381503 0.8092661 3.749637
-0.335402 0.7829263 3.751184
0.07810511 1.350509 3.84163
0.2757034 1.39433 3.715068
-0.02776235 1.505634 3.58523
-0.03932165 1.526515 3.575138
-0.1886581 0.7474074 3.789018
-0.1929447 0.4771539 3.793512
-0.1939213 0.1219455 3.855937
-0.210259 0.1046551 3.757295
-0.0009295846 0.755803 3.801324
0.04216401 0.3869139 3.847341
0.02861615 0.1075199 3.84977
0.05953836 0.1053419 3.771727
-0.1386735 1.361099 3.858459
-0.3404664 0.7244387 3.747627
-0.2905298 0.7897888 3.716167
-0.09025295 1.563636 3.53022
-0.06318668 1.484796 3.582366
92
-0.09463457 0.7487264 3.836617
-0.1197028 1.101337 3.854065
-0.1455104 1.446068 3.855938
-0.1547207 1.568968 3.852003
-0.318973 1.323132 3.816636
-0.3601608 1.037871 3.80443
-0.3382206 0.8071173 3.748853
-0.3369458 0.779442 3.749059
0.07731792 1.348723 3.841955
0.2734582 1.395339 3.714405
0.04866938 1.534677 3.601086
0.01575668 1.560407 3.576474
-0.1887618 0.7480101 3.787699
-0.1928129 0.4166023 3.803379
-0.1942195 0.1259527 3.85929
-0.2097403 0.1066929 3.758778
-0.001292985 0.755664 3.801561
0.04159007 0.3868489 3.848041
0.02846583 0.1073507 3.849715
0.05943904 0.10543 3.771885
-0.1390572 1.360996 3.85837
-0.3418535 0.7252818 3.745172
-0.2960564 0.78601 3.714584
-0.03035044 1.600818 3.523095
-0.01755128 1.547771 3.579316
93
-0.09463457 0.7487264 3.836617
-0.1197028 1.101337 3.854065
-0.1455104 1.446068 3.855938
-0.1547207 1.568968 3.852003
-0.318973 1.323132 3.816636
-0.3601608 1.037871 3.80443
-0.3382206 0.8071173 3.748853
-0.3369458 0.779442 3.749059
0.07731792 1.348723 3.841955
0.2734582 1.395339 3.714405
0.04866938 1.534677 3.601086
0.01575668 1.560407 3.576474
-0.1887618 0.7480101 3.787699
-0.1928129 0.4166023 3.803379
-0.1942195 0.1259527 3.85929
-0.2097403 0.1066929 3.758778
-0.001292985 0.755664 3.801561
0.04159007 0.3868489 3.848041
0.02846583 0.1073507 3.849715
0.05943904 0.10543 3.771885
-0.1390572 1.360996 3.85837
-0.3418535 0.7252818 3.745172
-0.2960564 0.78601 3.714584
-0.03035044 1.600818 3.523095
-0.01755128 1.547771 3.579316
94
-0.09490458 0.748643 3.836743
-0.1200216 1.101227 3.854073
-0.1458177 1.445945 3.855808
-0.1548819 1.568766 3.851608
-0.3186864 1.322866 3.816122
-0.3603373 1.037307 3.803934
-0.3368155 0.8047539 3.746497
-0.3352596 0.7743884 3.744774
0.07606487 1.347785 3.842148
0.272003 1.395023 3.714361
0.1257778 1.556815 3.602672
0.100193 1.59454 3.577173
-0.1887539 0.7483568 3.786736
-0.1908648 0.399267 3.804883
-0.1948937 0.1298194 3.861954
-0.2092552 0.1084582 3.760088
-0.001598275 0.7556019 3.80179
0.04106649 0.3867862 3.848417
0.02834431 0.1072792 3.84976
0.0593702 0.1054933 3.771987
-0.139376 1.360881 3.858276
-0.3371414 0.7269894 3.739108
-0.2978795 0.7839045 3.712332
0.07237488 1.647465 3.538382
0.06731502 1.576666 3.585727
95
-0.09490458 0.748643 3.836743
-0.1200216 1.101227 3.854073
-0.1458177 1.445945 3.855808
-0.1548819 1.568766 3.851608
-0.3186864 1.322866 3.816122
-0.3603373 1.037307 3.803934
-0.3368155 0.8047539 3.746497
-0.3352596 0.7743884 3.744774
0.07606487 1.347785 3.842148
0.272003 1.395023 3.714361
0.1257778 1.556815 3.602672
0.100193 1.59454 3.577173
-0.1887539 0.7483568 3.786736
-0.1908648 0.399267 3.804883
-0.1948937 0.1298194 3.861954
-0.2092552 0.1084582 3.760088
-0.001598275 0.7556019 3.80179
0.04106649 0.3867862 3.848417
0.02834431 0.1072792 3.84976
0.0593702 0.1054933 3.771987
-0.139376 1.360881 3.858276
-0.3371414 0.7269894 3.739108
-0.2978795 0.7839045 3.712332
0.07237488 1.647465 3.538382
0.06731502 1.576666 3.585727
96
-0.09510388 0.7485638 3.836837
-0.1202744 1.101123 3.854074
-0.1460658 1.445817 3.855702
-0.1551533 1.568539 3.851276
-0.3185114 1.322767 3.815677
-0.3604866 1.036875 3.803173
-0.3326802 0.8073546 3.740032
-0.3282039 0.7770855 3.737366
0.07473185 1.347145 3.842158
0.2708439 1.393822 3.714811
0.2033354 1.574039 3.596054
0.190331 1.625196 3.574123
-0.1886835 0.7484546 3.786078
-0.1899353 0.385873 3.806702
-0.1954022 0.1327736 3.863854
-0.2088424 0.1098744 3.76116
-0.001837741 0.7555193 3.801981
0.04118124 0.3866816 3.848479
0.02799429 0.1074008 3.849911
0.05932178 0.1055224 3.77204
-0.1396325 1.360762 3.858194
-0.3164766 0.727158 3.731865
-0.2845263 0.7978948 3.704206
0.1991665 1.669895 3.526834
0.1703582 1.643139 3.575431
97
-0.09510388 0.7485638 3.836837
-0.1202744 1.101123 3.854074
-0.1460658 1.445817 3.855702
-0.1551533 1.568539 3.851276
-0.3185114 1.322767 3.815677
-0.3604866 1.036875 3.803173
-0.3326802 0.8073546 3.740032
-0.3282039 0.7770855 3.737366
0.07473185 1.347145 3.842158
0.2708439 1.393822 3.714811
0.2033354 1.574039 3.596054
0.190331 1.625196 3.574123
-0.1886835 0.7484546 3.786078
-0.1899353 0.385873 3.806702
-0.1954022 0.1327736 3.863854
-0.2088424 0.1098744 3.76116
-0.001837741 0.7555193 3.801981
0.04118124 0.3866816 3.848479
0.02799429 0.1074008 3.849911
0.05932178 0.1055224 3.77204
-0.1396325 1.360762 3.858194
-0.3164766 0.727158 3.731865
-0.2845263 0.7978948 3.704206
0.1991665 1.669895 3.526834
0.1703582 1.643139 3.575431
98
-0.09525663 0.7484881 3.836903
-0.1204942 1.101007 3.854061
-0.1463225 1.445651 3.855597
-0.1560382 1.568143 3.850706
-0.3195502 1.322592 3.815762
-0.3606097 1.036549 3.802341
-0.3280126 0.8048634 3.732516
-0.3261139 0.7763798 3.731887
0.07301999 1.346678 3.841897
0.2699423 1.391944 3.715973
0.3085309 1.583413 3.589012
0.3155444 1.645438 3.571581
-0.1885594 0.748361 3.785555
-0.1894105 0.3774337 3.808013
-0.195749 0.1347149 3.864938
-0.2086254 0.1108965 3.761948
-0.002018528 0.7554461 3.802111
0.04149695 0.3865488 3.848324
0.02765727 0.1080104 3.850081
0.05849217 0.1059925 3.773085
-0.1398856 1.360609 3.858108
-0.3167398 0.7283905 3.726114
-0.284905 0.7991303 3.694415
0.3342874 1.702964 3.543215
0.2888501 1.666252 3.565485
99
-0.09525663 0.7484881 3.836903
-0.1204942 1.101007 3.854061
-0.1463225 1.445651 3.855597
-0.1560382 1.568143 3.850706
-0.3195502 1.322592 3.815762
-0.3606097 1.036549 3.802341
-0.3280126 0.8048634 3.732516
-0.3261139 0.7763798 3.731887
0.07301999 1.346678 3.841897
0.2699423 1.391944 3.715973
0.3085309 1.583413 3.589012
0.3155444 1.645438 3.571581
-0.1885594 0.748361 3.785555
-0.1894105 0.3774337 3.808013
-0.195749 0.1347149 3.864938
-0.2086254 0.1108965 3.761948
-0.002018528 0.7554461 3.802111
0.04149695 0.3865488 3.848324
0.02765727 0.1080104 3.850081
0.05849217 0.1059925 3.773085
-0.1398856 1.360609 3.858108
-0.3167398 0.7283905 3.726114
-0.284905 0.7991303 3.694415
0.3342874 1.702964 3.543215
0.2888501 1.666252 3.565485
100
-0.09538633 0.7483979 3.836945
-0.1207353 1.100856 3.854012
-0.1467146 1.445434 3.855424
-0.157904 1.567719 3.84962
-0.3220264 1.322139 3.816291
-0.360714 1.036051 3.801149
-0.3250036 0.8031535 3.727683
-0.3243774 0.7756674 3.727604
0.07145649 1.346451 3.841463
0.2695565 1.389565 3.717522
0.3901429 1.575576 3.58932
0.4013342 1.624896 3.568182
-0.1884108 0.7480815 3.785137
-0.1888424 0.3718663 3.809158
-0.1961693 0.1360083 3.865608
-0.2084639 0.1117332 3.762586
-0.002169182 0.7553788 3.802194
0.04193698 0.3863923 3.847968
0.02726377 0.1083741 3.850297
0.05824585 0.1060938 3.773302
-0.1402418 1.360404 3.857959
-0.3132698 0.7290882 3.723826
-0.2862481 0.8002129 3.688341
0.432218 1.675544 3.553827
0.3805465 1.655531 3.555235
101
-0.09538633 0.7483979 3.836945
-0.1207353 1.100856 3.854012
-0.1467146 1.445434 3.855424
-0.157904 1.567719 3.84962
-0.3220264 1.322139 3.816291
-0.360714 1.036051 3.801149
-0.3250036 0.8031535 3.727683
-0.3243774 0.7756674 3.727604
0.07145649 1.346451 3.841463
0.2695565 1.389565 3.717522
0.3901429 1.575576 3.58932
0.4013342 1.624896 3.568182
-0.1884108 0.7480815 3.785137
-0.1888424 0.3718663 3.809158
-0.1961693 0.1360083 3.865608
-0.2084639 0.1117332 3.762586
-0.002169182 0.7553788 3.802194
0.04193698 0.3863923 3.847968
0.02726377 0.1083741 3.850297
0.05824585 0.1060938 3.773302
-0.1402418 1.360404 3.857959
-0.3132698 0.7290882 3.723826
-0.2862481 0.8002129 3.688341
0.432218 1.675544 3.553827
0.3805465 1.655531 3.555235
102
-0.0955299 0.7482594 3.836963
-0.1209938 1.100682 3.853942
-0.1471067 1.445229 3.85525
-0.1599424 1.567456 3.848536
-0.3256149 1.321453 3.817373
-0.361299 1.036136 3.799825
-0.3246859 0.8057675 3.724455
-0.3222184 0.774455 3.724867
0.07011148 1.346378 3.840957
0.2711634 1.383188 3.721821
0.4104465 1.547839 3.589451
0.4223155 1.582023 3.571418
-0.1882956 0.7475943 3.784854
-0.1884133 0.3679442 3.810587
-0.1965118 0.1364252 3.865931
-0.208359 0.112262 3.763115
-0.002345386 0.7552948 3.802236
0.04255598 0.3862193 3.847421
0.02685442 0.1088095 3.850561
0.05807427 0.1061696 3.773455
-0.1406037 1.360202 3.857802
-0.2970641 0.7302455 3.721406
-0.2852936 0.8001197 3.686229
0.4491265 1.632485 3.562941
0.3965178 1.612726 3.5584
103
-0.0955299 0.7482594 3.836963
-0.1209938 1.100682 3.853942
-0.1471067 1.445229 3.85525
-0.1599424 1.567456 3.848536
-0.3256149 1.321453 3.817373
-0.361299 1.036136 3.799825
-0.3246859 0.8057675 3.724455
-0.3222184 0.774455 3.724867
0.07011148 1.346378 3.840957
0.2711634 1.383188 3.721821
0.4104465 1.547839 3.589451
0.4223155 1.582023 3.571418
-0.1882956 0.7475943 3.784854
-0.1884133 0.3679442 3.810587
-0.1965118 0.1364252 3.865931
-0.208359 0.112262 3.763115
-0.002345386 0.7552948 3.802236
0.04255598 0.3862193 3.847421
0.02685442 0.1088095 3.850561
0.05807427 0.1061696 3.773455
-0.1406037 1.360202 3.857802
-0.2970641 0.7302455 3.721406
-0.2852936 0.8001197 3.686229
0.4491265 1.632485 3.562941
0.3965178 1.612726 3.5584
104
-0.09566308 0.7481106 3.836962
-0.1213099 1.100483 3.85382
-0.1477141 1.445003 3.854957
-0.162039 1.567317 3.847459
-0.3287986 1.320803 3.818054
-0.3617929 1.036171 3.798546
-0.3236885 0.8049421 3.722705
-0.3213407 0.7733937 3.723475
0.0689283 1.346377 3.84036
0.3014075 1.37018 3.713315
0.4290862 1.541008 3.568148
0.4206696 1.5342 3.571689
-0.1881724 0.7469465 3.784655
-0.188287 0.3652178 3.811867
-0.1967346 0.1365902 3.866004
-0.2082266 0.112785 3.763678
-0.00252896 0.7552294 3.802232
0.04330036 0.386079 3.846561
0.02641544 0.1093648 3.850933
0.05794916 0.1062183 3.773564
-0.1411359 1.359974 3.857544
-0.2939863 0.7302806 3.720937
-0.2864357 0.7949259 3.686666
0.4443114 1.586349 3.558639
0.4072093 1.57248 3.552789
105
-0.09566308 0.7481106 3.836962
-0.1213099 1.100483 3.85382
-0.1477141 1.445003 3.854957
-0.162039 1.567317 3.847459
-0.3287986 1.320803 3.818054
-0.3617929 1.036171 3.798546
-0.3236885 0.8049421 3.722705
-0.3213407 0.7733937 3.723475
0.0689283 1.346377 3.84036
0.3014075 1.37018 3.713315
0.4290862 1.541008 3.568148
0.4206696 1.5342 3.571689
-0.1881724 0.7469465 3.784655
-0.188287 0.3652178 3.811867
-0.1967346 0.1365902 3.866004
-0.2082266 0.112785 3.763678
-0.00252896 0.7552294 3.802232
0.04330036 0.386079 3.846561
0.02641544 0.1093648 3.850933
0.05794916 0.1062183 3.773564
-0.1411359 1.359974 3.857544
-0.2939863 0.7302806 3.720937
-0.2864357 0.7949259 3.686666
0.4443114 1.586349 3.558639
0.4072093 1.57248 3.552789
106
-0.09581049 0.7479261 3.836941
-0.1216383 1.100252 3.853667
-0.1482817 1.444755 3.854639
-0.1639104 1.567222 3.846261
-0.3314615 1.320438 3.818433
-0.3621866 1.036044 3.797324
-0.3229379 0.8040973 3.721598
-0.32074 0.7725565 3.722663
0.06789581 1.346318 3.83978
0.3148529 1.353359 3.710413
0.4243815 1.512751 3.556227
0.4093443 1.485652 3.568993
-0.1880792 0.746186 3.784557
-0.188319 0.3633024 3.812919
-0.1968589 0.1367199 3.865952
-0.2081439 0.1133364 3.764229
-0.00275213 0.755157 3.802176
0.04412112 0.3859015 3.845354
0.02596179 0.11007 3.85143
0.05785975 0.1062565 3.773637
-0.1416464 1.359721 3.857259
-0.2928626 0.730555 3.720953
-0.2867444 0.7890532 3.688738
0.4364004 1.531299 3.556379
0.3923836 1.520419 3.554103
107
-0.09581049 0.7479261 3.836941
-0.1216383 1.100252 3.853667
-0.1482817 1.444755 3.854639
-0.1639104 1.567222 3.846261
-0.3314615 1.320438 3.818433
-0.3621866 1.036044 3.797324
-0.3229379 0.8040973 3.721598
-0.32074 0.7725565 3.722663
0.06789581 1.346318 3.83978
0.3148529 1.353359 3.710413
0.4243815 1.512751 3.556227
0.4093443 1.485652 3.568993
-0.1880792 0.746186 3.784557
-0.188319 0.3633024 3.812919
-0.1968589 0.1367199 3.865952
-0.2081439 0.1133364 3.764229
-0.00275213 0.755157 3.802176
0.04412112 0.3859015 3.845354
0.02596179 0.11007 3.85143
0.05785975 0.1062565 3.773637
-0.1416464 1.359721 3.857259
-0.2928626 0.730555 3.720953
-0.2867444 0.7890532 3.688738
0.4364004 1.531299 3.556379
0.3923836 1.520419 3.554103
108
-0.09602993 0.7476446 3.836885
-0.1220024 1.09997 3.853452
-0.1488081 1.444489 3.854234
-0.1653776 1.567284 3.845037
-0.3335038 1.320178 3.818339
-0.3627377 1.035979 3.796056
-0.3224531 0.8032409 3.720964
-0.3200913 0.7714759 3.722356
0.06706599 1.346183 3.83925
0.2903391 1.274655 3.753586
0.3785646 1.411955 3.587341
0.3969102 1.422312 3.568306
-0.1880829 0.745174 3.784531
-0.1885393 0.3618947 3.81391
-0.1968896 0.1367225 3.865774
-0.2081104 0.1138555 3.764687
-0.003048086 0.7550706 3.802066
0.04494419 0.3857013 3.843945
0.02552113 0.1108446 3.851967
0.05779366 0.106279 3.773679
-0.1421394 1.359444 3.856896
-0.2914886 0.7306523 3.720531
-0.2842225 0.7814026 3.692015
0.4209713 1.458552 3.547685
0.3698469 1.451477 3.551694
109
-0.09602993 0.7476446 3.836885
-0.1220024 1.09997 3.853452
-0.1488081 1.444489 3.854234
-0.1653776 1.567284 3.845037
-0.3335038 1.320178 3.818339
-0.3627377 1.035979 3.796056
-0.3224531 0.8032409 3.720964
-0.3200913 0.7714759 3.722356
0.06706599 1.346183 3.83925
0.2903391 1.274655 3.753586
0.3785646 1.411955 3.587341
0.3969102 1.422312 3.568306
-0.1880829 0.745174 3.784531
-0.1885393 0.3618947 3.81391
-0.1968896 0.1367225 3.865774
-0.2081104 0.1138555 3.764687
-0.003048086 0.7550706 3.802066
0.04494419 0.3857013 3.843945
0.02552113 0.1108446 3.851967
0.05779366 0.106279 3.773679
-0.1421394 1.359444 3.856896
-0.2914886 0.7306523 3.720531
-0.2842225 0.7814026 3.692015
0.4209713 1.458552 3.547685
0.3698469 1.451477 3.551694
110
-0.09628567 0.7473339 3.836889
-0.1223593 1.099684 3.853269
-0.1492698 1.444237 3.853873
-0.1664565 1.567335 3.844066
-0.3350313 1.32 3.818211
-0.3634866 1.035935 3.795097
-0.322439 0.8020937 3.721522
-0.3208043 0.7692757 3.726793
0.06632592 1.34576 3.839011
0.2502249 1.190661 3.812807
0.349862 1.323159 3.614771
0.3603545 1.347124 3.570054
-0.188156 0.7440316 3.784912
-0.1891888 0.3609268 3.815285
-0.1966817 0.1378023 3.865146
-0.2079602 0.1160989 3.76633
-0.003373412 0.7549909 3.801954
0.04557446 0.3855683 3.842883
0.02491793 0.1126256 3.852637
0.05714289 0.1074467 3.775964
-0.1425809 1.359178 3.856573
-0.294843 0.727563 3.730689
-0.285406 0.7722464 3.703265
0.3870497 1.373922 3.543935
0.3490518 1.376203 3.557032
111
-0.09628567 0.7473339 3.836889
-0.1223593 1.099684 3.853269
-0.1492698 1.444237 3.853873
-0.1664565 1.567335 3.844066
-0.3350313 1.32 3.818211
-0.3634866 1.035935 3.795097
-0.322439 0.8020937 3.721522
-0.3208043 0.7692757 3.726793
0.06632592 1.34576 3.839011
0.2502249 1.190661 3.812807
0.349862 1.323159 3.614771
0.3603545 1.347124 3.570054
-0.188156 0.7440316 3.784912
-0.1891888 0.3609268 3.815285
-0.1966817 0.1378023 3.865146
-0.2079602 0.1160989 3.76633
-0.003373412 0.7549909 3.801954
0.04557446 0.3855683 3.842883
0.02491793 0.1126256 3.852637
0.05714289 0.1074467 3.775964
-0.1425809 1.359178 3.856573
-0.294843 0.727563 3.730689
-0.285406 0.7722464 3.703265
0.3870497 1.373922 3.543935
0.3490518 1.376203 3.557032
112
-0.09657448 0.7469745 3.836886
-0.1228111 1.09931 3.852987
-0.1499118 1.443852 3.853196
-0.1672762 1.567456 3.843004
-0.3363343 1.319878 3.817867
-0.364527 1.036167 3.7941
-0.3230943 0.8004768 3.722958
-0.3227102 0.768208 3.729465
0.06553029 1.345076 3.838892
0.2089761 1.131451 3.855334
0.3000295 1.22846 3.640861
0.3244665 1.254579 3.568513
-0.1882464 0.7429988 3.785301
-0.1898162 0.3603231 3.816384
-0.1964681 0.1385568 3.864632
-0.2078968 0.1177696 3.76751
-0.00376636 0.7548643 3.801798
0.04612872 0.3854286 3.842007
0.02435134 0.1134229 3.85318
0.05689451 0.1076744 3.77666
-0.1431809 1.358789 3.856
-0.3090053 0.7278212 3.737159
-0.2864356 0.7702745 3.708069
0.3484158 1.26521 3.527457
0.3127793 1.278307 3.548587
113
-0.09657448 0.7469745 3.836886
-0.1228111 1.09931 3.852987
-0.1499118 1.443852 3.853196
-0.1672762 1.567456 3.843004
-0.3363343 1.319878 3.817867
-0.364527 1.036167 3.7941
-0.3230943 0.8004768 3.722958
-0.3227102 0.768208 3.729465
0.06553029 1.345076 3.838892
0.2089761 1.131451 3.855334
0.3000295 1.22846 3.640861
0.3244665 1.254579 3.568513
-0.1882464 0.7429988 3.785301
-0.1898162 0.3603231 3.816384
-0.1964681 0.1385568 3.864632
-0.2078968 0.1177696 3.76751
-0.00376636 0.7548643 3.801798
0.04612872 0.3854286 3.842007
0.02435134 0.1134229 3.85318
0.05689451 0.1076744 3.77666
-0.1431809 1.358789 3.856
-0.3090053 0.7278212 3.737159
-0.2864356 0.7702745 3.708069
0.3484158 1.26521 3.527457
0.3127793 1.278307 3.548587
114
-0.09687404 0.746599 3.836895
-0.1232324 1.098953 3.852719
-0.1504692 1.443504 3.852573
-0.1678259 1.567552 3.842048
-0.3373666 1.319826 3.817457
-0.3654741 1.036107 3.793276
-0.3243868 0.7990958 3.725242
-0.3252395 0.7670681 3.73382
0.06472851 1.344241 3.839009
0.2054546 1.134891 3.852038
0.2857414 1.194962 3.646868
0.2920743 1.148371 3.578371
-0.188336 0.7421066 3.785682
-0.1904674 0.3599846 3.817263
-0.1962519 0.1387464 3.864279
-0.2079563 0.1186209 3.768137
-0.004211114 0.7546965 3.801637
0.04659507 0.3852929 3.841329
0.0237769 0.1140967 3.853642
0.05668635 0.1078591 3.77725
-0.1437094 1.358434 3.855472
-0.3217045 0.7279661 3.744571
-0.2899859 0.7502812 3.72045
0.3110943 1.142046 3.540029
0.2983044 1.156415 3.550426
115
-0.09687404 0.746599 3.836895
-0.1232324 1.098953 3.852719
-0.1504692 1.443504 3.852573
-0.1678259 1.567552 3.842048
-0.3373666 1.319826 3.817457
-0.3654741 1.036107 3.793276
-0.3243868 0.7990958 3.725242
-0.3252395 0.7670681 3.73382
0.06472851 1.344241 3.839009
0.2054546 1.134891 3.852038
0.2857414 1.194962 3.646868
0.2920743 1.148371 3.578371
-0.188336 0.7421066 3.785682
-0.1904674 0.3599846 3.817263
-0.1962519 0.1387464 3.864279
-0.2079563 0.1186209 3.768137
-0.004211114 0.7546965 3.801637
0.04659507 0.3852929 3.841329
0.0237769 0.1140967 3.853642
0.05668635 0.1078591 3.77725
-0.1437094 1.358434 3.855472
-0.3217045 0.7279661 3.744571
-0.2899859 0.7502812 3.72045
0.3110943 1.142046 3.540029
0.2983044 1.156415 3.550426
116
-0.0972015 0.746197 3.836863
-0.1236335 1.098565 3.85236
-0.1508705 1.443105 3.85173
-0.1681672 1.567654 3.841158
-0.3373513 1.320492 3.81605
-0.3663767 1.035944 3.792519
-0.3262268 0.7980429 3.727777
-0.3270494 0.7662369 3.736086
0.0640251 1.343403 3.839228
0.1976737 1.129648 3.847525
0.2661765 1.0607 3.644025
0.2569715 1.025883 3.591699
-0.1884339 0.741331 3.785977
-0.191067 0.3598047 3.817924
-0.1960455 0.1389081 3.863993
-0.2080199 0.1192839 3.768602
-0.004722411 0.7544988 3.801418
0.04698028 0.3851996 3.840851
0.02327111 0.1145506 3.853971
0.05654742 0.1079339 3.777613
-0.1441284 1.358036 3.854767
-0.3261895 0.7280879 3.746353
-0.2912205 0.7498336 3.723185
0.27099 1.006238 3.559483
0.273375 1.015181 3.553365
117
-0.0972015 0.746197 3.836863
-0.1236335 1.098565 3.85236
-0.1508705 1.443105 3.85173
-0.1681672 1.567654 3.841158
-0.3373513 1.320492 3.81605
-0.3663767 1.035944 3.792519
-0.3262268 0.7980429 3.727777
-0.3270494 0.7662369 3.736086
0.0640251 1.343403 3.839228
0.1976737 1.129648 3.847525
0.2661765 1.0607 3.644025
0.2569715 1.025883 3.591699
-0.1884339 0.741331 3.785977
-0.191067 0.3598047 3.817924
-0.1960455 0.1389081 3.863993
-0.2080199 0.1192839 3.768602
-0.004722411 0.7544988 3.801418
0.04698028 0.3851996 3.840851
0.02327111 0.1145506 3.853971
0.05654742 0.1079339 3.777613
-0.1441284 1.358036 3.854767
-0.3261895 0.7280879 3.746353
-0.2912205 0.7498336 3.723185
0.27099 1.006238 3.559483
0.273375 1.015181 3.553365
118
-0.09751836 0.7457737 3.836818
-0.1240257 1.098169 3.851959
-0.1512626 1.442724 3.850777
-0.1683639 1.567747 3.840448
-0.3373023 1.32085 3.814571
-0.3671995 1.035464 3.79176
-0.3292018 0.7996449 3.731412
-0.3275628 0.7653258 3.738971
0.06339883 1.342518 3.83958
0.1804119 1.104922 3.8535
0.2289695 0.947939 3.650817
0.2168749 0.9016584 3.603863
-0.1885187 0.740661 3.786198
-0.1914729 0.3596878 3.818363
-0.1958934 0.1389554 3.863836
-0.2080489 0.1196481 3.768933
-0.005212958 0.7542562 3.801219
0.04730808 0.3851171 3.840566
0.02279118 0.1148808 3.854213
0.05643599 0.1079738 3.777891
-0.1445378 1.357645 3.853974
-0.30902 0.7082029 3.74777
-0.2804351 0.7674103 3.719553
0.2265484 0.8537261 3.577259
0.2373684 0.8639564 3.569659
119
-0.09751836 0.7457737 3.836818
-0.1240257 1.098169 3.851959
-0.1512626 1.442724 3.850777
-0.1683639 1.567747 3.840448
-0.3373023 1.32085 3.814571
-0.3671995 1.035464 3.79176
-0.3292018 0.7996449 3.731412
-0.3275628 0.7653258 3.738971
0.06339883 1.342518 3.83958
0.1804119 1.104922 3.8535
0.2289695 0.947939 3.650817
0.2168749 0.9016584 3.603863
-0.1885187 0.740661 3.786198
-0.1914729 0.3596878 3.818363
-0.1958934 0.1389554 3.863836
-0.2080489 0.1196481 3.768933
-0.005212958 0.7542562 3.801219
0.04730808 0.3851171 3.840566
0.02279118 0.1148808 3.854213
0.05643599 0.1079738 3.777891
-0.1445378 1.357645 3.853974
-0.30902 0.7082029 3.74777
-0.2804351 0.7674103 3.719553
0.2265484 0.8537261 3.577259
0.2373684 0.8639564 3.569659
120
-0.09782284 0.745311 3.836778
-0.1243539 1.097793 3.851566
-0.1514972 1.442394 3.849787
-0.1684376 1.567849 3.839892
-0.3372123 1.321159 3.813174
-0.3676728 1.033738 3.790761
-0.3306051 0.799685 3.734118
-0.3283043 0.7638482 3.741752
0.06286944 1.341731 3.839946
0.1733144 1.103238 3.847005
0.1998112 0.8942796 3.689838
0.1877127 0.866272 3.667776
-0.1885894 0.7401196 3.786361
-0.1918004 0.3596439 3.818657
-0.1957805 0.1389954 3.863716
-0.2080851 0.1199149 3.769193
-0.005745839 0.7537296 3.801123
0.04772446 0.3848585 3.840602
0.02224374 0.115063 3.854377
0.05636477 0.1079464 3.778106
-0.1448208 1.357293 3.853165
-0.3022244 0.6991273 3.748721
-0.2777155 0.7725422 3.718703
0.1996124 0.8026555 3.646041
0.2140102 0.8472823 3.647562
