98
1
0.03536553 0.7961625 3.087929
0.02872228 1.100438 3.112545
0.02252148 1.39746 3.124998
0.02882201 1.522039 3.136319
-0.1229795 1.251375 3.092939
-0.1517164 1.024612 3.07597
-0.1514383 0.819955 2.998388
-0.1370308 0.7727287 2.999476
0.1788195 1.247494 3.096065
0.2121129 1.021888 3.087693
0.2281677 0.825106 3.013658
0.212968 0.7827158 3.009947
-0.03768343 0.7969216 3.054236
-0.04578684 0.5191863 3.044096
-0.0475406 0.175491 3.099493
-0.0413085 0.1580469 2.991462
0.1077055 0.8000419 3.049417
0.1284369 0.5232625 3.04317
0.1184648 0.1673315 3.099208
0.1146342 0.150333 2.990558
0.024044 1.324182 3.124163
-0.1449135 0.7102532 2.991988
-0.1057717 0.7752595 2.975092
0.2110081 0.7135883 3.001292
0.2377965 0.7645171 2.992999
2
0.03536553 0.7961625 3.087929
0.02872228 1.100438 3.112545
0.02252148 1.39746 3.124998
0.02882201 1.522039 3.136319
-0.1229795 1.251375 3.092939
-0.1517164 1.024612 3.07597
-0.1514383 0.819955 2.998388
-0.1370308 0.7727287 2.999476
0.1788195 1.247494 3.096065
0.2121129 1.021888 3.087693
0.2281677 0.825106 3.013658
0.212968 0.7827158 3.009947
-0.03768343 0.7969216 3.054236
-0.04578684 0.5191863 3.044096
-0.0475406 0.175491 3.099493
-0.0413085 0.1580469 2.991462
0.1077055 0.8000419 3.049417
0.1284369 0.5232625 3.04317
0.1184648 0.1673315 3.099208
0.1146342 0.150333 2.990558
0.024044 1.324182 3.124163
-0.1449135 0.7102532 2.991988
-0.1057717 0.7752595 2.975092
0.2110081 0.7135883 3.001292
0.2377965 0.7645171 2.992999
3
0.03571971 0.7960382 3.088241
0.02902584 1.100357 3.112925
0.02275432 1.39743 3.125446
0.02962173 1.522222 3.136781
-0.1223404 1.251657 3.093015
-0.1511255 1.024901 3.075728
-0.1509823 0.8199163 2.998188
-0.136573 0.7726244 2.999395
0.1800386 1.247133 3.097562
0.2125089 1.021588 3.088281
0.2268276 0.8311 3.014506
0.2134442 0.783713 3.010453
-0.03734681 0.7968405 3.054386
-0.04511488 0.5190947 3.044306
-0.04754407 0.1751093 3.099393
-0.04125116 0.1577336 2.991168
0.1080534 0.7998768 3.049872
0.1289503 0.5231366 3.043786
0.1183798 0.1670919 3.099116
0.1146547 0.1503255 2.990515
0.02429686 1.324138 3.124594
-0.1426014 0.7092977 2.992851
-0.1053777 0.7754933 2.975039
0.2113477 0.7132554 3.002035
0.2385881 0.7647722 2.99315
4
0.03571971 0.7960382 3.088241
0.02902584 1.100357 3.112925
0.02275432 1.39743 3.125446
0.02962173 1.522222 3.136781
-0.1223404 1.251657 3.093015
-0.1511255 1.024901 3.075728
-0.1509823 0.8199163 2.998188
-0.136573 0.7726244 2.999395
0.1800386 1.247133 3.097562
0.2125089 1.021588 3.088281
0.2268276 0.8311 3.014506
0.2134442 0.783713 3.010453
-0.03734681 0.7968405 3.054386
-0.04511488 0.5190947 3.044306
-0.04754407 0.1751093 3.099393
-0.04125116 0.1577336 2.991168
0.1080534 0.7998768 3.049872
0.1289503 0.5231366 3.043786
0.1183798 0.1670919 3.099116
0.1146547 0.1503255 2.990515
0.02429686 1.324138 3.124594
-0.1426014 0.7092977 2.992851
-0.1053777 0.7754933 2.975039
0.2113477 0.7132554 3.002035
0.2385881 0.7647722 2.99315
5
0.03619875 0.7959413 3.088533
0.02945497 1.100289 3.113304
0.02310507 1.397401 3.125896
0.030428 1.52235 3.137214
-0.1216793 1.251924 3.093064
-0.1503113 1.025198 3.075385
-0.1504147 0.8198603 2.997952
-0.1353213 0.7730326 2.998678
0.1806763 1.246985 3.098355
0.2128698 1.021436 3.088651
0.2246498 0.8390697 3.015255
0.213788 0.785229 3.010864
-0.03684067 0.7967739 3.054501
-0.04432062 0.5189934 3.044482
-0.04757906 0.1747963 3.099248
-0.04124684 0.1574601 2.990668
0.1084937 0.799756 3.050296
0.1294436 0.5229623 3.044299
0.1183036 0.1668857 3.099036
0.1146739 0.1503107 2.990474
0.02467011 1.324098 3.125029
-0.140572 0.7098836 2.992076
-0.1037895 0.7749122 2.974387
0.2116296 0.7154207 3.001933
0.2389591 0.7658299 2.992966
6
0.03619875 0.7959413 3.088533
0.02945497 1.100289 3.113304
0.02310507 1.397401 3.125896
0.030428 1.52235 3.137214
-0.1216793 1.251924 3.093064
-0.1503113 1.025198 3.075385
-0.1504147 0.8198603 2.997952
-0.1353213 0.7730326 2.998678
0.1806763 1.246985 3.098355
0.2128698 1.021436 3.088651
0.2246498 0.8390697 3.015255
0.213788 0.785229 3.010864
-0.03684067 0.7967739 3.054501
-0.04432062 0.5189934 3.044482
-0.04757906 0.1747963 3.099248
-0.04124684 0.1574601 2.990668
0.1084937 0.799756 3.050296
0.1294436 0.5229623 3.044299
0.1183036 0.1668857 3.099036
0.1146739 0.1503107 2.990474
0.02467011 1.324098 3.125029
-0.140572 0.7098836 2.992076
-0.1037895 0.7749122 2.974387
0.2116296 0.7154207 3.001933
0.2389591 0.7658299 2.992966
7
0.03673087 0.7958477 3.088838
0.0299413 1.100217 3.113693
0.02350697 1.397361 3.126343
0.0314503 1.522472 3.137664
-0.1203937 1.252334 3.093097
-0.1492274 1.025598 3.075059
-0.1497087 0.8198261 2.99771
-0.134067 0.773638 2.998542
0.1817172 1.246789 3.09927
0.213546 1.021215 3.089062
0.2233713 0.8449048 3.01614
0.2149382 0.7867792 3.011848
-0.03627403 0.7967172 3.054622
-0.04346978 0.5188642 3.04469
-0.04756138 0.1743001 3.099055
-0.04132293 0.1570251 2.990036
0.1089773 0.7996322 3.050733
0.1299002 0.5229195 3.044724
0.1182389 0.1667075 3.098961
0.1146968 0.1502983 2.990427
0.02509642 1.324049 3.125464
-0.1396276 0.7096862 2.992156
-0.101667 0.772956 2.974072
0.2143284 0.7165704 3.004778
0.2401807 0.7675848 2.99313
8
0.03673087 0.7958477 3.088838
0.0299413 1.100217 3.113693
0.02350697 1.397361 3.126343
0.0314503 1.522472 3.137664
-0.1203937 1.252334 3.093097
-0.1492274 1.025598 3.075059
-0.1497087 0.8198261 2.99771
-0.134067 0.773638 2.998542
0.1817172 1.246789 3.09927
0.213546 1.021215 3.089062
0.2233713 0.8449048 3.01614
0.2149382 0.7867792 3.011848
-0.03627403 0.7967172 3.054622
-0.04346978 0.5188642 3.04469
-0.04756138 0.1743001 3.099055
-0.04132293 0.1570251 2.990036
0.1089773 0.7996322 3.050733
0.1299002 0.5229195 3.044724
0.1182389 0.1667075 3.098961
0.1146968 0.1502983 2.990427
0.02509642 1.324049 3.125464
-0.1396276 0.7096862 2.992156
-0.101667 0.772956 2.974072
0.2143284 0.7165704 3.004778
0.2401807 0.7675848 2.99313
9
0.03735431 0.795728 3.089175
0.03054734 1.100127 3.11413
0.02404869 1.397319 3.126846
0.03265101 1.522534 3.138193
-0.1191728 1.252656 3.093165
-0.148172 1.025914 3.07482
-0.1487913 0.8198665 2.997465
-0.132722 0.7742451 2.998643
0.1830385 1.246541 3.100266
0.2144443 1.020931 3.089462
0.238073 0.8235848 3.019911
0.218958 0.7822747 3.013187
-0.03558264 0.7966371 3.054793
-0.04251882 0.5186375 3.044982
-0.0475833 0.1737107 3.098894
-0.04135842 0.1565386 2.989613
0.1095087 0.7994881 3.051164
0.1307159 0.5223834 3.04561
0.118091 0.1663473 3.098844
0.1147294 0.1502567 2.990429
0.02565828 1.323994 3.125955
-0.1380976 0.7093555 2.992612
-0.1004644 0.7721507 2.974202
0.2160768 0.7186614 3.005134
0.2410722 0.766396 2.993535
10
0.03735431 0.795728 3.089175
0.03054734 1.100127 3.11413
0.02404869 1.397319 3.126846
0.03265101 1.522534 3.138193
-0.1191728 1.252656 3.093165
-0.148172 1.025914 3.07482
-0.1487913 0.8198665 2.997465
-0.132722 0.7742451 2.998643
0.1830385 1.246541 3.100266
0.2144443 1.020931 3.089462
0.238073 0.8235848 3.019911
0.218958 0.7822747 3.013187
-0.03558264 0.7966371 3.054793
-0.04251882 0.5186375 3.044982
-0.0475833 0.1737107 3.098894
-0.04135842 0.1565386 2.989613
0.1095087 0.7994881 3.051164
0.1307159 0.5223834 3.04561
0.118091 0.1663473 3.098844
0.1147294 0.1502567 2.990429
0.02565828 1.323994 3.125955
-0.1380976 0.7093555 2.992612
-0.1004644 0.7721507 2.974202
0.2160768 0.7186614 3.005134
0.2410722 0.766396 2.993535
11
0.03805352 0.7956206 3.089522
0.03122279 1.100021 3.114568
0.02466335 1.397228 3.12734
0.03386725 1.522455 3.138709
-0.1176497 1.253014 3.093261
-0.1469004 1.026266 3.074585
-0.147666 0.8199455 2.997228
-0.1314496 0.7747301 2.99845
0.1849362 1.246269 3.101402
0.2159294 1.020579 3.090296
0.2444649 0.8137792 3.021502
0.2209354 0.7800707 3.013833
-0.03477936 0.796578 3.054985
-0.0415888 0.5183916 3.04528
-0.0475969 0.1731287 3.098732
-0.04141055 0.1560598 2.989175
0.1100798 0.7993524 3.051584
0.1314883 0.5220038 3.046351
0.1179658 0.1658966 3.098741
0.1147874 0.1500846 2.990443
0.02629135 1.323899 3.126438
-0.1368391 0.7091437 2.992383
-0.09920382 0.7708755 2.97438
0.2178991 0.7206566 3.005623
0.2422485 0.7653355 2.994211
12
0.03805352 0.7956206 3.089522
0.03122279 1.100021 3.114568
0.02466335 1.397228 3.12734
0.03386725 1.522455 3.138709
-0.1176497 1.253014 3.093261
-0.1469004 1.026266 3.074585
-0.147666 0.8199455 2.997228
-0.1314496 0.7747301 2.99845
0.1849362 1.246269 3.101402
0.2159294 1.020579 3.090296
0.2444649 0.8137792 3.021502
0.2209354 0.7800707 3.013833
-0.03477936 0.796578 3.054985
-0.0415888 0.5183916 3.04528
-0.0475969 0.1731287 3.098732
-0.04141055 0.1560598 2.989175
0.1100798 0.7993524 3.051584
0.1314883 0.5220038 3.046351
0.1179658 0.1658966 3.098741
0.1147874 0.1500846 2.990443
0.02629135 1.323899 3.126438
-0.1368391 0.7091437 2.992383
-0.09920382 0.7708755 2.97438
0.2178991 0.7206566 3.005623
0.2422485 0.7653355 2.994211
13
0.03892455 0.7955229 3.089941
0.0322024 1.099899 3.115163
0.02572343 1.397088 3.128093
0.03530875 1.522405 3.139348
-0.1161549 1.25342 3.09344
-0.1452171 1.026691 3.074294
-0.1459177 0.8199672 2.996985
-0.1304505 0.7752402 2.998443
0.1859862 1.246217 3.101979
0.21791 1.020595 3.091711
0.207304 0.865827 2.979034
0.1993717 0.8155327 3.003051
-0.03373447 0.796527 3.055282
-0.04068743 0.5181238 3.045635
-0.04763078 0.172617 3.098615
-0.04142184 0.1556622 2.988859
0.1107487 0.7992312 3.052028
0.1322173 0.5215945 3.04704
0.1178416 0.1653691 3.098657
0.1148576 0.1498209 2.990523
0.02733464 1.323762 3.127155
-0.1354041 0.7097753 2.992162
-0.09756801 0.7736384 2.975324
0.1833996 0.7735464 2.993978
0.2361767 0.8075166 3.001195
14
0.03892455 0.7955229 3.089941
0.0322024 1.099899 3.115163
0.02572343 1.397088 3.128093
0.03530875 1.522405 3.139348
-0.1161549 1.25342 3.09344
-0.1452171 1.026691 3.074294
-0.1459177 0.8199672 2.996985
-0.1304505 0.7752402 2.998443
0.1859862 1.246217 3.101979
0.21791 1.020595 3.091711
0.207304 0.865827 2.979034
0.1993717 0.8155327 3.003051
-0.03373447 0.796527 3.055282
-0.04068743 0.5181238 3.045635
-0.04763078 0.172617 3.098615
-0.04142184 0.1556622 2.988859
0.1107487 0.7992312 3.052028
0.1322173 0.5215945 3.04704
0.1178416 0.1653691 3.098657
0.1148576 0.1498209 2.990523
0.02733464 1.323762 3.127155
-0.1354041 0.7097753 2.992162
-0.09756801 0.7736384 2.975324
0.1833996 0.7735464 2.993978
0.2361767 0.8075166 3.001195
15
0.03993137 0.7953802 3.090422
0.03334182 1.099753 3.115817
0.02696331 1.396953 3.128892
0.03700282 1.522396 3.140031
-0.1143951 1.253804 3.093742
-0.1433141 1.027078 3.074208
-0.1439732 0.8199744 2.996825
-0.12932 0.7758898 2.998764
0.1878265 1.246067 3.102925
0.2199683 1.020383 3.093155
0.2297023 0.845239 3.001942
0.2047025 0.8132265 3.00546
-0.03252305 0.7964152 3.055699
-0.03964983 0.5177301 3.046161
-0.04770834 0.1721588 3.098481
-0.04137767 0.1553625 2.988519
0.1115141 0.7990822 3.052482
0.133072 0.5210205 3.047802
0.1176976 0.1648376 3.098557
0.1148978 0.1495728 2.990585
0.0285526 1.323624 3.127922
-0.1338628 0.7103336 2.99239
-0.09594911 0.7672024 2.978399
0.202353 0.7471903 3.001204
0.2436638 0.7999714 3.000524
16
0.03993137 0.7953802 3.090422
0.03334182 1.099753 3.115817
0.02696331 1.396953 3.128892
0.03700282 1.522396 3.140031
-0.1143951 1.253804 3.093742
-0.1433141 1.027078 3.074208
-0.1439732 0.8199744 2.996825
-0.12932 0.7758898 2.998764
0.1878265 1.246067 3.102925
0.2199683 1.020383 3.093155
0.2297023 0.845239 3.001942
0.2047025 0.8132265 3.00546
-0.03252305 0.7964152 3.055699
-0.03964983 0.5177301 3.046161
-0.04770834 0.1721588 3.098481
-0.04137767 0.1553625 2.988519
0.1115141 0.7990822 3.052482
0.133072 0.5210205 3.047802
0.1176976 0.1648376 3.098557
0.1148978 0.1495728 2.990585
0.0285526 1.323624 3.127922
-0.1338628 0.7103336 2.99239
-0.09594911 0.7672024 2.978399
0.202353 0.7471903 3.001204
0.2436638 0.7999714 3.000524
17
0.04110128 0.7952279 3.090933
0.03449233 1.099604 3.116432
0.02809879 1.396821 3.129587
0.04008948 1.522106 3.141062
-0.1121122 1.254075 3.094037
-0.1410548 1.027349 3.074181
-0.1419041 0.8199559 2.99664
-0.127968 0.7765057 2.998822
0.1906701 1.245812 3.104228
0.2230848 1.020066 3.094107
0.240365 0.8358659 3.0136
0.2117868 0.8076273 3.008411
-0.03117866 0.796301 3.056123
-0.03855496 0.5174412 3.046615
-0.04777119 0.1717215 3.098358
-0.04130887 0.1550623 2.988203
0.1124613 0.7989155 3.052989
0.1338911 0.5207158 3.048427
0.1175742 0.1642878 3.098406
0.115 0.1492746 2.990499
0.02969058 1.323486 3.1286
-0.1326119 0.710848 2.992378
-0.09347622 0.7686259 2.978658
0.2135615 0.7262006 3.004818
0.2495503 0.7941252 3.00103
18
0.04110128 0.7952279 3.090933
0.03449233 1.099604 3.116432
0.02809879 1.396821 3.129587
0.04008948 1.522106 3.141062
-0.1121122 1.254075 3.094037
-0.1410548 1.027349 3.074181
-0.1419041 0.8199559 2.99664
-0.127968 0.7765057 2.998822
0.1906701 1.245812 3.104228
0.2230848 1.020066 3.094107
0.240365 0.8358659 3.0136
0.2117868 0.8076273 3.008411
-0.03117866 0.796301 3.056123
-0.03855496 0.5174412 3.046615
-0.04777119 0.1717215 3.098358
-0.04130887 0.1550623 2.988203
0.1124613 0.7989155 3.052989
0.1338911 0.5207158 3.048427
0.1175742 0.1642878 3.098406
0.115 0.1492746 2.990499
0.02969058 1.323486 3.1286
-0.1326119 0.710848 2.992378
-0.09347622 0.7686259 2.978658
0.2135615 0.7262006 3.004818
0.2495503 0.7941252 3.00103
19
0.0424253 0.7950803 3.091478
0.03605039 1.099501 3.117171
0.02996783 1.396817 3.130528
0.04399572 1.521856 3.14207
-0.107789 1.254524 3.094498
-0.1381983 1.027813 3.074215
-0.1399366 0.8200603 2.996494
-0.1254529 0.7777434 2.999202
0.1936218 1.24551 3.105435
0.2263613 1.01971 3.094769
0.2459463 0.831261 3.020022
0.2183658 0.8018298 3.010911
-0.02967548 0.7962081 3.056629
-0.03726279 0.5170742 3.047157
-0.04778579 0.1711626 3.098165
-0.04120565 0.1546811 2.987752
0.1135562 0.7987391 3.053493
0.1347046 0.5204305 3.048988
0.1174546 0.163689 3.098277
0.1151861 0.148902 2.990458
0.03147457 1.323452 3.12949
-0.1312947 0.7115607 2.992159
-0.090909 0.7732314 2.979835
0.2192462 0.7157366 3.004426
0.2533308 0.7880077 3.000042
20
0.0424253 0.7950803 3.091478
0.03605039 1.099501 3.117171
0.02996783 1.396817 3.130528
0.04399572 1.521856 3.14207
-0.107789 1.254524 3.094498
-0.1381983 1.027813 3.074215
-0.1399366 0.8200603 2.996494
-0.1254529 0.7777434 2.999202
0.1936218 1.24551 3.105435
0.2263613 1.01971 3.094769
0.2459463 0.831261 3.020022
0.2183658 0.8018298 3.010911
-0.02967548 0.7962081 3.056629
-0.03726279 0.5170742 3.047157
-0.04778579 0.1711626 3.098165
-0.04120565 0.1546811 2.987752
0.1135562 0.7987391 3.053493
0.1347046 0.5204305 3.048988
0.1174546 0.163689 3.098277
0.1151861 0.148902 2.990458
0.03147457 1.323452 3.12949
-0.1312947 0.7115607 2.992159
-0.090909 0.7732314 2.979835
0.2192462 0.7157366 3.004426
0.2533308 0.7880077 3.000042
21
0.04466073 0.7949334 3.092295
0.03832314 1.099455 3.118064
0.03228777 1.396903 3.131471
0.04787063 1.521629 3.142952
-0.1039162 1.25487 3.09497
-0.1348828 1.028196 3.074208
-0.1377419 0.8202682 2.996505
-0.1228336 0.7785693 2.999981
0.1965478 1.245389 3.106492
0.2296269 1.019554 3.095335
0.2493374 0.8284408 3.024193
0.229062 0.7918781 3.015553
-0.02733131 0.7961362 3.057366
-0.0358252 0.5167536 3.047699
-0.04785838 0.1705623 3.098078
-0.04105239 0.15426 2.987677
0.1155713 0.7985414 3.054292
0.1355954 0.5203258 3.049601
0.1173881 0.1631999 3.098235
0.1153474 0.1486496 2.990627
0.0337802 1.323503 3.130423
-0.1286878 0.712275 2.9917
-0.08934112 0.7753825 2.980542
0.2229698 0.7113916 3.005535
0.258884 0.7804606 3.000526
22
0.04466073 0.7949334 3.092295
0.03832314 1.099455 3.118064
0.03228777 1.396903 3.131471
0.04787063 1.521629 3.142952
-0.1039162 1.25487 3.09497
-0.1348828 1.028196 3.074208
-0.1377419 0.8202682 2.996505
-0.1228336 0.7785693 2.999981
0.1965478 1.245389 3.106492
0.2296269 1.019554 3.095335
0.2493374 0.8284408 3.024193
0.229062 0.7918781 3.015553
-0.02733131 0.7961362 3.057366
-0.0358252 0.5167536 3.047699
-0.04785838 0.1705623 3.098078
-0.04105239 0.15426 2.987677
0.1155713 0.7985414 3.054292
0.1355954 0.5203258 3.049601
0.1173881 0.1631999 3.098235
0.1153474 0.1486496 2.990627
0.0337802 1.323503 3.130423
-0.1286878 0.712275 2.9917
-0.08934112 0.7753825 2.980542
0.2229698 0.7113916 3.005535
0.258884 0.7804606 3.000526
23
0.04711725 0.7947476 3.093221
0.04091765 1.099447 3.118883
0.03521494 1.397138 3.132103
0.05128392 1.521319 3.143659
-0.09991936 1.255217 3.095294
-0.1317827 1.028598 3.074229
-0.1343722 0.8201528 2.996643
-0.1193427 0.7794127 3.000468
0.1992956 1.24533 3.10731
0.2327139 1.01948 3.096019
0.2519292 0.8262153 3.02713
0.2361181 0.7860453 3.018064
-0.02483082 0.7960458 3.058193
-0.03424713 0.5164943 3.048175
-0.04796455 0.1700326 3.098001
-0.04085474 0.1538764 2.987619
0.1178709 0.7982807 3.055225
0.136757 0.5202206 3.05031
0.1173043 0.1627714 3.098187
0.1154522 0.1484849 2.990772
0.0366037 1.323668 3.131116
-0.1262468 0.7130156 2.99195
-0.0864033 0.7791394 2.980553
0.2266458 0.7072111 3.006318
0.2634803 0.7708263 2.999887
24
0.04711725 0.7947476 3.093221
0.04091765 1.099447 3.118883
0.03521494 1.397138 3.132103
0.05128392 1.521319 3.143659
-0.09991936 1.255217 3.095294
-0.1317827 1.028598 3.074229
-0.1343722 0.8201528 2.996643
-0.1193427 0.7794127 3.000468
0.1992956 1.24533 3.10731
0.2327139 1.01948 3.096019
0.2519292 0.8262153 3.02713
0.2361181 0.7860453 3.018064
-0.02483082 0.7960458 3.058193
-0.03424713 0.5164943 3.048175
-0.04796455 0.1700326 3.098001
-0.04085474 0.1538764 2.987619
0.1178709 0.7982807 3.055225
0.136757 0.5202206 3.05031
0.1173043 0.1627714 3.098187
0.1154522 0.1484849 2.990772
0.0366037 1.323668 3.131116
-0.1262468 0.7130156 2.99195
-0.0864033 0.7791394 2.980553
0.2266458 0.7072111 3.006318
0.2634803 0.7708263 2.999887
25
0.05024396 0.7945474 3.094547
0.04395398 1.099524 3.119841
0.03829588 1.397496 3.132678
0.05520404 1.521054 3.144287
-0.09463765 1.255671 3.095628
-0.1279446 1.029137 3.074516
-0.1310985 0.8198975 2.996893
-0.1160768 0.7805333 3.001673
0.2023604 1.245321 3.108125
0.2358308 1.019449 3.0969
0.2549545 0.8264993 3.030154
0.2413409 0.7839524 3.021449
-0.02161447 0.7959468 3.05949
-0.03268771 0.5163786 3.048522
-0.04807152 0.16956 3.097955
-0.04060817 0.1535011 2.987608
0.1207814 0.7980001 3.05649
0.1383564 0.519992 3.051293
0.1171755 0.1623586 3.098132
0.1156294 0.1484035 2.990879
0.03965934 1.323953 3.131794
-0.1253354 0.714783 2.992465
-0.08522256 0.7802594 2.981069
0.2310849 0.7058709 3.008857
0.2661549 0.7690027 3.001562
26
0.05024396 0.7945474 3.094547
0.04395398 1.099524 3.119841
0.03829588 1.397496 3.132678
0.05520404 1.521054 3.144287
-0.09463765 1.255671 3.095628
-0.1279446 1.029137 3.074516
-0.1310985 0.8198975 2.996893
-0.1160768 0.7805333 3.001673
0.2023604 1.245321 3.108125
0.2358308 1.019449 3.0969
0.2549545 0.8264993 3.030154
0.2413409 0.7839524 3.021449
-0.02161447 0.7959468 3.05949
-0.03268771 0.5163786 3.048522
-0.04807152 0.16956 3.097955
-0.04060817 0.1535011 2.987608
0.1207814 0.7980001 3.05649
0.1383564 0.519992 3.051293
0.1171755 0.1623586 3.098132
0.1156294 0.1484035 2.990879
0.03965934 1.323953 3.131794
-0.1253354 0.714783 2.992465
-0.08522256 0.7802594 2.981069
0.2310849 0.7058709 3.008857
0.2661549 0.7690027 3.001562
27
0.05394028 0.794491 3.096109
0.04784051 1.099733 3.120837
0.04251155 1.39799 3.133013
0.06007525 1.521008 3.144836
-0.08902148 1.256162 3.095917
-0.1229889 1.029732 3.075072
-0.1272733 0.8195155 2.997513
-0.1136914 0.7809623 3.002518
0.2083078 1.24564 3.10943
0.239487 1.019518 3.09794
0.2571584 0.8264246 3.032228
0.2440742 0.7824736 3.023033
-0.01783948 0.796034 3.061067
-0.030579 0.5166585 3.04837
-0.04819641 0.1692879 3.097947
-0.04040376 0.1531423 2.987589
0.1242766 0.7978139 3.057961
0.1408334 0.5190074 3.053165
0.1170036 0.1621366 3.097873
0.1161443 0.1487312 2.990411
0.04378167 1.324372 3.13231
-0.1227964 0.7153044 2.992625
-0.08124999 0.7860267 2.982655
0.2342573 0.7054216 3.010967
0.2685736 0.7664393 3.003111
28
0.05394028 0.794491 3.096109
0.04784051 1.099733 3.120837
0.04251155 1.39799 3.133013
0.06007525 1.521008 3.144836
-0.08902148 1.256162 3.095917
-0.1229889 1.029732 3.075072
-0.1272733 0.8195155 2.997513
-0.1136914 0.7809623 3.002518
0.2083078 1.24564 3.10943
0.239487 1.019518 3.09794
0.2571584 0.8264246 3.032228
0.2440742 0.7824736 3.023033
-0.01783948 0.796034 3.061067
-0.030579 0.5166585 3.04837
-0.04819641 0.1692879 3.097947
-0.04040376 0.1531423 2.987589
0.1242766 0.7978139 3.057961
0.1408334 0.5190074 3.053165
0.1170036 0.1621366 3.097873
0.1161443 0.1487312 2.990411
0.04378167 1.324372 3.13231
-0.1227964 0.7153044 2.992625
-0.08124999 0.7860267 2.982655
0.2342573 0.7054216 3.010967
0.2685736 0.7664393 3.003111
29
0.05789816 0.7945563 3.09772
0.05189461 1.100121 3.121735
0.04673581 1.398706 3.133139
0.06626401 1.520963 3.145288
-0.08195408 1.256762 3.095775
-0.1180379 1.030482 3.075669
-0.1237058 0.8192635 2.998247
-0.1117164 0.7813253 3.003186
0.2148028 1.246282 3.110866
0.2435152 1.019828 3.099233
0.2604812 0.8186029 3.034227
0.2468477 0.7795154 3.024688
-0.0140361 0.7962698 3.062608
-0.0284186 0.5169379 3.04785
-0.04814544 0.1691138 3.097888
-0.04013935 0.1527772 2.987486
0.1283086 0.7976956 3.059599
0.1433759 0.518086 3.054942
0.1169021 0.1616537 3.097717
0.1165216 0.1487898 2.99029
0.04795943 1.325005 3.132639
-0.1191384 0.7155481 2.995028
-0.07837866 0.7888912 2.983591
0.2372854 0.7103425 3.013575
0.2710708 0.7603915 3.007357
30
0.05789816 0.7945563 3.09772
0.05189461 1.100121 3.121735
0.04673581 1.398706 3.133139
0.06626401 1.520963 3.145288
-0.08195408 1.256762 3.095775
-0.1180379 1.030482 3.075669
-0.1237058 0.8192635 2.998247
-0.1117164 0.7813253 3.003186
0.2148028 1.246282 3.110866
0.2435152 1.019828 3.099233
0.2604812 0.8186029 3.034227
0.2468477 0.7795154 3.024688
-0.0140361 0.7962698 3.062608
-0.0284186 0.5169379 3.04785
-0.04814544 0.1691138 3.097888
-0.04013935 0.1527772 2.987486
0.1283086 0.7976956 3.059599
0.1433759 0.518086 3.054942
0.1169021 0.1616537 3.097717
0.1165216 0.1487898 2.99029
0.04795943 1.325005 3.132639
-0.1191384 0.7155481 2.995028
-0.07837866 0.7888912 2.983591
0.2372854 0.7103425 3.013575
0.2710708 0.7603915 3.007357
31
0.06211253 0.79476 3.099527
0.05660941 1.100811 3.122689
0.05218809 1.400008 3.13305
0.07256553 1.521105 3.14553
-0.07609984 1.257069 3.095495
-0.1134648 1.030974 3.07644
-0.1207327 0.8191968 2.99909
-0.1089616 0.7817677 3.005061
0.2200906 1.246808 3.111841
0.2480132 1.020279 3.101415
0.2621437 0.8162286 3.03583
0.2487679 0.7779824 3.026137
-0.01004338 0.7966345 3.06431
-0.0249544 0.5174304 3.045627
-0.04752764 0.1698559 3.09711
-0.03884353 0.1525884 2.984339
0.1326527 0.7977184 3.061473
0.1457732 0.5173624 3.056563
0.1171721 0.16124 3.0978
0.1169077 0.14881 2.990269
0.05321072 1.32614 3.132839
-0.1175145 0.7162786 2.997664
-0.07650769 0.7903735 2.984584
0.2389076 0.7099555 3.01524
0.2727288 0.7580347 3.009182
32
0.06211253 0.79476 3.099527
0.05660941 1.100811 3.122689
0.05218809 1.400008 3.13305
0.07256553 1.521105 3.14553
-0.07609984 1.257069 3.095495
-0.1134648 1.030974 3.07644
-0.1207327 0.8191968 2.99909
-0.1089616 0.7817677 3.005061
0.2200906 1.246808 3.111841
0.2480132 1.020279 3.101415
0.2621437 0.8162286 3.03583
0.2487679 0.7779824 3.026137
-0.01004338 0.7966345 3.06431
-0.0249544 0.5174304 3.045627
-0.04752764 0.1698559 3.09711
-0.03884353 0.1525884 2.984339
0.1326527 0.7977184 3.061473
0.1457732 0.5173624 3.056563
0.1171721 0.16124 3.0978
0.1169077 0.14881 2.990269
0.05321072 1.32614 3.132839
-0.1175145 0.7162786 2.997664
-0.07650769 0.7903735 2.984584
0.2389076 0.7099555 3.01524
0.2727288 0.7580347 3.009182
33
0.06557462 0.7950738 3.100992
0.06185198 1.101956 3.123471
0.0606718 1.402654 3.13245
0.08034065 1.522224 3.145131
-0.07060459 1.257451 3.09498
-0.109438 1.031552 3.077224
-0.1184974 0.8191772 2.999843
-0.1073744 0.7815524 3.0067
0.2247014 1.247317 3.112494
0.252176 1.020787 3.103688
0.2632406 0.8148013 3.036885
0.2501754 0.7768997 3.027329
-0.006749568 0.797129 3.065665
-0.02023872 0.5182257 3.040002
-0.04730471 0.1713388 3.097136
-0.03841349 0.1518979 2.983314
0.136247 0.7978392 3.063039
0.1481227 0.5175732 3.057896
0.1175955 0.1609617 3.098001
0.1173104 0.1488725 2.990287
0.06074816 1.328342 3.132672
-0.1157484 0.7163133 2.999376
-0.07361285 0.7792358 2.984123
0.2397728 0.709689 3.015969
0.2737579 0.7555948 3.011093
34
0.06557462 0.7950738 3.100992
0.06185198 1.101956 3.123471
0.0606718 1.402654 3.13245
0.08034065 1.522224 3.145131
-0.07060459 1.257451 3.09498
-0.109438 1.031552 3.077224
-0.1184974 0.8191772 2.999843
-0.1073744 0.7815524 3.0067
0.2247014 1.247317 3.112494
0.252176 1.020787 3.103688
0.2632406 0.8148013 3.036885
0.2501754 0.7768997 3.027329
-0.006749568 0.797129 3.065665
-0.02023872 0.5182257 3.040002
-0.04730471 0.1713388 3.097136
-0.03841349 0.1518979 2.983314
0.136247 0.7978392 3.063039
0.1481227 0.5175732 3.057896
0.1175955 0.1609617 3.098001
0.1173104 0.1488725 2.990287
0.06074816 1.328342 3.132672
-0.1157484 0.7163133 2.999376
-0.07361285 0.7792358 2.984123
0.2397728 0.709689 3.015969
0.2737579 0.7555948 3.011093
35
0.06859683 0.7954269 3.102224
0.06632028 1.102958 3.123988
0.06688975 1.404515 3.131829
0.08663785 1.523397 3.144595
-0.06571448 1.257757 3.094701
-0.10584 1.032074 3.078151
-0.1167274 0.8191141 3.00076
-0.1062451 0.7813465 3.007812
0.2287742 1.247772 3.112819
0.2555178 1.021212 3.105566
0.2640531 0.8137853 3.03764
0.2516902 0.7757568 3.029326
-0.003876401 0.7977226 3.066887
-0.01496513 0.5213339 3.025558
-0.04709518 0.1766706 3.098121
-0.03816523 0.1515573 2.98279
0.1394598 0.7979473 3.064296
0.1505453 0.5188919 3.059057
0.1179891 0.1606831 3.098181
0.117688 0.1489283 2.990309
0.06653152 1.329979 3.132365
-0.1149232 0.716114 3.001149
-0.07200081 0.7758271 2.982529
0.2408975 0.7088166 3.018641
0.2758893 0.7538429 3.014256
36
0.06859683 0.7954269 3.102224
0.06632028 1.102958 3.123988
0.06688975 1.404515 3.131829
0.08663785 1.523397 3.144595
-0.06571448 1.257757 3.094701
-0.10584 1.032074 3.078151
-0.1167274 0.8191141 3.00076
-0.1062451 0.7813465 3.007812
0.2287742 1.247772 3.112819
0.2555178 1.021212 3.105566
0.2640531 0.8137853 3.03764
0.2516902 0.7757568 3.029326
-0.003876401 0.7977226 3.066887
-0.01496513 0.5213339 3.025558
-0.04709518 0.1766706 3.098121
-0.03816523 0.1515573 2.98279
0.1394598 0.7979473 3.064296
0.1505453 0.5188919 3.059057
0.1179891 0.1606831 3.098181
0.117688 0.1489283 2.990309
0.06653152 1.329979 3.132365
-0.1149232 0.716114 3.001149
-0.07200081 0.7758271 2.982529
0.2408975 0.7088166 3.018641
0.2758893 0.7538429 3.014256
37
0.07149333 0.7959751 3.103208
0.07076679 1.104077 3.124297
0.07255218 1.406111 3.131243
0.09194377 1.524412 3.14407
-0.06225069 1.257958 3.094551
-0.1029226 1.032458 3.079141
-0.1153162 0.8190627 3.001841
-0.1062331 0.7803443 3.008647
0.2331717 1.247578 3.112847
0.2582364 1.021048 3.107018
0.2649487 0.8127679 3.038371
0.253959 0.7747533 3.032701
-0.001106993 0.7986315 3.067919
-0.01573927 0.5427878 2.986713
-0.04324115 0.225072 3.114409
-0.0419988 0.1823526 3.008388
0.1425521 0.7981567 3.065252
0.1525055 0.5201905 3.059946
0.1184144 0.1604814 3.09838
0.1180184 0.1489758 2.990347
0.07195404 1.331477 3.132001
-0.1123337 0.7146546 3.000387
-0.07292255 0.7734987 2.979061
0.2464122 0.7211491 3.028605
0.2786753 0.7520609 3.020738
38
0.07149333 0.7959751 3.103208
0.07076679 1.104077 3.124297
0.07255218 1.406111 3.131243
0.09194377 1.524412 3.14407
-0.06225069 1.257958 3.094551
-0.1029226 1.032458 3.079141
-0.1153162 0.8190627 3.001841
-0.1062331 0.7803443 3.008647
0.2331717 1.247578 3.112847
0.2582364 1.021048 3.107018
0.2649487 0.8127679 3.038371
0.253959 0.7747533 3.032701
-0.001106993 0.7986315 3.067919
-0.01573927 0.5427878 2.986713
-0.04324115 0.225072 3.114409
-0.0419988 0.1823526 3.008388
0.1425521 0.7981567 3.065252
0.1525055 0.5201905 3.059946
0.1184144 0.1604814 3.09838
0.1180184 0.1489758 2.990347
0.07195404 1.331477 3.132001
-0.1123337 0.7146546 3.000387
-0.07292255 0.7734987 2.979061
0.2464122 0.7211491 3.028605
0.2786753 0.7520609 3.020738
39
0.07624441 0.7972094 3.104061
0.07550938 1.105271 3.124355
0.07691821 1.40723 3.130712
0.09591494 1.525234 3.143701
-0.05969696 1.258078 3.094556
-0.1007926 1.032755 3.080226
-0.1152676 0.8208884 3.004653
-0.1133485 0.7846063 3.01202
0.2363996 1.247504 3.112736
0.2604057 1.020977 3.108235
0.2658999 0.8120907 3.038971
0.2555431 0.7750465 3.035414
0.003790405 0.8006536 3.069116
-0.01636386 0.56692 2.953218
-0.04014122 0.2706959 3.125234
-0.04956359 0.2207253 3.037879
0.1471805 0.7986985 3.065825
0.1540475 0.5212898 3.060606
0.1189272 0.1603615 3.098513
0.1183165 0.1490523 2.990266
0.07642916 1.332613 3.131592
-0.11528 0.7163371 3.006054
-0.07842596 0.7789308 2.971946
0.2485884 0.7290053 3.03203
0.2796165 0.7506464 3.022951
40
0.07624441 0.7972094 3.104061
0.07550938 1.105271 3.124355
0.07691821 1.40723 3.130712
0.09591494 1.525234 3.143701
-0.05969696 1.258078 3.094556
-0.1007926 1.032755 3.080226
-0.1152676 0.8208884 3.004653
-0.1133485 0.7846063 3.01202
0.2363996 1.247504 3.112736
0.2604057 1.020977 3.108235
0.2658999 0.8120907 3.038971
0.2555431 0.7750465 3.035414
0.003790405 0.8006536 3.069116
-0.01636386 0.56692 2.953218
-0.04014122 0.2706959 3.125234
-0.04956359 0.2207253 3.037879
0.1471805 0.7986985 3.065825
0.1540475 0.5212898 3.060606
0.1189272 0.1603615 3.098513
0.1183165 0.1490523 2.990266
0.07642916 1.332613 3.131592
-0.11528 0.7163371 3.006054
-0.07842596 0.7789308 2.971946
0.2485884 0.7290053 3.03203
0.2796165 0.7506464 3.022951
41
0.07624441 0.7972094 3.104061
0.07550938 1.105271 3.124355
0.07691821 1.40723 3.130712
0.09591494 1.525234 3.143701
-0.05969696 1.258078 3.094556
-0.1007926 1.032755 3.080226
-0.1152676 0.8208884 3.004653
-0.1133485 0.7846063 3.01202
0.2363996 1.247504 3.112736
0.2604057 1.020977 3.108235
0.2658999 0.8120907 3.038971
0.2555431 0.7750465 3.035414
0.003790405 0.8006536 3.069116
-0.01636386 0.56692 2.953218
-0.04014122 0.2706959 3.125234
-0.04956359 0.2207253 3.037879
0.1471805 0.7986985 3.065825
0.1540475 0.5212898 3.060606
0.1189272 0.1603615 3.098513
0.1183165 0.1490523 2.990266
0.07642916 1.332613 3.131592
-0.11528 0.7163371 3.006054
-0.07842596 0.7789308 2.971946
0.2485884 0.7290053 3.03203
0.2796165 0.7506464 3.022951
42
0.08010957 0.7985024 3.104527
0.07933408 1.106389 3.124391
0.08034877 1.408125 3.130497
0.09894798 1.525895 3.143466
-0.05760283 1.258294 3.094808
-0.09931953 1.033493 3.083133
-0.1195954 0.836257 3.016567
-0.1257531 0.7955015 3.019773
0.2386944 1.247484 3.112588
0.2621325 1.020962 3.109232
0.2670957 0.8116789 3.039654
0.2568893 0.7755522 3.03834
0.007764893 0.8027728 3.069925
-0.01702939 0.5844602 2.935144
-0.04016647 0.3434213 3.146712
-0.05506565 0.2798841 3.072695
0.1509758 0.799307 3.065998
0.1552896 0.5223607 3.061081
0.1194683 0.16021 3.098545
0.1186185 0.1490759 2.990103
0.07997432 1.333563 3.13142
-0.1216007 0.7209202 3.009139
-0.09631623 0.7758963 2.979598
0.2505028 0.7337074 3.03474
0.2803828 0.7500232 3.02454
43
0.08350112 0.7998581 3.104674
0.08237573 1.10734 3.124373
0.08285028 1.408749 3.130397
0.1010928 1.526309 3.143286
-0.0560255 1.258507 3.095273
-0.09937529 1.03479 3.088989
-0.1241465 0.8451705 3.024617
-0.1386568 0.8106863 3.030199
0.240326 1.247475 3.112444
0.2635909 1.020981 3.110257
0.2680331 0.8114399 3.040285
0.2570835 0.7757423 3.040806
0.0110813 0.8047786 3.070383
-0.01698524 0.6123816 2.900618
-0.04187497 0.4059912 3.159967
-0.05643049 0.3361213 3.102967
0.1544026 0.8000519 3.065851
0.1564404 0.5242554 3.06105
0.1200581 0.1600564 3.098779
0.1189768 0.1489456 2.990484
0.08260737 1.334255 3.131333
-0.1300298 0.727465 3.017301
-0.1245266 0.7510155 2.999439
0.2536986 0.733061 3.038389
0.2807239 0.7498411 3.025598
44
0.08350112 0.7998581 3.104674
0.08237573 1.10734 3.124373
0.08285028 1.408749 3.130397
0.1010928 1.526309 3.143286
-0.0560255 1.258507 3.095273
-0.09937529 1.03479 3.088989
-0.1241465 0.8451705 3.024617
-0.1386568 0.8106863 3.030199
0.240326 1.247475 3.112444
0.2635909 1.020981 3.110257
0.2680331 0.8114399 3.040285
0.2570835 0.7757423 3.040806
0.0110813 0.8047786 3.070383
-0.01698524 0.6123816 2.900618
-0.04187497 0.4059912 3.159967
-0.05643049 0.3361213 3.102967
0.1544026 0.8000519 3.065851
0.1564404 0.5242554 3.06105
0.1200581 0.1600564 3.098779
0.1189768 0.1489456 2.990484
0.08260737 1.334255 3.131333
-0.1300298 0.727465 3.017301
-0.1245266 0.7510155 2.999439
0.2536986 0.733061 3.038389
0.2807239 0.7498411 3.025598
45
0.08350112 0.7998581 3.104674
0.08237573 1.10734 3.124373
0.08285028 1.408749 3.130397
0.1010928 1.526309 3.143286
-0.0560255 1.258507 3.095273
-0.09937529 1.03479 3.088989
-0.1241465 0.8451705 3.024617
-0.1386568 0.8106863 3.030199
0.240326 1.247475 3.112444
0.2635909 1.020981 3.110257
0.2680331 0.8114399 3.040285
0.2570835 0.7757423 3.040806
0.0110813 0.8047786 3.070383
-0.01698524 0.6123816 2.900618
-0.04187497 0.4059912 3.159967
-0.05643049 0.3361213 3.102967
0.1544026 0.8000519 3.065851
0.1564404 0.5242554 3.06105
0.1200581 0.1600564 3.098779
0.1189768 0.1489456 2.990484
0.08260737 1.334255 3.131333
-0.1300298 0.727465 3.017301
-0.1245266 0.7510155 2.999439
0.2536986 0.733061 3.038389
0.2807239 0.7498411 3.025598
46
0.08648253 0.8013064 3.104297
0.08482526 1.108189 3.124245
0.08474773 1.409213 3.130369
0.1028063 1.526628 3.1431
-0.05465423 1.258863 3.096045
-0.1004771 1.036499 3.094965
-0.133899 0.8531326 3.034699
-0.1536274 0.8166648 3.039102
0.2414629 1.247506 3.112293
0.264676 1.02107 3.111064
0.2687108 0.8112655 3.040857
0.2572611 0.7758948 3.042215
0.01380784 0.8066666 3.070421
2.484303E-05 0.6167454 2.858747
-0.04427105 0.4555476 3.159518
-0.06549296 0.3848108 3.118482
0.15762 0.8010255 3.064981
0.1570499 0.5272273 3.060042
0.1209781 0.1605355 3.099309
0.1193775 0.1491315 2.991344
0.08462395 1.334794 3.131288
-0.1486486 0.7339537 3.029618
-0.146093 0.7783071 3.018609
0.2547175 0.7316865 3.040752
0.280561 0.7518476 3.02687
47
0.08893145 0.8025864 3.103781
0.08662265 1.108838 3.124105
0.08607548 1.409536 3.130355
0.1040277 1.526842 3.142965
-0.0535365 1.259275 3.096953
-0.1027719 1.038468 3.10082
-0.1429736 0.8587919 3.044168
-0.1649144 0.8209922 3.048205
0.2422293 1.247736 3.112038
0.2654999 1.021417 3.11175
0.2692075 0.8113551 3.041465
0.2570898 0.7761283 3.043622
0.01603355 0.808238 3.070348
0.001540458 0.6203644 2.845904
-0.04430728 0.490871 3.126691
-0.04610604 0.4932494 3.127494
0.1602943 0.8019854 3.063896
0.1571612 0.5297715 3.05898
0.121944 0.1611313 3.099825
0.1197568 0.1494117 2.992166
0.08603595 1.335171 3.131259
-0.1680183 0.7410992 3.041487
-0.1596154 0.7918633 3.032264
0.2550531 0.7303569 3.042274
0.2803131 0.7547647 3.027362
48
0.08893145 0.8025864 3.103781
0.08662265 1.108838 3.124105
0.08607548 1.409536 3.130355
0.1040277 1.526842 3.142965
-0.0535365 1.259275 3.096953
-0.1027719 1.038468 3.10082
-0.1429736 0.8587919 3.044168
-0.1649144 0.8209922 3.048205
0.2422293 1.247736 3.112038
0.2654999 1.021417 3.11175
0.2692075 0.8113551 3.041465
0.2570898 0.7761283 3.043622
0.01603355 0.808238 3.070348
0.001540458 0.6203644 2.845904
-0.04430728 0.490871 3.126691
-0.04610604 0.4932494 3.127494
0.1602943 0.8019854 3.063896
0.1571612 0.5297715 3.05898
0.121944 0.1611313 3.099825
0.1197568 0.1494117 2.992166
0.08603595 1.335171 3.131259
-0.1680183 0.7410992 3.041487
-0.1596154 0.7918633 3.032264
0.2550531 0.7303569 3.042274
0.2803131 0.7547647 3.027362
49
0.09081999 0.8037232 3.103178
0.08795418 1.10937 3.123958
0.08702655 1.409771 3.130352
0.104903 1.527002 3.142873
-0.05265327 1.259692 3.09789
-0.1061063 1.040706 3.10703
-0.1531468 0.8631649 3.053943
-0.1746642 0.821238 3.05687
0.2427094 1.248119 3.111722
0.2661077 1.021878 3.112297
0.2695586 0.8117954 3.042166
0.2562017 0.7765113 3.044909
0.0177397 0.8095777 3.07017
-0.01058813 0.6732807 2.817369
-0.05678501 0.5738354 3.049903
-0.07363017 0.5287012 3.027254
0.1623482 0.8028839 3.06274
0.1563324 0.532263 3.057855
0.1230563 0.1623215 3.100251
0.1203355 0.1502105 2.992439
0.08704744 1.335449 3.131241
-0.1813784 0.7445512 3.050279
-0.1655 0.8015041 3.043011
0.2562402 0.7299905 3.043564
0.2770397 0.7617527 3.02601
50
0.09081999 0.8037232 3.103178
0.08795418 1.10937 3.123958
0.08702655 1.409771 3.130352
0.104903 1.527002 3.142873
-0.05265327 1.259692 3.09789
-0.1061063 1.040706 3.10703
-0.1531468 0.8631649 3.053943
-0.1746642 0.821238 3.05687
0.2427094 1.248119 3.111722
0.2661077 1.021878 3.112297
0.2695586 0.8117954 3.042166
0.2562017 0.7765113 3.044909
0.0177397 0.8095777 3.07017
-0.01058813 0.6732807 2.817369
-0.05678501 0.5738354 3.049903
-0.07363017 0.5287012 3.027254
0.1623482 0.8028839 3.06274
0.1563324 0.532263 3.057855
0.1230563 0.1623215 3.100251
0.1203355 0.1502105 2.992439
0.08704744 1.335449 3.131241
-0.1813784 0.7445512 3.050279
-0.1655 0.8015041 3.043011
0.2562402 0.7299905 3.043564
0.2770397 0.7617527 3.02601
51
0.09314252 0.804944 3.102012
0.08900591 1.109833 3.123798
0.08770764 1.409961 3.130384
0.1055319 1.527107 3.142807
-0.05192175 1.260244 3.0989
-0.1088979 1.042738 3.111709
-0.1589349 0.8653944 3.05932
-0.1811922 0.824059 3.062903
0.2429765 1.248527 3.111402
0.2665527 1.022313 3.112693
0.2697921 0.8125123 3.042906
0.2550794 0.7776419 3.04607
0.01984638 0.8107802 3.069527
-0.03511615 0.7102746 2.806151
-0.09125625 0.5729402 3.109094
-0.05654371 0.5456517 3.103156
0.1647743 0.8040574 3.060966
0.154317 0.5352427 3.056754
0.1241987 0.1630223 3.100596
0.120651 0.1506165 2.992834
0.08777671 1.335664 3.13124
-0.1930284 0.7465662 3.057405
-0.1676175 0.8218886 3.054031
0.2550106 0.7338938 3.044142
0.2751079 0.7646401 3.025358
52
0.09314252 0.804944 3.102012
0.08900591 1.109833 3.123798
0.08770764 1.409961 3.130384
0.1055319 1.527107 3.142807
-0.05192175 1.260244 3.0989
-0.1088979 1.042738 3.111709
-0.1589349 0.8653944 3.05932
-0.1811922 0.824059 3.062903
0.2429765 1.248527 3.111402
0.2665527 1.022313 3.112693
0.2697921 0.8125123 3.042906
0.2550794 0.7776419 3.04607
0.01984638 0.8107802 3.069527
-0.03511615 0.7102746 2.806151
-0.09125625 0.5729402 3.109094
-0.05654371 0.5456517 3.103156
0.1647743 0.8040574 3.060966
0.154317 0.5352427 3.056754
0.1241987 0.1630223 3.100596
0.120651 0.1506165 2.992834
0.08777671 1.335664 3.13124
-0.1930284 0.7465662 3.057405
-0.1676175 0.8218886 3.054031
0.2550106 0.7338938 3.044142
0.2751079 0.7646401 3.025358
53
0.09314252 0.804944 3.102012
0.08900591 1.109833 3.123798
0.08770764 1.409961 3.130384
0.1055319 1.527107 3.142807
-0.05192175 1.260244 3.0989
-0.1088979 1.042738 3.111709
-0.1589349 0.8653944 3.05932
-0.1811922 0.824059 3.062903
0.2429765 1.248527 3.111402
0.2665527 1.022313 3.112693
0.2697921 0.8125123 3.042906
0.2550794 0.7776419 3.04607
0.01984638 0.8107802 3.069527
-0.03511615 0.7102746 2.806151
-0.09125625 0.5729402 3.109094
-0.05654371 0.5456517 3.103156
0.1647743 0.8040574 3.060966
0.154317 0.5352427 3.056754
0.1241987 0.1630223 3.100596
0.120651 0.1506165 2.992834
0.08777671 1.335664 3.13124
-0.1930284 0.7465662 3.057405
-0.1676175 0.8218886 3.054031
0.2550106 0.7338938 3.044142
0.2751079 0.7646401 3.025358
54
0.09544592 0.8059009 3.100818
0.08991131 1.110266 3.123621
0.08819991 1.410138 3.130456
0.105994 1.527192 3.142763
-0.05132111 1.260928 3.099991
-0.1114232 1.044653 3.115422
-0.163327 0.8679672 3.064787
-0.1859852 0.8254744 3.068061
0.2430963 1.248921 3.111102
0.2668096 1.022684 3.112959
0.2698657 0.8133082 3.043605
0.2539442 0.7791579 3.047063
0.02229001 0.8116062 3.068764
-0.04431583 0.7247688 2.801868
-0.1035076 0.5814808 3.116825
-0.05341439 0.55093 3.11234
0.1669041 0.8050517 3.059319
0.1520481 0.5370237 3.056979
0.125665 0.1639962 3.100999
0.1210494 0.1516497 2.993608
0.08832461 1.335852 3.131256
-0.1982091 0.7474482 3.06275
-0.1709595 0.8240296 3.061087
0.2548145 0.7337613 3.044192
0.273692 0.7645901 3.025967
55
0.09730916 0.806589 3.099813
0.09058666 1.110605 3.123467
0.08842047 1.410306 3.130585
0.1063016 1.527275 3.14274
-0.05108774 1.261773 3.101334
-0.1138405 1.046387 3.118556
-0.166826 0.8716509 3.070341
-0.1897815 0.824712 3.07293
0.2430237 1.249357 3.110795
0.2667527 1.023109 3.113107
0.2695719 0.8140699 3.044286
0.251676 0.7802106 3.047304
0.0243672 0.8121064 3.068063
-0.06298929 0.7387656 2.806214
-0.1168295 0.5907052 3.115701
-0.06101681 0.5515549 3.106681
0.1685496 0.8058274 3.058007
0.1488736 0.539198 3.05788
0.1270314 0.1644973 3.101138
0.1213853 0.1524888 2.99427
0.08869594 1.336007 3.131278
-0.2016965 0.7477469 3.066367
-0.1724914 0.8254238 3.064766
0.2549419 0.7339247 3.044625
0.2725944 0.7659476 3.025824
56
0.09730916 0.806589 3.099813
0.09058666 1.110605 3.123467
0.08842047 1.410306 3.130585
0.1063016 1.527275 3.14274
-0.05108774 1.261773 3.101334
-0.1138405 1.046387 3.118556
-0.166826 0.8716509 3.070341
-0.1897815 0.824712 3.07293
0.2430237 1.249357 3.110795
0.2667527 1.023109 3.113107
0.2695719 0.8140699 3.044286
0.251676 0.7802106 3.047304
0.0243672 0.8121064 3.068063
-0.06298929 0.7387656 2.806214
-0.1168295 0.5907052 3.115701
-0.06101681 0.5515549 3.106681
0.1685496 0.8058274 3.058007
0.1488736 0.539198 3.05788
0.1270314 0.1644973 3.101138
0.1213853 0.1524888 2.99427
0.08869594 1.336007 3.131278
-0.2016965 0.7477469 3.066367
-0.1724914 0.8254238 3.064766
0.2549419 0.7339247 3.044625
0.2725944 0.7659476 3.025824
57
0.09730916 0.806589 3.099813
0.09058666 1.110605 3.123467
0.08842047 1.410306 3.130585
0.1063016 1.527275 3.14274
-0.05108774 1.261773 3.101334
-0.1138405 1.046387 3.118556
-0.166826 0.8716509 3.070341
-0.1897815 0.824712 3.07293
0.2430237 1.249357 3.110795
0.2667527 1.023109 3.113107
0.2695719 0.8140699 3.044286
0.251676 0.7802106 3.047304
0.0243672 0.8121064 3.068063
-0.06298929 0.7387656 2.806214
-0.1168295 0.5907052 3.115701
-0.06101681 0.5515549 3.106681
0.1685496 0.8058274 3.058007
0.1488736 0.539198 3.05788
0.1270314 0.1644973 3.101138
0.1213853 0.1524888 2.99427
0.08869594 1.336007 3.131278
-0.2016965 0.7477469 3.066367
-0.1724914 0.8254238 3.064766
0.2549419 0.7339247 3.044625
0.2725944 0.7659476 3.025824
58
0.09916347 0.8068792 3.098901
0.09109057 1.110871 3.123338
0.08808001 1.410591 3.130876
0.1064481 1.527374 3.142745
-0.05107961 1.262511 3.102535
-0.1160162 1.047763 3.120926
-0.1715789 0.8714854 3.074848
-0.193364 0.8225495 3.076116
0.242066 1.249781 3.110502
0.2663367 1.02348 3.113121
0.2689026 0.8145143 3.044758
0.2495508 0.7803997 3.047492
0.02702055 0.8118194 3.067204
-0.07360414 0.7452291 2.810156
-0.1259522 0.5965571 3.113
-0.06951687 0.5179 3.084141
0.1698926 0.806355 3.056993
0.1458537 0.5410833 3.059134
0.1280652 0.1644424 3.101019
0.1214978 0.1529261 2.994674
0.08882505 1.336198 3.131348
-0.2064779 0.7466878 3.071909
-0.1722324 0.8323118 3.066131
0.2547444 0.733366 3.044946
0.2705991 0.7644559 3.026516
59
0.09916347 0.8068792 3.098901
0.09109057 1.110871 3.123338
0.08808001 1.410591 3.130876
0.1064481 1.527374 3.142745
-0.05107961 1.262511 3.102535
-0.1160162 1.047763 3.120926
-0.1715789 0.8714854 3.074848
-0.193364 0.8225495 3.076116
0.242066 1.249781 3.110502
0.2663367 1.02348 3.113121
0.2689026 0.8145143 3.044758
0.2495508 0.7803997 3.047492
0.02702055 0.8118194 3.067204
-0.07360414 0.7452291 2.810156
-0.1259522 0.5965571 3.113
-0.06951687 0.5179 3.084141
0.1698926 0.806355 3.056993
0.1458537 0.5410833 3.059134
0.1280652 0.1644424 3.101019
0.1214978 0.1529261 2.994674
0.08882505 1.336198 3.131348
-0.2064779 0.7466878 3.071909
-0.1722324 0.8323118 3.066131
0.2547444 0.733366 3.044946
0.2705991 0.7644559 3.026516
60
0.1005208 0.8070205 3.098225
0.09142782 1.11106 3.123252
0.08683641 1.410997 3.131508
0.1064239 1.527464 3.142777
-0.05133949 1.263234 3.10377
-0.1179935 1.048887 3.12282
-0.1746218 0.8711263 3.077644
-0.1953189 0.8209738 3.078432
0.241066 1.250138 3.110245
0.2654556 1.023824 3.112969
0.2674709 0.8148705 3.045166
0.2481806 0.7804041 3.047531
0.02899065 0.8114722 3.066558
-0.07937364 0.7452672 2.815191
-0.1321204 0.5984873 3.109341
-0.08163264 0.4851783 3.061853
0.1708342 0.8067042 3.056267
0.1435908 0.5421752 3.060427
0.1287995 0.1642948 3.100861
0.1215676 0.1532488 2.994984
0.0884051 1.33648 3.131605
-0.2086945 0.746171 3.074723
-0.1796632 0.8021748 3.064218
0.2475241 0.7242922 3.044831
0.2668755 0.7611458 3.026588
61
0.1012468 0.8071049 3.097828
0.09150572 1.111196 3.12317
0.0844774 1.411164 3.132272
0.1060031 1.527448 3.142882
-0.05195256 1.263864 3.104851
-0.1198565 1.049717 3.124126
-0.1767528 0.8706221 3.07949
-0.1967984 0.8199336 3.079736
0.2389406 1.250498 3.110007
0.264124 1.024169 3.112735
0.265722 0.8154552 3.045406
0.2467789 0.7802739 3.047244
0.02997212 0.8112969 3.066201
-0.07827939 0.7085517 2.838767
-0.08910787 0.4466946 3.029507
-0.0806535 0.3844107 2.94448
0.1713665 0.8069028 3.055822
0.1419584 0.5426627 3.061593
0.1292877 0.164064 3.100677
0.1216056 0.1534326 2.995203
0.08697784 1.33664 3.13201
-0.210003 0.745324 3.07768
-0.1678675 0.8286698 3.065918
0.2426001 0.7189227 3.044667
0.264621 0.7621753 3.025179
62
0.1012468 0.8071049 3.097828
0.09150572 1.111196 3.12317
0.0844774 1.411164 3.132272
0.1060031 1.527448 3.142882
-0.05195256 1.263864 3.104851
-0.1198565 1.049717 3.124126
-0.1767528 0.8706221 3.07949
-0.1967984 0.8199336 3.079736
0.2389406 1.250498 3.110007
0.264124 1.024169 3.112735
0.265722 0.8154552 3.045406
0.2467789 0.7802739 3.047244
0.02997212 0.8112969 3.066201
-0.07827939 0.7085517 2.838767
-0.08910787 0.4466946 3.029507
-0.0806535 0.3844107 2.94448
0.1713665 0.8069028 3.055822
0.1419584 0.5426627 3.061593
0.1292877 0.164064 3.100677
0.1216056 0.1534326 2.995203
0.08697784 1.33664 3.13201
-0.210003 0.745324 3.07768
-0.1678675 0.8286698 3.065918
0.2426001 0.7189227 3.044667
0.264621 0.7621753 3.025179
63
0.1012468 0.8071049 3.097828
0.09150572 1.111196 3.12317
0.0844774 1.411164 3.132272
0.1060031 1.527448 3.142882
-0.05195256 1.263864 3.104851
-0.1198565 1.049717 3.124126
-0.1767528 0.8706221 3.07949
-0.1967984 0.8199336 3.079736
0.2389406 1.250498 3.110007
0.264124 1.024169 3.112735
0.265722 0.8154552 3.045406
0.2467789 0.7802739 3.047244
0.02997212 0.8112969 3.066201
-0.07827939 0.7085517 2.838767
-0.08910787 0.4466946 3.029507
-0.0806535 0.3844107 2.94448
0.1713665 0.8069028 3.055822
0.1419584 0.5426627 3.061593
0.1292877 0.164064 3.100677
0.1216056 0.1534326 2.995203
0.08697784 1.33664 3.13201
-0.210003 0.745324 3.07768
-0.1678675 0.8286698 3.065918
0.2426001 0.7189227 3.044667
0.264621 0.7621753 3.025179
64
0.1014818 0.8070574 3.097537
0.09084452 1.111235 3.123092
0.08113382 1.411027 3.13306
0.1033945 1.52696 3.143087
-0.05330212 1.264539 3.106047
-0.1217314 1.050304 3.124899
-0.1781669 0.8704654 3.080701
-0.1974783 0.8158165 3.080048
0.2370073 1.250804 3.109831
0.2623366 1.024468 3.112319
0.2640019 0.8160041 3.045524
0.2442574 0.7803671 3.046049
0.03040444 0.8111275 3.066001
-0.05773546 0.6401802 2.891824
-0.07100414 0.3893306 3.051821
-0.07753772 0.3206853 2.943655
0.1712732 0.8068907 3.055431
0.1407731 0.5423985 3.062721
0.1294843 0.1637011 3.100363
0.1216091 0.1534799 2.995172
0.08438712 1.336583 3.132519
-0.20817 0.7424493 3.078735
-0.170464 0.7753423 3.062352
0.2397889 0.7170807 3.044158
0.2634422 0.7619477 3.02471
65
0.09958418 0.8068176 3.096944
0.08883597 1.111258 3.122828
0.0777011 1.410852 3.133651
0.09979732 1.526402 3.143393
-0.05634591 1.265601 3.107494
-0.1241798 1.050845 3.125069
-0.1791171 0.8701322 3.08136
-0.1973276 0.811567 3.079333
0.2343164 1.251104 3.10943
0.2602073 1.024775 3.111614
0.2624795 0.8164698 3.045535
0.2419342 0.7804117 3.044047
0.02813721 0.811056 3.065465
-0.03973264 0.5947585 2.927654
-0.05148175 0.2881301 3.047808
-0.07611813 0.2430742 2.930418
0.1693346 0.8065507 3.054793
0.1398717 0.5403494 3.063423
0.1294763 0.1634175 3.1
0.1215649 0.1534262 2.994789
0.08121505 1.336502 3.132905
-0.2057494 0.7398544 3.07803
-0.1725137 0.7395536 3.05976
0.2370513 0.7161118 3.04176
0.2619085 0.7602403 3.023367
66
0.09958418 0.8068176 3.096944
0.08883597 1.111258 3.122828
0.0777011 1.410852 3.133651
0.09979732 1.526402 3.143393
-0.05634591 1.265601 3.107494
-0.1241798 1.050845 3.125069
-0.1791171 0.8701322 3.08136
-0.1973276 0.811567 3.079333
0.2343164 1.251104 3.10943
0.2602073 1.024775 3.111614
0.2624795 0.8164698 3.045535
0.2419342 0.7804117 3.044047
0.02813721 0.811056 3.065465
-0.03973264 0.5947585 2.927654
-0.05148175 0.2881301 3.047808
-0.07611813 0.2430742 2.930418
0.1693346 0.8065507 3.054793
0.1398717 0.5403494 3.063423
0.1294763 0.1634175 3.1
0.1215649 0.1534262 2.994789
0.08121505 1.336502 3.132905
-0.2057494 0.7398544 3.07803
-0.1725137 0.7395536 3.05976
0.2370513 0.7161118 3.04176
0.2619085 0.7602403 3.023367
67
0.09958418 0.8068176 3.096944
0.08883597 1.111258 3.122828
0.0777011 1.410852 3.133651
0.09979732 1.526402 3.143393
-0.05634591 1.265601 3.107494
-0.1241798 1.050845 3.125069
-0.1791171 0.8701322 3.08136
-0.1973276 0.811567 3.079333
0.2343164 1.251104 3.10943
0.2602073 1.024775 3.111614
0.2624795 0.8164698 3.045535
0.2419342 0.7804117 3.044047
0.02813721 0.811056 3.065465
-0.03973264 0.5947585 2.927654
-0.05148175 0.2881301 3.047808
-0.07611813 0.2430742 2.930418
0.1693346 0.8065507 3.054793
0.1398717 0.5403494 3.063423
0.1294763 0.1634175 3.1
0.1215649 0.1534262 2.994789
0.08121505 1.336502 3.132905
-0.2057494 0.7398544 3.07803
-0.1725137 0.7395536 3.05976
0.2370513 0.7161118 3.04176
0.2619085 0.7602403 3.023367
68
0.09246252 0.8067073 3.095266
0.08443765 1.111389 3.122215
0.07406669 1.410693 3.13415
0.0941798 1.526318 3.143472
-0.05985652 1.266486 3.108682
-0.1264676 1.051123 3.124941
-0.1799457 0.8691992 3.08119
-0.1973059 0.8073038 3.076651
0.2316824 1.25137 3.109137
0.2580977 1.025048 3.110809
0.2611455 0.816903 3.045383
0.2400009 0.7805492 3.042303
0.02012503 0.8116215 3.063912
-0.03797487 0.5625893 2.944063
-0.0468597 0.2167232 3.039523
-0.07567338 0.1868993 2.928784
0.1628103 0.8059979 3.053087
0.1390252 0.5373348 3.063317
0.1290964 0.1629642 3.099437
0.1214208 0.1529955 2.994006
0.07729705 1.33646 3.133221
-0.2019925 0.7373072 3.074899
-0.1730062 0.7302037 3.058749
0.2351644 0.7156283 3.039939
0.2608923 0.7609273 3.021974
69
0.09246252 0.8067073 3.095266
0.08443765 1.111389 3.122215
0.07406669 1.410693 3.13415
0.0941798 1.526318 3.143472
-0.05985652 1.266486 3.108682
-0.1264676 1.051123 3.124941
-0.1799457 0.8691992 3.08119
-0.1973059 0.8073038 3.076651
0.2316824 1.25137 3.109137
0.2580977 1.025048 3.110809
0.2611455 0.816903 3.045383
0.2400009 0.7805492 3.042303
0.02012503 0.8116215 3.063912
-0.03797487 0.5625893 2.944063
-0.0468597 0.2167232 3.039523
-0.07567338 0.1868993 2.928784
0.1628103 0.8059979 3.053087
0.1390252 0.5373348 3.063317
0.1290964 0.1629642 3.099437
0.1214208 0.1529955 2.994006
0.07729705 1.33646 3.133221
-0.2019925 0.7373072 3.074899
-0.1730062 0.7302037 3.058749
0.2351644 0.7156283 3.039939
0.2608923 0.7609273 3.021974
70
0.08430336 0.8067164 3.093455
0.07809135 1.111459 3.121363
0.06911542 1.41032 3.1346
0.08801068 1.526497 3.143456
-0.06912244 1.267589 3.11021
-0.1297128 1.050857 3.124391
-0.1804945 0.8681955 3.080619
-0.1965178 0.8056031 3.073095
0.2276785 1.251947 3.108828
0.2551544 1.025617 3.109898
0.259903 0.8172139 3.04497
0.2385748 0.7806171 3.041075
0.01115285 0.8120385 3.061925
-0.03835306 0.526678 2.961276
-0.0498311 0.1696753 3.039178
-0.07511207 0.144875 2.921799
0.155357 0.8057675 3.051504
0.1382332 0.5338391 3.062169
0.1286377 0.1628568 3.099126
0.121192 0.1525139 2.993367
0.07181469 1.336253 3.133456
-0.1995985 0.7351518 3.071251
-0.1630707 0.7839395 3.05473
0.2336141 0.7157409 3.037169
0.2603155 0.760835 3.021416
71
0.0763422 0.8063731 3.09177
0.07189915 1.111092 3.120534
0.06462096 1.409604 3.134929
0.08140495 1.526691 3.143453
-0.07788272 1.267561 3.11092
-0.1334195 1.04978 3.123327
-0.1809854 0.8670365 3.079484
-0.1958562 0.8040507 3.068813
0.223777 1.252258 3.108759
0.2512378 1.025917 3.10888
0.2588047 0.8175348 3.044388
0.2363129 0.7811576 3.038512
0.002475654 0.8117206 3.060008
-0.03802688 0.5112512 2.970828
-0.05293176 0.147106 3.037355
-0.07580572 0.1270732 2.922578
0.1481815 0.8054823 3.0501
0.1377494 0.5299869 3.060188
0.1279926 0.1629061 3.098812
0.120875 0.151912 2.992526
0.06678366 1.33567 3.133592
-0.1988665 0.7336182 3.068104
-0.1619247 0.7986829 3.047794
0.2327577 0.7176504 3.034193
0.2569337 0.763756 3.018288
72
0.0763422 0.8063731 3.09177
0.07189915 1.111092 3.120534
0.06462096 1.409604 3.134929
0.08140495 1.526691 3.143453
-0.07788272 1.267561 3.11092
-0.1334195 1.04978 3.123327
-0.1809854 0.8670365 3.079484
-0.1958562 0.8040507 3.068813
0.223777 1.252258 3.108759
0.2512378 1.025917 3.10888
0.2588047 0.8175348 3.044388
0.2363129 0.7811576 3.038512
0.002475654 0.8117206 3.060008
-0.03802688 0.5112512 2.970828
-0.05293176 0.147106 3.037355
-0.07580572 0.1270732 2.922578
0.1481815 0.8054823 3.0501
0.1377494 0.5299869 3.060188
0.1279926 0.1629061 3.098812
0.120875 0.151912 2.992526
0.06678366 1.33567 3.133592
-0.1988665 0.7336182 3.068104
-0.1619247 0.7986829 3.047794
0.2327577 0.7176504 3.034193
0.2569337 0.763756 3.018288
73
0.0763422 0.8063731 3.09177
0.07189915 1.111092 3.120534
0.06462096 1.409604 3.134929
0.08140495 1.526691 3.143453
-0.07788272 1.267561 3.11092
-0.1334195 1.04978 3.123327
-0.1809854 0.8670365 3.079484
-0.1958562 0.8040507 3.068813
0.223777 1.252258 3.108759
0.2512378 1.025917 3.10888
0.2588047 0.8175348 3.044388
0.2363129 0.7811576 3.038512
0.002475654 0.8117206 3.060008
-0.03802688 0.5112512 2.970828
-0.05293176 0.147106 3.037355
-0.07580572 0.1270732 2.922578
0.1481815 0.8054823 3.0501
0.1377494 0.5299869 3.060188
0.1279926 0.1629061 3.098812
0.120875 0.151912 2.992526
0.06678366 1.33567 3.133592
-0.1988665 0.7336182 3.068104
-0.1619247 0.7986829 3.047794
0.2327577 0.7176504 3.034193
0.2569337 0.763756 3.018288
74
0.06884436 0.8057082 3.090447
0.06413054 1.110038 3.119717
0.05723537 1.407773 3.135206
0.07129979 1.526248 3.143933
-0.08875313 1.266468 3.110976
-0.1384985 1.047535 3.121492
-0.1819233 0.8551934 3.069478
-0.195254 0.798713 3.062142
0.2178661 1.252309 3.108848
0.2456815 1.025956 3.107535
0.2562194 0.8182237 3.042974
0.2342343 0.7816102 3.03696
-0.005450375 0.8107782 3.058312
-0.04019662 0.5011159 2.98322
-0.05635655 0.1304429 3.037726
-0.07623377 0.1148714 2.925937
0.1412089 0.8051351 3.049168
0.1372427 0.5264742 3.057462
0.1273362 0.1633248 3.0985
0.1204448 0.1513709 2.991054
0.05913251 1.334106 3.133654
-0.1957475 0.7270591 3.057341
-0.1609556 0.8024746 3.045239
0.2306271 0.7182794 3.031594
0.2555702 0.7642 3.017382
75
0.06884436 0.8057082 3.090447
0.06413054 1.110038 3.119717
0.05723537 1.407773 3.135206
0.07129979 1.526248 3.143933
-0.08875313 1.266468 3.110976
-0.1384985 1.047535 3.121492
-0.1819233 0.8551934 3.069478
-0.195254 0.798713 3.062142
0.2178661 1.252309 3.108848
0.2456815 1.025956 3.107535
0.2562194 0.8182237 3.042974
0.2342343 0.7816102 3.03696
-0.005450375 0.8107782 3.058312
-0.04019662 0.5011159 2.98322
-0.05635655 0.1304429 3.037726
-0.07623377 0.1148714 2.925937
0.1412089 0.8051351 3.049168
0.1372427 0.5264742 3.057462
0.1273362 0.1633248 3.0985
0.1204448 0.1513709 2.991054
0.05913251 1.334106 3.133654
-0.1957475 0.7270591 3.057341
-0.1609556 0.8024746 3.045239
0.2306271 0.7182794 3.031594
0.2555702 0.7642 3.017382
76
0.06010722 0.8039693 3.089785
0.05491714 1.108105 3.119351
0.04851899 1.405421 3.135624
0.06049166 1.526524 3.144578
-0.09450783 1.265562 3.110553
-0.1433189 1.045426 3.118966
-0.1841194 0.8442359 3.060302
-0.1950754 0.7947752 3.055144
0.2099336 1.251435 3.109066
0.2388896 1.025212 3.106511
0.2433566 0.8131265 3.036828
0.229573 0.7788022 3.033979
-0.014046 0.8084855 3.057067
-0.04317087 0.496272 2.99911
-0.06118823 0.1228643 3.044051
-0.07551648 0.1105188 2.935727
0.1324913 0.8040451 3.049144
0.1364905 0.5236645 3.054454
0.1268232 0.1639361 3.098337
0.1200735 0.1508852 2.989867
0.05015207 1.331928 3.133919
-0.1959367 0.7223769 3.048769
-0.155168 0.8162756 3.036131
0.2102514 0.7009018 3.017651
0.2507628 0.7650916 3.014234
77
0.06010722 0.8039693 3.089785
0.05491714 1.108105 3.119351
0.04851899 1.405421 3.135624
0.06049166 1.526524 3.144578
-0.09450783 1.265562 3.110553
-0.1433189 1.045426 3.118966
-0.1841194 0.8442359 3.060302
-0.1950754 0.7947752 3.055144
0.2099336 1.251435 3.109066
0.2388896 1.025212 3.106511
0.2433566 0.8131265 3.036828
0.229573 0.7788022 3.033979
-0.014046 0.8084855 3.057067
-0.04317087 0.496272 2.99911
-0.06118823 0.1228643 3.044051
-0.07551648 0.1105188 2.935727
0.1324913 0.8040451 3.049144
0.1364905 0.5236645 3.054454
0.1268232 0.1639361 3.098337
0.1200735 0.1508852 2.989867
0.05015207 1.331928 3.133919
-0.1959367 0.7223769 3.048769
-0.155168 0.8162756 3.036131
0.2102514 0.7009018 3.017651
0.2507628 0.7650916 3.014234
78
0.05081698 0.8017445 3.090276
0.04523253 1.105913 3.119767
0.03920077 1.403085 3.136313
0.04809068 1.525922 3.145781
-0.1110264 1.26146 3.108364
-0.1505413 1.040294 3.114785
-0.1854696 0.8380048 3.054777
-0.1947878 0.790069 3.048109
0.1999629 1.249977 3.11018
0.2318118 1.02415 3.105608
0.2361124 0.8106824 3.033998
0.2234558 0.7752386 3.029803
-0.02236713 0.8055419 3.056743
-0.04571965 0.4960929 3.014544
-0.06754148 0.1265146 3.054125
-0.07477274 0.1155264 2.94754
0.122167 0.8027606 3.050662
0.1353402 0.521845 3.051303
0.1263962 0.164661 3.098282
0.1197389 0.150451 2.988977
0.04066045 1.329692 3.134562
-0.1949137 0.7177176 3.041871
-0.1518894 0.8232351 3.027709
0.1969067 0.6918131 3.006795
0.2431845 0.7625107 3.009128
79
0.04183223 0.8000391 3.0912
0.03539647 1.104581 3.120772
0.02888625 1.402057 3.137683
0.03955797 1.525389 3.146628
-0.1214616 1.259457 3.106803
-0.1569757 1.036863 3.110884
-0.1868019 0.8336148 3.049367
-0.1941733 0.7873099 3.041633
0.1880809 1.248976 3.111784
0.2193496 1.023036 3.105757
0.2262712 0.819261 3.031778
0.2185939 0.7758551 3.027267
-0.03024495 0.8031448 3.056679
-0.04818481 0.4986157 3.026489
-0.07245959 0.1350421 3.063139
-0.07377798 0.1244997 2.957681
0.1122426 0.8019414 3.052751
0.1334954 0.5205135 3.047879
0.1260547 0.1656639 3.098349
0.1194136 0.1501502 2.988294
0.03043976 1.32863 3.135844
-0.1937966 0.7137213 3.032694
-0.1482215 0.803864 3.006991
0.1913995 0.693507 3.00451
0.237243 0.7650558 3.004362
80
0.04183223 0.8000391 3.0912
0.03539647 1.104581 3.120772
0.02888625 1.402057 3.137683
0.03955797 1.525389 3.146628
-0.1214616 1.259457 3.106803
-0.1569757 1.036863 3.110884
-0.1868019 0.8336148 3.049367
-0.1941733 0.7873099 3.041633
0.1880809 1.248976 3.111784
0.2193496 1.023036 3.105757
0.2262712 0.819261 3.031778
0.2185939 0.7758551 3.027267
-0.03024495 0.8031448 3.056679
-0.04818481 0.4986157 3.026489
-0.07245959 0.1350421 3.063139
-0.07377798 0.1244997 2.957681
0.1122426 0.8019414 3.052751
0.1334954 0.5205135 3.047879
0.1260547 0.1656639 3.098349
0.1194136 0.1501502 2.988294
0.03043976 1.32863 3.135844
-0.1937966 0.7137213 3.032694
-0.1482215 0.803864 3.006991
0.1913995 0.693507 3.00451
0.237243 0.7650558 3.004362
81
0.03128156 0.7977635 3.092864
0.02524253 1.103293 3.121951
0.01913427 1.401506 3.138668
0.02540519 1.525255 3.147214
-0.1269138 1.258407 3.105883
-0.1626252 1.034685 3.107209
-0.1865835 0.8257236 3.040154
-0.1921102 0.7822924 3.03288
0.176944 1.247185 3.112467
0.2099218 1.021464 3.104983
0.2193549 0.8222793 3.029866
0.2132947 0.7762219 3.024892
-0.03999341 0.8002961 3.057604
-0.05109609 0.5018027 3.035534
-0.07603752 0.1410748 3.070026
-0.07399418 0.1309941 2.966077
0.1015255 0.8003756 3.05511
0.1287595 0.5196374 3.04383
0.1257948 0.1665642 3.098178
0.1189804 0.1495858 2.987507
0.02060991 1.327938 3.136864
-0.1907331 0.7091812 3.021521
-0.1474631 0.7876661 2.991722
0.1861587 0.6939743 3.002326
0.2304402 0.7643878 3.002245
82
0.03128156 0.7977635 3.092864
0.02524253 1.103293 3.121951
0.01913427 1.401506 3.138668
0.02540519 1.525255 3.147214
-0.1269138 1.258407 3.105883
-0.1626252 1.034685 3.107209
-0.1865835 0.8257236 3.040154
-0.1921102 0.7822924 3.03288
0.176944 1.247185 3.112467
0.2099218 1.021464 3.104983
0.2193549 0.8222793 3.029866
0.2132947 0.7762219 3.024892
-0.03999341 0.8002961 3.057604
-0.05109609 0.5018027 3.035534
-0.07603752 0.1410748 3.070026
-0.07399418 0.1309941 2.966077
0.1015255 0.8003756 3.05511
0.1287595 0.5196374 3.04383
0.1257948 0.1665642 3.098178
0.1189804 0.1495858 2.987507
0.02060991 1.327938 3.136864
-0.1907331 0.7091812 3.021521
-0.1474631 0.7876661 2.991722
0.1861587 0.6939743 3.002326
0.2304402 0.7643878 3.002245
83
0.03128156 0.7977635 3.092864
0.02524253 1.103293 3.121951
0.01913427 1.401506 3.138668
0.02540519 1.525255 3.147214
-0.1269138 1.258407 3.105883
-0.1626252 1.034685 3.107209
-0.1865835 0.8257236 3.040154
-0.1921102 0.7822924 3.03288
0.176944 1.247185 3.112467
0.2099218 1.021464 3.104983
0.2193549 0.8222793 3.029866
0.2132947 0.7762219 3.024892
-0.03999341 0.8002961 3.057604
-0.05109609 0.5018027 3.035534
-0.07603752 0.1410748 3.070026
-0.07399418 0.1309941 2.966077
0.1015255 0.8003756 3.05511
0.1287595 0.5196374 3.04383
0.1257948 0.1665642 3.098178
0.1189804 0.1495858 2.987507
0.02060991 1.327938 3.136864
-0.1907331 0.7091812 3.021521
-0.1474631 0.7876661 2.991722
0.1861587 0.6939743 3.002326
0.2304402 0.7643878 3.002245
84
0.02311331 0.7966726 3.094033
0.01668538 1.102829 3.122813
0.01024503 1.401595 3.13932
0.01397613 1.524828 3.147946
-0.1306147 1.257787 3.105238
-0.1672982 1.03349 3.104302
-0.1870068 0.8226616 3.034754
-0.1903696 0.7799377 3.02602
0.1670699 1.246761 3.113061
0.1953788 1.020601 3.10066
0.2123196 0.8235893 3.02733
0.2051797 0.7766597 3.021915
-0.04813481 0.7987474 3.058237
-0.05518785 0.5062135 3.041644
-0.07786691 0.1463886 3.075317
-0.07420031 0.1364203 2.971267
0.09372135 0.79974 3.056737
0.1194852 0.5278388 3.035295
0.126264 0.168747 3.098335
0.1185784 0.1490402 2.986907
0.01181743 1.327908 3.137562
-0.1888429 0.7069064 3.013204
-0.1472908 0.782007 2.982765
0.1810545 0.695241 3.000986
0.2234218 0.7659339 2.999114
85
0.02311331 0.7966726 3.094033
0.01668538 1.102829 3.122813
0.01024503 1.401595 3.13932
0.01397613 1.524828 3.147946
-0.1306147 1.257787 3.105238
-0.1672982 1.03349 3.104302
-0.1870068 0.8226616 3.034754
-0.1903696 0.7799377 3.02602
0.1670699 1.246761 3.113061
0.1953788 1.020601 3.10066
0.2123196 0.8235893 3.02733
0.2051797 0.7766597 3.021915
-0.04813481 0.7987474 3.058237
-0.05518785 0.5062135 3.041644
-0.07786691 0.1463886 3.075317
-0.07420031 0.1364203 2.971267
0.09372135 0.79974 3.056737
0.1194852 0.5278388 3.035295
0.126264 0.168747 3.098335
0.1185784 0.1490402 2.986907
0.01181743 1.327908 3.137562
-0.1888429 0.7069064 3.013204
-0.1472908 0.782007 2.982765
0.1810545 0.695241 3.000986
0.2234218 0.7659339 2.999114
86
0.01743603 0.796173 3.094751
0.009367527 1.102614 3.123305
0.0001058858 1.401426 3.139455
0.004404695 1.523907 3.148446
-0.1372233 1.258144 3.104478
-0.1733617 1.033162 3.100932
-0.1877237 0.8205538 3.030575
-0.1894125 0.7781314 3.021395
0.1589688 1.246681 3.113178
0.1870146 1.020384 3.098444
0.2036593 0.8186288 3.023713
0.1978057 0.7757739 3.020051
-0.0539473 0.7978917 3.058574
-0.05968025 0.5102072 3.045583
-0.07891487 0.1503933 3.079094
-0.07452355 0.1404513 2.974865
0.08837866 0.7995614 3.057777
0.1139488 0.5326142 3.030655
0.1258602 0.1696398 3.098073
0.1182553 0.1486654 2.986491
0.002534547 1.327766 3.1378
-0.1875175 0.7051568 3.009289
-0.1470584 0.778932 2.978045
0.1761281 0.6958334 3.001513
0.2130122 0.7637877 2.999122
87
0.01743603 0.796173 3.094751
0.009367527 1.102614 3.123305
0.0001058858 1.401426 3.139455
0.004404695 1.523907 3.148446
-0.1372233 1.258144 3.104478
-0.1733617 1.033162 3.100932
-0.1877237 0.8205538 3.030575
-0.1894125 0.7781314 3.021395
0.1589688 1.246681 3.113178
0.1870146 1.020384 3.098444
0.2036593 0.8186288 3.023713
0.1978057 0.7757739 3.020051
-0.0539473 0.7978917 3.058574
-0.05968025 0.5102072 3.045583
-0.07891487 0.1503933 3.079094
-0.07452355 0.1404513 2.974865
0.08837866 0.7995614 3.057777
0.1139488 0.5326142 3.030655
0.1258602 0.1696398 3.098073
0.1182553 0.1486654 2.986491
0.002534547 1.327766 3.1378
-0.1875175 0.7051568 3.009289
-0.1470584 0.778932 2.978045
0.1761281 0.6958334 3.001513
0.2130122 0.7637877 2.999122
88
0.01282314 0.7960174 3.095278
0.00313776 1.102633 3.123784
-0.00803352 1.401434 3.139841
-0.003095238 1.523475 3.14905
-0.1439417 1.258031 3.103778
-0.1794242 1.032496 3.097926
-0.1893087 0.8188027 3.02613
-0.1890465 0.77743 3.017845
0.1523442 1.246625 3.113183
0.1811996 1.020252 3.097191
0.1987185 0.8169296 3.022233
0.1915788 0.7755614 3.018803
-0.05886547 0.797433 3.05891
-0.06641552 0.5153782 3.048161
-0.08317572 0.1738773 3.094044
-0.07872414 0.1596029 2.989427
0.08418666 0.7996453 3.058464
0.1104288 0.5359851 3.027956
0.1252672 0.1699046 3.09773
0.1179816 0.1483489 2.986183
-0.005108001 1.327797 3.138208
-0.1870226 0.7039298 3.005883
-0.1469821 0.7771231 2.974818
0.1695235 0.7177978 3.006711
0.2013577 0.7577458 3.000789
89
0.009172464 0.7959536 3.095675
-0.002197577 1.102524 3.124123
-0.01520454 1.401064 3.140031
-0.009611055 1.522876 3.149691
-0.1478854 1.257928 3.103341
-0.184727 1.032223 3.095335
-0.1908886 0.8177525 3.022618
-0.189157 0.7771367 3.014897
0.1470306 1.246349 3.113232
0.1762633 1.019947 3.096992
0.1954332 0.8159358 3.021463
0.1866518 0.7756219 3.018633
-0.06287994 0.7971948 3.059159
-0.07336216 0.5199196 3.049446
-0.08415005 0.1819233 3.099565
-0.08023956 0.166242 2.994655
0.08096481 0.7997109 3.05898
0.1074995 0.5390015 3.026442
0.1246884 0.1698799 3.097388
0.1177796 0.148148 2.985995
-0.01182933 1.327506 3.138435
-0.1870795 0.7030706 3.003847
-0.1476054 0.7767937 2.973275
0.167632 0.7293495 3.012025
0.1965095 0.7571828 3.002569
90
0.009172464 0.7959536 3.095675
-0.002197577 1.102524 3.124123
-0.01520454 1.401064 3.140031
-0.009611055 1.522876 3.149691
-0.1478854 1.257928 3.103341
-0.184727 1.032223 3.095335
-0.1908886 0.8177525 3.022618
-0.189157 0.7771367 3.014897
0.1470306 1.246349 3.113232
0.1762633 1.019947 3.096992
0.1954332 0.8159358 3.021463
0.1866518 0.7756219 3.018633
-0.06287994 0.7971948 3.059159
-0.07336216 0.5199196 3.049446
-0.08415005 0.1819233 3.099565
-0.08023956 0.166242 2.994655
0.08096481 0.7997109 3.05898
0.1074995 0.5390015 3.026442
0.1246884 0.1698799 3.097388
0.1177796 0.148148 2.985995
-0.01182933 1.327506 3.138435
-0.1870795 0.7030706 3.003847
-0.1476054 0.7767937 2.973275
0.167632 0.7293495 3.012025
0.1965095 0.7571828 3.002569
91
0.006250764 0.7959751 3.095958
-0.006751957 1.102376 3.124387
-0.0214555 1.400534 3.140226
-0.01466698 1.522668 3.150231
-0.1529257 1.25772 3.102923
-0.1891996 1.031774 3.093245
-0.1923538 0.817088 3.019825
-0.189518 0.7763472 3.012289
0.1423742 1.245959 3.113202
0.1727869 1.019673 3.096962
0.1925814 0.8131329 3.021302
0.1826845 0.7745976 3.018743
-0.06607763 0.7971138 3.059293
-0.08137956 0.5249363 3.049744
-0.08397292 0.1867567 3.102837
-0.08123201 0.1702317 2.997715
0.07837435 0.7998016 3.059383
0.1053125 0.5411512 3.025835
0.1241179 0.1696627 3.097064
0.1176238 0.1480111 2.985858
-0.01767587 1.327079 3.138642
-0.1868581 0.7019267 3.00213
-0.1496375 0.7762462 2.972612
0.1655798 0.7333695 3.013799
0.1933981 0.756228 3.00319
92
0.006250764 0.7959751 3.095958
-0.006751957 1.102376 3.124387
-0.0214555 1.400534 3.140226
-0.01466698 1.522668 3.150231
-0.1529257 1.25772 3.102923
-0.1891996 1.031774 3.093245
-0.1923538 0.817088 3.019825
-0.189518 0.7763472 3.012289
0.1423742 1.245959 3.113202
0.1727869 1.019673 3.096962
0.1925814 0.8131329 3.021302
0.1826845 0.7745976 3.018743
-0.06607763 0.7971138 3.059293
-0.08137956 0.5249363 3.049744
-0.08397292 0.1867567 3.102837
-0.08123201 0.1702317 2.997715
0.07837435 0.7998016 3.059383
0.1053125 0.5411512 3.025835
0.1241179 0.1696627 3.097064
0.1176238 0.1480111 2.985858
-0.01767587 1.327079 3.138642
-0.1868581 0.7019267 3.00213
-0.1496375 0.7762462 2.972612
0.1655798 0.7333695 3.013799
0.1933981 0.756228 3.00319
93
0.006250764 0.7959751 3.095958
-0.006751957 1.102376 3.124387
-0.0214555 1.400534 3.140226
-0.01466698 1.522668 3.150231
-0.1529257 1.25772 3.102923
-0.1891996 1.031774 3.093245
-0.1923538 0.817088 3.019825
-0.189518 0.7763472 3.012289
0.1423742 1.245959 3.113202
0.1727869 1.019673 3.096962
0.1925814 0.8131329 3.021302
0.1826845 0.7745976 3.018743
-0.06607763 0.7971138 3.059293
-0.08137956 0.5249363 3.049744
-0.08397292 0.1867567 3.102837
-0.08123201 0.1702317 2.997715
0.07837435 0.7998016 3.059383
0.1053125 0.5411512 3.025835
0.1241179 0.1696627 3.097064
0.1176238 0.1480111 2.985858
-0.01767587 1.327079 3.138642
-0.1868581 0.7019267 3.00213
-0.1496375 0.7762462 2.972612
0.1655798 0.7333695 3.013799
0.1933981 0.756228 3.00319
94
0.003625895 0.7962642 3.096269
-0.01033907 1.10235 3.124662
-0.02582969 1.400152 3.140429
-0.01887614 1.522594 3.150914
-0.1590026 1.25765 3.102918
-0.1932751 1.031445 3.091593
-0.1938489 0.8166261 3.017201
-0.1898519 0.7763991 3.010253
0.1386488 1.245592 3.113347
0.1699627 1.019406 3.097322
0.1904726 0.8124745 3.022082
0.1792569 0.7752686 3.019719
-0.06878085 0.7973196 3.059384
-0.08865762 0.530055 3.049265
-0.08349214 0.1900426 3.105077
-0.08184504 0.172761 2.999642
0.07583876 0.80015 3.059933
0.1033639 0.543056 3.026262
0.1235659 0.1691746 3.096745
0.1174955 0.1479266 2.985774
-0.02187896 1.32678 3.138858
-0.1866852 0.7016775 3.00167
-0.1513419 0.7752447 2.971735
0.1638825 0.7384883 3.016749
0.1906749 0.7582085 3.005308
95
0.003625895 0.7962642 3.096269
-0.01033907 1.10235 3.124662
-0.02582969 1.400152 3.140429
-0.01887614 1.522594 3.150914
-0.1590026 1.25765 3.102918
-0.1932751 1.031445 3.091593
-0.1938489 0.8166261 3.017201
-0.1898519 0.7763991 3.010253
0.1386488 1.245592 3.113347
0.1699627 1.019406 3.097322
0.1904726 0.8124745 3.022082
0.1792569 0.7752686 3.019719
-0.06878085 0.7973196 3.059384
-0.08865762 0.530055 3.049265
-0.08349214 0.1900426 3.105077
-0.08184504 0.172761 2.999642
0.07583876 0.80015 3.059933
0.1033639 0.543056 3.026262
0.1235659 0.1691746 3.096745
0.1174955 0.1479266 2.985774
-0.02187896 1.32678 3.138858
-0.1866852 0.7016775 3.00167
-0.1513419 0.7752447 2.971735
0.1638825 0.7384883 3.016749
0.1906749 0.7582085 3.005308
96
0.001604628 0.7965402 3.096519
-0.01332171 1.102355 3.124868
-0.0297595 1.399861 3.140515
-0.02232672 1.522435 3.151517
-0.1638686 1.257462 3.10281
-0.1978267 1.031127 3.08923
-0.195345 0.8164364 3.014906
-0.1903643 0.7764078 3.008401
0.1352077 1.245421 3.113485
0.1673477 1.019317 3.098067
0.1889784 0.8122923 3.023031
0.1765954 0.7758456 3.020588
-0.0708481 0.7975225 3.059456
-0.09369418 0.5331711 3.048735
-0.0833882 0.1922465 3.106308
-0.08239669 0.1744043 3.000476
0.07388228 0.8004757 3.060377
0.1014157 0.5446693 3.027719
0.1231608 0.168423 3.096406
0.1173727 0.1478822 2.985721
-0.02558373 1.326556 3.138974
-0.1866407 0.7015568 3.001253
-0.1534259 0.777336 2.970503
0.1633352 0.7419956 3.019261
0.188448 0.75778 3.007183
97
-1.776393E-05 0.7967986 3.096713
-0.01575555 1.102378 3.125028
-0.03288212 1.399665 3.140586
-0.02484023 1.522391 3.151962
-0.1667233 1.257376 3.102728
-0.201332 1.031053 3.087367
-0.1969003 0.8165512 3.012804
-0.1907601 0.776516 3.007111
0.1321328 1.2453 3.113675
0.1651763 1.019294 3.098925
0.1874272 0.8106883 3.024092
0.1738618 0.77549 3.021329
-0.0725008 0.7977298 3.0595
-0.09786976 0.5361744 3.047779
-0.08357208 0.1918211 3.105193
-0.082837 0.1740805 2.998608
0.0723166 0.8007628 3.06073
0.09947478 0.5456716 3.029622
0.1228134 0.1676522 3.096071
0.1172638 0.1479075 2.985695
-0.02855392 1.326406 3.139066
-0.1880871 0.7018159 3.000456
-0.154783 0.7766171 2.969647
0.1619414 0.7422109 3.021237
0.1850664 0.7546559 3.009519
98
-1.776393E-05 0.7967986 3.096713
-0.01575555 1.102378 3.125028
-0.03288212 1.399665 3.140586
-0.02484023 1.522391 3.151962
-0.1667233 1.257376 3.102728
-0.201332 1.031053 3.087367
-0.1969003 0.8165512 3.012804
-0.1907601 0.776516 3.007111
0.1321328 1.2453 3.113675
0.1651763 1.019294 3.098925
0.1874272 0.8106883 3.024092
0.1738618 0.77549 3.021329
-0.0725008 0.7977298 3.0595
-0.09786976 0.5361744 3.047779
-0.08357208 0.1918211 3.105193
-0.082837 0.1740805 2.998608
0.0723166 0.8007628 3.06073
0.09947478 0.5456716 3.029622
0.1228134 0.1676522 3.096071
0.1172638 0.1479075 2.985695
-0.02855392 1.326406 3.139066
-0.1880871 0.7018159 3.000456
-0.154783 0.7766171 2.969647
0.1619414 0.7422109 3.021237
0.1850664 0.7546559 3.009519
