124
1
-0.064009 1.017834 3.686984
-0.06156612 1.311722 3.684708
-0.0583461 1.599772 3.670773
-0.05038003 1.738756 3.673741
-0.2325652 1.480807 3.701094
-0.2484482 1.218946 3.700428
-0.2503308 0.9963907 3.646766
-0.2428138 0.9404752 3.6331
0.1007676 1.468631 3.64487
0.1418253 1.204512 3.669792
0.1440535 0.9825835 3.624537
0.1166754 0.9459018 3.61945
-0.1368521 1.014396 3.664724
-0.1486074 0.695034 3.651761
-0.1484307 0.233669 3.675382
-0.1556189 0.2294401 3.592837
0.009718235 1.020368 3.638149
0.02545935 0.70711 3.627829
0.04014744 0.2540042 3.666195
0.05389779 0.245005 3.554648
-0.05920621 1.528769 3.676403
-0.2439161 0.8695993 3.625036
-0.209212 0.9482294 3.597296
0.1197198 0.8754313 3.62169
0.09352887 0.9458075 3.58481
2
-0.064009 1.017834 3.686984
-0.06156612 1.311722 3.684708
-0.0583461 1.599772 3.670773
-0.05038003 1.738756 3.673741
-0.2325652 1.480807 3.701094
-0.2484482 1.218946 3.700428
-0.2503308 0.9963907 3.646766
-0.2428138 0.9404752 3.6331
0.1007676 1.468631 3.64487
0.1418253 1.204512 3.669792
0.1440535 0.9825835 3.624537
0.1166754 0.9459018 3.61945
-0.1368521 1.014396 3.664724
-0.1486074 0.695034 3.651761
-0.1484307 0.233669 3.675382
-0.1556189 0.2294401 3.592837
0.009718235 1.020368 3.638149
0.02545935 0.70711 3.627829
0.04014744 0.2540042 3.666195
0.05389779 0.245005 3.554648
-0.05920621 1.528769 3.676403
-0.2439161 0.8695993 3.625036
-0.209212 0.9482294 3.597296
0.1197198 0.8754313 3.62169
0.09352887 0.9458075 3.58481
3
-0.06420558 1.017803 3.686966
-0.06156731 1.311716 3.68471
-0.05832189 1.599734 3.670765
-0.05036982 1.738755 3.673723
-0.2325237 1.480826 3.701106
-0.2483502 1.218284 3.70041
-0.2504102 0.9962527 3.646816
-0.2427372 0.9411064 3.633282
0.1007592 1.468628 3.644844
0.1418448 1.204471 3.669807
0.1452971 0.9825085 3.625443
0.1175772 0.946999 3.620531
-0.1370067 1.014411 3.664694
-0.1490311 0.6960837 3.651512
-0.1483492 0.2333197 3.675537
-0.1554229 0.2290431 3.593363
0.009469198 1.020277 3.638133
0.02571709 0.70752 3.627924
0.04004347 0.2459145 3.666632
0.05245491 0.2373722 3.560171
-0.05919717 1.528743 3.676403
-0.2439282 0.870147 3.62512
-0.206301 0.9466498 3.612401
0.1222735 0.8757319 3.623787
0.09582818 0.9520252 3.591068
4
-0.06420558 1.017803 3.686966
-0.06156731 1.311716 3.68471
-0.05832189 1.599734 3.670765
-0.05036982 1.738755 3.673723
-0.2325237 1.480826 3.701106
-0.2483502 1.218284 3.70041
-0.2504102 0.9962527 3.646816
-0.2427372 0.9411064 3.633282
0.1007592 1.468628 3.644844
0.1418448 1.204471 3.669807
0.1452971 0.9825085 3.625443
0.1175772 0.946999 3.620531
-0.1370067 1.014411 3.664694
-0.1490311 0.6960837 3.651512
-0.1483492 0.2333197 3.675537
-0.1554229 0.2290431 3.593363
0.009469198 1.020277 3.638133
0.02571709 0.70752 3.627924
0.04004347 0.2459145 3.666632
0.05245491 0.2373722 3.560171
-0.05919717 1.528743 3.676403
-0.2439282 0.870147 3.62512
-0.206301 0.9466498 3.612401
0.1222735 0.8757319 3.623787
0.09582818 0.9520252 3.591068
5
-0.06442633 1.017746 3.686956
-0.06157088 1.311709 3.684711
-0.05830282 1.599706 3.670759
-0.05034762 1.738761 3.673693
-0.2324688 1.480841 3.701114
-0.2482524 1.217705 3.700387
-0.2505942 0.9960728 3.646889
-0.2426946 0.9414662 3.633314
0.1007552 1.468626 3.644822
0.1418819 1.204397 3.669827
0.141946 0.9776243 3.626711
0.1171557 0.9352847 3.621149
-0.1372407 1.014166 3.664694
-0.1490016 0.6961976 3.651424
-0.1484887 0.2327163 3.675683
-0.155261 0.2284187 3.59372
0.009141882 1.020237 3.638122
0.02586072 0.7076336 3.627968
0.03984074 0.242785 3.666665
0.05216955 0.2344186 3.561711
-0.05919035 1.528721 3.676402
-0.2436013 0.8705863 3.625091
-0.2052534 0.9570331 3.608069
0.1131331 0.8428828 3.625602
0.09168429 0.9158669 3.587963
6
-0.06442633 1.017746 3.686956
-0.06157088 1.311709 3.684711
-0.05830282 1.599706 3.670759
-0.05034762 1.738761 3.673693
-0.2324688 1.480841 3.701114
-0.2482524 1.217705 3.700387
-0.2505942 0.9960728 3.646889
-0.2426946 0.9414662 3.633314
0.1007552 1.468626 3.644822
0.1418819 1.204397 3.669827
0.141946 0.9776243 3.626711
0.1171557 0.9352847 3.621149
-0.1372407 1.014166 3.664694
-0.1490016 0.6961976 3.651424
-0.1484887 0.2327163 3.675683
-0.155261 0.2284187 3.59372
0.009141882 1.020237 3.638122
0.02586072 0.7076336 3.627968
0.03984074 0.242785 3.666665
0.05216955 0.2344186 3.561711
-0.05919035 1.528721 3.676402
-0.2436013 0.8705863 3.625091
-0.2052534 0.9570331 3.608069
0.1131331 0.8428828 3.625602
0.09168429 0.9158669 3.587963
7
-0.06465086 1.017691 3.686952
-0.0615794 1.311701 3.684716
-0.05828946 1.599683 3.670757
-0.05032128 1.738769 3.673657
-0.2323987 1.480857 3.701122
-0.2480603 1.216697 3.700266
-0.2508666 0.995569 3.646888
-0.2428413 0.9423122 3.633176
0.1007563 1.468622 3.644796
0.1419192 1.204346 3.669848
0.143324 0.9772847 3.628134
0.1185943 0.9367312 3.622219
-0.1374665 1.013998 3.664685
-0.1490001 0.6962054 3.651299
-0.1483615 0.231517 3.675181
-0.1552288 0.2273133 3.593572
0.008802871 1.020192 3.638128
0.02600365 0.7077067 3.627993
0.03774241 0.2431118 3.665921
0.05110788 0.235577 3.569487
-0.05918657 1.528703 3.676405
-0.2436318 0.8709176 3.625154
-0.2065292 0.9610031 3.602034
0.117357 0.8455127 3.627233
0.09553838 0.9191747 3.588094
8
-0.06465086 1.017691 3.686952
-0.0615794 1.311701 3.684716
-0.05828946 1.599683 3.670757
-0.05032128 1.738769 3.673657
-0.2323987 1.480857 3.701122
-0.2480603 1.216697 3.700266
-0.2508666 0.995569 3.646888
-0.2428413 0.9423122 3.633176
0.1007563 1.468622 3.644796
0.1419192 1.204346 3.669848
0.143324 0.9772847 3.628134
0.1185943 0.9367312 3.622219
-0.1374665 1.013998 3.664685
-0.1490001 0.6962054 3.651299
-0.1483615 0.231517 3.675181
-0.1552288 0.2273133 3.593572
0.008802871 1.020192 3.638128
0.02600365 0.7077067 3.627993
0.03774241 0.2431118 3.665921
0.05110788 0.235577 3.569487
-0.05918657 1.528703 3.676405
-0.2436318 0.8709176 3.625154
-0.2065292 0.9610031 3.602034
0.117357 0.8455127 3.627233
0.09553838 0.9191747 3.588094
9
-0.06485266 1.017637 3.68695
-0.06158858 1.311692 3.684721
-0.05827471 1.59966 3.67076
-0.05029946 1.738771 3.673624
-0.2323023 1.480856 3.701124
-0.2478626 1.215806 3.700179
-0.2511256 0.9951025 3.646804
-0.2428355 0.9421492 3.633154
0.1007598 1.468618 3.644771
0.1419542 1.204329 3.66987
0.1430402 0.9772069 3.629027
0.1194597 0.9349659 3.622948
-0.1376619 1.013852 3.664685
-0.1489954 0.6962047 3.651189
-0.1488354 0.2297401 3.674185
-0.1553026 0.2257331 3.59295
0.00850991 1.020146 3.638132
0.02632304 0.7078109 3.627852
0.03668886 0.2441077 3.665182
0.05094181 0.2369942 3.572862
-0.05918178 1.528682 3.676411
-0.2421636 0.8696321 3.623621
-0.2095691 0.9254553 3.603693
0.1178241 0.8432399 3.628423
0.09753411 0.9137159 3.587246
10
-0.06485266 1.017637 3.68695
-0.06158858 1.311692 3.684721
-0.05827471 1.59966 3.67076
-0.05029946 1.738771 3.673624
-0.2323023 1.480856 3.701124
-0.2478626 1.215806 3.700179
-0.2511256 0.9951025 3.646804
-0.2428355 0.9421492 3.633154
0.1007598 1.468618 3.644771
0.1419542 1.204329 3.66987
0.1430402 0.9772069 3.629027
0.1194597 0.9349659 3.622948
-0.1376619 1.013852 3.664685
-0.1489954 0.6962047 3.651189
-0.1488354 0.2297401 3.674185
-0.1553026 0.2257331 3.59295
0.00850991 1.020146 3.638132
0.02632304 0.7078109 3.627852
0.03668886 0.2441077 3.665182
0.05094181 0.2369942 3.572862
-0.05918178 1.528682 3.676411
-0.2421636 0.8696321 3.623621
-0.2095691 0.9254553 3.603693
0.1178241 0.8432399 3.628423
0.09753411 0.9137159 3.587246
11
-0.06503391 1.017593 3.68695
-0.06159688 1.311683 3.684726
-0.05825309 1.599635 3.670764
-0.05026139 1.738772 3.673574
-0.2321831 1.480853 3.701122
-0.2476732 1.215172 3.70014
-0.2513403 0.9947793 3.646744
-0.2428101 0.9422219 3.633123
0.1007786 1.468607 3.644741
0.1419971 1.20432 3.669892
0.1430078 0.9767323 3.629707
0.1203633 0.932019 3.623772
-0.1378208 1.013754 3.664688
-0.1490099 0.6962137 3.651101
-0.1489185 0.2292696 3.673894
-0.1553043 0.225312 3.592842
0.008248562 1.020107 3.638137
0.02686097 0.7077388 3.628032
0.03636813 0.2443638 3.665524
0.05084008 0.2372781 3.574282
-0.05917319 1.528662 3.676417
-0.2418141 0.8687968 3.623998
-0.2101364 0.9208281 3.602785
0.1185935 0.840962 3.630364
0.09814156 0.9144046 3.587228
12
-0.06503391 1.017593 3.68695
-0.06159688 1.311683 3.684726
-0.05825309 1.599635 3.670764
-0.05026139 1.738772 3.673574
-0.2321831 1.480853 3.701122
-0.2476732 1.215172 3.70014
-0.2513403 0.9947793 3.646744
-0.2428101 0.9422219 3.633123
0.1007786 1.468607 3.644741
0.1419971 1.20432 3.669892
0.1430078 0.9767323 3.629707
0.1203633 0.932019 3.623772
-0.1378208 1.013754 3.664688
-0.1490099 0.6962137 3.651101
-0.1489185 0.2292696 3.673894
-0.1553043 0.225312 3.592842
0.008248562 1.020107 3.638137
0.02686097 0.7077388 3.628032
0.03636813 0.2443638 3.665524
0.05084008 0.2372781 3.574282
-0.05917319 1.528662 3.676417
-0.2418141 0.8687968 3.623998
-0.2101364 0.9208281 3.602785
0.1185935 0.840962 3.630364
0.09814156 0.9144046 3.587228
13
-0.06529103 1.017551 3.686934
-0.06161049 1.311674 3.684731
-0.05823104 1.599611 3.670769
-0.05021345 1.738774 3.673512
-0.2320479 1.48083 3.701115
-0.2475067 1.214676 3.700114
-0.2515212 0.9945194 3.646684
-0.2428 0.9423943 3.632926
0.1008071 1.468591 3.644708
0.142059 1.204337 3.66993
0.1429971 0.976996 3.630072
0.120666 0.9311934 3.624003
-0.1381117 1.013712 3.664661
-0.1490103 0.6960827 3.650677
-0.1491024 0.2290369 3.673678
-0.1552938 0.2250538 3.592774
0.007959661 1.020052 3.638132
0.02743239 0.7076292 3.628259
0.03660359 0.243673 3.666378
0.05053953 0.2365061 3.575793
-0.05916447 1.528643 3.676424
-0.2418435 0.8689134 3.623875
-0.2089178 0.9293904 3.594709
0.1188262 0.8407371 3.630282
0.09718382 0.9171101 3.584291
14
-0.06529103 1.017551 3.686934
-0.06161049 1.311674 3.684731
-0.05823104 1.599611 3.670769
-0.05021345 1.738774 3.673512
-0.2320479 1.48083 3.701115
-0.2475067 1.214676 3.700114
-0.2515212 0.9945194 3.646684
-0.2428 0.9423943 3.632926
0.1008071 1.468591 3.644708
0.142059 1.204337 3.66993
0.1429971 0.976996 3.630072
0.120666 0.9311934 3.624003
-0.1381117 1.013712 3.664661
-0.1490103 0.6960827 3.650677
-0.1491024 0.2290369 3.673678
-0.1552938 0.2250538 3.592774
0.007959661 1.020052 3.638132
0.02743239 0.7076292 3.628259
0.03660359 0.243673 3.666378
0.05053953 0.2365061 3.575793
-0.05916447 1.528643 3.676424
-0.2418435 0.8689134 3.623875
-0.2089178 0.9293904 3.594709
0.1188262 0.8407371 3.630282
0.09718382 0.9171101 3.584291
15
-0.06546081 1.017519 3.68691
-0.06161979 1.311668 3.684737
-0.05820451 1.599596 3.670787
-0.05016587 1.738773 3.673457
-0.2318969 1.480803 3.701108
-0.2473899 1.21432 3.700107
-0.2516724 0.994329 3.646639
-0.2428637 0.9425558 3.632799
0.1008355 1.468579 3.644677
0.1421361 1.204361 3.669967
0.1431886 0.9774132 3.630337
0.120961 0.9305302 3.624193
-0.1382734 1.013701 3.664634
-0.1489106 0.6959381 3.65024
-0.1492993 0.2289729 3.673442
-0.1552947 0.2249635 3.592646
0.007761745 1.019997 3.638107
0.02790521 0.7075098 3.628501
0.03652285 0.252266 3.665809
0.05485785 0.2446806 3.569015
-0.05915233 1.528628 3.676438
-0.2435154 0.8694359 3.622375
-0.2084433 0.928296 3.589715
0.1202273 0.8415374 3.63103
0.09745771 0.9172505 3.58375
16
-0.06546081 1.017519 3.68691
-0.06161979 1.311668 3.684737
-0.05820451 1.599596 3.670787
-0.05016587 1.738773 3.673457
-0.2318969 1.480803 3.701108
-0.2473899 1.21432 3.700107
-0.2516724 0.994329 3.646639
-0.2428637 0.9425558 3.632799
0.1008355 1.468579 3.644677
0.1421361 1.204361 3.669967
0.1431886 0.9774132 3.630337
0.120961 0.9305302 3.624193
-0.1382734 1.013701 3.664634
-0.1489106 0.6959381 3.65024
-0.1492993 0.2289729 3.673442
-0.1552947 0.2249635 3.592646
0.007761745 1.019997 3.638107
0.02790521 0.7075098 3.628501
0.03652285 0.252266 3.665809
0.05485785 0.2446806 3.569015
-0.05915233 1.528628 3.676438
-0.2435154 0.8694359 3.622375
-0.2084433 0.928296 3.589715
0.1202273 0.8415374 3.63103
0.09745771 0.9172505 3.58375
17
-0.06559119 1.017494 3.686889
-0.06162675 1.311662 3.684741
-0.05817603 1.599579 3.670802
-0.05010173 1.73877 3.673395
-0.2317525 1.480767 3.701105
-0.2473526 1.214202 3.700151
-0.2519364 0.9944169 3.646585
-0.244758 0.9425119 3.631692
0.1008895 1.468557 3.644646
0.1422203 1.204397 3.670007
0.1437795 0.9780379 3.630661
0.1213569 0.9300944 3.624278
-0.1383947 1.013698 3.66461
-0.1487893 0.695775 3.649834
-0.1495191 0.229159 3.673209
-0.1553109 0.2251246 3.592495
0.007614586 1.019954 3.638087
0.02850288 0.7081417 3.628629
0.03670829 0.2550879 3.665655
0.05578251 0.2472914 3.566029
-0.0591379 1.528613 3.67645
-0.2464476 0.8677832 3.621652
-0.2072262 0.9301568 3.585966
0.1214785 0.842666 3.631509
0.0984119 0.9192608 3.58312
18
-0.06559119 1.017494 3.686889
-0.06162675 1.311662 3.684741
-0.05817603 1.599579 3.670802
-0.05010173 1.73877 3.673395
-0.2317525 1.480767 3.701105
-0.2473526 1.214202 3.700151
-0.2519364 0.9944169 3.646585
-0.244758 0.9425119 3.631692
0.1008895 1.468557 3.644646
0.1422203 1.204397 3.670007
0.1437795 0.9780379 3.630661
0.1213569 0.9300944 3.624278
-0.1383947 1.013698 3.66461
-0.1487893 0.695775 3.649834
-0.1495191 0.229159 3.673209
-0.1553109 0.2251246 3.592495
0.007614586 1.019954 3.638087
0.02850288 0.7081417 3.628629
0.03670829 0.2550879 3.665655
0.05578251 0.2472914 3.566029
-0.0591379 1.528613 3.67645
-0.2464476 0.8677832 3.621652
-0.2072262 0.9301568 3.585966
0.1214785 0.842666 3.631509
0.0984119 0.9192608 3.58312
19
-0.06568964 1.017475 3.686873
-0.06163218 1.311657 3.684745
-0.05814905 1.599568 3.670816
-0.0500102 1.738768 3.673323
-0.2315917 1.480721 3.701104
-0.2484602 1.215596 3.700182
-0.2622982 1.001247 3.638071
-0.2728632 0.9454818 3.611659
0.1009578 1.468533 3.644608
0.1423786 1.204523 3.670032
0.1444914 0.978892 3.630982
0.1216847 0.9299382 3.62433
-0.1384851 1.013708 3.664587
-0.1486639 0.6956782 3.649469
-0.1496334 0.2279765 3.672396
-0.1553356 0.2240442 3.591936
0.007506558 1.019915 3.638075
0.02877657 0.7084723 3.628954
0.03670584 0.2574462 3.664966
0.05790195 0.2495521 3.561431
-0.05912363 1.528601 3.67646
-0.2763795 0.8712499 3.596501
-0.2400261 0.9327829 3.574935
0.1220817 0.8435401 3.631795
0.09901912 0.9211303 3.582237
20
-0.06568964 1.017475 3.686873
-0.06163218 1.311657 3.684745
-0.05814905 1.599568 3.670816
-0.0500102 1.738768 3.673323
-0.2315917 1.480721 3.701104
-0.2484602 1.215596 3.700182
-0.2622982 1.001247 3.638071
-0.2728632 0.9454818 3.611659
0.1009578 1.468533 3.644608
0.1423786 1.204523 3.670032
0.1444914 0.978892 3.630982
0.1216847 0.9299382 3.62433
-0.1384851 1.013708 3.664587
-0.1486639 0.6956782 3.649469
-0.1496334 0.2279765 3.672396
-0.1553356 0.2240442 3.591936
0.007506558 1.019915 3.638075
0.02877657 0.7084723 3.628954
0.03670584 0.2574462 3.664966
0.05790195 0.2495521 3.561431
-0.05912363 1.528601 3.67646
-0.2763795 0.8712499 3.596501
-0.2400261 0.9327829 3.574935
0.1220817 0.8435401 3.631795
0.09901912 0.9211303 3.582237
21
-0.06574426 1.017461 3.686863
-0.06163203 1.311654 3.684747
-0.05810751 1.59956 3.670825
-0.04990123 1.738794 3.673248
-0.2313268 1.480663 3.701148
-0.2712068 1.239195 3.695988
-0.3007817 1.027346 3.61258
-0.3147529 0.9604734 3.573426
0.1010413 1.468508 3.644563
0.14269 1.204745 3.669998
0.1447629 0.9796365 3.631259
0.1219587 0.9298097 3.624407
-0.1385345 1.013711 3.664575
-0.1478041 0.6948476 3.64926
-0.1499162 0.2269887 3.671702
-0.1553342 0.223163 3.591432
0.007449994 1.019878 3.638057
0.02902339 0.7088537 3.629064
0.03695678 0.2599462 3.665206
0.05867819 0.2517243 3.558316
-0.05909605 1.528591 3.676468
-0.3166898 0.8891707 3.551644
-0.2867767 0.9449397 3.533561
0.1222871 0.8446862 3.631562
0.09980587 0.9262792 3.582077
22
-0.06574426 1.017461 3.686863
-0.06163203 1.311654 3.684747
-0.05810751 1.59956 3.670825
-0.04990123 1.738794 3.673248
-0.2313268 1.480663 3.701148
-0.2712068 1.239195 3.695988
-0.3007817 1.027346 3.61258
-0.3147529 0.9604734 3.573426
0.1010413 1.468508 3.644563
0.14269 1.204745 3.669998
0.1447629 0.9796365 3.631259
0.1219587 0.9298097 3.624407
-0.1385345 1.013711 3.664575
-0.1478041 0.6948476 3.64926
-0.1499162 0.2269887 3.671702
-0.1553342 0.223163 3.591432
0.007449994 1.019878 3.638057
0.02902339 0.7088537 3.629064
0.03695678 0.2599462 3.665206
0.05867819 0.2517243 3.558316
-0.05909605 1.528591 3.676468
-0.3166898 0.8891707 3.551644
-0.2867767 0.9449397 3.533561
0.1222871 0.8446862 3.631562
0.09980587 0.9262792 3.582077
23
-0.06570198 1.017448 3.686846
-0.06156129 1.311646 3.684758
-0.05797707 1.599548 3.670859
-0.0497881 1.73882 3.673173
-0.2303604 1.480807 3.701531
-0.2878189 1.258719 3.693456
-0.3487779 1.071334 3.57674
-0.3673092 0.9983702 3.521662
0.1012227 1.468457 3.644469
0.1431009 1.205023 3.669934
0.1457419 0.9805942 3.631551
0.122385 0.930062 3.62445
-0.1384284 1.013768 3.664582
-0.1470409 0.6943222 3.649161
-0.1501542 0.2265645 3.671426
-0.1553483 0.2227763 3.591114
0.007509046 1.019831 3.63801
0.02882724 0.7091126 3.629028
0.03710587 0.2606556 3.665289
0.05901332 0.2523527 3.557602
-0.05897989 1.528574 3.676498
-0.3718611 0.936299 3.491699
-0.3434179 0.9873577 3.482533
0.1229481 0.8457925 3.631748
0.1001416 0.9273946 3.581875
24
-0.06570198 1.017448 3.686846
-0.06156129 1.311646 3.684758
-0.05797707 1.599548 3.670859
-0.0497881 1.73882 3.673173
-0.2303604 1.480807 3.701531
-0.2878189 1.258719 3.693456
-0.3487779 1.071334 3.57674
-0.3673092 0.9983702 3.521662
0.1012227 1.468457 3.644469
0.1431009 1.205023 3.669934
0.1457419 0.9805942 3.631551
0.122385 0.930062 3.62445
-0.1384284 1.013768 3.664582
-0.1470409 0.6943222 3.649161
-0.1501542 0.2265645 3.671426
-0.1553483 0.2227763 3.591114
0.007509046 1.019831 3.63801
0.02882724 0.7091126 3.629028
0.03710587 0.2606556 3.665289
0.05901332 0.2523527 3.557602
-0.05897989 1.528574 3.676498
-0.3718611 0.936299 3.491699
-0.3434179 0.9873577 3.482533
0.1229481 0.8457925 3.631748
0.1001416 0.9273946 3.581875
25
-0.06435318 1.017635 3.687048
-0.06122576 1.311685 3.684855
-0.05781312 1.599548 3.670921
-0.04965932 1.738846 3.67311
-0.2286409 1.481427 3.702497
-0.3236046 1.286838 3.691964
-0.3999061 1.123294 3.540712
-0.423887 1.068897 3.467877
0.1014507 1.46839 3.644344
0.1442156 1.204191 3.669475
0.1466785 0.9803356 3.632043
0.1225756 0.9300271 3.624485
-0.1370362 1.014081 3.664947
-0.1460752 0.6935022 3.649333
-0.15036 0.2265429 3.67099
-0.1553892 0.2228534 3.590442
0.009062555 1.020035 3.63804
0.02873687 0.7093024 3.628957
0.03761069 0.2576589 3.665335
0.05887355 0.2494857 3.558676
-0.05879918 1.528572 3.676567
-0.4375539 1.017819 3.419469
-0.4049364 1.064975 3.429739
0.1230907 0.8459005 3.632242
0.1005035 0.9281533 3.581643
26
-0.06435318 1.017635 3.687048
-0.06122576 1.311685 3.684855
-0.05781312 1.599548 3.670921
-0.04965932 1.738846 3.67311
-0.2286409 1.481427 3.702497
-0.3236046 1.286838 3.691964
-0.3999061 1.123294 3.540712
-0.423887 1.068897 3.467877
0.1014507 1.46839 3.644344
0.1442156 1.204191 3.669475
0.1466785 0.9803356 3.632043
0.1225756 0.9300271 3.624485
-0.1370362 1.014081 3.664947
-0.1460752 0.6935022 3.649333
-0.15036 0.2265429 3.67099
-0.1553892 0.2228534 3.590442
0.009062555 1.020035 3.63804
0.02873687 0.7093024 3.628957
0.03761069 0.2576589 3.665335
0.05887355 0.2494857 3.558676
-0.05879918 1.528572 3.676567
-0.4375539 1.017819 3.419469
-0.4049364 1.064975 3.429739
0.1230907 0.8459005 3.632242
0.1005035 0.9281533 3.581643
27
-0.0624593 1.017849 3.68719
-0.06057265 1.311721 3.684983
-0.05754014 1.599531 3.671022
-0.04950581 1.738871 3.673051
-0.2262585 1.482456 3.704515
-0.3399384 1.300112 3.691033
-0.4596181 1.196195 3.506655
-0.4797489 1.170846 3.419391
0.1017529 1.468317 3.644131
0.1452603 1.203339 3.669019
0.1471292 0.9801337 3.632231
0.1227483 0.9297651 3.624472
-0.1351936 1.014357 3.665358
-0.1453002 0.6932711 3.649385
-0.1505168 0.2264449 3.670781
-0.1553669 0.2228057 3.590196
0.01133184 1.020365 3.637836
0.02845581 0.7096158 3.628872
0.03783614 0.2510007 3.665401
0.05998941 0.2432177 3.561997
-0.05846807 1.528552 3.676676
-0.4988396 1.149884 3.385726
-0.4662267 1.172018 3.385236
0.1226111 0.845614 3.631429
0.1006512 0.9278896 3.581433
28
-0.0624593 1.017849 3.68719
-0.06057265 1.311721 3.684983
-0.05754014 1.599531 3.671022
-0.04950581 1.738871 3.673051
-0.2262585 1.482456 3.704515
-0.3399384 1.300112 3.691033
-0.4596181 1.196195 3.506655
-0.4797489 1.170846 3.419391
0.1017529 1.468317 3.644131
0.1452603 1.203339 3.669019
0.1471292 0.9801337 3.632231
0.1227483 0.9297651 3.624472
-0.1351936 1.014357 3.665358
-0.1453002 0.6932711 3.649385
-0.1505168 0.2264449 3.670781
-0.1553669 0.2228057 3.590196
0.01133184 1.020365 3.637836
0.02845581 0.7096158 3.628872
0.03783614 0.2510007 3.665401
0.05998941 0.2432177 3.561997
-0.05846807 1.528552 3.676676
-0.4988396 1.149884 3.385726
-0.4662267 1.172018 3.385236
0.1226111 0.845614 3.631429
0.1006512 0.9278896 3.581433
29
-0.06077694 1.018045 3.687307
-0.05982918 1.311768 3.685129
-0.05712723 1.599513 3.671186
-0.04929708 1.738883 3.672993
-0.2243708 1.48326 3.70608
-0.3633803 1.317759 3.682138
-0.5060457 1.295136 3.468474
-0.527228 1.292544 3.377424
0.1020585 1.468248 3.643911
0.1462193 1.202864 3.668507
0.1473667 0.9801521 3.632339
0.1230717 0.9293419 3.62422
-0.133568 1.014601 3.66571
-0.1445974 0.6931313 3.649576
-0.1500918 0.2278508 3.671155
-0.1551198 0.2241727 3.590567
0.01329837 1.020663 3.637654
0.02841743 0.7097132 3.628695
0.03792423 0.247803 3.665444
0.06255242 0.2402287 3.563867
-0.05799678 1.528534 3.676841
-0.5572574 1.289955 3.333551
-0.5168664 1.300132 3.343213
0.1228246 0.845513 3.631297
0.100777 0.9281954 3.581324
30
-0.06077694 1.018045 3.687307
-0.05982918 1.311768 3.685129
-0.05712723 1.599513 3.671186
-0.04929708 1.738883 3.672993
-0.2243708 1.48326 3.70608
-0.3633803 1.317759 3.682138
-0.5060457 1.295136 3.468474
-0.527228 1.292544 3.377424
0.1020585 1.468248 3.643911
0.1462193 1.202864 3.668507
0.1473667 0.9801521 3.632339
0.1230717 0.9293419 3.62422
-0.133568 1.014601 3.66571
-0.1445974 0.6931313 3.649576
-0.1500918 0.2278508 3.671155
-0.1551198 0.2241727 3.590567
0.01329837 1.020663 3.637654
0.02841743 0.7097132 3.628695
0.03792423 0.247803 3.665444
0.06255242 0.2402287 3.563867
-0.05799678 1.528534 3.676841
-0.5572574 1.289955 3.333551
-0.5168664 1.300132 3.343213
0.1228246 0.845513 3.631297
0.100777 0.9281954 3.581324
31
-0.05944854 1.018169 3.687394
-0.05912396 1.311809 3.685266
-0.05663766 1.599506 3.671372
-0.0490461 1.738899 3.672935
-0.2225887 1.48398 3.707677
-0.3887811 1.341601 3.66549
-0.5301551 1.402574 3.44609
-0.5587161 1.430861 3.372303
0.1023935 1.468212 3.643629
0.1471868 1.202753 3.667929
0.147809 0.9802722 3.632128
0.1235099 0.9293774 3.62389
-0.1322503 1.014767 3.666004
-0.1441274 0.6927211 3.64981
-0.1497158 0.2295069 3.671242
-0.155174 0.2258422 3.590611
0.01475397 1.02085 3.637485
0.02837882 0.7095767 3.628382
0.03794241 0.2456567 3.665513
0.06378913 0.2381528 3.565098
-0.05747231 1.528523 3.677018
-0.5902077 1.443269 3.336499
-0.5658869 1.454263 3.33738
0.1219293 0.8466951 3.629113
0.1011989 0.9290628 3.580722
32
-0.05944854 1.018169 3.687394
-0.05912396 1.311809 3.685266
-0.05663766 1.599506 3.671372
-0.0490461 1.738899 3.672935
-0.2225887 1.48398 3.707677
-0.3887811 1.341601 3.66549
-0.5301551 1.402574 3.44609
-0.5587161 1.430861 3.372303
0.1023935 1.468212 3.643629
0.1471868 1.202753 3.667929
0.147809 0.9802722 3.632128
0.1235099 0.9293774 3.62389
-0.1322503 1.014767 3.666004
-0.1441274 0.6927211 3.64981
-0.1497158 0.2295069 3.671242
-0.155174 0.2258422 3.590611
0.01475397 1.02085 3.637485
0.02837882 0.7095767 3.628382
0.03794241 0.2456567 3.665513
0.06378913 0.2381528 3.565098
-0.05747231 1.528523 3.677018
-0.5902077 1.443269 3.336499
-0.5658869 1.454263 3.33738
0.1219293 0.8466951 3.629113
0.1011989 0.9290628 3.580722
33
-0.05798241 1.018259 3.687385
-0.0581925 1.311874 3.685371
-0.05602528 1.599539 3.671561
-0.04878297 1.738917 3.672866
-0.2212409 1.484493 3.708981
-0.4177972 1.391263 3.632621
-0.5429242 1.516973 3.424493
-0.5665081 1.566652 3.377934
0.1027546 1.468194 3.643261
0.1479622 1.202759 3.667398
0.1482856 0.9804497 3.631795
0.1238294 0.9293696 3.623149
-0.1306808 1.014799 3.666218
-0.1437212 0.6923041 3.65004
-0.1491973 0.2545086 3.669751
-0.1632028 0.2492973 3.550113
0.01623772 1.021067 3.637221
0.02849562 0.7088074 3.627814
0.03798109 0.239637 3.665987
0.0616658 0.2323218 3.570196
-0.05679407 1.528551 3.677193
-0.6022503 1.606013 3.331688
-0.538281 1.57611 3.357889
0.1223274 0.8478355 3.627369
0.1016422 0.9307082 3.580629
34
-0.05798241 1.018259 3.687385
-0.0581925 1.311874 3.685371
-0.05602528 1.599539 3.671561
-0.04878297 1.738917 3.672866
-0.2212409 1.484493 3.708981
-0.4177972 1.391263 3.632621
-0.5429242 1.516973 3.424493
-0.5665081 1.566652 3.377934
0.1027546 1.468194 3.643261
0.1479622 1.202759 3.667398
0.1482856 0.9804497 3.631795
0.1238294 0.9293696 3.623149
-0.1306808 1.014799 3.666218
-0.1437212 0.6923041 3.65004
-0.1491973 0.2545086 3.669751
-0.1632028 0.2492973 3.550113
0.01623772 1.021067 3.637221
0.02849562 0.7088074 3.627814
0.03798109 0.239637 3.665987
0.0616658 0.2323218 3.570196
-0.05679407 1.528551 3.677193
-0.6022503 1.606013 3.331688
-0.538281 1.57611 3.357889
0.1223274 0.8478355 3.627369
0.1016422 0.9307082 3.580629
35
-0.05553145 1.018463 3.687293
-0.05708278 1.311979 3.685524
-0.05545086 1.599593 3.671813
-0.04852711 1.738942 3.672805
-0.2203936 1.484835 3.709924
-0.4373328 1.450983 3.605048
-0.5342246 1.628652 3.434594
-0.5534701 1.688567 3.409289
0.1030886 1.468203 3.642782
0.1486175 1.202825 3.666856
0.1488896 0.9806615 3.6313
0.1241591 0.9294519 3.622644
-0.1279077 1.014882 3.666528
-0.1431514 0.6921319 3.650125
-0.1492003 0.2801948 3.668837
-0.1704163 0.2740991 3.527779
0.01845716 1.021445 3.636745
0.02880388 0.7079778 3.627464
0.03777314 0.2396271 3.666059
0.06168104 0.232255 3.571041
-0.05612342 1.5286 3.677419
-0.5838233 1.743149 3.392577
-0.5196049 1.691475 3.372269
0.1227988 0.8484948 3.626687
0.1029235 0.9305953 3.580405
36
-0.05553145 1.018463 3.687293
-0.05708278 1.311979 3.685524
-0.05545086 1.599593 3.671813
-0.04852711 1.738942 3.672805
-0.2203936 1.484835 3.709924
-0.4373328 1.450983 3.605048
-0.5342246 1.628652 3.434594
-0.5534701 1.688567 3.409289
0.1030886 1.468203 3.642782
0.1486175 1.202825 3.666856
0.1488896 0.9806615 3.6313
0.1241591 0.9294519 3.622644
-0.1279077 1.014882 3.666528
-0.1431514 0.6921319 3.650125
-0.1492003 0.2801948 3.668837
-0.1704163 0.2740991 3.527779
0.01845716 1.021445 3.636745
0.02880388 0.7079778 3.627464
0.03777314 0.2396271 3.666059
0.06168104 0.232255 3.571041
-0.05612342 1.5286 3.677419
-0.5838233 1.743149 3.392577
-0.5196049 1.691475 3.372269
0.1227988 0.8484948 3.626687
0.1029235 0.9305953 3.580405
37
-0.05428255 1.018641 3.687272
-0.0561641 1.312078 3.685674
-0.05489262 1.599644 3.672086
-0.04829013 1.739036 3.672753
-0.219912 1.4851 3.710504
-0.4462371 1.501583 3.592048
-0.5118565 1.727891 3.453285
-0.524798 1.792715 3.444847
0.1033806 1.468222 3.642318
0.1494189 1.203829 3.666092
0.149706 0.9817881 3.630522
0.1245721 0.9298196 3.62217
-0.1265868 1.014972 3.666743
-0.1428164 0.6917897 3.650211
-0.1496163 0.2553034 3.669923
-0.16147 0.2506505 3.562804
0.01964779 1.021754 3.636481
0.02915012 0.7072181 3.627251
0.03774394 0.2388572 3.666462
0.06040778 0.2314482 3.572996
-0.05550106 1.528649 3.677653
-0.5413667 1.864216 3.427554
-0.4798942 1.775406 3.400395
0.1235174 0.849001 3.626151
0.1033421 0.930837 3.580327
38
-0.05428255 1.018641 3.687272
-0.0561641 1.312078 3.685674
-0.05489262 1.599644 3.672086
-0.04829013 1.739036 3.672753
-0.219912 1.4851 3.710504
-0.4462371 1.501583 3.592048
-0.5118565 1.727891 3.453285
-0.524798 1.792715 3.444847
0.1033806 1.468222 3.642318
0.1494189 1.203829 3.666092
0.149706 0.9817881 3.630522
0.1245721 0.9298196 3.62217
-0.1265868 1.014972 3.666743
-0.1428164 0.6917897 3.650211
-0.1496163 0.2553034 3.669923
-0.16147 0.2506505 3.562804
0.01964779 1.021754 3.636481
0.02915012 0.7072181 3.627251
0.03774394 0.2388572 3.666462
0.06040778 0.2314482 3.572996
-0.05550106 1.528649 3.677653
-0.5413667 1.864216 3.427554
-0.4798942 1.775406 3.400395
0.1235174 0.849001 3.626151
0.1033421 0.930837 3.580327
39
-0.05292562 1.0189 3.687437
-0.0552701 1.312194 3.685856
-0.05440036 1.599693 3.672332
-0.04809984 1.739137 3.672748
-0.2199162 1.485673 3.710746
-0.4459292 1.553106 3.590083
-0.4814347 1.8026 3.491543
-0.4903648 1.877555 3.489501
0.1036305 1.468289 3.641829
0.1500806 1.20509 3.665406
0.1538436 0.9842328 3.629019
0.1255833 0.9310387 3.621791
-0.1252669 1.015089 3.667033
-0.1425249 0.6914847 3.650312
-0.1496314 0.2406699 3.670596
-0.1580893 0.2365785 3.5767
0.02101043 1.022214 3.636539
0.02961 0.7063665 3.627131
0.03796503 0.2384801 3.667266
0.05680952 0.2311296 3.577653
-0.054947 1.528698 3.677866
-0.4938169 1.940233 3.466013
-0.4472248 1.866463 3.44375
0.1264142 0.8530802 3.623276
0.1048454 0.9296889 3.580463
40
-0.05292562 1.0189 3.687437
-0.0552701 1.312194 3.685856
-0.05440036 1.599693 3.672332
-0.04809984 1.739137 3.672748
-0.2199162 1.485673 3.710746
-0.4459292 1.553106 3.590083
-0.4814347 1.8026 3.491543
-0.4903648 1.877555 3.489501
0.1036305 1.468289 3.641829
0.1500806 1.20509 3.665406
0.1538436 0.9842328 3.629019
0.1255833 0.9310387 3.621791
-0.1252669 1.015089 3.667033
-0.1425249 0.6914847 3.650312
-0.1496314 0.2406699 3.670596
-0.1580893 0.2365785 3.5767
0.02101043 1.022214 3.636539
0.02961 0.7063665 3.627131
0.03796503 0.2384801 3.667266
0.05680952 0.2311296 3.577653
-0.054947 1.528698 3.677866
-0.4938169 1.940233 3.466013
-0.4472248 1.866463 3.44375
0.1264142 0.8530802 3.623276
0.1048454 0.9296889 3.580463
41
-0.05185573 1.019228 3.687532
-0.05453424 1.312351 3.686015
-0.05400971 1.599766 3.672576
-0.04791251 1.739345 3.672791
-0.2213712 1.487676 3.709881
-0.4401832 1.606889 3.587166
-0.449087 1.837583 3.522686
-0.4481924 1.926371 3.535525
0.1038027 1.468416 3.641269
0.1504565 1.205266 3.664812
0.1551582 0.9844765 3.628563
0.1259996 0.9312802 3.621544
-0.1242807 1.015388 3.667129
-0.142325 0.6913294 3.650373
-0.1491213 0.2367328 3.671436
-0.1555425 0.2329369 3.587441
0.02210435 1.022643 3.636616
0.02987517 0.705807 3.627146
0.03811573 0.2372882 3.6676
0.05477732 0.229937 3.579069
-0.05449729 1.528775 3.678073
-0.4385673 1.987043 3.522505
-0.4056571 1.915141 3.49094
0.1275271 0.8538067 3.622519
0.106997 0.9252003 3.581772
42
-0.05185573 1.019228 3.687532
-0.05453424 1.312351 3.686015
-0.05400971 1.599766 3.672576
-0.04791251 1.739345 3.672791
-0.2213712 1.487676 3.709881
-0.4401832 1.606889 3.587166
-0.449087 1.837583 3.522686
-0.4481924 1.926371 3.535525
0.1038027 1.468416 3.641269
0.1504565 1.205266 3.664812
0.1551582 0.9844765 3.628563
0.1259996 0.9312802 3.621544
-0.1242807 1.015388 3.667129
-0.142325 0.6913294 3.650373
-0.1491213 0.2367328 3.671436
-0.1555425 0.2329369 3.587441
0.02210435 1.022643 3.636616
0.02987517 0.705807 3.627146
0.03811573 0.2372882 3.6676
0.05477732 0.229937 3.579069
-0.05449729 1.528775 3.678073
-0.4385673 1.987043 3.522505
-0.4056571 1.915141 3.49094
0.1275271 0.8538067 3.622519
0.106997 0.9252003 3.581772
43
-0.05036945 1.019817 3.687329
-0.05379993 1.312586 3.686074
-0.0537242 1.599856 3.672745
-0.04775432 1.739544 3.672795
-0.2236456 1.491658 3.706767
-0.4331329 1.625306 3.589389
-0.4086702 1.913552 3.557276
-0.4023249 1.964061 3.575214
0.1039169 1.4686 3.640529
0.1492796 1.233292 3.657868
0.1570689 1.006406 3.62955
0.128675 0.9444799 3.620826
-0.1228203 1.015997 3.666691
-0.1421731 0.6912324 3.650376
-0.1488232 0.2346017 3.67179
-0.1543797 0.2309575 3.592354
0.02354302 1.023292 3.636579
0.03014325 0.7053708 3.626938
0.03809125 0.2800266 3.664377
0.05772553 0.2706732 3.553945
-0.05413555 1.528877 3.678217
-0.3856906 2.01919 3.574749
-0.3575744 1.925422 3.514304
0.13337 0.8751574 3.613636
0.1083474 0.9507652 3.585338
44
-0.05036945 1.019817 3.687329
-0.05379993 1.312586 3.686074
-0.0537242 1.599856 3.672745
-0.04775432 1.739544 3.672795
-0.2236456 1.491658 3.706767
-0.4331329 1.625306 3.589389
-0.4086702 1.913552 3.557276
-0.4023249 1.964061 3.575214
0.1039169 1.4686 3.640529
0.1492796 1.233292 3.657868
0.1570689 1.006406 3.62955
0.128675 0.9444799 3.620826
-0.1228203 1.015997 3.666691
-0.1421731 0.6912324 3.650376
-0.1488232 0.2346017 3.67179
-0.1543797 0.2309575 3.592354
0.02354302 1.023292 3.636579
0.03014325 0.7053708 3.626938
0.03809125 0.2800266 3.664377
0.05772553 0.2706732 3.553945
-0.05413555 1.528877 3.678217
-0.3856906 2.01919 3.574749
-0.3575744 1.925422 3.514304
0.13337 0.8751574 3.613636
0.1083474 0.9507652 3.585338
45
-0.04933812 1.020529 3.687245
-0.05320258 1.312949 3.686174
-0.05348703 1.600029 3.672942
-0.04760156 1.739811 3.672815
-0.2257719 1.497679 3.703182
-0.4220916 1.652887 3.596369
-0.3836924 1.905611 3.582867
-0.3640968 1.967788 3.610432
0.103958 1.468821 3.639792
0.1486875 1.243922 3.6556
0.157778 1.016967 3.630244
0.1300249 0.952324 3.622207
-0.1217857 1.016772 3.666312
-0.142033 0.6915061 3.650234
-0.1485656 0.2331558 3.672086
-0.1537081 0.2295658 3.59525
0.02453115 1.024038 3.636737
0.03042912 0.7051173 3.626686
0.03918958 0.2719588 3.665778
0.05002708 0.2636075 3.570814
-0.05382764 1.529074 3.678391
-0.3422423 2.035043 3.630538
-0.3169284 1.954661 3.554676
0.1352096 0.8848785 3.610706
0.1081822 0.9600527 3.586948
46
-0.04933812 1.020529 3.687245
-0.05320258 1.312949 3.686174
-0.05348703 1.600029 3.672942
-0.04760156 1.739811 3.672815
-0.2257719 1.497679 3.703182
-0.4220916 1.652887 3.596369
-0.3836924 1.905611 3.582867
-0.3640968 1.967788 3.610432
0.103958 1.468821 3.639792
0.1486875 1.243922 3.6556
0.157778 1.016967 3.630244
0.1300249 0.952324 3.622207
-0.1217857 1.016772 3.666312
-0.142033 0.6915061 3.650234
-0.1485656 0.2331558 3.672086
-0.1537081 0.2295658 3.59525
0.02453115 1.024038 3.636737
0.03042912 0.7051173 3.626686
0.03918958 0.2719588 3.665778
0.05002708 0.2636075 3.570814
-0.05382764 1.529074 3.678391
-0.3422423 2.035043 3.630538
-0.3169284 1.954661 3.554676
0.1352096 0.8848785 3.610706
0.1081822 0.9600527 3.586948
47
-0.04833359 1.021465 3.687196
-0.05257766 1.313494 3.686309
-0.053264 1.600287 3.673171
-0.04745407 1.740096 3.672844
-0.2269455 1.502279 3.700956
-0.4137391 1.666466 3.602817
-0.3552364 1.908428 3.606519
-0.3304074 1.970728 3.642142
0.1039465 1.46905 3.639174
0.1483514 1.249887 3.654768
0.1581049 1.022862 3.63089
0.1310704 0.957269 3.623588
-0.1208299 1.017734 3.665863
-0.1419567 0.6917963 3.650094
-0.1482241 0.2320398 3.672157
-0.1532839 0.2285122 3.59721
0.02559724 1.02512 3.637122
0.03194138 0.7073302 3.627094
0.03945089 0.2626385 3.666769
0.04686726 0.2548491 3.578058
-0.0535185 1.52938 3.678603
-0.3104005 2.032467 3.675217
-0.2874629 1.958639 3.585721
0.1360823 0.8900325 3.610654
0.1078325 0.9643431 3.589234
48
-0.04833359 1.021465 3.687196
-0.05257766 1.313494 3.686309
-0.053264 1.600287 3.673171
-0.04745407 1.740096 3.672844
-0.2269455 1.502279 3.700956
-0.4137391 1.666466 3.602817
-0.3552364 1.908428 3.606519
-0.3304074 1.970728 3.642142
0.1039465 1.46905 3.639174
0.1483514 1.249887 3.654768
0.1581049 1.022862 3.63089
0.1310704 0.957269 3.623588
-0.1208299 1.017734 3.665863
-0.1419567 0.6917963 3.650094
-0.1482241 0.2320398 3.672157
-0.1532839 0.2285122 3.59721
0.02559724 1.02512 3.637122
0.03194138 0.7073302 3.627094
0.03945089 0.2626385 3.666769
0.04686726 0.2548491 3.578058
-0.0535185 1.52938 3.678603
-0.3104005 2.032467 3.675217
-0.2874629 1.958639 3.585721
0.1360823 0.8900325 3.610654
0.1078325 0.9643431 3.589234
49
-0.04759141 1.022422 3.687079
-0.0520433 1.31407 3.686414
-0.05306407 1.600571 3.673393
-0.04726943 1.74053 3.672889
-0.227674 1.506364 3.699237
-0.4079879 1.674078 3.607676
-0.3394011 1.902027 3.620078
-0.3094589 1.951502 3.653832
0.1039191 1.469256 3.63864
0.147554 1.250399 3.654932
0.1584221 1.024387 3.631426
0.1317875 0.9592835 3.624103
-0.1201003 1.018909 3.665187
-0.1417595 0.6926211 3.649608
-0.1472015 0.2307779 3.672179
-0.1534223 0.2271972 3.597413
0.02636013 1.026099 3.637453
0.03322363 0.7092167 3.627451
0.03951875 0.2448208 3.668297
0.05288403 0.2383023 3.592124
-0.05323895 1.529718 3.678806
-0.2895602 2.015838 3.693298
-0.2591502 1.972883 3.615592
0.1366779 0.8901063 3.611639
0.1084909 0.9652457 3.589787
50
-0.04759141 1.022422 3.687079
-0.0520433 1.31407 3.686414
-0.05306407 1.600571 3.673393
-0.04726943 1.74053 3.672889
-0.227674 1.506364 3.699237
-0.4079879 1.674078 3.607676
-0.3394011 1.902027 3.620078
-0.3094589 1.951502 3.653832
0.1039191 1.469256 3.63864
0.147554 1.250399 3.654932
0.1584221 1.024387 3.631426
0.1317875 0.9592835 3.624103
-0.1201003 1.018909 3.665187
-0.1417595 0.6926211 3.649608
-0.1472015 0.2307779 3.672179
-0.1534223 0.2271972 3.597413
0.02636013 1.026099 3.637453
0.03322363 0.7092167 3.627451
0.03951875 0.2448208 3.668297
0.05288403 0.2383023 3.592124
-0.05323895 1.529718 3.678806
-0.2895602 2.015838 3.693298
-0.2591502 1.972883 3.615592
0.1366779 0.8901063 3.611639
0.1084909 0.9652457 3.589787
51
-0.04673313 1.02382 3.686854
-0.05145556 1.314785 3.686494
-0.05286993 1.600861 3.673604
-0.04706225 1.740957 3.672886
-0.2279126 1.509642 3.697989
-0.3997045 1.675289 3.613449
-0.3259607 1.89393 3.628209
-0.2926203 1.939756 3.66238
0.1037708 1.469531 3.63808
0.1466442 1.247508 3.655958
0.158534 1.023054 3.632025
0.1322267 0.9606578 3.624405
-0.1193194 1.020186 3.664488
-0.1418477 0.6934487 3.64878
-0.1463994 0.2298585 3.672181
-0.1537814 0.2261204 3.59669
0.02726665 1.02789 3.637689
0.03383638 0.7103392 3.627722
0.03986236 0.2412615 3.669154
0.05334428 0.2349975 3.596276
-0.05295444 1.530083 3.679
-0.2766392 2.002494 3.705701
-0.253579 1.94566 3.621267
0.1359057 0.8883826 3.612995
0.1083795 0.9638149 3.591156
52
-0.04673313 1.02382 3.686854
-0.05145556 1.314785 3.686494
-0.05286993 1.600861 3.673604
-0.04706225 1.740957 3.672886
-0.2279126 1.509642 3.697989
-0.3997045 1.675289 3.613449
-0.3259607 1.89393 3.628209
-0.2926203 1.939756 3.66238
0.1037708 1.469531 3.63808
0.1466442 1.247508 3.655958
0.158534 1.023054 3.632025
0.1322267 0.9606578 3.624405
-0.1193194 1.020186 3.664488
-0.1418477 0.6934487 3.64878
-0.1463994 0.2298585 3.672181
-0.1537814 0.2261204 3.59669
0.02726665 1.02789 3.637689
0.03383638 0.7103392 3.627722
0.03986236 0.2412615 3.669154
0.05334428 0.2349975 3.596276
-0.05295444 1.530083 3.679
-0.2766392 2.002494 3.705701
-0.253579 1.94566 3.621267
0.1359057 0.8883826 3.612995
0.1083795 0.9638149 3.591156
53
-0.04605756 1.025018 3.686655
-0.05094986 1.315434 3.686565
-0.05268677 1.601138 3.673824
-0.04684382 1.741365 3.672945
-0.2278739 1.512195 3.697098
-0.3943721 1.674325 3.617078
-0.3219831 1.882078 3.628227
-0.2874713 1.924542 3.661333
0.1036218 1.469776 3.637603
0.1458251 1.243434 3.657232
0.158607 1.022183 3.632365
0.1325243 0.9615007 3.624634
-0.1187015 1.021281 3.663869
-0.1415521 0.6941829 3.647952
-0.1462508 0.2297356 3.672265
-0.1539573 0.2258424 3.596403
0.02796533 1.029398 3.637889
0.0342686 0.7108817 3.627793
0.03999439 0.240188 3.66951
0.05594712 0.2339332 3.596748
-0.05269057 1.53043 3.679197
-0.2693066 1.988208 3.714529
-0.2445703 1.932804 3.624672
0.1358724 0.8858601 3.614996
0.1093224 0.9574181 3.589449
54
-0.04605756 1.025018 3.686655
-0.05094986 1.315434 3.686565
-0.05268677 1.601138 3.673824
-0.04684382 1.741365 3.672945
-0.2278739 1.512195 3.697098
-0.3943721 1.674325 3.617078
-0.3219831 1.882078 3.628227
-0.2874713 1.924542 3.661333
0.1036218 1.469776 3.637603
0.1458251 1.243434 3.657232
0.158607 1.022183 3.632365
0.1325243 0.9615007 3.624634
-0.1187015 1.021281 3.663869
-0.1415521 0.6941829 3.647952
-0.1462508 0.2297356 3.672265
-0.1539573 0.2258424 3.596403
0.02796533 1.029398 3.637889
0.0342686 0.7108817 3.627793
0.03999439 0.240188 3.66951
0.05594712 0.2339332 3.596748
-0.05269057 1.53043 3.679197
-0.2693066 1.988208 3.714529
-0.2445703 1.932804 3.624672
0.1358724 0.8858601 3.614996
0.1093224 0.9574181 3.589449
55
-0.04552319 1.026065 3.686475
-0.05046809 1.316103 3.686639
-0.05244655 1.601505 3.674107
-0.04661195 1.741847 3.673014
-0.2276964 1.514305 3.696497
-0.3910511 1.671709 3.619215
-0.321566 1.873082 3.625879
-0.2907953 1.913564 3.653422
0.1034746 1.470011 3.637189
0.1453682 1.241811 3.658117
0.1583852 1.021053 3.632765
0.1327065 0.9621943 3.624748
-0.1181993 1.022295 3.663299
-0.1413392 0.6947666 3.647286
-0.1461967 0.2298988 3.67232
-0.1541242 0.2258617 3.595817
0.02849478 1.030632 3.638047
0.03457467 0.7111181 3.627827
0.04008695 0.241874 3.6696
0.05898099 0.2353288 3.593582
-0.05237593 1.530864 3.679438
-0.2732111 1.973297 3.700231
-0.2445863 1.930464 3.62817
0.1357452 0.8856778 3.615393
0.1093135 0.9533667 3.588854
56
-0.04552319 1.026065 3.686475
-0.05046809 1.316103 3.686639
-0.05244655 1.601505 3.674107
-0.04661195 1.741847 3.673014
-0.2276964 1.514305 3.696497
-0.3910511 1.671709 3.619215
-0.321566 1.873082 3.625879
-0.2907953 1.913564 3.653422
0.1034746 1.470011 3.637189
0.1453682 1.241811 3.658117
0.1583852 1.021053 3.632765
0.1327065 0.9621943 3.624748
-0.1181993 1.022295 3.663299
-0.1413392 0.6947666 3.647286
-0.1461967 0.2298988 3.67232
-0.1541242 0.2258617 3.595817
0.02849478 1.030632 3.638047
0.03457467 0.7111181 3.627827
0.04008695 0.241874 3.6696
0.05898099 0.2353288 3.593582
-0.05237593 1.530864 3.679438
-0.2732111 1.973297 3.700231
-0.2445863 1.930464 3.62817
0.1357452 0.8856778 3.615393
0.1093135 0.9533667 3.588854
57
-0.04513031 1.026969 3.686224
-0.05005498 1.316701 3.686691
-0.05218837 1.601877 3.674407
-0.04633154 1.742201 3.673114
-0.2275454 1.515737 3.696104
-0.3900975 1.663124 3.619974
-0.322875 1.866711 3.622233
-0.3024321 1.906061 3.638236
0.1033332 1.470237 3.636857
0.1451747 1.241344 3.658586
0.1581822 1.020875 3.633029
0.1328132 0.9628 3.624878
-0.1178392 1.023217 3.662705
-0.1411267 0.6950456 3.646779
-0.1461643 0.2308549 3.672196
-0.1542936 0.2267269 3.595199
0.02887229 1.031586 3.638079
0.03477797 0.7113261 3.627824
0.040146 0.244217 3.669563
0.0608461 0.2373105 3.589608
-0.05206562 1.531286 3.679677
-0.2812685 1.964174 3.678383
-0.2616229 1.902442 3.600318
0.1353436 0.8854492 3.615622
0.1080517 0.9499888 3.589093
58
-0.04513031 1.026969 3.686224
-0.05005498 1.316701 3.686691
-0.05218837 1.601877 3.674407
-0.04633154 1.742201 3.673114
-0.2275454 1.515737 3.696104
-0.3900975 1.663124 3.619974
-0.322875 1.866711 3.622233
-0.3024321 1.906061 3.638236
0.1033332 1.470237 3.636857
0.1451747 1.241344 3.658586
0.1581822 1.020875 3.633029
0.1328132 0.9628 3.624878
-0.1178392 1.023217 3.662705
-0.1411267 0.6950456 3.646779
-0.1461643 0.2308549 3.672196
-0.1542936 0.2267269 3.595199
0.02887229 1.031586 3.638079
0.03477797 0.7113261 3.627824
0.040146 0.244217 3.669563
0.0608461 0.2373105 3.589608
-0.05206562 1.531286 3.679677
-0.2812685 1.964174 3.678383
-0.2616229 1.902442 3.600318
0.1353436 0.8854492 3.615622
0.1080517 0.9499888 3.589093
59
-0.04481967 1.027776 3.685992
-0.04966347 1.31726 3.686734
-0.0518757 1.602231 3.674706
-0.04602639 1.742489 3.673224
-0.227448 1.516677 3.695873
-0.3910786 1.652654 3.618457
-0.3275596 1.859367 3.611083
-0.3166704 1.901697 3.616916
0.1032208 1.47043 3.63659
0.1450397 1.241071 3.658892
0.1582747 1.020821 3.633202
0.1329391 0.963537 3.625005
-0.1175303 1.023985 3.662204
-0.1409311 0.6952547 3.646343
-0.1461787 0.2319705 3.672049
-0.1544878 0.2277527 3.594336
0.0291318 1.032512 3.638079
0.03492367 0.7114582 3.6278
0.04062451 0.2433975 3.6693
0.0619678 0.2363114 3.586446
-0.05171623 1.531693 3.679912
-0.3004428 1.954278 3.638803
-0.27955 1.880749 3.569736
0.135306 0.8853362 3.615798
0.1083155 0.9502518 3.588231
60
-0.04481967 1.027776 3.685992
-0.04966347 1.31726 3.686734
-0.0518757 1.602231 3.674706
-0.04602639 1.742489 3.673224
-0.227448 1.516677 3.695873
-0.3910786 1.652654 3.618457
-0.3275596 1.859367 3.611083
-0.3166704 1.901697 3.616916
0.1032208 1.47043 3.63659
0.1450397 1.241071 3.658892
0.1582747 1.020821 3.633202
0.1329391 0.963537 3.625005
-0.1175303 1.023985 3.662204
-0.1409311 0.6952547 3.646343
-0.1461787 0.2319705 3.672049
-0.1544878 0.2277527 3.594336
0.0291318 1.032512 3.638079
0.03492367 0.7114582 3.6278
0.04062451 0.2433975 3.6693
0.0619678 0.2363114 3.586446
-0.05171623 1.531693 3.679912
-0.3004428 1.954278 3.638803
-0.27955 1.880749 3.569736
0.135306 0.8853362 3.615798
0.1083155 0.9502518 3.588231
61
-0.04456777 1.028534 3.685642
-0.04931755 1.317751 3.686762
-0.05150153 1.602569 3.675087
-0.04562753 1.742749 3.67339
-0.2273035 1.517303 3.695782
-0.4051376 1.615336 3.610536
-0.3467917 1.824136 3.578354
-0.3374994 1.890637 3.586893
0.1031382 1.470592 3.636387
0.145072 1.240473 3.659158
0.157912 1.019954 3.632944
0.1327652 0.9635219 3.62465
-0.1172725 1.024846 3.661425
-0.1407538 0.6954144 3.645926
-0.1462745 0.2312238 3.670583
-0.1546711 0.2271962 3.592878
0.02932683 1.033254 3.638019
0.03502242 0.7115802 3.627532
0.04107247 0.2426863 3.669236
0.06198876 0.2353947 3.584219
-0.05134482 1.532072 3.680176
-0.3267293 1.949746 3.603624
-0.293916 1.883542 3.554128
0.1349897 0.8849955 3.615464
0.1077857 0.9499813 3.587997
62
-0.04456777 1.028534 3.685642
-0.04931755 1.317751 3.686762
-0.05150153 1.602569 3.675087
-0.04562753 1.742749 3.67339
-0.2273035 1.517303 3.695782
-0.4051376 1.615336 3.610536
-0.3467917 1.824136 3.578354
-0.3374994 1.890637 3.586893
0.1031382 1.470592 3.636387
0.145072 1.240473 3.659158
0.157912 1.019954 3.632944
0.1327652 0.9635219 3.62465
-0.1172725 1.024846 3.661425
-0.1407538 0.6954144 3.645926
-0.1462745 0.2312238 3.670583
-0.1546711 0.2271962 3.592878
0.02932683 1.033254 3.638019
0.03502242 0.7115802 3.627532
0.04107247 0.2426863 3.669236
0.06198876 0.2353947 3.584219
-0.05134482 1.532072 3.680176
-0.3267293 1.949746 3.603624
-0.293916 1.883542 3.554128
0.1349897 0.8849955 3.615464
0.1077857 0.9499813 3.587997
63
-0.04429438 1.029196 3.685252
-0.04896447 1.318182 3.686785
-0.05106756 1.602864 3.675538
-0.04495547 1.742915 3.673689
-0.2271425 1.517477 3.695944
-0.414252 1.591763 3.605607
-0.3648418 1.796565 3.546869
-0.3617769 1.869376 3.550184
0.1030918 1.470684 3.636253
0.1451482 1.239582 3.659474
0.1577099 1.018661 3.632463
0.1326925 0.9634971 3.624243
-0.1169468 1.025374 3.66074
-0.1406227 0.6955081 3.645715
-0.1463742 0.2323137 3.67023
-0.1546335 0.2282918 3.592302
0.02958541 1.034124 3.637795
0.03503511 0.7114886 3.627356
0.04113549 0.2421837 3.669235
0.06197793 0.2347512 3.582909
-0.05092933 1.53241 3.68048
-0.3538693 1.933653 3.554283
-0.3171693 1.847658 3.509394
0.1335168 0.8843983 3.613635
0.1072727 0.9502717 3.586236
64
-0.04429438 1.029196 3.685252
-0.04896447 1.318182 3.686785
-0.05106756 1.602864 3.675538
-0.04495547 1.742915 3.673689
-0.2271425 1.517477 3.695944
-0.414252 1.591763 3.605607
-0.3648418 1.796565 3.546869
-0.3617769 1.869376 3.550184
0.1030918 1.470684 3.636253
0.1451482 1.239582 3.659474
0.1577099 1.018661 3.632463
0.1326925 0.9634971 3.624243
-0.1169468 1.025374 3.66074
-0.1406227 0.6955081 3.645715
-0.1463742 0.2323137 3.67023
-0.1546335 0.2282918 3.592302
0.02958541 1.034124 3.637795
0.03503511 0.7114886 3.627356
0.04113549 0.2421837 3.669235
0.06197793 0.2347512 3.582909
-0.05092933 1.53241 3.68048
-0.3538693 1.933653 3.554283
-0.3171693 1.847658 3.509394
0.1335168 0.8843983 3.613635
0.1072727 0.9502717 3.586236
65
-0.04420546 1.029668 3.684848
-0.04866355 1.318542 3.686802
-0.05048422 1.603165 3.676095
-0.04407268 1.743037 3.674103
-0.2266919 1.516367 3.696873
-0.4240288 1.554743 3.597951
-0.388231 1.761155 3.50434
-0.3873507 1.838365 3.505367
0.1030616 1.47076 3.636149
0.1455279 1.237433 3.659676
0.1552852 1.005656 3.629964
0.1316981 0.9587044 3.622578
-0.1168272 1.025757 3.660111
-0.1405619 0.6955563 3.645539
-0.1464033 0.2377124 3.671389
-0.1581325 0.2329905 3.585108
0.02963919 1.034644 3.637534
0.03493713 0.7112814 3.627169
0.0411901 0.2418699 3.669267
0.06175849 0.2343033 3.581842
-0.05045437 1.532729 3.680822
-0.3820213 1.904259 3.491219
-0.340506 1.815437 3.467012
0.130499 0.8708342 3.612911
0.1071775 0.9479029 3.583801
66
-0.04420546 1.029668 3.684848
-0.04866355 1.318542 3.686802
-0.05048422 1.603165 3.676095
-0.04407268 1.743037 3.674103
-0.2266919 1.516367 3.696873
-0.4240288 1.554743 3.597951
-0.388231 1.761155 3.50434
-0.3873507 1.838365 3.505367
0.1030616 1.47076 3.636149
0.1455279 1.237433 3.659676
0.1552852 1.005656 3.629964
0.1316981 0.9587044 3.622578
-0.1168272 1.025757 3.660111
-0.1405619 0.6955563 3.645539
-0.1464033 0.2377124 3.671389
-0.1581325 0.2329905 3.585108
0.02963919 1.034644 3.637534
0.03493713 0.7112814 3.627169
0.0411901 0.2418699 3.669267
0.06175849 0.2343033 3.581842
-0.05045437 1.532729 3.680822
-0.3820213 1.904259 3.491219
-0.340506 1.815437 3.467012
0.130499 0.8708342 3.612911
0.1071775 0.9479029 3.583801
67
-0.04477103 1.029466 3.684132
-0.04847322 1.318747 3.686815
-0.04986143 1.603416 3.676677
-0.04305439 1.743138 3.674556
-0.2264277 1.513242 3.699673
-0.4347719 1.50311 3.600884
-0.4099243 1.721506 3.459521
-0.4136226 1.785442 3.456109
0.103151 1.470738 3.636072
0.1459438 1.235153 3.659992
0.1545065 1.003101 3.629316
0.1312828 0.9577782 3.622107
-0.1171117 1.025973 3.659431
-0.1405117 0.6955813 3.645425
-0.1464241 0.2388159 3.672775
-0.1585539 0.2336381 3.583677
0.027958 1.031862 3.63618
0.03470166 0.710877 3.626788
0.04127045 0.2419956 3.669276
0.06120179 0.2342992 3.58126
-0.0499856 1.532982 3.681168
-0.4073068 1.849883 3.428179
-0.3664366 1.778999 3.417982
0.1296446 0.8686077 3.612776
0.1067412 0.9467671 3.582989
68
-0.04477103 1.029466 3.684132
-0.04847322 1.318747 3.686815
-0.04986143 1.603416 3.676677
-0.04305439 1.743138 3.674556
-0.2264277 1.513242 3.699673
-0.4347719 1.50311 3.600884
-0.4099243 1.721506 3.459521
-0.4136226 1.785442 3.456109
0.103151 1.470738 3.636072
0.1459438 1.235153 3.659992
0.1545065 1.003101 3.629316
0.1312828 0.9577782 3.622107
-0.1171117 1.025973 3.659431
-0.1405117 0.6955813 3.645425
-0.1464241 0.2388159 3.672775
-0.1585539 0.2336381 3.583677
0.027958 1.031862 3.63618
0.03470166 0.710877 3.626788
0.04127045 0.2419956 3.669276
0.06120179 0.2342992 3.58126
-0.0499856 1.532982 3.681168
-0.4073068 1.849883 3.428179
-0.3664366 1.778999 3.417982
0.1296446 0.8686077 3.612776
0.1067412 0.9467671 3.582989
69
-0.04542823 1.029121 3.683418
-0.04832906 1.318893 3.686823
-0.04927445 1.603607 3.67723
-0.04206591 1.743213 3.675025
-0.2248813 1.507646 3.703977
-0.4368666 1.455804 3.609345
-0.4353654 1.644624 3.426517
-0.4415651 1.701932 3.407659
0.1033907 1.470634 3.636029
0.1477622 1.221791 3.660204
0.1533799 0.9943078 3.627572
0.1302682 0.952041 3.620258
-0.1175156 1.026043 3.658818
-0.1404797 0.6955848 3.645341
-0.1470767 0.2398921 3.674315
-0.1586967 0.2342455 3.582861
0.02651399 1.029546 3.634951
0.03458486 0.7106353 3.626468
0.041486 0.2466485 3.669083
0.05038428 0.2387675 3.581835
-0.04955104 1.533176 3.681499
-0.4408807 1.76891 3.368384
-0.3915316 1.685923 3.36618
0.1268994 0.8613859 3.615986
0.1055556 0.9381497 3.578283
70
-0.04542823 1.029121 3.683418
-0.04832906 1.318893 3.686823
-0.04927445 1.603607 3.67723
-0.04206591 1.743213 3.675025
-0.2248813 1.507646 3.703977
-0.4368666 1.455804 3.609345
-0.4353654 1.644624 3.426517
-0.4415651 1.701932 3.407659
0.1033907 1.470634 3.636029
0.1477622 1.221791 3.660204
0.1533799 0.9943078 3.627572
0.1302682 0.952041 3.620258
-0.1175156 1.026043 3.658818
-0.1404797 0.6955848 3.645341
-0.1470767 0.2398921 3.674315
-0.1586967 0.2342455 3.582861
0.02651399 1.029546 3.634951
0.03458486 0.7106353 3.626468
0.041486 0.2466485 3.669083
0.05038428 0.2387675 3.581835
-0.04955104 1.533176 3.681499
-0.4408807 1.76891 3.368384
-0.3915316 1.685923 3.36618
0.1268994 0.8613859 3.615986
0.1055556 0.9381497 3.578283
71
-0.04595426 1.028803 3.682933
-0.04820019 1.319001 3.686836
-0.04868212 1.603752 3.677746
-0.04111802 1.743262 3.675514
-0.2228343 1.503006 3.707797
-0.429323 1.403616 3.625937
-0.4517499 1.546723 3.404031
-0.4640445 1.598814 3.36768
0.1038643 1.470377 3.635999
0.1487905 1.214458 3.660294
0.1481824 0.987987 3.625284
0.1262461 0.937838 3.616265
-0.1177773 1.026076 3.658533
-0.1404488 0.695549 3.645259
-0.1476441 0.2403727 3.67539
-0.1587413 0.2344166 3.582763
0.02553202 1.02797 3.634137
0.03433964 0.7094284 3.625993
0.04150799 0.2484239 3.669329
0.04732507 0.2403845 3.582844
-0.04909821 1.533328 3.681829
-0.4742541 1.660362 3.316884
-0.4182803 1.583425 3.335359
0.1229445 0.8522637 3.618543
0.1023857 0.9357788 3.573702
72
-0.04595426 1.028803 3.682933
-0.04820019 1.319001 3.686836
-0.04868212 1.603752 3.677746
-0.04111802 1.743262 3.675514
-0.2228343 1.503006 3.707797
-0.429323 1.403616 3.625937
-0.4517499 1.546723 3.404031
-0.4640445 1.598814 3.36768
0.1038643 1.470377 3.635999
0.1487905 1.214458 3.660294
0.1481824 0.987987 3.625284
0.1262461 0.937838 3.616265
-0.1177773 1.026076 3.658533
-0.1404488 0.695549 3.645259
-0.1476441 0.2403727 3.67539
-0.1587413 0.2344166 3.582763
0.02553202 1.02797 3.634137
0.03433964 0.7094284 3.625993
0.04150799 0.2484239 3.669329
0.04732507 0.2403845 3.582844
-0.04909821 1.533328 3.681829
-0.4742541 1.660362 3.316884
-0.4182803 1.583425 3.335359
0.1229445 0.8522637 3.618543
0.1023857 0.9357788 3.573702
73
-0.04656911 1.028393 3.682539
-0.04809335 1.319081 3.686849
-0.04798092 1.603933 3.678189
-0.04012386 1.743336 3.675947
-0.220347 1.49898 3.710932
-0.4174477 1.369242 3.637969
-0.4593675 1.444579 3.392701
-0.4741414 1.481278 3.342479
0.1044092 1.470096 3.63598
0.14967 1.208438 3.660196
0.1468048 0.9836862 3.62405
0.1254385 0.9399583 3.615151
-0.1182025 1.026008 3.658391
-0.1404392 0.6954889 3.645202
-0.1484545 0.2377671 3.675204
-0.1589388 0.2318524 3.582166
0.02468854 1.026677 3.633496
0.0327943 0.7089523 3.625548
0.04177063 0.250264 3.669111
0.04553705 0.242287 3.584343
-0.04860172 1.533479 3.682124
-0.488058 1.529034 3.27745
-0.4301473 1.470264 3.324919
0.1281848 0.884573 3.610739
0.09907675 0.962652 3.576851
74
-0.04656911 1.028393 3.682539
-0.04809335 1.319081 3.686849
-0.04798092 1.603933 3.678189
-0.04012386 1.743336 3.675947
-0.220347 1.49898 3.710932
-0.4174477 1.369242 3.637969
-0.4593675 1.444579 3.392701
-0.4741414 1.481278 3.342479
0.1044092 1.470096 3.63598
0.14967 1.208438 3.660196
0.1468048 0.9836862 3.62405
0.1254385 0.9399583 3.615151
-0.1182025 1.026008 3.658391
-0.1404392 0.6954889 3.645202
-0.1484545 0.2377671 3.675204
-0.1589388 0.2318524 3.582166
0.02468854 1.026677 3.633496
0.0327943 0.7089523 3.625548
0.04177063 0.250264 3.669111
0.04553705 0.242287 3.584343
-0.04860172 1.533479 3.682124
-0.488058 1.529034 3.27745
-0.4301473 1.470264 3.324919
0.1281848 0.884573 3.610739
0.09907675 0.962652 3.576851
75
-0.04737095 1.027882 3.682354
-0.04801295 1.319132 3.686869
-0.04734227 1.604074 3.678571
-0.03914869 1.743393 3.676327
-0.2174497 1.496273 3.713626
-0.3917763 1.332449 3.657506
-0.4520164 1.339955 3.399487
-0.4711935 1.35981 3.344532
0.105111 1.469771 3.635993
0.1502325 1.204197 3.660089
0.1462227 0.9805526 3.623211
0.1252788 0.9411207 3.614566
-0.1189469 1.025782 3.658594
-0.1406574 0.6949598 3.645214
-0.1490578 0.2358265 3.675009
-0.1590177 0.2299495 3.581638
0.02386548 1.025646 3.633081
0.0316668 0.7063807 3.624749
0.04205045 0.2507299 3.669312
0.04465726 0.2424122 3.583658
-0.0481451 1.533591 3.682393
-0.5043151 1.377297 3.257349
-0.4426201 1.362468 3.309215
0.1290891 0.8881455 3.609536
0.09920107 0.9656644 3.57681
76
-0.04737095 1.027882 3.682354
-0.04801295 1.319132 3.686869
-0.04734227 1.604074 3.678571
-0.03914869 1.743393 3.676327
-0.2174497 1.496273 3.713626
-0.3917763 1.332449 3.657506
-0.4520164 1.339955 3.399487
-0.4711935 1.35981 3.344532
0.105111 1.469771 3.635993
0.1502325 1.204197 3.660089
0.1462227 0.9805526 3.623211
0.1252788 0.9411207 3.614566
-0.1189469 1.025782 3.658594
-0.1406574 0.6949598 3.645214
-0.1490578 0.2358265 3.675009
-0.1590177 0.2299495 3.581638
0.02386548 1.025646 3.633081
0.0316668 0.7063807 3.624749
0.04205045 0.2507299 3.669312
0.04465726 0.2424122 3.583658
-0.0481451 1.533591 3.682393
-0.5043151 1.377297 3.257349
-0.4426201 1.362468 3.309215
0.1290891 0.8881455 3.609536
0.09920107 0.9656644 3.57681
77
-0.04824467 1.027392 3.682331
-0.04794464 1.319165 3.68689
-0.046447 1.604193 3.678849
-0.03822348 1.743541 3.676694
-0.2150205 1.494527 3.715578
-0.3654465 1.3062 3.681895
-0.4267985 1.263223 3.436942
-0.4577243 1.240411 3.363701
0.1058092 1.469484 3.636023
0.1505177 1.202104 3.660091
0.1457711 0.9789039 3.622748
0.1252089 0.9423516 3.614478
-0.1198979 1.025563 3.659039
-0.1412406 0.6943258 3.645298
-0.1488771 0.2634675 3.672929
-0.1730992 0.2565708 3.558691
0.0231318 1.02485 3.632835
0.03103414 0.7052827 3.624211
0.04202842 0.2514375 3.669596
0.04408538 0.2428897 3.583621
-0.04755968 1.53368 3.682618
-0.4857521 1.241174 3.304053
-0.4306329 1.257176 3.334833
0.1298646 0.8885365 3.60864
0.09897643 0.9679651 3.577047
78
-0.04824467 1.027392 3.682331
-0.04794464 1.319165 3.68689
-0.046447 1.604193 3.678849
-0.03822348 1.743541 3.676694
-0.2150205 1.494527 3.715578
-0.3654465 1.3062 3.681895
-0.4267985 1.263223 3.436942
-0.4577243 1.240411 3.363701
0.1058092 1.469484 3.636023
0.1505177 1.202104 3.660091
0.1457711 0.9789039 3.622748
0.1252089 0.9423516 3.614478
-0.1198979 1.025563 3.659039
-0.1412406 0.6943258 3.645298
-0.1488771 0.2634675 3.672929
-0.1730992 0.2565708 3.558691
0.0231318 1.02485 3.632835
0.03103414 0.7052827 3.624211
0.04202842 0.2514375 3.669596
0.04408538 0.2428897 3.583621
-0.04755968 1.53368 3.682618
-0.4857521 1.241174 3.304053
-0.4306329 1.257176 3.334833
0.1298646 0.8885365 3.60864
0.09897643 0.9679651 3.577047
79
-0.04907753 1.026933 3.682365
-0.04788925 1.319186 3.68691
-0.04564987 1.604299 3.679058
-0.03736918 1.74366 3.676969
-0.2129501 1.49322 3.716862
-0.3379552 1.286305 3.694353
-0.4078308 1.168126 3.472368
-0.4395668 1.119925 3.394826
0.1066189 1.469222 3.636023
0.1506976 1.200633 3.660085
0.1455484 0.9778737 3.622469
0.1252248 0.9446368 3.615142
-0.1208323 1.025347 3.659494
-0.1417302 0.6935763 3.645418
-0.1489114 0.2682228 3.672009
-0.1761897 0.2613347 3.554458
0.02250604 1.024225 3.632679
0.03051017 0.7044112 3.623796
0.04164717 0.2517754 3.670002
0.04435544 0.2429488 3.582881
-0.04703034 1.533755 3.682802
-0.4675596 1.109019 3.344661
-0.4224497 1.145668 3.358321
0.1307493 0.8868463 3.610126
0.09922586 0.9671836 3.578896
80
-0.04907753 1.026933 3.682365
-0.04788925 1.319186 3.68691
-0.04564987 1.604299 3.679058
-0.03736918 1.74366 3.676969
-0.2129501 1.49322 3.716862
-0.3379552 1.286305 3.694353
-0.4078308 1.168126 3.472368
-0.4395668 1.119925 3.394826
0.1066189 1.469222 3.636023
0.1506976 1.200633 3.660085
0.1455484 0.9778737 3.622469
0.1252248 0.9446368 3.615142
-0.1208323 1.025347 3.659494
-0.1417302 0.6935763 3.645418
-0.1489114 0.2682228 3.672009
-0.1761897 0.2613347 3.554458
0.02250604 1.024225 3.632679
0.03051017 0.7044112 3.623796
0.04164717 0.2517754 3.670002
0.04435544 0.2429488 3.582881
-0.04703034 1.533755 3.682802
-0.4675596 1.109019 3.344661
-0.4224497 1.145668 3.358321
0.1307493 0.8868463 3.610126
0.09922586 0.9671836 3.578896
81
-0.04988258 1.026527 3.682448
-0.0478451 1.3192 3.686928
-0.04493753 1.60441 3.679208
-0.03663382 1.743783 3.677176
-0.2104365 1.492295 3.717468
-0.3228182 1.277105 3.699804
-0.3762984 1.085471 3.506195
-0.4055244 1.038758 3.442138
0.1073768 1.469019 3.636053
0.1507782 1.199721 3.660094
0.1453576 0.9771522 3.622372
0.1245403 0.9476284 3.615915
-0.1217696 1.025162 3.659953
-0.1421851 0.6927532 3.645588
-0.1498871 0.2508406 3.672257
-0.1702669 0.244544 3.562037
0.02195201 1.023744 3.6326
0.03014308 0.7037656 3.623512
0.04093198 0.2473659 3.668371
0.04574391 0.2389183 3.581268
-0.04655087 1.533828 3.682949
-0.4310172 0.9845106 3.389951
-0.4211526 1.024727 3.381935
0.1311316 0.8873045 3.61003
0.09940458 0.9677864 3.57955
82
-0.04988258 1.026527 3.682448
-0.0478451 1.3192 3.686928
-0.04493753 1.60441 3.679208
-0.03663382 1.743783 3.677176
-0.2104365 1.492295 3.717468
-0.3228182 1.277105 3.699804
-0.3762984 1.085471 3.506195
-0.4055244 1.038758 3.442138
0.1073768 1.469019 3.636053
0.1507782 1.199721 3.660094
0.1453576 0.9771522 3.622372
0.1245403 0.9476284 3.615915
-0.1217696 1.025162 3.659953
-0.1421851 0.6927532 3.645588
-0.1498871 0.2508406 3.672257
-0.1702669 0.244544 3.562037
0.02195201 1.023744 3.6326
0.03014308 0.7037656 3.623512
0.04093198 0.2473659 3.668371
0.04574391 0.2389183 3.581268
-0.04655087 1.533828 3.682949
-0.4310172 0.9845106 3.389951
-0.4211526 1.024727 3.381935
0.1311316 0.8873045 3.61003
0.09940458 0.9677864 3.57955
83
-0.05043077 1.026173 3.682443
-0.04779085 1.319197 3.686926
-0.04428874 1.604522 3.679245
-0.03605555 1.743875 3.677312
-0.2082628 1.491508 3.717385
-0.3075727 1.271302 3.701152
-0.3423827 1.066535 3.555776
-0.3698545 0.9882224 3.488924
0.1080533 1.468905 3.636078
0.1507552 1.199343 3.660115
0.1452686 0.9767855 3.622413
0.1241726 0.949192 3.616261
-0.1223668 1.024924 3.660177
-0.1424583 0.6923397 3.645608
-0.150564 0.2428254 3.673252
-0.1646047 0.2372442 3.578383
0.02160204 1.023415 3.632506
0.02988975 0.7032737 3.623317
0.04047755 0.2472481 3.667175
0.04857243 0.2385868 3.575162
-0.04608488 1.533898 3.683008
-0.3992112 0.9132595 3.449827
-0.3646841 1.012801 3.444408
0.1312299 0.8873435 3.60995
0.09969914 0.9631306 3.582274
84
-0.05043077 1.026173 3.682443
-0.04779085 1.319197 3.686926
-0.04428874 1.604522 3.679245
-0.03605555 1.743875 3.677312
-0.2082628 1.491508 3.717385
-0.3075727 1.271302 3.701152
-0.3423827 1.066535 3.555776
-0.3698545 0.9882224 3.488924
0.1080533 1.468905 3.636078
0.1507552 1.199343 3.660115
0.1452686 0.9767855 3.622413
0.1241726 0.949192 3.616261
-0.1223668 1.024924 3.660177
-0.1424583 0.6923397 3.645608
-0.150564 0.2428254 3.673252
-0.1646047 0.2372442 3.578383
0.02160204 1.023415 3.632506
0.02988975 0.7032737 3.623317
0.04047755 0.2472481 3.667175
0.04857243 0.2385868 3.575162
-0.04608488 1.533898 3.683008
-0.3992112 0.9132595 3.449827
-0.3646841 1.012801 3.444408
0.1312299 0.8873435 3.60995
0.09969914 0.9631306 3.582274
85
-0.05079542 1.025848 3.682467
-0.04771104 1.319172 3.686908
-0.04365797 1.604629 3.679148
-0.03557978 1.743948 3.677391
-0.2065779 1.490851 3.717053
-0.2938734 1.267657 3.701247
-0.3240334 1.049446 3.588135
-0.339862 0.9654162 3.532158
0.1086563 1.468831 3.636107
0.1505678 1.199912 3.660241
0.1456423 0.9776255 3.622869
0.1240282 0.9497308 3.616398
-0.1227857 1.024637 3.660384
-0.1427102 0.6922026 3.645705
-0.1508373 0.237271 3.673598
-0.1616433 0.2320474 3.585253
0.02138679 1.023183 3.632449
0.02981922 0.6992692 3.624694
0.04002538 0.2471649 3.666039
0.05095 0.2386654 3.570399
-0.04560238 1.533959 3.682975
-0.3696231 0.8925946 3.503089
-0.3199743 0.9722161 3.490304
0.1318073 0.8793674 3.612443
0.1028329 0.9522173 3.582284
86
-0.05079542 1.025848 3.682467
-0.04771104 1.319172 3.686908
-0.04365797 1.604629 3.679148
-0.03557978 1.743948 3.677391
-0.2065779 1.490851 3.717053
-0.2938734 1.267657 3.701247
-0.3240334 1.049446 3.588135
-0.339862 0.9654162 3.532158
0.1086563 1.468831 3.636107
0.1505678 1.199912 3.660241
0.1456423 0.9776255 3.622869
0.1240282 0.9497308 3.616398
-0.1227857 1.024637 3.660384
-0.1427102 0.6922026 3.645705
-0.1508373 0.237271 3.673598
-0.1616433 0.2320474 3.585253
0.02138679 1.023183 3.632449
0.02981922 0.6992692 3.624694
0.04002538 0.2471649 3.666039
0.05095 0.2386654 3.570399
-0.04560238 1.533959 3.682975
-0.3696231 0.8925946 3.503089
-0.3199743 0.9722161 3.490304
0.1318073 0.8793674 3.612443
0.1028329 0.9522173 3.582284
87
-0.05101433 1.02558 3.682521
-0.04760854 1.319132 3.68687
-0.04306616 1.604737 3.678826
-0.035205 1.744009 3.677434
-0.2053814 1.490223 3.716422
-0.2833688 1.264955 3.701422
-0.2991492 1.029267 3.627028
-0.315295 0.9483157 3.580078
0.1091694 1.468781 3.636136
0.1503229 1.200859 3.660405
0.1460351 0.9788043 3.623752
0.1240698 0.9482583 3.616791
-0.1230749 1.024376 3.66057
-0.1428696 0.6921772 3.645845
-0.151039 0.2342632 3.673836
-0.159821 0.229255 3.589344
0.02129694 1.023008 3.632465
0.0298961 0.69756 3.624988
0.0393287 0.2741564 3.663305
0.03092105 0.2626701 3.538449
-0.04512304 1.534015 3.682803
-0.3356551 0.874266 3.557476
-0.2905718 0.9495833 3.52536
0.1323957 0.8666675 3.618212
0.1059247 0.936327 3.583685
88
-0.05101433 1.02558 3.682521
-0.04760854 1.319132 3.68687
-0.04306616 1.604737 3.678826
-0.035205 1.744009 3.677434
-0.2053814 1.490223 3.716422
-0.2833688 1.264955 3.701422
-0.2991492 1.029267 3.627028
-0.315295 0.9483157 3.580078
0.1091694 1.468781 3.636136
0.1503229 1.200859 3.660405
0.1460351 0.9788043 3.623752
0.1240698 0.9482583 3.616791
-0.1230749 1.024376 3.66057
-0.1428696 0.6921772 3.645845
-0.151039 0.2342632 3.673836
-0.159821 0.229255 3.589344
0.02129694 1.023008 3.632465
0.0298961 0.69756 3.624988
0.0393287 0.2741564 3.663305
0.03092105 0.2626701 3.538449
-0.04512304 1.534015 3.682803
-0.3356551 0.874266 3.557476
-0.2905718 0.9495833 3.52536
0.1323957 0.8666675 3.618212
0.1059247 0.936327 3.583685
89
-0.05105065 1.025328 3.682632
-0.04750777 1.319088 3.686825
-0.0428038 1.604837 3.678349
-0.03494118 1.74405 3.677451
-0.2046842 1.489648 3.71565
-0.2762738 1.262604 3.701999
-0.2881048 1.022981 3.646521
-0.2959442 0.9418831 3.611232
0.1095492 1.46879 3.636155
0.1501007 1.202261 3.660682
0.1461723 0.9803163 3.624729
0.1240596 0.9482698 3.61709
-0.123172 1.024088 3.66077
-0.142996 0.6921989 3.645982
-0.1511759 0.2320236 3.674024
-0.1586344 0.2271501 3.591872
0.02149736 1.022963 3.632645
0.02950452 0.6973345 3.625048
0.03851252 0.2824484 3.661704
0.01791129 0.2694871 3.520063
-0.04483013 1.534064 3.682566
-0.3126896 0.8692257 3.588995
-0.2732714 0.9322419 3.558454
0.1315352 0.8632861 3.619488
0.1064518 0.9312258 3.583621
90
-0.05105065 1.025328 3.682632
-0.04750777 1.319088 3.686825
-0.0428038 1.604837 3.678349
-0.03494118 1.74405 3.677451
-0.2046842 1.489648 3.71565
-0.2762738 1.262604 3.701999
-0.2881048 1.022981 3.646521
-0.2959442 0.9418831 3.611232
0.1095492 1.46879 3.636155
0.1501007 1.202261 3.660682
0.1461723 0.9803163 3.624729
0.1240596 0.9482698 3.61709
-0.123172 1.024088 3.66077
-0.142996 0.6921989 3.645982
-0.1511759 0.2320236 3.674024
-0.1586344 0.2271501 3.591872
0.02149736 1.022963 3.632645
0.02950452 0.6973345 3.625048
0.03851252 0.2824484 3.661704
0.01791129 0.2694871 3.520063
-0.04483013 1.534064 3.682566
-0.3126896 0.8692257 3.588995
-0.2732714 0.9322419 3.558454
0.1315352 0.8632861 3.619488
0.1064518 0.9312258 3.583621
91
-0.05086433 1.024973 3.682944
-0.04740602 1.319032 3.686776
-0.04268054 1.604908 3.677712
-0.03478266 1.744071 3.677437
-0.204678 1.488575 3.714229
-0.2708988 1.260315 3.703028
-0.2771077 1.014252 3.659308
-0.2826639 0.9361542 3.632684
0.1098327 1.46883 3.636158
0.149915 1.203769 3.660968
0.1462137 0.9812264 3.625316
0.1241373 0.9481397 3.617382
-0.1230815 1.023621 3.66111
-0.1431172 0.6922266 3.646095
-0.1512861 0.2307748 3.674247
-0.1578156 0.225961 3.593448
0.02201474 1.022986 3.633158
0.02933748 0.6969724 3.625203
0.03838504 0.2512499 3.663504
0.03608213 0.2416876 3.55277
-0.04460776 1.53409 3.682256
-0.2971072 0.8638043 3.623215
-0.2620154 0.9309119 3.578248
0.1317166 0.8602918 3.624093
0.1069518 0.9275348 3.5836
92
-0.05086433 1.024973 3.682944
-0.04740602 1.319032 3.686776
-0.04268054 1.604908 3.677712
-0.03478266 1.744071 3.677437
-0.204678 1.488575 3.714229
-0.2708988 1.260315 3.703028
-0.2771077 1.014252 3.659308
-0.2826639 0.9361542 3.632684
0.1098327 1.46883 3.636158
0.149915 1.203769 3.660968
0.1462137 0.9812264 3.625316
0.1241373 0.9481397 3.617382
-0.1230815 1.023621 3.66111
-0.1431172 0.6922266 3.646095
-0.1512861 0.2307748 3.674247
-0.1578156 0.225961 3.593448
0.02201474 1.022986 3.633158
0.02933748 0.6969724 3.625203
0.03838504 0.2512499 3.663504
0.03608213 0.2416876 3.55277
-0.04460776 1.53409 3.682256
-0.2971072 0.8638043 3.623215
-0.2620154 0.9309119 3.578248
0.1317166 0.8602918 3.624093
0.1069518 0.9275348 3.5836
93
-0.05091988 1.024667 3.683218
-0.0473799 1.318955 3.686704
-0.04272862 1.604931 3.676934
-0.03478047 1.744069 3.67733
-0.2055138 1.487077 3.712729
-0.2638927 1.250647 3.706221
-0.2707229 1.007191 3.668523
-0.2752612 0.9304236 3.645511
0.1100448 1.468868 3.636153
0.149755 1.205095 3.661236
0.1465779 0.9825817 3.626104
0.1243448 0.9484057 3.618129
-0.1233019 1.023164 3.661508
-0.143152 0.6922331 3.646204
-0.1509021 0.264228 3.673059
-0.1649354 0.2573112 3.558769
0.02216658 1.022979 3.633466
0.02909361 0.6969739 3.625504
0.03766434 0.2367776 3.664332
0.04598979 0.2288891 3.568999
-0.04451585 1.534079 3.681829
-0.2893326 0.8609689 3.638377
-0.2540213 0.9250383 3.594166
0.1318204 0.8597124 3.624989
0.1071379 0.9253644 3.58424
94
-0.05091988 1.024667 3.683218
-0.0473799 1.318955 3.686704
-0.04272862 1.604931 3.676934
-0.03478047 1.744069 3.67733
-0.2055138 1.487077 3.712729
-0.2638927 1.250647 3.706221
-0.2707229 1.007191 3.668523
-0.2752612 0.9304236 3.645511
0.1100448 1.468868 3.636153
0.149755 1.205095 3.661236
0.1465779 0.9825817 3.626104
0.1243448 0.9484057 3.618129
-0.1233019 1.023164 3.661508
-0.143152 0.6922331 3.646204
-0.1509021 0.264228 3.673059
-0.1649354 0.2573112 3.558769
0.02216658 1.022979 3.633466
0.02909361 0.6969739 3.625504
0.03766434 0.2367776 3.664332
0.04598979 0.2288891 3.568999
-0.04451585 1.534079 3.681829
-0.2893326 0.8609689 3.638377
-0.2540213 0.9250383 3.594166
0.1318204 0.8597124 3.624989
0.1071379 0.9253644 3.58424
95
-0.05096189 1.024411 3.683516
-0.04737954 1.31888 3.686624
-0.04308565 1.604959 3.675897
-0.03509836 1.744007 3.676961
-0.2068332 1.485435 3.711274
-0.2590054 1.24402 3.708563
-0.268282 1.005441 3.669328
-0.2703371 0.9308402 3.653393
0.1101952 1.468904 3.636134
0.1495817 1.205233 3.661415
0.1470392 0.9825425 3.626727
0.124726 0.9490807 3.619044
-0.1234726 1.022707 3.661994
-0.1431685 0.6923463 3.646351
-0.1512548 0.2570546 3.673911
-0.1602817 0.2507885 3.572294
0.02229262 1.02307 3.633797
0.02883667 0.6971971 3.625837
0.03669777 0.2285689 3.662525
0.05146806 0.2218595 3.57366
-0.04460633 1.534071 3.681238
-0.2842676 0.8598348 3.646301
-0.258098 0.9228819 3.602533
0.1319671 0.8600085 3.626298
0.1074372 0.9298725 3.587486
96
-0.05096189 1.024411 3.683516
-0.04737954 1.31888 3.686624
-0.04308565 1.604959 3.675897
-0.03509836 1.744007 3.676961
-0.2068332 1.485435 3.711274
-0.2590054 1.24402 3.708563
-0.268282 1.005441 3.669328
-0.2703371 0.9308402 3.653393
0.1101952 1.468904 3.636134
0.1495817 1.205233 3.661415
0.1470392 0.9825425 3.626727
0.124726 0.9490807 3.619044
-0.1234726 1.022707 3.661994
-0.1431685 0.6923463 3.646351
-0.1512548 0.2570546 3.673911
-0.1602817 0.2507885 3.572294
0.02229262 1.02307 3.633797
0.02883667 0.6971971 3.625837
0.03669777 0.2285689 3.662525
0.05146806 0.2218595 3.57366
-0.04460633 1.534071 3.681238
-0.2842676 0.8598348 3.646301
-0.258098 0.9228819 3.602533
0.1319671 0.8600085 3.626298
0.1074372 0.9298725 3.587486
97
-0.05092894 1.024128 3.683945
-0.04738936 1.318804 3.686543
-0.04359826 1.60499 3.674722
-0.03567923 1.743918 3.676392
-0.2084337 1.483759 3.709828
-0.255577 1.238934 3.710558
-0.2665028 1.004412 3.668368
-0.2703088 0.9360838 3.654064
0.1102925 1.468979 3.636075
0.1492888 1.205919 3.661631
0.1475638 0.9832872 3.627445
0.1249889 0.9496636 3.619832
-0.1235244 1.02216 3.662685
-0.1431756 0.6924784 3.646483
-0.1516521 0.2522205 3.674074
-0.1577312 0.2463737 3.578913
0.02245874 1.023189 3.634195
0.02842027 0.6975412 3.626412
0.03897503 0.2664665 3.658988
0.03609465 0.2575668 3.54215
-0.04479768 1.534061 3.680547
-0.2863993 0.8675044 3.647608
-0.2554988 0.9344772 3.61123
0.1320869 0.8608714 3.626683
0.107401 0.9354679 3.589722
98
-0.05092894 1.024128 3.683945
-0.04738936 1.318804 3.686543
-0.04359826 1.60499 3.674722
-0.03567923 1.743918 3.676392
-0.2084337 1.483759 3.709828
-0.255577 1.238934 3.710558
-0.2665028 1.004412 3.668368
-0.2703088 0.9360838 3.654064
0.1102925 1.468979 3.636075
0.1492888 1.205919 3.661631
0.1475638 0.9832872 3.627445
0.1249889 0.9496636 3.619832
-0.1235244 1.02216 3.662685
-0.1431756 0.6924784 3.646483
-0.1516521 0.2522205 3.674074
-0.1577312 0.2463737 3.578913
0.02245874 1.023189 3.634195
0.02842027 0.6975412 3.626412
0.03897503 0.2664665 3.658988
0.03609465 0.2575668 3.54215
-0.04479768 1.534061 3.680547
-0.2863993 0.8675044 3.647608
-0.2554988 0.9344772 3.61123
0.1320869 0.8608714 3.626683
0.107401 0.9354679 3.589722
99
-0.05085951 1.023861 3.684404
-0.04741452 1.318725 3.686459
-0.04432887 1.605016 3.673497
-0.03669352 1.74369 3.675568
-0.2097629 1.482473 3.708706
-0.2534082 1.23552 3.712027
-0.2653616 1.004906 3.666771
-0.269138 0.9363561 3.654894
0.1103266 1.469109 3.635957
0.149106 1.205987 3.661783
0.1480682 0.9832093 3.628035
0.1253693 0.9506064 3.620934
-0.1235031 1.021616 3.663434
-0.1431406 0.69285 3.646549
-0.1521201 0.2464561 3.674
-0.1560938 0.2409064 3.582454
0.02262472 1.023319 3.63458
0.02824831 0.6980119 3.626842
0.04045498 0.2505789 3.659531
0.04615829 0.2437502 3.563936
-0.04514665 1.534046 3.679784
-0.283868 0.8677937 3.64886
-0.2325621 0.9195978 3.606415
0.1321775 0.862332 3.62595
0.1079782 0.9420903 3.592147
100
-0.05085951 1.023861 3.684404
-0.04741452 1.318725 3.686459
-0.04432887 1.605016 3.673497
-0.03669352 1.74369 3.675568
-0.2097629 1.482473 3.708706
-0.2534082 1.23552 3.712027
-0.2653616 1.004906 3.666771
-0.269138 0.9363561 3.654894
0.1103266 1.469109 3.635957
0.149106 1.205987 3.661783
0.1480682 0.9832093 3.628035
0.1253693 0.9506064 3.620934
-0.1235031 1.021616 3.663434
-0.1431406 0.69285 3.646549
-0.1521201 0.2464561 3.674
-0.1560938 0.2409064 3.582454
0.02262472 1.023319 3.63458
0.02824831 0.6980119 3.626842
0.04045498 0.2505789 3.659531
0.04615829 0.2437502 3.563936
-0.04514665 1.534046 3.679784
-0.283868 0.8677937 3.64886
-0.2325621 0.9195978 3.606415
0.1321775 0.862332 3.62595
0.1079782 0.9420903 3.592147
101
-0.05078997 1.023626 3.684868
-0.04745273 1.318655 3.68638
-0.04504408 1.605089 3.672423
-0.03774109 1.743572 3.674696
-0.2108409 1.481491 3.707848
-0.2518981 1.233079 3.713234
-0.2640689 1.005136 3.665971
-0.2671438 0.9372141 3.654864
0.1102864 1.469285 3.635783
0.1484917 1.216377 3.663039
0.1493343 0.993609 3.630518
0.1254 0.9523669 3.621808
-0.1234769 1.021129 3.664159
-0.1430315 0.6936508 3.646628
-0.1523401 0.2424956 3.673963
-0.1551506 0.2371511 3.584796
0.0227753 1.023461 3.634957
0.0280056 0.6985114 3.627241
0.04148952 0.2489885 3.659142
0.04644552 0.2425348 3.566111
-0.04553663 1.534068 3.679068
-0.2796952 0.8672034 3.647865
-0.2151852 0.931799 3.615169
0.1322649 0.8635 3.62593
0.1074403 0.9455985 3.593614
102
-0.05078997 1.023626 3.684868
-0.04745273 1.318655 3.68638
-0.04504408 1.605089 3.672423
-0.03774109 1.743572 3.674696
-0.2108409 1.481491 3.707848
-0.2518981 1.233079 3.713234
-0.2640689 1.005136 3.665971
-0.2671438 0.9372141 3.654864
0.1102864 1.469285 3.635783
0.1484917 1.216377 3.663039
0.1493343 0.993609 3.630518
0.1254 0.9523669 3.621808
-0.1234769 1.021129 3.664159
-0.1430315 0.6936508 3.646628
-0.1523401 0.2424956 3.673963
-0.1551506 0.2371511 3.584796
0.0227753 1.023461 3.634957
0.0280056 0.6985114 3.627241
0.04148952 0.2489885 3.659142
0.04644552 0.2425348 3.566111
-0.04553663 1.534068 3.679068
-0.2796952 0.8672034 3.647865
-0.2151852 0.931799 3.615169
0.1322649 0.8635 3.62593
0.1074403 0.9455985 3.593614
103
-0.05128722 1.023207 3.685381
-0.04770808 1.318505 3.686175
-0.04575351 1.605168 3.671367
-0.03890974 1.743546 3.673775
-0.2118822 1.480634 3.707169
-0.250856 1.2314 3.714134
-0.2630594 1.005589 3.665402
-0.2657399 0.9371751 3.655064
0.1101999 1.469472 3.635577
0.1480304 1.221959 3.6638
0.150196 0.9991829 3.631953
0.1256837 0.9545568 3.623229
-0.1239921 1.020568 3.664862
-0.1430165 0.69392 3.646819
-0.1525699 0.2394921 3.67358
-0.1547016 0.2343945 3.586259
0.02238202 1.023424 3.635317
0.02781682 0.6990454 3.627561
0.04250864 0.248993 3.659775
0.04728879 0.2425631 3.567765
-0.04603313 1.534093 3.678253
-0.2737298 0.8665249 3.645749
-0.2129685 0.9045706 3.608875
0.1323175 0.8684438 3.623721
0.10742 0.946636 3.594666
104
-0.05128722 1.023207 3.685381
-0.04770808 1.318505 3.686175
-0.04575351 1.605168 3.671367
-0.03890974 1.743546 3.673775
-0.2118822 1.480634 3.707169
-0.250856 1.2314 3.714134
-0.2630594 1.005589 3.665402
-0.2657399 0.9371751 3.655064
0.1101999 1.469472 3.635577
0.1480304 1.221959 3.6638
0.150196 0.9991829 3.631953
0.1256837 0.9545568 3.623229
-0.1239921 1.020568 3.664862
-0.1430165 0.69392 3.646819
-0.1525699 0.2394921 3.67358
-0.1547016 0.2343945 3.586259
0.02238202 1.023424 3.635317
0.02781682 0.6990454 3.627561
0.04250864 0.248993 3.659775
0.04728879 0.2425631 3.567765
-0.04603313 1.534093 3.678253
-0.2737298 0.8665249 3.645749
-0.2129685 0.9045706 3.608875
0.1323175 0.8684438 3.623721
0.10742 0.946636 3.594666
105
-0.05214713 1.02274 3.685964
-0.0481184 1.318324 3.68592
-0.04639024 1.605242 3.670443
-0.040006 1.743495 3.672967
-0.212768 1.479997 3.706679
-0.2500229 1.230158 3.714918
-0.2610711 1.002583 3.661476
-0.2641771 0.9357722 3.652678
0.1100638 1.469655 3.635344
0.1478769 1.223795 3.664063
0.1505668 1.001007 3.632536
0.1258634 0.9556922 3.623737
-0.1247825 1.020043 3.665601
-0.1429888 0.694052 3.646888
-0.1525028 0.2385604 3.673717
-0.1543713 0.2335089 3.587292
0.02154031 1.023302 3.635729
0.02761349 0.6996747 3.627813
0.04228288 0.2734757 3.658562
0.03000949 0.2645336 3.540473
-0.04654619 1.534119 3.677477
-0.267161 0.865018 3.638129
-0.2093088 0.9024256 3.604951
0.1323663 0.871986 3.6226
0.107381 0.9476351 3.595205
106
-0.05214713 1.02274 3.685964
-0.0481184 1.318324 3.68592
-0.04639024 1.605242 3.670443
-0.040006 1.743495 3.672967
-0.212768 1.479997 3.706679
-0.2500229 1.230158 3.714918
-0.2610711 1.002583 3.661476
-0.2641771 0.9357722 3.652678
0.1100638 1.469655 3.635344
0.1478769 1.223795 3.664063
0.1505668 1.001007 3.632536
0.1258634 0.9556922 3.623737
-0.1247825 1.020043 3.665601
-0.1429888 0.694052 3.646888
-0.1525028 0.2385604 3.673717
-0.1543713 0.2335089 3.587292
0.02154031 1.023302 3.635729
0.02761349 0.6996747 3.627813
0.04228288 0.2734757 3.658562
0.03000949 0.2645336 3.540473
-0.04654619 1.534119 3.677477
-0.267161 0.865018 3.638129
-0.2093088 0.9024256 3.604951
0.1323663 0.871986 3.6226
0.107381 0.9476351 3.595205
107
-0.05411979 1.02219 3.686974
-0.04896687 1.318083 3.685626
-0.04704134 1.605302 3.669592
-0.0410128 1.743416 3.67225
-0.213475 1.47953 3.706328
-0.2493346 1.229179 3.715585
-0.2588249 1.003095 3.660808
-0.2594529 0.9332304 3.648898
0.109876 1.469836 3.635101
0.1478021 1.226813 3.66442
0.1523987 1.004577 3.634694
0.129511 0.9889114 3.630522
-0.1265744 1.019579 3.666687
-0.142968 0.6941625 3.64696
-0.1521169 0.237886 3.673522
-0.1541018 0.2329492 3.588035
0.0195058 1.023031 3.63658
0.02757227 0.6998539 3.627957
0.04210027 0.2859573 3.658431
0.02095293 0.2755775 3.527534
-0.04718481 1.534138 3.676698
-0.2559142 0.8593337 3.631117
-0.2048303 0.9233313 3.595857
0.129468 0.9423058 3.623888
0.1115708 1.003437 3.607866
108
-0.05411979 1.02219 3.686974
-0.04896687 1.318083 3.685626
-0.04704134 1.605302 3.669592
-0.0410128 1.743416 3.67225
-0.213475 1.47953 3.706328
-0.2493346 1.229179 3.715585
-0.2588249 1.003095 3.660808
-0.2594529 0.9332304 3.648898
0.109876 1.469836 3.635101
0.1478021 1.226813 3.66442
0.1523987 1.004577 3.634694
0.129511 0.9889114 3.630522
-0.1265744 1.019579 3.666687
-0.142968 0.6941625 3.64696
-0.1521169 0.237886 3.673522
-0.1541018 0.2329492 3.588035
0.0195058 1.023031 3.63658
0.02757227 0.6998539 3.627957
0.04210027 0.2859573 3.658431
0.02095293 0.2755775 3.527534
-0.04718481 1.534138 3.676698
-0.2559142 0.8593337 3.631117
-0.2048303 0.9233313 3.595857
0.129468 0.9423058 3.623888
0.1115708 1.003437 3.607866
109
-0.05571679 1.021712 3.687886
-0.04977595 1.317854 3.685372
-0.04761451 1.60535 3.668884
-0.04203517 1.743336 3.671637
-0.2140509 1.479209 3.706084
-0.2481232 1.22949 3.71673
-0.2555507 1.003765 3.65991
-0.2569727 0.9325826 3.64664
0.1096685 1.469993 3.634867
0.1477152 1.228085 3.664603
0.1530557 1.005885 3.635306
0.1303844 0.9923149 3.631657
-0.1280213 1.019165 3.667634
-0.1430042 0.6940559 3.647255
-0.1518304 0.2372148 3.673279
-0.1539245 0.2324263 3.588505
0.01784683 1.022785 3.637379
0.02764704 0.7000003 3.628109
0.04255184 0.264056 3.661151
0.03519892 0.2549288 3.544045
-0.04777464 1.534149 3.676028
-0.2509266 0.8571485 3.629456
-0.2098473 0.9288931 3.592218
0.1318614 0.9227379 3.62705
0.1133103 0.982357 3.603569
110
-0.05571679 1.021712 3.687886
-0.04977595 1.317854 3.685372
-0.04761451 1.60535 3.668884
-0.04203517 1.743336 3.671637
-0.2140509 1.479209 3.706084
-0.2481232 1.22949 3.71673
-0.2555507 1.003765 3.65991
-0.2569727 0.9325826 3.64664
0.1096685 1.469993 3.634867
0.1477152 1.228085 3.664603
0.1530557 1.005885 3.635306
0.1303844 0.9923149 3.631657
-0.1280213 1.019165 3.667634
-0.1430042 0.6940559 3.647255
-0.1518304 0.2372148 3.673279
-0.1539245 0.2324263 3.588505
0.01784683 1.022785 3.637379
0.02764704 0.7000003 3.628109
0.04255184 0.264056 3.661151
0.03519892 0.2549288 3.544045
-0.04777464 1.534149 3.676028
-0.2509266 0.8571485 3.629456
-0.2098473 0.9288931 3.592218
0.1318614 0.9227379 3.62705
0.1133103 0.982357 3.603569
111
-0.05757178 1.020951 3.688838
-0.0507104 1.317528 3.685147
-0.04810177 1.605381 3.668305
-0.04292507 1.743278 3.671138
-0.2145351 1.478965 3.70591
-0.2464228 1.23142 3.718071
-0.2531233 1.004514 3.659389
-0.2533911 0.9327295 3.645314
0.1094631 1.470134 3.634649
0.1475035 1.228376 3.664813
0.1406738 0.9936892 3.629793
0.1266598 0.9691624 3.628242
-0.130033 1.017909 3.668832
-0.1429748 0.6938109 3.647597
-0.1513327 0.2363833 3.672941
-0.1539184 0.2317652 3.588737
0.01607529 1.022488 3.638127
0.02775259 0.7014183 3.628171
0.04260188 0.2540573 3.663526
0.04289648 0.2452665 3.552168
-0.04832084 1.534137 3.675455
-0.2479483 0.8552051 3.630034
-0.2084958 0.9379505 3.598158
0.126153 0.8811998 3.631828
0.1001163 0.9460887 3.586336
112
-0.05757178 1.020951 3.688838
-0.0507104 1.317528 3.685147
-0.04810177 1.605381 3.668305
-0.04292507 1.743278 3.671138
-0.2145351 1.478965 3.70591
-0.2464228 1.23142 3.718071
-0.2531233 1.004514 3.659389
-0.2533911 0.9327295 3.645314
0.1094631 1.470134 3.634649
0.1475035 1.228376 3.664813
0.1406738 0.9936892 3.629793
0.1266598 0.9691624 3.628242
-0.130033 1.017909 3.668832
-0.1429748 0.6938109 3.647597
-0.1513327 0.2363833 3.672941
-0.1539184 0.2317652 3.588737
0.01607529 1.022488 3.638127
0.02775259 0.7014183 3.628171
0.04260188 0.2540573 3.663526
0.04289648 0.2452665 3.552168
-0.04832084 1.534137 3.675455
-0.2479483 0.8552051 3.630034
-0.2084958 0.9379505 3.598158
0.126153 0.8811998 3.631828
0.1001163 0.9460887 3.586336
113
-0.05910982 1.020392 3.689606
-0.05159493 1.317243 3.684959
-0.04852628 1.605404 3.667828
-0.04364847 1.743222 3.670702
-0.2149463 1.478809 3.705796
-0.2445006 1.23461 3.719482
-0.2513705 1.005437 3.65907
-0.2503241 0.9315696 3.643095
0.1092672 1.470255 3.63445
0.1472739 1.228244 3.665028
0.139575 0.9926219 3.629545
0.1263518 0.9677829 3.628248
-0.1316733 1.017328 3.669718
-0.1430356 0.693722 3.647726
-0.15123 0.236373 3.672944
-0.153851 0.2318044 3.589239
0.01460192 1.022227 3.638744
0.02764811 0.7032163 3.628208
0.04444386 0.2909354 3.661973
0.03239447 0.2799801 3.5342
-0.04882521 1.534124 3.674967
-0.2450104 0.8537196 3.628254
-0.2137909 0.9413666 3.595894
0.126659 0.8775892 3.632113
0.09854528 0.9425977 3.58483
114
-0.05910982 1.020392 3.689606
-0.05159493 1.317243 3.684959
-0.04852628 1.605404 3.667828
-0.04364847 1.743222 3.670702
-0.2149463 1.478809 3.705796
-0.2445006 1.23461 3.719482
-0.2513705 1.005437 3.65907
-0.2503241 0.9315696 3.643095
0.1092672 1.470255 3.63445
0.1472739 1.228244 3.665028
0.139575 0.9926219 3.629545
0.1263518 0.9677829 3.628248
-0.1316733 1.017328 3.669718
-0.1430356 0.693722 3.647726
-0.15123 0.236373 3.672944
-0.153851 0.2318044 3.589239
0.01460192 1.022227 3.638744
0.02764811 0.7032163 3.628208
0.04444386 0.2909354 3.661973
0.03239447 0.2799801 3.5342
-0.04882521 1.534124 3.674967
-0.2450104 0.8537196 3.628254
-0.2137909 0.9413666 3.595894
0.126659 0.8775892 3.632113
0.09854528 0.9425977 3.58483
115
-0.06067979 1.020009 3.690256
-0.0524688 1.316993 3.684778
-0.04888828 1.605414 3.667409
-0.04426035 1.74318 3.670326
-0.2152927 1.478718 3.705712
-0.2434873 1.23546 3.719881
-0.2500923 1.006381 3.658784
-0.2439593 0.9370057 3.638542
0.1090711 1.470363 3.634257
0.1470123 1.227536 3.665183
0.1393676 0.9919541 3.629607
0.1255178 0.9606723 3.626101
-0.1333412 1.017064 3.670451
-0.1435508 0.6932728 3.647687
-0.151186 0.2366526 3.6729
-0.153768 0.2321028 3.589719
0.01306916 1.021988 3.639273
0.02699023 0.7050365 3.628305
0.04024842 0.29639 3.665893
0.04264056 0.2842825 3.533418
-0.04928198 1.534105 3.674531
-0.2329449 0.8587947 3.615793
-0.2111656 0.9509157 3.593067
0.1263211 0.8725371 3.630961
0.09730395 0.9401995 3.582942
116
-0.06067979 1.020009 3.690256
-0.0524688 1.316993 3.684778
-0.04888828 1.605414 3.667409
-0.04426035 1.74318 3.670326
-0.2152927 1.478718 3.705712
-0.2434873 1.23546 3.719881
-0.2500923 1.006381 3.658784
-0.2439593 0.9370057 3.638542
0.1090711 1.470363 3.634257
0.1470123 1.227536 3.665183
0.1393676 0.9919541 3.629607
0.1255178 0.9606723 3.626101
-0.1333412 1.017064 3.670451
-0.1435508 0.6932728 3.647687
-0.151186 0.2366526 3.6729
-0.153768 0.2321028 3.589719
0.01306916 1.021988 3.639273
0.02699023 0.7050365 3.628305
0.04024842 0.29639 3.665893
0.04264056 0.2842825 3.533418
-0.04928198 1.534105 3.674531
-0.2329449 0.8587947 3.615793
-0.2111656 0.9509157 3.593067
0.1263211 0.8725371 3.630961
0.09730395 0.9401995 3.582942
117
-0.06196802 1.019747 3.690763
-0.05330539 1.316792 3.684619
-0.04924019 1.605427 3.667031
-0.044755 1.743149 3.670024
-0.2155837 1.478657 3.705651
-0.2425386 1.236867 3.720213
-0.2491167 1.007237 3.658547
-0.2408059 0.9395311 3.636164
0.1088752 1.470467 3.634086
0.1467173 1.226243 3.665312
0.139723 0.9914652 3.629887
0.1251469 0.9579207 3.625741
-0.1347036 1.016922 3.671034
-0.1436626 0.6932268 3.647804
-0.1510669 0.2367883 3.673092
-0.1536515 0.2322402 3.590244
0.01179752 1.021822 3.639672
0.02643246 0.7065787 3.628398
0.04038234 0.2570797 3.668746
0.05033443 0.2472502 3.555799
-0.04974331 1.534095 3.674131
-0.2320535 0.8629261 3.615375
-0.2066842 0.9552212 3.596878
0.1261393 0.8692607 3.629934
0.09669763 0.9383067 3.582513
118
-0.06196802 1.019747 3.690763
-0.05330539 1.316792 3.684619
-0.04924019 1.605427 3.667031
-0.044755 1.743149 3.670024
-0.2155837 1.478657 3.705651
-0.2425386 1.236867 3.720213
-0.2491167 1.007237 3.658547
-0.2408059 0.9395311 3.636164
0.1088752 1.470467 3.634086
0.1467173 1.226243 3.665312
0.139723 0.9914652 3.629887
0.1251469 0.9579207 3.625741
-0.1347036 1.016922 3.671034
-0.1436626 0.6932268 3.647804
-0.1510669 0.2367883 3.673092
-0.1536515 0.2322402 3.590244
0.01179752 1.021822 3.639672
0.02643246 0.7065787 3.628398
0.04038234 0.2570797 3.668746
0.05033443 0.2472502 3.555799
-0.04974331 1.534095 3.674131
-0.2320535 0.8629261 3.615375
-0.2066842 0.9552212 3.596878
0.1261393 0.8692607 3.629934
0.09669763 0.9383067 3.582513
119
-0.0629731 1.019499 3.691133
-0.0540462 1.316602 3.684478
-0.04955417 1.605436 3.666706
-0.04518112 1.74315 3.66978
-0.2158233 1.478624 3.705599
-0.2417175 1.238456 3.720324
-0.2484582 1.00812 3.658392
-0.238706 0.9408354 3.63454
0.1086918 1.470564 3.633926
0.1464424 1.2249 3.665387
0.1406805 0.9912385 3.630318
0.1248155 0.9553753 3.62516
-0.1357288 1.016619 3.671426
-0.1438778 0.6941401 3.647724
-0.1510917 0.2372785 3.673243
-0.1538704 0.2327511 3.591402
0.01079288 1.021694 3.639972
0.02625 0.7076429 3.628375
0.03978573 0.2520438 3.668842
0.04992903 0.242363 3.556457
-0.05016372 1.534081 3.673782
-0.2304433 0.8650779 3.613178
-0.2048473 0.9575304 3.59563
0.1261017 0.8671121 3.627239
0.09663144 0.9385379 3.58291
120
-0.0629731 1.019499 3.691133
-0.0540462 1.316602 3.684478
-0.04955417 1.605436 3.666706
-0.04518112 1.74315 3.66978
-0.2158233 1.478624 3.705599
-0.2417175 1.238456 3.720324
-0.2484582 1.00812 3.658392
-0.238706 0.9408354 3.63454
0.1086918 1.470564 3.633926
0.1464424 1.2249 3.665387
0.1406805 0.9912385 3.630318
0.1248155 0.9553753 3.62516
-0.1357288 1.016619 3.671426
-0.1438778 0.6941401 3.647724
-0.1510917 0.2372785 3.673243
-0.1538704 0.2327511 3.591402
0.01079288 1.021694 3.639972
0.02625 0.7076429 3.628375
0.03978573 0.2520438 3.668842
0.04992903 0.242363 3.556457
-0.05016372 1.534081 3.673782
-0.2304433 0.8650779 3.613178
-0.2048473 0.9575304 3.59563
0.1261017 0.8671121 3.627239
0.09663144 0.9385379 3.58291
121
-0.06371507 1.019342 3.691388
-0.05466948 1.316447 3.684361
-0.04982706 1.605438 3.666435
-0.0455417 1.743163 3.669578
-0.2160694 1.47861 3.705564
-0.2411577 1.239337 3.720265
-0.2480523 1.009114 3.65829
-0.2375129 0.9423063 3.633555
0.1085095 1.470654 3.633779
0.1462113 1.223663 3.665426
0.1417197 0.991186 3.63077
0.1245241 0.9535351 3.624713
-0.1364259 1.01647 3.671686
-0.1441255 0.6948923 3.647656
-0.1510683 0.2376738 3.673325
-0.1540334 0.2331708 3.592314
0.0100222 1.021602 3.640179
0.0261058 0.7084848 3.628326
0.03971148 0.2385459 3.669718
0.05216229 0.2296782 3.564947
-0.05053182 1.534065 3.67349
-0.2300283 0.8670167 3.610161
-0.2085489 0.9420746 3.590957
0.1254925 0.8660524 3.625719
0.09664553 0.9384215 3.582346
122
-0.06371507 1.019342 3.691388
-0.05466948 1.316447 3.684361
-0.04982706 1.605438 3.666435
-0.0455417 1.743163 3.669578
-0.2160694 1.47861 3.705564
-0.2411577 1.239337 3.720265
-0.2480523 1.009114 3.65829
-0.2375129 0.9423063 3.633555
0.1085095 1.470654 3.633779
0.1462113 1.223663 3.665426
0.1417197 0.991186 3.63077
0.1245241 0.9535351 3.624713
-0.1364259 1.01647 3.671686
-0.1441255 0.6948923 3.647656
-0.1510683 0.2376738 3.673325
-0.1540334 0.2331708 3.592314
0.0100222 1.021602 3.640179
0.0261058 0.7084848 3.628326
0.03971148 0.2385459 3.669718
0.05216229 0.2296782 3.564947
-0.05053182 1.534065 3.67349
-0.2300283 0.8670167 3.610161
-0.2085489 0.9420746 3.590957
0.1254925 0.8660524 3.625719
0.09664553 0.9384215 3.582346
123
-0.06453578 1.01928 3.691716
-0.05530101 1.316325 3.684298
-0.05006922 1.605437 3.666208
-0.0458439 1.743173 3.669413
-0.2162805 1.478617 3.705535
-0.2406945 1.240161 3.720167
-0.2478408 1.010231 3.658284
-0.23659 0.9426284 3.633056
0.1083427 1.470732 3.633647
0.1460104 1.222137 3.6655
0.1413316 0.9904813 3.631063
0.1218406 0.9465632 3.623839
-0.1371355 1.016444 3.671971
-0.1443461 0.6956078 3.647586
-0.1509489 0.2377746 3.67383
-0.1541225 0.2331742 3.592777
0.009093549 1.021552 3.640519
0.02562615 0.7093582 3.628267
0.03969772 0.233048 3.669667
0.05317748 0.22465 3.568466
-0.05087242 1.534051 3.673245
-0.2302887 0.8673795 3.609159
-0.2018583 0.9242852 3.604274
0.1192656 0.8610612 3.623621
0.09197026 0.9363558 3.578918
124
-0.06453578 1.01928 3.691716
-0.05530101 1.316325 3.684298
-0.05006922 1.605437 3.666208
-0.0458439 1.743173 3.669413
-0.2162805 1.478617 3.705535
-0.2406945 1.240161 3.720167
-0.2478408 1.010231 3.658284
-0.23659 0.9426284 3.633056
0.1083427 1.470732 3.633647
0.1460104 1.222137 3.6655
0.1413316 0.9904813 3.631063
0.1218406 0.9465632 3.623839
-0.1371355 1.016444 3.671971
-0.1443461 0.6956078 3.647586
-0.1509489 0.2377746 3.67383
-0.1541225 0.2331742 3.592777
0.009093549 1.021552 3.640519
0.02562615 0.7093582 3.628267
0.03969772 0.233048 3.669667
0.05317748 0.22465 3.568466
-0.05087242 1.534051 3.673245
-0.2302887 0.8673795 3.609159
-0.2018583 0.9242852 3.604274
0.1192656 0.8610612 3.623621
0.09197026 0.9363558 3.578918
