132
1
0.1345908 1.198057 2.650672
0.1265259 1.528262 2.630881
0.1174518 1.846831 2.598537
0.1124304 1.983921 2.56122
-0.05505228 1.723279 2.604151
-0.09191429 1.461703 2.594309
-0.07183679 1.22784 2.553059
-0.04828562 1.145497 2.547293
0.2908798 1.71103 2.607185
0.3433486 1.501874 2.602096
0.3185785 1.222381 2.568239
0.2988621 1.103195 2.561044
0.05423967 1.195544 2.610658
0.03713945 0.784569 2.639809
0.05517399 0.4088413 2.686748
0.02261011 0.3877184 2.53018
0.2111808 1.195055 2.614507
0.229066 0.7725828 2.642747
0.228189 0.4113238 2.696192
0.2406624 0.3907106 2.557063
0.1198535 1.768829 2.608845
-0.04507813 1.067468 2.535348
-0.08341187 1.141979 2.521747
0.2967212 1.037285 2.566002
0.3357922 1.093358 2.553504
2
0.1345674 1.198055 2.650634
0.1264546 1.528242 2.630793
0.1173221 1.84679 2.598398
0.112295 1.983873 2.560946
-0.05515215 1.72329 2.604044
-0.09204859 1.46157 2.594243
-0.07158378 1.226853 2.55322
-0.04822618 1.144434 2.547308
0.290792 1.711013 2.607054
0.3430925 1.502105 2.602027
0.3185911 1.222488 2.568285
0.2988272 1.103232 2.561082
0.05421089 1.195528 2.610611
0.03709584 0.7845822 2.63983
0.05513601 0.4088127 2.68668
0.0231562 0.3878515 2.530868
0.2111578 1.195059 2.614485
0.2290536 0.7725661 2.642751
0.228174 0.4109836 2.69628
0.2408924 0.3901109 2.555495
0.1197378 1.768794 2.608718
-0.04496084 1.066068 2.535751
-0.08393703 1.14481 2.522784
0.2966687 1.03723 2.566348
0.3357843 1.092989 2.553379
3
0.1345674 1.198055 2.650634
0.1264546 1.528242 2.630793
0.1173221 1.84679 2.598398
0.112295 1.983873 2.560946
-0.05515215 1.72329 2.604044
-0.09204859 1.46157 2.594243
-0.07158378 1.226853 2.55322
-0.04822618 1.144434 2.547308
0.290792 1.711013 2.607054
0.3430925 1.502105 2.602027
0.3185911 1.222488 2.568285
0.2988272 1.103232 2.561082
0.05421089 1.195528 2.610611
0.03709584 0.7845822 2.63983
0.05513601 0.4088127 2.68668
0.0231562 0.3878515 2.530868
0.2111578 1.195059 2.614485
0.2290536 0.7725661 2.642751
0.228174 0.4109836 2.69628
0.2408924 0.3901109 2.555495
0.1197378 1.768794 2.608718
-0.04496084 1.066068 2.535751
-0.08393703 1.14481 2.522784
0.2966687 1.03723 2.566348
0.3357843 1.092989 2.553379
4
0.1345443 1.198054 2.650603
0.1263872 1.528225 2.630715
0.1172046 1.846755 2.598276
0.1121688 1.983831 2.560713
-0.05524364 1.723301 2.60395
-0.09217313 1.461502 2.59421
-0.07153606 1.226654 2.553331
-0.04821342 1.143328 2.547357
0.2907059 1.711011 2.60696
0.3428469 1.502443 2.60196
0.3186145 1.222704 2.568359
0.2987112 1.103262 2.561197
0.05418318 1.195515 2.610572
0.03705303 0.7845973 2.639853
0.05514593 0.4082569 2.686726
0.02320597 0.3872551 2.530433
0.2111343 1.195063 2.614466
0.2290401 0.772551 2.642756
0.2281621 0.4109208 2.696324
0.240792 0.3899494 2.554957
0.1196319 1.768763 2.608606
-0.04527787 1.064807 2.536101
-0.08092393 1.114046 2.521154
0.2961538 1.037118 2.566547
0.3357671 1.09284 2.553465
5
0.1345443 1.198054 2.650603
0.1263872 1.528225 2.630715
0.1172046 1.846755 2.598276
0.1121688 1.983831 2.560713
-0.05524364 1.723301 2.60395
-0.09217313 1.461502 2.59421
-0.07153606 1.226654 2.553331
-0.04821342 1.143328 2.547357
0.2907059 1.711011 2.60696
0.3428469 1.502443 2.60196
0.3186145 1.222704 2.568359
0.2987112 1.103262 2.561197
0.05418318 1.195515 2.610572
0.03705303 0.7845973 2.639853
0.05514593 0.4082569 2.686726
0.02320597 0.3872551 2.530433
0.2111343 1.195063 2.614466
0.2290401 0.772551 2.642756
0.2281621 0.4109208 2.696324
0.240792 0.3899494 2.554957
0.1196319 1.768763 2.608606
-0.04527787 1.064807 2.536101
-0.08092393 1.114046 2.521154
0.2961538 1.037118 2.566547
0.3357671 1.09284 2.553465
6
0.134521 1.198052 2.650573
0.126321 1.528208 2.630641
0.1170938 1.846723 2.598164
0.112057 1.983792 2.560512
-0.05532766 1.723311 2.603865
-0.09228891 1.46144 2.594185
-0.0715287 1.22663 2.553415
-0.04820779 1.142952 2.547368
0.2906207 1.711014 2.60689
0.3426751 1.502805 2.601891
0.3186499 1.222978 2.568467
0.2986345 1.103271 2.561242
0.05415467 1.1955 2.610534
0.03701127 0.7846091 2.639873
0.05515555 0.4077222 2.686775
0.02308895 0.3866461 2.52982
0.2111105 1.195068 2.614449
0.2290287 0.7725408 2.64276
0.2281519 0.4109287 2.696356
0.2407803 0.3899142 2.554777
0.119531 1.768734 2.608503
-0.04536853 1.064403 2.536242
-0.08263704 1.125092 2.521302
0.2959155 1.037054 2.566754
0.3355709 1.093749 2.553172
7
0.134521 1.198052 2.650573
0.126321 1.528208 2.630641
0.1170938 1.846723 2.598164
0.112057 1.983792 2.560512
-0.05532766 1.723311 2.603865
-0.09228891 1.46144 2.594185
-0.0715287 1.22663 2.553415
-0.04820779 1.142952 2.547368
0.2906207 1.711014 2.60689
0.3426751 1.502805 2.601891
0.3186499 1.222978 2.568467
0.2986345 1.103271 2.561242
0.05415467 1.1955 2.610534
0.03701127 0.7846091 2.639873
0.05515555 0.4077222 2.686775
0.02308895 0.3866461 2.52982
0.2111105 1.195068 2.614449
0.2290287 0.7725408 2.64276
0.2281519 0.4109287 2.696356
0.2407803 0.3899142 2.554777
0.119531 1.768734 2.608503
-0.04536853 1.064403 2.536242
-0.08263704 1.125092 2.521302
0.2959155 1.037054 2.566754
0.3355709 1.093749 2.553172
8
0.1344953 1.198051 2.650543
0.1262521 1.528192 2.630569
0.1169856 1.846693 2.59806
0.1119576 1.983764 2.560336
-0.05540779 1.72332 2.603787
-0.09239724 1.461385 2.594167
-0.07154788 1.226727 2.553538
-0.04828297 1.142653 2.547346
0.2905391 1.711019 2.606835
0.3425247 1.503149 2.601833
0.3186841 1.223249 2.568559
0.2985566 1.103271 2.561271
0.05412469 1.195487 2.610498
0.03697095 0.7846211 2.639891
0.0551376 0.4074163 2.686762
0.02292782 0.3862223 2.528681
0.2110836 1.195073 2.614431
0.229016 0.7725292 2.642764
0.2281474 0.4108979 2.696374
0.2407984 0.3898455 2.554569
0.119431 1.768707 2.608406
-0.04567606 1.064075 2.536115
-0.08298038 1.122194 2.524375
0.2957195 1.037 2.5669
0.3355003 1.093801 2.553088
9
0.1344953 1.198051 2.650543
0.1262521 1.528192 2.630569
0.1169856 1.846693 2.59806
0.1119576 1.983764 2.560336
-0.05540779 1.72332 2.603787
-0.09239724 1.461385 2.594167
-0.07154788 1.226727 2.553538
-0.04828297 1.142653 2.547346
0.2905391 1.711019 2.606835
0.3425247 1.503149 2.601833
0.3186841 1.223249 2.568559
0.2985566 1.103271 2.561271
0.05412469 1.195487 2.610498
0.03697095 0.7846211 2.639891
0.0551376 0.4074163 2.686762
0.02292782 0.3862223 2.528681
0.2110836 1.195073 2.614431
0.229016 0.7725292 2.642764
0.2281474 0.4108979 2.696374
0.2407984 0.3898455 2.554569
0.119431 1.768707 2.608406
-0.04567606 1.064075 2.536115
-0.08298038 1.122194 2.524375
0.2957195 1.037 2.5669
0.3355003 1.093801 2.553088
10
0.1344647 1.198048 2.650509
0.1261781 1.528173 2.630495
0.1168771 1.846659 2.597961
0.1118693 1.983738 2.560184
-0.05548197 1.72333 2.603717
-0.09249849 1.46134 2.594148
-0.07155797 1.226741 2.553596
-0.0483085 1.142437 2.547305
0.2904587 1.711025 2.606789
0.3424135 1.50347 2.601779
0.3187055 1.223516 2.568617
0.2984727 1.103279 2.561243
0.05409127 1.195471 2.610461
0.0369359 0.784618 2.639904
0.05512666 0.4071148 2.686753
0.02271818 0.3858158 2.527712
0.2110499 1.195078 2.614406
0.2290055 0.7725247 2.642765
0.2280474 0.4108987 2.696389
0.2408144 0.3898143 2.554429
0.1193293 1.768677 2.608312
-0.0457767 1.063851 2.536021
-0.08298278 1.121574 2.524767
0.2956145 1.036946 2.567047
0.3354852 1.094597 2.553216
11
0.1344647 1.198048 2.650509
0.1261781 1.528173 2.630495
0.1168771 1.846659 2.597961
0.1118693 1.983738 2.560184
-0.05548197 1.72333 2.603717
-0.09249849 1.46134 2.594148
-0.07155797 1.226741 2.553596
-0.0483085 1.142437 2.547305
0.2904587 1.711025 2.606789
0.3424135 1.50347 2.601779
0.3187055 1.223516 2.568617
0.2984727 1.103279 2.561243
0.05409127 1.195471 2.610461
0.0369359 0.784618 2.639904
0.05512666 0.4071148 2.686753
0.02271818 0.3858158 2.527712
0.2110499 1.195078 2.614406
0.2290055 0.7725247 2.642765
0.2280474 0.4108987 2.696389
0.2408144 0.3898143 2.554429
0.1193293 1.768677 2.608312
-0.0457767 1.063851 2.536021
-0.08298278 1.121574 2.524767
0.2956145 1.036946 2.567047
0.3354852 1.094597 2.553216
12
0.1344262 1.198046 2.650468
0.1260986 1.528154 2.630421
0.1167687 1.846627 2.597872
0.1117893 1.983712 2.560055
-0.05554986 1.72334 2.603653
-0.09259646 1.461302 2.59413
-0.07156761 1.226749 2.553638
-0.04832178 1.142246 2.5472
0.2903875 1.711033 2.606758
0.3423062 1.503617 2.601766
0.3187068 1.223621 2.568647
0.2983911 1.103266 2.561215
0.05405198 1.195456 2.610418
0.03689828 0.7846177 2.639911
0.05511624 0.4068356 2.686738
0.02249145 0.3854422 2.526839
0.2110067 1.195083 2.614372
0.2289936 0.7725247 2.642765
0.2279201 0.4109019 2.696392
0.2408318 0.3897982 2.554343
0.1192263 1.768647 2.608225
-0.04581952 1.063687 2.535994
-0.08277238 1.120878 2.524734
0.2954017 1.036888 2.566926
0.3354623 1.094759 2.55322
13
0.1344262 1.198046 2.650468
0.1260986 1.528154 2.630421
0.1167687 1.846627 2.597872
0.1117893 1.983712 2.560055
-0.05554986 1.72334 2.603653
-0.09259646 1.461302 2.59413
-0.07156761 1.226749 2.553638
-0.04832178 1.142246 2.5472
0.2903875 1.711033 2.606758
0.3423062 1.503617 2.601766
0.3187068 1.223621 2.568647
0.2983911 1.103266 2.561215
0.05405198 1.195456 2.610418
0.03689828 0.7846177 2.639911
0.05511624 0.4068356 2.686738
0.02249145 0.3854422 2.526839
0.2110067 1.195083 2.614372
0.2289936 0.7725247 2.642765
0.2279201 0.4109019 2.696392
0.2408318 0.3897982 2.554343
0.1192263 1.768647 2.608225
-0.04581952 1.063687 2.535994
-0.08277238 1.120878 2.524734
0.2954017 1.036888 2.566926
0.3354623 1.094759 2.55322
14
0.1343865 1.198044 2.650426
0.1260193 1.528134 2.630351
0.1166614 1.846593 2.597793
0.1117129 1.983687 2.559943
-0.05562433 1.723347 2.603597
-0.0927106 1.461186 2.594121
-0.07161193 1.22683 2.553679
-0.04835058 1.142124 2.547162
0.2903068 1.711043 2.606742
0.3422228 1.503708 2.601773
0.3187062 1.22369 2.56867
0.2983332 1.103261 2.561211
0.05401033 1.195441 2.610372
0.03685861 0.7846136 2.639912
0.05510082 0.4067768 2.686713
0.02230466 0.3852868 2.526002
0.210963 1.195089 2.614339
0.2289711 0.7725483 2.642757
0.2277159 0.4107994 2.69641
0.2411516 0.3898132 2.555227
0.1191245 1.768617 2.608147
-0.04584013 1.063563 2.53595
-0.08253866 1.122045 2.524605
0.295265 1.036847 2.567024
0.3354365 1.095093 2.55327
15
0.1343865 1.198044 2.650426
0.1260193 1.528134 2.630351
0.1166614 1.846593 2.597793
0.1117129 1.983687 2.559943
-0.05562433 1.723347 2.603597
-0.0927106 1.461186 2.594121
-0.07161193 1.22683 2.553679
-0.04835058 1.142124 2.547162
0.2903068 1.711043 2.606742
0.3422228 1.503708 2.601773
0.3187062 1.22369 2.56867
0.2983332 1.103261 2.561211
0.05401033 1.195441 2.610372
0.03685861 0.7846136 2.639912
0.05510082 0.4067768 2.686713
0.02230466 0.3852868 2.526002
0.210963 1.195089 2.614339
0.2289711 0.7725483 2.642757
0.2277159 0.4107994 2.69641
0.2411516 0.3898132 2.555227
0.1191245 1.768617 2.608147
-0.04584013 1.063563 2.53595
-0.08253866 1.122045 2.524605
0.295265 1.036847 2.567024
0.3354365 1.095093 2.55327
16
0.1343422 1.198041 2.650377
0.1259395 1.528115 2.63028
0.1165596 1.846563 2.59772
0.1116434 1.983663 2.559846
-0.05569756 1.723354 2.603546
-0.09283692 1.460975 2.594091
-0.07166116 1.226925 2.553708
-0.04842719 1.142099 2.546887
0.29023 1.711053 2.606733
0.3421508 1.503802 2.601771
0.3186992 1.223763 2.56868
0.2982298 1.103212 2.561085
0.05396196 1.195422 2.610313
0.03682128 0.7846121 2.639904
0.055027 0.406622 2.686562
0.02197221 0.3850658 2.524827
0.2109168 1.195094 2.614302
0.2289527 0.7725583 2.642748
0.2274758 0.4107114 2.696419
0.2412336 0.3897216 2.555286
0.1190267 1.768589 2.608073
-0.04580937 1.063516 2.535734
-0.08280839 1.13073 2.518647
0.295225 1.036813 2.5669
0.3354134 1.095212 2.553266
17
0.1343422 1.198041 2.650377
0.1259395 1.528115 2.63028
0.1165596 1.846563 2.59772
0.1116434 1.983663 2.559846
-0.05569756 1.723354 2.603546
-0.09283692 1.460975 2.594091
-0.07166116 1.226925 2.553708
-0.04842719 1.142099 2.546887
0.29023 1.711053 2.606733
0.3421508 1.503802 2.601771
0.3186992 1.223763 2.56868
0.2982298 1.103212 2.561085
0.05396196 1.195422 2.610313
0.03682128 0.7846121 2.639904
0.055027 0.406622 2.686562
0.02197221 0.3850658 2.524827
0.2109168 1.195094 2.614302
0.2289527 0.7725583 2.642748
0.2274758 0.4107114 2.696419
0.2412336 0.3897216 2.555286
0.1190267 1.768589 2.608073
-0.04580937 1.063516 2.535734
-0.08280839 1.13073 2.518647
0.295225 1.036813 2.5669
0.3354134 1.095212 2.553266
18
0.1342978 1.198036 2.650327
0.1258607 1.528097 2.630212
0.1164591 1.846534 2.597655
0.1115821 1.983642 2.559772
-0.05577229 1.723355 2.603498
-0.09295663 1.460768 2.594066
-0.07172639 1.227078 2.553731
-0.0484963 1.142077 2.546751
0.2901512 1.711061 2.606734
0.3420687 1.503983 2.601766
0.3186828 1.223932 2.568678
0.298174 1.103214 2.56104
0.05391257 1.195401 2.610253
0.0367829 0.784633 2.639891
0.05500304 0.4065785 2.68651
0.02173895 0.3849525 2.524135
0.2108713 1.195099 2.614265
0.2289323 0.7725854 2.642727
0.2272991 0.4108722 2.6964
0.241164 0.3899327 2.555706
0.1189303 1.768562 2.608006
-0.0456796 1.063479 2.535526
-0.08287977 1.132902 2.517472
0.2951861 1.036794 2.566922
0.335404 1.095304 2.553271
19
0.1342978 1.198036 2.650327
0.1258607 1.528097 2.630212
0.1164591 1.846534 2.597655
0.1115821 1.983642 2.559772
-0.05577229 1.723355 2.603498
-0.09295663 1.460768 2.594066
-0.07172639 1.227078 2.553731
-0.0484963 1.142077 2.546751
0.2901512 1.711061 2.606734
0.3420687 1.503983 2.601766
0.3186828 1.223932 2.568678
0.298174 1.103214 2.56104
0.05391257 1.195401 2.610253
0.0367829 0.784633 2.639891
0.05500304 0.4065785 2.68651
0.02173895 0.3849525 2.524135
0.2108713 1.195099 2.614265
0.2289323 0.7725854 2.642727
0.2272991 0.4108722 2.6964
0.241164 0.3899327 2.555706
0.1189303 1.768562 2.608006
-0.0456796 1.063479 2.535526
-0.08287977 1.132902 2.517472
0.2951861 1.036794 2.566922
0.335404 1.095304 2.553271
20
0.1342507 1.198032 2.65027
0.1257822 1.528077 2.630144
0.1163628 1.846505 2.597595
0.1115267 1.983623 2.559707
-0.05584613 1.723349 2.603449
-0.09307158 1.460608 2.594041
-0.07177534 1.22719 2.553732
-0.04852671 1.142081 2.546559
0.2900755 1.711068 2.60674
0.3420105 1.50408 2.601765
0.3186666 1.224025 2.568667
0.2980528 1.103171 2.560893
0.05385875 1.195378 2.610179
0.03674854 0.7846507 2.639869
0.05496994 0.4068934 2.686433
0.02112543 0.3861756 2.5316
0.2108249 1.195104 2.614225
0.2289122 0.7726253 2.642699
0.2271365 0.4111059 2.696368
0.2410612 0.3902622 2.556426
0.1188373 1.768535 2.607943
-0.04551165 1.063492 2.535249
-0.08329062 1.137419 2.516671
0.2951109 1.036749 2.566851
0.3353691 1.095386 2.553186
21
0.1342507 1.198032 2.65027
0.1257822 1.528077 2.630144
0.1163628 1.846505 2.597595
0.1115267 1.983623 2.559707
-0.05584613 1.723349 2.603449
-0.09307158 1.460608 2.594041
-0.07177534 1.22719 2.553732
-0.04852671 1.142081 2.546559
0.2900755 1.711068 2.60674
0.3420105 1.50408 2.601765
0.3186666 1.224025 2.568667
0.2980528 1.103171 2.560893
0.05385875 1.195378 2.610179
0.03674854 0.7846507 2.639869
0.05496994 0.4068934 2.686433
0.02112543 0.3861756 2.5316
0.2108249 1.195104 2.614225
0.2289122 0.7726253 2.642699
0.2271365 0.4111059 2.696368
0.2410612 0.3902622 2.556426
0.1188373 1.768535 2.607943
-0.04551165 1.063492 2.535249
-0.08329062 1.137419 2.516671
0.2951109 1.036749 2.566851
0.3353691 1.095386 2.553186
22
0.1342031 1.198026 2.65021
0.1257043 1.528057 2.630077
0.1162689 1.846477 2.597538
0.1114754 1.983605 2.559651
-0.05591008 1.723346 2.603402
-0.09318221 1.460457 2.594012
-0.07114168 1.222089 2.551995
-0.04847338 1.138228 2.545193
0.2899957 1.711072 2.606752
0.3419511 1.504228 2.601727
0.3186418 1.224172 2.568632
0.2979202 1.10311 2.560711
0.05380341 1.195354 2.610099
0.03671237 0.7846742 2.639835
0.05493848 0.4070488 2.686318
0.0203745 0.386253 2.530926
0.2107794 1.195108 2.614185
0.2288922 0.7726561 2.642665
0.2270443 0.4110824 2.696362
0.241155 0.3901865 2.556146
0.1187463 1.768509 2.607883
-0.0455423 1.059999 2.535785
-0.08293825 1.136518 2.516636
0.2946456 1.036685 2.566679
0.3353022 1.09571 2.552565
23
0.1342031 1.198026 2.65021
0.1257043 1.528057 2.630077
0.1162689 1.846477 2.597538
0.1114754 1.983605 2.559651
-0.05591008 1.723346 2.603402
-0.09318221 1.460457 2.594012
-0.07114168 1.222089 2.551995
-0.04847338 1.138228 2.545193
0.2899957 1.711072 2.606752
0.3419511 1.504228 2.601727
0.3186418 1.224172 2.568632
0.2979202 1.10311 2.560711
0.05380341 1.195354 2.610099
0.03671237 0.7846742 2.639835
0.05493848 0.4070488 2.686318
0.0203745 0.386253 2.530926
0.2107794 1.195108 2.614185
0.2288922 0.7726561 2.642665
0.2270443 0.4110824 2.696362
0.241155 0.3901865 2.556146
0.1187463 1.768509 2.607883
-0.0455423 1.059999 2.535785
-0.08293825 1.136518 2.516636
0.2946456 1.036685 2.566679
0.3353022 1.09571 2.552565
24
0.1341483 1.198017 2.650141
0.1256195 1.528035 2.630006
0.116171 1.846449 2.597483
0.1114269 1.983588 2.559601
-0.05597835 1.723341 2.603351
-0.0932806 1.46033 2.593979
-0.07091504 1.219952 2.551041
-0.04847142 1.137757 2.544808
0.2899231 1.711066 2.606739
0.3419147 1.504357 2.601681
0.3186074 1.224305 2.568601
0.2977755 1.103129 2.560547
0.05373891 1.195325 2.610004
0.03667702 0.7846959 2.639797
0.05494517 0.4068741 2.686272
0.0199961 0.3859984 2.5303
0.2107291 1.19511 2.61414
0.2288751 0.7726738 2.642632
0.226966 0.4107172 2.696404
0.2414849 0.3898063 2.556163
0.1186506 1.768481 2.607823
-0.04534419 1.059738 2.535548
-0.08230876 1.132475 2.515145
0.2943698 1.036636 2.566678
0.3351108 1.096612 2.551932
25
0.1341483 1.198017 2.650141
0.1256195 1.528035 2.630006
0.116171 1.846449 2.597483
0.1114269 1.983588 2.559601
-0.05597835 1.723341 2.603351
-0.0932806 1.46033 2.593979
-0.07091504 1.219952 2.551041
-0.04847142 1.137757 2.544808
0.2899231 1.711066 2.606739
0.3419147 1.504357 2.601681
0.3186074 1.224305 2.568601
0.2977755 1.103129 2.560547
0.05373891 1.195325 2.610004
0.03667702 0.7846959 2.639797
0.05494517 0.4068741 2.686272
0.0199961 0.3859984 2.5303
0.2107291 1.19511 2.61414
0.2288751 0.7726738 2.642632
0.226966 0.4107172 2.696404
0.2414849 0.3898063 2.556163
0.1186506 1.768481 2.607823
-0.04534419 1.059738 2.535548
-0.08230876 1.132475 2.515145
0.2943698 1.036636 2.566678
0.3351108 1.096612 2.551932
26
0.1340937 1.198009 2.650072
0.1255327 1.528016 2.629934
0.1160669 1.846426 2.597428
0.1113808 1.983573 2.559558
-0.05604507 1.723338 2.603303
-0.09337106 1.460217 2.593945
-0.07079417 1.218764 2.550421
-0.04851081 1.137638 2.544423
0.2898498 1.711065 2.606734
0.3418872 1.504492 2.601632
0.318573 1.224452 2.568554
0.2975669 1.103023 2.560133
0.05367524 1.195297 2.609909
0.0366416 0.7847188 2.639756
0.05496621 0.4067703 2.686244
0.01971693 0.3858035 2.529679
0.210679 1.195113 2.614096
0.2288589 0.7726842 2.642603
0.2269028 0.4096408 2.696554
0.2429674 0.3886612 2.555964
0.1185498 1.768459 2.607763
-0.04514916 1.059667 2.535387
-0.08269592 1.132635 2.51247
0.2923868 1.036202 2.566367
0.3332221 1.093272 2.548059
27
0.1340937 1.198009 2.650072
0.1255327 1.528016 2.629934
0.1160669 1.846426 2.597428
0.1113808 1.983573 2.559558
-0.05604507 1.723338 2.603303
-0.09337106 1.460217 2.593945
-0.07079417 1.218764 2.550421
-0.04851081 1.137638 2.544423
0.2898498 1.711065 2.606734
0.3418872 1.504492 2.601632
0.318573 1.224452 2.568554
0.2975669 1.103023 2.560133
0.05367524 1.195297 2.609909
0.0366416 0.7847188 2.639756
0.05496621 0.4067703 2.686244
0.01971693 0.3858035 2.529679
0.210679 1.195113 2.614096
0.2288589 0.7726842 2.642603
0.2269028 0.4096408 2.696554
0.2429674 0.3886612 2.555964
0.1185498 1.768459 2.607763
-0.04514916 1.059667 2.535387
-0.08269592 1.132635 2.51247
0.2923868 1.036202 2.566367
0.3332221 1.093272 2.548059
28
0.13403 1.197993 2.649993
0.125439 1.527991 2.629862
0.1159582 1.846399 2.597378
0.1113389 1.983561 2.559525
-0.05611384 1.723333 2.603253
-0.09346051 1.46008 2.593888
-0.07069825 1.217907 2.549919
-0.04855363 1.137125 2.543352
0.289772 1.71106 2.606731
0.3415624 1.502278 2.602244
0.3182929 1.222414 2.567276
0.2965758 1.103641 2.557187
0.0536002 1.195258 2.609804
0.03662247 0.7846882 2.639702
0.05498663 0.406608 2.686246
0.01950938 0.3855449 2.529147
0.2106222 1.195112 2.614043
0.2288409 0.7726926 2.642573
0.2268579 0.4096498 2.696543
0.2422175 0.388753 2.556542
0.118444 1.768432 2.607707
-0.04552683 1.059145 2.534307
-0.08270633 1.132446 2.511626
0.2901868 1.036593 2.563087
0.3308874 1.094195 2.541923
29
0.13403 1.197993 2.649993
0.125439 1.527991 2.629862
0.1159582 1.846399 2.597378
0.1113389 1.983561 2.559525
-0.05611384 1.723333 2.603253
-0.09346051 1.46008 2.593888
-0.07069825 1.217907 2.549919
-0.04855363 1.137125 2.543352
0.289772 1.71106 2.606731
0.3415624 1.502278 2.602244
0.3182929 1.222414 2.567276
0.2965758 1.103641 2.557187
0.0536002 1.195258 2.609804
0.03662247 0.7846882 2.639702
0.05498663 0.406608 2.686246
0.01950938 0.3855449 2.529147
0.2106222 1.195112 2.614043
0.2288409 0.7726926 2.642573
0.2268579 0.4096498 2.696543
0.2422175 0.388753 2.556542
0.118444 1.768432 2.607707
-0.04552683 1.059145 2.534307
-0.08270633 1.132446 2.511626
0.2901868 1.036593 2.563087
0.3308874 1.094195 2.541923
30
0.1339508 1.197974 2.649892
0.1253442 1.527967 2.629786
0.1158572 1.846377 2.597331
0.1112999 1.983554 2.559502
-0.05618807 1.723331 2.603204
-0.0935513 1.459977 2.593776
-0.07060215 1.217316 2.549355
-0.04806715 1.136471 2.540283
0.2896939 1.711056 2.606735
0.3412492 1.499423 2.603037
0.3167161 1.219175 2.561702
0.2927335 1.107429 2.54518
0.05350198 1.195211 2.609656
0.03662712 0.7844831 2.639592
0.05499069 0.4061859 2.686164
0.01929317 0.3849882 2.528053
0.2105568 1.195109 2.613982
0.22882 0.772707 2.64254
0.2268131 0.4097569 2.696515
0.2419025 0.3888559 2.556529
0.1183438 1.768409 2.607652
-0.04490459 1.058691 2.531695
-0.08183651 1.129436 2.508967
0.2848121 1.041108 2.546698
0.3270476 1.096853 2.529669
31
0.1339508 1.197974 2.649892
0.1253442 1.527967 2.629786
0.1158572 1.846377 2.597331
0.1112999 1.983554 2.559502
-0.05618807 1.723331 2.603204
-0.0935513 1.459977 2.593776
-0.07060215 1.217316 2.549355
-0.04806715 1.136471 2.540283
0.2896939 1.711056 2.606735
0.3412492 1.499423 2.603037
0.3167161 1.219175 2.561702
0.2927335 1.107429 2.54518
0.05350198 1.195211 2.609656
0.03662712 0.7844831 2.639592
0.05499069 0.4061859 2.686164
0.01929317 0.3849882 2.528053
0.2105568 1.195109 2.613982
0.22882 0.772707 2.64254
0.2268131 0.4097569 2.696515
0.2419025 0.3888559 2.556529
0.1183438 1.768409 2.607652
-0.04490459 1.058691 2.531695
-0.08183651 1.129436 2.508967
0.2848121 1.041108 2.546698
0.3270476 1.096853 2.529669
32
0.1338571 1.197957 2.64977
0.1252395 1.527943 2.629708
0.1157351 1.846348 2.597296
0.1112667 1.983549 2.55949
-0.05626626 1.723335 2.603157
-0.09365916 1.459887 2.593493
-0.06958988 1.216881 2.546003
-0.04584906 1.13549 2.528832
0.2896096 1.711072 2.606776
0.3408192 1.49614 2.604009
0.3085034 1.217188 2.534689
0.2830462 1.13131 2.514611
0.05338804 1.195168 2.60948
0.03663634 0.784328 2.639477
0.05498749 0.4063106 2.686058
0.02018018 0.3853724 2.529853
0.2104798 1.195107 2.613908
0.2287987 0.7727231 2.642507
0.2267757 0.4098234 2.69649
0.2417721 0.3889202 2.55653
0.1182272 1.768381 2.607605
-0.04319971 1.058528 2.518288
-0.08054592 1.130825 2.50282
0.2763982 1.062246 2.506946
0.2999697 1.126472 2.473989
33
0.1338571 1.197957 2.64977
0.1252395 1.527943 2.629708
0.1157351 1.846348 2.597296
0.1112667 1.983549 2.55949
-0.05626626 1.723335 2.603157
-0.09365916 1.459887 2.593493
-0.06958988 1.216881 2.546003
-0.04584906 1.13549 2.528832
0.2896096 1.711072 2.606776
0.3408192 1.49614 2.604009
0.3085034 1.217188 2.534689
0.2830462 1.13131 2.514611
0.05338804 1.195168 2.60948
0.03663634 0.784328 2.639477
0.05498749 0.4063106 2.686058
0.02018018 0.3853724 2.529853
0.2104798 1.195107 2.613908
0.2287987 0.7727231 2.642507
0.2267757 0.4098234 2.69649
0.2417721 0.3889202 2.55653
0.1182272 1.768381 2.607605
-0.04319971 1.058528 2.518288
-0.08054592 1.130825 2.50282
0.2763982 1.062246 2.506946
0.2999697 1.126472 2.473989
34
0.1337663 1.197944 2.649637
0.1251393 1.52792 2.629634
0.1156167 1.84632 2.59727
0.1112357 1.983548 2.559488
-0.05634372 1.723345 2.603108
-0.09398647 1.460023 2.592239
-0.06172289 1.217086 2.524845
-0.03407941 1.136693 2.497979
0.2895239 1.71111 2.606858
0.3405112 1.494322 2.604518
0.2941964 1.232657 2.498975
0.2677165 1.17175 2.472771
0.05328193 1.195132 2.609278
0.03664818 0.7842724 2.639368
0.05499414 0.4065346 2.685963
0.02072658 0.3857883 2.531268
0.2104041 1.195107 2.613831
0.2287789 0.7727402 2.642476
0.2267382 0.4098892 2.696464
0.2415995 0.3890001 2.556629
0.1181152 1.768355 2.607565
-0.02388294 1.058602 2.494207
-0.07027359 1.121305 2.491388
0.2603228 1.107839 2.456555
0.269514 1.173844 2.414253
35
0.1337663 1.197944 2.649637
0.1251393 1.52792 2.629634
0.1156167 1.84632 2.59727
0.1112357 1.983548 2.559488
-0.05634372 1.723345 2.603108
-0.09398647 1.460023 2.592239
-0.06172289 1.217086 2.524845
-0.03407941 1.136693 2.497979
0.2895239 1.71111 2.606858
0.3405112 1.494322 2.604518
0.2941964 1.232657 2.498975
0.2677165 1.17175 2.472771
0.05328193 1.195132 2.609278
0.03664818 0.7842724 2.639368
0.05499414 0.4065346 2.685963
0.02072658 0.3857883 2.531268
0.2104041 1.195107 2.613831
0.2287789 0.7727402 2.642476
0.2267382 0.4098892 2.696464
0.2415995 0.3890001 2.556629
0.1181152 1.768355 2.607565
-0.02388294 1.058602 2.494207
-0.07027359 1.121305 2.491388
0.2603228 1.107839 2.456555
0.269514 1.173844 2.414253
36
0.1336469 1.197921 2.649529
0.125022 1.527893 2.629578
0.1154902 1.846293 2.597263
0.1112087 1.983545 2.559491
-0.05641701 1.723361 2.603051
-0.0950158 1.461548 2.588611
-0.04271596 1.223364 2.489513
-0.006963605 1.146583 2.457618
0.28947 1.711136 2.606903
0.3402491 1.493455 2.604562
0.2694469 1.270126 2.460827
0.2349402 1.234836 2.444265
0.05317402 1.195081 2.609105
0.03666285 0.7842143 2.63926
0.0550584 0.4061784 2.685917
0.02089133 0.3854147 2.531152
0.2102294 1.195109 2.613782
0.2287545 0.7727708 2.642441
0.2267087 0.4099657 2.69644
0.2414593 0.3890802 2.556672
0.1179933 1.768329 2.607544
0.006883397 1.072782 2.45764
-0.03428366 1.123426 2.444407
0.236476 1.183603 2.397323
0.2425078 1.236486 2.360597
37
0.1336469 1.197921 2.649529
0.125022 1.527893 2.629578
0.1154902 1.846293 2.597263
0.1112087 1.983545 2.559491
-0.05641701 1.723361 2.603051
-0.0950158 1.461548 2.588611
-0.04271596 1.223364 2.489513
-0.006963605 1.146583 2.457618
0.28947 1.711136 2.606903
0.3402491 1.493455 2.604562
0.2694469 1.270126 2.460827
0.2349402 1.234836 2.444265
0.05317402 1.195081 2.609105
0.03666285 0.7842143 2.63926
0.0550584 0.4061784 2.685917
0.02089133 0.3854147 2.531152
0.2102294 1.195109 2.613782
0.2287545 0.7727708 2.642441
0.2267087 0.4099657 2.69644
0.2414593 0.3890802 2.556672
0.1179933 1.768329 2.607544
0.006883397 1.072782 2.45764
-0.03428366 1.123426 2.444407
0.236476 1.183603 2.397323
0.2425078 1.236486 2.360597
38
0.1334867 1.197916 2.649513
0.1248937 1.52787 2.629554
0.1153679 1.846267 2.597264
0.1111883 1.983541 2.559506
-0.05648588 1.723381 2.602989
-0.09574704 1.464213 2.582262
-0.01853029 1.256246 2.452549
0.0306962 1.183615 2.420683
0.2894009 1.711257 2.607058
0.3400711 1.494893 2.602686
0.2425257 1.341629 2.43462
0.1998736 1.323965 2.405868
0.05308978 1.195037 2.609025
0.03667926 0.7841517 2.639145
0.05513395 0.4057385 2.6859
0.02082509 0.3848585 2.53045
0.209825 1.195213 2.613941
0.228717 0.7728957 2.642383
0.2266885 0.4100385 2.696418
0.2413423 0.3891532 2.556718
0.1178726 1.768303 2.607534
0.04426527 1.114854 2.404121
-0.002064093 1.182058 2.394891
0.1983227 1.280973 2.336508
0.1999759 1.331427 2.319625
39
0.1334867 1.197916 2.649513
0.1248937 1.52787 2.629554
0.1153679 1.846267 2.597264
0.1111883 1.983541 2.559506
-0.05648588 1.723381 2.602989
-0.09574704 1.464213 2.582262
-0.01853029 1.256246 2.452549
0.0306962 1.183615 2.420683
0.2894009 1.711257 2.607058
0.3400711 1.494893 2.602686
0.2425257 1.341629 2.43462
0.1998736 1.323965 2.405868
0.05308978 1.195037 2.609025
0.03667926 0.7841517 2.639145
0.05513395 0.4057385 2.6859
0.02082509 0.3848585 2.53045
0.209825 1.195213 2.613941
0.228717 0.7728957 2.642383
0.2266885 0.4100385 2.696418
0.2413423 0.3891532 2.556718
0.1178726 1.768303 2.607534
0.04426527 1.114854 2.404121
-0.002064093 1.182058 2.394891
0.1983227 1.280973 2.336508
0.1999759 1.331427 2.319625
40
0.1330354 1.198011 2.64978
0.1246842 1.52787 2.629608
0.1152415 1.846246 2.597281
0.1111858 1.983537 2.559556
-0.05654976 1.723409 2.602917
-0.0962857 1.471678 2.569325
0.01772547 1.293049 2.41198
0.07324795 1.230773 2.374304
0.2893199 1.71142 2.607289
0.3403144 1.498952 2.596801
0.2018784 1.412926 2.400305
0.1582811 1.427443 2.355953
0.05293744 1.195037 2.609041
0.0366981 0.7840766 2.63903
0.05531371 0.4061006 2.685868
0.02084847 0.3850069 2.529342
0.2087872 1.195497 2.614735
0.2286881 0.772997 2.642344
0.2266652 0.4097438 2.696447
0.2414427 0.3887233 2.555867
0.1177368 1.768285 2.607549
0.09695741 1.178264 2.351549
0.09317403 1.247707 2.380881
0.1503696 1.407201 2.287609
0.133133 1.457469 2.370621
41
0.1330354 1.198011 2.64978
0.1246842 1.52787 2.629608
0.1152415 1.846246 2.597281
0.1111858 1.983537 2.559556
-0.05654976 1.723409 2.602917
-0.0962857 1.471678 2.569325
0.01772547 1.293049 2.41198
0.07324795 1.230773 2.374304
0.2893199 1.71142 2.607289
0.3403144 1.498952 2.596801
0.2018784 1.412926 2.400305
0.1582811 1.427443 2.355953
0.05293744 1.195037 2.609041
0.0366981 0.7840766 2.63903
0.05531371 0.4061006 2.685868
0.02084847 0.3850069 2.529342
0.2087872 1.195497 2.614735
0.2286881 0.772997 2.642344
0.2266652 0.4097438 2.696447
0.2414427 0.3887233 2.555867
0.1177368 1.768285 2.607549
0.09695741 1.178264 2.351549
0.09317403 1.247707 2.380881
0.1503696 1.407201 2.287609
0.133133 1.457469 2.370621
42
0.1323028 1.198205 2.650459
0.1243818 1.527882 2.629798
0.1151102 1.846221 2.597327
0.1112695 1.983526 2.559742
-0.05660269 1.723433 2.6028
-0.09655795 1.47715 2.56158
0.03646597 1.360346 2.39008
0.1131768 1.31147 2.324924
0.2892496 1.711547 2.607448
0.3388585 1.503027 2.586876
0.1761392 1.503301 2.37446
0.1217558 1.532334 2.310132
0.05268085 1.195116 2.609256
0.0367235 0.7839352 2.6389
0.05548171 0.4065277 2.685863
0.02083961 0.3852075 2.528365
0.2072793 1.195825 2.616189
0.2286755 0.7730275 2.642328
0.2266404 0.4090908 2.696529
0.2417201 0.3878324 2.554353
0.117583 1.768263 2.607609
0.1443061 1.279516 2.2926
0.1670755 1.312904 2.334393
0.09905308 1.538198 2.251477
0.07855521 1.555477 2.307911
43
0.1323028 1.198205 2.650459
0.1243818 1.527882 2.629798
0.1151102 1.846221 2.597327
0.1112695 1.983526 2.559742
-0.05660269 1.723433 2.6028
-0.09655795 1.47715 2.56158
0.03646597 1.360346 2.39008
0.1131768 1.31147 2.324924
0.2892496 1.711547 2.607448
0.3388585 1.503027 2.586876
0.1761392 1.503301 2.37446
0.1217558 1.532334 2.310132
0.05268085 1.195116 2.609256
0.0367235 0.7839352 2.6389
0.05548171 0.4065277 2.685863
0.02083961 0.3852075 2.528365
0.2072793 1.195825 2.616189
0.2286755 0.7730275 2.642328
0.2266404 0.4090908 2.696529
0.2417201 0.3878324 2.554353
0.117583 1.768263 2.607609
0.1443061 1.279516 2.2926
0.1670755 1.312904 2.334393
0.09905308 1.538198 2.251477
0.07855521 1.555477 2.307911
44
0.1314003 1.198387 2.65145
0.1239974 1.527922 2.630157
0.1149757 1.846221 2.597431
0.1115267 1.9835 2.560136
-0.05663445 1.723458 2.602718
-0.09643091 1.480512 2.556508
0.05932732 1.435833 2.372183
0.1456691 1.413628 2.280949
0.2890118 1.711779 2.607763
0.3374305 1.505767 2.580227
0.1575522 1.589004 2.357944
0.1026599 1.623365 2.288143
0.05225591 1.195309 2.609831
0.03678445 0.783537 2.638789
0.05562945 0.4069718 2.685898
0.02082979 0.3854232 2.527571
0.2057249 1.195951 2.617804
0.2286925 0.772864 2.642379
0.2266139 0.408519 2.696592
0.2419804 0.3870795 2.553097
0.1174102 1.768267 2.607748
0.1847193 1.407783 2.235544
0.21339 1.399678 2.284117
0.0633499 1.643376 2.247933
0.09094194 1.640821 2.29131
45
0.1314003 1.198387 2.65145
0.1239974 1.527922 2.630157
0.1149757 1.846221 2.597431
0.1115267 1.9835 2.560136
-0.05663445 1.723458 2.602718
-0.09643091 1.480512 2.556508
0.05932732 1.435833 2.372183
0.1456691 1.413628 2.280949
0.2890118 1.711779 2.607763
0.3374305 1.505767 2.580227
0.1575522 1.589004 2.357944
0.1026599 1.623365 2.288143
0.05225591 1.195309 2.609831
0.03678445 0.783537 2.638789
0.05562945 0.4069718 2.685898
0.02082979 0.3854232 2.527571
0.2057249 1.195951 2.617804
0.2286925 0.772864 2.642379
0.2266139 0.408519 2.696592
0.2419804 0.3870795 2.553097
0.1174102 1.768267 2.607748
0.1847193 1.407783 2.235544
0.21339 1.399678 2.284117
0.0633499 1.643376 2.247933
0.09094194 1.640821 2.29131
46
0.130474 1.198652 2.652566
0.1236236 1.528033 2.630614
0.1148961 1.846275 2.597581
0.1124497 1.982778 2.561689
-0.056648 1.723475 2.602659
-0.0957844 1.485695 2.55024
0.1045286 1.519007 2.33582
0.1944275 1.529126 2.23612
0.2888604 1.71193 2.607903
0.3315958 1.508422 2.567201
0.1501482 1.618261 2.350511
0.1715335 1.556675 2.250103
0.05183814 1.195545 2.610431
0.03683482 0.7831705 2.63869
0.05573127 0.4078579 2.685889
0.0214346 0.38633 2.528435
0.2040774 1.196208 2.619804
0.2287057 0.7726328 2.642452
0.2265895 0.4082834 2.696609
0.2420804 0.3868128 2.552771
0.1172819 1.768328 2.607943
0.2382368 1.539418 2.188057
0.2157453 1.543218 2.255773
0.1732151 1.55052 2.213517
0.1311909 1.547102 2.253401
47
0.130474 1.198652 2.652566
0.1236236 1.528033 2.630614
0.1148961 1.846275 2.597581
0.1124497 1.982778 2.561689
-0.056648 1.723475 2.602659
-0.0957844 1.485695 2.55024
0.1045286 1.519007 2.33582
0.1944275 1.529126 2.23612
0.2888604 1.71193 2.607903
0.3315958 1.508422 2.567201
0.1501482 1.618261 2.350511
0.1715335 1.556675 2.250103
0.05183814 1.195545 2.610431
0.03683482 0.7831705 2.63869
0.05573127 0.4078579 2.685889
0.0214346 0.38633 2.528435
0.2040774 1.196208 2.619804
0.2287057 0.7726328 2.642452
0.2265895 0.4082834 2.696609
0.2420804 0.3868128 2.552771
0.1172819 1.768328 2.607943
0.2382368 1.539418 2.188057
0.2157453 1.543218 2.255773
0.1732151 1.55052 2.213517
0.1311909 1.547102 2.253401
48
0.1286034 1.193539 2.655945
0.1225491 1.525604 2.631671
0.1144357 1.845069 2.597588
0.1134862 1.982126 2.563184
-0.05647718 1.723048 2.601747
-0.09486444 1.489491 2.545727
0.10172 1.585831 2.33522
0.1847569 1.62909 2.262899
0.2885947 1.7112 2.60733
0.2581156 1.561023 2.447931
0.09139807 1.742445 2.305125
0.06621636 1.744446 2.22609
0.04970833 1.188415 2.615908
0.03719711 0.7813302 2.638824
0.05583039 0.4078141 2.685996
0.02147327 0.3861834 2.528294
0.2024269 1.192282 2.622051
0.2287134 0.7723293 2.642559
0.226568 0.4080999 2.696619
0.2421532 0.3866262 2.552556
0.1166998 1.766917 2.608136
0.237376 1.640846 2.187644
0.1709678 1.676063 2.289167
0.04970134 1.754405 2.210043
0.04548631 1.736322 2.221163
49
0.1286034 1.193539 2.655945
0.1225491 1.525604 2.631671
0.1144357 1.845069 2.597588
0.1134862 1.982126 2.563184
-0.05647718 1.723048 2.601747
-0.09486444 1.489491 2.545727
0.10172 1.585831 2.33522
0.1847569 1.62909 2.262899
0.2885947 1.7112 2.60733
0.2581156 1.561023 2.447931
0.09139807 1.742445 2.305125
0.06621636 1.744446 2.22609
0.04970833 1.188415 2.615908
0.03719711 0.7813302 2.638824
0.05583039 0.4078141 2.685996
0.02147327 0.3861834 2.528294
0.2024269 1.192282 2.622051
0.2287134 0.7723293 2.642559
0.226568 0.4080999 2.696619
0.2421532 0.3866262 2.552556
0.1166998 1.766917 2.608136
0.237376 1.640846 2.187644
0.1709678 1.676063 2.289167
0.04970134 1.754405 2.210043
0.04548631 1.736322 2.221163
50
0.1286034 1.193539 2.655945
0.1225491 1.525604 2.631671
0.1144357 1.845069 2.597588
0.1134862 1.982126 2.563184
-0.05647718 1.723048 2.601747
-0.09486444 1.489491 2.545727
0.10172 1.585831 2.33522
0.1847569 1.62909 2.262899
0.2885947 1.7112 2.60733
0.2581156 1.561023 2.447931
0.09139807 1.742445 2.305125
0.06621636 1.744446 2.22609
0.04970833 1.188415 2.615908
0.03719711 0.7813302 2.638824
0.05583039 0.4078141 2.685996
0.02147327 0.3861834 2.528294
0.2024269 1.192282 2.622051
0.2287134 0.7723293 2.642559
0.226568 0.4080999 2.696619
0.2421532 0.3866262 2.552556
0.1166998 1.766917 2.608136
0.237376 1.640846 2.187644
0.1709678 1.676063 2.289167
0.04970134 1.754405 2.210043
0.04548631 1.736322 2.221163
51
0.1272401 1.189614 2.658397
0.1215644 1.523387 2.632603
0.1139117 1.84388 2.597618
0.1143389 1.981671 2.564295
-0.05630932 1.722708 2.600942
-0.008363036 1.564409 2.458896
0.1562449 1.665576 2.277019
0.2195182 1.727526 2.220287
0.2883251 1.70979 2.604385
0.2298256 1.587061 2.401402
0.06599558 1.804635 2.296414
0.02756759 1.84589 2.245037
0.04809818 1.183495 2.619845
0.03732881 0.7808197 2.638824
0.05593708 0.4079046 2.686087
0.02145556 0.3861964 2.528381
0.2012898 1.188826 2.623405
0.2287057 0.7720867 2.642661
0.2265522 0.407954 2.696625
0.2422218 0.3864904 2.552421
0.1160718 1.765532 2.608341
0.2663087 1.740315 2.180024
0.2597503 1.74499 2.210475
0.01587011 1.844066 2.236221
0.02918194 1.831524 2.235031
52
0.1272401 1.189614 2.658397
0.1215644 1.523387 2.632603
0.1139117 1.84388 2.597618
0.1143389 1.981671 2.564295
-0.05630932 1.722708 2.600942
-0.008363036 1.564409 2.458896
0.1562449 1.665576 2.277019
0.2195182 1.727526 2.220287
0.2883251 1.70979 2.604385
0.2298256 1.587061 2.401402
0.06599558 1.804635 2.296414
0.02756759 1.84589 2.245037
0.04809818 1.183495 2.619845
0.03732881 0.7808197 2.638824
0.05593708 0.4079046 2.686087
0.02145556 0.3861964 2.528381
0.2012898 1.188826 2.623405
0.2287057 0.7720867 2.642661
0.2265522 0.407954 2.696625
0.2422218 0.3864904 2.552421
0.1160718 1.765532 2.608341
0.2663087 1.740315 2.180024
0.2597503 1.74499 2.210475
0.01587011 1.844066 2.236221
0.02918194 1.831524 2.235031
53
0.1262103 1.186785 2.660035
0.1207124 1.521505 2.633287
0.1133912 1.842709 2.597552
0.1156089 1.981069 2.563933
-0.05615057 1.722421 2.600199
-0.04628198 1.547873 2.472293
0.1029073 1.670166 2.29899
0.2213484 1.790342 2.220188
0.2881131 1.708849 2.601652
0.2120853 1.60563 2.373039
0.06834589 1.822865 2.309675
0.02034096 1.900186 2.267834
0.046863 1.180466 2.622206
0.03743692 0.780408 2.638826
0.05600232 0.4078559 2.686125
0.021308 0.386048 2.527971
0.2004822 1.186107 2.624277
0.2287044 0.7719089 2.642742
0.2265487 0.4095057 2.696383
0.2443029 0.3869055 2.544406
0.1154677 1.764216 2.60844
0.2793223 1.817904 2.193302
0.2183511 1.762354 2.221091
0.02730546 1.886906 2.27591
0.03957795 1.874438 2.273952
54
0.1262103 1.186785 2.660035
0.1207124 1.521505 2.633287
0.1133912 1.842709 2.597552
0.1156089 1.981069 2.563933
-0.05615057 1.722421 2.600199
-0.04628198 1.547873 2.472293
0.1029073 1.670166 2.29899
0.2213484 1.790342 2.220188
0.2881131 1.708849 2.601652
0.2120853 1.60563 2.373039
0.06834589 1.822865 2.309675
0.02034096 1.900186 2.267834
0.046863 1.180466 2.622206
0.03743692 0.780408 2.638826
0.05600232 0.4078559 2.686125
0.021308 0.386048 2.527971
0.2004822 1.186107 2.624277
0.2287044 0.7719089 2.642742
0.2265487 0.4095057 2.696383
0.2443029 0.3869055 2.544406
0.1154677 1.764216 2.60844
0.2793223 1.817904 2.193302
0.2183511 1.762354 2.221091
0.02730546 1.886906 2.27591
0.03957795 1.874438 2.273952
55
0.1254853 1.184753 2.661131
0.1200254 1.520044 2.633722
0.1128846 1.841783 2.597313
0.1184751 1.980654 2.55935
-0.05595098 1.722193 2.599402
-0.01792916 1.535864 2.489707
0.08349376 1.678607 2.303068
0.2175538 1.835911 2.231377
0.2879772 1.708316 2.599523
0.2046378 1.622342 2.362364
0.047823 1.873127 2.293611
0.02021869 1.935722 2.303227
0.04603642 1.178526 2.623639
0.03752696 0.7800772 2.638829
0.05605087 0.4077906 2.686129
0.02105707 0.3858693 2.527295
0.1999343 1.184006 2.62484
0.2287046 0.771764 2.642805
0.2265421 0.4101889 2.69627
0.246113 0.3868519 2.539238
0.1149142 1.763174 2.608368
0.2760727 1.877735 2.205214
0.2142771 1.807217 2.23711
-0.005317094 1.964062 2.312023
0.02471373 1.917522 2.344366
56
0.1254853 1.184753 2.661131
0.1200254 1.520044 2.633722
0.1128846 1.841783 2.597313
0.1184751 1.980654 2.55935
-0.05595098 1.722193 2.599402
-0.01792916 1.535864 2.489707
0.08349376 1.678607 2.303068
0.2175538 1.835911 2.231377
0.2879772 1.708316 2.599523
0.2046378 1.622342 2.362364
0.047823 1.873127 2.293611
0.02021869 1.935722 2.303227
0.04603642 1.178526 2.623639
0.03752696 0.7800772 2.638829
0.05605087 0.4077906 2.686129
0.02105707 0.3858693 2.527295
0.1999343 1.184006 2.62484
0.2287046 0.771764 2.642805
0.2265421 0.4101889 2.69627
0.246113 0.3868519 2.539238
0.1149142 1.763174 2.608368
0.2760727 1.877735 2.205214
0.2142771 1.807217 2.23711
-0.005317094 1.964062 2.312023
0.02471373 1.917522 2.344366
57
0.1249789 1.183281 2.66182
0.1195039 1.519033 2.633861
0.1123349 1.841267 2.596547
0.1213257 1.980692 2.552587
-0.05466764 1.721321 2.595324
-0.005537529 1.523943 2.503671
0.0900407 1.725547 2.318902
0.1943659 1.85494 2.257044
0.2878494 1.708051 2.59785
0.1860149 1.658286 2.346194
0.04179645 1.89067 2.291162
0.02049898 1.96089 2.326018
0.04546653 1.177256 2.624456
0.03757305 0.7798831 2.638827
0.05608735 0.4078428 2.686121
0.0209166 0.3859846 2.527941
0.1995899 1.182356 2.625187
0.228706 0.771669 2.64285
0.2264913 0.4102044 2.696268
0.2467658 0.3866903 2.537997
0.1143974 1.762525 2.607925
0.261368 1.910827 2.218648
0.2212049 1.860636 2.236946
-0.002545656 1.981573 2.331769
0.03173358 1.921426 2.367572
58
0.1246198 1.182175 2.662279
0.1189531 1.518228 2.63358
0.1105401 1.841716 2.592218
0.1223923 1.981167 2.538582
-0.05216645 1.719248 2.588485
-0.0005135192 1.51473 2.513376
0.08726446 1.734627 2.326945
0.181393 1.889501 2.271352
0.28767 1.707937 2.596348
0.1799208 1.672977 2.341672
0.0387704 1.900249 2.290802
0.02455938 1.973556 2.341738
0.04502951 1.176306 2.624915
0.0376068 0.779739 2.638826
0.05611531 0.4078545 2.686122
0.02070295 0.3860515 2.528545
0.1993861 1.181017 2.625436
0.2287042 0.7715359 2.642905
0.2264519 0.4102242 2.69627
0.2471362 0.3866435 2.537488
0.1130726 1.762384 2.605239
0.2308348 1.919519 2.243153
0.1948076 1.876138 2.269149
0.005839838 1.996923 2.35225
0.04405131 1.916613 2.383722
59
0.1246198 1.182175 2.662279
0.1189531 1.518228 2.63358
0.1105401 1.841716 2.592218
0.1223923 1.981167 2.538582
-0.05216645 1.719248 2.588485
-0.0005135192 1.51473 2.513376
0.08726446 1.734627 2.326945
0.181393 1.889501 2.271352
0.28767 1.707937 2.596348
0.1799208 1.672977 2.341672
0.0387704 1.900249 2.290802
0.02455938 1.973556 2.341738
0.04502951 1.176306 2.624915
0.0376068 0.779739 2.638826
0.05611531 0.4078545 2.686122
0.02070295 0.3860515 2.528545
0.1993861 1.181017 2.625436
0.2287042 0.7715359 2.642905
0.2264519 0.4102242 2.69627
0.2471362 0.3866435 2.537488
0.1130726 1.762384 2.605239
0.2308348 1.919519 2.243153
0.1948076 1.876138 2.269149
0.005839838 1.996923 2.35225
0.04405131 1.916613 2.383722
60
0.124433 1.181204 2.662508
0.1184157 1.517462 2.632943
0.1088265 1.842008 2.588106
0.1236364 1.979195 2.526359
-0.04746692 1.713162 2.573282
0.006321983 1.491629 2.523442
0.08553918 1.73143 2.338488
0.1602437 1.879428 2.292732
0.2870532 1.707652 2.594159
0.1772049 1.682667 2.340379
0.03790454 1.90357 2.290777
0.02976939 1.979369 2.352767
0.04473549 1.175523 2.625003
0.03763082 0.7796302 2.638823
0.05614166 0.40777 2.686133
0.02027067 0.3859302 2.528503
0.1994157 1.179758 2.625528
0.228703 0.771484 2.642929
0.2264337 0.4102206 2.696268
0.2468794 0.3867106 2.537905
0.1117182 1.762234 2.602291
0.2087467 1.925382 2.260085
0.1645043 1.883809 2.303421
0.01473684 2.002531 2.353206
0.04963345 1.920934 2.390926
61
0.124433 1.181204 2.662508
0.1184157 1.517462 2.632943
0.1088265 1.842008 2.588106
0.1236364 1.979195 2.526359
-0.04746692 1.713162 2.573282
0.006321983 1.491629 2.523442
0.08553918 1.73143 2.338488
0.1602437 1.879428 2.292732
0.2870532 1.707652 2.594159
0.1772049 1.682667 2.340379
0.03790454 1.90357 2.290777
0.02976939 1.979369 2.352767
0.04473549 1.175523 2.625003
0.03763082 0.7796302 2.638823
0.05614166 0.40777 2.686133
0.02027067 0.3859302 2.528503
0.1994157 1.179758 2.625528
0.228703 0.771484 2.642929
0.2264337 0.4102206 2.696268
0.2468794 0.3867106 2.537905
0.1117182 1.762234 2.602291
0.2087467 1.925382 2.260085
0.1645043 1.883809 2.303421
0.01473684 2.002531 2.353206
0.04963345 1.920934 2.390926
62
0.124433 1.181204 2.662508
0.1184157 1.517462 2.632943
0.1088265 1.842008 2.588106
0.1236364 1.979195 2.526359
-0.04746692 1.713162 2.573282
0.006321983 1.491629 2.523442
0.08553918 1.73143 2.338488
0.1602437 1.879428 2.292732
0.2870532 1.707652 2.594159
0.1772049 1.682667 2.340379
0.03790454 1.90357 2.290777
0.02976939 1.979369 2.352767
0.04473549 1.175523 2.625003
0.03763082 0.7796302 2.638823
0.05614166 0.40777 2.686133
0.02027067 0.3859302 2.528503
0.1994157 1.179758 2.625528
0.228703 0.771484 2.642929
0.2264337 0.4102206 2.696268
0.2468794 0.3867106 2.537905
0.1117182 1.762234 2.602291
0.2087467 1.925382 2.260085
0.1645043 1.883809 2.303421
0.01473684 2.002531 2.353206
0.04963345 1.920934 2.390926
63
0.124394 1.180232 2.662407
0.1178732 1.516663 2.63158
0.1073439 1.84224 2.583794
0.1244345 1.977955 2.518355
-0.04428085 1.708654 2.563605
0.008683955 1.483166 2.527698
0.05039839 1.712541 2.340449
0.1072688 1.803945 2.316812
0.2862894 1.707411 2.591954
0.1774051 1.688639 2.342279
0.109304 1.877698 2.280931
0.1021879 1.939387 2.334465
0.04455085 1.174773 2.624486
0.03764842 0.7795489 2.638821
0.05616314 0.4076892 2.686143
0.01988507 0.3857956 2.528293
0.1996334 1.178553 2.625406
0.2287018 0.7714474 2.642945
0.2264206 0.4099671 2.696304
0.2463537 0.3864027 2.537519
0.1104489 1.762109 2.598731
0.1428278 1.84953 2.281459
0.1470183 1.734627 2.331393
0.0522491 1.95703 2.345094
0.07842717 1.896829 2.355583
64
0.124394 1.180232 2.662407
0.1178732 1.516663 2.63158
0.1073439 1.84224 2.583794
0.1244345 1.977955 2.518355
-0.04428085 1.708654 2.563605
0.008683955 1.483166 2.527698
0.05039839 1.712541 2.340449
0.1072688 1.803945 2.316812
0.2862894 1.707411 2.591954
0.1774051 1.688639 2.342279
0.109304 1.877698 2.280931
0.1021879 1.939387 2.334465
0.04455085 1.174773 2.624486
0.03764842 0.7795489 2.638821
0.05616314 0.4076892 2.686143
0.01988507 0.3857956 2.528293
0.1996334 1.178553 2.625406
0.2287018 0.7714474 2.642945
0.2264206 0.4099671 2.696304
0.2463537 0.3864027 2.537519
0.1104489 1.762109 2.598731
0.1428278 1.84953 2.281459
0.1470183 1.734627 2.331393
0.0522491 1.95703 2.345094
0.07842717 1.896829 2.355583
65
0.1244317 1.179409 2.662135
0.1174411 1.516019 2.630069
0.1063497 1.842428 2.580415
0.1250251 1.976719 2.512676
-0.04233475 1.70605 2.557875
0.01014411 1.478486 2.530207
0.03983975 1.70656 2.342732
0.09323184 1.77906 2.326436
0.2855115 1.707237 2.589958
0.1797505 1.690556 2.346556
0.1275516 1.874763 2.277629
0.1423424 1.91472 2.32277
0.04444474 1.174164 2.62361
0.03766092 0.7794831 2.638814
0.05618484 0.4075871 2.686156
0.01950561 0.3856257 2.527989
0.1998965 1.177575 2.625217
0.2286981 0.7714624 2.642946
0.2264132 0.4097025 2.696344
0.2458384 0.3861201 2.537406
0.1095468 1.762053 2.595721
0.1227684 1.839527 2.296468
0.1388524 1.720152 2.336393
0.06908066 1.942889 2.342063
0.09542288 1.884552 2.34002
66
0.1244317 1.179409 2.662135
0.1174411 1.516019 2.630069
0.1063497 1.842428 2.580415
0.1250251 1.976719 2.512676
-0.04233475 1.70605 2.557875
0.01014411 1.478486 2.530207
0.03983975 1.70656 2.342732
0.09323184 1.77906 2.326436
0.2855115 1.707237 2.589958
0.1797505 1.690556 2.346556
0.1275516 1.874763 2.277629
0.1423424 1.91472 2.32277
0.04444474 1.174164 2.62361
0.03766092 0.7794831 2.638814
0.05618484 0.4075871 2.686156
0.01950561 0.3856257 2.527989
0.1998965 1.177575 2.625217
0.2286981 0.7714624 2.642946
0.2264132 0.4097025 2.696344
0.2458384 0.3861201 2.537406
0.1095468 1.762053 2.595721
0.1227684 1.839527 2.296468
0.1388524 1.720152 2.336393
0.06908066 1.942889 2.342063
0.09542288 1.884552 2.34002
67
0.1245231 1.178673 2.661689
0.1170778 1.515483 2.628598
0.1056448 1.842528 2.577945
0.1254703 1.97571 2.508879
-0.0410953 1.704259 2.553982
0.01087851 1.475483 2.531698
0.03201063 1.699669 2.340889
0.08462249 1.759208 2.330526
0.2848656 1.707126 2.588397
0.1822857 1.690426 2.350862
0.1416636 1.870129 2.275477
0.1555394 1.905122 2.31859
0.04439922 1.173639 2.622356
0.03767063 0.7794106 2.638798
0.05619977 0.4075909 2.686157
0.01932388 0.3855955 2.527899
0.2001743 1.176763 2.624983
0.2286871 0.7715236 2.642934
0.2264105 0.4096954 2.696346
0.2444447 0.3861555 2.537651
0.1088789 1.761993 2.593391
0.1122487 1.819298 2.296544
0.1380085 1.687286 2.337583
0.07589941 1.934053 2.33582
0.1017975 1.877329 2.32918
68
0.1245231 1.178673 2.661689
0.1170778 1.515483 2.628598
0.1056448 1.842528 2.577945
0.1254703 1.97571 2.508879
-0.0410953 1.704259 2.553982
0.01087851 1.475483 2.531698
0.03201063 1.699669 2.340889
0.08462249 1.759208 2.330526
0.2848656 1.707126 2.588397
0.1822857 1.690426 2.350862
0.1416636 1.870129 2.275477
0.1555394 1.905122 2.31859
0.04439922 1.173639 2.622356
0.03767063 0.7794106 2.638798
0.05619977 0.4075909 2.686157
0.01932388 0.3855955 2.527899
0.2001743 1.176763 2.624983
0.2286871 0.7715236 2.642934
0.2264105 0.4096954 2.696346
0.2444447 0.3861555 2.537651
0.1088789 1.761993 2.593391
0.1122487 1.819298 2.296544
0.1380085 1.687286 2.337583
0.07589941 1.934053 2.33582
0.1017975 1.877329 2.32918
69
0.1246621 1.178057 2.661072
0.1167762 1.515086 2.627241
0.1051407 1.8426 2.576164
0.125835 1.974933 2.506279
-0.0402904 1.703104 2.551439
0.00863455 1.476767 2.531455
0.02791667 1.695839 2.337956
0.08175322 1.744806 2.331213
0.2843553 1.707053 2.587206
0.1847834 1.688705 2.354616
0.1501805 1.86717 2.274068
0.1567653 1.897245 2.314159
0.04440099 1.173278 2.621018
0.03768071 0.7793412 2.638777
0.05621761 0.4076431 2.68616
0.01910141 0.385572 2.527544
0.2004947 1.176076 2.624617
0.2286686 0.7716215 2.642909
0.2264145 0.4096755 2.696347
0.2430421 0.3862284 2.538235
0.1083845 1.761961 2.591632
0.1155377 1.804019 2.289259
0.1380494 1.670661 2.337571
0.07485324 1.929339 2.326889
0.1019577 1.871561 2.318767
70
0.1246621 1.178057 2.661072
0.1167762 1.515086 2.627241
0.1051407 1.8426 2.576164
0.125835 1.974933 2.506279
-0.0402904 1.703104 2.551439
0.00863455 1.476767 2.531455
0.02791667 1.695839 2.337956
0.08175322 1.744806 2.331213
0.2843553 1.707053 2.587206
0.1847834 1.688705 2.354616
0.1501805 1.86717 2.274068
0.1567653 1.897245 2.314159
0.04440099 1.173278 2.621018
0.03768071 0.7793412 2.638777
0.05621761 0.4076431 2.68616
0.01910141 0.385572 2.527544
0.2004947 1.176076 2.624617
0.2286686 0.7716215 2.642909
0.2264145 0.4096755 2.696347
0.2430421 0.3862284 2.538235
0.1083845 1.761961 2.591632
0.1155377 1.804019 2.289259
0.1380494 1.670661 2.337571
0.07485324 1.929339 2.326889
0.1019577 1.871561 2.318767
71
0.124838 1.177585 2.660396
0.116541 1.514808 2.626095
0.1047746 1.842652 2.574899
0.1269276 1.975077 2.505592
-0.03964558 1.702441 2.549492
0.006583963 1.478481 2.53066
0.02594315 1.693223 2.33607
0.08487654 1.732457 2.328112
0.2840704 1.707106 2.586473
0.1835714 1.690257 2.355124
0.1534563 1.866869 2.271863
0.1028862 1.908998 2.309259
0.04448307 1.173086 2.619696
0.03769193 0.7792241 2.638742
0.05623084 0.4077004 2.686158
0.01892085 0.3855425 2.527129
0.2008093 1.175537 2.624225
0.2286412 0.7717664 2.642848
0.226423 0.4097172 2.696341
0.2418577 0.386363 2.538918
0.1080214 1.761947 2.590337
0.128194 1.790809 2.274141
0.1404019 1.670267 2.335901
0.05813327 1.935203 2.306444
0.08339133 1.88495 2.296849
72
0.1250134 1.177233 2.659685
0.1163145 1.514675 2.625116
0.1044411 1.842773 2.574004
0.1310264 1.977469 2.512103
-0.03925374 1.702869 2.548322
0.005181711 1.472966 2.527732
0.06716095 1.671765 2.339312
0.1333834 1.758162 2.290382
0.2838739 1.707177 2.585926
0.1819421 1.691751 2.354147
0.08703503 1.886103 2.3073
0.06389885 1.914108 2.300196
0.04458492 1.173035 2.618466
0.03768985 0.7789999 2.638668
0.05623758 0.4077746 2.686136
0.01884341 0.3854919 2.526489
0.2011003 1.175102 2.623786
0.228621 0.7719061 2.642763
0.2264187 0.4097592 2.696336
0.24087 0.3864867 2.539611
0.1076843 1.762031 2.589384
0.2076783 1.821558 2.221908
0.1425587 1.709632 2.271138
0.02682251 1.930987 2.291179
0.03921257 1.901008 2.272063
73
0.1250134 1.177233 2.659685
0.1163145 1.514675 2.625116
0.1044411 1.842773 2.574004
0.1310264 1.977469 2.512103
-0.03925374 1.702869 2.548322
0.005181711 1.472966 2.527732
0.06716095 1.671765 2.339312
0.1333834 1.758162 2.290382
0.2838739 1.707177 2.585926
0.1819421 1.691751 2.354147
0.08703503 1.886103 2.3073
0.06389885 1.914108 2.300196
0.04458492 1.173035 2.618466
0.03768985 0.7789999 2.638668
0.05623758 0.4077746 2.686136
0.01884341 0.3854919 2.526489
0.2011003 1.175102 2.623786
0.228621 0.7719061 2.642763
0.2264187 0.4097592 2.696336
0.24087 0.3864867 2.539611
0.1076843 1.762031 2.589384
0.2076783 1.821558 2.221908
0.1425587 1.709632 2.271138
0.02682251 1.930987 2.291179
0.03921257 1.901008 2.272063
74
0.1250134 1.177233 2.659685
0.1163145 1.514675 2.625116
0.1044411 1.842773 2.574004
0.1310264 1.977469 2.512103
-0.03925374 1.702869 2.548322
0.005181711 1.472966 2.527732
0.06716095 1.671765 2.339312
0.1333834 1.758162 2.290382
0.2838739 1.707177 2.585926
0.1819421 1.691751 2.354147
0.08703503 1.886103 2.3073
0.06389885 1.914108 2.300196
0.04458492 1.173035 2.618466
0.03768985 0.7789999 2.638668
0.05623758 0.4077746 2.686136
0.01884341 0.3854919 2.526489
0.2011003 1.175102 2.623786
0.228621 0.7719061 2.642763
0.2264187 0.4097592 2.696336
0.24087 0.3864867 2.539611
0.1076843 1.762031 2.589384
0.2076783 1.821558 2.221908
0.1425587 1.709632 2.271138
0.02682251 1.930987 2.291179
0.03921257 1.901008 2.272063
75
0.1251666 1.176959 2.658954
0.1161364 1.514537 2.624272
0.1042319 1.842746 2.573369
0.1371506 1.979737 2.525469
-0.0391267 1.70412 2.54805
0.003893422 1.470075 2.526015
0.07500717 1.644892 2.331126
0.1427765 1.72688 2.287688
0.2837458 1.70727 2.585512
0.1545438 1.686207 2.339817
0.05395887 1.883445 2.299671
0.04014677 1.905174 2.289542
0.04467411 1.173044 2.617373
0.03768346 0.778788 2.638587
0.05624188 0.4078616 2.686115
0.01878306 0.3854576 2.525895
0.2013588 1.174737 2.623295
0.228599 0.7720469 2.64267
0.226414 0.4098112 2.696328
0.2402235 0.3865873 2.540111
0.1074656 1.761988 2.588695
0.1988066 1.766691 2.216593
0.1637167 1.661615 2.296457
0.009172706 1.906103 2.267821
0.01937054 1.89166 2.252521
76
0.1253174 1.176709 2.658282
0.1160003 1.514401 2.62362
0.1040684 1.842656 2.572935
0.1401789 1.981275 2.54026
-0.03931134 1.705842 2.548639
-0.03973617 1.489046 2.528849
0.1033114 1.617781 2.33243
0.1943376 1.710481 2.232268
0.2836562 1.707355 2.585181
0.1707725 1.64437 2.343185
0.05014978 1.822433 2.290246
0.0297025 1.851673 2.257291
0.04477416 1.17303 2.616553
0.03769827 0.7782265 2.638495
0.05624269 0.4079368 2.686075
0.01875061 0.3853928 2.52524
0.2016184 1.174354 2.622708
0.2285777 0.7721833 2.642574
0.226403 0.4098402 2.696305
0.2397181 0.3866624 2.540541
0.1073014 1.761924 2.588213
0.2509384 1.733441 2.180284
0.2083405 1.680988 2.199024
0.01707279 1.843719 2.231872
0.01352704 1.847737 2.22693
77
0.1253174 1.176709 2.658282
0.1160003 1.514401 2.62362
0.1040684 1.842656 2.572935
0.1401789 1.981275 2.54026
-0.03931134 1.705842 2.548639
-0.03973617 1.489046 2.528849
0.1033114 1.617781 2.33243
0.1943376 1.710481 2.232268
0.2836562 1.707355 2.585181
0.1707725 1.64437 2.343185
0.05014978 1.822433 2.290246
0.0297025 1.851673 2.257291
0.04477416 1.17303 2.616553
0.03769827 0.7782265 2.638495
0.05624269 0.4079368 2.686075
0.01875061 0.3853928 2.52524
0.2016184 1.174354 2.622708
0.2285777 0.7721833 2.642574
0.226403 0.4098402 2.696305
0.2397181 0.3866624 2.540541
0.1073014 1.761924 2.588213
0.2509384 1.733441 2.180284
0.2083405 1.680988 2.199024
0.01707279 1.843719 2.231872
0.01352704 1.847737 2.22693
78
0.1253174 1.176709 2.658282
0.1160003 1.514401 2.62362
0.1040684 1.842656 2.572935
0.1401789 1.981275 2.54026
-0.03931134 1.705842 2.548639
-0.03973617 1.489046 2.528849
0.1033114 1.617781 2.33243
0.1943376 1.710481 2.232268
0.2836562 1.707355 2.585181
0.1707725 1.64437 2.343185
0.05014978 1.822433 2.290246
0.0297025 1.851673 2.257291
0.04477416 1.17303 2.616553
0.03769827 0.7782265 2.638495
0.05624269 0.4079368 2.686075
0.01875061 0.3853928 2.52524
0.2016184 1.174354 2.622708
0.2285777 0.7721833 2.642574
0.226403 0.4098402 2.696305
0.2397181 0.3866624 2.540541
0.1073014 1.761924 2.588213
0.2509384 1.733441 2.180284
0.2083405 1.680988 2.199024
0.01707279 1.843719 2.231872
0.01352704 1.847737 2.22693
79
0.1231006 1.165958 2.65733
0.1153012 1.510308 2.623332
0.1041172 1.840569 2.573522
0.1414791 1.98181 2.552172
-0.03975506 1.707643 2.54967
-0.07499702 1.504302 2.520482
0.1245195 1.57851 2.321887
0.1848505 1.632905 2.246353
0.2872132 1.66497 2.55777
0.2079722 1.525473 2.377269
0.07003429 1.733544 2.267966
0.06272273 1.741291 2.145256
0.04293358 1.16663 2.617561
0.03770889 0.7773506 2.638399
0.05623567 0.4082918 2.686011
0.01891245 0.3857317 2.52566
0.1992291 1.157418 2.6186
0.228636 0.7709535 2.64244
0.2263787 0.4096794 2.696344
0.2403143 0.3861693 2.53936
0.1071904 1.759698 2.588507
0.2472845 1.651412 2.157794
0.2109252 1.622315 2.211158
0.05968844 1.731353 2.120438
0.04818325 1.744161 2.122737
80
0.1231006 1.165958 2.65733
0.1153012 1.510308 2.623332
0.1041172 1.840569 2.573522
0.1414791 1.98181 2.552172
-0.03975506 1.707643 2.54967
-0.07499702 1.504302 2.520482
0.1245195 1.57851 2.321887
0.1848505 1.632905 2.246353
0.2872132 1.66497 2.55777
0.2079722 1.525473 2.377269
0.07003429 1.733544 2.267966
0.06272273 1.741291 2.145256
0.04293358 1.16663 2.617561
0.03770889 0.7773506 2.638399
0.05623567 0.4082918 2.686011
0.01891245 0.3857317 2.52566
0.1992291 1.157418 2.6186
0.228636 0.7709535 2.64244
0.2263787 0.4096794 2.696344
0.2403143 0.3861693 2.53936
0.1071904 1.759698 2.588507
0.2472845 1.651412 2.157794
0.2109252 1.622315 2.211158
0.05968844 1.731353 2.120438
0.04818325 1.744161 2.122737
81
0.1289731 1.184202 2.655946
0.1169554 1.514297 2.624781
0.1053275 1.841156 2.576704
0.1423121 1.981808 2.561867
-0.04034874 1.709182 2.551185
-0.08884601 1.510046 2.516421
0.1157998 1.52234 2.323985
0.2032864 1.550567 2.215154
0.2789724 1.703977 2.582488
0.2485435 1.476348 2.430365
0.09643895 1.63664 2.252789
0.0846046 1.647023 2.144619
0.05354322 1.183252 2.608768
0.03771484 0.7769236 2.638312
0.05623335 0.4083756 2.685954
0.01892123 0.3857734 2.525614
0.2012604 1.183074 2.626744
0.2286329 0.7704284 2.642289
0.2263637 0.4094042 2.696379
0.2409538 0.3856108 2.53818
0.1082463 1.760679 2.590897
0.2581595 1.54398 2.150988
0.1879604 1.53686 2.192032
0.09697577 1.641241 2.151749
0.07010337 1.653238 2.128145
82
0.130962 1.193942 2.654898
0.1182132 1.51802 2.626146
0.1066397 1.842196 2.580742
0.1426621 1.981854 2.567805
-0.04136215 1.710859 2.55408
-0.09662297 1.513391 2.514185
0.1299074 1.452496 2.322266
0.1998839 1.428352 2.212896
0.2760962 1.714582 2.59202
0.2845428 1.489451 2.493838
0.1380503 1.520444 2.25403
0.1518915 1.485971 2.214139
0.05714093 1.19184 2.60457
0.03769775 0.7766758 2.63822
0.05623579 0.4085649 2.685924
0.01900266 0.3859506 2.525887
0.2012223 1.193812 2.629378
0.2286482 0.7700168 2.642147
0.2262772 0.4092351 2.696387
0.2414813 0.3852075 2.537232
0.1093267 1.762088 2.593821
0.2456647 1.409052 2.168115
0.1732175 1.423612 2.178627
0.1611908 1.438102 2.163934
0.1816904 1.456428 2.177262
83
0.130962 1.193942 2.654898
0.1182132 1.51802 2.626146
0.1066397 1.842196 2.580742
0.1426621 1.981854 2.567805
-0.04136215 1.710859 2.55408
-0.09662297 1.513391 2.514185
0.1299074 1.452496 2.322266
0.1998839 1.428352 2.212896
0.2760962 1.714582 2.59202
0.2845428 1.489451 2.493838
0.1380503 1.520444 2.25403
0.1518915 1.485971 2.214139
0.05714093 1.19184 2.60457
0.03769775 0.7766758 2.63822
0.05623579 0.4085649 2.685924
0.01900266 0.3859506 2.525887
0.2012223 1.193812 2.629378
0.2286482 0.7700168 2.642147
0.2262772 0.4092351 2.696387
0.2414813 0.3852075 2.537232
0.1093267 1.762088 2.593821
0.2456647 1.409052 2.168115
0.1732175 1.423612 2.178627
0.1611908 1.438102 2.163934
0.1816904 1.456428 2.177262
84
0.130962 1.193942 2.654898
0.1182132 1.51802 2.626146
0.1066397 1.842196 2.580742
0.1426621 1.981854 2.567805
-0.04136215 1.710859 2.55408
-0.09662297 1.513391 2.514185
0.1299074 1.452496 2.322266
0.1998839 1.428352 2.212896
0.2760962 1.714582 2.59202
0.2845428 1.489451 2.493838
0.1380503 1.520444 2.25403
0.1518915 1.485971 2.214139
0.05714093 1.19184 2.60457
0.03769775 0.7766758 2.63822
0.05623579 0.4085649 2.685924
0.01900266 0.3859506 2.525887
0.2012223 1.193812 2.629378
0.2286482 0.7700168 2.642147
0.2262772 0.4092351 2.696387
0.2414813 0.3852075 2.537232
0.1093267 1.762088 2.593821
0.2456647 1.409052 2.168115
0.1732175 1.423612 2.178627
0.1611908 1.438102 2.163934
0.1816904 1.456428 2.177262
85
0.1314638 1.199385 2.653736
0.11897 1.521044 2.627055
0.1076185 1.843166 2.583923
0.1429073 1.981935 2.571539
-0.04254823 1.712597 2.55742
-0.1017058 1.515185 2.513538
0.09865373 1.364065 2.339161
0.1626329 1.305552 2.255713
0.2747963 1.720153 2.597699
0.2967239 1.430359 2.534956
0.1803843 1.406504 2.288365
0.1687135 1.349677 2.243446
0.0584878 1.196809 2.601942
0.03767283 0.7764844 2.638108
0.05626835 0.4086749 2.68592
0.01901535 0.3859991 2.525967
0.2007907 1.198995 2.629828
0.2286745 0.769757 2.642007
0.2261804 0.4092727 2.696335
0.2415661 0.3851405 2.536918
0.1101515 1.763404 2.596219
0.2037503 1.276219 2.230294
0.1573019 1.283289 2.231421
0.1610288 1.300345 2.215379
0.1874639 1.353419 2.210152
86
0.1314638 1.199385 2.653736
0.11897 1.521044 2.627055
0.1076185 1.843166 2.583923
0.1429073 1.981935 2.571539
-0.04254823 1.712597 2.55742
-0.1017058 1.515185 2.513538
0.09865373 1.364065 2.339161
0.1626329 1.305552 2.255713
0.2747963 1.720153 2.597699
0.2967239 1.430359 2.534956
0.1803843 1.406504 2.288365
0.1687135 1.349677 2.243446
0.0584878 1.196809 2.601942
0.03767283 0.7764844 2.638108
0.05626835 0.4086749 2.68592
0.01901535 0.3859991 2.525967
0.2007907 1.198995 2.629828
0.2286745 0.769757 2.642007
0.2261804 0.4092727 2.696335
0.2415661 0.3851405 2.536918
0.1101515 1.763404 2.596219
0.2037503 1.276219 2.230294
0.1573019 1.283289 2.231421
0.1610288 1.300345 2.215379
0.1874639 1.353419 2.210152
87
0.1316289 1.202547 2.652959
0.1195149 1.523356 2.627733
0.1084838 1.844052 2.586465
0.1431036 1.982027 2.574107
-0.04342626 1.713868 2.560155
-0.1030702 1.511407 2.516279
0.06296989 1.284377 2.373321
0.1062335 1.220654 2.328793
0.2740562 1.723455 2.601109
0.2969048 1.429025 2.545892
0.2064025 1.299541 2.290017
0.1864391 1.278265 2.280733
0.05914766 1.199786 2.600392
0.03763806 0.7764468 2.637913
0.05628819 0.4092379 2.685878
0.01923421 0.3865955 2.526939
0.2004385 1.201963 2.629897
0.2287119 0.7696638 2.641807
0.2260799 0.4093226 2.696286
0.2416596 0.3850866 2.536733
0.1108638 1.764557 2.598173
0.1533578 1.170692 2.313142
0.1062243 1.203268 2.340596
0.1533689 1.217221 2.300228
0.1975071 1.293079 2.238809
88
0.1316607 1.204598 2.652341
0.119894 1.525056 2.628177
0.1091598 1.844762 2.588334
0.1431992 1.982092 2.575927
-0.04408854 1.714782 2.562316
-0.101903 1.502796 2.523475
0.03025387 1.221071 2.409947
0.07276705 1.156001 2.394737
0.2736306 1.72563 2.603396
0.3221517 1.456771 2.590949
0.2693741 1.297289 2.42914
0.2319355 1.226951 2.360822
0.05944927 1.201765 2.599329
0.03760647 0.7764373 2.637725
0.05633735 0.409384 2.685896
0.01920923 0.3866344 2.526989
0.2000526 1.203847 2.629489
0.2287492 0.7696218 2.641604
0.2259787 0.4092402 2.696249
0.2417821 0.3849763 2.537031
0.11143 1.765486 2.599648
0.1147041 1.096031 2.393557
0.113798 1.182533 2.435588
0.2156112 1.170154 2.307487
0.2574134 1.279449 2.371141
89
0.1316607 1.204598 2.652341
0.119894 1.525056 2.628177
0.1091598 1.844762 2.588334
0.1431992 1.982092 2.575927
-0.04408854 1.714782 2.562316
-0.101903 1.502796 2.523475
0.03025387 1.221071 2.409947
0.07276705 1.156001 2.394737
0.2736306 1.72563 2.603396
0.3221517 1.456771 2.590949
0.2693741 1.297289 2.42914
0.2319355 1.226951 2.360822
0.05944927 1.201765 2.599329
0.03760647 0.7764373 2.637725
0.05633735 0.409384 2.685896
0.01920923 0.3866344 2.526989
0.2000526 1.203847 2.629489
0.2287492 0.7696218 2.641604
0.2259787 0.4092402 2.696249
0.2417821 0.3849763 2.537031
0.11143 1.765486 2.599648
0.1147041 1.096031 2.393557
0.113798 1.182533 2.435588
0.2156112 1.170154 2.307487
0.2574134 1.279449 2.371141
90
0.1316607 1.204598 2.652341
0.119894 1.525056 2.628177
0.1091598 1.844762 2.588334
0.1431992 1.982092 2.575927
-0.04408854 1.714782 2.562316
-0.101903 1.502796 2.523475
0.03025387 1.221071 2.409947
0.07276705 1.156001 2.394737
0.2736306 1.72563 2.603396
0.3221517 1.456771 2.590949
0.2693741 1.297289 2.42914
0.2319355 1.226951 2.360822
0.05944927 1.201765 2.599329
0.03760647 0.7764373 2.637725
0.05633735 0.409384 2.685896
0.01920923 0.3866344 2.526989
0.2000526 1.203847 2.629489
0.2287492 0.7696218 2.641604
0.2259787 0.4092402 2.696249
0.2417821 0.3849763 2.537031
0.11143 1.765486 2.599648
0.1147041 1.096031 2.393557
0.113798 1.182533 2.435588
0.2156112 1.170154 2.307487
0.2574134 1.279449 2.371141
91
0.1313161 1.20584 2.651248
0.1201586 1.526272 2.628335
0.1096959 1.845309 2.589669
0.1431417 1.982159 2.577047
-0.04458728 1.715426 2.56397
-0.09951668 1.494795 2.531512
-0.01439403 1.226699 2.458189
0.02192602 1.146371 2.445764
0.2734626 1.727098 2.605081
0.3305338 1.465354 2.606687
0.2935978 1.224837 2.456741
0.2712199 1.152264 2.408451
0.05907699 1.202968 2.598273
0.03757163 0.7764391 2.637535
0.05639973 0.4095131 2.685925
0.01918826 0.3866417 2.526976
0.1996147 1.204539 2.62758
0.2287784 0.7696509 2.641363
0.225904 0.4093253 2.696198
0.2403643 0.3856821 2.541593
0.111887 1.766205 2.600698
0.05459967 1.076938 2.427432
0.0519766 1.179508 2.472044
0.262471 1.078926 2.370903
0.2722489 1.16733 2.374604
92
0.1313161 1.20584 2.651248
0.1201586 1.526272 2.628335
0.1096959 1.845309 2.589669
0.1431417 1.982159 2.577047
-0.04458728 1.715426 2.56397
-0.09951668 1.494795 2.531512
-0.01439403 1.226699 2.458189
0.02192602 1.146371 2.445764
0.2734626 1.727098 2.605081
0.3305338 1.465354 2.606687
0.2935978 1.224837 2.456741
0.2712199 1.152264 2.408451
0.05907699 1.202968 2.598273
0.03757163 0.7764391 2.637535
0.05639973 0.4095131 2.685925
0.01918826 0.3866417 2.526976
0.1996147 1.204539 2.62758
0.2287784 0.7696509 2.641363
0.225904 0.4093253 2.696198
0.2403643 0.3856821 2.541593
0.111887 1.766205 2.600698
0.05459967 1.076938 2.427432
0.0519766 1.179508 2.472044
0.262471 1.078926 2.370903
0.2722489 1.16733 2.374604
93
0.1308758 1.206274 2.649685
0.1203761 1.527207 2.628278
0.1101059 1.845731 2.590603
0.1429374 1.982235 2.577496
-0.04518446 1.716172 2.565938
-0.09644172 1.485365 2.542901
-0.04931889 1.241328 2.501246
-0.006852534 1.16511 2.499131
0.2746061 1.726819 2.606599
0.3210467 1.446719 2.588547
0.3202899 1.177909 2.499775
0.3100925 1.088129 2.469094
0.05842138 1.203513 2.597233
0.03754205 0.7764834 2.637322
0.05644538 0.4096488 2.68596
0.01915252 0.3866538 2.527024
0.1995381 1.204061 2.624493
0.2287021 0.769437 2.641158
0.2258523 0.4090005 2.696213
0.2402917 0.3855102 2.543172
0.1122486 1.766764 2.601419
0.01713783 1.087072 2.464333
0.04408546 1.225578 2.489147
0.3144551 1.011844 2.460831
0.2998086 1.103475 2.425983
94
0.1308758 1.206274 2.649685
0.1203761 1.527207 2.628278
0.1101059 1.845731 2.590603
0.1429374 1.982235 2.577496
-0.04518446 1.716172 2.565938
-0.09644172 1.485365 2.542901
-0.04931889 1.241328 2.501246
-0.006852534 1.16511 2.499131
0.2746061 1.726819 2.606599
0.3210467 1.446719 2.588547
0.3202899 1.177909 2.499775
0.3100925 1.088129 2.469094
0.05842138 1.203513 2.597233
0.03754205 0.7764834 2.637322
0.05644538 0.4096488 2.68596
0.01915252 0.3866538 2.527024
0.1995381 1.204061 2.624493
0.2287021 0.769437 2.641158
0.2258523 0.4090005 2.696213
0.2402917 0.3855102 2.543172
0.1122486 1.766764 2.601419
0.01713783 1.087072 2.464333
0.04408546 1.225578 2.489147
0.3144551 1.011844 2.460831
0.2998086 1.103475 2.425983
95
0.1312096 1.205978 2.647583
0.1207634 1.528021 2.62784
0.1104504 1.84608 2.591213
0.1425939 1.982411 2.577094
-0.04582304 1.717013 2.567946
-0.09461309 1.477582 2.553254
-0.0741123 1.210694 2.532125
-0.04215289 1.123464 2.535868
0.2766762 1.725068 2.60753
0.3191106 1.438115 2.584952
0.3445992 1.123519 2.552157
0.3392977 1.050304 2.53686
0.05809726 1.203572 2.596241
0.03752014 0.7765465 2.637101
0.05647024 0.4097606 2.686005
0.01910828 0.3866357 2.527044
0.2014926 1.202724 2.620094
0.2286121 0.7691976 2.640974
0.2258132 0.4087225 2.696224
0.2403618 0.3854313 2.544999
0.1126011 1.767247 2.601859
-0.02991641 1.04105 2.516569
0.003976265 1.16907 2.523862
0.3474825 0.9820811 2.538131
0.3244673 1.058158 2.493394
96
0.1315558 1.205438 2.645786
0.1211583 1.528668 2.62722
0.1107742 1.846421 2.591518
0.142201 1.982594 2.576044
-0.04632816 1.71769 2.569574
-0.09357109 1.471307 2.561455
-0.0857776 1.20675 2.548009
-0.05934568 1.120511 2.557538
0.278955 1.722826 2.607878
0.318788 1.433523 2.585209
0.3504863 1.136609 2.583805
0.3495392 1.059252 2.595647
0.05775958 1.203347 2.595439
0.0375046 0.7766268 2.636875
0.05648905 0.4098334 2.686059
0.01899345 0.3865602 2.526968
0.2031309 1.201465 2.616725
0.2285234 0.7690204 2.640805
0.2257865 0.4086708 2.696193
0.2404087 0.3855748 2.546657
0.112953 1.767706 2.602023
-0.05579972 1.038384 2.543982
-0.01194732 1.160085 2.544154
0.3678316 0.985745 2.599903
0.374981 1.05757 2.575191
97
0.1315558 1.205438 2.645786
0.1211583 1.528668 2.62722
0.1107742 1.846421 2.591518
0.142201 1.982594 2.576044
-0.04632816 1.71769 2.569574
-0.09357109 1.471307 2.561455
-0.0857776 1.20675 2.548009
-0.05934568 1.120511 2.557538
0.278955 1.722826 2.607878
0.318788 1.433523 2.585209
0.3504863 1.136609 2.583805
0.3495392 1.059252 2.595647
0.05775958 1.203347 2.595439
0.0375046 0.7766268 2.636875
0.05648905 0.4098334 2.686059
0.01899345 0.3865602 2.526968
0.2031309 1.201465 2.616725
0.2285234 0.7690204 2.640805
0.2257865 0.4086708 2.696193
0.2404087 0.3855748 2.546657
0.112953 1.767706 2.602023
-0.05579972 1.038384 2.543982
-0.01194732 1.160085 2.544154
0.3678316 0.985745 2.599903
0.374981 1.05757 2.575191
98
0.131819 1.204801 2.644395
0.121508 1.529151 2.626554
0.1111549 1.846799 2.591431
0.1417468 1.982815 2.574234
-0.0467679 1.718238 2.570864
-0.09302694 1.465166 2.568487
-0.09718167 1.210939 2.564937
-0.07974666 1.130701 2.578595
0.2813271 1.72003 2.607283
0.3203453 1.439737 2.593648
0.3606605 1.147084 2.615856
0.3623241 1.067779 2.640413
0.05736933 1.202908 2.594888
0.03749181 0.7767103 2.636664
0.05648669 0.4099052 2.686082
0.01887722 0.3864661 2.52656
0.2043368 1.200383 2.614318
0.2284395 0.7688902 2.640651
0.2257449 0.4086939 2.696166
0.2404725 0.3857309 2.54789
0.1133368 1.768158 2.601895
-0.08386032 1.054412 2.567599
-0.0287453 1.159783 2.554255
0.3795942 0.9975735 2.656159
0.3917713 1.078652 2.625632
99
0.131819 1.204801 2.644395
0.121508 1.529151 2.626554
0.1111549 1.846799 2.591431
0.1417468 1.982815 2.574234
-0.0467679 1.718238 2.570864
-0.09302694 1.465166 2.568487
-0.09718167 1.210939 2.564937
-0.07974666 1.130701 2.578595
0.2813271 1.72003 2.607283
0.3203453 1.439737 2.593648
0.3606605 1.147084 2.615856
0.3623241 1.067779 2.640413
0.05736933 1.202908 2.594888
0.03749181 0.7767103 2.636664
0.05648669 0.4099052 2.686082
0.01887722 0.3864661 2.52656
0.2043368 1.200383 2.614318
0.2284395 0.7688902 2.640651
0.2257449 0.4086939 2.696166
0.2404725 0.3857309 2.54789
0.1133368 1.768158 2.601895
-0.08386032 1.054412 2.567599
-0.0287453 1.159783 2.554255
0.3795942 0.9975735 2.656159
0.3917713 1.078652 2.625632
100
0.131819 1.204801 2.644395
0.121508 1.529151 2.626554
0.1111549 1.846799 2.591431
0.1417468 1.982815 2.574234
-0.0467679 1.718238 2.570864
-0.09302694 1.465166 2.568487
-0.09718167 1.210939 2.564937
-0.07974666 1.130701 2.578595
0.2813271 1.72003 2.607283
0.3203453 1.439737 2.593648
0.3606605 1.147084 2.615856
0.3623241 1.067779 2.640413
0.05736933 1.202908 2.594888
0.03749181 0.7767103 2.636664
0.05648669 0.4099052 2.686082
0.01887722 0.3864661 2.52656
0.2043368 1.200383 2.614318
0.2284395 0.7688902 2.640651
0.2257449 0.4086939 2.696166
0.2404725 0.3857309 2.54789
0.1133368 1.768158 2.601895
-0.08386032 1.054412 2.567599
-0.0287453 1.159783 2.554255
0.3795942 0.9975735 2.656159
0.3917713 1.078652 2.625632
101
0.1319565 1.204208 2.643552
0.1218048 1.529507 2.625925
0.1116377 1.84727 2.59084
0.141328 1.983201 2.571711
-0.04709397 1.718687 2.571847
-0.09291217 1.461185 2.573112
-0.1036808 1.214065 2.575296
-0.09156664 1.129513 2.592631
0.2831652 1.717441 2.606031
0.3222292 1.44025 2.601271
0.3721955 1.137888 2.646391
0.3699023 1.075222 2.671599
0.05689368 1.20231 2.594772
0.03737189 0.7770412 2.636375
0.05648843 0.4099729 2.686122
0.01871234 0.3864096 2.526771
0.2051103 1.199537 2.612829
0.2283591 0.7687776 2.64051
0.225703 0.4086649 2.696155
0.2404267 0.3858202 2.549017
0.1137696 1.768637 2.601458
-0.1026253 1.051955 2.588579
-0.04042266 1.155364 2.559538
0.3843253 1.011678 2.691443
0.4094459 1.06833 2.667711
102
0.1319565 1.204208 2.643552
0.1218048 1.529507 2.625925
0.1116377 1.84727 2.59084
0.141328 1.983201 2.571711
-0.04709397 1.718687 2.571847
-0.09291217 1.461185 2.573112
-0.1036808 1.214065 2.575296
-0.09156664 1.129513 2.592631
0.2831652 1.717441 2.606031
0.3222292 1.44025 2.601271
0.3721955 1.137888 2.646391
0.3699023 1.075222 2.671599
0.05689368 1.20231 2.594772
0.03737189 0.7770412 2.636375
0.05648843 0.4099729 2.686122
0.01871234 0.3864096 2.526771
0.2051103 1.199537 2.612829
0.2283591 0.7687776 2.64051
0.225703 0.4086649 2.696155
0.2404267 0.3858202 2.549017
0.1137696 1.768637 2.601458
-0.1026253 1.051955 2.588579
-0.04042266 1.155364 2.559538
0.3843253 1.011678 2.691443
0.4094459 1.06833 2.667711
103
0.1319661 1.203584 2.643052
0.1220447 1.52976 2.625322
0.1122063 1.847793 2.589591
0.1409794 1.983615 2.568999
-0.04734688 1.719147 2.572626
-0.09304566 1.458779 2.57657
-0.1079907 1.21504 2.58246
-0.09788948 1.130352 2.600081
0.2845046 1.715173 2.604385
0.3253456 1.437345 2.612935
0.3728919 1.174356 2.660647
0.3774754 1.094039 2.69276
0.05625167 1.201502 2.595025
0.03723699 0.7774186 2.636106
0.05648785 0.409985 2.686172
0.01855802 0.3862787 2.526777
0.2055774 1.198861 2.611899
0.2282834 0.7686891 2.64038
0.2256802 0.4084862 2.696186
0.2408356 0.3857135 2.549905
0.1142365 1.769124 2.600621
-0.1109981 1.053872 2.599082
-0.04756268 1.150121 2.564383
0.3861002 1.035253 2.709033
0.4111921 1.105855 2.681877
104
0.1319661 1.203584 2.643052
0.1220447 1.52976 2.625322
0.1122063 1.847793 2.589591
0.1409794 1.983615 2.568999
-0.04734688 1.719147 2.572626
-0.09304566 1.458779 2.57657
-0.1079907 1.21504 2.58246
-0.09788948 1.130352 2.600081
0.2845046 1.715173 2.604385
0.3253456 1.437345 2.612935
0.3728919 1.174356 2.660647
0.3774754 1.094039 2.69276
0.05625167 1.201502 2.595025
0.03723699 0.7774186 2.636106
0.05648785 0.409985 2.686172
0.01855802 0.3862787 2.526777
0.2055774 1.198861 2.611899
0.2282834 0.7686891 2.64038
0.2256802 0.4084862 2.696186
0.2408356 0.3857135 2.549905
0.1142365 1.769124 2.600621
-0.1109981 1.053872 2.599082
-0.04756268 1.150121 2.564383
0.3861002 1.035253 2.709033
0.4111921 1.105855 2.681877
105
0.1318494 1.202898 2.642891
0.1222369 1.529936 2.624784
0.1127585 1.848281 2.588158
0.1406123 1.983952 2.566136
-0.04753838 1.719531 2.573221
-0.0937745 1.456932 2.580189
-0.107546 1.204535 2.589791
-0.100372 1.126361 2.606367
0.285449 1.713462 2.603002
0.3277903 1.435235 2.62233
0.3760839 1.177992 2.671871
0.3824475 1.09812 2.70905
0.05544655 1.200549 2.5957
0.03704585 0.7778321 2.635882
0.05645261 0.4099487 2.68621
0.01839793 0.3861271 2.526756
0.2058494 1.198249 2.611383
0.2281973 0.7688462 2.640152
0.2256632 0.4083735 2.696224
0.241246 0.3856466 2.550822
0.1146777 1.769565 2.59966
-0.1111096 1.04435 2.609958
-0.05063861 1.135406 2.570708
0.3871626 1.039347 2.715967
0.4123583 1.114521 2.691914
106
0.1316459 1.202156 2.643029
0.1223933 1.530048 2.6243
0.1133701 1.848682 2.586383
0.1402722 1.984264 2.563025
-0.04768653 1.719872 2.573656
-0.0953066 1.455481 2.584363
-0.1092856 1.215215 2.599084
-0.1030692 1.133706 2.608445
0.2861145 1.712174 2.601865
0.3300155 1.43413 2.630223
0.3780512 1.179807 2.678806
0.3832934 1.102559 2.711051
0.05464039 1.199613 2.596617
0.03677518 0.7782657 2.635707
0.05636894 0.4098814 2.68626
0.0182375 0.3859598 2.526722
0.2059633 1.197596 2.611256
0.2281176 0.7690941 2.639893
0.2256532 0.4084155 2.696244
0.2415072 0.3857225 2.551691
0.1151476 1.769935 2.59847
-0.1082309 1.060988 2.609235
-0.05482708 1.134088 2.575047
0.3821431 1.042845 2.718295
0.4145451 1.122578 2.701999
107
0.1316459 1.202156 2.643029
0.1223933 1.530048 2.6243
0.1133701 1.848682 2.586383
0.1402722 1.984264 2.563025
-0.04768653 1.719872 2.573656
-0.0953066 1.455481 2.584363
-0.1092856 1.215215 2.599084
-0.1030692 1.133706 2.608445
0.2861145 1.712174 2.601865
0.3300155 1.43413 2.630223
0.3780512 1.179807 2.678806
0.3832934 1.102559 2.711051
0.05464039 1.199613 2.596617
0.03677518 0.7782657 2.635707
0.05636894 0.4098814 2.68626
0.0182375 0.3859598 2.526722
0.2059633 1.197596 2.611256
0.2281176 0.7690941 2.639893
0.2256532 0.4084155 2.696244
0.2415072 0.3857225 2.551691
0.1151476 1.769935 2.59847
-0.1082309 1.060988 2.609235
-0.05482708 1.134088 2.575047
0.3821431 1.042845 2.718295
0.4145451 1.122578 2.701999
108
0.1313751 1.201445 2.643385
0.122515 1.530118 2.623868
0.1139112 1.849001 2.58459
0.1399889 1.984577 2.560059
-0.04779211 1.720213 2.573951
-0.09671614 1.454624 2.587514
-0.1100651 1.220205 2.603658
-0.1037705 1.137409 2.609306
0.286595 1.711224 2.60094
0.3318189 1.433685 2.636145
0.3788085 1.178902 2.681588
0.3799123 1.103638 2.700914
0.05388665 1.198799 2.597622
0.03631802 0.7790059 2.635581
0.05615982 0.4098659 2.686306
0.01821036 0.3859592 2.527176
0.2059257 1.196955 2.611454
0.2280567 0.7694556 2.639597
0.2256433 0.4086411 2.696246
0.2415424 0.3858565 2.551799
0.1155697 1.770241 2.597226
-0.10483 1.06758 2.60901
-0.05721196 1.134215 2.577988
0.3715517 1.03843 2.703132
0.4046357 1.115968 2.685232
109
0.1313751 1.201445 2.643385
0.122515 1.530118 2.623868
0.1139112 1.849001 2.58459
0.1399889 1.984577 2.560059
-0.04779211 1.720213 2.573951
-0.09671614 1.454624 2.587514
-0.1100651 1.220205 2.603658
-0.1037705 1.137409 2.609306
0.286595 1.711224 2.60094
0.3318189 1.433685 2.636145
0.3788085 1.178902 2.681588
0.3799123 1.103638 2.700914
0.05388665 1.198799 2.597622
0.03631802 0.7790059 2.635581
0.05615982 0.4098659 2.686306
0.01821036 0.3859592 2.527176
0.2059257 1.196955 2.611454
0.2280567 0.7694556 2.639597
0.2256433 0.4086411 2.696246
0.2415424 0.3858565 2.551799
0.1155697 1.770241 2.597226
-0.10483 1.06758 2.60901
-0.05721196 1.134215 2.577988
0.3715517 1.03843 2.703132
0.4046357 1.115968 2.685232
110
0.1310747 1.200796 2.643862
0.122607 1.530157 2.623469
0.1143769 1.84927 2.582782
0.1397707 1.984813 2.557592
-0.04784203 1.72059 2.574103
-0.09793288 1.454003 2.589965
-0.1102832 1.223462 2.606184
-0.1032123 1.140834 2.608408
0.2869481 1.710544 2.600233
0.333289 1.433584 2.640321
0.3780653 1.175079 2.679979
0.3744813 1.101603 2.683107
0.05322956 1.198113 2.598574
0.03579117 0.7797762 2.635532
0.05576192 0.4098023 2.686417
0.01811341 0.3858982 2.52739
0.2057769 1.196369 2.611888
0.2279926 0.7700357 2.63924
0.2256448 0.4088377 2.696255
0.2416623 0.3859566 2.551961
0.1159422 1.770507 2.595916
-0.1021568 1.072429 2.606601
-0.05833955 1.134679 2.579792
0.3632328 1.036207 2.673379
0.3965416 1.104394 2.664974
111
0.1310747 1.200796 2.643862
0.122607 1.530157 2.623469
0.1143769 1.84927 2.582782
0.1397707 1.984813 2.557592
-0.04784203 1.72059 2.574103
-0.09793288 1.454003 2.589965
-0.1102832 1.223462 2.606184
-0.1032123 1.140834 2.608408
0.2869481 1.710544 2.600233
0.333289 1.433584 2.640321
0.3780653 1.175079 2.679979
0.3744813 1.101603 2.683107
0.05322956 1.198113 2.598574
0.03579117 0.7797762 2.635532
0.05576192 0.4098023 2.686417
0.01811341 0.3858982 2.52739
0.2057769 1.196369 2.611888
0.2279926 0.7700357 2.63924
0.2256448 0.4088377 2.696255
0.2416623 0.3859566 2.551961
0.1159422 1.770507 2.595916
-0.1021568 1.072429 2.606601
-0.05833955 1.134679 2.579792
0.3632328 1.036207 2.673379
0.3965416 1.104394 2.664974
112
0.1310747 1.200796 2.643862
0.122607 1.530157 2.623469
0.1143769 1.84927 2.582782
0.1397707 1.984813 2.557592
-0.04784203 1.72059 2.574103
-0.09793288 1.454003 2.589965
-0.1102832 1.223462 2.606184
-0.1032123 1.140834 2.608408
0.2869481 1.710544 2.600233
0.333289 1.433584 2.640321
0.3780653 1.175079 2.679979
0.3744813 1.101603 2.683107
0.05322956 1.198113 2.598574
0.03579117 0.7797762 2.635532
0.05576192 0.4098023 2.686417
0.01811341 0.3858982 2.52739
0.2057769 1.196369 2.611888
0.2279926 0.7700357 2.63924
0.2256448 0.4088377 2.696255
0.2416623 0.3859566 2.551961
0.1159422 1.770507 2.595916
-0.1021568 1.072429 2.606601
-0.05833955 1.134679 2.579792
0.3632328 1.036207 2.673379
0.3965416 1.104394 2.664974
113
0.1307737 1.200187 2.644462
0.1226786 1.530173 2.623121
0.1147611 1.849493 2.581204
0.1396192 1.984994 2.555608
-0.04784421 1.720994 2.574151
-0.09891249 1.453601 2.591751
-0.1096281 1.223619 2.606945
-0.1003522 1.13958 2.605639
0.2872015 1.710048 2.599686
0.3346764 1.434523 2.643399
0.374197 1.177117 2.674029
0.3657557 1.099466 2.662708
0.05267431 1.197507 2.599506
0.0352669 0.7804365 2.635542
0.05511568 0.4094927 2.686453
0.01782757 0.3856131 2.527002
0.2055635 1.195827 2.612537
0.2279645 0.7705128 2.638955
0.2256455 0.4090663 2.69625
0.241489 0.3862292 2.552826
0.1162602 1.770728 2.594725
-0.09773811 1.06921 2.602931
-0.05783734 1.135771 2.579724
0.3576482 1.03252 2.661133
0.3874967 1.104395 2.645212
114
0.1307737 1.200187 2.644462
0.1226786 1.530173 2.623121
0.1147611 1.849493 2.581204
0.1396192 1.984994 2.555608
-0.04784421 1.720994 2.574151
-0.09891249 1.453601 2.591751
-0.1096281 1.223619 2.606945
-0.1003522 1.13958 2.605639
0.2872015 1.710048 2.599686
0.3346764 1.434523 2.643399
0.374197 1.177117 2.674029
0.3657557 1.099466 2.662708
0.05267431 1.197507 2.599506
0.0352669 0.7804365 2.635542
0.05511568 0.4094927 2.686453
0.01782757 0.3856131 2.527002
0.2055635 1.195827 2.612537
0.2279645 0.7705128 2.638955
0.2256455 0.4090663 2.69625
0.241489 0.3862292 2.552826
0.1162602 1.770728 2.594725
-0.09773811 1.06921 2.602931
-0.05783734 1.135771 2.579724
0.3576482 1.03252 2.661133
0.3874967 1.104395 2.645212
115
0.13047 1.199661 2.645119
0.122733 1.530175 2.622817
0.1150714 1.849662 2.579871
0.1395061 1.985117 2.553993
-0.04781273 1.72143 2.574111
-0.09967973 1.45337 2.59302
-0.1084306 1.223657 2.606162
-0.09373777 1.137618 2.599141
0.2873912 1.709686 2.599267
0.3360561 1.442926 2.64408
0.3701312 1.179076 2.667949
0.3589305 1.098977 2.648034
0.05218449 1.197019 2.600433
0.03475814 0.781104 2.635581
0.05429543 0.4093367 2.686573
0.01769743 0.3855281 2.527013
0.2053106 1.195363 2.613252
0.2279454 0.7709509 2.638711
0.2256517 0.4091573 2.696269
0.2412756 0.3863678 2.553642
0.1165242 1.770902 2.593679
-0.09087347 1.064498 2.595328
-0.05530575 1.137385 2.577417
0.3526998 1.030372 2.64832
0.3797115 1.098056 2.624352
116
0.13047 1.199661 2.645119
0.122733 1.530175 2.622817
0.1150714 1.849662 2.579871
0.1395061 1.985117 2.553993
-0.04781273 1.72143 2.574111
-0.09967973 1.45337 2.59302
-0.1084306 1.223657 2.606162
-0.09373777 1.137618 2.599141
0.2873912 1.709686 2.599267
0.3360561 1.442926 2.64408
0.3701312 1.179076 2.667949
0.3589305 1.098977 2.648034
0.05218449 1.197019 2.600433
0.03475814 0.781104 2.635581
0.05429543 0.4093367 2.686573
0.01769743 0.3855281 2.527013
0.2053106 1.195363 2.613252
0.2279454 0.7709509 2.638711
0.2256517 0.4091573 2.696269
0.2412756 0.3863678 2.553642
0.1165242 1.770902 2.593679
-0.09087347 1.064498 2.595328
-0.05530575 1.137385 2.577417
0.3526998 1.030372 2.64832
0.3797115 1.098056 2.624352
117
0.1302059 1.199223 2.645729
0.1227751 1.530165 2.622551
0.1153096 1.849784 2.578807
0.139432 1.985211 2.552748
-0.04776796 1.72186 2.574012
-0.1003278 1.453322 2.593827
-0.1059225 1.222395 2.601124
-0.08589241 1.135502 2.588191
0.2875465 1.709427 2.598983
0.3367334 1.453651 2.642122
0.3631719 1.183543 2.6571
0.350176 1.100589 2.632361
0.05179508 1.196631 2.601236
0.03432299 0.7816702 2.63563
0.05370715 0.4092346 2.686749
0.01755114 0.3853939 2.526762
0.2050694 1.194982 2.613929
0.2279447 0.7713252 2.638515
0.2256815 0.4092216 2.696298
0.241116 0.3864618 2.554276
0.1167353 1.771033 2.592806
-0.08389851 1.060162 2.58789
-0.05040702 1.140034 2.569614
0.3478799 1.030175 2.630374
0.372432 1.099467 2.605327
118
0.1302059 1.199223 2.645729
0.1227751 1.530165 2.622551
0.1153096 1.849784 2.578807
0.139432 1.985211 2.552748
-0.04776796 1.72186 2.574012
-0.1003278 1.453322 2.593827
-0.1059225 1.222395 2.601124
-0.08589241 1.135502 2.588191
0.2875465 1.709427 2.598983
0.3367334 1.453651 2.642122
0.3631719 1.183543 2.6571
0.350176 1.100589 2.632361
0.05179508 1.196631 2.601236
0.03432299 0.7816702 2.63563
0.05370715 0.4092346 2.686749
0.01755114 0.3853939 2.526762
0.2050694 1.194982 2.613929
0.2279447 0.7713252 2.638515
0.2256815 0.4092216 2.696298
0.241116 0.3864618 2.554276
0.1167353 1.771033 2.592806
-0.08389851 1.060162 2.58789
-0.05040702 1.140034 2.569614
0.3478799 1.030175 2.630374
0.372432 1.099467 2.605327
119
0.1300032 1.19887 2.646293
0.1228094 1.530149 2.622319
0.1154905 1.849872 2.577963
0.1393849 1.985282 2.551822
-0.04771034 1.722274 2.573882
-0.101069 1.453668 2.594131
-0.1014999 1.220606 2.591115
-0.07792693 1.133597 2.577494
0.2876629 1.709242 2.598793
0.3369545 1.463383 2.638622
0.3528965 1.19579 2.641467
0.3410421 1.108432 2.617692
0.05150421 1.196324 2.601927
0.03397447 0.7821718 2.635687
0.05323423 0.40916 2.686924
0.01747161 0.3853045 2.526696
0.2048822 1.194691 2.614566
0.2279613 0.771697 2.638367
0.2257331 0.4092628 2.696342
0.2411956 0.386563 2.555026
0.1169032 1.771132 2.592085
-0.07480098 1.056101 2.580193
-0.04384345 1.142273 2.558354
0.3425305 1.036144 2.61047
0.3652247 1.100496 2.593579
120
0.1300032 1.19887 2.646293
0.1228094 1.530149 2.622319
0.1154905 1.849872 2.577963
0.1393849 1.985282 2.551822
-0.04771034 1.722274 2.573882
-0.101069 1.453668 2.594131
-0.1014999 1.220606 2.591115
-0.07792693 1.133597 2.577494
0.2876629 1.709242 2.598793
0.3369545 1.463383 2.638622
0.3528965 1.19579 2.641467
0.3410421 1.108432 2.617692
0.05150421 1.196324 2.601927
0.03397447 0.7821718 2.635687
0.05323423 0.40916 2.686924
0.01747161 0.3853045 2.526696
0.2048822 1.194691 2.614566
0.2279613 0.771697 2.638367
0.2257331 0.4092628 2.696342
0.2411956 0.386563 2.555026
0.1169032 1.771132 2.592085
-0.07480098 1.056101 2.580193
-0.04384345 1.142273 2.558354
0.3425305 1.036144 2.61047
0.3652247 1.100496 2.593579
121
0.1298789 1.198614 2.646728
0.1228405 1.53013 2.622103
0.1156246 1.849937 2.577305
0.1393542 1.985335 2.55113
-0.04764476 1.722665 2.573737
-0.1023179 1.456421 2.592361
-0.09573314 1.22165 2.579257
-0.0670611 1.138153 2.563078
0.2877529 1.709105 2.598655
0.3369147 1.477522 2.630321
0.3482795 1.203496 2.633267
0.3327256 1.121017 2.603822
0.05131661 1.196109 2.602442
0.03374002 0.782654 2.635712
0.0529682 0.4091446 2.687074
0.01741957 0.3852556 2.526657
0.2047699 1.194487 2.615063
0.2279973 0.7720253 2.638244
0.2257871 0.4093256 2.696382
0.2412263 0.3866523 2.55552
0.1170333 1.771206 2.591501
-0.06260569 1.058574 2.562586
-0.03475146 1.149153 2.547218
0.3393054 1.048136 2.592618
0.3583625 1.102481 2.584807
122
0.1298789 1.198614 2.646728
0.1228405 1.53013 2.622103
0.1156246 1.849937 2.577305
0.1393542 1.985335 2.55113
-0.04764476 1.722665 2.573737
-0.1023179 1.456421 2.592361
-0.09573314 1.22165 2.579257
-0.0670611 1.138153 2.563078
0.2877529 1.709105 2.598655
0.3369147 1.477522 2.630321
0.3482795 1.203496 2.633267
0.3327256 1.121017 2.603822
0.05131661 1.196109 2.602442
0.03374002 0.782654 2.635712
0.0529682 0.4091446 2.687074
0.01741957 0.3852556 2.526657
0.2047699 1.194487 2.615063
0.2279973 0.7720253 2.638244
0.2257871 0.4093256 2.696382
0.2412263 0.3866523 2.55552
0.1170333 1.771206 2.591501
-0.06260569 1.058574 2.562586
-0.03475146 1.149153 2.547218
0.3393054 1.048136 2.592618
0.3583625 1.102481 2.584807
123
0.1298113 1.198428 2.647026
0.1228734 1.530103 2.621884
0.115724 1.849979 2.576792
0.1393338 1.985375 2.550615
-0.0475774 1.723011 2.573584
-0.1033982 1.459145 2.589895
-0.08991581 1.224266 2.567429
-0.05871288 1.139883 2.551736
0.2878262 1.709002 2.598557
0.327069 1.456661 2.626326
0.3387918 1.18872 2.629099
0.3255762 1.112074 2.589781
0.05120105 1.195961 2.602771
0.0336026 0.7830815 2.635715
0.05279459 0.4091339 2.687212
0.01742142 0.3852349 2.526852
0.2047128 1.194338 2.615427
0.2280327 0.7722895 2.638151
0.2258732 0.4094677 2.696419
0.2411838 0.3868485 2.556144
0.1171354 1.771259 2.591024
-0.05399671 1.060826 2.547419
-0.02680105 1.154982 2.533318
0.3358642 1.048082 2.584562
0.3517552 1.095999 2.577811
124
0.1298113 1.198428 2.647026
0.1228734 1.530103 2.621884
0.115724 1.849979 2.576792
0.1393338 1.985375 2.550615
-0.0475774 1.723011 2.573584
-0.1033982 1.459145 2.589895
-0.08991581 1.224266 2.567429
-0.05871288 1.139883 2.551736
0.2878262 1.709002 2.598557
0.327069 1.456661 2.626326
0.3387918 1.18872 2.629099
0.3255762 1.112074 2.589781
0.05120105 1.195961 2.602771
0.0336026 0.7830815 2.635715
0.05279459 0.4091339 2.687212
0.01742142 0.3852349 2.526852
0.2047128 1.194338 2.615427
0.2280327 0.7722895 2.638151
0.2258732 0.4094677 2.696419
0.2411838 0.3868485 2.556144
0.1171354 1.771259 2.591024
-0.05399671 1.060826 2.547419
-0.02680105 1.154982 2.533318
0.3358642 1.048082 2.584562
0.3517552 1.095999 2.577811
125
0.1297864 1.198301 2.647221
0.1229093 1.530077 2.621666
0.1157942 1.85001 2.576401
0.1393153 1.985407 2.550251
-0.0475156 1.723336 2.57343
-0.1041497 1.461508 2.587178
-0.08546968 1.226625 2.559484
-0.0516746 1.14355 2.542297
0.287887 1.708924 2.598493
0.3216749 1.444733 2.623661
0.3324057 1.177017 2.626442
0.3220255 1.109393 2.582587
0.05113158 1.195861 2.602987
0.03355357 0.7834172 2.635726
0.05269736 0.4090459 2.687298
0.01741831 0.3851302 2.526784
0.2047051 1.194239 2.615678
0.2280756 0.7725183 2.638079
0.2259704 0.4095575 2.696477
0.2412153 0.3869347 2.55642
0.1172139 1.771298 2.590641
-0.04645091 1.064782 2.532887
-0.0209322 1.159219 2.5257
0.3318522 1.046755 2.578983
0.3479426 1.094129 2.573555
126
0.1297864 1.198301 2.647221
0.1229093 1.530077 2.621666
0.1157942 1.85001 2.576401
0.1393153 1.985407 2.550251
-0.0475156 1.723336 2.57343
-0.1041497 1.461508 2.587178
-0.08546968 1.226625 2.559484
-0.0516746 1.14355 2.542297
0.287887 1.708924 2.598493
0.3216749 1.444733 2.623661
0.3324057 1.177017 2.626442
0.3220255 1.109393 2.582587
0.05113158 1.195861 2.602987
0.03355357 0.7834172 2.635726
0.05269736 0.4090459 2.687298
0.01741831 0.3851302 2.526784
0.2047051 1.194239 2.615678
0.2280756 0.7725183 2.638079
0.2259704 0.4095575 2.696477
0.2412153 0.3869347 2.55642
0.1172139 1.771298 2.590641
-0.04645091 1.064782 2.532887
-0.0209322 1.159219 2.5257
0.3318522 1.046755 2.578983
0.3479426 1.094129 2.573555
127
0.1298306 1.198202 2.647344
0.1229542 1.530048 2.621448
0.1158426 1.85003 2.576115
0.1393022 1.985433 2.549997
-0.04746023 1.723621 2.573284
-0.1044233 1.463359 2.584576
-0.08096029 1.228879 2.552536
-0.04581663 1.14687 2.534852
0.287943 1.708856 2.598463
0.31868 1.437448 2.622128
0.3283586 1.168268 2.624987
0.3196493 1.102467 2.575264
0.05113959 1.195785 2.603113
0.03360087 0.7837076 2.635761
0.05268034 0.409043 2.687416
0.0174499 0.385094 2.526719
0.2047725 1.194174 2.61585
0.2281181 0.772732 2.638019
0.2261072 0.4096788 2.696554
0.2415449 0.3872374 2.557896
0.1172743 1.771325 2.590337
-0.04001739 1.067135 2.525021
-0.01532481 1.161624 2.517991
0.3100365 1.023112 2.568961
0.343788 1.08298 2.567975
128
0.1298306 1.198202 2.647344
0.1229542 1.530048 2.621448
0.1158426 1.85003 2.576115
0.1393022 1.985433 2.549997
-0.04746023 1.723621 2.573284
-0.1044233 1.463359 2.584576
-0.08096029 1.228879 2.552536
-0.04581663 1.14687 2.534852
0.287943 1.708856 2.598463
0.31868 1.437448 2.622128
0.3283586 1.168268 2.624987
0.3196493 1.102467 2.575264
0.05113959 1.195785 2.603113
0.03360087 0.7837076 2.635761
0.05268034 0.409043 2.687416
0.0174499 0.385094 2.526719
0.2047725 1.194174 2.61585
0.2281181 0.772732 2.638019
0.2261072 0.4096788 2.696554
0.2415449 0.3872374 2.557896
0.1172743 1.771325 2.590337
-0.04001739 1.067135 2.525021
-0.01532481 1.161624 2.517991
0.3100365 1.023112 2.568961
0.343788 1.08298 2.567975
129
0.1300063 1.19813 2.647378
0.1230087 1.530021 2.621236
0.1158755 1.850044 2.575916
0.1392908 1.98546 2.549837
-0.0474106 1.723867 2.573151
-0.1043849 1.464711 2.582288
-0.07691274 1.230706 2.546699
-0.03939019 1.16072 2.526608
0.2879936 1.708797 2.598468
0.3234737 1.462989 2.603236
0.3288703 1.180456 2.61488
0.3194671 1.109483 2.571037
0.05128016 1.195733 2.603115
0.03371116 0.7839699 2.635815
0.05273743 0.4090784 2.687572
0.01747654 0.3850761 2.526678
0.2049804 1.194149 2.615947
0.2281526 0.7729031 2.63797
0.2262419 0.4093017 2.696718
0.241971 0.3864273 2.555656
0.1173201 1.771345 2.590105
-0.03259347 1.08269 2.512669
-0.007915263 1.176659 2.508202
0.3158917 1.031148 2.564528
0.3440412 1.081118 2.567311
130
0.1300063 1.19813 2.647378
0.1230087 1.530021 2.621236
0.1158755 1.850044 2.575916
0.1392908 1.98546 2.549837
-0.0474106 1.723867 2.573151
-0.1043849 1.464711 2.582288
-0.07691274 1.230706 2.546699
-0.03939019 1.16072 2.526608
0.2879936 1.708797 2.598468
0.3234737 1.462989 2.603236
0.3288703 1.180456 2.61488
0.3194671 1.109483 2.571037
0.05128016 1.195733 2.603115
0.03371116 0.7839699 2.635815
0.05273743 0.4090784 2.687572
0.01747654 0.3850761 2.526678
0.2049804 1.194149 2.615947
0.2281526 0.7729031 2.63797
0.2262419 0.4093017 2.696718
0.241971 0.3864273 2.555656
0.1173201 1.771345 2.590105
-0.03259347 1.08269 2.512669
-0.007915263 1.176659 2.508202
0.3158917 1.031148 2.564528
0.3440412 1.081118 2.567311
131
0.1303033 1.198082 2.64731
0.123066 1.529994 2.621033
0.1158946 1.850054 2.575774
0.1392678 1.9855 2.549793
-0.04738109 1.724072 2.57304
-0.1041908 1.46571 2.580367
-0.07370238 1.232041 2.542208
-0.03580738 1.167995 2.5219
0.2880356 1.708749 2.598487
0.3256309 1.473318 2.595847
0.3297827 1.189106 2.608556
0.3202501 1.115743 2.568039
0.05155782 1.195696 2.602955
0.03385558 0.7842012 2.635891
0.0528353 0.4090981 2.687721
0.0175392 0.3850541 2.526633
0.2053068 1.194162 2.615966
0.2281865 0.7730726 2.637927
0.2263823 0.4090886 2.696863
0.24246 0.3858932 2.554103
0.1173513 1.771358 2.589931
-0.02619052 1.091792 2.5038
-0.004269781 1.185547 2.501121
0.3213932 1.038034 2.560509
0.3462833 1.095599 2.564484
132
0.1303033 1.198082 2.64731
0.123066 1.529994 2.621033
0.1158946 1.850054 2.575774
0.1392678 1.9855 2.549793
-0.04738109 1.724072 2.57304
-0.1041908 1.46571 2.580367
-0.07370238 1.232041 2.542208
-0.03580738 1.167995 2.5219
0.2880356 1.708749 2.598487
0.3256309 1.473318 2.595847
0.3297827 1.189106 2.608556
0.3202501 1.115743 2.568039
0.05155782 1.195696 2.602955
0.03385558 0.7842012 2.635891
0.0528353 0.4090981 2.687721
0.0175392 0.3850541 2.526633
0.2053068 1.194162 2.615966
0.2281865 0.7730726 2.637927
0.2263823 0.4090886 2.696863
0.24246 0.3858932 2.554103
0.1173513 1.771358 2.589931
-0.02619052 1.091792 2.5038
-0.004269781 1.185547 2.501121
0.3213932 1.038034 2.560509
0.3462833 1.095599 2.564484
