92
1
0.08275233 0.8516883 3.900628
0.07970785 1.163747 3.91083
0.07562848 1.470789 3.91393
0.06963843 1.605461 3.895138
-0.1056819 1.35035 3.909884
-0.1483799 1.114511 3.932955
-0.1555431 0.8730323 3.875787
-0.1354215 0.8070859 3.844718
0.249882 1.362431 3.90408
0.3079734 1.131054 3.934163
0.3341146 0.9176214 3.895863
0.3200033 0.846289 3.867179
0.002453381 0.8524109 3.865399
-0.005079378 0.5477983 3.862162
0.04209796 0.1644075 3.918
0.03583105 0.1475259 3.807384
0.1615174 0.8539284 3.859756
0.1844184 0.5435326 3.875933
0.1703987 0.1755929 3.941762
0.1701604 0.1568612 3.837014
0.0765817 1.394392 3.915981
-0.1334598 0.7391158 3.833862
-0.1006548 0.8174335 3.819816
0.318208 0.7745466 3.866413
0.2872269 0.8527428 3.837114
2
0.08268423 0.8518276 3.901107
0.07966093 1.163857 3.911086
0.07561628 1.470864 3.913777
0.06964871 1.605553 3.89489
-0.1056503 1.35051 3.909952
-0.1448652 1.113441 3.927389
-0.151237 0.8721279 3.866662
-0.1311463 0.8075541 3.837212
0.2497856 1.362705 3.904199
0.3060807 1.130482 3.929121
0.3308735 0.9171813 3.890184
0.3176919 0.84614 3.862433
0.002364489 0.8525872 3.865996
-0.00523955 0.5478214 3.862435
0.04194811 0.1645147 3.918186
0.03580733 0.1476422 3.80738
0.1614753 0.8540416 3.860139
0.1844546 0.543478 3.876225
0.1701106 0.17569 3.942104
0.1701008 0.1568608 3.836982
0.07657317 1.394462 3.915937
-0.1297151 0.7360094 3.830471
-0.09634887 0.8136379 3.813153
0.3167513 0.7733249 3.863354
0.2863511 0.8368266 3.832817
3
0.08268423 0.8518276 3.901107
0.07966093 1.163857 3.911086
0.07561628 1.470864 3.913777
0.06964871 1.605553 3.89489
-0.1056503 1.35051 3.909952
-0.1448652 1.113441 3.927389
-0.151237 0.8721279 3.866662
-0.1311463 0.8075541 3.837212
0.2497856 1.362705 3.904199
0.3060807 1.130482 3.929121
0.3308735 0.9171813 3.890184
0.3176919 0.84614 3.862433
0.002364489 0.8525872 3.865996
-0.00523955 0.5478214 3.862435
0.04194811 0.1645147 3.918186
0.03580733 0.1476422 3.80738
0.1614753 0.8540416 3.860139
0.1844546 0.543478 3.876225
0.1701106 0.17569 3.942104
0.1701008 0.1568608 3.836982
0.07657317 1.394462 3.915937
-0.1297151 0.7360094 3.830471
-0.09634887 0.8136379 3.813153
0.3167513 0.7733249 3.863354
0.2863511 0.8368266 3.832817
4
0.08263116 0.8519567 3.901517
0.0796213 1.163986 3.911361
0.0756116 1.470936 3.913671
0.06965385 1.605636 3.894713
-0.1056462 1.350655 3.91002
-0.1420077 1.112526 3.922854
-0.1486647 0.8720415 3.860981
-0.1284425 0.807583 3.832786
0.249683 1.362974 3.90428
0.3046461 1.130065 3.925175
0.3286753 0.9166319 3.885979
0.3162813 0.8461683 3.859373
0.002299171 0.8527482 3.866519
-0.005386792 0.5478551 3.862682
0.04181681 0.1646538 3.918389
0.0357862 0.1477756 3.807396
0.1614412 0.854147 3.860455
0.1844907 0.5434268 3.876489
0.1699216 0.1757622 3.942394
0.1700543 0.1568571 3.836957
0.07656888 1.394542 3.915911
-0.127174 0.7340509 3.828173
-0.0939232 0.8031107 3.807377
0.3150507 0.7726116 3.860149
0.2848842 0.8349805 3.830103
5
0.08263116 0.8519567 3.901517
0.0796213 1.163986 3.911361
0.0756116 1.470936 3.913671
0.06965385 1.605636 3.894713
-0.1056462 1.350655 3.91002
-0.1420077 1.112526 3.922854
-0.1486647 0.8720415 3.860981
-0.1284425 0.807583 3.832786
0.249683 1.362974 3.90428
0.3046461 1.130065 3.925175
0.3286753 0.9166319 3.885979
0.3162813 0.8461683 3.859373
0.002299171 0.8527482 3.866519
-0.005386792 0.5478551 3.862682
0.04181681 0.1646538 3.918389
0.0357862 0.1477756 3.807396
0.1614412 0.854147 3.860455
0.1844907 0.5434268 3.876489
0.1699216 0.1757622 3.942394
0.1700543 0.1568571 3.836957
0.07656888 1.394542 3.915911
-0.127174 0.7340509 3.828173
-0.0939232 0.8031107 3.807377
0.3150507 0.7726116 3.860149
0.2848842 0.8349805 3.830103
6
0.08258543 0.8520702 3.901857
0.07954409 1.16413 3.911652
0.07553356 1.471031 3.913605
0.06965407 1.605705 3.894585
-0.1056363 1.350771 3.910074
-0.1399411 1.111802 3.919265
-0.1470431 0.8717244 3.857184
-0.1266623 0.8077847 3.829706
0.249579 1.363247 3.904347
0.303631 1.129804 3.922293
0.3272973 0.9162699 3.883146
0.3153546 0.8461173 3.857191
0.00224419 0.8528879 3.866956
-0.005530409 0.5478994 3.862908
0.0416836 0.164859 3.918646
0.0357304 0.1479453 3.807456
0.161411 0.8542401 3.86071
0.1845223 0.5433844 3.87673
0.1697585 0.1758262 3.942662
0.1700217 0.1568513 3.836937
0.07650339 1.394656 3.915915
-0.1240385 0.7325528 3.826167
-0.09219389 0.8008063 3.804132
0.3158386 0.7711984 3.861607
0.2841806 0.8352572 3.828826
7
0.08258543 0.8520702 3.901857
0.07954409 1.16413 3.911652
0.07553356 1.471031 3.913605
0.06965407 1.605705 3.894585
-0.1056363 1.350771 3.910074
-0.1399411 1.111802 3.919265
-0.1470431 0.8717244 3.857184
-0.1266623 0.8077847 3.829706
0.249579 1.363247 3.904347
0.303631 1.129804 3.922293
0.3272973 0.9162699 3.883146
0.3153546 0.8461173 3.857191
0.00224419 0.8528879 3.866956
-0.005530409 0.5478994 3.862908
0.0416836 0.164859 3.918646
0.0357304 0.1479453 3.807456
0.161411 0.8542401 3.86071
0.1845223 0.5433844 3.87673
0.1697585 0.1758262 3.942662
0.1700217 0.1568513 3.836937
0.07650339 1.394656 3.915915
-0.1240385 0.7325528 3.826167
-0.09219389 0.8008063 3.804132
0.3158386 0.7711984 3.861607
0.2841806 0.8352572 3.828826
8
0.08254677 0.8521689 3.902127
0.07943543 1.164278 3.911913
0.075317 1.471177 3.913533
0.06965051 1.605767 3.894485
-0.1056297 1.350869 3.910113
-0.1385517 1.111298 3.91678
-0.1458774 0.8714967 3.85455
-0.1260353 0.8083237 3.828122
0.2494614 1.363552 3.904392
0.3029086 1.129685 3.920241
0.3263853 0.9159962 3.881159
0.3152736 0.8463189 3.856652
0.002200937 0.8530058 3.867311
-0.00563655 0.5479308 3.863116
0.0416346 0.1648919 3.918758
0.03571779 0.1479943 3.807464
0.1613817 0.8543232 3.8609
0.1845492 0.5433455 3.876942
0.1695916 0.1758882 3.942908
0.1699964 0.1568452 3.836922
0.07633851 1.394817 3.915913
-0.1256755 0.733407 3.826991
-0.09219845 0.7955708 3.803215
0.3173869 0.7720495 3.862845
0.284004 0.834258 3.828302
9
0.08254677 0.8521689 3.902127
0.07943543 1.164278 3.911913
0.075317 1.471177 3.913533
0.06965051 1.605767 3.894485
-0.1056297 1.350869 3.910113
-0.1385517 1.111298 3.91678
-0.1458774 0.8714967 3.85455
-0.1260353 0.8083237 3.828122
0.2494614 1.363552 3.904392
0.3029086 1.129685 3.920241
0.3263853 0.9159962 3.881159
0.3152736 0.8463189 3.856652
0.002200937 0.8530058 3.867311
-0.00563655 0.5479308 3.863116
0.0416346 0.1648919 3.918758
0.03571779 0.1479943 3.807464
0.1613817 0.8543232 3.8609
0.1845492 0.5433455 3.876942
0.1695916 0.1758882 3.942908
0.1699964 0.1568452 3.836922
0.07633851 1.394817 3.915913
-0.1256755 0.733407 3.826991
-0.09219845 0.7955708 3.803215
0.3173869 0.7720495 3.862845
0.284004 0.834258 3.828302
10
0.08251013 0.8522543 3.90232
0.07932992 1.164418 3.912141
0.07510585 1.471319 3.913476
0.06964174 1.605843 3.894391
-0.1056227 1.350958 3.910145
-0.1376087 1.11096 3.915074
-0.145233 0.8714278 3.852712
-0.127673 0.8090539 3.829831
0.2493682 1.363811 3.904421
0.3024136 1.129593 3.918787
0.3258414 0.9158411 3.879753
0.3162025 0.8465715 3.85711
0.002158653 0.8531086 3.867576
-0.005728797 0.5479662 3.863264
0.04158883 0.164934 3.918875
0.03570961 0.1480334 3.80747
0.1613536 0.8543949 3.861028
0.1845732 0.5433117 3.877124
0.1694966 0.1759235 3.943086
0.1699762 0.1568408 3.836911
0.07617259 1.394977 3.915914
-0.1250934 0.7325193 3.827476
-0.09287892 0.7959085 3.804473
0.3198467 0.7713921 3.869874
0.2850726 0.8340062 3.828746
11
0.08251013 0.8522543 3.90232
0.07932992 1.164418 3.912141
0.07510585 1.471319 3.913476
0.06964174 1.605843 3.894391
-0.1056227 1.350958 3.910145
-0.1376087 1.11096 3.915074
-0.145233 0.8714278 3.852712
-0.127673 0.8090539 3.829831
0.2493682 1.363811 3.904421
0.3024136 1.129593 3.918787
0.3258414 0.9158411 3.879753
0.3162025 0.8465715 3.85711
0.002158653 0.8531086 3.867576
-0.005728797 0.5479662 3.863264
0.04158883 0.164934 3.918875
0.03570961 0.1480334 3.80747
0.1613536 0.8543949 3.861028
0.1845732 0.5433117 3.877124
0.1694966 0.1759235 3.943086
0.1699762 0.1568408 3.836911
0.07617259 1.394977 3.915914
-0.1250934 0.7325193 3.827476
-0.09287892 0.7959085 3.804473
0.3198467 0.7713921 3.869874
0.2850726 0.8340062 3.828746
12
0.08246607 0.8523179 3.902456
0.07923083 1.164546 3.912342
0.07496238 1.471451 3.913444
0.0696285 1.605912 3.894317
-0.1056099 1.351024 3.910167
-0.1369561 1.110711 3.913898
-0.1451583 0.8715034 3.851778
-0.1311048 0.8101292 3.834715
0.2492824 1.36401 3.904417
0.302097 1.129521 3.917799
0.3257399 0.9157368 3.878819
0.3181399 0.84626 3.859858
0.00210858 0.8531862 3.867769
-0.005812637 0.5480039 3.86339
0.04155483 0.164997 3.919011
0.03571196 0.1480796 3.807493
0.1613128 0.8544508 3.861109
0.1846003 0.5432875 3.877262
0.1694258 0.17595 3.94322
0.1699614 0.1568379 3.836905
0.07604031 1.39513 3.915922
-0.1283727 0.7340233 3.833289
-0.09434619 0.7990256 3.807406
0.3219294 0.7708049 3.874838
0.2861852 0.8342125 3.830084
13
0.08246607 0.8523179 3.902456
0.07923083 1.164546 3.912342
0.07496238 1.471451 3.913444
0.0696285 1.605912 3.894317
-0.1056099 1.351024 3.910167
-0.1369561 1.110711 3.913898
-0.1451583 0.8715034 3.851778
-0.1311048 0.8101292 3.834715
0.2492824 1.36401 3.904417
0.302097 1.129521 3.917799
0.3257399 0.9157368 3.878819
0.3181399 0.84626 3.859858
0.00210858 0.8531862 3.867769
-0.005812637 0.5480039 3.86339
0.04155483 0.164997 3.919011
0.03571196 0.1480796 3.807493
0.1613128 0.8544508 3.861109
0.1846003 0.5432875 3.877262
0.1694258 0.17595 3.94322
0.1699614 0.1568379 3.836905
0.07604031 1.39513 3.915922
-0.1283727 0.7340233 3.833289
-0.09434619 0.7990256 3.807406
0.3219294 0.7708049 3.874838
0.2861852 0.8342125 3.830084
14
0.08242524 0.8523716 3.902558
0.07914332 1.16466 3.912512
0.07485581 1.471563 3.913414
0.06961384 1.605983 3.894268
-0.1055972 1.351079 3.910182
-0.1365182 1.110545 3.913095
-0.145763 0.8719563 3.852022
-0.1352956 0.8090945 3.841571
0.249205 1.364183 3.904404
0.301877 1.129472 3.917117
0.3262624 0.9158268 3.87861
0.3212127 0.8474382 3.864545
0.002063294 0.8532508 3.867921
-0.005881998 0.5480403 3.863493
0.04153629 0.1650431 3.919123
0.03572472 0.1481152 3.807533
0.1612711 0.8545008 3.861162
0.1846277 0.5432642 3.877376
0.1693578 0.1759732 3.943338
0.1699501 0.1568339 3.836903
0.07593546 1.395266 3.915924
-0.1284299 0.732792 3.838099
-0.09593506 0.7995291 3.81253
0.3286868 0.773631 3.883198
0.2895864 0.839552 3.834566
15
0.08242524 0.8523716 3.902558
0.07914332 1.16466 3.912512
0.07485581 1.471563 3.913414
0.06961384 1.605983 3.894268
-0.1055972 1.351079 3.910182
-0.1365182 1.110545 3.913095
-0.145763 0.8719563 3.852022
-0.1352956 0.8090945 3.841571
0.249205 1.364183 3.904404
0.301877 1.129472 3.917117
0.3262624 0.9158268 3.87861
0.3212127 0.8474382 3.864545
0.002063294 0.8532508 3.867921
-0.005881998 0.5480403 3.863493
0.04153629 0.1650431 3.919123
0.03572472 0.1481152 3.807533
0.1612711 0.8545008 3.861162
0.1846277 0.5432642 3.877376
0.1693578 0.1759732 3.943338
0.1699501 0.1568339 3.836903
0.07593546 1.395266 3.915924
-0.1284299 0.732792 3.838099
-0.09593506 0.7995291 3.81253
0.3286868 0.773631 3.883198
0.2895864 0.839552 3.834566
16
0.08238626 0.8524172 3.902633
0.0790407 1.164762 3.912647
0.07467733 1.471683 3.913357
0.06958321 1.606062 3.894235
-0.1055881 1.35112 3.91019
-0.1362202 1.110417 3.912507
-0.1472633 0.8724391 3.853671
-0.1392273 0.8085397 3.84639
0.2491155 1.364364 3.904372
0.3017242 1.129448 3.916613
0.3279603 0.9165779 3.879588
0.3264113 0.847666 3.87085
0.002024865 0.8533006 3.868023
-0.005935661 0.5480679 3.863572
0.04155008 0.1647077 3.91898
0.03552308 0.1478177 3.807286
0.1612281 0.8545461 3.861195
0.1846517 0.5432468 3.877455
0.1693186 0.175987 3.943425
0.1699391 0.1568269 3.836906
0.07577499 1.395407 3.9159
-0.1333662 0.733624 3.842965
-0.09731999 0.8019921 3.814182
0.3328955 0.7754635 3.888389
0.2912318 0.8406506 3.835966
17
0.08238626 0.8524172 3.902633
0.0790407 1.164762 3.912647
0.07467733 1.471683 3.913357
0.06958321 1.606062 3.894235
-0.1055881 1.35112 3.91019
-0.1362202 1.110417 3.912507
-0.1472633 0.8724391 3.853671
-0.1392273 0.8085397 3.84639
0.2491155 1.364364 3.904372
0.3017242 1.129448 3.916613
0.3279603 0.9165779 3.879588
0.3264113 0.847666 3.87085
0.002024865 0.8533006 3.868023
-0.005935661 0.5480679 3.863572
0.04155008 0.1647077 3.91898
0.03552308 0.1478177 3.807286
0.1612281 0.8545461 3.861195
0.1846517 0.5432468 3.877455
0.1693186 0.175987 3.943425
0.1699391 0.1568269 3.836906
0.07577499 1.395407 3.9159
-0.1333662 0.733624 3.842965
-0.09731999 0.8019921 3.814182
0.3328955 0.7754635 3.888389
0.2912318 0.8406506 3.835966
18
0.08235198 0.8524583 3.902662
0.07894596 1.164852 3.912752
0.07450496 1.471793 3.913305
0.0695417 1.606158 3.894212
-0.105587 1.351158 3.910186
-0.1361407 1.110324 3.912103
-0.1486223 0.8727272 3.854896
-0.1425496 0.8079576 3.847383
0.2490115 1.364582 3.904303
0.3016387 1.129464 3.91622
0.3301432 0.9174174 3.880939
0.3304689 0.8478671 3.873138
0.001995329 0.853339 3.868078
-0.005965029 0.5480294 3.863615
0.04152751 0.1645435 3.918926
0.03538477 0.1476583 3.807132
0.16118 0.8545985 3.861168
0.1846699 0.5432358 3.877503
0.1692977 0.1759998 3.943485
0.1699272 0.1568238 3.836906
0.07561998 1.395537 3.915874
-0.1420913 0.7322217 3.840675
-0.09802613 0.8021224 3.816118
0.3402252 0.7772994 3.887933
0.2969612 0.8410527 3.838393
19
0.08235198 0.8524583 3.902662
0.07894596 1.164852 3.912752
0.07450496 1.471793 3.913305
0.0695417 1.606158 3.894212
-0.105587 1.351158 3.910186
-0.1361407 1.110324 3.912103
-0.1486223 0.8727272 3.854896
-0.1425496 0.8079576 3.847383
0.2490115 1.364582 3.904303
0.3016387 1.129464 3.91622
0.3301432 0.9174174 3.880939
0.3304689 0.8478671 3.873138
0.001995329 0.853339 3.868078
-0.005965029 0.5480294 3.863615
0.04152751 0.1645435 3.918926
0.03538477 0.1476583 3.807132
0.16118 0.8545985 3.861168
0.1846699 0.5432358 3.877503
0.1692977 0.1759998 3.943485
0.1699272 0.1568238 3.836906
0.07561998 1.395537 3.915874
-0.1420913 0.7322217 3.840675
-0.09802613 0.8021224 3.816118
0.3402252 0.7772994 3.887933
0.2969612 0.8410527 3.838393
20
0.0823181 0.8525134 3.902634
0.07886082 1.164935 3.912828
0.07434278 1.471895 3.913254
0.06949861 1.606252 3.894197
-0.1056216 1.351225 3.910157
-0.1363844 1.110325 3.911913
-0.1504391 0.8741419 3.855489
-0.1499583 0.8092314 3.841444
0.2489192 1.364808 3.904228
0.3016416 1.129526 3.915907
0.3323804 0.9183565 3.881937
0.3359026 0.8486326 3.871909
0.001969699 0.8533832 3.868077
-0.005986766 0.5479735 3.863643
0.0415171 0.1644138 3.918895
0.03528433 0.14753 3.807047
0.1611275 0.8546757 3.861068
0.1846842 0.5432262 3.877537
0.169206 0.1759987 3.943502
0.1699162 0.1568211 3.836906
0.07547355 1.395658 3.915845
-0.1638816 0.7364137 3.829246
-0.09914876 0.8022355 3.817166
0.3611883 0.7843704 3.87984
0.3019324 0.8420892 3.836097
21
0.0823181 0.8525134 3.902634
0.07886082 1.164935 3.912828
0.07434278 1.471895 3.913254
0.06949861 1.606252 3.894197
-0.1056216 1.351225 3.910157
-0.1363844 1.110325 3.911913
-0.1504391 0.8741419 3.855489
-0.1499583 0.8092314 3.841444
0.2489192 1.364808 3.904228
0.3016416 1.129526 3.915907
0.3323804 0.9183565 3.881937
0.3359026 0.8486326 3.871909
0.001969699 0.8533832 3.868077
-0.005986766 0.5479735 3.863643
0.0415171 0.1644138 3.918895
0.03528433 0.14753 3.807047
0.1611275 0.8546757 3.861068
0.1846842 0.5432262 3.877537
0.169206 0.1759987 3.943502
0.1699162 0.1568211 3.836906
0.07547355 1.395658 3.915845
-0.1638816 0.7364137 3.829246
-0.09914876 0.8022355 3.817166
0.3611883 0.7843704 3.87984
0.3019324 0.8420892 3.836097
22
0.08230537 0.8526055 3.90252
0.07877302 1.165026 3.912882
0.07413244 1.472022 3.913206
0.06941312 1.606398 3.894256
-0.1056761 1.351334 3.910127
-0.1386805 1.110821 3.911986
-0.1576523 0.880243 3.837392
-0.1641629 0.8283625 3.812731
0.2488344 1.365062 3.904137
0.3021655 1.129796 3.915149
0.3358578 0.9189535 3.879102
0.3440541 0.8514353 3.855717
0.001965021 0.8534591 3.867972
-0.005994818 0.5479313 3.86363
0.04152565 0.1642491 3.918812
0.03518041 0.1473752 3.806953
0.1611007 0.8547944 3.860887
0.184702 0.5432117 3.877551
0.16914 0.1759978 3.943509
0.1699104 0.1568174 3.836907
0.07529646 1.395801 3.91581
-0.1896865 0.747207 3.798168
-0.1284082 0.8332541 3.780745
0.3802046 0.7842432 3.859689
0.3133803 0.8406562 3.812001
23
0.08230537 0.8526055 3.90252
0.07877302 1.165026 3.912882
0.07413244 1.472022 3.913206
0.06941312 1.606398 3.894256
-0.1056761 1.351334 3.910127
-0.1386805 1.110821 3.911986
-0.1576523 0.880243 3.837392
-0.1641629 0.8283625 3.812731
0.2488344 1.365062 3.904137
0.3021655 1.129796 3.915149
0.3358578 0.9189535 3.879102
0.3440541 0.8514353 3.855717
0.001965021 0.8534591 3.867972
-0.005994818 0.5479313 3.86363
0.04152565 0.1642491 3.918812
0.03518041 0.1473752 3.806953
0.1611007 0.8547944 3.860887
0.184702 0.5432117 3.877551
0.16914 0.1759978 3.943509
0.1699104 0.1568174 3.836907
0.07529646 1.395801 3.91581
-0.1896865 0.747207 3.798168
-0.1284082 0.8332541 3.780745
0.3802046 0.7842432 3.859689
0.3133803 0.8406562 3.812001
24
0.08234056 0.8528035 3.902226
0.07869935 1.165127 3.912914
0.07395343 1.472143 3.913172
0.06925285 1.606603 3.894391
-0.1057314 1.351443 3.910092
-0.1414676 1.111364 3.911465
-0.1575065 0.927446 3.81908
-0.1564426 0.8629007 3.783401
0.248739 1.365487 3.903976
0.3049274 1.130982 3.909984
0.3419832 0.9304021 3.844837
0.3497278 0.8589837 3.812366
0.002046397 0.8536674 3.867557
-0.005968039 0.5478838 3.863526
0.04153201 0.1641545 3.918749
0.03510808 0.1472616 3.806889
0.1611011 0.8549944 3.860603
0.1847448 0.5431809 3.877481
0.1690874 0.176013 3.943494
0.1698999 0.156815 3.836905
0.07514325 1.395938 3.91578
-0.2004121 0.7890267 3.743452
-0.1655878 0.8725504 3.72966
0.3889858 0.7859699 3.810571
0.3207229 0.8530347 3.770508
25
0.08234056 0.8528035 3.902226
0.07869935 1.165127 3.912914
0.07395343 1.472143 3.913172
0.06925285 1.606603 3.894391
-0.1057314 1.351443 3.910092
-0.1414676 1.111364 3.911465
-0.1575065 0.927446 3.81908
-0.1564426 0.8629007 3.783401
0.248739 1.365487 3.903976
0.3049274 1.130982 3.909984
0.3419832 0.9304021 3.844837
0.3497278 0.8589837 3.812366
0.002046397 0.8536674 3.867557
-0.005968039 0.5478838 3.863526
0.04153201 0.1641545 3.918749
0.03510808 0.1472616 3.806889
0.1611011 0.8549944 3.860603
0.1847448 0.5431809 3.877481
0.1690874 0.176013 3.943494
0.1698999 0.156815 3.836905
0.07514325 1.395938 3.91578
-0.2004121 0.7890267 3.743452
-0.1655878 0.8725504 3.72966
0.3889858 0.7859699 3.810571
0.3207229 0.8530347 3.770508
26
0.08240627 0.8530247 3.901805
0.07863039 1.165224 3.912935
0.07374696 1.472268 3.913182
0.06893316 1.606861 3.894853
-0.105824 1.351536 3.91009
-0.1441247 1.111666 3.90963
-0.1519556 0.9515072 3.790199
-0.1398201 0.8960133 3.75771
0.2486521 1.365883 3.903789
0.3110401 1.133102 3.892447
0.344012 0.9435062 3.801287
0.3417727 0.8723774 3.762486
0.002147421 0.853875 3.867035
-0.005928475 0.5478314 3.863375
0.04156997 0.1641366 3.918707
0.03506827 0.1472018 3.806856
0.1611426 0.8552402 3.860168
0.1847925 0.5431411 3.877379
0.1690484 0.1760353 3.94347
0.1698912 0.1568149 3.836909
0.07498154 1.396074 3.91577
-0.1943817 0.8356826 3.694023
-0.1698001 0.9266456 3.674722
0.3854931 0.8005103 3.739385
0.328121 0.8793811 3.71666
27
0.08240627 0.8530247 3.901805
0.07863039 1.165224 3.912935
0.07374696 1.472268 3.913182
0.06893316 1.606861 3.894853
-0.105824 1.351536 3.91009
-0.1441247 1.111666 3.90963
-0.1519556 0.9515072 3.790199
-0.1398201 0.8960133 3.75771
0.2486521 1.365883 3.903789
0.3110401 1.133102 3.892447
0.344012 0.9435062 3.801287
0.3417727 0.8723774 3.762486
0.002147421 0.853875 3.867035
-0.005928475 0.5478314 3.863375
0.04156997 0.1641366 3.918707
0.03506827 0.1472018 3.806856
0.1611426 0.8552402 3.860168
0.1847925 0.5431411 3.877379
0.1690484 0.1760353 3.94347
0.1698912 0.1568149 3.836909
0.07498154 1.396074 3.91577
-0.1943817 0.8356826 3.694023
-0.1698001 0.9266456 3.674722
0.3854931 0.8005103 3.739385
0.328121 0.8793811 3.71666
28
0.08250277 0.8532379 3.90133
0.07857103 1.165312 3.912952
0.07352036 1.472389 3.913346
0.06832137 1.607163 3.895951
-0.1059549 1.35165 3.910163
-0.144072 1.115634 3.900652
-0.1335905 1.003065 3.742797
-0.1194857 0.9724654 3.694391
0.2485663 1.366221 3.903512
0.3132531 1.140176 3.867532
0.3322191 0.9729838 3.744859
0.330222 0.8982105 3.692336
0.002267068 0.854063 3.866508
-0.005879588 0.5478463 3.863153
0.04162349 0.1642551 3.91866
0.03495159 0.1472599 3.806921
0.1612276 0.8554924 3.859614
0.1847762 0.5429848 3.877298
0.1690308 0.1760204 3.943375
0.1698825 0.1568132 3.83691
0.07482716 1.396197 3.915833
-0.1588539 0.9097647 3.634622
-0.1421573 1.007792 3.635799
0.3600435 0.8324857 3.650344
0.3421215 0.8999611 3.658842
29
0.08250277 0.8532379 3.90133
0.07857103 1.165312 3.912952
0.07352036 1.472389 3.913346
0.06832137 1.607163 3.895951
-0.1059549 1.35165 3.910163
-0.144072 1.115634 3.900652
-0.1335905 1.003065 3.742797
-0.1194857 0.9724654 3.694391
0.2485663 1.366221 3.903512
0.3132531 1.140176 3.867532
0.3322191 0.9729838 3.744859
0.330222 0.8982105 3.692336
0.002267068 0.854063 3.866508
-0.005879588 0.5478463 3.863153
0.04162349 0.1642551 3.91866
0.03495159 0.1472599 3.806921
0.1612276 0.8554924 3.859614
0.1847762 0.5429848 3.877298
0.1690308 0.1760204 3.943375
0.1698825 0.1568132 3.83691
0.07482716 1.396197 3.915833
-0.1588539 0.9097647 3.634622
-0.1421573 1.007792 3.635799
0.3600435 0.8324857 3.650344
0.3421215 0.8999611 3.658842
30
0.08260645 0.8534196 3.900851
0.07852742 1.165388 3.912973
0.07334749 1.472533 3.913766
0.0675163 1.607514 3.897949
-0.1062067 1.351642 3.910396
-0.1416982 1.124692 3.87654
-0.1216778 1.026559 3.715388
-0.1024967 1.006847 3.651868
0.2484888 1.366467 3.903154
0.3085166 1.147017 3.845777
0.3086529 1.012867 3.693344
0.3021961 0.9417151 3.622414
0.002401144 0.8542092 3.865952
-0.005796217 0.5479054 3.862872
0.04167723 0.1643422 3.918639
0.0349204 0.1472668 3.806948
0.1613147 0.8557141 3.859088
0.1847652 0.5428545 3.877199
0.1690224 0.1760027 3.943267
0.1698737 0.1568121 3.836911
0.07470956 1.396331 3.916025
-0.1405541 0.9349943 3.60727
-0.1282297 1.035017 3.617585
0.3190685 0.8787752 3.562327
0.3284831 0.9143919 3.579887
31
0.08260645 0.8534196 3.900851
0.07852742 1.165388 3.912973
0.07334749 1.472533 3.913766
0.0675163 1.607514 3.897949
-0.1062067 1.351642 3.910396
-0.1416982 1.124692 3.87654
-0.1216778 1.026559 3.715388
-0.1024967 1.006847 3.651868
0.2484888 1.366467 3.903154
0.3085166 1.147017 3.845777
0.3086529 1.012867 3.693344
0.3021961 0.9417151 3.622414
0.002401144 0.8542092 3.865952
-0.005796217 0.5479054 3.862872
0.04167723 0.1643422 3.918639
0.0349204 0.1472668 3.806948
0.1613147 0.8557141 3.859088
0.1847652 0.5428545 3.877199
0.1690224 0.1760027 3.943267
0.1698737 0.1568121 3.836911
0.07470956 1.396331 3.916025
-0.1405541 0.9349943 3.60727
-0.1282297 1.035017 3.617585
0.3190685 0.8787752 3.562327
0.3284831 0.9143919 3.579887
32
0.08271176 0.8535675 3.90039
0.0784893 1.165447 3.913001
0.07311188 1.472609 3.914544
0.06679616 1.607754 3.899882
-0.1064185 1.351851 3.909887
-0.1275318 1.130926 3.838784
-0.08791956 1.069395 3.658628
-0.05799297 1.127895 3.633986
0.2482517 1.366657 3.902377
0.2959657 1.160912 3.818637
0.2769784 1.063739 3.642032
0.2541388 1.006222 3.551136
0.002534502 0.8543222 3.865429
-0.005644274 0.5479875 3.862559
0.0417062 0.16454 3.918606
0.03482931 0.1473833 3.807036
0.1614017 0.8558964 3.858586
0.1847536 0.5427363 3.877086
0.1690231 0.175991 3.943163
0.1698702 0.1568119 3.836915
0.07455657 1.396432 3.916422
-0.05597172 1.12501 3.624768
-0.07214423 1.139401 3.612038
0.2537473 0.960833 3.48621
0.2768062 0.9903049 3.53501
33
0.08271176 0.8535675 3.90039
0.0784893 1.165447 3.913001
0.07311188 1.472609 3.914544
0.06679616 1.607754 3.899882
-0.1064185 1.351851 3.909887
-0.1275318 1.130926 3.838784
-0.08791956 1.069395 3.658628
-0.05799297 1.127895 3.633986
0.2482517 1.366657 3.902377
0.2959657 1.160912 3.818637
0.2769784 1.063739 3.642032
0.2541388 1.006222 3.551136
0.002534502 0.8543222 3.865429
-0.005644274 0.5479875 3.862559
0.0417062 0.16454 3.918606
0.03482931 0.1473833 3.807036
0.1614017 0.8558964 3.858586
0.1847536 0.5427363 3.877086
0.1690231 0.175991 3.943163
0.1698702 0.1568119 3.836915
0.07455657 1.396432 3.916422
-0.05597172 1.12501 3.624768
-0.07214423 1.139401 3.612038
0.2537473 0.960833 3.48621
0.2768062 0.9903049 3.53501
34
0.08281985 0.8536793 3.899977
0.07845873 1.165496 3.913053
0.07288726 1.472628 3.915661
0.06591281 1.607751 3.902282
-0.1065932 1.352048 3.909354
-0.1188134 1.137951 3.819021
-0.07521236 1.087013 3.636613
-0.03535653 1.154958 3.600599
0.2473689 1.366914 3.900629
0.2762745 1.184488 3.765923
0.1869228 1.084716 3.633646
0.1877217 1.088364 3.511595
0.002688781 0.8543913 3.864944
-0.005429741 0.5479639 3.862262
0.04172581 0.164737 3.918579
0.03461271 0.1474702 3.807037
0.1614824 0.8560399 3.858155
0.1847397 0.5426242 3.876978
0.1690307 0.1759778 3.94306
0.1698678 0.1568115 3.836918
0.07440718 1.396498 3.917077
-0.02903889 1.149571 3.575566
-0.04097999 1.157801 3.580794
0.1697423 1.068605 3.452557
0.207996 1.068612 3.478663
35
0.08281985 0.8536793 3.899977
0.07845873 1.165496 3.913053
0.07288726 1.472628 3.915661
0.06591281 1.607751 3.902282
-0.1065932 1.352048 3.909354
-0.1188134 1.137951 3.819021
-0.07521236 1.087013 3.636613
-0.03535653 1.154958 3.600599
0.2473689 1.366914 3.900629
0.2762745 1.184488 3.765923
0.1869228 1.084716 3.633646
0.1877217 1.088364 3.511595
0.002688781 0.8543913 3.864944
-0.005429741 0.5479639 3.862262
0.04172581 0.164737 3.918579
0.03461271 0.1474702 3.807037
0.1614824 0.8560399 3.858155
0.1847397 0.5426242 3.876978
0.1690307 0.1759778 3.94306
0.1698678 0.1568115 3.836918
0.07440718 1.396498 3.917077
-0.02903889 1.149571 3.575566
-0.04097999 1.157801 3.580794
0.1697423 1.068605 3.452557
0.207996 1.068612 3.478663
36
0.08293515 0.8539012 3.899632
0.07825062 1.165609 3.913274
0.07047028 1.472071 3.918259
0.0652198 1.607744 3.905021
-0.1067192 1.352233 3.908806
-0.1142612 1.142161 3.808069
-0.0675545 1.097929 3.622644
-0.02221479 1.166457 3.578767
0.2456203 1.367043 3.896778
0.2508827 1.217646 3.716816
0.1300993 1.141275 3.581754
0.1260871 1.177797 3.505749
0.002895242 0.8546048 3.864573
-0.005067826 0.5477287 3.861935
0.041718 0.1649315 3.91859
0.03447689 0.1475369 3.807041
0.1615315 0.8562804 3.857783
0.184783 0.5425317 3.876813
0.1690496 0.1759711 3.942945
0.1698782 0.1568074 3.836921
0.07290304 1.396327 3.918764
-0.01055073 1.173513 3.559905
-0.02311142 1.162932 3.559497
0.09519974 1.178087 3.44244
0.1237969 1.165474 3.454978
37
0.08293515 0.8539012 3.899632
0.07825062 1.165609 3.913274
0.07047028 1.472071 3.918259
0.0652198 1.607744 3.905021
-0.1067192 1.352233 3.908806
-0.1142612 1.142161 3.808069
-0.0675545 1.097929 3.622644
-0.02221479 1.166457 3.578767
0.2456203 1.367043 3.896778
0.2508827 1.217646 3.716816
0.1300993 1.141275 3.581754
0.1260871 1.177797 3.505749
0.002895242 0.8546048 3.864573
-0.005067826 0.5477287 3.861935
0.041718 0.1649315 3.91859
0.03447689 0.1475369 3.807041
0.1615315 0.8562804 3.857783
0.184783 0.5425317 3.876813
0.1690496 0.1759711 3.942945
0.1698782 0.1568074 3.836921
0.07290304 1.396327 3.918764
-0.01055073 1.173513 3.559905
-0.02311142 1.162932 3.559497
0.09519974 1.178087 3.44244
0.1237969 1.165474 3.454978
38
0.08305635 0.8540362 3.899338
0.07804747 1.165707 3.913478
0.06878854 1.471845 3.919808
0.06449731 1.607795 3.907811
-0.106837 1.353261 3.906219
-0.105825 1.143114 3.788739
-0.05840795 1.099919 3.603974
-0.009377521 1.150218 3.545178
0.2433543 1.367078 3.889533
0.2147886 1.245932 3.674106
0.06055045 1.222896 3.543447
0.04011044 1.282518 3.47841
0.003101487 0.8547259 3.864258
-0.004682362 0.5474804 3.861605
0.04170438 0.1650901 3.918607
0.03441441 0.1475766 3.807054
0.1615901 0.8564311 3.857473
0.1848381 0.5424567 3.876637
0.1690655 0.1759747 3.942849
0.1698931 0.1568021 3.836926
0.07171082 1.396257 3.919941
0.004858328 1.162465 3.529596
-0.006963212 1.143025 3.525156
0.01100244 1.296358 3.463951
0.04106542 1.270061 3.449109
39
0.08305635 0.8540362 3.899338
0.07804747 1.165707 3.913478
0.06878854 1.471845 3.919808
0.06449731 1.607795 3.907811
-0.106837 1.353261 3.906219
-0.105825 1.143114 3.788739
-0.05840795 1.099919 3.603974
-0.009377521 1.150218 3.545178
0.2433543 1.367078 3.889533
0.2147886 1.245932 3.674106
0.06055045 1.222896 3.543447
0.04011044 1.282518 3.47841
0.003101487 0.8547259 3.864258
-0.004682362 0.5474804 3.861605
0.04170438 0.1650901 3.918607
0.03441441 0.1475766 3.807054
0.1615901 0.8564311 3.857473
0.1848381 0.5424567 3.876637
0.1690655 0.1759747 3.942849
0.1698931 0.1568021 3.836926
0.07171082 1.396257 3.919941
0.004858328 1.162465 3.529596
-0.006963212 1.143025 3.525156
0.01100244 1.296358 3.463951
0.04106542 1.270061 3.449109
40
0.08438723 0.847646 3.897556
0.07790939 1.165178 3.913297
0.0680111 1.471717 3.919891
0.06389455 1.607747 3.910115
-0.1065416 1.354201 3.900535
-0.07803816 1.211544 3.738474
-0.03303843 1.162468 3.556556
0.01126883 1.193092 3.497248
0.2401106 1.368675 3.87893
0.1908654 1.273929 3.654086
0.03373688 1.311523 3.538108
-0.02503412 1.379309 3.484639
0.003624962 0.8461301 3.86025
-0.004187315 0.5470999 3.861314
0.04166367 0.1652317 3.91863
0.03436528 0.1476102 3.807065
0.1635991 0.8507575 3.857179
0.1848937 0.5423924 3.876468
0.1690848 0.1759814 3.942755
0.1699022 0.156801 3.836926
0.07115623 1.396101 3.920094
0.02463539 1.204849 3.484496
0.01543225 1.187454 3.474293
-0.05242479 1.401086 3.47486
-0.01773818 1.36171 3.45802
41
0.08438723 0.847646 3.897556
0.07790939 1.165178 3.913297
0.0680111 1.471717 3.919891
0.06389455 1.607747 3.910115
-0.1065416 1.354201 3.900535
-0.07803816 1.211544 3.738474
-0.03303843 1.162468 3.556556
0.01126883 1.193092 3.497248
0.2401106 1.368675 3.87893
0.1908654 1.273929 3.654086
0.03373688 1.311523 3.538108
-0.02503412 1.379309 3.484639
0.003624962 0.8461301 3.86025
-0.004187315 0.5470999 3.861314
0.04166367 0.1652317 3.91863
0.03436528 0.1476102 3.807065
0.1635991 0.8507575 3.857179
0.1848937 0.5423924 3.876468
0.1690848 0.1759814 3.942755
0.1699022 0.156801 3.836926
0.07115623 1.396101 3.920094
0.02463539 1.204849 3.484496
0.01543225 1.187454 3.474293
-0.05242479 1.401086 3.47486
-0.01773818 1.36171 3.45802
42
0.08540475 0.8423675 3.896153
0.07787151 1.164789 3.91258
0.06906505 1.48449 3.90713
0.06255177 1.61342 3.911613
-0.1059818 1.355364 3.894666
-0.05964745 1.260909 3.705432
-0.02153565 1.191913 3.53432
0.02038104 1.212709 3.475769
0.2387964 1.370104 3.872326
0.1803839 1.290945 3.65187
0.006448014 1.348562 3.523239
-0.0474802 1.440689 3.524919
0.003816277 0.8399348 3.857586
-0.00373103 0.5468116 3.861074
0.04163736 0.1653723 3.918677
0.03433413 0.1476515 3.807083
0.1653979 0.8457755 3.8568
0.1849509 0.5423697 3.876307
0.1690996 0.1759868 3.942676
0.1699298 0.1567933 3.836918
0.07134804 1.401777 3.913452
0.03339803 1.223781 3.463708
0.02498786 1.207532 3.451959
-0.05272388 1.44129 3.517426
-0.04829681 1.43036 3.493918
43
0.08540475 0.8423675 3.896153
0.07787151 1.164789 3.91258
0.06906505 1.48449 3.90713
0.06255177 1.61342 3.911613
-0.1059818 1.355364 3.894666
-0.05964745 1.260909 3.705432
-0.02153565 1.191913 3.53432
0.02038104 1.212709 3.475769
0.2387964 1.370104 3.872326
0.1803839 1.290945 3.65187
0.006448014 1.348562 3.523239
-0.0474802 1.440689 3.524919
0.003816277 0.8399348 3.857586
-0.00373103 0.5468116 3.861074
0.04163736 0.1653723 3.918677
0.03433413 0.1476515 3.807083
0.1653979 0.8457755 3.8568
0.1849509 0.5423697 3.876307
0.1690996 0.1759868 3.942676
0.1699298 0.1567933 3.836918
0.07134804 1.401777 3.913452
0.03339803 1.223781 3.463708
0.02498786 1.207532 3.451959
-0.05272388 1.44129 3.517426
-0.04829681 1.43036 3.493918
44
0.08602381 0.8388603 3.895163
0.07790834 1.165639 3.910049
0.07026727 1.497218 3.89512
0.06076073 1.623168 3.912354
-0.1051971 1.358136 3.888663
-0.03452451 1.310712 3.679796
-0.004065167 1.225083 3.514949
0.03491609 1.239528 3.45679
0.2383571 1.371282 3.868044
0.1733162 1.309698 3.654313
0.02988989 1.41302 3.588108
-0.06480363 1.50148 3.569625
0.003777004 0.8364224 3.856047
-0.003366708 0.5466924 3.86081
0.04162579 0.1655173 3.918729
0.03431152 0.1476922 3.807102
0.1666111 0.8423496 3.856397
0.1849618 0.542623 3.875991
0.1691337 0.1760301 3.94261
0.1699572 0.1567863 3.83691
0.07206131 1.41196 3.90312
0.04532321 1.246254 3.444615
0.03898977 1.235197 3.432402
-0.09603547 1.529382 3.557489
-0.07369954 1.489978 3.541453
45
0.08602381 0.8388603 3.895163
0.07790834 1.165639 3.910049
0.07026727 1.497218 3.89512
0.06076073 1.623168 3.912354
-0.1051971 1.358136 3.888663
-0.03452451 1.310712 3.679796
-0.004065167 1.225083 3.514949
0.03491609 1.239528 3.45679
0.2383571 1.371282 3.868044
0.1733162 1.309698 3.654313
0.02988989 1.41302 3.588108
-0.06480363 1.50148 3.569625
0.003777004 0.8364224 3.856047
-0.003366708 0.5466924 3.86081
0.04162579 0.1655173 3.918729
0.03431152 0.1476922 3.807102
0.1666111 0.8423496 3.856397
0.1849618 0.542623 3.875991
0.1691337 0.1760301 3.94261
0.1699572 0.1567863 3.83691
0.07206131 1.41196 3.90312
0.04532321 1.246254 3.444615
0.03898977 1.235197 3.432402
-0.09603547 1.529382 3.557489
-0.07369954 1.489978 3.541453
46
0.0863356 0.836592 3.894258
0.07803338 1.168141 3.905006
0.07150508 1.507579 3.88463
0.05996945 1.633665 3.912113
-0.1043142 1.362417 3.883061
0.02149723 1.372335 3.655966
0.05390619 1.289142 3.489466
0.09081522 1.302552 3.431827
0.2381257 1.371968 3.86485
0.1317644 1.35759 3.650216
-0.01508687 1.475539 3.579545
-0.08477143 1.55705 3.609004
0.003663809 0.8342493 3.854944
-0.002966399 0.5468347 3.860332
0.04159103 0.1657313 3.918825
0.03429996 0.147735 3.807126
0.1673333 0.8400993 3.855713
0.1850411 0.5432382 3.875409
0.1691656 0.1761412 3.942565
0.1700063 0.1567716 3.836883
0.07298511 1.421579 3.892849
0.09788663 1.304558 3.415712
0.09252331 1.299192 3.407039
-0.1120968 1.588729 3.603558
-0.1137661 1.557037 3.542897
47
0.0863356 0.836592 3.894258
0.07803338 1.168141 3.905006
0.07150508 1.507579 3.88463
0.05996945 1.633665 3.912113
-0.1043142 1.362417 3.883061
0.02149723 1.372335 3.655966
0.05390619 1.289142 3.489466
0.09081522 1.302552 3.431827
0.2381257 1.371968 3.86485
0.1317644 1.35759 3.650216
-0.01508687 1.475539 3.579545
-0.08477143 1.55705 3.609004
0.003663809 0.8342493 3.854944
-0.002966399 0.5468347 3.860332
0.04159103 0.1657313 3.918825
0.03429996 0.147735 3.807126
0.1673333 0.8400993 3.855713
0.1850411 0.5432382 3.875409
0.1691656 0.1761412 3.942565
0.1700063 0.1567716 3.836883
0.07298511 1.421579 3.892849
0.09788663 1.304558 3.415712
0.09252331 1.299192 3.407039
-0.1120968 1.588729 3.603558
-0.1137661 1.557037 3.542897
48
0.08653224 0.8350887 3.893544
0.08072624 1.179077 3.893336
0.08311547 1.544492 3.858563
0.0505143 1.671134 3.913677
-0.1037355 1.365143 3.879571
0.06743561 1.416444 3.655193
0.1161301 1.348198 3.488114
0.1520243 1.36292 3.431185
0.2380308 1.372349 3.862153
0.1320198 1.373476 3.660077
-0.01702897 1.499184 3.592936
-0.07687116 1.57464 3.647006
0.003574304 0.8328252 3.854163
-0.0026156 0.5470603 3.859851
0.0415597 0.1659759 3.918943
0.03430071 0.1478021 3.807166
0.1678301 0.8385968 3.855084
0.1851878 0.5445848 3.874359
0.1682899 0.1762371 3.942198
0.1700583 0.1567541 3.836851
0.08269842 1.454611 3.868534
0.1567678 1.361644 3.41209
0.151726 1.360147 3.406257
-0.07870216 1.581225 3.644686
-0.0757113 1.568288 3.609924
49
0.08653224 0.8350887 3.893544
0.08072624 1.179077 3.893336
0.08311547 1.544492 3.858563
0.0505143 1.671134 3.913677
-0.1037355 1.365143 3.879571
0.06743561 1.416444 3.655193
0.1161301 1.348198 3.488114
0.1520243 1.36292 3.431185
0.2380308 1.372349 3.862153
0.1320198 1.373476 3.660077
-0.01702897 1.499184 3.592936
-0.07687116 1.57464 3.647006
0.003574304 0.8328252 3.854163
-0.0026156 0.5470603 3.859851
0.0415597 0.1659759 3.918943
0.03430071 0.1478021 3.807166
0.1678301 0.8385968 3.855084
0.1851878 0.5445848 3.874359
0.1682899 0.1762371 3.942198
0.1700583 0.1567541 3.836851
0.08269842 1.454611 3.868534
0.1567678 1.361644 3.41209
0.151726 1.360147 3.406257
-0.07870216 1.581225 3.644686
-0.0757113 1.568288 3.609924
50
0.0866323 0.8339656 3.892926
0.08193429 1.184752 3.886943
0.08513349 1.554361 3.850415
0.05035607 1.683196 3.913408
-0.1033745 1.366781 3.877308
0.1013607 1.402302 3.688585
0.19136 1.366895 3.504492
0.227024 1.383771 3.44819
0.2380704 1.372566 3.860243
0.1293249 1.384955 3.663901
-0.01691744 1.510809 3.599894
-0.06876424 1.582943 3.666487
0.003456749 0.8317907 3.85355
-0.002242536 0.5476213 3.85916
0.04159568 0.1665028 3.919139
0.03437825 0.1480798 3.807351
0.1681748 0.8374654 3.854487
0.185317 0.5460734 3.873222
0.1677146 0.1763831 3.941928
0.1700926 0.1567356 3.836817
0.0846714 1.464263 3.860395
0.2300305 1.380812 3.427182
0.2249139 1.381398 3.423161
-0.06471987 1.582178 3.652476
-0.06759602 1.580435 3.631519
51
0.0866323 0.8339656 3.892926
0.08193429 1.184752 3.886943
0.08513349 1.554361 3.850415
0.05035607 1.683196 3.913408
-0.1033745 1.366781 3.877308
0.1013607 1.402302 3.688585
0.19136 1.366895 3.504492
0.227024 1.383771 3.44819
0.2380704 1.372566 3.860243
0.1293249 1.384955 3.663901
-0.01691744 1.510809 3.599894
-0.06876424 1.582943 3.666487
0.003456749 0.8317907 3.85355
-0.002242536 0.5476213 3.85916
0.04159568 0.1665028 3.919139
0.03437825 0.1480798 3.807351
0.1681748 0.8374654 3.854487
0.185317 0.5460734 3.873222
0.1677146 0.1763831 3.941928
0.1700926 0.1567356 3.836817
0.0846714 1.464263 3.860395
0.2300305 1.380812 3.427182
0.2249139 1.381398 3.423161
-0.06471987 1.582178 3.652476
-0.06759602 1.580435 3.631519
52
0.08664905 0.8331081 3.892352
0.0825721 1.188191 3.882898
0.08646233 1.560348 3.845577
0.05025539 1.690039 3.913213
-0.1031219 1.367822 3.87578
0.1163534 1.396211 3.701672
0.221651 1.371406 3.512743
0.2570418 1.389423 3.456473
0.2382446 1.37256 3.858805
0.148608 1.382621 3.670615
-0.002172381 1.506125 3.607399
-0.04442779 1.568559 3.684431
0.003309542 0.8310405 3.853051
-0.00196335 0.548187 3.858507
0.04168248 0.1670529 3.919351
0.03454964 0.1484012 3.807631
0.1683912 0.8365793 3.853853
0.1854591 0.5474591 3.872196
0.1673595 0.1765555 3.941786
0.1701182 0.1567212 3.83679
0.08582998 1.46974 3.855802
0.2596079 1.385848 3.434828
0.2537054 1.387966 3.430784
-0.04033536 1.565398 3.6714
-0.04416446 1.573993 3.639991
53
0.08664905 0.8331081 3.892352
0.0825721 1.188191 3.882898
0.08646233 1.560348 3.845577
0.05025539 1.690039 3.913213
-0.1031219 1.367822 3.87578
0.1163534 1.396211 3.701672
0.221651 1.371406 3.512743
0.2570418 1.389423 3.456473
0.2382446 1.37256 3.858805
0.148608 1.382621 3.670615
-0.002172381 1.506125 3.607399
-0.04442779 1.568559 3.684431
0.003309542 0.8310405 3.853051
-0.00196335 0.548187 3.858507
0.04168248 0.1670529 3.919351
0.03454964 0.1484012 3.807631
0.1683912 0.8365793 3.853853
0.1854591 0.5474591 3.872196
0.1673595 0.1765555 3.941786
0.1701182 0.1567212 3.83679
0.08582998 1.46974 3.855802
0.2596079 1.385848 3.434828
0.2537054 1.387966 3.430784
-0.04033536 1.565398 3.6714
-0.04416446 1.573993 3.639991
54
0.08658554 0.8324578 3.891755
0.08282939 1.190256 3.880301
0.08541947 1.561887 3.843295
0.0515667 1.693434 3.911852
-0.1029647 1.368497 3.874728
0.1318248 1.401403 3.706329
0.2368351 1.366054 3.52174
0.2724753 1.385613 3.465313
0.2385408 1.372385 3.857685
0.1606097 1.378568 3.673927
0.0107416 1.496705 3.61165
-0.02989863 1.55277 3.68791
0.003098888 0.8305252 3.852593
-0.001790253 0.5487875 3.857846
0.04172366 0.1673847 3.919439
0.03472003 0.1485538 3.807779
0.1685066 0.8358787 3.853119
0.1854741 0.5486245 3.871223
0.1671122 0.176732 3.941682
0.1701104 0.1567013 3.836738
0.08558942 1.472299 3.853027
0.2750117 1.382144 3.443301
0.2689636 1.383934 3.439912
-0.03028757 1.549196 3.670136
-0.02940779 1.550906 3.624498
55
0.08658554 0.8324578 3.891755
0.08282939 1.190256 3.880301
0.08541947 1.561887 3.843295
0.0515667 1.693434 3.911852
-0.1029647 1.368497 3.874728
0.1318248 1.401403 3.706329
0.2368351 1.366054 3.52174
0.2724753 1.385613 3.465313
0.2385408 1.372385 3.857685
0.1606097 1.378568 3.673927
0.0107416 1.496705 3.61165
-0.02989863 1.55277 3.68791
0.003098888 0.8305252 3.852593
-0.001790253 0.5487875 3.857846
0.04172366 0.1673847 3.919439
0.03472003 0.1485538 3.807779
0.1685066 0.8358787 3.853119
0.1854741 0.5486245 3.871223
0.1671122 0.176732 3.941682
0.1701104 0.1567013 3.836738
0.08558942 1.472299 3.853027
0.2750117 1.382144 3.443301
0.2689636 1.383934 3.439912
-0.03028757 1.549196 3.670136
-0.02940779 1.550906 3.624498
56
0.08648046 0.8319967 3.891162
0.08300398 1.191587 3.878566
0.08226668 1.555811 3.845609
0.05439321 1.691023 3.909984
-0.1028493 1.368999 3.873947
0.134572 1.39959 3.713345
0.2540529 1.367749 3.523559
0.2898517 1.387826 3.467251
0.2391574 1.373747 3.855413
0.1893832 1.33722 3.675197
0.04199619 1.44786 3.638875
0.002688112 1.497025 3.677173
0.002868342 0.8302055 3.852178
-0.001675884 0.5493214 3.857246
0.04176553 0.1676653 3.919511
0.03490534 0.148681 3.807931
0.1685493 0.8353692 3.852346
0.1854239 0.5494409 3.870365
0.166931 0.1769021 3.94161
0.1700328 0.1566737 3.83664
0.08364135 1.469296 3.853603
0.2924668 1.384281 3.445164
0.2864574 1.385963 3.44197
-0.01536822 1.510807 3.659022
-0.01473208 1.517051 3.62984
57
0.08648046 0.8319967 3.891162
0.08300398 1.191587 3.878566
0.08226668 1.555811 3.845609
0.05439321 1.691023 3.909984
-0.1028493 1.368999 3.873947
0.134572 1.39959 3.713345
0.2540529 1.367749 3.523559
0.2898517 1.387826 3.467251
0.2391574 1.373747 3.855413
0.1893832 1.33722 3.675197
0.04199619 1.44786 3.638875
0.002688112 1.497025 3.677173
0.002868342 0.8302055 3.852178
-0.001675884 0.5493214 3.857246
0.04176553 0.1676653 3.919511
0.03490534 0.148681 3.807931
0.1685493 0.8353692 3.852346
0.1854239 0.5494409 3.870365
0.166931 0.1769021 3.94161
0.1700328 0.1566737 3.83664
0.08364135 1.469296 3.853603
0.2924668 1.384281 3.445164
0.2864574 1.385963 3.44197
-0.01536822 1.510807 3.659022
-0.01473208 1.517051 3.62984
58
0.08633018 0.8317794 3.890464
0.08308476 1.192366 3.877422
0.07952525 1.538527 3.859485
0.05824942 1.677292 3.907483
-0.1027979 1.369205 3.873592
0.08825011 1.387475 3.692513
0.1772517 1.341797 3.512648
0.2140242 1.362807 3.456722
0.2321358 1.391903 3.835159
0.2117334 1.298542 3.671281
0.06996373 1.409339 3.657423
0.01129283 1.455722 3.661194
0.002635312 0.830136 3.851671
-0.00165985 0.5497327 3.856699
0.04182081 0.167913 3.919573
0.03512466 0.1487927 3.808089
0.1684817 0.8351448 3.851474
0.185316 0.5500961 3.869483
0.1667851 0.1771032 3.94158
0.1698654 0.1566406 3.83651
0.08136225 1.457638 3.862465
0.2176595 1.360206 3.435424
0.2118149 1.360652 3.431834
-0.0391982 1.480903 3.636434
-0.001318121 1.470444 3.62584
59
0.08633018 0.8317794 3.890464
0.08308476 1.192366 3.877422
0.07952525 1.538527 3.859485
0.05824942 1.677292 3.907483
-0.1027979 1.369205 3.873592
0.08825011 1.387475 3.692513
0.1772517 1.341797 3.512648
0.2140242 1.362807 3.456722
0.2321358 1.391903 3.835159
0.2117334 1.298542 3.671281
0.06996373 1.409339 3.657423
0.01129283 1.455722 3.661194
0.002635312 0.830136 3.851671
-0.00165985 0.5497327 3.856699
0.04182081 0.167913 3.919573
0.03512466 0.1487927 3.808089
0.1684817 0.8351448 3.851474
0.185316 0.5500961 3.869483
0.1667851 0.1771032 3.94158
0.1698654 0.1566406 3.83651
0.08136225 1.457638 3.862465
0.2176595 1.360206 3.435424
0.2118149 1.360652 3.431834
-0.0391982 1.480903 3.636434
-0.001318121 1.470444 3.62584
60
0.08616757 0.8316453 3.889788
0.08119495 1.187611 3.880896
0.0683585 1.507523 3.890263
0.06351064 1.641017 3.910472
-0.1027869 1.369209 3.873506
0.0130628 1.330919 3.703703
0.06449966 1.26767 3.528003
0.1014249 1.288946 3.472249
0.2303638 1.395394 3.830507
0.218388 1.288091 3.670504
0.07771286 1.398101 3.663155
-0.002466423 1.413707 3.633031
0.002385864 0.8301378 3.851111
-0.001676068 0.5498852 3.85634
0.04189257 0.1681216 3.919618
0.03532736 0.148913 3.80825
0.1683916 0.8350189 3.850702
0.1851393 0.5504442 3.868687
0.1667191 0.1773155 3.941581
0.1697323 0.1566184 3.8364
0.07154088 1.429407 3.889306
0.106007 1.287279 3.451603
0.1005135 1.286982 3.447577
-0.06715292 1.437304 3.603892
-0.03465886 1.435483 3.6123
61
0.08616757 0.8316453 3.889788
0.08119495 1.187611 3.880896
0.0683585 1.507523 3.890263
0.06351064 1.641017 3.910472
-0.1027869 1.369209 3.873506
0.0130628 1.330919 3.703703
0.06449966 1.26767 3.528003
0.1014249 1.288946 3.472249
0.2303638 1.395394 3.830507
0.218388 1.288091 3.670504
0.07771286 1.398101 3.663155
-0.002466423 1.413707 3.633031
0.002385864 0.8301378 3.851111
-0.001676068 0.5498852 3.85634
0.04189257 0.1681216 3.919618
0.03532736 0.148913 3.80825
0.1683916 0.8350189 3.850702
0.1851393 0.5504442 3.868687
0.1667191 0.1773155 3.941581
0.1697323 0.1566184 3.8364
0.07154088 1.429407 3.889306
0.106007 1.287279 3.451603
0.1005135 1.286982 3.447577
-0.06715292 1.437304 3.603892
-0.03465886 1.435483 3.6123
62
0.08586542 0.8309428 3.888912
0.07939699 1.175327 3.889771
0.06574406 1.486097 3.911745
0.06506021 1.621866 3.913116
-0.1031302 1.366424 3.874727
-0.06736771 1.241213 3.72303
-0.03561474 1.16808 3.551357
0.001548301 1.18939 3.495699
0.2291595 1.394967 3.826961
0.2392742 1.231353 3.694409
0.06762704 1.32226 3.638349
0.004691673 1.327917 3.594255
0.001983345 0.8295883 3.850425
-0.001737276 0.5499456 3.85603
0.04202155 0.1682817 3.919504
0.03535527 0.1490402 3.808401
0.1682145 0.8344388 3.849807
0.1850076 0.5505822 3.867864
0.1666718 0.1775213 3.941593
0.1695057 0.1565689 3.836282
0.06887589 1.408711 3.908852
0.006793432 1.188478 3.475476
0.001642812 1.187948 3.471104
-0.04898132 1.349237 3.572799
-0.009535148 1.336119 3.586174
63
0.08586542 0.8309428 3.888912
0.07939699 1.175327 3.889771
0.06574406 1.486097 3.911745
0.06506021 1.621866 3.913116
-0.1031302 1.366424 3.874727
-0.06736771 1.241213 3.72303
-0.03561474 1.16808 3.551357
0.001548301 1.18939 3.495699
0.2291595 1.394967 3.826961
0.2392742 1.231353 3.694409
0.06762704 1.32226 3.638349
0.004691673 1.327917 3.594255
0.001983345 0.8295883 3.850425
-0.001737276 0.5499456 3.85603
0.04202155 0.1682817 3.919504
0.03535527 0.1490402 3.808401
0.1682145 0.8344388 3.849807
0.1850076 0.5505822 3.867864
0.1666718 0.1775213 3.941593
0.1695057 0.1565689 3.836282
0.06887589 1.408711 3.908852
0.006793432 1.188478 3.475476
0.001642812 1.187948 3.471104
-0.04898132 1.349237 3.572799
-0.009535148 1.336119 3.586174
64
0.08564948 0.8304147 3.88818
0.07851075 1.167935 3.895235
0.06482055 1.476515 3.920716
0.06583852 1.612925 3.914325
-0.1031728 1.362934 3.877013
-0.1275703 1.163279 3.763179
-0.1039443 1.086046 3.593306
-0.06671432 1.107217 3.537663
0.2296285 1.388731 3.829458
0.2433064 1.202578 3.703065
0.07728562 1.240284 3.609061
0.02766704 1.228652 3.562194
0.001681615 0.8290456 3.845016
-0.001827938 0.5498739 3.855771
0.04212676 0.1683937 3.919401
0.03539706 0.1491245 3.808526
0.1682445 0.8342165 3.850477
0.1848704 0.5504683 3.866984
0.1666159 0.1777541 3.941601
0.1693162 0.1565173 3.836183
0.06794 1.399445 3.917221
-0.06111563 1.106767 3.517644
-0.06601533 1.106298 3.513063
-0.03687494 1.23221 3.531198
-0.02163204 1.21825 3.549276
65
0.08564948 0.8304147 3.88818
0.07851075 1.167935 3.895235
0.06482055 1.476515 3.920716
0.06583852 1.612925 3.914325
-0.1031728 1.362934 3.877013
-0.1275703 1.163279 3.763179
-0.1039443 1.086046 3.593306
-0.06671432 1.107217 3.537663
0.2296285 1.388731 3.829458
0.2433064 1.202578 3.703065
0.07728562 1.240284 3.609061
0.02766704 1.228652 3.562194
0.001681615 0.8290456 3.845016
-0.001827938 0.5498739 3.855771
0.04212676 0.1683937 3.919401
0.03539706 0.1491245 3.808526
0.1682445 0.8342165 3.850477
0.1848704 0.5504683 3.866984
0.1666159 0.1777541 3.941601
0.1693162 0.1565173 3.836183
0.06794 1.399445 3.917221
-0.06111563 1.106767 3.517644
-0.06601533 1.106298 3.513063
-0.03687494 1.23221 3.531198
-0.02163204 1.21825 3.549276
66
0.08396853 0.83565 3.886551
0.07780942 1.164057 3.898741
0.064086 1.470671 3.926151
0.06640412 1.607494 3.915009
-0.101918 1.35842 3.880291
-0.1288369 1.092415 3.820583
-0.01710107 1.117851 3.622662
-0.01574831 1.113443 3.584286
0.2322817 1.379159 3.837983
0.2559522 1.146546 3.725314
0.08710825 1.142223 3.593431
0.05518408 1.120354 3.540748
0.001268936 0.8363183 3.844005
-0.001946522 0.5497673 3.855528
0.04216721 0.1690119 3.919223
0.0354339 0.1497747 3.808892
0.1642234 0.8423069 3.847974
0.1848056 0.5502999 3.865909
0.1665598 0.1780726 3.941637
0.1691209 0.1564691 3.836066
0.06721713 1.394087 3.922103
0.03834075 1.141671 3.548948
0.03135893 1.160486 3.572716
0.003536694 1.09118 3.498502
0.01466924 1.126739 3.555823
67
0.08396853 0.83565 3.886551
0.07780942 1.164057 3.898741
0.064086 1.470671 3.926151
0.06640412 1.607494 3.915009
-0.101918 1.35842 3.880291
-0.1288369 1.092415 3.820583
-0.01710107 1.117851 3.622662
-0.01574831 1.113443 3.584286
0.2322817 1.379159 3.837983
0.2559522 1.146546 3.725314
0.08710825 1.142223 3.593431
0.05518408 1.120354 3.540748
0.001268936 0.8363183 3.844005
-0.001946522 0.5497673 3.855528
0.04216721 0.1690119 3.919223
0.0354339 0.1497747 3.808892
0.1642234 0.8423069 3.847974
0.1848056 0.5502999 3.865909
0.1665598 0.1780726 3.941637
0.1691209 0.1564691 3.836066
0.06721713 1.394087 3.922103
0.03834075 1.141671 3.548948
0.03135893 1.160486 3.572716
0.003536694 1.09118 3.498502
0.01466924 1.126739 3.555823
68
0.0827062 0.8397568 3.88538
0.07741648 1.161723 3.901139
0.06408563 1.466851 3.929754
0.06674158 1.603693 3.915584
-0.1011673 1.354052 3.885316
-0.128829 1.103341 3.820269
-0.005226849 1.046399 3.64657
0.003808687 1.038236 3.628399
0.2358915 1.370405 3.848399
0.2600445 1.124956 3.743737
0.1521273 1.01405 3.611389
0.1082141 0.9794073 3.547307
0.001066897 0.8415731 3.843634
-0.002080311 0.5496531 3.855301
0.04220472 0.1696024 3.919078
0.03547284 0.1503854 3.809236
0.1615293 0.8477384 3.846241
0.1847706 0.5500876 3.864925
0.1665141 0.1782924 3.941679
0.1690864 0.1563029 3.835773
0.06695256 1.390501 3.925486
0.02396746 1.048536 3.568665
0.07778876 1.030045 3.626924
0.08410438 0.9326824 3.499408
0.06542445 0.9764583 3.583969
69
0.0827062 0.8397568 3.88538
0.07741648 1.161723 3.901139
0.06408563 1.466851 3.929754
0.06674158 1.603693 3.915584
-0.1011673 1.354052 3.885316
-0.128829 1.103341 3.820269
-0.005226849 1.046399 3.64657
0.003808687 1.038236 3.628399
0.2358915 1.370405 3.848399
0.2600445 1.124956 3.743737
0.1521273 1.01405 3.611389
0.1082141 0.9794073 3.547307
0.001066897 0.8415731 3.843634
-0.002080311 0.5496531 3.855301
0.04220472 0.1696024 3.919078
0.03547284 0.1503854 3.809236
0.1615293 0.8477384 3.846241
0.1847706 0.5500876 3.864925
0.1665141 0.1782924 3.941679
0.1690864 0.1563029 3.835773
0.06695256 1.390501 3.925486
0.02396746 1.048536 3.568665
0.07778876 1.030045 3.626924
0.08410438 0.9326824 3.499408
0.06542445 0.9764583 3.583969
70
0.08138892 0.84277 3.884193
0.07713159 1.160165 3.902756
0.06502341 1.465063 3.931282
0.06674514 1.60159 3.916167
-0.101125 1.349895 3.890714
-0.1326249 1.09975 3.832835
-0.0398903 0.985446 3.703121
-0.001143606 0.957026 3.700758
0.238572 1.364934 3.855647
0.2622312 1.115288 3.7566
0.2285997 0.9133087 3.643128
0.19831 0.8674198 3.619121
0.0006917643 0.8450626 3.84338
-0.002243599 0.5494984 3.855087
0.04225667 0.1700819 3.918975
0.03537569 0.1508423 3.809507
0.1590287 0.8509838 3.844236
0.1847493 0.5498567 3.864052
0.1664968 0.1785212 3.941727
0.1691338 0.1562092 3.835682
0.06735869 1.388636 3.927315
-0.02199619 0.9419504 3.607969
0.02073125 0.920348 3.707718
0.2162706 0.8061638 3.585524
0.1608601 0.8491125 3.65986
71
0.08138892 0.84277 3.884193
0.07713159 1.160165 3.902756
0.06502341 1.465063 3.931282
0.06674514 1.60159 3.916167
-0.101125 1.349895 3.890714
-0.1326249 1.09975 3.832835
-0.0398903 0.985446 3.703121
-0.001143606 0.957026 3.700758
0.238572 1.364934 3.855647
0.2622312 1.115288 3.7566
0.2285997 0.9133087 3.643128
0.19831 0.8674198 3.619121
0.0006917643 0.8450626 3.84338
-0.002243599 0.5494984 3.855087
0.04225667 0.1700819 3.918975
0.03537569 0.1508423 3.809507
0.1590287 0.8509838 3.844236
0.1847493 0.5498567 3.864052
0.1664968 0.1785212 3.941727
0.1691338 0.1562092 3.835682
0.06735869 1.388636 3.927315
-0.02199619 0.9419504 3.607969
0.02073125 0.920348 3.707718
0.2162706 0.8061638 3.585524
0.1608601 0.8491125 3.65986
72
0.08051059 0.8448719 3.883062
0.07693716 1.159084 3.903861
0.06659567 1.465137 3.9308
0.06657642 1.601083 3.916493
-0.1011636 1.347216 3.894337
-0.1325074 1.09525 3.837805
-0.08441226 0.9275287 3.742372
-0.06499394 0.8628469 3.743326
0.2401868 1.361696 3.8596
0.2651122 1.104951 3.77821
0.3000342 0.8821803 3.694056
0.3058154 0.8124938 3.677194
0.0004773813 0.8472984 3.843204
-0.002408354 0.5493267 3.854883
0.04229074 0.170627 3.918866
0.03513844 0.1513539 3.80979
0.1573697 0.853107 3.84185
0.1847351 0.5495372 3.86323
0.1664884 0.1787459 3.941774
0.1691871 0.1561247 3.835611
0.06833065 1.388424 3.927513
-0.09763617 0.8108979 3.659764
-0.0363041 0.8197366 3.776862
0.3381698 0.7437669 3.673254
0.2758575 0.8007374 3.68026
73
0.08051059 0.8448719 3.883062
0.07693716 1.159084 3.903861
0.06659567 1.465137 3.9308
0.06657642 1.601083 3.916493
-0.1011636 1.347216 3.894337
-0.1325074 1.09525 3.837805
-0.08441226 0.9275287 3.742372
-0.06499394 0.8628469 3.743326
0.2401868 1.361696 3.8596
0.2651122 1.104951 3.77821
0.3000342 0.8821803 3.694056
0.3058154 0.8124938 3.677194
0.0004773813 0.8472984 3.843204
-0.002408354 0.5493267 3.854883
0.04229074 0.170627 3.918866
0.03513844 0.1513539 3.80979
0.1573697 0.853107 3.84185
0.1847351 0.5495372 3.86323
0.1664884 0.1787459 3.941774
0.1691871 0.1561247 3.835611
0.06833065 1.388424 3.927513
-0.09763617 0.8108979 3.659764
-0.0363041 0.8197366 3.776862
0.3381698 0.7437669 3.673254
0.2758575 0.8007374 3.68026
74
0.07992201 0.8463861 3.882197
0.07684297 1.158442 3.904654
0.06883221 1.466834 3.928458
0.0662064 1.601643 3.916263
-0.1012326 1.345491 3.896742
-0.1370755 1.086262 3.8476
-0.146108 0.8626075 3.779843
-0.1584293 0.8060292 3.772297
0.2411111 1.359749 3.861869
0.2820449 1.102859 3.816581
0.3430945 0.8880067 3.766236
0.3595799 0.8240451 3.768895
0.0003496355 0.8488556 3.843117
-0.002576798 0.5491498 3.85469
0.04234125 0.1709897 3.918788
0.03493491 0.1516703 3.809999
0.1563113 0.8545125 3.840015
0.1847163 0.5492061 3.862526
0.166526 0.1789461 3.941804
0.1692307 0.1560662 3.835565
0.06990635 1.389699 3.926155
-0.1913865 0.7263337 3.748728
-0.1428686 0.7928369 3.742966
0.3915611 0.7725306 3.780917
0.3251798 0.8105218 3.775101
75
0.07992201 0.8463861 3.882197
0.07684297 1.158442 3.904654
0.06883221 1.466834 3.928458
0.0662064 1.601643 3.916263
-0.1012326 1.345491 3.896742
-0.1370755 1.086262 3.8476
-0.146108 0.8626075 3.779843
-0.1584293 0.8060292 3.772297
0.2411111 1.359749 3.861869
0.2820449 1.102859 3.816581
0.3430945 0.8880067 3.766236
0.3595799 0.8240451 3.768895
0.0003496355 0.8488556 3.843117
-0.002576798 0.5491498 3.85469
0.04234125 0.1709897 3.918788
0.03493491 0.1516703 3.809999
0.1563113 0.8545125 3.840015
0.1847163 0.5492061 3.862526
0.166526 0.1789461 3.941804
0.1692307 0.1560662 3.835565
0.06990635 1.389699 3.926155
-0.1913865 0.7263337 3.748728
-0.1428686 0.7928369 3.742966
0.3915611 0.7725306 3.780917
0.3251798 0.8105218 3.775101
76
0.07951605 0.8474948 3.88154
0.07681487 1.158276 3.905077
0.0707644 1.469357 3.923989
0.06584211 1.603131 3.914961
-0.1012041 1.344428 3.897972
-0.1455692 1.091406 3.867687
-0.1990892 0.8785003 3.835658
-0.2218216 0.8063002 3.820556
0.2419447 1.358482 3.863431
0.3076314 1.110249 3.85271
0.3957031 0.8909189 3.826058
0.4116235 0.8289422 3.844442
0.0002622391 0.8499757 3.84308
-0.002753754 0.5489793 3.854487
0.04237111 0.1713746 3.918727
0.03471597 0.1520025 3.810234
0.1556264 0.8554538 3.838616
0.184701 0.5488997 3.86194
0.1666056 0.1791164 3.941812
0.1692381 0.1560336 3.835541
0.07140838 1.391834 3.923102
-0.2454113 0.7208949 3.822948
-0.210004 0.7716209 3.777051
0.4419121 0.7656924 3.875744
0.3772007 0.8182348 3.841244
77
0.07951605 0.8474948 3.88154
0.07681487 1.158276 3.905077
0.0707644 1.469357 3.923989
0.06584211 1.603131 3.914961
-0.1012041 1.344428 3.897972
-0.1455692 1.091406 3.867687
-0.1990892 0.8785003 3.835658
-0.2218216 0.8063002 3.820556
0.2419447 1.358482 3.863431
0.3076314 1.110249 3.85271
0.3957031 0.8909189 3.826058
0.4116235 0.8289422 3.844442
0.0002622391 0.8499757 3.84308
-0.002753754 0.5489793 3.854487
0.04237111 0.1713746 3.918727
0.03471597 0.1520025 3.810234
0.1556264 0.8554538 3.838616
0.184701 0.5488997 3.86194
0.1666056 0.1791164 3.941812
0.1692381 0.1560336 3.835541
0.07140838 1.391834 3.923102
-0.2454113 0.7208949 3.822948
-0.210004 0.7716209 3.777051
0.4419121 0.7656924 3.875744
0.3772007 0.8182348 3.841244
78
0.07924056 0.8483416 3.881007
0.07670069 1.158734 3.904809
0.07105056 1.472262 3.91679
0.0651647 1.606596 3.909864
-0.1013649 1.343629 3.898788
-0.1646183 1.101987 3.898918
-0.2489869 0.8602463 3.895397
-0.2773535 0.7836158 3.882506
0.2430597 1.357934 3.86449
0.3428341 1.127469 3.885092
0.4438345 0.8938488 3.893999
0.4498854 0.8318114 3.922144
0.0002021648 0.8507921 3.843073
-0.003023699 0.5488949 3.854192
0.04241592 0.1717076 3.918697
0.03455557 0.1522449 3.810427
0.1552109 0.856104 3.837456
0.1846716 0.5485803 3.861437
0.1667134 0.1792574 3.941808
0.1692466 0.1560067 3.835533
0.07184815 1.394498 3.91778
-0.2910187 0.7137084 3.88748
-0.2648556 0.7520921 3.858435
0.4809855 0.7723083 3.972571
0.4244986 0.8110842 3.911239
79
0.07924056 0.8483416 3.881007
0.07670069 1.158734 3.904809
0.07105056 1.472262 3.91679
0.0651647 1.606596 3.909864
-0.1013649 1.343629 3.898788
-0.1646183 1.101987 3.898918
-0.2489869 0.8602463 3.895397
-0.2773535 0.7836158 3.882506
0.2430597 1.357934 3.86449
0.3428341 1.127469 3.885092
0.4438345 0.8938488 3.893999
0.4498854 0.8318114 3.922144
0.0002021648 0.8507921 3.843073
-0.003023699 0.5488949 3.854192
0.04241592 0.1717076 3.918697
0.03455557 0.1522449 3.810427
0.1552109 0.856104 3.837456
0.1846716 0.5485803 3.861437
0.1667134 0.1792574 3.941808
0.1692466 0.1560067 3.835533
0.07184815 1.394498 3.91778
-0.2910187 0.7137084 3.88748
-0.2648556 0.7520921 3.858435
0.4809855 0.7723083 3.972571
0.4244986 0.8110842 3.911239
80
0.0790761 0.8491691 3.880396
0.07629782 1.160516 3.902812
0.07006066 1.475963 3.90686
0.06405982 1.610322 3.903767
-0.1018451 1.343221 3.899128
-0.183626 1.115325 3.931254
-0.2782415 0.8903888 3.950508
-0.3076256 0.8094851 3.941341
0.2443733 1.358299 3.86501
0.3718808 1.149836 3.915228
0.4665537 0.9250188 3.945343
0.4668685 0.8717371 3.965047
0.000168384 0.8514509 3.843028
-0.003324002 0.5488349 3.853858
0.04250431 0.1720405 3.918651
0.03442031 0.1524791 3.810613
0.1549957 0.8565965 3.836457
0.1846375 0.5482753 3.860983
0.1668347 0.1793718 3.941783
0.1692373 0.1559819 3.835522
0.07128525 1.398152 3.909587
-0.3161849 0.7340106 3.961937
-0.3009568 0.7682176 3.927464
0.485451 0.8116538 4.00799
0.4408453 0.8542116 3.944371
81
0.0790761 0.8491691 3.880396
0.07629782 1.160516 3.902812
0.07006066 1.475963 3.90686
0.06405982 1.610322 3.903767
-0.1018451 1.343221 3.899128
-0.183626 1.115325 3.931254
-0.2782415 0.8903888 3.950508
-0.3076256 0.8094851 3.941341
0.2443733 1.358299 3.86501
0.3718808 1.149836 3.915228
0.4665537 0.9250188 3.945343
0.4668685 0.8717371 3.965047
0.000168384 0.8514509 3.843028
-0.003324002 0.5488349 3.853858
0.04250431 0.1720405 3.918651
0.03442031 0.1524791 3.810613
0.1549957 0.8565965 3.836457
0.1846375 0.5482753 3.860983
0.1668347 0.1793718 3.941783
0.1692373 0.1559819 3.835522
0.07128525 1.398152 3.909587
-0.3161849 0.7340106 3.961937
-0.3009568 0.7682176 3.927464
0.485451 0.8116538 4.00799
0.4408453 0.8542116 3.944371
82
0.07903244 0.8499911 3.879751
0.07598934 1.163058 3.899692
0.06950615 1.4794 3.897508
0.06301394 1.614794 3.894322
-0.1026091 1.343462 3.898843
-0.1983297 1.130517 3.959617
-0.301892 0.9114037 4.002994
-0.3245063 0.84067 3.997802
0.2459564 1.360267 3.865071
0.384583 1.167453 3.937934
0.4857584 0.9515332 3.997693
0.4830878 0.9032037 4.012269
0.0001774187 0.8520355 3.842939
-0.003663066 0.548813 3.853483
0.04279533 0.1722604 3.918383
0.03431251 0.1526657 3.810764
0.1549346 0.8569957 3.835645
0.1845746 0.5479325 3.86056
0.1669779 0.1794773 3.941743
0.1692319 0.1559636 3.835514
0.07098504 1.401669 3.901412
-0.3375944 0.7660772 4.024985
-0.3018156 0.836522 3.974402
0.5034744 0.8363558 4.058416
0.4602652 0.8850374 3.985011
83
0.07903244 0.8499911 3.879751
0.07598934 1.163058 3.899692
0.06950615 1.4794 3.897508
0.06301394 1.614794 3.894322
-0.1026091 1.343462 3.898843
-0.1983297 1.130517 3.959617
-0.301892 0.9114037 4.002994
-0.3245063 0.84067 3.997802
0.2459564 1.360267 3.865071
0.384583 1.167453 3.937934
0.4857584 0.9515332 3.997693
0.4830878 0.9032037 4.012269
0.0001774187 0.8520355 3.842939
-0.003663066 0.548813 3.853483
0.04279533 0.1722604 3.918383
0.03431251 0.1526657 3.810764
0.1549346 0.8569957 3.835645
0.1845746 0.5479325 3.86056
0.1669779 0.1794773 3.941743
0.1692319 0.1559636 3.835514
0.07098504 1.401669 3.901412
-0.3375944 0.7660772 4.024985
-0.3018156 0.836522 3.974402
0.5034744 0.8363558 4.058416
0.4602652 0.8850374 3.985011
84
0.07910203 0.8508884 3.879077
0.07579858 1.165594 3.896536
0.06922533 1.481741 3.890995
0.06220796 1.61769 3.887681
-0.1035911 1.344272 3.89827
-0.20644 1.141889 3.978348
-0.3029223 0.9356301 4.040391
-0.3313978 0.8747614 4.048506
0.2479175 1.364005 3.865227
0.3897039 1.183937 3.957004
0.4907063 0.9808058 4.039853
0.4945648 0.9325355 4.0529
0.0002194685 0.8525847 3.842839
-0.003946334 0.5487586 3.853173
0.04296543 0.1724884 3.918314
0.03422863 0.1528091 3.810932
0.1550465 0.8574107 3.834886
0.1845616 0.5476896 3.86018
0.1671592 0.1795362 3.941664
0.1692319 0.1559439 3.835513
0.0708467 1.404197 3.895412
-0.3417104 0.8106197 4.056499
-0.3140998 0.8541695 4.017892
0.4948604 0.8750724 4.070548
0.4836037 0.9049686 4.034912
85
0.07910203 0.8508884 3.879077
0.07579858 1.165594 3.896536
0.06922533 1.481741 3.890995
0.06220796 1.61769 3.887681
-0.1035911 1.344272 3.89827
-0.20644 1.141889 3.978348
-0.3029223 0.9356301 4.040391
-0.3313978 0.8747614 4.048506
0.2479175 1.364005 3.865227
0.3897039 1.183937 3.957004
0.4907063 0.9808058 4.039853
0.4945648 0.9325355 4.0529
0.0002194685 0.8525847 3.842839
-0.003946334 0.5487586 3.853173
0.04296543 0.1724884 3.918314
0.03422863 0.1528091 3.810932
0.1550465 0.8574107 3.834886
0.1845616 0.5476896 3.86018
0.1671592 0.1795362 3.941664
0.1692319 0.1559439 3.835513
0.0708467 1.404197 3.895412
-0.3417104 0.8106197 4.056499
-0.3140998 0.8541695 4.017892
0.4948604 0.8750724 4.070548
0.4836037 0.9049686 4.034912
86
0.07940295 0.8520989 3.878235
0.07564751 1.168028 3.893407
0.06884064 1.483385 3.886047
0.06136009 1.619517 3.881732
-0.1045909 1.347134 3.896454
-0.2103523 1.152386 3.99017
-0.3090055 0.9463328 4.064878
-0.329024 0.9019925 4.088886
0.2497222 1.368551 3.865618
0.3909264 1.194374 3.968027
0.4836233 1.022019 4.058842
0.505891 0.9515046 4.08315
0.0004231805 0.8534009 3.842532
-0.00420362 0.5487207 3.85287
0.04311508 0.1727119 3.918288
0.03416694 0.152938 3.811104
0.1553898 0.857952 3.834169
0.1845596 0.5474818 3.859863
0.1672479 0.1794977 3.941439
0.169229 0.1559202 3.835505
0.0705977 1.406058 3.890712
-0.3471735 0.8460845 4.111011
-0.3143558 0.8837632 4.055519
0.5123341 0.8918039 4.11215
0.4896366 0.9346919 4.059566
87
0.07940295 0.8520989 3.878235
0.07564751 1.168028 3.893407
0.06884064 1.483385 3.886047
0.06136009 1.619517 3.881732
-0.1045909 1.347134 3.896454
-0.2103523 1.152386 3.99017
-0.3090055 0.9463328 4.064878
-0.329024 0.9019925 4.088886
0.2497222 1.368551 3.865618
0.3909264 1.194374 3.968027
0.4836233 1.022019 4.058842
0.505891 0.9515046 4.08315
0.0004231805 0.8534009 3.842532
-0.00420362 0.5487207 3.85287
0.04311508 0.1727119 3.918288
0.03416694 0.152938 3.811104
0.1553898 0.857952 3.834169
0.1845596 0.5474818 3.859863
0.1672479 0.1794977 3.941439
0.169229 0.1559202 3.835505
0.0705977 1.406058 3.890712
-0.3471735 0.8460845 4.111011
-0.3143558 0.8837632 4.055519
0.5123341 0.8918039 4.11215
0.4896366 0.9346919 4.059566
88
0.079825 0.8536595 3.877116
0.07561496 1.170312 3.890105
0.06867736 1.484474 3.881756
0.06068627 1.620319 3.875782
-0.1055236 1.350076 3.894709
-0.212377 1.159787 3.997433
-0.307398 0.9545674 4.080142
-0.3204499 0.9224522 4.107981
0.2510668 1.372875 3.8655
0.3860446 1.203157 3.976197
0.4854396 1.029978 4.069183
0.50797 0.966895 4.095642
0.0007117662 0.8545859 3.841879
-0.004505306 0.5487455 3.85239
0.04324449 0.1729691 3.91833
0.03413899 0.1530182 3.811228
0.1559012 0.858685 3.833372
0.1845678 0.5473091 3.859513
0.1673404 0.1794593 3.941195
0.1692277 0.1559002 3.835495
0.07051531 1.407396 3.886538
-0.3364531 0.87695 4.137865
-0.2961616 0.9213395 4.075923
0.5116439 0.9101311 4.125502
0.4956637 0.9433295 4.083518
89
0.079825 0.8536595 3.877116
0.07561496 1.170312 3.890105
0.06867736 1.484474 3.881756
0.06068627 1.620319 3.875782
-0.1055236 1.350076 3.894709
-0.212377 1.159787 3.997433
-0.307398 0.9545674 4.080142
-0.3204499 0.9224522 4.107981
0.2510668 1.372875 3.8655
0.3860446 1.203157 3.976197
0.4854396 1.029978 4.069183
0.50797 0.966895 4.095642
0.0007117662 0.8545859 3.841879
-0.004505306 0.5487455 3.85239
0.04324449 0.1729691 3.91833
0.03413899 0.1530182 3.811228
0.1559012 0.858685 3.833372
0.1845678 0.5473091 3.859513
0.1673404 0.1794593 3.941195
0.1692277 0.1559002 3.835495
0.07051531 1.407396 3.886538
-0.3364531 0.87695 4.137865
-0.2961616 0.9213395 4.075923
0.5116439 0.9101311 4.125502
0.4956637 0.9433295 4.083518
90
0.08026149 0.855192 3.875968
0.0757278 1.172186 3.887083
0.06880127 1.485139 3.878139
0.06008196 1.620783 3.870194
-0.1062371 1.352547 3.893179
-0.2123182 1.165156 4.001678
-0.3025635 0.9609473 4.089745
-0.310766 0.9325787 4.116844
0.2519313 1.376123 3.86533
0.3798782 1.208091 3.979794
0.4781501 1.045337 4.078884
0.5083439 0.9769034 4.106474
0.00101869 0.8558944 3.840998
-0.004897493 0.5490401 3.851411
0.04335063 0.1733798 3.918445
0.0341214 0.1530817 3.811337
0.1564572 0.8594294 3.832623
0.1846006 0.5471606 3.859131
0.167428 0.1794406 3.940974
0.1692369 0.1558776 3.835485
0.07066345 1.408296 3.882992
-0.3212235 0.8844702 4.130835
-0.2876097 0.9347967 4.087663
0.5110728 0.9187797 4.138303
0.4949538 0.9542995 4.104634
91
0.08026149 0.855192 3.875968
0.0757278 1.172186 3.887083
0.06880127 1.485139 3.878139
0.06008196 1.620783 3.870194
-0.1062371 1.352547 3.893179
-0.2123182 1.165156 4.001678
-0.3025635 0.9609473 4.089745
-0.310766 0.9325787 4.116844
0.2519313 1.376123 3.86533
0.3798782 1.208091 3.979794
0.4781501 1.045337 4.078884
0.5083439 0.9769034 4.106474
0.00101869 0.8558944 3.840998
-0.004897493 0.5490401 3.851411
0.04335063 0.1733798 3.918445
0.0341214 0.1530817 3.811337
0.1564572 0.8594294 3.832623
0.1846006 0.5471606 3.859131
0.167428 0.1794406 3.940974
0.1692369 0.1558776 3.835485
0.07066345 1.408296 3.882992
-0.3212235 0.8844702 4.130835
-0.2876097 0.9347967 4.087663
0.5110728 0.9187797 4.138303
0.4949538 0.9542995 4.104634
92
0.08066811 0.8565272 3.874949
0.07583334 1.173534 3.884822
0.06889883 1.485541 3.875667
0.05961963 1.620469 3.865299
-0.1067974 1.354573 3.891826
-0.2105453 1.168941 4.002949
-0.291398 0.9631451 4.089319
-0.2941976 0.9346945 4.110323
0.2525443 1.378617 3.865169
0.3732887 1.210136 3.980149
0.470641 1.049837 4.078972
0.5029593 0.9833689 4.112144
0.001305952 0.8570747 3.840146
-0.005255336 0.5494146 3.850238
0.04345385 0.1738397 3.918588
0.03411603 0.1531257 3.811422
0.1570163 0.860139 3.831948
0.1846504 0.547038 3.858759
0.1674777 0.1794484 3.940799
0.1692529 0.1558598 3.83548
0.07077768 1.408866 3.88054
-0.3039581 0.8814719 4.12562
-0.2714622 0.9364208 4.081625
0.5043282 0.9244459 4.151401
0.4875778 0.9645978 4.11565
