123
1
0.05436417 0.9498814 3.168206
0.04702009 1.248212 3.174873
0.03893004 1.539401 3.16883
0.04582439 1.671716 3.158199
-0.1201091 1.419253 3.143814
-0.1602385 1.177338 3.155863
-0.1534653 0.9711438 3.102233
-0.1429581 0.9487529 3.102164
0.2010425 1.415347 3.154814
0.2551289 1.186866 3.183366
0.2652501 0.9808271 3.125547
0.2482619 0.9468237 3.118167
-0.01950886 0.9485793 3.13119
-0.03096741 0.6782405 3.145325
-0.01806291 0.3462881 3.223675
-0.01573802 0.3252224 3.134042
0.1268258 0.9522697 3.133568
0.1402707 0.6750763 3.153095
0.1305309 0.3516788 3.222315
0.1264223 0.3313875 3.126935
0.04097332 1.467594 3.172608
-0.1411954 0.8840386 3.106874
-0.1113735 0.9520224 3.07092
0.2529353 0.8848546 3.117308
0.2228402 0.9484339 3.091047
2
0.05436417 0.9498814 3.168206
0.04702009 1.248212 3.174873
0.03893004 1.539401 3.16883
0.04582439 1.671716 3.158199
-0.1201091 1.419253 3.143814
-0.1602385 1.177338 3.155863
-0.1534653 0.9711438 3.102233
-0.1429581 0.9487529 3.102164
0.2010425 1.415347 3.154814
0.2551289 1.186866 3.183366
0.2652501 0.9808271 3.125547
0.2482619 0.9468237 3.118167
-0.01950886 0.9485793 3.13119
-0.03096741 0.6782405 3.145325
-0.01806291 0.3462881 3.223675
-0.01573802 0.3252224 3.134042
0.1268258 0.9522697 3.133568
0.1402707 0.6750763 3.153095
0.1305309 0.3516788 3.222315
0.1264223 0.3313875 3.126935
0.04097332 1.467594 3.172608
-0.1411954 0.8840386 3.106874
-0.1113735 0.9520224 3.07092
0.2529353 0.8848546 3.117308
0.2228402 0.9484339 3.091047
3
0.05417489 0.9498562 3.168093
0.04684552 1.248189 3.174765
0.0387863 1.539381 3.168748
0.04566933 1.671667 3.158101
-0.120272 1.419202 3.143761
-0.1603453 1.177296 3.15579
-0.1536985 0.971075 3.102213
-0.1430091 0.9495708 3.102089
0.2008595 1.415326 3.154655
0.2549305 1.18681 3.183199
0.2650862 0.9808856 3.125314
0.2480662 0.9465777 3.117823
-0.01970404 0.948516 3.131114
-0.03105829 0.6781752 3.145377
-0.01806617 0.3461376 3.223555
-0.01572452 0.3251458 3.134008
0.1266552 0.9522792 3.133424
0.1401579 0.6750876 3.153061
0.1305202 0.3516919 3.2223
0.1264168 0.3313935 3.126921
0.04082305 1.467573 3.17252
-0.1410715 0.8841359 3.106718
-0.1114227 0.9527612 3.070818
0.2526362 0.8844635 3.117159
0.2226889 0.9485593 3.090786
4
0.05417489 0.9498562 3.168093
0.04684552 1.248189 3.174765
0.0387863 1.539381 3.168748
0.04566933 1.671667 3.158101
-0.120272 1.419202 3.143761
-0.1603453 1.177296 3.15579
-0.1536985 0.971075 3.102213
-0.1430091 0.9495708 3.102089
0.2008595 1.415326 3.154655
0.2549305 1.18681 3.183199
0.2650862 0.9808856 3.125314
0.2480662 0.9465777 3.117823
-0.01970404 0.948516 3.131114
-0.03105829 0.6781752 3.145377
-0.01806617 0.3461376 3.223555
-0.01572452 0.3251458 3.134008
0.1266552 0.9522792 3.133424
0.1401579 0.6750876 3.153061
0.1305202 0.3516919 3.2223
0.1264168 0.3313935 3.126921
0.04082305 1.467573 3.17252
-0.1410715 0.8841359 3.106718
-0.1114227 0.9527612 3.070818
0.2526362 0.8844635 3.117159
0.2226889 0.9485593 3.090786
5
0.0540004 0.9498329 3.167989
0.0466857 1.248168 3.174667
0.0386669 1.539365 3.168679
0.04553105 1.671624 3.158019
-0.1204134 1.419176 3.143717
-0.1604601 1.177293 3.155718
-0.1539298 0.9710611 3.102205
-0.1432639 0.9506114 3.102126
0.2006859 1.415301 3.154508
0.2547482 1.186761 3.183045
0.2649419 0.9809408 3.12509
0.2479389 0.9463637 3.11759
-0.01988424 0.9484595 3.131043
-0.0311383 0.6781148 3.145429
-0.01806747 0.3460534 3.22347
-0.01572713 0.3251179 3.133997
0.1264981 0.9522864 3.133291
0.1400399 0.6750947 3.153029
0.1304947 0.3516842 3.222289
0.1264095 0.331377 3.126901
0.04069325 1.467555 3.172443
-0.1407854 0.8848502 3.106152
-0.1114672 0.9535859 3.070574
0.25222 0.883988 3.116464
0.2225916 0.9493777 3.090183
6
0.0540004 0.9498329 3.167989
0.0466857 1.248168 3.174667
0.0386669 1.539365 3.168679
0.04553105 1.671624 3.158019
-0.1204134 1.419176 3.143717
-0.1604601 1.177293 3.155718
-0.1539298 0.9710611 3.102205
-0.1432639 0.9506114 3.102126
0.2006859 1.415301 3.154508
0.2547482 1.186761 3.183045
0.2649419 0.9809408 3.12509
0.2479389 0.9463637 3.11759
-0.01988424 0.9484595 3.131043
-0.0311383 0.6781148 3.145429
-0.01806747 0.3460534 3.22347
-0.01572713 0.3251179 3.133997
0.1264981 0.9522864 3.133291
0.1400399 0.6750947 3.153029
0.1304947 0.3516842 3.222289
0.1264095 0.331377 3.126901
0.04069325 1.467555 3.172443
-0.1407854 0.8848502 3.106152
-0.1114672 0.9535859 3.070574
0.25222 0.883988 3.116464
0.2225916 0.9493777 3.090183
7
0.05383985 0.9498143 3.167887
0.04652194 1.248151 3.174572
0.03849765 1.539356 3.168622
0.04540286 1.671584 3.157942
-0.1205337 1.419175 3.143674
-0.1605679 1.1773 3.15565
-0.1541348 0.9710588 3.102205
-0.1433314 0.9512825 3.102035
0.2005291 1.41527 3.154377
0.254584 1.186718 3.1829
0.264722 0.9809832 3.124895
0.2477738 0.9473897 3.117256
-0.02005416 0.9484171 3.130945
-0.03127326 0.6779723 3.145495
-0.01805025 0.3459848 3.223409
-0.01572565 0.3250912 3.133989
0.1263565 0.9522924 3.133173
0.1399234 0.6751041 3.15299
0.1304661 0.351645 3.222289
0.1264051 0.3313209 3.12687
0.04052866 1.467543 3.172374
-0.1415057 0.8856236 3.106253
-0.1121458 0.9590841 3.069521
0.2519899 0.8836784 3.116393
0.2221957 0.9478175 3.088223
8
0.05383985 0.9498143 3.167887
0.04652194 1.248151 3.174572
0.03849765 1.539356 3.168622
0.04540286 1.671584 3.157942
-0.1205337 1.419175 3.143674
-0.1605679 1.1773 3.15565
-0.1541348 0.9710588 3.102205
-0.1433314 0.9512825 3.102035
0.2005291 1.41527 3.154377
0.254584 1.186718 3.1829
0.264722 0.9809832 3.124895
0.2477738 0.9473897 3.117256
-0.02005416 0.9484171 3.130945
-0.03127326 0.6779723 3.145495
-0.01805025 0.3459848 3.223409
-0.01572565 0.3250912 3.133989
0.1263565 0.9522924 3.133173
0.1399234 0.6751041 3.15299
0.1304661 0.351645 3.222289
0.1264051 0.3313209 3.12687
0.04052866 1.467543 3.172374
-0.1415057 0.8856236 3.106253
-0.1121458 0.9590841 3.069521
0.2519899 0.8836784 3.116393
0.2221957 0.9478175 3.088223
9
0.0536932 0.9498008 3.16779
0.04637103 1.248137 3.174487
0.03834039 1.539349 3.168576
0.04528905 1.671546 3.157874
-0.120658 1.419202 3.143635
-0.1606692 1.177308 3.155587
-0.1543241 0.9710554 3.102219
-0.1435387 0.9518734 3.101989
0.2003887 1.415244 3.154263
0.2544304 1.18668 3.182774
0.2646196 0.9810186 3.124752
0.247916 0.9487105 3.117079
-0.02020795 0.9483836 3.130852
-0.03140402 0.6778313 3.145558
-0.01802836 0.345931 3.223366
-0.01572293 0.3250706 3.133987
0.1262255 0.9523007 3.13306
0.1398128 0.6751085 3.152947
0.1304359 0.3515453 3.222305
0.1263593 0.3311985 3.126834
0.04037548 1.467534 3.172316
-0.1416378 0.8860965 3.105972
-0.1123239 0.9604958 3.069102
0.2517166 0.8834667 3.116407
0.2221113 0.9476983 3.087852
10
0.0536932 0.9498008 3.16779
0.04637103 1.248137 3.174487
0.03834039 1.539349 3.168576
0.04528905 1.671546 3.157874
-0.120658 1.419202 3.143635
-0.1606692 1.177308 3.155587
-0.1543241 0.9710554 3.102219
-0.1435387 0.9518734 3.101989
0.2003887 1.415244 3.154263
0.2544304 1.18668 3.182774
0.2646196 0.9810186 3.124752
0.247916 0.9487105 3.117079
-0.02020795 0.9483836 3.130852
-0.03140402 0.6778313 3.145558
-0.01802836 0.345931 3.223366
-0.01572293 0.3250706 3.133987
0.1262255 0.9523007 3.13306
0.1398128 0.6751085 3.152947
0.1304359 0.3515453 3.222305
0.1263593 0.3311985 3.126834
0.04037548 1.467534 3.172316
-0.1416378 0.8860965 3.105972
-0.1123239 0.9604958 3.069102
0.2517166 0.8834667 3.116407
0.2221113 0.9476983 3.087852
11
0.05356611 0.949792 3.167707
0.04623828 1.248124 3.174412
0.03821009 1.539337 3.16854
0.04518609 1.671515 3.157815
-0.1207811 1.419222 3.143608
-0.1607498 1.177314 3.155548
-0.1544832 0.9710555 3.102236
-0.141318 0.9364333 3.10503
0.2002756 1.415227 3.154174
0.2542967 1.186649 3.182662
0.2645509 0.9810388 3.124676
0.2478956 0.9488219 3.11699
-0.02034094 0.9483586 3.130768
-0.0315285 0.6776924 3.145619
-0.01800053 0.3458754 3.223335
-0.01571765 0.3250428 3.13399
0.1261135 0.9523103 3.132968
0.1397111 0.6751127 3.152904
0.1303987 0.3514245 3.222336
0.126321 0.3310533 3.126819
0.04024547 1.467522 3.172267
-0.1376412 0.8832152 3.108927
-0.1113518 0.9485676 3.070445
0.2523807 0.8840698 3.115951
0.2219938 0.9469983 3.087134
12
0.05356611 0.949792 3.167707
0.04623828 1.248124 3.174412
0.03821009 1.539337 3.16854
0.04518609 1.671515 3.157815
-0.1207811 1.419222 3.143608
-0.1607498 1.177314 3.155548
-0.1544832 0.9710555 3.102236
-0.141318 0.9364333 3.10503
0.2002756 1.415227 3.154174
0.2542967 1.186649 3.182662
0.2645509 0.9810388 3.124676
0.2478956 0.9488219 3.11699
-0.02034094 0.9483586 3.130768
-0.0315285 0.6776924 3.145619
-0.01800053 0.3458754 3.223335
-0.01571765 0.3250428 3.13399
0.1261135 0.9523103 3.132968
0.1397111 0.6751127 3.152904
0.1303987 0.3514245 3.222336
0.126321 0.3310533 3.126819
0.04024547 1.467522 3.172267
-0.1376412 0.8832152 3.108927
-0.1113518 0.9485676 3.070445
0.2523807 0.8840698 3.115951
0.2219938 0.9469983 3.087134
13
0.05356611 0.949792 3.167707
0.04623828 1.248124 3.174412
0.03821009 1.539337 3.16854
0.04518609 1.671515 3.157815
-0.1207811 1.419222 3.143608
-0.1607498 1.177314 3.155548
-0.1544832 0.9710555 3.102236
-0.141318 0.9364333 3.10503
0.2002756 1.415227 3.154174
0.2542967 1.186649 3.182662
0.2645509 0.9810388 3.124676
0.2478956 0.9488219 3.11699
-0.02034094 0.9483586 3.130768
-0.0315285 0.6776924 3.145619
-0.01800053 0.3458754 3.223335
-0.01571765 0.3250428 3.13399
0.1261135 0.9523103 3.132968
0.1397111 0.6751127 3.152904
0.1303987 0.3514245 3.222336
0.126321 0.3310533 3.126819
0.04024547 1.467522 3.172267
-0.1376412 0.8832152 3.108927
-0.1113518 0.9485676 3.070445
0.2523807 0.8840698 3.115951
0.2219938 0.9469983 3.087134
14
0.05345081 0.9497826 3.16763
0.04611051 1.248109 3.174334
0.03808068 1.53932 3.168488
0.04509396 1.671486 3.157763
-0.120896 1.41924 3.143583
-0.160822 1.17732 3.155515
-0.1546198 0.9710588 3.102248
-0.1415244 0.9362738 3.104899
0.2001779 1.415213 3.154095
0.2541508 1.186599 3.182553
0.2644751 0.9810525 3.124566
0.2478426 0.9487261 3.116717
-0.0204606 0.9483351 3.130689
-0.03162768 0.6775897 3.145675
-0.01798532 0.3458416 3.223318
-0.01571641 0.3250291 3.133992
0.1260116 0.9523175 3.132885
0.1396028 0.675117 3.152847
0.1303663 0.351322 3.222368
0.1262809 0.3309182 3.126795
0.04011653 1.467506 3.172205
-0.1373995 0.8828985 3.109765
-0.1112471 0.9455697 3.070674
0.2530383 0.8851822 3.114537
0.2219383 0.9468169 3.086849
15
0.05332063 0.9497652 3.167551
0.04598671 1.248091 3.174255
0.03796552 1.539302 3.168431
0.04500851 1.671448 3.157716
-0.120999 1.419249 3.143562
-0.1608869 1.177324 3.155485
-0.1547564 0.9710625 3.102245
-0.1417527 0.9372839 3.104635
0.2000878 1.415198 3.154022
0.2539856 1.186547 3.182457
0.2644254 0.9810646 3.124468
0.2478226 0.9487436 3.116624
-0.02059575 0.9483066 3.130608
-0.03173162 0.6774841 3.145734
-0.01797419 0.3458096 3.223301
-0.01571576 0.3250177 3.133994
0.1258979 0.9523145 3.132801
0.1394973 0.6751209 3.152792
0.1303336 0.3512066 3.222393
0.1262293 0.3307754 3.126767
0.03999848 1.467489 3.172142
-0.1371808 0.8826388 3.110013
-0.1110606 0.9434261 3.071168
0.2532122 0.8853897 3.11407
0.2215907 0.9471695 3.086713
16
0.05332063 0.9497652 3.167551
0.04598671 1.248091 3.174255
0.03796552 1.539302 3.168431
0.04500851 1.671448 3.157716
-0.120999 1.419249 3.143562
-0.1608869 1.177324 3.155485
-0.1547564 0.9710625 3.102245
-0.1417527 0.9372839 3.104635
0.2000878 1.415198 3.154022
0.2539856 1.186547 3.182457
0.2644254 0.9810646 3.124468
0.2478226 0.9487436 3.116624
-0.02059575 0.9483066 3.130608
-0.03173162 0.6774841 3.145734
-0.01797419 0.3458096 3.223301
-0.01571576 0.3250177 3.133994
0.1258979 0.9523145 3.132801
0.1394973 0.6751209 3.152792
0.1303336 0.3512066 3.222393
0.1262293 0.3307754 3.126767
0.03999848 1.467489 3.172142
-0.1371808 0.8826388 3.110013
-0.1110606 0.9434261 3.071168
0.2532122 0.8853897 3.11407
0.2215907 0.9471695 3.086713
17
0.0532077 0.9497501 3.167479
0.04588418 1.248073 3.174186
0.03788218 1.53928 3.168386
0.04492407 1.671407 3.157667
-0.121088 1.419255 3.143542
-0.1609476 1.177327 3.155458
-0.1548253 0.9710629 3.102249
-0.1419404 0.9390216 3.104171
0.1999993 1.415183 3.153953
0.253828 1.186496 3.182374
0.2644051 0.9810715 3.124409
0.2478559 0.9486702 3.116569
-0.02070912 0.9482817 3.130537
-0.03182319 0.6773896 3.145787
-0.01797306 0.345759 3.22328
-0.01571266 0.3249891 3.133991
0.1257978 0.9523127 3.132724
0.1394039 0.6751226 3.152742
0.1303002 0.3510553 3.222417
0.1261895 0.3305954 3.126719
0.03990963 1.467468 3.172089
-0.1366474 0.8825627 3.109895
-0.1110955 0.9442157 3.070201
0.2534746 0.8855431 3.11462
0.2215029 0.9470857 3.086537
18
0.0532077 0.9497501 3.167479
0.04588418 1.248073 3.174186
0.03788218 1.53928 3.168386
0.04492407 1.671407 3.157667
-0.121088 1.419255 3.143542
-0.1609476 1.177327 3.155458
-0.1548253 0.9710629 3.102249
-0.1419404 0.9390216 3.104171
0.1999993 1.415183 3.153953
0.253828 1.186496 3.182374
0.2644051 0.9810715 3.124409
0.2478559 0.9486702 3.116569
-0.02070912 0.9482817 3.130537
-0.03182319 0.6773896 3.145787
-0.01797306 0.345759 3.22328
-0.01571266 0.3249891 3.133991
0.1257978 0.9523127 3.132724
0.1394039 0.6751226 3.152742
0.1303002 0.3510553 3.222417
0.1261895 0.3305954 3.126719
0.03990963 1.467468 3.172089
-0.1366474 0.8825627 3.109895
-0.1110955 0.9442157 3.070201
0.2534746 0.8855431 3.11462
0.2215029 0.9470857 3.086537
19
0.0532077 0.9497501 3.167479
0.04588418 1.248073 3.174186
0.03788218 1.53928 3.168386
0.04492407 1.671407 3.157667
-0.121088 1.419255 3.143542
-0.1609476 1.177327 3.155458
-0.1548253 0.9710629 3.102249
-0.1419404 0.9390216 3.104171
0.1999993 1.415183 3.153953
0.253828 1.186496 3.182374
0.2644051 0.9810715 3.124409
0.2478559 0.9486702 3.116569
-0.02070912 0.9482817 3.130537
-0.03182319 0.6773896 3.145787
-0.01797306 0.345759 3.22328
-0.01571266 0.3249891 3.133991
0.1257978 0.9523127 3.132724
0.1394039 0.6751226 3.152742
0.1303002 0.3510553 3.222417
0.1261895 0.3305954 3.126719
0.03990963 1.467468 3.172089
-0.1366474 0.8825627 3.109895
-0.1110955 0.9442157 3.070201
0.2534746 0.8855431 3.11462
0.2215029 0.9470857 3.086537
20
0.05311966 0.9497434 3.167424
0.04580206 1.248058 3.174128
0.03781831 1.539258 3.168349
0.04484876 1.671369 3.157621
-0.121169 1.419263 3.143522
-0.1610041 1.177316 3.155436
-0.1548839 0.9710525 3.102259
-0.1415065 0.9340739 3.104921
0.1999244 1.415175 3.153897
0.2536932 1.186461 3.182316
0.2643843 0.9810774 3.124375
0.2478014 0.9485762 3.116665
-0.02079307 0.9482688 3.130489
-0.03190683 0.6772925 3.145846
-0.01796699 0.3457193 3.22327
-0.01570988 0.324967 3.13399
0.1257174 0.9523158 3.13266
0.1393258 0.6751179 3.152706
0.1301846 0.3508764 3.222385
0.1261531 0.3304211 3.12667
0.03984057 1.467448 3.172046
-0.134212 0.8814459 3.109998
-0.1106398 0.9414067 3.069777
0.253729 0.8856336 3.115445
0.2214228 0.9470594 3.086436
21
0.05311966 0.9497434 3.167424
0.04580206 1.248058 3.174128
0.03781831 1.539258 3.168349
0.04484876 1.671369 3.157621
-0.121169 1.419263 3.143522
-0.1610041 1.177316 3.155436
-0.1548839 0.9710525 3.102259
-0.1415065 0.9340739 3.104921
0.1999244 1.415175 3.153897
0.2536932 1.186461 3.182316
0.2643843 0.9810774 3.124375
0.2478014 0.9485762 3.116665
-0.02079307 0.9482688 3.130489
-0.03190683 0.6772925 3.145846
-0.01796699 0.3457193 3.22327
-0.01570988 0.324967 3.13399
0.1257174 0.9523158 3.13266
0.1393258 0.6751179 3.152706
0.1301846 0.3508764 3.222385
0.1261531 0.3304211 3.12667
0.03984057 1.467448 3.172046
-0.134212 0.8814459 3.109998
-0.1106398 0.9414067 3.069777
0.253729 0.8856336 3.115445
0.2214228 0.9470594 3.086436
22
0.05303611 0.9497373 3.167373
0.04572841 1.248045 3.174075
0.03776492 1.539239 3.168315
0.04477848 1.671336 3.157583
-0.1212518 1.419273 3.1435
-0.1610576 1.1773 3.155412
-0.1549298 0.9710405 3.102263
-0.1399498 0.9289737 3.105092
0.1998524 1.415165 3.153847
0.2535704 1.186432 3.182269
0.2643 0.9810687 3.124403
0.2477358 0.9482762 3.116891
-0.0208714 0.948259 3.130444
-0.03197284 0.6772277 3.145892
-0.0179729 0.3457046 3.223298
-0.01570814 0.3249477 3.133989
0.1256391 0.9523166 3.132603
0.1392481 0.6750817 3.152676
0.1301009 0.3507279 3.222368
0.1261219 0.3302689 3.126627
0.03978134 1.467431 3.172006
-0.1308732 0.8794972 3.109394
-0.109093 0.9344708 3.068142
0.253568 0.8853651 3.1157
0.2211292 0.9466618 3.087064
23
0.05295757 0.9497379 3.167315
0.04566268 1.248034 3.174024
0.03771993 1.53922 3.168283
0.04471953 1.671303 3.157544
-0.1213237 1.419287 3.143473
-0.1611061 1.177271 3.15538
-0.1549876 0.971014 3.102243
-0.1408043 0.9331448 3.10451
0.1997928 1.415152 3.153805
0.2534614 1.186397 3.182228
0.2641439 0.9810274 3.124498
0.2477994 0.9479345 3.116812
-0.02095473 0.9482653 3.130373
-0.03202746 0.6771696 3.145939
-0.01797962 0.3456809 3.22331
-0.01570405 0.3249291 3.133988
0.125569 0.9523184 3.13255
0.139189 0.6750574 3.15266
0.1300184 0.3505713 3.22233
0.1260943 0.3301252 3.126586
0.0397306 1.467414 3.171969
-0.1306331 0.8793487 3.109085
-0.1106384 0.9408478 3.067357
0.2539324 0.8859683 3.115288
0.2210708 0.9466015 3.087129
24
0.05295757 0.9497379 3.167315
0.04566268 1.248034 3.174024
0.03771993 1.53922 3.168283
0.04471953 1.671303 3.157544
-0.1213237 1.419287 3.143473
-0.1611061 1.177271 3.15538
-0.1549876 0.971014 3.102243
-0.1408043 0.9331448 3.10451
0.1997928 1.415152 3.153805
0.2534614 1.186397 3.182228
0.2641439 0.9810274 3.124498
0.2477994 0.9479345 3.116812
-0.02095473 0.9482653 3.130373
-0.03202746 0.6771696 3.145939
-0.01797962 0.3456809 3.22331
-0.01570405 0.3249291 3.133988
0.125569 0.9523184 3.13255
0.139189 0.6750574 3.15266
0.1300184 0.3505713 3.22233
0.1260943 0.3301252 3.126586
0.0397306 1.467414 3.171969
-0.1306331 0.8793487 3.109085
-0.1106384 0.9408478 3.067357
0.2539324 0.8859683 3.115288
0.2210708 0.9466015 3.087129
25
0.05295757 0.9497379 3.167315
0.04566268 1.248034 3.174024
0.03771993 1.53922 3.168283
0.04471953 1.671303 3.157544
-0.1213237 1.419287 3.143473
-0.1611061 1.177271 3.15538
-0.1549876 0.971014 3.102243
-0.1408043 0.9331448 3.10451
0.1997928 1.415152 3.153805
0.2534614 1.186397 3.182228
0.2641439 0.9810274 3.124498
0.2477994 0.9479345 3.116812
-0.02095473 0.9482653 3.130373
-0.03202746 0.6771696 3.145939
-0.01797962 0.3456809 3.22331
-0.01570405 0.3249291 3.133988
0.125569 0.9523184 3.13255
0.139189 0.6750574 3.15266
0.1300184 0.3505713 3.22233
0.1260943 0.3301252 3.126586
0.0397306 1.467414 3.171969
-0.1306331 0.8793487 3.109085
-0.1106384 0.9408478 3.067357
0.2539324 0.8859683 3.115288
0.2210708 0.9466015 3.087129
26
0.0528851 0.949742 3.167257
0.04560829 1.248025 3.173976
0.03769219 1.539206 3.16826
0.04466752 1.671273 3.157508
-0.1213892 1.419296 3.14344
-0.1611616 1.177245 3.155341
-0.1550824 0.970998 3.102077
-0.1415826 0.9380798 3.102518
0.1997443 1.41514 3.153772
0.2533604 1.186367 3.1822
0.2640556 0.9810013 3.124574
0.2477873 0.9477113 3.116882
-0.02103073 0.9482737 3.130304
-0.03208026 0.677113 3.145986
-0.01798278 0.3456734 3.223353
-0.01570076 0.3249111 3.133992
0.1255013 0.9523277 3.132492
0.1391256 0.6750383 3.152622
0.1299455 0.3504522 3.222299
0.1260747 0.3300081 3.126553
0.0396964 1.467402 3.171939
-0.1319197 0.8810898 3.108624
-0.1109114 0.9432973 3.066678
0.2540763 0.886018 3.115729
0.221059 0.9463111 3.087305
27
0.05282572 0.9497491 3.167201
0.04556666 1.248021 3.173934
0.03767399 1.539197 3.168241
0.0446252 1.671246 3.157471
-0.1214352 1.41931 3.143414
-0.1616867 1.17792 3.154727
-0.155298 0.9730279 3.098266
-0.1433542 0.9478839 3.095307
0.1997038 1.415132 3.153746
0.2532684 1.186342 3.182179
0.2639837 0.9809776 3.124655
0.2478337 0.9474946 3.117033
-0.0210903 0.9482866 3.130235
-0.0321232 0.6770761 3.146018
-0.01798989 0.345667 3.223387
-0.01569868 0.3248962 3.133998
0.1254433 0.9523385 3.132438
0.1390517 0.6750593 3.15259
0.1299016 0.3503613 3.222291
0.1260581 0.3299116 3.126522
0.03967305 1.467393 3.171916
-0.1338274 0.8869092 3.10342
-0.1100987 0.9454489 3.064656
0.2538317 0.8856685 3.115988
0.2210319 0.9462094 3.087372
28
0.05282572 0.9497491 3.167201
0.04556666 1.248021 3.173934
0.03767399 1.539197 3.168241
0.0446252 1.671246 3.157471
-0.1214352 1.41931 3.143414
-0.1616867 1.17792 3.154727
-0.155298 0.9730279 3.098266
-0.1433542 0.9478839 3.095307
0.1997038 1.415132 3.153746
0.2532684 1.186342 3.182179
0.2639837 0.9809776 3.124655
0.2478337 0.9474946 3.117033
-0.0210903 0.9482866 3.130235
-0.0321232 0.6770761 3.146018
-0.01798989 0.345667 3.223387
-0.01569868 0.3248962 3.133998
0.1254433 0.9523385 3.132438
0.1390517 0.6750593 3.15259
0.1299016 0.3503613 3.222291
0.1260581 0.3299116 3.126522
0.03967305 1.467393 3.171916
-0.1338274 0.8869092 3.10342
-0.1100987 0.9454489 3.064656
0.2538317 0.8856685 3.115988
0.2210319 0.9462094 3.087372
29
0.05282572 0.9497491 3.167201
0.04556666 1.248021 3.173934
0.03767399 1.539197 3.168241
0.0446252 1.671246 3.157471
-0.1214352 1.41931 3.143414
-0.1616867 1.17792 3.154727
-0.155298 0.9730279 3.098266
-0.1433542 0.9478839 3.095307
0.1997038 1.415132 3.153746
0.2532684 1.186342 3.182179
0.2639837 0.9809776 3.124655
0.2478337 0.9474946 3.117033
-0.0210903 0.9482866 3.130235
-0.0321232 0.6770761 3.146018
-0.01798989 0.345667 3.223387
-0.01569868 0.3248962 3.133998
0.1254433 0.9523385 3.132438
0.1390517 0.6750593 3.15259
0.1299016 0.3503613 3.222291
0.1260581 0.3299116 3.126522
0.03967305 1.467393 3.171916
-0.1338274 0.8869092 3.10342
-0.1100987 0.9454489 3.064656
0.2538317 0.8856685 3.115988
0.2210319 0.9462094 3.087372
30
0.05278909 0.9497617 3.167125
0.04553567 1.248021 3.173884
0.03766196 1.539189 3.168221
0.04458737 1.671229 3.157419
-0.1214651 1.419333 3.143396
-0.1807223 1.204476 3.143208
-0.1579708 1.00383 3.075408
-0.1419024 0.9621569 3.073129
0.1996715 1.415127 3.153725
0.2532169 1.186321 3.182157
0.2639061 0.9809399 3.124753
0.2477248 0.9471501 3.117259
-0.02112701 0.9483057 3.130145
-0.03215024 0.6770668 3.146032
-0.01799744 0.3456368 3.223415
-0.01567189 0.324853 3.133975
0.1254084 0.9523537 3.132365
0.1389849 0.6750826 3.152563
0.1298764 0.3502903 3.222286
0.1260521 0.3298357 3.126502
0.03965634 1.467387 3.171889
-0.1325981 0.8939565 3.086699
-0.1017938 0.9544108 3.056648
0.2535484 0.8852705 3.116277
0.2210124 0.9466721 3.087406
31
0.05278909 0.9497617 3.167125
0.04553567 1.248021 3.173884
0.03766196 1.539189 3.168221
0.04458737 1.671229 3.157419
-0.1214651 1.419333 3.143396
-0.1807223 1.204476 3.143208
-0.1579708 1.00383 3.075408
-0.1419024 0.9621569 3.073129
0.1996715 1.415127 3.153725
0.2532169 1.186321 3.182157
0.2639061 0.9809399 3.124753
0.2477248 0.9471501 3.117259
-0.02112701 0.9483057 3.130145
-0.03215024 0.6770668 3.146032
-0.01799744 0.3456368 3.223415
-0.01567189 0.324853 3.133975
0.1254084 0.9523537 3.132365
0.1389849 0.6750826 3.152563
0.1298764 0.3502903 3.222286
0.1260521 0.3298357 3.126502
0.03965634 1.467387 3.171889
-0.1325981 0.8939565 3.086699
-0.1017938 0.9544108 3.056648
0.2535484 0.8852705 3.116277
0.2210124 0.9466721 3.087406
32
0.05276906 0.9497852 3.166929
0.04550252 1.248022 3.173783
0.03764897 1.53918 3.168186
0.04455266 1.671196 3.157256
-0.1214831 1.419373 3.143374
-0.198934 1.223129 3.12881
-0.1644943 1.04147 3.022394
-0.1543249 0.9939525 3.022125
0.1996372 1.415124 3.153639
0.2531818 1.186313 3.182127
0.2638831 0.9809359 3.124771
0.2477373 0.9469557 3.116763
-0.02115134 0.9483343 3.129975
-0.0321696 0.6773431 3.145771
-0.01801375 0.3456898 3.223461
-0.01563148 0.3248103 3.133894
0.1253968 0.9523823 3.132137
0.1389004 0.6751438 3.152475
0.1298467 0.3502444 3.222257
0.1260377 0.329778 3.126472
0.0396377 1.46738 3.171841
-0.1492527 0.9209415 3.020009
-0.10445 0.9906164 3.045054
0.2535164 0.8852258 3.115535
0.2210931 0.9453636 3.087171
33
0.05276906 0.9497852 3.166929
0.04550252 1.248022 3.173783
0.03764897 1.53918 3.168186
0.04455266 1.671196 3.157256
-0.1214831 1.419373 3.143374
-0.198934 1.223129 3.12881
-0.1644943 1.04147 3.022394
-0.1543249 0.9939525 3.022125
0.1996372 1.415124 3.153639
0.2531818 1.186313 3.182127
0.2638831 0.9809359 3.124771
0.2477373 0.9469557 3.116763
-0.02115134 0.9483343 3.129975
-0.0321696 0.6773431 3.145771
-0.01801375 0.3456898 3.223461
-0.01563148 0.3248103 3.133894
0.1253968 0.9523823 3.132137
0.1389004 0.6751438 3.152475
0.1298467 0.3502444 3.222257
0.1260377 0.329778 3.126472
0.0396377 1.46738 3.171841
-0.1492527 0.9209415 3.020009
-0.10445 0.9906164 3.045054
0.2535164 0.8852258 3.115535
0.2210931 0.9453636 3.087171
34
0.0527555 0.9498158 3.166743
0.04547752 1.248028 3.173689
0.03764335 1.539175 3.168156
0.04452813 1.671165 3.157106
-0.1214275 1.419591 3.143455
-0.2358032 1.251267 3.109863
-0.184063 1.102044 2.957592
-0.1772718 1.047611 2.941906
0.1996163 1.415142 3.15356
0.2531712 1.186309 3.182102
0.2638907 0.9809422 3.12477
0.2479239 0.9488894 3.116889
-0.02116659 0.9483716 3.129816
-0.03218256 0.6776423 3.145546
-0.01803509 0.3457322 3.223492
-0.01559714 0.3247786 3.133824
0.1253889 0.9524153 3.13192
0.1388291 0.6752015 3.152385
0.1298129 0.3502001 3.222219
0.1260196 0.3297255 3.126443
0.03962698 1.467377 3.171799
-0.1694718 0.9788409 2.914203
-0.1345895 1.054137 2.950869
0.2537995 0.8856598 3.115568
0.2211527 0.9457826 3.087418
35
0.0527555 0.9498158 3.166743
0.04547752 1.248028 3.173689
0.03764335 1.539175 3.168156
0.04452813 1.671165 3.157106
-0.1214275 1.419591 3.143455
-0.2358032 1.251267 3.109863
-0.184063 1.102044 2.957592
-0.1772718 1.047611 2.941906
0.1996163 1.415142 3.15356
0.2531712 1.186309 3.182102
0.2638907 0.9809422 3.12477
0.2479239 0.9488894 3.116889
-0.02116659 0.9483716 3.129816
-0.03218256 0.6776423 3.145546
-0.01803509 0.3457322 3.223492
-0.01559714 0.3247786 3.133824
0.1253889 0.9524153 3.13192
0.1388291 0.6752015 3.152385
0.1298129 0.3502001 3.222219
0.1260196 0.3297255 3.126443
0.03962698 1.467377 3.171799
-0.1694718 0.9788409 2.914203
-0.1345895 1.054137 2.950869
0.2537995 0.8856598 3.115568
0.2211527 0.9457826 3.087418
36
0.05275372 0.9498532 3.166605
0.04546183 1.248037 3.17364
0.03763854 1.539173 3.168148
0.04451375 1.671155 3.15706
-0.1206363 1.421204 3.144711
-0.2614037 1.275334 3.101522
-0.2120491 1.188022 2.896571
-0.2071684 1.129915 2.857529
0.199607 1.415171 3.153497
0.2531931 1.186323 3.182095
0.26392 0.9809716 3.124775
0.2482706 0.9506185 3.117347
-0.02117114 0.9484137 3.129701
-0.03218831 0.6779904 3.145428
-0.01805184 0.3457364 3.223518
-0.01556663 0.3247524 3.133786
0.1253934 0.9524548 3.13176
0.1387808 0.6752422 3.152328
0.1297793 0.350172 3.222223
0.1260033 0.3296809 3.126435
0.03961936 1.467376 3.171785
-0.1867074 1.087451 2.794499
-0.169934 1.148688 2.866218
0.2535511 0.8853408 3.115685
0.2213844 0.947152 3.088238
37
0.05275372 0.9498532 3.166605
0.04546183 1.248037 3.17364
0.03763854 1.539173 3.168148
0.04451375 1.671155 3.15706
-0.1206363 1.421204 3.144711
-0.2614037 1.275334 3.101522
-0.2120491 1.188022 2.896571
-0.2071684 1.129915 2.857529
0.199607 1.415171 3.153497
0.2531931 1.186323 3.182095
0.26392 0.9809716 3.124775
0.2482706 0.9506185 3.117347
-0.02117114 0.9484137 3.129701
-0.03218831 0.6779904 3.145428
-0.01805184 0.3457364 3.223518
-0.01556663 0.3247524 3.133786
0.1253934 0.9524548 3.13176
0.1387808 0.6752422 3.152328
0.1297793 0.350172 3.222223
0.1260033 0.3296809 3.126435
0.03961936 1.467376 3.171785
-0.1867074 1.087451 2.794499
-0.169934 1.148688 2.866218
0.2535511 0.8853408 3.115685
0.2213844 0.947152 3.088238
38
0.05276242 0.9498919 3.166503
0.04545545 1.248055 3.173609
0.03765094 1.539203 3.168179
0.04450348 1.671149 3.157027
-0.1195573 1.42312 3.146171
-0.2906183 1.310354 3.089722
-0.2235536 1.239971 2.869186
-0.2386269 1.237183 2.789571
0.1996092 1.415206 3.153426
0.2532623 1.186354 3.182078
0.263974 0.9810135 3.124771
0.2488986 0.9521287 3.117328
-0.02116418 0.9484523 3.129627
-0.03219951 0.6783213 3.145356
-0.01806841 0.3457206 3.223537
-0.01552016 0.324721 3.13374
0.1254069 0.952498 3.131631
0.1387424 0.6752796 3.152281
0.1297734 0.3501486 3.222225
0.1259891 0.3296441 3.126426
0.03962392 1.467399 3.171794
-0.2311278 1.203186 2.711257
-0.2065241 1.246917 2.7877
0.2532673 0.8849571 3.115952
0.2218482 0.9507048 3.090362
39
0.05276242 0.9498919 3.166503
0.04545545 1.248055 3.173609
0.03765094 1.539203 3.168179
0.04450348 1.671149 3.157027
-0.1195573 1.42312 3.146171
-0.2906183 1.310354 3.089722
-0.2235536 1.239971 2.869186
-0.2386269 1.237183 2.789571
0.1996092 1.415206 3.153426
0.2532623 1.186354 3.182078
0.263974 0.9810135 3.124771
0.2488986 0.9521287 3.117328
-0.02116418 0.9484523 3.129627
-0.03219951 0.6783213 3.145356
-0.01806841 0.3457206 3.223537
-0.01552016 0.324721 3.13374
0.1254069 0.952498 3.131631
0.1387424 0.6752796 3.152281
0.1297734 0.3501486 3.222225
0.1259891 0.3296441 3.126426
0.03962392 1.467399 3.171794
-0.2311278 1.203186 2.711257
-0.2065241 1.246917 2.7877
0.2532673 0.8849571 3.115952
0.2218482 0.9507048 3.090362
40
0.05277218 0.9499555 3.166385
0.04545363 1.248075 3.173584
0.03769787 1.539233 3.168252
0.04449556 1.671144 3.157002
-0.118046 1.42626 3.148141
-0.300308 1.32265 3.085003
-0.2289313 1.262787 2.854955
-0.2687072 1.343616 2.755923
0.1996202 1.415249 3.153316
0.2534046 1.186413 3.182012
0.264003 0.981199 3.124376
0.2493457 0.9533449 3.116723
-0.02115392 0.9485349 3.129534
-0.03219735 0.6787735 3.145301
-0.01807826 0.3456693 3.223508
-0.01547523 0.3246938 3.133698
0.1254204 0.9525526 3.131492
0.1387086 0.6753196 3.152228
0.1297856 0.3501096 3.222226
0.1259453 0.3295886 3.126395
0.0396466 1.467425 3.171824
-0.2647047 1.342192 2.681348
-0.2510913 1.352875 2.734069
0.2532573 0.8846326 3.115772
0.2219253 0.9510782 3.089417
41
0.05278152 0.9500259 3.166298
0.04545992 1.248104 3.173586
0.03780821 1.539265 3.168494
0.04448364 1.671146 3.157059
-0.1157637 1.431295 3.151181
-0.3047148 1.342698 3.074964
-0.269783 1.382178 2.840079
-0.2884137 1.44811 2.744812
0.1996388 1.415284 3.153208
0.2536652 1.186427 3.181888
0.2640656 0.981297 3.123955
0.2496272 0.9539499 3.116428
-0.02113836 0.9486287 3.129473
-0.03216145 0.6794829 3.145234
-0.01807312 0.3455343 3.223483
-0.0153035 0.3246129 3.133696
0.1254289 0.9526121 3.131384
0.1386793 0.6753571 3.152179
0.129803 0.3500425 3.222237
0.1259352 0.3295047 3.12638
0.03971154 1.467464 3.171967
-0.2989167 1.453038 2.686065
-0.2634077 1.446535 2.72269
0.2535711 0.8851106 3.115729
0.2219933 0.9513873 3.089103
42
0.05278152 0.9500259 3.166298
0.04545992 1.248104 3.173586
0.03780821 1.539265 3.168494
0.04448364 1.671146 3.157059
-0.1157637 1.431295 3.151181
-0.3047148 1.342698 3.074964
-0.269783 1.382178 2.840079
-0.2884137 1.44811 2.744812
0.1996388 1.415284 3.153208
0.2536652 1.186427 3.181888
0.2640656 0.981297 3.123955
0.2496272 0.9539499 3.116428
-0.02113836 0.9486287 3.129473
-0.03216145 0.6794829 3.145234
-0.01807312 0.3455343 3.223483
-0.0153035 0.3246129 3.133696
0.1254289 0.9526121 3.131384
0.1386793 0.6753571 3.152179
0.129803 0.3500425 3.222237
0.1259352 0.3295047 3.12638
0.03971154 1.467464 3.171967
-0.2989167 1.453038 2.686065
-0.2634077 1.446535 2.72269
0.2535711 0.8851106 3.115729
0.2219933 0.9513873 3.089103
43
0.05278152 0.9500259 3.166298
0.04545992 1.248104 3.173586
0.03780821 1.539265 3.168494
0.04448364 1.671146 3.157059
-0.1157637 1.431295 3.151181
-0.3047148 1.342698 3.074964
-0.269783 1.382178 2.840079
-0.2884137 1.44811 2.744812
0.1996388 1.415284 3.153208
0.2536652 1.186427 3.181888
0.2640656 0.981297 3.123955
0.2496272 0.9539499 3.116428
-0.02113836 0.9486287 3.129473
-0.03216145 0.6794829 3.145234
-0.01807312 0.3455343 3.223483
-0.0153035 0.3246129 3.133696
0.1254289 0.9526121 3.131384
0.1386793 0.6753571 3.152179
0.129803 0.3500425 3.222237
0.1259352 0.3295047 3.12638
0.03971154 1.467464 3.171967
-0.2989167 1.453038 2.686065
-0.2634077 1.446535 2.72269
0.2535711 0.8851106 3.115729
0.2219933 0.9513873 3.089103
44
0.05280865 0.9500975 3.166221
0.04547471 1.248138 3.173597
0.03792505 1.539298 3.168754
0.04446782 1.671165 3.157167
-0.1141409 1.434856 3.153299
-0.3082442 1.380781 3.059207
-0.291248 1.497327 2.82864
-0.2991267 1.543607 2.756823
0.1996722 1.415324 3.1531
0.2539614 1.186461 3.181736
0.2644394 0.9815521 3.12301
0.2491255 0.9477554 3.114945
-0.02110441 0.9487108 3.129427
-0.03211763 0.6801308 3.145214
-0.01806354 0.3453907 3.223432
-0.01515363 0.3245443 3.133695
0.1254582 0.9526832 3.131281
0.1386635 0.6754526 3.152076
0.1298539 0.3499609 3.222209
0.1259249 0.3294147 3.12636
0.03978509 1.467506 3.172129
-0.3061425 1.569837 2.672886
-0.2686739 1.536374 2.725482
0.2496964 0.8852429 3.11388
0.2222627 0.9512677 3.088275
45
0.05280865 0.9500975 3.166221
0.04547471 1.248138 3.173597
0.03792505 1.539298 3.168754
0.04446782 1.671165 3.157167
-0.1141409 1.434856 3.153299
-0.3082442 1.380781 3.059207
-0.291248 1.497327 2.82864
-0.2991267 1.543607 2.756823
0.1996722 1.415324 3.1531
0.2539614 1.186461 3.181736
0.2644394 0.9815521 3.12301
0.2491255 0.9477554 3.114945
-0.02110441 0.9487108 3.129427
-0.03211763 0.6801308 3.145214
-0.01806354 0.3453907 3.223432
-0.01515363 0.3245443 3.133695
0.1254582 0.9526832 3.131281
0.1386635 0.6754526 3.152076
0.1298539 0.3499609 3.222209
0.1259249 0.3294147 3.12636
0.03978509 1.467506 3.172129
-0.3061425 1.569837 2.672886
-0.2686739 1.536374 2.725482
0.2496964 0.8852429 3.11388
0.2222627 0.9512677 3.088275
46
0.05288426 0.9502758 3.166128
0.04552298 1.248231 3.173653
0.03809717 1.539392 3.169181
0.04446958 1.671181 3.157353
-0.1129858 1.437623 3.154706
-0.3091641 1.410158 3.048332
-0.2985585 1.588962 2.831781
-0.3031747 1.631658 2.773065
0.1997821 1.415388 3.152924
0.2543422 1.186562 3.181537
0.2647685 0.9818293 3.122249
0.2487116 0.9432306 3.114697
-0.02100475 0.9489487 3.129377
-0.0320734 0.6806436 3.145205
-0.01805233 0.3452841 3.223409
-0.01501478 0.324493 3.133707
0.1255232 0.9528214 3.131165
0.1386418 0.6755583 3.151975
0.1299109 0.3499158 3.222193
0.1259181 0.3293566 3.126351
0.03990838 1.467608 3.172418
-0.3162959 1.666588 2.702357
-0.2655037 1.619822 2.742488
0.2478483 0.8855121 3.112883
0.2223805 0.951282 3.088095
47
0.05288426 0.9502758 3.166128
0.04552298 1.248231 3.173653
0.03809717 1.539392 3.169181
0.04446958 1.671181 3.157353
-0.1129858 1.437623 3.154706
-0.3091641 1.410158 3.048332
-0.2985585 1.588962 2.831781
-0.3031747 1.631658 2.773065
0.1997821 1.415388 3.152924
0.2543422 1.186562 3.181537
0.2647685 0.9818293 3.122249
0.2487116 0.9432306 3.114697
-0.02100475 0.9489487 3.129377
-0.0320734 0.6806436 3.145205
-0.01805233 0.3452841 3.223409
-0.01501478 0.324493 3.133707
0.1255232 0.9528214 3.131165
0.1386418 0.6755583 3.151975
0.1299109 0.3499158 3.222193
0.1259181 0.3293566 3.126351
0.03990838 1.467608 3.172418
-0.3162959 1.666588 2.702357
-0.2655037 1.619822 2.742488
0.2478483 0.8855121 3.112883
0.2223805 0.951282 3.088095
48
0.052978 0.9504954 3.166037
0.04557483 1.248337 3.173721
0.03823774 1.539486 3.169615
0.04446715 1.671191 3.157585
-0.11217 1.439682 3.155549
-0.3056859 1.44635 3.035923
-0.2951646 1.641646 2.860807
-0.3036583 1.705995 2.80081
0.1999554 1.415477 3.152681
0.2547248 1.186622 3.181327
0.2651861 0.9820139 3.121623
0.2491411 0.9436604 3.114022
-0.02089147 0.9492115 3.129327
-0.0320043 0.6810558 3.145179
-0.01804888 0.3451992 3.223396
-0.01486443 0.3244497 3.133731
0.1256095 0.9530154 3.131053
0.1386237 0.6756678 3.151879
0.1299678 0.3498613 3.22215
0.1259093 0.3293062 3.126348
0.04001718 1.467715 3.172721
-0.3076865 1.74628 2.730505
-0.2656274 1.693583 2.766402
0.2482802 0.886275 3.112652
0.222454 0.950581 3.087125
49
0.052978 0.9504954 3.166037
0.04557483 1.248337 3.173721
0.03823774 1.539486 3.169615
0.04446715 1.671191 3.157585
-0.11217 1.439682 3.155549
-0.3056859 1.44635 3.035923
-0.2951646 1.641646 2.860807
-0.3036583 1.705995 2.80081
0.1999554 1.415477 3.152681
0.2547248 1.186622 3.181327
0.2651861 0.9820139 3.121623
0.2491411 0.9436604 3.114022
-0.02089147 0.9492115 3.129327
-0.0320043 0.6810558 3.145179
-0.01804888 0.3451992 3.223396
-0.01486443 0.3244497 3.133731
0.1256095 0.9530154 3.131053
0.1386237 0.6756678 3.151879
0.1299678 0.3498613 3.22215
0.1259093 0.3293062 3.126348
0.04001718 1.467715 3.172721
-0.3076865 1.74628 2.730505
-0.2656274 1.693583 2.766402
0.2482802 0.886275 3.112652
0.222454 0.950581 3.087125
50
0.05310169 0.9507729 3.165938
0.04564236 1.24846 3.173805
0.03839092 1.539574 3.170075
0.04448193 1.671165 3.158005
-0.1114935 1.441467 3.155948
-0.3022143 1.473387 3.030229
-0.290962 1.681913 2.885058
-0.3002248 1.758992 2.839542
0.2001212 1.415566 3.152455
0.2551115 1.186689 3.181111
0.2656144 0.9821791 3.121097
0.2493996 0.9413568 3.113897
-0.02072629 0.9495694 3.129244
-0.031937 0.6814047 3.145155
-0.01804206 0.345112 3.223387
-0.014718 0.3244026 3.133774
0.1257122 0.9532428 3.130954
0.1386115 0.67576 3.151783
0.1300406 0.3498072 3.222094
0.1259018 0.3292623 3.126347
0.04014098 1.467822 3.17305
-0.3110083 1.808019 2.787184
-0.2614594 1.755891 2.80164
0.2473263 0.8869166 3.112957
0.2224565 0.9501312 3.086671
51
0.05310169 0.9507729 3.165938
0.04564236 1.24846 3.173805
0.03839092 1.539574 3.170075
0.04448193 1.671165 3.158005
-0.1114935 1.441467 3.155948
-0.3022143 1.473387 3.030229
-0.290962 1.681913 2.885058
-0.3002248 1.758992 2.839542
0.2001212 1.415566 3.152455
0.2551115 1.186689 3.181111
0.2656144 0.9821791 3.121097
0.2493996 0.9413568 3.113897
-0.02072629 0.9495694 3.129244
-0.031937 0.6814047 3.145155
-0.01804206 0.345112 3.223387
-0.014718 0.3244026 3.133774
0.1257122 0.9532428 3.130954
0.1386115 0.67576 3.151783
0.1300406 0.3498072 3.222094
0.1259018 0.3292623 3.126347
0.04014098 1.467822 3.17305
-0.3110083 1.808019 2.787184
-0.2614594 1.755891 2.80164
0.2473263 0.8869166 3.112957
0.2224565 0.9501312 3.086671
52
0.05323059 0.9511249 3.165835
0.04573105 1.248616 3.173909
0.03859638 1.539672 3.170575
0.04450179 1.671139 3.158519
-0.1108668 1.443544 3.155858
-0.2862439 1.518408 3.020936
-0.2900722 1.729148 2.901132
-0.2941 1.795832 2.878904
0.2002785 1.415685 3.152287
0.2554823 1.186749 3.18091
0.2658488 0.9822623 3.120843
0.2498754 0.9421217 3.114024
-0.02053503 0.9500598 3.12911
-0.03189185 0.6816568 3.145124
-0.01801883 0.3450721 3.223403
-0.01460581 0.3243788 3.13382
0.125807 0.9535136 3.130876
0.1386057 0.6758654 3.151683
0.1300943 0.3497612 3.22206
0.1258953 0.3292166 3.126354
0.04030638 1.467946 3.173417
-0.3054742 1.851726 2.844486
-0.2538329 1.791191 2.843498
0.2473427 0.8864271 3.112893
0.222489 0.9500273 3.086489
53
0.05323059 0.9511249 3.165835
0.04573105 1.248616 3.173909
0.03859638 1.539672 3.170575
0.04450179 1.671139 3.158519
-0.1108668 1.443544 3.155858
-0.2862439 1.518408 3.020936
-0.2900722 1.729148 2.901132
-0.2941 1.795832 2.878904
0.2002785 1.415685 3.152287
0.2554823 1.186749 3.18091
0.2658488 0.9822623 3.120843
0.2498754 0.9421217 3.114024
-0.02053503 0.9500598 3.12911
-0.03189185 0.6816568 3.145124
-0.01801883 0.3450721 3.223403
-0.01460581 0.3243788 3.13382
0.125807 0.9535136 3.130876
0.1386057 0.6758654 3.151683
0.1300943 0.3497612 3.22206
0.1258953 0.3292166 3.126354
0.04030638 1.467946 3.173417
-0.3054742 1.851726 2.844486
-0.2538329 1.791191 2.843498
0.2473427 0.8864271 3.112893
0.222489 0.9500273 3.086489
54
0.05356108 0.9517545 3.165596
0.04583633 1.248811 3.174018
0.03874706 1.539784 3.17107
0.04453217 1.671119 3.159003
-0.1103114 1.445369 3.155339
-0.2784517 1.539403 3.01748
-0.2856871 1.768611 2.918184
-0.2898378 1.836901 2.906245
0.2004486 1.415825 3.152144
0.2558804 1.186911 3.180711
0.2659327 0.9823777 3.120628
0.2498729 0.9423695 3.113888
-0.02013062 0.95094 3.128666
-0.03185825 0.6819285 3.145084
-0.01799567 0.3450343 3.223416
-0.01451199 0.3243571 3.133869
0.126106 0.9539986 3.130769
0.1386053 0.6759402 3.151622
0.1301437 0.3497064 3.222024
0.1258886 0.3291729 3.126364
0.04044595 1.468084 3.173781
-0.3006034 1.892534 2.880028
-0.2468843 1.818475 2.873838
0.2479163 0.8863313 3.113624
0.2225078 0.9499527 3.086325
55
0.05356108 0.9517545 3.165596
0.04583633 1.248811 3.174018
0.03874706 1.539784 3.17107
0.04453217 1.671119 3.159003
-0.1103114 1.445369 3.155339
-0.2784517 1.539403 3.01748
-0.2856871 1.768611 2.918184
-0.2898378 1.836901 2.906245
0.2004486 1.415825 3.152144
0.2558804 1.186911 3.180711
0.2659327 0.9823777 3.120628
0.2498729 0.9423695 3.113888
-0.02013062 0.95094 3.128666
-0.03185825 0.6819285 3.145084
-0.01799567 0.3450343 3.223416
-0.01451199 0.3243571 3.133869
0.126106 0.9539986 3.130769
0.1386053 0.6759402 3.151622
0.1301437 0.3497064 3.222024
0.1258886 0.3291729 3.126364
0.04044595 1.468084 3.173781
-0.3006034 1.892534 2.880028
-0.2468843 1.818475 2.873838
0.2479163 0.8863313 3.113624
0.2225078 0.9499527 3.086325
56
0.05389718 0.9525285 3.165309
0.04595376 1.249053 3.174121
0.03888196 1.539893 3.17151
0.04458207 1.671105 3.159476
-0.1098136 1.44829 3.154539
-0.274139 1.55238 3.016263
-0.2797768 1.776556 2.932077
-0.2824947 1.852031 2.93466
0.2006161 1.415974 3.152026
0.2562538 1.187087 3.180541
0.2664812 0.9825931 3.120517
0.2515012 0.9460704 3.114354
-0.01971436 0.9521055 3.128043
-0.03183336 0.6822022 3.14502
-0.01797481 0.3450392 3.223445
-0.0144315 0.3243621 3.133925
0.1264001 0.9545358 3.130676
0.1386085 0.6759978 3.151573
0.1301984 0.3496623 3.221993
0.1258803 0.3291375 3.126363
0.04057695 1.468222 3.174112
-0.2968461 1.912675 2.919992
-0.2399007 1.844444 2.903958
0.2496817 0.8868451 3.114757
0.2226195 0.9499274 3.086204
57
0.05389718 0.9525285 3.165309
0.04595376 1.249053 3.174121
0.03888196 1.539893 3.17151
0.04458207 1.671105 3.159476
-0.1098136 1.44829 3.154539
-0.274139 1.55238 3.016263
-0.2797768 1.776556 2.932077
-0.2824947 1.852031 2.93466
0.2006161 1.415974 3.152026
0.2562538 1.187087 3.180541
0.2664812 0.9825931 3.120517
0.2515012 0.9460704 3.114354
-0.01971436 0.9521055 3.128043
-0.03183336 0.6822022 3.14502
-0.01797481 0.3450392 3.223445
-0.0144315 0.3243621 3.133925
0.1264001 0.9545358 3.130676
0.1386085 0.6759978 3.151573
0.1301984 0.3496623 3.221993
0.1258803 0.3291375 3.126363
0.04057695 1.468222 3.174112
-0.2968461 1.912675 2.919992
-0.2399007 1.844444 2.903958
0.2496817 0.8868451 3.114757
0.2226195 0.9499274 3.086204
58
0.05422398 0.953351 3.165051
0.04609399 1.249341 3.174222
0.03901899 1.540001 3.171874
0.04463467 1.671093 3.159904
-0.1093536 1.451368 3.153487
-0.2706355 1.562884 3.018835
-0.2753856 1.787422 2.949005
-0.2785084 1.864443 2.957234
0.2007725 1.41612 3.151929
0.2565889 1.187274 3.180414
0.2670924 0.9828267 3.120538
0.2520756 0.9478866 3.115035
-0.01930748 0.9533046 3.127445
-0.03181227 0.682444 3.144958
-0.01795637 0.3450508 3.223476
-0.01437359 0.3243674 3.133968
0.126678 0.9551103 3.130635
0.1386176 0.6760526 3.151531
0.1302478 0.349619 3.221966
0.1258629 0.3291046 3.126371
0.04071381 1.468364 3.174399
-0.2882072 1.919565 2.951302
-0.2388243 1.857112 2.930715
0.2509502 0.8874503 3.115545
0.2226582 0.9499035 3.086134
59
0.05422398 0.953351 3.165051
0.04609399 1.249341 3.174222
0.03901899 1.540001 3.171874
0.04463467 1.671093 3.159904
-0.1093536 1.451368 3.153487
-0.2706355 1.562884 3.018835
-0.2753856 1.787422 2.949005
-0.2785084 1.864443 2.957234
0.2007725 1.41612 3.151929
0.2565889 1.187274 3.180414
0.2670924 0.9828267 3.120538
0.2520756 0.9478866 3.115035
-0.01930748 0.9533046 3.127445
-0.03181227 0.682444 3.144958
-0.01795637 0.3450508 3.223476
-0.01437359 0.3243674 3.133968
0.126678 0.9551103 3.130635
0.1386176 0.6760526 3.151531
0.1302478 0.349619 3.221966
0.1258629 0.3291046 3.126371
0.04071381 1.468364 3.174399
-0.2882072 1.919565 2.951302
-0.2388243 1.857112 2.930715
0.2509502 0.8874503 3.115545
0.2226582 0.9499035 3.086134
60
0.05451497 0.9541715 3.164786
0.04624762 1.249664 3.174294
0.03915282 1.540107 3.172155
0.04469045 1.671079 3.160275
-0.1090656 1.45418 3.152617
-0.2680561 1.570113 3.022583
-0.270128 1.793068 2.962551
-0.2732807 1.868921 2.97434
0.2009222 1.416266 3.151851
0.2568747 1.187426 3.180326
0.267865 0.9830419 3.120687
0.2531924 0.9451966 3.116194
-0.01894411 0.9544364 3.126853
-0.03178406 0.6826425 3.144893
-0.01793592 0.3450619 3.223492
-0.01432596 0.3243755 3.134008
0.1269179 0.9556957 3.130598
0.1386438 0.6761231 3.151469
0.1302791 0.3496158 3.221968
0.1258455 0.3290922 3.12639
0.0408513 1.468509 3.174628
-0.2823823 1.9296 2.978133
-0.2340469 1.864844 2.946861
0.2509794 0.8874545 3.115925
0.2228646 0.9492782 3.086244
61
0.05451497 0.9541715 3.164786
0.04624762 1.249664 3.174294
0.03915282 1.540107 3.172155
0.04469045 1.671079 3.160275
-0.1090656 1.45418 3.152617
-0.2680561 1.570113 3.022583
-0.270128 1.793068 2.962551
-0.2732807 1.868921 2.97434
0.2009222 1.416266 3.151851
0.2568747 1.187426 3.180326
0.267865 0.9830419 3.120687
0.2531924 0.9451966 3.116194
-0.01894411 0.9544364 3.126853
-0.03178406 0.6826425 3.144893
-0.01793592 0.3450619 3.223492
-0.01432596 0.3243755 3.134008
0.1269179 0.9556957 3.130598
0.1386438 0.6761231 3.151469
0.1302791 0.3496158 3.221968
0.1258455 0.3290922 3.12639
0.0408513 1.468509 3.174628
-0.2823823 1.9296 2.978133
-0.2340469 1.864844 2.946861
0.2509794 0.8874545 3.115925
0.2228646 0.9492782 3.086244
62
0.05476988 0.9550267 3.164486
0.04642509 1.250029 3.174329
0.03930578 1.540211 3.172372
0.04474396 1.671061 3.160586
-0.1088217 1.45682 3.151917
-0.2667052 1.574286 3.027504
-0.2660995 1.795182 2.972469
-0.2678895 1.869434 2.987788
0.2010288 1.416405 3.151768
0.2571328 1.187564 3.180259
0.2686768 0.9832423 3.120875
0.2538688 0.9426661 3.117257
-0.01861988 0.9555538 3.126225
-0.03176178 0.6831528 3.144559
-0.01792112 0.3451461 3.223535
-0.01428552 0.3243857 3.134046
0.1271182 0.9563124 3.130551
0.1387227 0.6762465 3.151356
0.1302962 0.349634 3.221996
0.1258377 0.3290812 3.126436
0.04100825 1.468657 3.174807
-0.2786084 1.930214 2.993218
-0.2309046 1.872535 2.960514
0.2507693 0.8873297 3.116649
0.2236823 0.9487091 3.086443
63
0.05476988 0.9550267 3.164486
0.04642509 1.250029 3.174329
0.03930578 1.540211 3.172372
0.04474396 1.671061 3.160586
-0.1088217 1.45682 3.151917
-0.2667052 1.574286 3.027504
-0.2660995 1.795182 2.972469
-0.2678895 1.869434 2.987788
0.2010288 1.416405 3.151768
0.2571328 1.187564 3.180259
0.2686768 0.9832423 3.120875
0.2538688 0.9426661 3.117257
-0.01861988 0.9555538 3.126225
-0.03176178 0.6831528 3.144559
-0.01792112 0.3451461 3.223535
-0.01428552 0.3243857 3.134046
0.1271182 0.9563124 3.130551
0.1387227 0.6762465 3.151356
0.1302962 0.349634 3.221996
0.1258377 0.3290812 3.126436
0.04100825 1.468657 3.174807
-0.2786084 1.930214 2.993218
-0.2309046 1.872535 2.960514
0.2507693 0.8873297 3.116649
0.2236823 0.9487091 3.086443
64
0.05499468 0.955782 3.164213
0.04660624 1.250388 3.174345
0.03945272 1.54031 3.172549
0.04479536 1.671043 3.160845
-0.108657 1.458644 3.151356
-0.266223 1.575993 3.032674
-0.2630987 1.795887 2.980803
-0.2647001 1.868712 2.997313
0.2011429 1.416573 3.151689
0.2574686 1.187809 3.180235
0.2696168 0.9835809 3.121161
0.2544054 0.9404663 3.118121
-0.0183427 0.9564853 3.125676
-0.03172072 0.6836783 3.144225
-0.01792362 0.3452272 3.223572
-0.01424839 0.324399 3.134089
0.1272972 0.956881 3.130508
0.1388197 0.6764368 3.151213
0.1303086 0.3496803 3.222041
0.1258411 0.3290829 3.12648
0.04116245 1.468801 3.174955
-0.2751813 1.929419 3.004342
-0.227195 1.872476 2.970883
0.2504625 0.8871393 3.117611
0.2249773 0.9472265 3.087155
65
0.05499468 0.955782 3.164213
0.04660624 1.250388 3.174345
0.03945272 1.54031 3.172549
0.04479536 1.671043 3.160845
-0.108657 1.458644 3.151356
-0.266223 1.575993 3.032674
-0.2630987 1.795887 2.980803
-0.2647001 1.868712 2.997313
0.2011429 1.416573 3.151689
0.2574686 1.187809 3.180235
0.2696168 0.9835809 3.121161
0.2544054 0.9404663 3.118121
-0.0183427 0.9564853 3.125676
-0.03172072 0.6836783 3.144225
-0.01792362 0.3452272 3.223572
-0.01424839 0.324399 3.134089
0.1272972 0.956881 3.130508
0.1388197 0.6764368 3.151213
0.1303086 0.3496803 3.222041
0.1258411 0.3290829 3.12648
0.04116245 1.468801 3.174955
-0.2751813 1.929419 3.004342
-0.227195 1.872476 2.970883
0.2504625 0.8871393 3.117611
0.2249773 0.9472265 3.087155
66
0.05519076 0.9565288 3.163914
0.04679276 1.250763 3.174335
0.03959683 1.540406 3.172692
0.04484107 1.671025 3.161058
-0.1085414 1.459947 3.150916
-0.2664105 1.576346 3.038077
-0.2610263 1.79498 2.987029
-0.2620195 1.866287 3.003784
0.2012423 1.416785 3.15159
0.2577879 1.188061 3.180237
0.2706368 0.9839518 3.121437
0.254838 0.9386989 3.118721
-0.01811424 0.9573285 3.125163
-0.03169702 0.6840935 3.143921
-0.01792167 0.3453089 3.223607
-0.01421504 0.3244145 3.134133
0.1274565 0.9574707 3.130424
0.1389755 0.6767346 3.15098
0.1303055 0.3497548 3.2221
0.1258444 0.3290831 3.126516
0.04131621 1.468944 3.175076
-0.2721859 1.925701 3.008272
-0.2241272 1.862456 2.978174
0.2501914 0.8870038 3.118008
0.2254536 0.9469274 3.087189
67
0.05519076 0.9565288 3.163914
0.04679276 1.250763 3.174335
0.03959683 1.540406 3.172692
0.04484107 1.671025 3.161058
-0.1085414 1.459947 3.150916
-0.2664105 1.576346 3.038077
-0.2610263 1.79498 2.987029
-0.2620195 1.866287 3.003784
0.2012423 1.416785 3.15159
0.2577879 1.188061 3.180237
0.2706368 0.9839518 3.121437
0.254838 0.9386989 3.118721
-0.01811424 0.9573285 3.125163
-0.03169702 0.6840935 3.143921
-0.01792167 0.3453089 3.223607
-0.01421504 0.3244145 3.134133
0.1274565 0.9574707 3.130424
0.1389755 0.6767346 3.15098
0.1303055 0.3497548 3.2221
0.1258444 0.3290831 3.126516
0.04131621 1.468944 3.175076
-0.2721859 1.925701 3.008272
-0.2241272 1.862456 2.978174
0.2501914 0.8870038 3.118008
0.2254536 0.9469274 3.087189
68
0.05534419 0.9573226 3.16363
0.04697607 1.251203 3.174298
0.03973137 1.540517 3.172798
0.04488143 1.671008 3.16124
-0.108512 1.461162 3.150648
-0.2672093 1.575835 3.04262
-0.2596855 1.793535 2.991298
-0.2602405 1.863174 3.007523
0.2013438 1.416995 3.151499
0.2580854 1.188299 3.180244
0.2717461 0.984326 3.121686
0.2550381 0.9373401 3.119033
-0.01793859 0.95818 3.124727
-0.03166688 0.6844476 3.143641
-0.01791376 0.3453934 3.223644
-0.01418249 0.3244367 3.134186
0.1275795 0.9581125 3.130326
0.1391414 0.6770644 3.150704
0.1303177 0.3498468 3.222169
0.1258482 0.329084 3.126549
0.04146439 1.46911 3.175165
-0.2687173 1.92311 3.011551
-0.2214883 1.86234 2.978651
0.2502454 0.8867568 3.119769
0.2259414 0.9465904 3.087279
69
0.05534419 0.9573226 3.16363
0.04697607 1.251203 3.174298
0.03973137 1.540517 3.172798
0.04488143 1.671008 3.16124
-0.108512 1.461162 3.150648
-0.2672093 1.575835 3.04262
-0.2596855 1.793535 2.991298
-0.2602405 1.863174 3.007523
0.2013438 1.416995 3.151499
0.2580854 1.188299 3.180244
0.2717461 0.984326 3.121686
0.2550381 0.9373401 3.119033
-0.01793859 0.95818 3.124727
-0.03166688 0.6844476 3.143641
-0.01791376 0.3453934 3.223644
-0.01418249 0.3244367 3.134186
0.1275795 0.9581125 3.130326
0.1391414 0.6770644 3.150704
0.1303177 0.3498468 3.222169
0.1258482 0.329084 3.126549
0.04146439 1.46911 3.175165
-0.2687173 1.92311 3.011551
-0.2214883 1.86234 2.978651
0.2502454 0.8867568 3.119769
0.2259414 0.9465904 3.087279
70
0.05547487 0.9580775 3.163335
0.04715646 1.251639 3.174233
0.03986235 1.540623 3.172874
0.04490561 1.670991 3.16135
-0.1085093 1.462148 3.150446
-0.2682252 1.574773 3.046116
-0.2587535 1.791282 2.994067
-0.2579688 1.856685 3.006455
0.2014415 1.417229 3.151396
0.258359 1.188498 3.180239
0.2724544 0.9845648 3.121855
0.2560014 0.9399077 3.118743
-0.01778416 0.9589601 3.124321
-0.03160306 0.6846927 3.143341
-0.01791854 0.3454871 3.223678
-0.01415838 0.3244537 3.134228
0.1276761 0.9587365 3.130195
0.1393169 0.6774005 3.150405
0.1303401 0.3499403 3.222224
0.125854 0.3290873 3.126585
0.04160971 1.469273 3.175227
-0.2657333 1.919099 3.010405
-0.2200181 1.844865 2.971957
0.2504388 0.8862507 3.119683
0.2262727 0.9464011 3.087272
71
0.05547487 0.9580775 3.163335
0.04715646 1.251639 3.174233
0.03986235 1.540623 3.172874
0.04490561 1.670991 3.16135
-0.1085093 1.462148 3.150446
-0.2682252 1.574773 3.046116
-0.2587535 1.791282 2.994067
-0.2579688 1.856685 3.006455
0.2014415 1.417229 3.151396
0.258359 1.188498 3.180239
0.2724544 0.9845648 3.121855
0.2560014 0.9399077 3.118743
-0.01778416 0.9589601 3.124321
-0.03160306 0.6846927 3.143341
-0.01791854 0.3454871 3.223678
-0.01415838 0.3244537 3.134228
0.1276761 0.9587365 3.130195
0.1393169 0.6774005 3.150405
0.1303401 0.3499403 3.222224
0.125854 0.3290873 3.126585
0.04160971 1.469273 3.175227
-0.2657333 1.919099 3.010405
-0.2200181 1.844865 2.971957
0.2504388 0.8862507 3.119683
0.2262727 0.9464011 3.087272
72
0.05559761 0.9586536 3.163092
0.04734528 1.25203 3.174162
0.04002947 1.540744 3.172931
0.04492473 1.670978 3.161435
-0.108492 1.462744 3.150277
-0.2693006 1.57308 3.048815
-0.2583205 1.788491 2.995386
-0.2587456 1.848913 3.000934
0.2015204 1.417472 3.151268
0.2586264 1.188695 3.180222
0.2732262 0.9848267 3.121917
0.2562076 0.9392938 3.11848
-0.01764299 0.959422 3.12405
-0.03152451 0.6849248 3.143038
-0.01793302 0.3455666 3.223711
-0.01414118 0.3244545 3.134263
0.1277634 0.9592777 3.130065
0.139517 0.6776909 3.15011
0.1303965 0.3500861 3.222318
0.1258606 0.3291248 3.126645
0.04178446 1.469444 3.175271
-0.2655251 1.909599 3.001493
-0.2191496 1.840153 2.968209
0.2504593 0.8861536 3.11991
0.226659 0.946191 3.087163
73
0.05559761 0.9586536 3.163092
0.04734528 1.25203 3.174162
0.04002947 1.540744 3.172931
0.04492473 1.670978 3.161435
-0.108492 1.462744 3.150277
-0.2693006 1.57308 3.048815
-0.2583205 1.788491 2.995386
-0.2587456 1.848913 3.000934
0.2015204 1.417472 3.151268
0.2586264 1.188695 3.180222
0.2732262 0.9848267 3.121917
0.2562076 0.9392938 3.11848
-0.01764299 0.959422 3.12405
-0.03152451 0.6849248 3.143038
-0.01793302 0.3455666 3.223711
-0.01414118 0.3244545 3.134263
0.1277634 0.9592777 3.130065
0.139517 0.6776909 3.15011
0.1303965 0.3500861 3.222318
0.1258606 0.3291248 3.126645
0.04178446 1.469444 3.175271
-0.2655251 1.909599 3.001493
-0.2191496 1.840153 2.968209
0.2504593 0.8861536 3.11991
0.226659 0.946191 3.087163
74
0.05570019 0.9591426 3.162884
0.04752991 1.252397 3.174081
0.04021797 1.540873 3.172951
0.04493439 1.670964 3.161497
-0.1084891 1.463226 3.150172
-0.2708367 1.570275 3.05071
-0.2612437 1.777561 2.991162
-0.2677749 1.824437 2.980942
0.2015932 1.417724 3.15112
0.258874 1.188886 3.180196
0.2736302 0.9849859 3.122
0.2568824 0.9417832 3.117475
-0.01752363 0.9597921 3.123836
-0.03142925 0.6850524 3.142823
-0.01795031 0.3456182 3.223726
-0.01412705 0.3244542 3.134294
0.1278332 0.9597604 3.129941
0.13968 0.6779311 3.149841
0.1304666 0.3502129 3.222407
0.1258663 0.3291495 3.126696
0.04197418 1.469619 3.175284
-0.2735302 1.885818 2.976422
-0.2240805 1.8112 2.948743
0.2508678 0.8857518 3.119269
0.2270213 0.9458388 3.087045
75
0.05570019 0.9591426 3.162884
0.04752991 1.252397 3.174081
0.04021797 1.540873 3.172951
0.04493439 1.670964 3.161497
-0.1084891 1.463226 3.150172
-0.2708367 1.570275 3.05071
-0.2612437 1.777561 2.991162
-0.2677749 1.824437 2.980942
0.2015932 1.417724 3.15112
0.258874 1.188886 3.180196
0.2736302 0.9849859 3.122
0.2568824 0.9417832 3.117475
-0.01752363 0.9597921 3.123836
-0.03142925 0.6850524 3.142823
-0.01795031 0.3456182 3.223726
-0.01412705 0.3244542 3.134294
0.1278332 0.9597604 3.129941
0.13968 0.6779311 3.149841
0.1304666 0.3502129 3.222407
0.1258663 0.3291495 3.126696
0.04197418 1.469619 3.175284
-0.2735302 1.885818 2.976422
-0.2240805 1.8112 2.948743
0.2508678 0.8857518 3.119269
0.2270213 0.9458388 3.087045
76
0.05579423 0.9595791 3.162678
0.04771877 1.252745 3.173982
0.04042594 1.541003 3.172948
0.04494093 1.67095 3.161544
-0.1084867 1.463588 3.150101
-0.2756735 1.559774 3.051253
-0.2681523 1.75588 2.976555
-0.2772734 1.801937 2.956206
0.2016685 1.417961 3.150972
0.2591046 1.189061 3.180163
0.2739594 0.985109 3.122117
0.2573312 0.9428686 3.116934
-0.0174201 0.9601004 3.123651
-0.03130851 0.685181 3.142585
-0.01797803 0.3456737 3.223732
-0.01411767 0.3244558 3.134325
0.1279041 0.9602187 3.129786
0.1398315 0.6781637 3.149549
0.1305372 0.3503543 3.222497
0.1258684 0.3291788 3.126745
0.04217938 1.469795 3.175274
-0.2825909 1.861418 2.942336
-0.2358181 1.797146 2.932824
0.2517518 0.8852015 3.118102
0.2272871 0.9456109 3.086882
77
0.05579423 0.9595791 3.162678
0.04771877 1.252745 3.173982
0.04042594 1.541003 3.172948
0.04494093 1.67095 3.161544
-0.1084867 1.463588 3.150101
-0.2756735 1.559774 3.051253
-0.2681523 1.75588 2.976555
-0.2772734 1.801937 2.956206
0.2016685 1.417961 3.150972
0.2591046 1.189061 3.180163
0.2739594 0.985109 3.122117
0.2573312 0.9428686 3.116934
-0.0174201 0.9601004 3.123651
-0.03130851 0.685181 3.142585
-0.01797803 0.3456737 3.223732
-0.01411767 0.3244558 3.134325
0.1279041 0.9602187 3.129786
0.1398315 0.6781637 3.149549
0.1305372 0.3503543 3.222497
0.1258684 0.3291788 3.126745
0.04217938 1.469795 3.175274
-0.2825909 1.861418 2.942336
-0.2358181 1.797146 2.932824
0.2517518 0.8852015 3.118102
0.2272871 0.9456109 3.086882
78
0.05587068 0.9599395 3.162499
0.04789187 1.253048 3.173886
0.04064278 1.541119 3.172933
0.0449432 1.670939 3.161583
-0.1084918 1.463859 3.150062
-0.2817937 1.542692 3.04837
-0.2782395 1.719501 2.943761
-0.2892827 1.771802 2.926549
0.201739 1.418178 3.150818
0.2593383 1.189214 3.180105
0.2742746 0.9852146 3.122166
0.2578442 0.9451931 3.115653
-0.01733403 0.9603468 3.123498
-0.03119336 0.6852921 3.142378
-0.01798069 0.345683 3.223664
-0.01411135 0.3244549 3.134345
0.1279572 0.9605987 3.129643
0.1399461 0.6783583 3.14927
0.1306148 0.3504938 3.222583
0.1258707 0.329209 3.126792
0.04238553 1.469953 3.175255
-0.2959389 1.833271 2.903242
-0.2492632 1.765397 2.903715
0.2526866 0.8846528 3.116238
0.2278704 0.9443758 3.086289
79
0.05593102 0.9602354 3.162333
0.0480431 1.253306 3.173794
0.04084032 1.541218 3.172914
0.04494351 1.670929 3.161614
-0.1085183 1.464023 3.15009
-0.2881835 1.512197 3.039479
-0.2871447 1.681451 2.91575
-0.3018105 1.731875 2.891843
0.2018083 1.418376 3.15066
0.259578 1.189345 3.180007
0.2744865 0.9852827 3.122186
0.2580104 0.9462811 3.114897
-0.01726543 0.9605429 3.123367
-0.03105319 0.6854208 3.142123
-0.01799031 0.3457308 3.22364
-0.01410534 0.324455 3.134359
0.1279988 0.9609155 3.129495
0.1400518 0.6785359 3.149002
0.1306633 0.3506025 3.222629
0.125879 0.3292302 3.126827
0.04257219 1.470089 3.175231
-0.3132116 1.792454 2.863443
-0.2652002 1.733373 2.870476
0.2536125 0.8841305 3.113273
0.2281678 0.9439501 3.085877
80
0.05593102 0.9602354 3.162333
0.0480431 1.253306 3.173794
0.04084032 1.541218 3.172914
0.04494351 1.670929 3.161614
-0.1085183 1.464023 3.15009
-0.2881835 1.512197 3.039479
-0.2871447 1.681451 2.91575
-0.3018105 1.731875 2.891843
0.2018083 1.418376 3.15066
0.259578 1.189345 3.180007
0.2744865 0.9852827 3.122186
0.2580104 0.9462811 3.114897
-0.01726543 0.9605429 3.123367
-0.03105319 0.6854208 3.142123
-0.01799031 0.3457308 3.22364
-0.01410534 0.324455 3.134359
0.1279988 0.9609155 3.129495
0.1400518 0.6785359 3.149002
0.1306633 0.3506025 3.222629
0.125879 0.3292302 3.126827
0.04257219 1.470089 3.175231
-0.3132116 1.792454 2.863443
-0.2652002 1.733373 2.870476
0.2536125 0.8841305 3.113273
0.2281678 0.9439501 3.085877
81
0.05593102 0.9602354 3.162333
0.0480431 1.253306 3.173794
0.04084032 1.541218 3.172914
0.04494351 1.670929 3.161614
-0.1085183 1.464023 3.15009
-0.2881835 1.512197 3.039479
-0.2871447 1.681451 2.91575
-0.3018105 1.731875 2.891843
0.2018083 1.418376 3.15066
0.259578 1.189345 3.180007
0.2744865 0.9852827 3.122186
0.2580104 0.9462811 3.114897
-0.01726543 0.9605429 3.123367
-0.03105319 0.6854208 3.142123
-0.01799031 0.3457308 3.22364
-0.01410534 0.324455 3.134359
0.1279988 0.9609155 3.129495
0.1400518 0.6785359 3.149002
0.1306633 0.3506025 3.222629
0.125879 0.3292302 3.126827
0.04257219 1.470089 3.175231
-0.3132116 1.792454 2.863443
-0.2652002 1.733373 2.870476
0.2536125 0.8841305 3.113273
0.2281678 0.9439501 3.085877
82
0.0559863 0.9604713 3.162186
0.04818896 1.253523 3.173716
0.04106883 1.541308 3.172925
0.04494277 1.67092 3.161638
-0.1085395 1.464012 3.150274
-0.292875 1.470251 3.032151
-0.297237 1.627509 2.884306
-0.3151281 1.679522 2.855532
0.2018751 1.418553 3.150511
0.2598255 1.189458 3.179887
0.2741679 0.9855254 3.121228
0.2573433 0.9442335 3.113823
-0.01720477 0.960696 3.123263
-0.03092453 0.6855268 3.141902
-0.01799205 0.3457684 3.223613
-0.01410083 0.324454 3.13437
0.1280407 0.9611691 3.129328
0.1401383 0.6786544 3.148785
0.1307345 0.3506797 3.222641
0.1258865 0.3292486 3.126853
0.04277736 1.470211 3.175229
-0.3296704 1.736333 2.813478
-0.2808026 1.683145 2.834061
0.2532308 0.8842864 3.111602
0.2285305 0.9450448 3.084622
83
0.0559863 0.9604713 3.162186
0.04818896 1.253523 3.173716
0.04106883 1.541308 3.172925
0.04494277 1.67092 3.161638
-0.1085395 1.464012 3.150274
-0.292875 1.470251 3.032151
-0.297237 1.627509 2.884306
-0.3151281 1.679522 2.855532
0.2018751 1.418553 3.150511
0.2598255 1.189458 3.179887
0.2741679 0.9855254 3.121228
0.2573433 0.9442335 3.113823
-0.01720477 0.960696 3.123263
-0.03092453 0.6855268 3.141902
-0.01799205 0.3457684 3.223613
-0.01410083 0.324454 3.13437
0.1280407 0.9611691 3.129328
0.1401383 0.6786544 3.148785
0.1307345 0.3506797 3.222641
0.1258865 0.3292486 3.126853
0.04277736 1.470211 3.175229
-0.3296704 1.736333 2.813478
-0.2808026 1.683145 2.834061
0.2532308 0.8842864 3.111602
0.2285305 0.9450448 3.084622
84
0.05602534 0.9606445 3.162071
0.04831913 1.253699 3.173659
0.04132067 1.541388 3.172968
0.0449418 1.670912 3.161663
-0.1084594 1.46349 3.15094
-0.293416 1.428131 3.030684
-0.3067104 1.563147 2.854905
-0.325245 1.609118 2.823716
0.2019433 1.418688 3.150373
0.2600874 1.18949 3.179735
0.2740206 0.9856045 3.120272
0.256826 0.942244 3.1135
-0.01716501 0.9608014 3.123195
-0.03080284 0.6856122 3.141714
-0.01799451 0.3457963 3.223591
-0.01409412 0.3244491 3.134384
0.1280711 0.9613624 3.129178
0.1402118 0.6787489 3.148598
0.1308241 0.3507309 3.222632
0.1258897 0.3292595 3.126874
0.04299235 1.470319 3.17525
-0.342806 1.660808 2.776241
-0.2937672 1.614198 2.804337
0.2529826 0.8843889 3.110776
0.2287045 0.9451019 3.084368
85
0.05602534 0.9606445 3.162071
0.04831913 1.253699 3.173659
0.04132067 1.541388 3.172968
0.0449418 1.670912 3.161663
-0.1084594 1.46349 3.15094
-0.293416 1.428131 3.030684
-0.3067104 1.563147 2.854905
-0.325245 1.609118 2.823716
0.2019433 1.418688 3.150373
0.2600874 1.18949 3.179735
0.2740206 0.9856045 3.120272
0.256826 0.942244 3.1135
-0.01716501 0.9608014 3.123195
-0.03080284 0.6856122 3.141714
-0.01799451 0.3457963 3.223591
-0.01409412 0.3244491 3.134384
0.1280711 0.9613624 3.129178
0.1402118 0.6787489 3.148598
0.1308241 0.3507309 3.222632
0.1258897 0.3292595 3.126874
0.04299235 1.470319 3.17525
-0.342806 1.660808 2.776241
-0.2937672 1.614198 2.804337
0.2529826 0.8843889 3.110776
0.2287045 0.9451019 3.084368
86
0.05605663 0.9607627 3.161974
0.04843839 1.253837 3.173611
0.04157924 1.541457 3.173024
0.0449478 1.670905 3.161693
-0.10813 1.462467 3.15202
-0.2855138 1.372981 3.03874
-0.3079056 1.482544 2.840489
-0.3313151 1.521924 2.79778
0.2020247 1.418797 3.15024
0.2603623 1.189474 3.179543
0.2738387 0.9855776 3.11958
0.2567117 0.9444028 3.112849
-0.01713531 0.9608724 3.123145
-0.03069693 0.6856728 3.141553
-0.01798026 0.3458195 3.223573
-0.0140878 0.3244433 3.134396
0.1280965 0.9615 3.12902
0.1402707 0.6787832 3.148496
0.1309076 0.3507558 3.222616
0.1258923 0.329269 3.126889
0.04320871 1.470411 3.175281
-0.3533479 1.557299 2.731894
-0.3016816 1.528674 2.775096
0.2533076 0.8842158 3.110543
0.2288815 0.9454187 3.084093
87
0.05605663 0.9607627 3.161974
0.04843839 1.253837 3.173611
0.04157924 1.541457 3.173024
0.0449478 1.670905 3.161693
-0.10813 1.462467 3.15202
-0.2855138 1.372981 3.03874
-0.3079056 1.482544 2.840489
-0.3313151 1.521924 2.79778
0.2020247 1.418797 3.15024
0.2603623 1.189474 3.179543
0.2738387 0.9855776 3.11958
0.2567117 0.9444028 3.112849
-0.01713531 0.9608724 3.123145
-0.03069693 0.6856728 3.141553
-0.01798026 0.3458195 3.223573
-0.0140878 0.3244433 3.134396
0.1280965 0.9615 3.12902
0.1402707 0.6787832 3.148496
0.1309076 0.3507558 3.222616
0.1258923 0.329269 3.126889
0.04320871 1.470411 3.175281
-0.3533479 1.557299 2.731894
-0.3016816 1.528674 2.775096
0.2533076 0.8842158 3.110543
0.2288815 0.9454187 3.084093
88
0.05608441 0.9608468 3.161893
0.04855957 1.253941 3.173584
0.04190412 1.54149 3.17315
0.04496129 1.670898 3.161726
-0.1075873 1.460902 3.153404
-0.2685145 1.314788 3.062094
-0.3048074 1.391285 2.846359
-0.3319384 1.422154 2.78139
0.2021161 1.418869 3.150099
0.2606517 1.189397 3.179309
0.2736641 0.9854726 3.118982
0.2565582 0.9456516 3.112545
-0.01710988 0.9609224 3.123111
-0.03062123 0.6856837 3.141447
-0.01797347 0.3458334 3.223555
-0.01408446 0.3244396 3.134406
0.1281239 0.9615936 3.128857
0.1403248 0.6787963 3.148411
0.1309894 0.3507784 3.222588
0.1258967 0.3292851 3.126902
0.04347182 1.470472 3.175362
-0.3580999 1.440086 2.70638
-0.3006001 1.428431 2.752455
0.2535444 0.8840904 3.110165
0.2289065 0.9455584 3.084019
89
0.05608441 0.9608468 3.161893
0.04855957 1.253941 3.173584
0.04190412 1.54149 3.17315
0.04496129 1.670898 3.161726
-0.1075873 1.460902 3.153404
-0.2685145 1.314788 3.062094
-0.3048074 1.391285 2.846359
-0.3319384 1.422154 2.78139
0.2021161 1.418869 3.150099
0.2606517 1.189397 3.179309
0.2736641 0.9854726 3.118982
0.2565582 0.9456516 3.112545
-0.01710988 0.9609224 3.123111
-0.03062123 0.6856837 3.141447
-0.01797347 0.3458334 3.223555
-0.01408446 0.3244396 3.134406
0.1281239 0.9615936 3.128857
0.1403248 0.6787963 3.148411
0.1309894 0.3507784 3.222588
0.1258967 0.3292851 3.126902
0.04347182 1.470472 3.175362
-0.3580999 1.440086 2.70638
-0.3006001 1.428431 2.752455
0.2535444 0.8840904 3.110165
0.2289065 0.9455584 3.084019
90
0.05610908 0.9609017 3.161819
0.04867494 1.254022 3.173565
0.04223489 1.541515 3.173298
0.04499944 1.670907 3.161772
-0.1068908 1.458671 3.154802
-0.2562436 1.284027 3.076717
-0.3019871 1.305169 2.84558
-0.3266868 1.317003 2.776275
0.2022063 1.418923 3.149965
0.2609544 1.189271 3.179061
0.2734508 0.985313 3.118445
0.2564866 0.9471852 3.112422
-0.01708867 0.9609553 3.123086
-0.0305013 0.6855111 3.141425
-0.01798207 0.3458398 3.223539
-0.01408271 0.3244388 3.134418
0.1281557 0.9616424 3.128682
0.1403672 0.6787954 3.148343
0.1310484 0.3507959 3.222563
0.1258997 0.3292979 3.126911
0.04373816 1.470522 3.17546
-0.3588589 1.313114 2.689676
-0.297959 1.326943 2.74377
0.2537989 0.8839621 3.109997
0.2289178 0.9456309 3.083921
91
0.05610908 0.9609017 3.161819
0.04867494 1.254022 3.173565
0.04223489 1.541515 3.173298
0.04499944 1.670907 3.161772
-0.1068908 1.458671 3.154802
-0.2562436 1.284027 3.076717
-0.3019871 1.305169 2.84558
-0.3266868 1.317003 2.776275
0.2022063 1.418923 3.149965
0.2609544 1.189271 3.179061
0.2734508 0.985313 3.118445
0.2564866 0.9471852 3.112422
-0.01708867 0.9609553 3.123086
-0.0305013 0.6855111 3.141425
-0.01798207 0.3458398 3.223539
-0.01408271 0.3244388 3.134418
0.1281557 0.9616424 3.128682
0.1403672 0.6787954 3.148343
0.1310484 0.3507959 3.222563
0.1258997 0.3292979 3.126911
0.04373816 1.470522 3.17546
-0.3588589 1.313114 2.689676
-0.297959 1.326943 2.74377
0.2537989 0.8839621 3.109997
0.2289178 0.9456309 3.083921
92
0.05613517 0.9608915 3.161751
0.04878889 1.254074 3.173557
0.04255315 1.54153 3.173447
0.04506421 1.670922 3.161836
-0.1060518 1.455642 3.156026
-0.2490064 1.267764 3.082801
-0.289493 1.226621 2.853264
-0.3084576 1.225601 2.79381
0.2022963 1.418962 3.149839
0.2612272 1.189138 3.178841
0.2731871 0.9851323 3.118031
0.2561677 0.9484163 3.112282
-0.01706453 0.9609182 3.123088
-0.03040366 0.6853199 3.141442
-0.01799157 0.3458425 3.223534
-0.01408487 0.3244401 3.134436
0.1281943 0.9616069 3.128507
0.1404096 0.6787744 3.148295
0.1310934 0.3508129 3.222539
0.1259029 0.3293137 3.126919
0.04399891 1.470555 3.175562
-0.3396235 1.209619 2.714545
-0.2921635 1.240832 2.764248
0.2538826 0.8837984 3.109716
0.2288091 0.9456871 3.083946
93
0.05613517 0.9608915 3.161751
0.04878889 1.254074 3.173557
0.04255315 1.54153 3.173447
0.04506421 1.670922 3.161836
-0.1060518 1.455642 3.156026
-0.2490064 1.267764 3.082801
-0.289493 1.226621 2.853264
-0.3084576 1.225601 2.79381
0.2022963 1.418962 3.149839
0.2612272 1.189138 3.178841
0.2731871 0.9851323 3.118031
0.2561677 0.9484163 3.112282
-0.01706453 0.9609182 3.123088
-0.03040366 0.6853199 3.141442
-0.01799157 0.3458425 3.223534
-0.01408487 0.3244401 3.134436
0.1281943 0.9616069 3.128507
0.1404096 0.6787744 3.148295
0.1310934 0.3508129 3.222539
0.1259029 0.3293137 3.126919
0.04399891 1.470555 3.175562
-0.3396235 1.209619 2.714545
-0.2921635 1.240832 2.764248
0.2538826 0.8837984 3.109716
0.2288091 0.9456871 3.083946
94
0.05618365 0.9607794 3.161698
0.04890686 1.254096 3.173561
0.04284334 1.541538 3.17359
0.04515763 1.67094 3.161911
-0.1050299 1.451485 3.156751
-0.2386189 1.255392 3.087237
-0.2794823 1.168046 2.871437
-0.2897836 1.1419 2.80867
0.202404 1.418979 3.149735
0.2614636 1.189009 3.178653
0.2730105 0.9849755 3.117734
0.2561179 0.9500993 3.112485
-0.01701783 0.9607296 3.123142
-0.03034653 0.6851825 3.141484
-0.01799559 0.3458297 3.223524
-0.01409083 0.3244407 3.134463
0.1282543 0.9615034 3.128357
0.1404474 0.6787457 3.148258
0.1311498 0.3508234 3.222522
0.1259046 0.3293233 3.12693
0.04424157 1.470576 3.175664
-0.3212182 1.113816 2.743576
-0.2695656 1.149098 2.785633
0.2540081 0.882917 3.110276
0.2284062 0.9466544 3.083965
95
0.05618365 0.9607794 3.161698
0.04890686 1.254096 3.173561
0.04284334 1.541538 3.17359
0.04515763 1.67094 3.161911
-0.1050299 1.451485 3.156751
-0.2386189 1.255392 3.087237
-0.2794823 1.168046 2.871437
-0.2897836 1.1419 2.80867
0.202404 1.418979 3.149735
0.2614636 1.189009 3.178653
0.2730105 0.9849755 3.117734
0.2561179 0.9500993 3.112485
-0.01701783 0.9607296 3.123142
-0.03034653 0.6851825 3.141484
-0.01799559 0.3458297 3.223524
-0.01409083 0.3244407 3.134463
0.1282543 0.9615034 3.128357
0.1404474 0.6787457 3.148258
0.1311498 0.3508234 3.222522
0.1259046 0.3293233 3.12693
0.04424157 1.470576 3.175664
-0.3212182 1.113816 2.743576
-0.2695656 1.149098 2.785633
0.2540081 0.882917 3.110276
0.2284062 0.9466544 3.083965
96
0.05625456 0.9605801 3.161667
0.04912829 1.254071 3.173604
0.04350675 1.541548 3.173855
0.04531325 1.670975 3.162006
-0.1042427 1.447431 3.156968
-0.2260985 1.245896 3.092158
-0.2557959 1.101911 2.902931
-0.2677183 1.072433 2.833756
0.2025384 1.418971 3.149649
0.2616636 1.188886 3.178494
0.2727819 0.9844012 3.117707
0.2560211 0.9502273 3.112715
-0.01694871 0.9604518 3.123245
-0.0302895 0.684976 3.141573
-0.01800165 0.3458078 3.223516
-0.01410887 0.3244376 3.134479
0.1283355 0.9613206 3.128217
0.1404921 0.6786574 3.148234
0.1311689 0.3509088 3.222536
0.1259173 0.3293909 3.12696
0.04477061 1.470582 3.175866
-0.2954618 1.035677 2.78418
-0.242113 1.074696 2.813597
0.2543043 0.8826453 3.110163
0.2284625 0.9472773 3.084107
97
0.05625456 0.9605801 3.161667
0.04912829 1.254071 3.173604
0.04350675 1.541548 3.173855
0.04531325 1.670975 3.162006
-0.1042427 1.447431 3.156968
-0.2260985 1.245896 3.092158
-0.2557959 1.101911 2.902931
-0.2677183 1.072433 2.833756
0.2025384 1.418971 3.149649
0.2616636 1.188886 3.178494
0.2727819 0.9844012 3.117707
0.2560211 0.9502273 3.112715
-0.01694871 0.9604518 3.123245
-0.0302895 0.684976 3.141573
-0.01800165 0.3458078 3.223516
-0.01410887 0.3244376 3.134479
0.1283355 0.9613206 3.128217
0.1404921 0.6786574 3.148234
0.1311689 0.3509088 3.222536
0.1259173 0.3293909 3.12696
0.04477061 1.470582 3.175866
-0.2954618 1.035677 2.78418
-0.242113 1.074696 2.813597
0.2543043 0.8826453 3.110163
0.2284625 0.9472773 3.084107
98
0.05634885 0.9602602 3.16165
0.04934366 1.254018 3.173647
0.04403862 1.541547 3.174052
0.04557126 1.671037 3.162088
-0.1036684 1.443697 3.156541
-0.2064553 1.236286 3.098691
-0.233395 1.061766 2.938573
-0.2440617 1.014023 2.876917
0.2026867 1.418943 3.149571
0.2618458 1.188739 3.178363
0.2725286 0.9840707 3.117773
0.2557612 0.9503272 3.11296
-0.01685598 0.9599983 3.123372
-0.03023811 0.6847687 3.141679
-0.01800367 0.3457887 3.223519
-0.0141305 0.3244357 3.134496
0.128432 0.961073 3.128098
0.1405322 0.6785759 3.148221
0.1311846 0.3509819 3.222544
0.1259172 0.3294522 3.126986
0.04522076 1.47057 3.176027
-0.2653649 0.9606339 2.832586
-0.2200412 1.011357 2.852181
0.2544359 0.8818237 3.111279
0.2275146 0.9442095 3.085677
99
0.05646677 0.9598879 3.161659
0.04956985 1.253941 3.173695
0.04451995 1.541536 3.17421
0.04584586 1.671105 3.16217
-0.1033016 1.44024 3.155709
-0.1860523 1.227007 3.107148
-0.2127702 1.028247 2.978225
-0.2230992 0.9703421 2.929339
0.2028707 1.418877 3.149511
0.2619873 1.188564 3.178288
0.2723094 0.9836434 3.118072
0.2554981 0.9502499 3.113482
-0.01674748 0.959521 3.123507
-0.03019236 0.6846038 3.141778
-0.01800404 0.3457721 3.223529
-0.01415143 0.3244325 3.13451
0.128555 0.9607681 3.128023
0.1405498 0.6785382 3.148213
0.1311898 0.3510942 3.222619
0.125908 0.3295212 3.127016
0.04563973 1.470548 3.176165
-0.2382812 0.9182744 2.903514
-0.1961254 0.9715556 2.898489
0.2533886 0.887064 3.113219
0.227637 0.9451761 3.086582
100
0.05646677 0.9598879 3.161659
0.04956985 1.253941 3.173695
0.04451995 1.541536 3.17421
0.04584586 1.671105 3.16217
-0.1033016 1.44024 3.155709
-0.1860523 1.227007 3.107148
-0.2127702 1.028247 2.978225
-0.2230992 0.9703421 2.929339
0.2028707 1.418877 3.149511
0.2619873 1.188564 3.178288
0.2723094 0.9836434 3.118072
0.2554981 0.9502499 3.113482
-0.01674748 0.959521 3.123507
-0.03019236 0.6846038 3.141778
-0.01800404 0.3457721 3.223529
-0.01415143 0.3244325 3.13451
0.128555 0.9607681 3.128023
0.1405498 0.6785382 3.148213
0.1311898 0.3510942 3.222619
0.125908 0.3295212 3.127016
0.04563973 1.470548 3.176165
-0.2382812 0.9182744 2.903514
-0.1961254 0.9715556 2.898489
0.2533886 0.887064 3.113219
0.227637 0.9451761 3.086582
101
0.05646677 0.9598879 3.161659
0.04956985 1.253941 3.173695
0.04451995 1.541536 3.17421
0.04584586 1.671105 3.16217
-0.1033016 1.44024 3.155709
-0.1860523 1.227007 3.107148
-0.2127702 1.028247 2.978225
-0.2230992 0.9703421 2.929339
0.2028707 1.418877 3.149511
0.2619873 1.188564 3.178288
0.2723094 0.9836434 3.118072
0.2554981 0.9502499 3.113482
-0.01674748 0.959521 3.123507
-0.03019236 0.6846038 3.141778
-0.01800404 0.3457721 3.223529
-0.01415143 0.3244325 3.13451
0.128555 0.9607681 3.128023
0.1405498 0.6785382 3.148213
0.1311898 0.3510942 3.222619
0.125908 0.3295212 3.127016
0.04563973 1.470548 3.176165
-0.2382812 0.9182744 2.903514
-0.1961254 0.9715556 2.898489
0.2533886 0.887064 3.113219
0.227637 0.9451761 3.086582
102
0.05661105 0.9594758 3.161661
0.04978154 1.253854 3.173729
0.04485405 1.541529 3.174298
0.04617874 1.671182 3.162204
-0.1034622 1.436571 3.154017
-0.1723769 1.220093 3.114041
-0.1986307 1.006937 3.012565
-0.2016817 0.9439719 2.982974
0.2030603 1.418805 3.14946
0.2621014 1.188188 3.178241
0.2719805 0.983029 3.118374
0.2553514 0.9502183 3.113645
-0.01662484 0.9590271 3.123621
-0.03015636 0.6844884 3.141847
-0.01800663 0.3457755 3.223521
-0.0141726 0.3244499 3.134511
0.1287116 0.9604225 3.12795
0.1405631 0.6785049 3.14821
0.1311772 0.3511139 3.222614
0.1258972 0.329539 3.127015
0.04595689 1.470524 3.17625
-0.2146042 0.883008 2.970386
-0.1757786 0.9474259 2.949608
0.2527692 0.8909029 3.112266
0.2262221 0.9289939 3.088232
103
0.05661105 0.9594758 3.161661
0.04978154 1.253854 3.173729
0.04485405 1.541529 3.174298
0.04617874 1.671182 3.162204
-0.1034622 1.436571 3.154017
-0.1723769 1.220093 3.114041
-0.1986307 1.006937 3.012565
-0.2016817 0.9439719 2.982974
0.2030603 1.418805 3.14946
0.2621014 1.188188 3.178241
0.2719805 0.983029 3.118374
0.2553514 0.9502183 3.113645
-0.01662484 0.9590271 3.123621
-0.03015636 0.6844884 3.141847
-0.01800663 0.3457755 3.223521
-0.0141726 0.3244499 3.134511
0.1287116 0.9604225 3.12795
0.1405631 0.6785049 3.14821
0.1311772 0.3511139 3.222614
0.1258972 0.329539 3.127015
0.04595689 1.470524 3.17625
-0.2146042 0.883008 2.970386
-0.1757786 0.9474259 2.949608
0.2527692 0.8909029 3.112266
0.2262221 0.9289939 3.088232
104
0.0567572 0.9590632 3.161682
0.04997117 1.253767 3.173759
0.04507032 1.541536 3.174343
0.0465055 1.671263 3.162222
-0.1037005 1.433969 3.152422
-0.1618587 1.208714 3.122387
-0.1817164 0.9815902 3.053581
-0.1819245 0.9279081 3.034531
0.2032562 1.418715 3.149435
0.2621849 1.187851 3.178222
0.2717212 0.9825006 3.118687
0.2550562 0.9498131 3.11424
-0.01650189 0.9585586 3.123737
-0.03012885 0.6843933 3.141917
-0.01800985 0.3458168 3.223504
-0.0142183 0.3245153 3.134543
0.1288689 0.9600639 3.12791
0.1405792 0.6784223 3.148279
0.1311547 0.3511072 3.222607
0.1258875 0.3295512 3.127014
0.04617845 1.470515 3.176299
-0.1922065 0.8590735 3.030365
-0.1531354 0.9284228 2.994468
0.2527205 0.8898149 3.11167
0.2254314 0.9229093 3.088688
105
0.0568852 0.9585692 3.161719
0.05012499 1.25367 3.173776
0.0452207 1.541544 3.174356
0.04681782 1.671336 3.162208
-0.1042258 1.431427 3.150608
-0.1548119 1.198198 3.129625
-0.1735869 0.9699222 3.071355
-0.1667752 0.9083501 3.073282
0.2034339 1.418623 3.149416
0.2622276 1.187627 3.178227
0.2715256 0.9821414 3.118958
0.2549436 0.949668 3.114452
-0.0163984 0.9579839 3.123888
-0.03010423 0.6843114 3.141982
-0.01802075 0.3459726 3.223502
-0.01429576 0.3246897 3.134619
0.1290072 0.9596536 3.127876
0.1407485 0.6777622 3.148516
0.1310402 0.3510775 3.222588
0.1258765 0.32956 3.127009
0.04633109 1.470506 3.176321
-0.1687072 0.8472607 3.065399
-0.1348324 0.9108604 3.041753
0.2521174 0.8924752 3.112054
0.2253947 0.9260368 3.088586
106
0.0568852 0.9585692 3.161719
0.05012499 1.25367 3.173776
0.0452207 1.541544 3.174356
0.04681782 1.671336 3.162208
-0.1042258 1.431427 3.150608
-0.1548119 1.198198 3.129625
-0.1735869 0.9699222 3.071355
-0.1667752 0.9083501 3.073282
0.2034339 1.418623 3.149416
0.2622276 1.187627 3.178227
0.2715256 0.9821414 3.118958
0.2549436 0.949668 3.114452
-0.0163984 0.9579839 3.123888
-0.03010423 0.6843114 3.141982
-0.01802075 0.3459726 3.223502
-0.01429576 0.3246897 3.134619
0.1290072 0.9596536 3.127876
0.1407485 0.6777622 3.148516
0.1310402 0.3510775 3.222588
0.1258765 0.32956 3.127009
0.04633109 1.470506 3.176321
-0.1687072 0.8472607 3.065399
-0.1348324 0.9108604 3.041753
0.2521174 0.8924752 3.112054
0.2253947 0.9260368 3.088586
107
0.0568852 0.9585692 3.161719
0.05012499 1.25367 3.173776
0.0452207 1.541544 3.174356
0.04681782 1.671336 3.162208
-0.1042258 1.431427 3.150608
-0.1548119 1.198198 3.129625
-0.1735869 0.9699222 3.071355
-0.1667752 0.9083501 3.073282
0.2034339 1.418623 3.149416
0.2622276 1.187627 3.178227
0.2715256 0.9821414 3.118958
0.2549436 0.949668 3.114452
-0.0163984 0.9579839 3.123888
-0.03010423 0.6843114 3.141982
-0.01802075 0.3459726 3.223502
-0.01429576 0.3246897 3.134619
0.1290072 0.9596536 3.127876
0.1407485 0.6777622 3.148516
0.1310402 0.3510775 3.222588
0.1258765 0.32956 3.127009
0.04633109 1.470506 3.176321
-0.1687072 0.8472607 3.065399
-0.1348324 0.9108604 3.041753
0.2521174 0.8924752 3.112054
0.2253947 0.9260368 3.088586
108
0.05700061 0.9581118 3.161754
0.05024572 1.253579 3.173772
0.04529536 1.541564 3.174257
0.04709769 1.671403 3.162169
-0.1049558 1.429206 3.148876
-0.1504094 1.189415 3.135881
-0.1636585 0.961413 3.088695
-0.1549964 0.9080527 3.10114
0.2035978 1.418533 3.149405
0.2622524 1.18743 3.178245
0.2713637 0.9818412 3.119218
0.2547553 0.9492413 3.114695
-0.01630756 0.9574596 3.124022
-0.03008288 0.6842632 3.142037
-0.01803231 0.3461068 3.223495
-0.01435725 0.3248452 3.134687
0.1291334 0.9592717 3.12785
0.1408881 0.677204 3.148724
0.1309537 0.3510617 3.222588
0.1258684 0.3295698 3.127007
0.04643066 1.470498 3.176286
-0.1552211 0.8325273 3.098032
-0.1212592 0.9081579 3.09209
0.2512776 0.8885975 3.111245
0.2249589 0.927664 3.088697
109
0.05700061 0.9581118 3.161754
0.05024572 1.253579 3.173772
0.04529536 1.541564 3.174257
0.04709769 1.671403 3.162169
-0.1049558 1.429206 3.148876
-0.1504094 1.189415 3.135881
-0.1636585 0.961413 3.088695
-0.1549964 0.9080527 3.10114
0.2035978 1.418533 3.149405
0.2622524 1.18743 3.178245
0.2713637 0.9818412 3.119218
0.2547553 0.9492413 3.114695
-0.01630756 0.9574596 3.124022
-0.03008288 0.6842632 3.142037
-0.01803231 0.3461068 3.223495
-0.01435725 0.3248452 3.134687
0.1291334 0.9592717 3.12785
0.1408881 0.677204 3.148724
0.1309537 0.3510617 3.222588
0.1258684 0.3295698 3.127007
0.04643066 1.470498 3.176286
-0.1552211 0.8325273 3.098032
-0.1212592 0.9081579 3.09209
0.2512776 0.8885975 3.111245
0.2249589 0.927664 3.088697
110
0.05709899 0.9576997 3.16179
0.05034954 1.25349 3.173759
0.04533724 1.541588 3.174099
0.04735779 1.671482 3.162087
-0.1057052 1.427474 3.147352
-0.1480314 1.182633 3.141644
-0.1581601 0.9561067 3.098921
-0.1475284 0.9114692 3.119068
0.20375 1.418446 3.1494
0.2622651 1.187258 3.178269
0.2712322 0.9815927 3.119451
0.2546243 0.9489623 3.115043
-0.01623129 0.9569958 3.124143
-0.03005481 0.6841407 3.142135
-0.01806009 0.3462121 3.223462
-0.01440816 0.32499 3.134742
0.1292408 0.9589242 3.127832
0.1409902 0.6767203 3.148918
0.1308823 0.3510392 3.222579
0.1258607 0.3295782 3.127004
0.04650586 1.47049 3.176214
-0.1468706 0.8375401 3.114781
-0.1088364 0.9311566 3.103573
0.2514824 0.8912336 3.11075
0.2245102 0.9336464 3.088582
111
0.05709899 0.9576997 3.16179
0.05034954 1.25349 3.173759
0.04533724 1.541588 3.174099
0.04735779 1.671482 3.162087
-0.1057052 1.427474 3.147352
-0.1480314 1.182633 3.141644
-0.1581601 0.9561067 3.098921
-0.1475284 0.9114692 3.119068
0.20375 1.418446 3.1494
0.2622651 1.187258 3.178269
0.2712322 0.9815927 3.119451
0.2546243 0.9489623 3.115043
-0.01623129 0.9569958 3.124143
-0.03005481 0.6841407 3.142135
-0.01806009 0.3462121 3.223462
-0.01440816 0.32499 3.134742
0.1292408 0.9589242 3.127832
0.1409902 0.6767203 3.148918
0.1308823 0.3510392 3.222579
0.1258607 0.3295782 3.127004
0.04650586 1.47049 3.176214
-0.1468706 0.8375401 3.114781
-0.1088364 0.9311566 3.103573
0.2514824 0.8912336 3.11075
0.2245102 0.9336464 3.088582
112
0.05718074 0.9573267 3.161824
0.05042869 1.253409 3.173738
0.04530874 1.541636 3.173861
0.04762613 1.671569 3.161914
-0.1065267 1.426025 3.146026
-0.1470658 1.178255 3.145909
-0.1541482 0.9535342 3.106647
-0.1401698 0.9230414 3.128543
0.2038837 1.418367 3.149394
0.2622643 1.18711 3.178296
0.2711117 0.9813842 3.119673
0.254543 0.9483074 3.115482
-0.01617203 0.9565808 3.124249
-0.03002706 0.6840408 3.142208
-0.01808964 0.3463186 3.223431
-0.01446263 0.3251253 3.134776
0.1293327 0.9586092 3.127822
0.1410598 0.6763649 3.149056
0.1308151 0.3510219 3.22257
0.1258526 0.3295807 3.126988
0.04653658 1.470491 3.176094
-0.1375068 0.8468269 3.131063
-0.1036136 0.9272525 3.11136
0.2510158 0.8871422 3.111828
0.2243385 0.9343955 3.088663
113
0.05723656 0.9569916 3.161859
0.05048555 1.25334 3.173716
0.0452389 1.541704 3.173609
0.0478707 1.671663 3.1617
-0.1072977 1.424927 3.145015
-0.147472 1.175953 3.150301
-0.150865 0.9549734 3.114649
-0.1361206 0.9266494 3.134174
0.2040008 1.418291 3.14939
0.2622551 1.186965 3.178322
0.2710147 0.9812001 3.119864
0.2545886 0.9480938 3.115684
-0.01613743 0.9562017 3.124354
-0.02999994 0.6839506 3.142277
-0.01811942 0.3463588 3.223395
-0.01449296 0.3251967 3.134793
0.1293963 0.9583321 3.127811
0.1411252 0.6760023 3.149223
0.1307469 0.3509919 3.222563
0.125843 0.3295787 3.126975
0.04653479 1.470505 3.175959
-0.1356122 0.8548633 3.137324
-0.1005628 0.9266452 3.113872
0.2514394 0.8899318 3.111707
0.2246364 0.9476002 3.087521
114
0.05723656 0.9569916 3.161859
0.05048555 1.25334 3.173716
0.0452389 1.541704 3.173609
0.0478707 1.671663 3.1617
-0.1072977 1.424927 3.145015
-0.147472 1.175953 3.150301
-0.150865 0.9549734 3.114649
-0.1361206 0.9266494 3.134174
0.2040008 1.418291 3.14939
0.2622551 1.186965 3.178322
0.2710147 0.9812001 3.119864
0.2545886 0.9480938 3.115684
-0.01613743 0.9562017 3.124354
-0.02999994 0.6839506 3.142277
-0.01811942 0.3463588 3.223395
-0.01449296 0.3251967 3.134793
0.1293963 0.9583321 3.127811
0.1411252 0.6760023 3.149223
0.1307469 0.3509919 3.222563
0.125843 0.3295787 3.126975
0.04653479 1.470505 3.175959
-0.1356122 0.8548633 3.137324
-0.1005628 0.9266452 3.113872
0.2514394 0.8899318 3.111707
0.2246364 0.9476002 3.087521
115
0.05723656 0.9569916 3.161859
0.05048555 1.25334 3.173716
0.0452389 1.541704 3.173609
0.0478707 1.671663 3.1617
-0.1072977 1.424927 3.145015
-0.147472 1.175953 3.150301
-0.150865 0.9549734 3.114649
-0.1361206 0.9266494 3.134174
0.2040008 1.418291 3.14939
0.2622551 1.186965 3.178322
0.2710147 0.9812001 3.119864
0.2545886 0.9480938 3.115684
-0.01613743 0.9562017 3.124354
-0.02999994 0.6839506 3.142277
-0.01811942 0.3463588 3.223395
-0.01449296 0.3251967 3.134793
0.1293963 0.9583321 3.127811
0.1411252 0.6760023 3.149223
0.1307469 0.3509919 3.222563
0.125843 0.3295787 3.126975
0.04653479 1.470505 3.175959
-0.1356122 0.8548633 3.137324
-0.1005628 0.9266452 3.113872
0.2514394 0.8899318 3.111707
0.2246364 0.9476002 3.087521
116
0.05728159 0.9566754 3.161894
0.0505254 1.253265 3.173682
0.04508062 1.54178 3.173256
0.04809208 1.671733 3.161454
-0.1080128 1.424064 3.144217
-0.149318 1.175301 3.154599
-0.149461 0.9581543 3.12116
-0.1350813 0.9415282 3.134077
0.2041021 1.418223 3.149388
0.2622431 1.186836 3.178345
0.270942 0.9810473 3.120027
0.2546448 0.947764 3.115705
-0.01611505 0.9558166 3.12446
-0.02997756 0.6838301 3.14235
-0.01815514 0.3463872 3.223354
-0.0145197 0.325258 3.134804
0.1294487 0.9580848 3.127804
0.1411452 0.6757241 3.149342
0.1307061 0.3509637 3.222549
0.1258315 0.3295736 3.126963
0.04647352 1.470518 3.175753
-0.1305479 0.875326 3.138236
-0.1050888 0.9503227 3.101866
0.2523413 0.8888847 3.111069
0.2249636 0.9495987 3.087308
117
0.05728159 0.9566754 3.161894
0.0505254 1.253265 3.173682
0.04508062 1.54178 3.173256
0.04809208 1.671733 3.161454
-0.1080128 1.424064 3.144217
-0.149318 1.175301 3.154599
-0.149461 0.9581543 3.12116
-0.1350813 0.9415282 3.134077
0.2041021 1.418223 3.149388
0.2622431 1.186836 3.178345
0.270942 0.9810473 3.120027
0.2546448 0.947764 3.115705
-0.01611505 0.9558166 3.12446
-0.02997756 0.6838301 3.14235
-0.01815514 0.3463872 3.223354
-0.0145197 0.325258 3.134804
0.1294487 0.9580848 3.127804
0.1411452 0.6757241 3.149342
0.1307061 0.3509637 3.222549
0.1258315 0.3295736 3.126963
0.04647352 1.470518 3.175753
-0.1305479 0.875326 3.138236
-0.1050888 0.9503227 3.101866
0.2523413 0.8888847 3.111069
0.2249636 0.9495987 3.087308
118
0.05732016 0.9563866 3.161923
0.05055734 1.253186 3.173634
0.04490855 1.541855 3.172868
0.04832391 1.671789 3.16112
-0.1085999 1.423433 3.143614
-0.1514252 1.175571 3.157892
-0.1485759 0.9616023 3.124851
-0.1340302 0.9473552 3.135138
0.2041879 1.418162 3.149384
0.2622269 1.186721 3.178366
0.2708909 0.980935 3.120137
0.2548807 0.9484826 3.115785
-0.01609652 0.9554569 3.124553
-0.02995771 0.683714 3.14242
-0.01818693 0.3464037 3.223303
-0.01454369 0.3253115 3.13481
0.1294932 0.9578645 3.127796
0.1411577 0.6755392 3.149429
0.1306566 0.3509357 3.222526
0.1258205 0.3295699 3.126953
0.0463945 1.470532 3.175507
-0.1291924 0.8866712 3.134442
-0.1079249 0.9658889 3.093583
0.2531528 0.8880375 3.112284
0.2251436 0.9511772 3.086994
119
0.05732016 0.9563866 3.161923
0.05055734 1.253186 3.173634
0.04490855 1.541855 3.172868
0.04832391 1.671789 3.16112
-0.1085999 1.423433 3.143614
-0.1514252 1.175571 3.157892
-0.1485759 0.9616023 3.124851
-0.1340302 0.9473552 3.135138
0.2041879 1.418162 3.149384
0.2622269 1.186721 3.178366
0.2708909 0.980935 3.120137
0.2548807 0.9484826 3.115785
-0.01609652 0.9554569 3.124553
-0.02995771 0.683714 3.14242
-0.01818693 0.3464037 3.223303
-0.01454369 0.3253115 3.13481
0.1294932 0.9578645 3.127796
0.1411577 0.6755392 3.149429
0.1306566 0.3509357 3.222526
0.1258205 0.3295699 3.126953
0.0463945 1.470532 3.175507
-0.1291924 0.8866712 3.134442
-0.1079249 0.9658889 3.093583
0.2531528 0.8880375 3.112284
0.2251436 0.9511772 3.086994
120
0.05733714 0.9561217 3.161954
0.05057812 1.253112 3.173583
0.04473318 1.541945 3.172479
0.04852899 1.671839 3.160785
-0.1091309 1.422981 3.14316
-0.1538325 1.176948 3.160949
-0.1485818 0.9659936 3.126571
-0.1350816 0.9540361 3.132745
0.2042632 1.418106 3.149381
0.2622081 1.186614 3.178385
0.270854 0.9808392 3.120229
0.2551767 0.9490786 3.115985
-0.01609534 0.9551208 3.124647
-0.0299418 0.6836029 3.142485
-0.01820713 0.3464437 3.223306
-0.01456488 0.3253578 3.134813
0.1295124 0.9576686 3.127788
0.1411649 0.6753885 3.149496
0.1305768 0.350872 3.222443
0.1258067 0.3295602 3.126942
0.04630317 1.470558 3.175249
-0.1283548 0.8925841 3.132826
-0.109437 0.9681293 3.087166
0.2536786 0.8869543 3.114107
0.2252147 0.9524294 3.086862
121
0.05733714 0.9561217 3.161954
0.05057812 1.253112 3.173583
0.04473318 1.541945 3.172479
0.04852899 1.671839 3.160785
-0.1091309 1.422981 3.14316
-0.1538325 1.176948 3.160949
-0.1485818 0.9659936 3.126571
-0.1350816 0.9540361 3.132745
0.2042632 1.418106 3.149381
0.2622081 1.186614 3.178385
0.270854 0.9808392 3.120229
0.2551767 0.9490786 3.115985
-0.01609534 0.9551208 3.124647
-0.0299418 0.6836029 3.142485
-0.01820713 0.3464437 3.223306
-0.01456488 0.3253578 3.134813
0.1295124 0.9576686 3.127788
0.1411649 0.6753885 3.149496
0.1305768 0.350872 3.222443
0.1258067 0.3295602 3.126942
0.04630317 1.470558 3.175249
-0.1283548 0.8925841 3.132826
-0.109437 0.9681293 3.087166
0.2536786 0.8869543 3.114107
0.2252147 0.9524294 3.086862
122
0.05734098 0.9558849 3.161979
0.05058911 1.253039 3.173521
0.04456086 1.542035 3.172084
0.04871389 1.671885 3.160429
-0.1095695 1.422658 3.142819
-0.155921 1.178546 3.163342
-0.1489318 0.9699566 3.127081
-0.1355034 0.9565074 3.13124
0.2043267 1.418058 3.149375
0.2621636 1.186571 3.178393
0.2708336 0.9808034 3.120301
0.2554165 0.9494675 3.115826
-0.01610357 0.954827 3.12473
-0.02992773 0.6835063 3.142543
-0.01822146 0.3464669 3.223303
-0.01458044 0.3253891 3.13481
0.129516 0.9574872 3.127775
0.1411695 0.6752716 3.149547
0.1304906 0.3507663 3.222297
0.1257901 0.3295402 3.126928
0.04620316 1.470587 3.174972
-0.1274823 0.894392 3.129865
-0.110664 0.9703649 3.083327
0.2537564 0.8862379 3.114054
0.2253405 0.9532825 3.086704
123
0.05734098 0.9558849 3.161979
0.05058911 1.253039 3.173521
0.04456086 1.542035 3.172084
0.04871389 1.671885 3.160429
-0.1095695 1.422658 3.142819
-0.155921 1.178546 3.163342
-0.1489318 0.9699566 3.127081
-0.1355034 0.9565074 3.13124
0.2043267 1.418058 3.149375
0.2621636 1.186571 3.178393
0.2708336 0.9808034 3.120301
0.2554165 0.9494675 3.115826
-0.01610357 0.954827 3.12473
-0.02992773 0.6835063 3.142543
-0.01822146 0.3464669 3.223303
-0.01458044 0.3253891 3.13481
0.129516 0.9574872 3.127775
0.1411695 0.6752716 3.149547
0.1304906 0.3507663 3.222297
0.1257901 0.3295402 3.126928
0.04620316 1.470587 3.174972
-0.1274823 0.894392 3.129865
-0.110664 0.9703649 3.083327
0.2537564 0.8862379 3.114054
0.2253405 0.9532825 3.086704
