120
1
-0.04638008 0.6099066 3.658711
-0.05105064 0.9227841 3.688102
-0.05628288 1.229719 3.70465
-0.06246452 1.370588 3.722791
-0.2349255 1.097479 3.672606
-0.2633558 0.8422428 3.682614
-0.2612723 0.6330141 3.63444
-0.2513149 0.5731253 3.617719
0.121377 1.109124 3.684708
0.1682347 0.8657611 3.684404
0.1616746 0.650922 3.642149
0.1398137 0.5852195 3.615693
-0.1258576 0.6109134 3.618402
-0.127375 0.2974021 3.614
-0.09521086 -0.1078481 3.595179
-0.100413 -0.1046353 3.517111
0.03392203 0.6166688 3.624654
0.06521835 0.3022989 3.62924
0.06427947 -0.1046445 3.609935
0.06432641 -0.1003116 3.518598
-0.05498267 1.153713 3.702955
-0.2425907 0.4938867 3.608814
-0.2236162 0.5730992 3.564901
0.1399637 0.5154753 3.599432
0.1586144 0.5744371 3.610285
2
-0.04638008 0.6099066 3.658711
-0.05105064 0.9227841 3.688102
-0.05628288 1.229719 3.70465
-0.06246452 1.370588 3.722791
-0.2349255 1.097479 3.672606
-0.2633558 0.8422428 3.682614
-0.2612723 0.6330141 3.63444
-0.2513149 0.5731253 3.617719
0.121377 1.109124 3.684708
0.1682347 0.8657611 3.684404
0.1616746 0.650922 3.642149
0.1398137 0.5852195 3.615693
-0.1258576 0.6109134 3.618402
-0.127375 0.2974021 3.614
-0.09521086 -0.1078481 3.595179
-0.100413 -0.1046353 3.517111
0.03392203 0.6166688 3.624654
0.06521835 0.3022989 3.62924
0.06427947 -0.1046445 3.609935
0.06432641 -0.1003116 3.518598
-0.05498267 1.153713 3.702955
-0.2425907 0.4938867 3.608814
-0.2236162 0.5730992 3.564901
0.1399637 0.5154753 3.599432
0.1586144 0.5744371 3.610285
3
-0.04651909 0.6098358 3.658902
-0.05126238 0.9227473 3.688323
-0.05653679 1.229744 3.704937
-0.06276841 1.37059 3.723312
-0.2351374 1.097501 3.673115
-0.2635249 0.8422466 3.68287
-0.261209 0.6330382 3.634438
-0.2512207 0.5723671 3.617717
0.1212842 1.109036 3.684877
0.1681741 0.865651 3.684507
0.1617057 0.6511945 3.642316
0.1397853 0.5852689 3.615737
-0.1260142 0.6108118 3.618682
-0.1274049 0.297354 3.614121
-0.09529673 -0.1078809 3.595132
-0.1004806 -0.104635 3.517098
0.03380585 0.6166263 3.624772
0.0651631 0.3022867 3.629311
0.06471311 -0.1068371 3.610095
0.06411048 -0.1025991 3.51988
-0.05522722 1.15372 3.703222
-0.242035 0.4927876 3.608619
-0.2234303 0.5728043 3.564746
0.1400072 0.515362 3.599119
0.1585677 0.5761197 3.609233
4
-0.04651909 0.6098358 3.658902
-0.05126238 0.9227473 3.688323
-0.05653679 1.229744 3.704937
-0.06276841 1.37059 3.723312
-0.2351374 1.097501 3.673115
-0.2635249 0.8422466 3.68287
-0.261209 0.6330382 3.634438
-0.2512207 0.5723671 3.617717
0.1212842 1.109036 3.684877
0.1681741 0.865651 3.684507
0.1617057 0.6511945 3.642316
0.1397853 0.5852689 3.615737
-0.1260142 0.6108118 3.618682
-0.1274049 0.297354 3.614121
-0.09529673 -0.1078809 3.595132
-0.1004806 -0.104635 3.517098
0.03380585 0.6166263 3.624772
0.0651631 0.3022867 3.629311
0.06471311 -0.1068371 3.610095
0.06411048 -0.1025991 3.51988
-0.05522722 1.15372 3.703222
-0.242035 0.4927876 3.608619
-0.2234303 0.5728043 3.564746
0.1400072 0.515362 3.599119
0.1585677 0.5761197 3.609233
5
-0.04665802 0.6097519 3.659124
-0.05144874 0.9227052 3.688544
-0.05672851 1.229757 3.705185
-0.063078 1.370591 3.723799
-0.2353357 1.097507 3.673577
-0.2636785 0.842249 3.683122
-0.2612477 0.6330492 3.6346
-0.2512644 0.5723765 3.617912
0.1211969 1.108943 3.685031
0.1681272 0.8655794 3.684589
0.1617702 0.6514353 3.642477
0.1397901 0.5853119 3.615888
-0.1261607 0.6107069 3.618972
-0.1274382 0.2973179 3.614251
-0.09541031 -0.1079641 3.595067
-0.1005225 -0.1046736 3.51702
0.03368511 0.6165693 3.624919
0.06510332 0.3022715 3.629387
0.06461123 -0.1089549 3.609564
0.06379939 -0.1046799 3.520898
-0.05542146 1.153719 3.703462
-0.243406 0.4956951 3.607764
-0.2228162 0.5749943 3.566412
0.1400461 0.5149288 3.599888
0.1562505 0.5490888 3.605199
6
-0.04665802 0.6097519 3.659124
-0.05144874 0.9227052 3.688544
-0.05672851 1.229757 3.705185
-0.063078 1.370591 3.723799
-0.2353357 1.097507 3.673577
-0.2636785 0.842249 3.683122
-0.2612477 0.6330492 3.6346
-0.2512644 0.5723765 3.617912
0.1211969 1.108943 3.685031
0.1681272 0.8655794 3.684589
0.1617702 0.6514353 3.642477
0.1397901 0.5853119 3.615888
-0.1261607 0.6107069 3.618972
-0.1274382 0.2973179 3.614251
-0.09541031 -0.1079641 3.595067
-0.1005225 -0.1046736 3.51702
0.03368511 0.6165693 3.624919
0.06510332 0.3022715 3.629387
0.06461123 -0.1089549 3.609564
0.06379939 -0.1046799 3.520898
-0.05542146 1.153719 3.703462
-0.243406 0.4956951 3.607764
-0.2228162 0.5749943 3.566412
0.1400461 0.5149288 3.599888
0.1562505 0.5490888 3.605199
7
-0.04680908 0.6096643 3.659341
-0.05162284 0.9226617 3.688754
-0.05689139 1.229762 3.705414
-0.06336058 1.370584 3.724248
-0.2355453 1.097484 3.674011
-0.2638344 0.8422503 3.683355
-0.2612572 0.633056 3.634776
-0.2512207 0.5719749 3.618088
0.1211052 1.108853 3.685162
0.1680835 0.8655133 3.684666
0.1618078 0.6516984 3.642627
0.1397914 0.5855597 3.616024
-0.126332 0.6105943 3.619283
-0.1274734 0.2972813 3.614374
-0.0955165 -0.1080356 3.59501
-0.1005606 -0.1047028 3.516924
0.03355252 0.6165085 3.625044
0.06501933 0.3023088 3.629467
0.06451207 -0.1103457 3.609121
0.06362766 -0.1060298 3.52161
-0.05559149 1.153712 3.703685
-0.2436645 0.4951154 3.608016
-0.2221799 0.5726705 3.567827
0.1403826 0.5152992 3.600285
0.1557182 0.5296336 3.603574
8
-0.04680908 0.6096643 3.659341
-0.05162284 0.9226617 3.688754
-0.05689139 1.229762 3.705414
-0.06336058 1.370584 3.724248
-0.2355453 1.097484 3.674011
-0.2638344 0.8422503 3.683355
-0.2612572 0.633056 3.634776
-0.2512207 0.5719749 3.618088
0.1211052 1.108853 3.685162
0.1680835 0.8655133 3.684666
0.1618078 0.6516984 3.642627
0.1397914 0.5855597 3.616024
-0.126332 0.6105943 3.619283
-0.1274734 0.2972813 3.614374
-0.0955165 -0.1080356 3.59501
-0.1005606 -0.1047028 3.516924
0.03355252 0.6165085 3.625044
0.06501933 0.3023088 3.629467
0.06451207 -0.1103457 3.609121
0.06362766 -0.1060298 3.52161
-0.05559149 1.153712 3.703685
-0.2436645 0.4951154 3.608016
-0.2221799 0.5726705 3.567827
0.1403826 0.5152992 3.600285
0.1557182 0.5296336 3.603574
9
-0.04697416 0.6095645 3.659555
-0.05179137 0.9226133 3.688957
-0.0570352 1.229763 3.705624
-0.06361718 1.370567 3.724654
-0.2357352 1.09746 3.674397
-0.263987 0.8421816 3.683643
-0.2617534 0.6328279 3.635798
-0.2515791 0.5723569 3.618633
0.1210212 1.108775 3.685289
0.1680406 0.8654702 3.684738
0.1617438 0.6516974 3.642561
0.1397836 0.585614 3.616067
-0.126527 0.6104611 3.619606
-0.12752 0.2972478 3.614493
-0.09564764 -0.1080667 3.595047
-0.1005954 -0.1047046 3.516862
0.03340982 0.6164397 3.625156
0.06489556 0.3025582 3.629516
0.06696635 -0.1001392 3.616754
0.06380986 -0.09733908 3.527891
-0.0557447 1.153702 3.703892
-0.2450657 0.4976048 3.609045
-0.2232217 0.5728331 3.569504
0.1403901 0.5149578 3.600537
0.1553201 0.5242372 3.602571
10
-0.04697416 0.6095645 3.659555
-0.05179137 0.9226133 3.688957
-0.0570352 1.229763 3.705624
-0.06361718 1.370567 3.724654
-0.2357352 1.09746 3.674397
-0.263987 0.8421816 3.683643
-0.2617534 0.6328279 3.635798
-0.2515791 0.5723569 3.618633
0.1210212 1.108775 3.685289
0.1680406 0.8654702 3.684738
0.1617438 0.6516974 3.642561
0.1397836 0.585614 3.616067
-0.126527 0.6104611 3.619606
-0.12752 0.2972478 3.614493
-0.09564764 -0.1080667 3.595047
-0.1005954 -0.1047046 3.516862
0.03340982 0.6164397 3.625156
0.06489556 0.3025582 3.629516
0.06696635 -0.1001392 3.616754
0.06380986 -0.09733908 3.527891
-0.0557447 1.153702 3.703892
-0.2450657 0.4976048 3.609045
-0.2232217 0.5728331 3.569504
0.1403901 0.5149578 3.600537
0.1553201 0.5242372 3.602571
11
-0.04713707 0.6094643 3.659763
-0.05194828 0.9225664 3.689147
-0.05716171 1.229763 3.705812
-0.0638519 1.370552 3.725013
-0.2359902 1.097349 3.674848
-0.264196 0.8420332 3.68409
-0.2622294 0.6325307 3.636877
-0.2520165 0.5730786 3.619478
0.1209199 1.108686 3.685398
0.1679697 0.8654399 3.684819
0.1616912 0.6517522 3.642529
0.1397477 0.5856552 3.616112
-0.1267233 0.6103279 3.619932
-0.12757 0.2972271 3.614606
-0.09579773 -0.1080866 3.595086
-0.100633 -0.1046946 3.516785
0.03327091 0.6163704 3.625259
0.06482663 0.3026056 3.62955
0.06453099 -0.09925044 3.619721
0.06379009 -0.09702954 3.528939
-0.05588117 1.153692 3.704079
-0.2461947 0.4997526 3.609539
-0.2262935 0.5792986 3.572343
0.1403664 0.5145592 3.600773
0.1564704 0.5528607 3.607077
12
-0.04713707 0.6094643 3.659763
-0.05194828 0.9225664 3.689147
-0.05716171 1.229763 3.705812
-0.0638519 1.370552 3.725013
-0.2359902 1.097349 3.674848
-0.264196 0.8420332 3.68409
-0.2622294 0.6325307 3.636877
-0.2520165 0.5730786 3.619478
0.1209199 1.108686 3.685398
0.1679697 0.8654399 3.684819
0.1616912 0.6517522 3.642529
0.1397477 0.5856552 3.616112
-0.1267233 0.6103279 3.619932
-0.12757 0.2972271 3.614606
-0.09579773 -0.1080866 3.595086
-0.100633 -0.1046946 3.516785
0.03327091 0.6163704 3.625259
0.06482663 0.3026056 3.62955
0.06453099 -0.09925044 3.619721
0.06379009 -0.09702954 3.528939
-0.05588117 1.153692 3.704079
-0.2461947 0.4997526 3.609539
-0.2262935 0.5792986 3.572343
0.1403664 0.5145592 3.600773
0.1564704 0.5528607 3.607077
13
-0.04728951 0.6093673 3.659959
-0.05209071 0.922522 3.68932
-0.05727219 1.229762 3.705977
-0.06408663 1.370524 3.725325
-0.2362376 1.097213 3.675291
-0.2643991 0.8418636 3.684567
-0.2623189 0.6324111 3.63725
-0.2520118 0.5730723 3.619685
0.1208149 1.108636 3.6855
0.1678976 0.8654156 3.684888
0.1616498 0.6518131 3.642516
0.1396679 0.5856944 3.616093
-0.1269058 0.6101931 3.620245
-0.1276297 0.2971794 3.614733
-0.09591999 -0.1081017 3.595139
-0.1006683 -0.1046814 3.516705
0.03314057 0.6163045 3.625353
0.06476323 0.3026389 3.62958
0.06298564 -0.09917204 3.621047
0.06380907 -0.09723091 3.529471
-0.05600143 1.153682 3.704246
-0.2465051 0.5002831 3.609693
-0.2264501 0.5812259 3.573479
0.1403218 0.5141455 3.600979
0.1608061 0.5864731 3.612046
14
-0.04728951 0.6093673 3.659959
-0.05209071 0.922522 3.68932
-0.05727219 1.229762 3.705977
-0.06408663 1.370524 3.725325
-0.2362376 1.097213 3.675291
-0.2643991 0.8418636 3.684567
-0.2623189 0.6324111 3.63725
-0.2520118 0.5730723 3.619685
0.1208149 1.108636 3.6855
0.1678976 0.8654156 3.684888
0.1616498 0.6518131 3.642516
0.1396679 0.5856944 3.616093
-0.1269058 0.6101931 3.620245
-0.1276297 0.2971794 3.614733
-0.09591999 -0.1081017 3.595139
-0.1006683 -0.1046814 3.516705
0.03314057 0.6163045 3.625353
0.06476323 0.3026389 3.62958
0.06298564 -0.09917204 3.621047
0.06380907 -0.09723091 3.529471
-0.05600143 1.153682 3.704246
-0.2465051 0.5002831 3.609693
-0.2264501 0.5812259 3.573479
0.1403218 0.5141455 3.600979
0.1608061 0.5864731 3.612046
15
-0.04744479 0.6092714 3.660142
-0.05222858 0.9224734 3.689485
-0.05737209 1.229752 3.706132
-0.06432417 1.370496 3.725608
-0.2365234 1.097061 3.675817
-0.2645763 0.841682 3.685028
-0.2623217 0.6323065 3.637518
-0.2514865 0.5718778 3.619902
0.1207083 1.108582 3.685592
0.1678393 0.8654197 3.684954
0.1616213 0.6520011 3.64257
0.1396271 0.5857671 3.616136
-0.127088 0.6100594 3.620538
-0.1276859 0.2971227 3.614861
-0.09606168 -0.1081112 3.595213
-0.100703 -0.1046633 3.516628
0.03300668 0.6162404 3.625438
0.06470628 0.3026648 3.62961
0.062897 -0.09728958 3.623707
0.06378646 -0.09591982 3.530625
-0.05611213 1.153665 3.704401
-0.2458255 0.4988894 3.610235
-0.2260217 0.5815979 3.574295
0.1403939 0.5142935 3.601126
0.1592032 0.5582587 3.609602
16
-0.04744479 0.6092714 3.660142
-0.05222858 0.9224734 3.689485
-0.05737209 1.229752 3.706132
-0.06432417 1.370496 3.725608
-0.2365234 1.097061 3.675817
-0.2645763 0.841682 3.685028
-0.2623217 0.6323065 3.637518
-0.2514865 0.5718778 3.619902
0.1207083 1.108582 3.685592
0.1678393 0.8654197 3.684954
0.1616213 0.6520011 3.64257
0.1396271 0.5857671 3.616136
-0.127088 0.6100594 3.620538
-0.1276859 0.2971227 3.614861
-0.09606168 -0.1081112 3.595213
-0.100703 -0.1046633 3.516628
0.03300668 0.6162404 3.625438
0.06470628 0.3026648 3.62961
0.062897 -0.09728958 3.623707
0.06378646 -0.09591982 3.530625
-0.05611213 1.153665 3.704401
-0.2458255 0.4988894 3.610235
-0.2260217 0.5815979 3.574295
0.1403939 0.5142935 3.601126
0.1592032 0.5582587 3.609602
17
-0.04759143 0.6091838 3.660316
-0.05235488 0.9224273 3.689636
-0.05746026 1.229741 3.706269
-0.064586 1.370479 3.725874
-0.2368032 1.096902 3.676338
-0.2647318 0.8415208 3.685478
-0.262295 0.6322212 3.637738
-0.2513925 0.5713863 3.620124
0.1205654 1.108557 3.685691
0.1677823 0.8654298 3.685018
0.1616002 0.6521924 3.642625
0.1396055 0.5858883 3.616154
-0.1272595 0.6099346 3.620823
-0.1277372 0.2970676 3.61498
-0.09621335 -0.1081159 3.595307
-0.1007344 -0.104644 3.516555
0.03288011 0.6161832 3.625515
0.06465122 0.3026866 3.629637
0.06251537 -0.09790097 3.623427
0.06380633 -0.09646488 3.530339
-0.05621075 1.153647 3.704541
-0.2450495 0.4972357 3.611117
-0.2261018 0.5821884 3.574755
0.1404878 0.5145189 3.601449
0.1581371 0.5415454 3.608002
18
-0.04759143 0.6091838 3.660316
-0.05235488 0.9224273 3.689636
-0.05746026 1.229741 3.706269
-0.064586 1.370479 3.725874
-0.2368032 1.096902 3.676338
-0.2647318 0.8415208 3.685478
-0.262295 0.6322212 3.637738
-0.2513925 0.5713863 3.620124
0.1205654 1.108557 3.685691
0.1677823 0.8654298 3.685018
0.1616002 0.6521924 3.642625
0.1396055 0.5858883 3.616154
-0.1272595 0.6099346 3.620823
-0.1277372 0.2970676 3.61498
-0.09621335 -0.1081159 3.595307
-0.1007344 -0.104644 3.516555
0.03288011 0.6161832 3.625515
0.06465122 0.3026866 3.629637
0.06251537 -0.09790097 3.623427
0.06380633 -0.09646488 3.530339
-0.05621075 1.153647 3.704541
-0.2450495 0.4972357 3.611117
-0.2261018 0.5821884 3.574755
0.1404878 0.5145189 3.601449
0.1581371 0.5415454 3.608002
19
-0.04772936 0.6091046 3.660509
-0.05247176 0.9223841 3.68981
-0.05753653 1.229729 3.706424
-0.06490687 1.370468 3.726145
-0.2370664 1.096748 3.676835
-0.2648536 0.8413063 3.685988
-0.2624508 0.6319946 3.638313
-0.2515615 0.5726153 3.620653
0.1203982 1.108598 3.685862
0.1677251 0.8654456 3.685081
0.1615872 0.6523868 3.642674
0.1396044 0.5860719 3.616264
-0.127417 0.6098176 3.621153
-0.1277887 0.2969922 3.615135
-0.0963599 -0.1081275 3.595376
-0.1007705 -0.1046216 3.516479
0.03276303 0.6161342 3.625593
0.06459498 0.3027087 3.629665
0.0622184 -0.098773 3.622415
0.06375279 -0.09710932 3.52979
-0.05629796 1.15363 3.7047
-0.245503 0.5022123 3.610763
-0.2263111 0.5875437 3.575376
0.1405623 0.5147734 3.60149
0.1576149 0.5350397 3.606616
20
-0.04772936 0.6091046 3.660509
-0.05247176 0.9223841 3.68981
-0.05753653 1.229729 3.706424
-0.06490687 1.370468 3.726145
-0.2370664 1.096748 3.676835
-0.2648536 0.8413063 3.685988
-0.2624508 0.6319946 3.638313
-0.2515615 0.5726153 3.620653
0.1203982 1.108598 3.685862
0.1677251 0.8654456 3.685081
0.1615872 0.6523868 3.642674
0.1396044 0.5860719 3.616264
-0.127417 0.6098176 3.621153
-0.1277887 0.2969922 3.615135
-0.0963599 -0.1081275 3.595376
-0.1007705 -0.1046216 3.516479
0.03276303 0.6161342 3.625593
0.06459498 0.3027087 3.629665
0.0622184 -0.098773 3.622415
0.06375279 -0.09710932 3.52979
-0.05629796 1.15363 3.7047
-0.245503 0.5022123 3.610763
-0.2263111 0.5875437 3.575376
0.1405623 0.5147734 3.60149
0.1576149 0.5350397 3.606616
21
-0.04789586 0.6090283 3.660734
-0.05259251 0.9223459 3.690007
-0.05760198 1.229725 3.706598
-0.06528445 1.37049 3.726429
-0.2373324 1.096585 3.67735
-0.2649598 0.8410866 3.686477
-0.2629021 0.6316243 3.639348
-0.2521467 0.575385 3.622311
0.1201916 1.108681 3.686044
0.1676782 0.8654639 3.685129
0.1616114 0.6526411 3.642742
0.139632 0.5863131 3.616408
-0.1276215 0.6097015 3.621566
-0.1278372 0.2969032 3.615293
-0.09640794 -0.1081755 3.595239
-0.100805 -0.1046142 3.516412
0.03263452 0.6160895 3.625676
0.0645292 0.302731 3.629705
0.06199813 -0.09982866 3.621249
0.06375862 -0.0978974 3.528778
-0.05637747 1.153619 3.704878
-0.2475387 0.5065848 3.614205
-0.2262572 0.5894623 3.575632
0.1407041 0.5150191 3.602619
0.1571624 0.5277205 3.606563
22
-0.04789586 0.6090283 3.660734
-0.05259251 0.9223459 3.690007
-0.05760198 1.229725 3.706598
-0.06528445 1.37049 3.726429
-0.2373324 1.096585 3.67735
-0.2649598 0.8410866 3.686477
-0.2629021 0.6316243 3.639348
-0.2521467 0.575385 3.622311
0.1201916 1.108681 3.686044
0.1676782 0.8654639 3.685129
0.1616114 0.6526411 3.642742
0.139632 0.5863131 3.616408
-0.1276215 0.6097015 3.621566
-0.1278372 0.2969032 3.615293
-0.09640794 -0.1081755 3.595239
-0.100805 -0.1046142 3.516412
0.03263452 0.6160895 3.625676
0.0645292 0.302731 3.629705
0.06199813 -0.09982866 3.621249
0.06375862 -0.0978974 3.528778
-0.05637747 1.153619 3.704878
-0.2475387 0.5065848 3.614205
-0.2262572 0.5894623 3.575632
0.1407041 0.5150191 3.602619
0.1571624 0.5277205 3.606563
23
-0.04804751 0.6089601 3.660949
-0.05270466 0.9223122 3.690209
-0.05766389 1.229725 3.706791
-0.06568364 1.370511 3.726702
-0.2375854 1.096434 3.67783
-0.2650599 0.8408891 3.686956
-0.2633437 0.6313195 3.640254
-0.2525663 0.5778602 3.623094
0.1199949 1.108728 3.68618
0.1676431 0.865488 3.685153
0.1603753 0.6474427 3.639851
0.1390232 0.5840791 3.615695
-0.1278034 0.6095971 3.621966
-0.1278933 0.2967099 3.61551
-0.09847455 -0.1075102 3.598953
-0.1008674 -0.1043041 3.516428
0.03251684 0.6160505 3.625751
0.06441272 0.3025949 3.629815
0.06159811 -0.1010771 3.618279
0.06374639 -0.0985188 3.528239
-0.05645248 1.153613 3.705071
-0.2488766 0.5095565 3.615836
-0.2259653 0.5909944 3.576046
0.1375659 0.5065822 3.60064
0.1536297 0.5099682 3.605158
24
-0.04804751 0.6089601 3.660949
-0.05270466 0.9223122 3.690209
-0.05766389 1.229725 3.706791
-0.06568364 1.370511 3.726702
-0.2375854 1.096434 3.67783
-0.2650599 0.8408891 3.686956
-0.2633437 0.6313195 3.640254
-0.2525663 0.5778602 3.623094
0.1199949 1.108728 3.68618
0.1676431 0.865488 3.685153
0.1603753 0.6474427 3.639851
0.1390232 0.5840791 3.615695
-0.1278034 0.6095971 3.621966
-0.1278933 0.2967099 3.61551
-0.09847455 -0.1075102 3.598953
-0.1008674 -0.1043041 3.516428
0.03251684 0.6160505 3.625751
0.06441272 0.3025949 3.629815
0.06159811 -0.1010771 3.618279
0.06374639 -0.0985188 3.528239
-0.05645248 1.153613 3.705071
-0.2488766 0.5095565 3.615836
-0.2259653 0.5909944 3.576046
0.1375659 0.5065822 3.60064
0.1536297 0.5099682 3.605158
25
-0.0481926 0.608905 3.661141
-0.05282211 0.9222939 3.690416
-0.05774862 1.229766 3.70706
-0.06618455 1.370566 3.72701
-0.237854 1.09628 3.678357
-0.2651524 0.8407142 3.687392
-0.2637221 0.6310605 3.641043
-0.2528396 0.5785832 3.623688
0.1197859 1.108786 3.686301
0.1675941 0.8656 3.685077
0.1595067 0.6429251 3.637328
0.1386647 0.582092 3.614829
-0.1279695 0.6095075 3.622327
-0.127957 0.296479 3.615745
-0.09881334 -0.1074385 3.599488
-0.1009006 -0.1042444 3.516383
0.03239643 0.6160263 3.625808
0.06429902 0.3025981 3.629893
0.06132653 -0.1020913 3.615954
0.06373432 -0.09907168 3.527772
-0.05654628 1.153637 3.705317
-0.2492555 0.5106004 3.616416
-0.2267166 0.5912119 3.57669
0.1354009 0.5014344 3.598211
0.1574843 0.5434178 3.601981
26
-0.0481926 0.608905 3.661141
-0.05282211 0.9222939 3.690416
-0.05774862 1.229766 3.70706
-0.06618455 1.370566 3.72701
-0.237854 1.09628 3.678357
-0.2651524 0.8407142 3.687392
-0.2637221 0.6310605 3.641043
-0.2528396 0.5785832 3.623688
0.1197859 1.108786 3.686301
0.1675941 0.8656 3.685077
0.1595067 0.6429251 3.637328
0.1386647 0.582092 3.614829
-0.1279695 0.6095075 3.622327
-0.127957 0.296479 3.615745
-0.09881334 -0.1074385 3.599488
-0.1009006 -0.1042444 3.516383
0.03239643 0.6160263 3.625808
0.06429902 0.3025981 3.629893
0.06132653 -0.1020913 3.615954
0.06373432 -0.09907168 3.527772
-0.05654628 1.153637 3.705317
-0.2492555 0.5106004 3.616416
-0.2267166 0.5912119 3.57669
0.1354009 0.5014344 3.598211
0.1574843 0.5434178 3.601981
27
-0.04832526 0.6088787 3.661308
-0.05294139 0.9222932 3.690629
-0.05784937 1.229826 3.707378
-0.06684475 1.370659 3.727385
-0.2382219 1.096099 3.679032
-0.2652444 0.8405232 3.687862
-0.2640303 0.6308426 3.64164
-0.2531172 0.5795356 3.624132
0.1195239 1.108956 3.686483
0.1674378 0.8659618 3.684642
0.1588045 0.637571 3.633105
0.138163 0.5791175 3.612388
-0.1281164 0.6094518 3.622642
-0.1280055 0.2962295 3.615974
-0.09905637 -0.1074206 3.599737
-0.1009309 -0.1042002 3.516337
0.03227998 0.6160283 3.625851
0.06417687 0.3026675 3.62997
0.06181237 -0.1028227 3.614805
0.06372511 -0.0995621 3.527321
-0.05665243 1.15368 3.705597
-0.2499426 0.512187 3.616718
-0.2274473 0.5930213 3.577379
0.1341029 0.4970406 3.594891
0.159102 0.5600706 3.592993
28
-0.04832526 0.6088787 3.661308
-0.05294139 0.9222932 3.690629
-0.05784937 1.229826 3.707378
-0.06684475 1.370659 3.727385
-0.2382219 1.096099 3.679032
-0.2652444 0.8405232 3.687862
-0.2640303 0.6308426 3.64164
-0.2531172 0.5795356 3.624132
0.1195239 1.108956 3.686483
0.1674378 0.8659618 3.684642
0.1588045 0.637571 3.633105
0.138163 0.5791175 3.612388
-0.1281164 0.6094518 3.622642
-0.1280055 0.2962295 3.615974
-0.09905637 -0.1074206 3.599737
-0.1009309 -0.1042002 3.516337
0.03227998 0.6160283 3.625851
0.06417687 0.3026675 3.62997
0.06181237 -0.1028227 3.614805
0.06372511 -0.0995621 3.527321
-0.05665243 1.15368 3.705597
-0.2499426 0.512187 3.616718
-0.2274473 0.5930213 3.577379
0.1341029 0.4970406 3.594891
0.159102 0.5600706 3.592993
29
-0.04845766 0.6088756 3.661457
-0.05306538 0.9223284 3.690884
-0.05792826 1.229997 3.707986
-0.06772676 1.37082 3.727991
-0.2386062 1.095951 3.679754
-0.2653115 0.8403602 3.688302
-0.2642574 0.6306903 3.642065
-0.2534492 0.5804105 3.624737
0.1192784 1.109149 3.686677
0.1672495 0.8666068 3.68345
0.1578773 0.6305772 3.624381
0.1374198 0.5755073 3.608446
-0.1282617 0.609429 3.622924
-0.1280545 0.29601 3.61618
-0.09917245 -0.1074444 3.599743
-0.1009655 -0.1041726 3.516285
0.03215693 0.6160508 3.625881
0.06409335 0.3026483 3.630039
0.06373414 -0.05876902 3.614731
0.06746012 -0.05377665 3.496776
-0.05675209 1.153807 3.706079
-0.2505749 0.5133868 3.61755
-0.2279205 0.5939593 3.577861
0.1325735 0.4943165 3.592569
0.1601859 0.5571444 3.587103
30
-0.04845766 0.6088756 3.661457
-0.05306538 0.9223284 3.690884
-0.05792826 1.229997 3.707986
-0.06772676 1.37082 3.727991
-0.2386062 1.095951 3.679754
-0.2653115 0.8403602 3.688302
-0.2642574 0.6306903 3.642065
-0.2534492 0.5804105 3.624737
0.1192784 1.109149 3.686677
0.1672495 0.8666068 3.68345
0.1578773 0.6305772 3.624381
0.1374198 0.5755073 3.608446
-0.1282617 0.609429 3.622924
-0.1280545 0.29601 3.61618
-0.09917245 -0.1074444 3.599743
-0.1009655 -0.1041726 3.516285
0.03215693 0.6160508 3.625881
0.06409335 0.3026483 3.630039
0.06373414 -0.05876902 3.614731
0.06746012 -0.05377665 3.496776
-0.05675209 1.153807 3.706079
-0.2505749 0.5133868 3.61755
-0.2279205 0.5939593 3.577861
0.1325735 0.4943165 3.592569
0.1601859 0.5571444 3.587103
31
-0.04859657 0.6088907 3.661592
-0.05323305 0.9224118 3.691188
-0.05810986 1.230294 3.708781
-0.06882211 1.37106 3.728739
-0.239045 1.095819 3.680522
-0.2653802 0.8402322 3.688745
-0.2643378 0.6306062 3.64231
-0.2535542 0.5807669 3.625005
0.1190136 1.109437 3.686943
0.1663835 0.8673025 3.67742
0.1594982 0.6330849 3.607578
0.1387721 0.5793111 3.596855
-0.1284031 0.6094321 3.623164
-0.1281011 0.2958072 3.616373
-0.09925862 -0.1074947 3.599721
-0.1009357 -0.1041707 3.516308
0.03201656 0.6160898 3.625904
0.06402738 0.3026095 3.630092
0.06405369 -0.04431443 3.614116
0.06725657 -0.03813293 3.479889
-0.05693738 1.154037 3.706709
-0.2489465 0.5115758 3.61593
-0.2257034 0.5881738 3.575817
0.1360183 0.4990804 3.586683
0.16498 0.5712421 3.566619
32
-0.04859657 0.6088907 3.661592
-0.05323305 0.9224118 3.691188
-0.05810986 1.230294 3.708781
-0.06882211 1.37106 3.728739
-0.239045 1.095819 3.680522
-0.2653802 0.8402322 3.688745
-0.2643378 0.6306062 3.64231
-0.2535542 0.5807669 3.625005
0.1190136 1.109437 3.686943
0.1663835 0.8673025 3.67742
0.1594982 0.6330849 3.607578
0.1387721 0.5793111 3.596855
-0.1284031 0.6094321 3.623164
-0.1281011 0.2958072 3.616373
-0.09925862 -0.1074947 3.599721
-0.1009357 -0.1041707 3.516308
0.03201656 0.6160898 3.625904
0.06402738 0.3026095 3.630092
0.06405369 -0.04431443 3.614116
0.06725657 -0.03813293 3.479889
-0.05693738 1.154037 3.706709
-0.2489465 0.5115758 3.61593
-0.2257034 0.5881738 3.575817
0.1360183 0.4990804 3.586683
0.16498 0.5712421 3.566619
33
-0.04877313 0.6089553 3.661741
-0.05349764 0.9226343 3.691676
-0.05843519 1.230887 3.710103
-0.07033265 1.371463 3.730061
-0.2395324 1.095764 3.681368
-0.2655688 0.8402572 3.689421
-0.2643584 0.6306225 3.642584
-0.2534202 0.5805017 3.625372
0.1187368 1.109856 3.687328
0.1640907 0.8663822 3.664334
0.1612598 0.6346538 3.583746
0.1450636 0.5880429 3.573775
-0.1285672 0.609486 3.6234
-0.1281399 0.2956338 3.61655
-0.09928434 -0.1075615 3.59961
-0.1009042 -0.1041787 3.516333
0.03182922 0.6161789 3.625937
0.06397833 0.302598 3.630138
0.06432271 -0.08019088 3.611763
0.06450146 -0.07488492 3.501232
-0.05725761 1.154523 3.707771
-0.2479939 0.5093104 3.616146
-0.2257384 0.5872428 3.576487
0.1486677 0.5120226 3.571892
0.1743478 0.5971395 3.533563
34
-0.04877313 0.6089553 3.661741
-0.05349764 0.9226343 3.691676
-0.05843519 1.230887 3.710103
-0.07033265 1.371463 3.730061
-0.2395324 1.095764 3.681368
-0.2655688 0.8402572 3.689421
-0.2643584 0.6306225 3.642584
-0.2534202 0.5805017 3.625372
0.1187368 1.109856 3.687328
0.1640907 0.8663822 3.664334
0.1612598 0.6346538 3.583746
0.1450636 0.5880429 3.573775
-0.1285672 0.609486 3.6234
-0.1281399 0.2956338 3.61655
-0.09928434 -0.1075615 3.59961
-0.1009042 -0.1041787 3.516333
0.03182922 0.6161789 3.625937
0.06397833 0.302598 3.630138
0.06432271 -0.08019088 3.611763
0.06450146 -0.07488492 3.501232
-0.05725761 1.154523 3.707771
-0.2479939 0.5093104 3.616146
-0.2257384 0.5872428 3.576487
0.1486677 0.5120226 3.571892
0.1743478 0.5971395 3.533563
35
-0.04894895 0.6090307 3.661884
-0.05383338 0.9229249 3.692233
-0.05898062 1.231641 3.711535
-0.07179853 1.371945 3.731414
-0.2399321 1.095769 3.682112
-0.2657514 0.8402995 3.690084
-0.2643236 0.6306673 3.642796
-0.2532387 0.580375 3.625512
0.1185798 1.110223 3.687634
0.1618474 0.8645545 3.637068
0.1667574 0.6518404 3.540065
0.1605038 0.5904142 3.530203
-0.1287263 0.6095554 3.623618
-0.1281734 0.2954876 3.616705
-0.09925384 -0.1076577 3.599313
-0.1008825 -0.104195 3.516342
0.03164059 0.6162746 3.62597
0.06392337 0.3025673 3.630182
0.06572502 -0.04379186 3.613501
0.06683033 -0.03769414 3.487009
-0.05774967 1.155146 3.708949
-0.2464833 0.5069522 3.616136
-0.2252511 0.5872116 3.576449
0.1702057 0.5202903 3.542544
0.1908161 0.5811677 3.501262
36
-0.04894895 0.6090307 3.661884
-0.05383338 0.9229249 3.692233
-0.05898062 1.231641 3.711535
-0.07179853 1.371945 3.731414
-0.2399321 1.095769 3.682112
-0.2657514 0.8402995 3.690084
-0.2643236 0.6306673 3.642796
-0.2532387 0.580375 3.625512
0.1185798 1.110223 3.687634
0.1618474 0.8645545 3.637068
0.1667574 0.6518404 3.540065
0.1605038 0.5904142 3.530203
-0.1287263 0.6095554 3.623618
-0.1281734 0.2954876 3.616705
-0.09925384 -0.1076577 3.599313
-0.1008825 -0.104195 3.516342
0.03164059 0.6162746 3.62597
0.06392337 0.3025673 3.630182
0.06572502 -0.04379186 3.613501
0.06683033 -0.03769414 3.487009
-0.05774967 1.155146 3.708949
-0.2464833 0.5069522 3.616136
-0.2252511 0.5872116 3.576449
0.1702057 0.5202903 3.542544
0.1908161 0.5811677 3.501262
37
-0.04911343 0.6091123 3.662016
-0.05419215 0.9232395 3.692822
-0.05964373 1.232391 3.713042
-0.07324409 1.3724 3.732762
-0.2402764 1.095792 3.682753
-0.2659628 0.8403169 3.690748
-0.2642409 0.6307185 3.64294
-0.2530152 0.5800298 3.625556
0.1181919 1.110824 3.688034
0.1614587 0.8694797 3.61552
0.1796293 0.6861324 3.482559
0.178291 0.6109284 3.468928
-0.128871 0.6096309 3.623813
-0.1281655 0.2952654 3.61687
-0.09923343 -0.1077484 3.598964
-0.1008708 -0.1041955 3.516349
0.0314606 0.616377 3.626
0.06383204 0.3024061 3.630277
0.06553257 -0.07857968 3.610296
0.06513837 -0.07314062 3.506554
-0.05832869 1.155781 3.7102
-0.2451321 0.5050278 3.615335
-0.2242957 0.5890328 3.576192
0.1873776 0.5423256 3.475332
0.2065171 0.5908486 3.443135
38
-0.04911343 0.6091123 3.662016
-0.05419215 0.9232395 3.692822
-0.05964373 1.232391 3.713042
-0.07324409 1.3724 3.732762
-0.2402764 1.095792 3.682753
-0.2659628 0.8403169 3.690748
-0.2642409 0.6307185 3.64294
-0.2530152 0.5800298 3.625556
0.1181919 1.110824 3.688034
0.1614587 0.8694797 3.61552
0.1796293 0.6861324 3.482559
0.178291 0.6109284 3.468928
-0.128871 0.6096309 3.623813
-0.1281655 0.2952654 3.61687
-0.09923343 -0.1077484 3.598964
-0.1008708 -0.1041955 3.516349
0.0314606 0.616377 3.626
0.06383204 0.3024061 3.630277
0.06553257 -0.07857968 3.610296
0.06513837 -0.07314062 3.506554
-0.05832869 1.155781 3.7102
-0.2451321 0.5050278 3.615335
-0.2242957 0.5890328 3.576192
0.1873776 0.5423256 3.475332
0.2065171 0.5908486 3.443135
39
-0.04926173 0.6092233 3.66216
-0.05461947 0.9236443 3.693569
-0.06059884 1.233243 3.714892
-0.07466838 1.372792 3.734118
-0.2405644 1.095833 3.683317
-0.2661596 0.8403315 3.691328
-0.2640935 0.6307714 3.643205
-0.2529478 0.5800079 3.625639
0.1173009 1.112189 3.688989
0.1681086 0.8980597 3.582849
0.1935685 0.7289003 3.42446
0.1952944 0.6482875 3.401431
-0.1289956 0.6097327 3.624024
-0.128141 0.2950408 3.61703
-0.09916653 -0.1078601 3.598524
-0.1008596 -0.104207 3.516341
0.03129375 0.6165155 3.626039
0.06375006 0.3023115 3.630359
0.06944326 -0.03775445 3.614966
0.07002735 -0.03239943 3.496876
-0.05912699 1.156523 3.71175
-0.2444576 0.5045882 3.614763
-0.2240689 0.5892239 3.576143
0.2061041 0.5775805 3.391796
0.2185717 0.6331736 3.370052
40
-0.04926173 0.6092233 3.66216
-0.05461947 0.9236443 3.693569
-0.06059884 1.233243 3.714892
-0.07466838 1.372792 3.734118
-0.2405644 1.095833 3.683317
-0.2661596 0.8403315 3.691328
-0.2640935 0.6307714 3.643205
-0.2529478 0.5800079 3.625639
0.1173009 1.112189 3.688989
0.1681086 0.8980597 3.582849
0.1935685 0.7289003 3.42446
0.1952944 0.6482875 3.401431
-0.1289956 0.6097327 3.624024
-0.128141 0.2950408 3.61703
-0.09916653 -0.1078601 3.598524
-0.1008596 -0.104207 3.516341
0.03129375 0.6165155 3.626039
0.06375006 0.3023115 3.630359
0.06944326 -0.03775445 3.614966
0.07002735 -0.03239943 3.496876
-0.05912699 1.156523 3.71175
-0.2444576 0.5045882 3.614763
-0.2240689 0.5892239 3.576143
0.2061041 0.5775805 3.391796
0.2185717 0.6331736 3.370052
41
-0.04943026 0.6094068 3.662321
-0.05511012 0.9241171 3.694416
-0.06163954 1.234019 3.716852
-0.07584859 1.373094 3.735333
-0.2408859 1.095976 3.683969
-0.2663686 0.8403582 3.691832
-0.2639885 0.6308288 3.643392
-0.2528247 0.5802749 3.625683
0.1155161 1.114609 3.690415
0.1768661 0.9434069 3.554014
0.2093166 0.7736571 3.357151
0.2122983 0.7029254 3.32536
-0.1291307 0.6098931 3.624246
-0.1280955 0.2947885 3.617184
-0.09905459 -0.1079577 3.59809
-0.1008526 -0.1042116 3.516337
0.03109748 0.6167431 3.626085
0.06366926 0.3022093 3.630442
0.07069588 -0.07386342 3.617596
0.06647599 -0.07038013 3.513314
-0.0600101 1.15724 3.713419
-0.2441721 0.5063558 3.613893
-0.2234681 0.5870749 3.575672
0.2235255 0.6372179 3.309416
0.239599 0.6969263 3.303331
42
-0.04943026 0.6094068 3.662321
-0.05511012 0.9241171 3.694416
-0.06163954 1.234019 3.716852
-0.07584859 1.373094 3.735333
-0.2408859 1.095976 3.683969
-0.2663686 0.8403582 3.691832
-0.2639885 0.6308288 3.643392
-0.2528247 0.5802749 3.625683
0.1155161 1.114609 3.690415
0.1768661 0.9434069 3.554014
0.2093166 0.7736571 3.357151
0.2122983 0.7029254 3.32536
-0.1291307 0.6098931 3.624246
-0.1280955 0.2947885 3.617184
-0.09905459 -0.1079577 3.59809
-0.1008526 -0.1042116 3.516337
0.03109748 0.6167431 3.626085
0.06366926 0.3022093 3.630442
0.07069588 -0.07386342 3.617596
0.06647599 -0.07038013 3.513314
-0.0600101 1.15724 3.713419
-0.2441721 0.5063558 3.613893
-0.2234681 0.5870749 3.575672
0.2235255 0.6372179 3.309416
0.239599 0.6969263 3.303331
43
-0.04957378 0.6096472 3.662479
-0.05564188 0.924635 3.695384
-0.06309482 1.234723 3.719501
-0.07692965 1.37332 3.736528
-0.2411855 1.096124 3.684575
-0.2665794 0.8404003 3.692331
-0.2638701 0.6309057 3.643519
-0.2525341 0.58056 3.62548
0.1131665 1.117893 3.691755
0.1920804 0.9894277 3.528228
0.2156027 0.8562298 3.31771
0.2227796 0.7874185 3.254959
-0.1292399 0.6100952 3.624465
-0.1280399 0.2945432 3.617323
-0.0989162 -0.1079884 3.597815
-0.1008529 -0.1041805 3.516353
0.03092371 0.6170557 3.62612
0.06359658 0.3021115 3.630537
0.07092 -0.04676559 3.619025
0.06908457 -0.04279655 3.497574
-0.06116942 1.157937 3.715577
-0.242682 0.5073535 3.609254
-0.2227323 0.5896302 3.576034
0.2359042 0.7287114 3.217948
0.2516444 0.7917086 3.240912
44
-0.04957378 0.6096472 3.662479
-0.05564188 0.924635 3.695384
-0.06309482 1.234723 3.719501
-0.07692965 1.37332 3.736528
-0.2411855 1.096124 3.684575
-0.2665794 0.8404003 3.692331
-0.2638701 0.6309057 3.643519
-0.2525341 0.58056 3.62548
0.1131665 1.117893 3.691755
0.1920804 0.9894277 3.528228
0.2156027 0.8562298 3.31771
0.2227796 0.7874185 3.254959
-0.1292399 0.6100952 3.624465
-0.1280399 0.2945432 3.617323
-0.0989162 -0.1079884 3.597815
-0.1008529 -0.1041805 3.516353
0.03092371 0.6170557 3.62612
0.06359658 0.3021115 3.630537
0.07092 -0.04676559 3.619025
0.06908457 -0.04279655 3.497574
-0.06116942 1.157937 3.715577
-0.242682 0.5073535 3.609254
-0.2227323 0.5896302 3.576034
0.2359042 0.7287114 3.217948
0.2516444 0.7917086 3.240912
45
-0.04968179 0.6099849 3.662652
-0.05615249 0.9251462 3.696357
-0.06446512 1.235223 3.721917
-0.07791498 1.373422 3.737705
-0.2416508 1.096428 3.685559
-0.2668198 0.8404959 3.692855
-0.2637573 0.6310241 3.643623
-0.252385 0.580988 3.625298
0.1106683 1.121538 3.692731
0.211411 1.039485 3.506192
0.2240679 0.9464234 3.275443
0.2282383 0.8813945 3.187377
-0.1293067 0.6103927 3.624701
-0.1279815 0.294319 3.617447
-0.09882612 -0.1080019 3.597636
-0.1008571 -0.1041473 3.516369
0.03078233 0.617464 3.626163
0.06352538 0.3019396 3.630683
0.07115062 -0.03204724 3.619843
0.07000291 -0.0278482 3.489656
-0.06227607 1.158488 3.717597
-0.2425838 0.5091344 3.608148
-0.2224936 0.5899071 3.57594
0.2367322 0.8347375 3.13244
0.2586499 0.8812287 3.174218
46
-0.04968179 0.6099849 3.662652
-0.05615249 0.9251462 3.696357
-0.06446512 1.235223 3.721917
-0.07791498 1.373422 3.737705
-0.2416508 1.096428 3.685559
-0.2668198 0.8404959 3.692855
-0.2637573 0.6310241 3.643623
-0.252385 0.580988 3.625298
0.1106683 1.121538 3.692731
0.211411 1.039485 3.506192
0.2240679 0.9464234 3.275443
0.2282383 0.8813945 3.187377
-0.1293067 0.6103927 3.624701
-0.1279815 0.294319 3.617447
-0.09882612 -0.1080019 3.597636
-0.1008571 -0.1041473 3.516369
0.03078233 0.617464 3.626163
0.06352538 0.3019396 3.630683
0.07115062 -0.03204724 3.619843
0.07000291 -0.0278482 3.489656
-0.06227607 1.158488 3.717597
-0.2425838 0.5091344 3.608148
-0.2224936 0.5899071 3.57594
0.2367322 0.8347375 3.13244
0.2586499 0.8812287 3.174218
47
-0.04974585 0.6104193 3.66285
-0.05660659 0.925623 3.697291
-0.06559407 1.235543 3.723928
-0.07872962 1.373467 3.738731
-0.2420516 1.096715 3.686442
-0.2671133 0.8407578 3.693372
-0.2635132 0.6314129 3.64356
-0.2522298 0.5810997 3.625146
0.1082877 1.125042 3.693267
0.2263287 1.063636 3.501576
0.2284332 1.055733 3.271327
0.2295315 0.984147 3.136788
-0.1293363 0.6107529 3.624954
-0.1279469 0.2941874 3.617537
-0.09873419 -0.1079769 3.597508
-0.1008796 -0.104093 3.516392
0.03069414 0.6180076 3.62623
0.06346092 0.3017976 3.630815
0.0642642 -0.07308548 3.615651
0.06616316 -0.06870098 3.507356
-0.06321035 1.158889 3.719335
-0.2424097 0.5094943 3.607449
-0.2222109 0.5902392 3.575771
0.220237 0.9472159 3.084857
0.2593616 0.9753822 3.106271
48
-0.04974585 0.6104193 3.66285
-0.05660659 0.925623 3.697291
-0.06559407 1.235543 3.723928
-0.07872962 1.373467 3.738731
-0.2420516 1.096715 3.686442
-0.2671133 0.8407578 3.693372
-0.2635132 0.6314129 3.64356
-0.2522298 0.5810997 3.625146
0.1082877 1.125042 3.693267
0.2263287 1.063636 3.501576
0.2284332 1.055733 3.271327
0.2295315 0.984147 3.136788
-0.1293363 0.6107529 3.624954
-0.1279469 0.2941874 3.617537
-0.09873419 -0.1079769 3.597508
-0.1008796 -0.104093 3.516392
0.03069414 0.6180076 3.62623
0.06346092 0.3017976 3.630815
0.0642642 -0.07308548 3.615651
0.06616316 -0.06870098 3.507356
-0.06321035 1.158889 3.719335
-0.2424097 0.5094943 3.607449
-0.2222109 0.5902392 3.575771
0.220237 0.9472159 3.084857
0.2593616 0.9753822 3.106271
49
-0.0496464 0.6111873 3.663209
-0.05703196 0.9261958 3.698386
-0.06665979 1.235807 3.725847
-0.07941607 1.373433 3.739661
-0.2423658 1.09705 3.687293
-0.2673818 0.8410421 3.693843
-0.2633361 0.6317505 3.643662
-0.252053 0.5814943 3.625133
0.1061298 1.128659 3.693344
0.237087 1.079574 3.500964
0.2311044 1.100403 3.26259
0.2266661 1.09083 3.113847
-0.1292369 0.6113734 3.625355
-0.1279299 0.2941112 3.617601
-0.09865444 -0.1079435 3.597417
-0.1009044 -0.1040406 3.516408
0.0308112 0.6189486 3.626441
0.06339633 0.3017086 3.630938
0.06342756 -0.09668282 3.614383
0.06362388 -0.09271954 3.519008
-0.06410243 1.15926 3.721063
-0.2426503 0.5109429 3.607914
-0.2220597 0.5904444 3.575758
0.2380336 1.069861 3.072746
0.252514 1.095081 3.095927
50
-0.0496464 0.6111873 3.663209
-0.05703196 0.9261958 3.698386
-0.06665979 1.235807 3.725847
-0.07941607 1.373433 3.739661
-0.2423658 1.09705 3.687293
-0.2673818 0.8410421 3.693843
-0.2633361 0.6317505 3.643662
-0.252053 0.5814943 3.625133
0.1061298 1.128659 3.693344
0.237087 1.079574 3.500964
0.2311044 1.100403 3.26259
0.2266661 1.09083 3.113847
-0.1292369 0.6113734 3.625355
-0.1279299 0.2941112 3.617601
-0.09865444 -0.1079435 3.597417
-0.1009044 -0.1040406 3.516408
0.0308112 0.6189486 3.626441
0.06339633 0.3017086 3.630938
0.06342756 -0.09668282 3.614383
0.06362388 -0.09271954 3.519008
-0.06410243 1.15926 3.721063
-0.2426503 0.5109429 3.607914
-0.2220597 0.5904444 3.575758
0.2380336 1.069861 3.072746
0.252514 1.095081 3.095927
51
-0.04942007 0.6122862 3.663963
-0.05736646 0.9268274 3.699669
-0.06743699 1.235994 3.727396
-0.07996399 1.373341 3.740503
-0.2427039 1.097402 3.688314
-0.2676311 0.8412998 3.694259
-0.2632379 0.6320414 3.643821
-0.2518064 0.5823975 3.625353
0.1044057 1.131878 3.693129
0.2529101 1.108665 3.507219
0.2287304 1.132162 3.267801
0.2190915 1.196313 3.103824
-0.1289294 0.6126121 3.626738
-0.1279314 0.2940803 3.617671
-0.1007773 -0.07651102 3.59882
-0.1030024 -0.07083775 3.484082
0.03100417 0.6200093 3.626766
0.06333544 0.3016289 3.631057
0.06277886 -0.1072522 3.613678
0.06258085 -0.1034319 3.523802
-0.0647705 1.159558 3.722555
-0.242552 0.5120018 3.607736
-0.2220399 0.5924667 3.576756
0.234327 1.192777 3.063272
0.244949 1.194484 3.062846
52
-0.04942007 0.6122862 3.663963
-0.05736646 0.9268274 3.699669
-0.06743699 1.235994 3.727396
-0.07996399 1.373341 3.740503
-0.2427039 1.097402 3.688314
-0.2676311 0.8412998 3.694259
-0.2632379 0.6320414 3.643821
-0.2518064 0.5823975 3.625353
0.1044057 1.131878 3.693129
0.2529101 1.108665 3.507219
0.2287304 1.132162 3.267801
0.2190915 1.196313 3.103824
-0.1289294 0.6126121 3.626738
-0.1279314 0.2940803 3.617671
-0.1007773 -0.07651102 3.59882
-0.1030024 -0.07083775 3.484082
0.03100417 0.6200093 3.626766
0.06333544 0.3016289 3.631057
0.06277886 -0.1072522 3.613678
0.06258085 -0.1034319 3.523802
-0.0647705 1.159558 3.722555
-0.242552 0.5120018 3.607736
-0.2220399 0.5924667 3.576756
0.234327 1.192777 3.063272
0.244949 1.194484 3.062846
53
-0.0491071 0.6137377 3.665004
-0.05756528 0.9275346 3.700981
-0.06792298 1.236158 3.728603
-0.08038413 1.373249 3.741184
-0.2429418 1.098229 3.689842
-0.26786 0.8415673 3.694636
-0.2631148 0.6323622 3.643883
-0.2517128 0.5826032 3.625401
0.1031013 1.135896 3.692161
0.233203 1.226968 3.519209
0.2152469 1.200702 3.28554
0.2074181 1.298025 3.119815
-0.1285784 0.6141723 3.628437
-0.1279606 0.2941606 3.617755
-0.1017608 -0.0604654 3.599322
-0.1048072 -0.05378047 3.466386
0.03130046 0.6213712 3.627273
0.06320285 0.3017122 3.631191
0.06458775 -0.1104149 3.614342
0.0620666 -0.1069015 3.528197
-0.06519683 1.159832 3.723789
-0.2428549 0.5119836 3.608855
-0.2219538 0.5927082 3.576688
0.2368676 1.298278 3.069809
0.2368536 1.296269 3.055073
54
-0.0491071 0.6137377 3.665004
-0.05756528 0.9275346 3.700981
-0.06792298 1.236158 3.728603
-0.08038413 1.373249 3.741184
-0.2429418 1.098229 3.689842
-0.26786 0.8415673 3.694636
-0.2631148 0.6323622 3.643883
-0.2517128 0.5826032 3.625401
0.1031013 1.135896 3.692161
0.233203 1.226968 3.519209
0.2152469 1.200702 3.28554
0.2074181 1.298025 3.119815
-0.1285784 0.6141723 3.628437
-0.1279606 0.2941606 3.617755
-0.1017608 -0.0604654 3.599322
-0.1048072 -0.05378047 3.466386
0.03130046 0.6213712 3.627273
0.06320285 0.3017122 3.631191
0.06458775 -0.1104149 3.614342
0.0620666 -0.1069015 3.528197
-0.06519683 1.159832 3.723789
-0.2428549 0.5119836 3.608855
-0.2219538 0.5927082 3.576688
0.2368676 1.298278 3.069809
0.2368536 1.296269 3.055073
55
-0.04883639 0.6152419 3.666315
-0.05771355 0.9281847 3.702211
-0.06826922 1.236277 3.729517
-0.08069339 1.373152 3.741736
-0.2430568 1.098842 3.690972
-0.2680644 0.8418125 3.694963
-0.2629837 0.6326658 3.643946
-0.2515993 0.5827723 3.625432
0.1015623 1.143227 3.690302
0.2197233 1.299911 3.528103
0.1962891 1.29952 3.301228
0.1920174 1.38816 3.164541
-0.1283407 0.6160369 3.631246
-0.1281709 0.2949403 3.617898
-0.100051 -0.08297992 3.598146
-0.1016212 -0.07759235 3.492829
0.03157374 0.6226292 3.627774
0.06293195 0.3024463 3.631331
0.06487447 -0.1137523 3.614007
0.06168786 -0.1102843 3.530339
-0.06550258 1.160044 3.724755
-0.2428481 0.5120322 3.608948
-0.2214095 0.5966892 3.577477
0.2070148 1.39873 3.139054
0.2157256 1.393605 3.131678
56
-0.04883639 0.6152419 3.666315
-0.05771355 0.9281847 3.702211
-0.06826922 1.236277 3.729517
-0.08069339 1.373152 3.741736
-0.2430568 1.098842 3.690972
-0.2680644 0.8418125 3.694963
-0.2629837 0.6326658 3.643946
-0.2515993 0.5827723 3.625432
0.1015623 1.143227 3.690302
0.2197233 1.299911 3.528103
0.1962891 1.29952 3.301228
0.1920174 1.38816 3.164541
-0.1283407 0.6160369 3.631246
-0.1281709 0.2949403 3.617898
-0.100051 -0.08297992 3.598146
-0.1016212 -0.07759235 3.492829
0.03157374 0.6226292 3.627774
0.06293195 0.3024463 3.631331
0.06487447 -0.1137523 3.614007
0.06168786 -0.1102843 3.530339
-0.06550258 1.160044 3.724755
-0.2428481 0.5120322 3.608948
-0.2214095 0.5966892 3.577477
0.2070148 1.39873 3.139054
0.2157256 1.393605 3.131678
57
-0.04853354 0.6170402 3.667755
-0.05776661 0.9288882 3.703338
-0.06847943 1.236386 3.730189
-0.08088802 1.373061 3.742163
-0.2431134 1.099363 3.691892
-0.2683135 0.8422181 3.695254
-0.2627457 0.6331871 3.644016
-0.2514861 0.5827395 3.625513
0.09970751 1.152045 3.687537
0.1846191 1.341729 3.528432
0.1801844 1.410632 3.301442
0.1790686 1.474086 3.194995
-0.1281257 0.6180272 3.63407
-0.128397 0.2957388 3.618041
-0.09908804 -0.09556349 3.597505
-0.100279 -0.09093575 3.507626
0.0319425 0.6243291 3.628296
0.06233325 0.3048399 3.631291
0.06603406 -0.1132249 3.61463
0.06167413 -0.1099785 3.5322
-0.06568341 1.160243 3.725505
-0.2428491 0.5117438 3.609543
-0.2213697 0.5856245 3.576041
0.1808459 1.473191 3.171898
0.2002228 1.483862 3.168905
58
-0.04853354 0.6170402 3.667755
-0.05776661 0.9288882 3.703338
-0.06847943 1.236386 3.730189
-0.08088802 1.373061 3.742163
-0.2431134 1.099363 3.691892
-0.2683135 0.8422181 3.695254
-0.2627457 0.6331871 3.644016
-0.2514861 0.5827395 3.625513
0.09970751 1.152045 3.687537
0.1846191 1.341729 3.528432
0.1801844 1.410632 3.301442
0.1790686 1.474086 3.194995
-0.1281257 0.6180272 3.63407
-0.128397 0.2957388 3.618041
-0.09908804 -0.09556349 3.597505
-0.100279 -0.09093575 3.507626
0.0319425 0.6243291 3.628296
0.06233325 0.3048399 3.631291
0.06603406 -0.1132249 3.61463
0.06167413 -0.1099785 3.5322
-0.06568341 1.160243 3.725505
-0.2428491 0.5117438 3.609543
-0.2213697 0.5856245 3.576041
0.1808459 1.473191 3.171898
0.2002228 1.483862 3.168905
59
-0.04829174 0.6192291 3.669294
-0.05784117 0.9296266 3.704313
-0.0686511 1.236472 3.730646
-0.08096286 1.373023 3.742521
-0.2430337 1.100089 3.692836
-0.2687759 0.8437018 3.695628
-0.2623358 0.634815 3.644451
-0.2514407 0.5828071 3.625536
0.09862863 1.160559 3.685087
0.166751 1.358079 3.528994
0.1671643 1.498291 3.308032
0.1691249 1.545465 3.230482
-0.1279899 0.6201555 3.636769
-0.1287123 0.2968851 3.618274
-0.09852516 -0.1023623 3.597122
-0.09968076 -0.09810232 3.515066
0.03228036 0.6266154 3.628836
0.06182183 0.3070107 3.631232
0.0672152 -0.1096713 3.615399
0.06172981 -0.1066322 3.533552
-0.06583512 1.160418 3.726049
-0.2429828 0.5116037 3.60973
-0.2212418 0.5859079 3.575644
0.1808187 1.570631 3.203821
0.1970487 1.560343 3.199124
60
-0.04829174 0.6192291 3.669294
-0.05784117 0.9296266 3.704313
-0.0686511 1.236472 3.730646
-0.08096286 1.373023 3.742521
-0.2430337 1.100089 3.692836
-0.2687759 0.8437018 3.695628
-0.2623358 0.634815 3.644451
-0.2514407 0.5828071 3.625536
0.09862863 1.160559 3.685087
0.166751 1.358079 3.528994
0.1671643 1.498291 3.308032
0.1691249 1.545465 3.230482
-0.1279899 0.6201555 3.636769
-0.1287123 0.2968851 3.618274
-0.09852516 -0.1023623 3.597122
-0.09968076 -0.09810232 3.515066
0.03228036 0.6266154 3.628836
0.06182183 0.3070107 3.631232
0.0672152 -0.1096713 3.615399
0.06172981 -0.1066322 3.533552
-0.06583512 1.160418 3.726049
-0.2429828 0.5116037 3.60973
-0.2212418 0.5859079 3.575644
0.1808187 1.570631 3.203821
0.1970487 1.560343 3.199124
61
-0.04813875 0.6213065 3.67067
-0.05790419 0.9303564 3.705137
-0.06877492 1.236543 3.730973
-0.08094537 1.372993 3.742813
-0.2427877 1.100824 3.693671
-0.2692839 0.8453361 3.695933
-0.2619182 0.6356577 3.644751
-0.2513233 0.582172 3.625688
0.09804396 1.165574 3.683656
0.1543729 1.370131 3.533617
0.1573299 1.536134 3.334338
0.1589281 1.590565 3.26767
-0.1279643 0.622065 3.638966
-0.1291862 0.2983339 3.618594
-0.09813904 -0.1061992 3.59686
-0.09941078 -0.102117 3.519061
0.0325533 0.628789 3.629342
0.06124731 0.3092085 3.631154
0.06819861 -0.1062122 3.615943
0.06056544 -0.103339 3.533984
-0.0659434 1.160574 3.726454
-0.2425835 0.5094088 3.610133
-0.2211829 0.5852256 3.575503
0.1724074 1.616535 3.213557
0.1915435 1.600245 3.23921
62
-0.04813875 0.6213065 3.67067
-0.05790419 0.9303564 3.705137
-0.06877492 1.236543 3.730973
-0.08094537 1.372993 3.742813
-0.2427877 1.100824 3.693671
-0.2692839 0.8453361 3.695933
-0.2619182 0.6356577 3.644751
-0.2513233 0.582172 3.625688
0.09804396 1.165574 3.683656
0.1543729 1.370131 3.533617
0.1573299 1.536134 3.334338
0.1589281 1.590565 3.26767
-0.1279643 0.622065 3.638966
-0.1291862 0.2983339 3.618594
-0.09813904 -0.1061992 3.59686
-0.09941078 -0.102117 3.519061
0.0325533 0.628789 3.629342
0.06124731 0.3092085 3.631154
0.06819861 -0.1062122 3.615943
0.06056544 -0.103339 3.533984
-0.0659434 1.160574 3.726454
-0.2425835 0.5094088 3.610133
-0.2211829 0.5852256 3.575503
0.1724074 1.616535 3.213557
0.1915435 1.600245 3.23921
63
-0.04805918 0.6230865 3.671663
-0.05788882 0.931031 3.705694
-0.06862919 1.236658 3.731004
-0.08086522 1.372985 3.743029
-0.2420498 1.101636 3.694212
-0.2697332 0.8468425 3.696154
-0.2615945 0.6362384 3.644954
-0.2511125 0.5814589 3.625659
0.09768112 1.168748 3.682744
0.1463833 1.394357 3.534426
0.1512078 1.579918 3.342197
0.1522048 1.633695 3.289274
-0.1280093 0.6235341 3.640354
-0.1296406 0.2996379 3.618898
-0.09990548 -0.08004349 3.598089
-0.1038138 -0.0743609 3.488817
0.03276653 0.6308373 3.62973
0.06061069 0.3120344 3.630863
0.06785016 -0.1057623 3.614988
0.06047113 -0.1027672 3.5328
-0.06589961 1.160755 3.726652
-0.2429442 0.5073326 3.610578
-0.2211184 0.5780717 3.575188
0.156856 1.667858 3.226969
0.1892546 1.644601 3.261893
64
-0.04805918 0.6230865 3.671663
-0.05788882 0.931031 3.705694
-0.06862919 1.236658 3.731004
-0.08086522 1.372985 3.743029
-0.2420498 1.101636 3.694212
-0.2697332 0.8468425 3.696154
-0.2615945 0.6362384 3.644954
-0.2511125 0.5814589 3.625659
0.09768112 1.168748 3.682744
0.1463833 1.394357 3.534426
0.1512078 1.579918 3.342197
0.1522048 1.633695 3.289274
-0.1280093 0.6235341 3.640354
-0.1296406 0.2996379 3.618898
-0.09990548 -0.08004349 3.598089
-0.1038138 -0.0743609 3.488817
0.03276653 0.6308373 3.62973
0.06061069 0.3120344 3.630863
0.06785016 -0.1057623 3.614988
0.06047113 -0.1027672 3.5328
-0.06589961 1.160755 3.726652
-0.2429442 0.5073326 3.610578
-0.2211184 0.5780717 3.575188
0.156856 1.667858 3.226969
0.1892546 1.644601 3.261893
65
-0.04818619 0.6251338 3.672397
-0.0578938 0.9317166 3.706051
-0.06839132 1.236752 3.730716
-0.08079151 1.373001 3.743162
-0.2413568 1.102345 3.694618
-0.2701561 0.8484136 3.696377
-0.2613454 0.6380246 3.645922
-0.2510118 0.581268 3.625854
0.09786181 1.175072 3.681133
0.1405367 1.403912 3.535167
0.1442308 1.597559 3.358428
0.1454613 1.663739 3.313597
-0.1281889 0.6250597 3.641277
-0.1301163 0.3008643 3.6192
-0.09899609 -0.08897853 3.597447
-0.1032002 -0.08372834 3.49734
0.03271446 0.6333839 3.630028
0.06005188 0.3148857 3.630544
0.06951851 -0.09808899 3.615227
0.06099144 -0.09523221 3.532936
-0.06580758 1.160946 3.726654
-0.2442914 0.5063745 3.613728
-0.2210343 0.5768383 3.575071
0.1497115 1.705391 3.25613
0.1816088 1.673972 3.286863
66
-0.04818619 0.6251338 3.672397
-0.0578938 0.9317166 3.706051
-0.06839132 1.236752 3.730716
-0.08079151 1.373001 3.743162
-0.2413568 1.102345 3.694618
-0.2701561 0.8484136 3.696377
-0.2613454 0.6380246 3.645922
-0.2510118 0.581268 3.625854
0.09786181 1.175072 3.681133
0.1405367 1.403912 3.535167
0.1442308 1.597559 3.358428
0.1454613 1.663739 3.313597
-0.1281889 0.6250597 3.641277
-0.1301163 0.3008643 3.6192
-0.09899609 -0.08897853 3.597447
-0.1032002 -0.08372834 3.49734
0.03271446 0.6333839 3.630028
0.06005188 0.3148857 3.630544
0.06951851 -0.09808899 3.615227
0.06099144 -0.09523221 3.532936
-0.06580758 1.160946 3.726654
-0.2442914 0.5063745 3.613728
-0.2210343 0.5768383 3.575071
0.1497115 1.705391 3.25613
0.1816088 1.673972 3.286863
67
-0.04830917 0.6270738 3.672888
-0.05787529 0.9324127 3.706248
-0.06806042 1.236835 3.730157
-0.08066481 1.373044 3.743212
-0.2404074 1.10299 3.694762
-0.2704862 0.8497763 3.69655
-0.2612005 0.639277 3.646789
-0.2509622 0.5808852 3.626161
0.09809726 1.179948 3.679906
0.1353434 1.413702 3.535698
0.1392062 1.63285 3.363711
0.1395382 1.684256 3.334923
-0.1283409 0.6264439 3.641847
-0.1305486 0.3019551 3.619478
-0.09826749 -0.09567507 3.596911
-0.1026376 -0.09074494 3.503791
0.03263431 0.6358948 3.630226
0.05913094 0.319954 3.6297
0.06811587 -0.0975677 3.613206
0.06108564 -0.09449454 3.531583
-0.06564426 1.16116 3.726456
-0.245158 0.5059497 3.614882
-0.2213861 0.5730814 3.57637
0.1464988 1.730062 3.272618
0.1770746 1.684643 3.326484
68
-0.04830917 0.6270738 3.672888
-0.05787529 0.9324127 3.706248
-0.06806042 1.236835 3.730157
-0.08066481 1.373044 3.743212
-0.2404074 1.10299 3.694762
-0.2704862 0.8497763 3.69655
-0.2612005 0.639277 3.646789
-0.2509622 0.5808852 3.626161
0.09809726 1.179948 3.679906
0.1353434 1.413702 3.535698
0.1392062 1.63285 3.363711
0.1395382 1.684256 3.334923
-0.1283409 0.6264439 3.641847
-0.1305486 0.3019551 3.619478
-0.09826749 -0.09567507 3.596911
-0.1026376 -0.09074494 3.503791
0.03263431 0.6358948 3.630226
0.05913094 0.319954 3.6297
0.06811587 -0.0975677 3.613206
0.06108564 -0.09449454 3.531583
-0.06564426 1.16116 3.726456
-0.245158 0.5059497 3.614882
-0.2213861 0.5730814 3.57637
0.1464988 1.730062 3.272618
0.1770746 1.684643 3.326484
69
-0.04866207 0.6296904 3.672584
-0.0577601 0.9335868 3.705762
-0.06709708 1.237007 3.728135
-0.08017313 1.373279 3.742295
-0.2390785 1.103508 3.694281
-0.2707392 0.8508998 3.696669
-0.2611418 0.6399912 3.647243
-0.2508793 0.5806164 3.626141
0.1001771 1.192938 3.673269
0.1322871 1.41947 3.536116
0.1369733 1.644677 3.368929
0.1355996 1.694506 3.345837
-0.1285714 0.6284195 3.641524
-0.1310021 0.3031469 3.619548
-0.09771674 -0.1000793 3.596365
-0.1022496 -0.09533376 3.507318
0.03211455 0.6392208 3.62965
0.05841444 0.3236392 3.628792
0.06652538 -0.09808687 3.610836
0.06084055 -0.09473757 3.529604
-0.06502226 1.161632 3.725103
-0.2454323 0.5056475 3.615381
-0.2213608 0.5743673 3.576215
0.142717 1.743072 3.281887
0.1734659 1.694291 3.336286
70
-0.04866207 0.6296904 3.672584
-0.0577601 0.9335868 3.705762
-0.06709708 1.237007 3.728135
-0.08017313 1.373279 3.742295
-0.2390785 1.103508 3.694281
-0.2707392 0.8508998 3.696669
-0.2611418 0.6399912 3.647243
-0.2508793 0.5806164 3.626141
0.1001771 1.192938 3.673269
0.1322871 1.41947 3.536116
0.1369733 1.644677 3.368929
0.1355996 1.694506 3.345837
-0.1285714 0.6284195 3.641524
-0.1310021 0.3031469 3.619548
-0.09771674 -0.1000793 3.596365
-0.1022496 -0.09533376 3.507318
0.03211455 0.6392208 3.62965
0.05841444 0.3236392 3.628792
0.06652538 -0.09808687 3.610836
0.06084055 -0.09473757 3.529604
-0.06502226 1.161632 3.725103
-0.2454323 0.5056475 3.615381
-0.2213608 0.5743673 3.576215
0.142717 1.743072 3.281887
0.1734659 1.694291 3.336286
71
-0.0489306 0.6322308 3.672245
-0.05759002 0.9348874 3.705197
-0.0662225 1.23724 3.726356
-0.07971911 1.373507 3.741382
-0.2379061 1.103962 3.693775
-0.2709369 0.8520036 3.696857
-0.2613214 0.6413322 3.648185
-0.2508269 0.5804664 3.626355
0.1016421 1.201462 3.66989
0.1306853 1.423368 3.538188
0.1382325 1.645779 3.378651
0.1316225 1.700411 3.357275
-0.1286937 0.6304137 3.641142
-0.1314629 0.3042736 3.619628
-0.09729309 -0.1031511 3.595933
-0.1019771 -0.09853479 3.509803
0.03167545 0.6422698 3.629102
0.0580224 0.3257767 3.62822
0.0662482 -0.09741365 3.610437
0.0608056 -0.09410051 3.529075
-0.0644019 1.162158 3.723813
-0.2456655 0.5054663 3.615984
-0.2215237 0.5738225 3.576464
0.1394609 1.752009 3.292297
0.1702293 1.702558 3.350358
72
-0.0489306 0.6322308 3.672245
-0.05759002 0.9348874 3.705197
-0.0662225 1.23724 3.726356
-0.07971911 1.373507 3.741382
-0.2379061 1.103962 3.693775
-0.2709369 0.8520036 3.696857
-0.2613214 0.6413322 3.648185
-0.2508269 0.5804664 3.626355
0.1016421 1.201462 3.66989
0.1306853 1.423368 3.538188
0.1382325 1.645779 3.378651
0.1316225 1.700411 3.357275
-0.1286937 0.6304137 3.641142
-0.1314629 0.3042736 3.619628
-0.09729309 -0.1031511 3.595933
-0.1019771 -0.09853479 3.509803
0.03167545 0.6422698 3.629102
0.0580224 0.3257767 3.62822
0.0662482 -0.09741365 3.610437
0.0608056 -0.09410051 3.529075
-0.0644019 1.162158 3.723813
-0.2456655 0.5054663 3.615984
-0.2215237 0.5738225 3.576464
0.1394609 1.752009 3.292297
0.1702293 1.702558 3.350358
73
-0.0492559 0.6343814 3.671947
-0.05742458 0.936057 3.704618
-0.0652621 1.237458 3.724524
-0.07929941 1.373723 3.740529
-0.2369219 1.10432 3.693297
-0.2710821 0.8530243 3.697035
-0.2614942 0.642704 3.649341
-0.2509098 0.5803744 3.626833
0.1025998 1.206669 3.668033
0.1304386 1.425242 3.540913
0.1397306 1.642028 3.388716
0.1291633 1.701757 3.366884
-0.1288765 0.6321838 3.640686
-0.1318812 0.3051684 3.619767
-0.09696169 -0.1053882 3.595544
-0.1017789 -0.1008416 3.511542
0.03118812 0.6447538 3.628776
0.05762763 0.3277017 3.627635
0.06618892 -0.09663286 3.610532
0.06078638 -0.09344389 3.528705
-0.06372117 1.162665 3.722457
-0.2460186 0.5054334 3.616697
-0.2239317 0.5791392 3.577605
0.1374953 1.753843 3.302656
0.1678083 1.705148 3.35715
74
-0.0492559 0.6343814 3.671947
-0.05742458 0.936057 3.704618
-0.0652621 1.237458 3.724524
-0.07929941 1.373723 3.740529
-0.2369219 1.10432 3.693297
-0.2710821 0.8530243 3.697035
-0.2614942 0.642704 3.649341
-0.2509098 0.5803744 3.626833
0.1025998 1.206669 3.668033
0.1304386 1.425242 3.540913
0.1397306 1.642028 3.388716
0.1291633 1.701757 3.366884
-0.1288765 0.6321838 3.640686
-0.1318812 0.3051684 3.619767
-0.09696169 -0.1053882 3.595544
-0.1017789 -0.1008416 3.511542
0.03118812 0.6447538 3.628776
0.05762763 0.3277017 3.627635
0.06618892 -0.09663286 3.610532
0.06078638 -0.09344389 3.528705
-0.06372117 1.162665 3.722457
-0.2460186 0.5054334 3.616697
-0.2239317 0.5791392 3.577605
0.1374953 1.753843 3.302656
0.1678083 1.705148 3.35715
75
-0.04971499 0.6363541 3.671591
-0.05741971 0.9372978 3.703946
-0.06464579 1.237752 3.722934
-0.07895184 1.373924 3.739662
-0.2361683 1.104656 3.692881
-0.2711512 0.8537429 3.697161
-0.2616784 0.6436808 3.650231
-0.251199 0.5805657 3.627352
0.1032107 1.209935 3.666905
0.131145 1.425554 3.543505
0.1410653 1.63684 3.395146
0.1287608 1.7 3.370786
-0.1291948 0.6338372 3.640225
-0.132314 0.3060985 3.619928
-0.09669299 -0.1068941 3.595218
-0.1016539 -0.1023875 3.512746
0.03057579 0.6469811 3.628352
0.05733392 0.3291621 3.627128
0.06630258 -0.09582741 3.610844
0.06080557 -0.09278601 3.528441
-0.06328028 1.163222 3.721176
-0.2466425 0.5054537 3.617468
-0.2256307 0.5779036 3.578218
0.1331527 1.751153 3.310037
0.1672237 1.705964 3.355107
76
-0.04971499 0.6363541 3.671591
-0.05741971 0.9372978 3.703946
-0.06464579 1.237752 3.722934
-0.07895184 1.373924 3.739662
-0.2361683 1.104656 3.692881
-0.2711512 0.8537429 3.697161
-0.2616784 0.6436808 3.650231
-0.251199 0.5805657 3.627352
0.1032107 1.209935 3.666905
0.131145 1.425554 3.543505
0.1410653 1.63684 3.395146
0.1287608 1.7 3.370786
-0.1291948 0.6338372 3.640225
-0.132314 0.3060985 3.619928
-0.09669299 -0.1068941 3.595218
-0.1016539 -0.1023875 3.512746
0.03057579 0.6469811 3.628352
0.05733392 0.3291621 3.627128
0.06630258 -0.09582741 3.610844
0.06080557 -0.09278601 3.528441
-0.06328028 1.163222 3.721176
-0.2466425 0.5054537 3.617468
-0.2256307 0.5779036 3.578218
0.1331527 1.751153 3.310037
0.1672237 1.705964 3.355107
77
-0.05011005 0.6378587 3.671303
-0.05745408 0.9383518 3.703387
-0.06422597 1.238029 3.721779
-0.07867751 1.374076 3.738902
-0.2356069 1.10494 3.69257
-0.2712178 0.8540731 3.69734
-0.2618092 0.6440911 3.650846
-0.2513677 0.5804901 3.627843
0.1035616 1.211954 3.666267
0.1324047 1.424928 3.546048
0.1422231 1.631757 3.39882
0.1319504 1.690558 3.369817
-0.129486 0.6351451 3.639834
-0.1327033 0.3068819 3.620092
-0.09654243 -0.107928 3.595138
-0.1015669 -0.1034689 3.513734
0.03007621 0.6486204 3.628032
0.05711047 0.3300811 3.626843
0.06206045 -0.09677748 3.609936
0.06085198 -0.09353694 3.527767
-0.06297106 1.163709 3.720188
-0.2470598 0.5053384 3.619295
-0.2260401 0.5789821 3.578369
0.1354999 1.740068 3.316151
0.1721256 1.696712 3.349038
78
-0.05011005 0.6378587 3.671303
-0.05745408 0.9383518 3.703387
-0.06422597 1.238029 3.721779
-0.07867751 1.374076 3.738902
-0.2356069 1.10494 3.69257
-0.2712178 0.8540731 3.69734
-0.2618092 0.6440911 3.650846
-0.2513677 0.5804901 3.627843
0.1035616 1.211954 3.666267
0.1324047 1.424928 3.546048
0.1422231 1.631757 3.39882
0.1319504 1.690558 3.369817
-0.129486 0.6351451 3.639834
-0.1327033 0.3068819 3.620092
-0.09654243 -0.107928 3.595138
-0.1015669 -0.1034689 3.513734
0.03007621 0.6486204 3.628032
0.05711047 0.3300811 3.626843
0.06206045 -0.09677748 3.609936
0.06085198 -0.09353694 3.527767
-0.06297106 1.163709 3.720188
-0.2470598 0.5053384 3.619295
-0.2260401 0.5789821 3.578369
0.1354999 1.740068 3.316151
0.1721256 1.696712 3.349038
79
-0.0504684 0.6389989 3.670995
-0.05751671 0.9392302 3.702896
-0.06394241 1.238273 3.720906
-0.07850494 1.374182 3.73825
-0.2351938 1.105147 3.692304
-0.2712342 0.8545033 3.697427
-0.2620106 0.6446792 3.651481
-0.251545 0.5806099 3.62799
0.1038055 1.212733 3.666342
0.1461453 1.412127 3.551022
0.1449327 1.624527 3.399133
0.143332 1.665237 3.356474
-0.1297579 0.6361724 3.639449
-0.1331069 0.307708 3.620182
-0.09643285 -0.1086252 3.595089
-0.101504 -0.1042131 3.514474
0.02963539 0.6498162 3.627687
0.05697277 0.3306876 3.626639
0.06320113 -0.09625389 3.611741
0.06089028 -0.09335336 3.527656
-0.06275833 1.164126 3.719397
-0.247774 0.5054582 3.619319
-0.2274244 0.5818609 3.578668
0.1491524 1.71286 3.303308
0.1835058 1.667517 3.34085
80
-0.0504684 0.6389989 3.670995
-0.05751671 0.9392302 3.702896
-0.06394241 1.238273 3.720906
-0.07850494 1.374182 3.73825
-0.2351938 1.105147 3.692304
-0.2712342 0.8545033 3.697427
-0.2620106 0.6446792 3.651481
-0.251545 0.5806099 3.62799
0.1038055 1.212733 3.666342
0.1461453 1.412127 3.551022
0.1449327 1.624527 3.399133
0.143332 1.665237 3.356474
-0.1297579 0.6361724 3.639449
-0.1331069 0.307708 3.620182
-0.09643285 -0.1086252 3.595089
-0.101504 -0.1042131 3.514474
0.02963539 0.6498162 3.627687
0.05697277 0.3306876 3.626639
0.06320113 -0.09625389 3.611741
0.06089028 -0.09335336 3.527656
-0.06275833 1.164126 3.719397
-0.247774 0.5054582 3.619319
-0.2274244 0.5818609 3.578668
0.1491524 1.71286 3.303308
0.1835058 1.667517 3.34085
81
-0.05075942 0.6398525 3.670734
-0.0575971 0.9399406 3.702479
-0.063786 1.238473 3.720231
-0.07837193 1.374261 3.737689
-0.2348898 1.105321 3.692071
-0.2713685 0.8553306 3.697443
-0.262159 0.6450521 3.651759
-0.2516311 0.5806175 3.628073
0.1039457 1.212392 3.667029
0.1533947 1.403921 3.552716
0.1564143 1.591764 3.386034
0.1553496 1.63271 3.335848
-0.1299836 0.6369615 3.639122
-0.1334211 0.3083162 3.62025
-0.09636482 -0.1091287 3.595069
-0.1014529 -0.1047531 3.515042
0.02928424 0.6506887 3.627399
0.05687065 0.3310987 3.626467
0.06455674 -0.0957048 3.613689
0.06093268 -0.09319308 3.52761
-0.06264347 1.164468 3.718762
-0.2477754 0.5056962 3.618922
-0.227956 0.5826986 3.578881
0.1608433 1.679937 3.278197
0.1944933 1.634757 3.317175
82
-0.05075942 0.6398525 3.670734
-0.0575971 0.9399406 3.702479
-0.063786 1.238473 3.720231
-0.07837193 1.374261 3.737689
-0.2348898 1.105321 3.692071
-0.2713685 0.8553306 3.697443
-0.262159 0.6450521 3.651759
-0.2516311 0.5806175 3.628073
0.1039457 1.212392 3.667029
0.1533947 1.403921 3.552716
0.1564143 1.591764 3.386034
0.1553496 1.63271 3.335848
-0.1299836 0.6369615 3.639122
-0.1334211 0.3083162 3.62025
-0.09636482 -0.1091287 3.595069
-0.1014529 -0.1047531 3.515042
0.02928424 0.6506887 3.627399
0.05687065 0.3310987 3.626467
0.06455674 -0.0957048 3.613689
0.06093268 -0.09319308 3.52761
-0.06264347 1.164468 3.718762
-0.2477754 0.5056962 3.618922
-0.227956 0.5826986 3.578881
0.1608433 1.679937 3.278197
0.1944933 1.634757 3.317175
83
-0.05100488 0.6404161 3.670508
-0.05771945 0.9404635 3.702148
-0.06377441 1.238627 3.719745
-0.0782774 1.374324 3.737225
-0.2347336 1.105436 3.69186
-0.2714203 0.8555751 3.697469
-0.2622693 0.6452742 3.651924
-0.2517086 0.5805892 3.628087
0.103746 1.209021 3.668884
0.1610559 1.39125 3.549792
0.1708436 1.553707 3.366669
0.1696267 1.595902 3.306919
-0.1301692 0.6374856 3.638881
-0.1337078 0.3088757 3.620289
-0.09627938 -0.1094885 3.595006
-0.1014153 -0.1051411 3.515465
0.02896274 0.6512426 3.62709
0.05681055 0.3306527 3.626339
0.06465395 -0.09778008 3.614412
0.06073534 -0.09540842 3.526644
-0.06264792 1.164722 3.718293
-0.2479098 0.5057377 3.619047
-0.2276884 0.5848583 3.578184
0.1813572 1.636753 3.240649
0.2118791 1.599897 3.293799
84
-0.05100488 0.6404161 3.670508
-0.05771945 0.9404635 3.702148
-0.06377441 1.238627 3.719745
-0.0782774 1.374324 3.737225
-0.2347336 1.105436 3.69186
-0.2714203 0.8555751 3.697469
-0.2622693 0.6452742 3.651924
-0.2517086 0.5805892 3.628087
0.103746 1.209021 3.668884
0.1610559 1.39125 3.549792
0.1708436 1.553707 3.366669
0.1696267 1.595902 3.306919
-0.1301692 0.6374856 3.638881
-0.1337078 0.3088757 3.620289
-0.09627938 -0.1094885 3.595006
-0.1014153 -0.1051411 3.515465
0.02896274 0.6512426 3.62709
0.05681055 0.3306527 3.626339
0.06465395 -0.09778008 3.614412
0.06073534 -0.09540842 3.526644
-0.06264792 1.164722 3.718293
-0.2479098 0.5057377 3.619047
-0.2276884 0.5848583 3.578184
0.1813572 1.636753 3.240649
0.2118791 1.599897 3.293799
85
-0.0512342 0.6408013 3.670196
-0.05789771 0.9408745 3.701828
-0.06405385 1.238766 3.719337
-0.07830469 1.374352 3.73673
-0.2346849 1.105527 3.691661
-0.2714603 0.855813 3.697432
-0.2624299 0.6455419 3.651952
-0.2519346 0.5806951 3.627888
0.1033811 1.205371 3.670602
0.1727283 1.359163 3.536328
0.1833178 1.506679 3.337728
0.1812252 1.55118 3.271501
-0.1303395 0.6378609 3.638597
-0.1339445 0.3093401 3.620301
-0.09619715 -0.1097163 3.594966
-0.1013943 -0.1053975 3.515786
0.02865708 0.6515687 3.626633
0.05678068 0.3301817 3.626173
0.06483434 -0.09910483 3.614866
0.0607657 -0.0968376 3.525885
-0.06284132 1.164935 3.717878
-0.2483848 0.5058669 3.618858
-0.2278258 0.5859194 3.577766
0.1993692 1.5859 3.20227
0.2199806 1.554333 3.244696
86
-0.0512342 0.6408013 3.670196
-0.05789771 0.9408745 3.701828
-0.06405385 1.238766 3.719337
-0.07830469 1.374352 3.73673
-0.2346849 1.105527 3.691661
-0.2714603 0.855813 3.697432
-0.2624299 0.6455419 3.651952
-0.2519346 0.5806951 3.627888
0.1033811 1.205371 3.670602
0.1727283 1.359163 3.536328
0.1833178 1.506679 3.337728
0.1812252 1.55118 3.271501
-0.1303395 0.6378609 3.638597
-0.1339445 0.3093401 3.620301
-0.09619715 -0.1097163 3.594966
-0.1013943 -0.1053975 3.515786
0.02865708 0.6515687 3.626633
0.05678068 0.3301817 3.626173
0.06483434 -0.09910483 3.614866
0.0607657 -0.0968376 3.525885
-0.06284132 1.164935 3.717878
-0.2483848 0.5058669 3.618858
-0.2278258 0.5859194 3.577766
0.1993692 1.5859 3.20227
0.2199806 1.554333 3.244696
87
-0.05137663 0.6408962 3.669675
-0.05807091 0.9411666 3.701551
-0.06447982 1.238864 3.719068
-0.07842133 1.374367 3.736372
-0.2349107 1.10544 3.691345
-0.2715038 0.8559754 3.697372
-0.2627897 0.6457775 3.651744
-0.2521341 0.5808285 3.62776
0.1026551 1.198737 3.673064
0.1888427 1.318665 3.519943
0.1975361 1.452732 3.311016
0.190264 1.497585 3.241658
-0.130459 0.6379841 3.63812
-0.1341264 0.3097043 3.620277
-0.09616137 -0.1098528 3.594965
-0.1013506 -0.1055609 3.516041
0.02849987 0.6515431 3.625946
0.05677798 0.3296188 3.626014
0.06492871 -0.1002941 3.615163
0.06101739 -0.09809658 3.525159
-0.06310835 1.165089 3.717561
-0.2490887 0.5062325 3.617302
-0.2279251 0.5868866 3.577611
0.2050445 1.528051 3.164505
0.2192289 1.494444 3.216927
88
-0.05137663 0.6408962 3.669675
-0.05807091 0.9411666 3.701551
-0.06447982 1.238864 3.719068
-0.07842133 1.374367 3.736372
-0.2349107 1.10544 3.691345
-0.2715038 0.8559754 3.697372
-0.2627897 0.6457775 3.651744
-0.2521341 0.5808285 3.62776
0.1026551 1.198737 3.673064
0.1888427 1.318665 3.519943
0.1975361 1.452732 3.311016
0.190264 1.497585 3.241658
-0.130459 0.6379841 3.63812
-0.1341264 0.3097043 3.620277
-0.09616137 -0.1098528 3.594965
-0.1013506 -0.1055609 3.516041
0.02849987 0.6515431 3.625946
0.05677798 0.3296188 3.626014
0.06492871 -0.1002941 3.615163
0.06101739 -0.09809658 3.525159
-0.06310835 1.165089 3.717561
-0.2490887 0.5062325 3.617302
-0.2279251 0.5868866 3.577611
0.2050445 1.528051 3.164505
0.2192289 1.494444 3.216927
89
-0.05145882 0.6406228 3.668968
-0.05824848 0.9413511 3.701298
-0.06497505 1.23893 3.718893
-0.07884908 1.374386 3.736073
-0.2354202 1.105386 3.691064
-0.27153 0.8560903 3.69725
-0.2632455 0.64606 3.650853
-0.2524352 0.5810815 3.627187
0.1005435 1.186181 3.675809
0.2066879 1.273846 3.507056
0.2104438 1.389246 3.291643
0.1982535 1.431835 3.219658
-0.1305383 0.6377696 3.637439
-0.1342233 0.3097755 3.620206
-0.09616422 -0.1099783 3.594967
-0.1010728 -0.1056991 3.516397
0.02843402 0.651116 3.625113
0.05674802 0.3274247 3.625645
0.06584944 -0.1001057 3.616237
0.06122512 -0.09819812 3.525073
-0.06342155 1.165194 3.717314
-0.2497725 0.5066907 3.615061
-0.2275398 0.5897886 3.576248
0.1996319 1.459933 3.137991
0.2236841 1.434144 3.180837
90
-0.05145882 0.6406228 3.668968
-0.05824848 0.9413511 3.701298
-0.06497505 1.23893 3.718893
-0.07884908 1.374386 3.736073
-0.2354202 1.105386 3.691064
-0.27153 0.8560903 3.69725
-0.2632455 0.64606 3.650853
-0.2524352 0.5810815 3.627187
0.1005435 1.186181 3.675809
0.2066879 1.273846 3.507056
0.2104438 1.389246 3.291643
0.1982535 1.431835 3.219658
-0.1305383 0.6377696 3.637439
-0.1342233 0.3097755 3.620206
-0.09616422 -0.1099783 3.594967
-0.1010728 -0.1056991 3.516397
0.02843402 0.651116 3.625113
0.05674802 0.3274247 3.625645
0.06584944 -0.1001057 3.616237
0.06122512 -0.09819812 3.525073
-0.06342155 1.165194 3.717314
-0.2497725 0.5066907 3.615061
-0.2275398 0.5897886 3.576248
0.1996319 1.459933 3.137991
0.2236841 1.434144 3.180837
91
-0.05171711 0.6397155 3.668072
-0.05851296 0.941386 3.701063
-0.06557085 1.238945 3.718855
-0.07953182 1.374373 3.73587
-0.2360829 1.105274 3.690804
-0.2715502 0.8561538 3.697108
-0.2638794 0.6462579 3.649858
-0.2528495 0.5813736 3.62645
0.09946921 1.175243 3.677876
0.2299389 1.222072 3.498371
0.2229606 1.315007 3.284748
0.2092987 1.355275 3.206483
-0.1307809 0.6370402 3.636508
-0.1342435 0.3094687 3.619949
-0.09612624 -0.1100802 3.594812
-0.1008823 -0.1058267 3.516607
0.0281761 0.6498984 3.624195
0.05672096 0.3254147 3.625356
0.06617423 -0.1001828 3.616783
0.06135287 -0.09843946 3.524919
-0.06382589 1.16523 3.717165
-0.2503659 0.5071803 3.612453
-0.2281617 0.5931207 3.575297
0.2010065 1.379602 3.12674
0.2304413 1.355048 3.167073
92
-0.05171711 0.6397155 3.668072
-0.05851296 0.941386 3.701063
-0.06557085 1.238945 3.718855
-0.07953182 1.374373 3.73587
-0.2360829 1.105274 3.690804
-0.2715502 0.8561538 3.697108
-0.2638794 0.6462579 3.649858
-0.2528495 0.5813736 3.62645
0.09946921 1.175243 3.677876
0.2299389 1.222072 3.498371
0.2229606 1.315007 3.284748
0.2092987 1.355275 3.206483
-0.1307809 0.6370402 3.636508
-0.1342435 0.3094687 3.619949
-0.09612624 -0.1100802 3.594812
-0.1008823 -0.1058267 3.516607
0.0281761 0.6498984 3.624195
0.05672096 0.3254147 3.625356
0.06617423 -0.1001828 3.616783
0.06135287 -0.09843946 3.524919
-0.06382589 1.16523 3.717165
-0.2503659 0.5071803 3.612453
-0.2281617 0.5931207 3.575297
0.2010065 1.379602 3.12674
0.2304413 1.355048 3.167073
93
-0.05208547 0.6383688 3.667148
-0.05889445 0.9412446 3.700858
-0.06634453 1.23889 3.719011
-0.08068629 1.374333 3.735741
-0.2372467 1.105079 3.690653
-0.2715802 0.8556615 3.696902
-0.2645076 0.6457132 3.648141
-0.2531495 0.5810803 3.625556
0.09787565 1.162501 3.678909
0.2491157 1.163516 3.495858
0.231194 1.237636 3.274469
0.2166301 1.274531 3.188184
-0.1311356 0.6359873 3.635604
-0.1342199 0.3091597 3.619605
-0.09613619 -0.1100963 3.594818
-0.100751 -0.1059005 3.516756
0.02782646 0.6481412 3.623221
0.05683772 0.3228558 3.625166
0.06589185 -0.101156 3.616699
0.06164067 -0.09940398 3.524412
-0.06438708 1.165173 3.717148
-0.2497402 0.5076998 3.610062
-0.2285906 0.5839714 3.572263
0.2099518 1.290575 3.118669
0.235075 1.274518 3.123657
94
-0.05208547 0.6383688 3.667148
-0.05889445 0.9412446 3.700858
-0.06634453 1.23889 3.719011
-0.08068629 1.374333 3.735741
-0.2372467 1.105079 3.690653
-0.2715802 0.8556615 3.696902
-0.2645076 0.6457132 3.648141
-0.2531495 0.5810803 3.625556
0.09787565 1.162501 3.678909
0.2491157 1.163516 3.495858
0.231194 1.237636 3.274469
0.2166301 1.274531 3.188184
-0.1311356 0.6359873 3.635604
-0.1342199 0.3091597 3.619605
-0.09613619 -0.1100963 3.594818
-0.100751 -0.1059005 3.516756
0.02782646 0.6481412 3.623221
0.05683772 0.3228558 3.625166
0.06589185 -0.101156 3.616699
0.06164067 -0.09940398 3.524412
-0.06438708 1.165173 3.717148
-0.2497402 0.5076998 3.610062
-0.2285906 0.5839714 3.572263
0.2099518 1.290575 3.118669
0.235075 1.274518 3.123657
95
-0.05241458 0.6368475 3.666246
-0.0593104 0.9409956 3.700673
-0.06715352 1.238805 3.719255
-0.08206958 1.374274 3.735678
-0.2388455 1.104918 3.690695
-0.2716001 0.8548005 3.696697
-0.2650389 0.6448828 3.646439
-0.2533479 0.5810329 3.624849
0.09699398 1.155208 3.67939
0.2660558 1.103372 3.507389
0.2252736 1.185496 3.291294
0.225668 1.18689 3.166428
-0.131471 0.6347368 3.634663
-0.1340515 0.3084616 3.619126
-0.09617397 -0.1100316 3.594886
-0.1006456 -0.1059188 3.516893
0.02753858 0.6462783 3.62235
0.05690532 0.3201402 3.625071
0.06553444 -0.1018891 3.616626
0.06175268 -0.1001151 3.524108
-0.06499375 1.165069 3.717203
-0.2494624 0.508147 3.608385
-0.2280106 0.5828726 3.570575
0.2312765 1.185816 3.111356
0.2380745 1.176003 3.133475
96
-0.05241458 0.6368475 3.666246
-0.0593104 0.9409956 3.700673
-0.06715352 1.238805 3.719255
-0.08206958 1.374274 3.735678
-0.2388455 1.104918 3.690695
-0.2716001 0.8548005 3.696697
-0.2650389 0.6448828 3.646439
-0.2533479 0.5810329 3.624849
0.09699398 1.155208 3.67939
0.2660558 1.103372 3.507389
0.2252736 1.185496 3.291294
0.225668 1.18689 3.166428
-0.131471 0.6347368 3.634663
-0.1340515 0.3084616 3.619126
-0.09617397 -0.1100316 3.594886
-0.1006456 -0.1059188 3.516893
0.02753858 0.6462783 3.62235
0.05690532 0.3201402 3.625071
0.06553444 -0.1018891 3.616626
0.06175268 -0.1001151 3.524108
-0.06499375 1.165069 3.717203
-0.2494624 0.508147 3.608385
-0.2280106 0.5828726 3.570575
0.2312765 1.185816 3.111356
0.2380745 1.176003 3.133475
97
-0.05281181 0.6351411 3.665398
-0.05980514 0.9406384 3.700519
-0.0680792 1.238737 3.719637
-0.08442012 1.374282 3.736042
-0.2410486 1.104597 3.691135
-0.2716475 0.8540266 3.696553
-0.2656397 0.6442015 3.64547
-0.2535608 0.5812448 3.624358
0.09635549 1.15037 3.679673
0.2755332 1.025903 3.555776
0.2070414 1.131126 3.345748
0.2342719 1.09071 3.148796
-0.1318845 0.633282 3.633774
-0.133829 0.3075512 3.618645
-0.09622694 -0.1099477 3.59497
-0.1005504 -0.1059157 3.517002
0.02720105 0.6443162 3.621556
0.05696978 0.3180627 3.625044
0.06512292 -0.1023855 3.616445
0.06182087 -0.1005571 3.523916
-0.06571124 1.164941 3.71736
-0.2504141 0.5107232 3.605536
-0.2286631 0.585989 3.570736
0.2457435 1.077057 3.115252
0.2436034 1.070864 3.111811
98
-0.05281181 0.6351411 3.665398
-0.05980514 0.9406384 3.700519
-0.0680792 1.238737 3.719637
-0.08442012 1.374282 3.736042
-0.2410486 1.104597 3.691135
-0.2716475 0.8540266 3.696553
-0.2656397 0.6442015 3.64547
-0.2535608 0.5812448 3.624358
0.09635549 1.15037 3.679673
0.2755332 1.025903 3.555776
0.2070414 1.131126 3.345748
0.2342719 1.09071 3.148796
-0.1318845 0.633282 3.633774
-0.133829 0.3075512 3.618645
-0.09622694 -0.1099477 3.59497
-0.1005504 -0.1059157 3.517002
0.02720105 0.6443162 3.621556
0.05696978 0.3180627 3.625044
0.06512292 -0.1023855 3.616445
0.06182087 -0.1005571 3.523916
-0.06571124 1.164941 3.71736
-0.2504141 0.5107232 3.605536
-0.2286631 0.585989 3.570736
0.2457435 1.077057 3.115252
0.2436034 1.070864 3.111811
99
-0.05325129 0.6332263 3.664514
-0.06038854 0.9401695 3.700364
-0.0691235 1.238696 3.720095
-0.08678425 1.374374 3.736489
-0.2443197 1.103858 3.692201
-0.2717566 0.8525811 3.696433
-0.2664389 0.642935 3.644816
-0.2539124 0.5822134 3.624037
0.09558268 1.14658 3.67967
0.2576016 0.978181 3.579602
0.1988916 1.102648 3.362126
0.2131713 1.058334 3.262467
-0.1323237 0.6316153 3.632887
-0.1334249 0.3060994 3.618137
-0.0963126 -0.1098517 3.595058
-0.100485 -0.105897 3.517074
0.02680622 0.6421972 3.620702
0.0571408 0.3157111 3.62523
0.06670504 -0.09854496 3.617259
0.0617921 -0.09689745 3.525744
-0.06654459 1.164798 3.717577
-0.2507383 0.5126045 3.60344
-0.229507 0.5943996 3.572011
0.2347782 1.016248 3.210671
0.2296787 1.010474 3.192863
100
-0.05325129 0.6332263 3.664514
-0.06038854 0.9401695 3.700364
-0.0691235 1.238696 3.720095
-0.08678425 1.374374 3.736489
-0.2443197 1.103858 3.692201
-0.2717566 0.8525811 3.696433
-0.2664389 0.642935 3.644816
-0.2539124 0.5822134 3.624037
0.09558268 1.14658 3.67967
0.2576016 0.978181 3.579602
0.1988916 1.102648 3.362126
0.2131713 1.058334 3.262467
-0.1323237 0.6316153 3.632887
-0.1334249 0.3060994 3.618137
-0.0963126 -0.1098517 3.595058
-0.100485 -0.105897 3.517074
0.02680622 0.6421972 3.620702
0.0571408 0.3157111 3.62523
0.06670504 -0.09854496 3.617259
0.0617921 -0.09689745 3.525744
-0.06654459 1.164798 3.717577
-0.2507383 0.5126045 3.60344
-0.229507 0.5943996 3.572011
0.2347782 1.016248 3.210671
0.2296787 1.010474 3.192863
101
-0.05397656 0.6309798 3.663398
-0.06114412 0.93953 3.700178
-0.07019121 1.238653 3.720606
-0.08912838 1.374448 3.736811
-0.2473924 1.103048 3.693146
-0.2720052 0.849934 3.696358
-0.2673682 0.6406679 3.644078
-0.2543465 0.5827851 3.623821
0.09489701 1.143798 3.679547
0.2212906 0.964826 3.569234
0.2001016 1.049679 3.361069
0.2372167 0.9215268 3.312238
-0.133058 0.6294798 3.631638
-0.1329616 0.3046537 3.617666
-0.0964248 -0.109758 3.595107
-0.1004469 -0.1058672 3.517118
0.02614421 0.6399137 3.619737
0.05723097 0.3137001 3.62541
0.06351509 -0.10051 3.610345
0.06175202 -0.09744906 3.525445
-0.06745299 1.164627 3.71785
-0.2509906 0.5137068 3.602773
-0.2320592 0.6046341 3.573285
0.2432736 0.9031668 3.286327
0.2374251 0.9095426 3.282645
102
-0.05397656 0.6309798 3.663398
-0.06114412 0.93953 3.700178
-0.07019121 1.238653 3.720606
-0.08912838 1.374448 3.736811
-0.2473924 1.103048 3.693146
-0.2720052 0.849934 3.696358
-0.2673682 0.6406679 3.644078
-0.2543465 0.5827851 3.623821
0.09489701 1.143798 3.679547
0.2212906 0.964826 3.569234
0.2001016 1.049679 3.361069
0.2372167 0.9215268 3.312238
-0.133058 0.6294798 3.631638
-0.1329616 0.3046537 3.617666
-0.0964248 -0.109758 3.595107
-0.1004469 -0.1058672 3.517118
0.02614421 0.6399137 3.619737
0.05723097 0.3137001 3.62541
0.06351509 -0.10051 3.610345
0.06175202 -0.09744906 3.525445
-0.06745299 1.164627 3.71785
-0.2509906 0.5137068 3.602773
-0.2320592 0.6046341 3.573285
0.2432736 0.9031668 3.286327
0.2374251 0.9095426 3.282645
103
-0.05469121 0.628945 3.66227
-0.06192532 0.9388353 3.699958
-0.07114949 1.238602 3.721079
-0.09110609 1.374513 3.737031
-0.2501602 1.102386 3.694191
-0.2722599 0.8475554 3.696319
-0.2682423 0.638572 3.643606
-0.2548719 0.5835617 3.623743
0.09418333 1.141501 3.679221
0.199357 0.9359113 3.579571
0.2331839 0.8530701 3.346607
0.2471348 0.7682344 3.311818
-0.1337555 0.6275084 3.630472
-0.1324447 0.3031715 3.617265
-0.09653804 -0.1096906 3.595089
-0.10043 -0.1058423 3.517141
0.02545032 0.6378864 3.618641
0.05731076 0.3121815 3.625562
0.06175563 -0.1018747 3.606303
0.06171436 -0.09809578 3.525048
-0.06831024 1.164445 3.718115
-0.2512063 0.5146126 3.602474
-0.2325725 0.6070353 3.573535
0.2550515 0.7220523 3.273432
0.2637958 0.7266319 3.281068
104
-0.05469121 0.628945 3.66227
-0.06192532 0.9388353 3.699958
-0.07114949 1.238602 3.721079
-0.09110609 1.374513 3.737031
-0.2501602 1.102386 3.694191
-0.2722599 0.8475554 3.696319
-0.2682423 0.638572 3.643606
-0.2548719 0.5835617 3.623743
0.09418333 1.141501 3.679221
0.199357 0.9359113 3.579571
0.2331839 0.8530701 3.346607
0.2471348 0.7682344 3.311818
-0.1337555 0.6275084 3.630472
-0.1324447 0.3031715 3.617265
-0.09653804 -0.1096906 3.595089
-0.10043 -0.1058423 3.517141
0.02545032 0.6378864 3.618641
0.05731076 0.3121815 3.625562
0.06175563 -0.1018747 3.606303
0.06171436 -0.09809578 3.525048
-0.06831024 1.164445 3.718115
-0.2512063 0.5146126 3.602474
-0.2325725 0.6070353 3.573535
0.2550515 0.7220523 3.273432
0.2637958 0.7266319 3.281068
105
-0.05558318 0.6268406 3.66093
-0.06291556 0.9378294 3.699394
-0.07196431 1.238478 3.72129
-0.09268088 1.37455 3.737129
-0.2523682 1.101845 3.695092
-0.2725426 0.8456292 3.696276
-0.2690611 0.6367806 3.643415
-0.2552539 0.5842839 3.623816
0.09352347 1.139234 3.678382
0.186579 0.9200631 3.58337
0.2350429 0.7361109 3.394876
0.2409847 0.6596891 3.362151
-0.1346585 0.6253785 3.629076
-0.1319775 0.3018437 3.616948
-0.09663218 -0.1096419 3.595091
-0.1004295 -0.1058265 3.51712
0.02461745 0.6358942 3.617372
0.05739563 0.3108469 3.625674
0.05955504 -0.1031759 3.602583
0.06171905 -0.09881652 3.524622
-0.06914747 1.164166 3.718158
-0.2514799 0.5153562 3.603532
-0.2329881 0.6089234 3.574007
0.2537345 0.598279 3.330065
0.2625073 0.6403741 3.339014
106
-0.05558318 0.6268406 3.66093
-0.06291556 0.9378294 3.699394
-0.07196431 1.238478 3.72129
-0.09268088 1.37455 3.737129
-0.2523682 1.101845 3.695092
-0.2725426 0.8456292 3.696276
-0.2690611 0.6367806 3.643415
-0.2552539 0.5842839 3.623816
0.09352347 1.139234 3.678382
0.186579 0.9200631 3.58337
0.2350429 0.7361109 3.394876
0.2409847 0.6596891 3.362151
-0.1346585 0.6253785 3.629076
-0.1319775 0.3018437 3.616948
-0.09663218 -0.1096419 3.595091
-0.1004295 -0.1058265 3.51712
0.02461745 0.6358942 3.617372
0.05739563 0.3108469 3.625674
0.05955504 -0.1031759 3.602583
0.06171905 -0.09881652 3.524622
-0.06914747 1.164166 3.718158
-0.2514799 0.5153562 3.603532
-0.2329881 0.6089234 3.574007
0.2537345 0.598279 3.330065
0.2625073 0.6403741 3.339014
107
-0.0564609 0.6250238 3.659761
-0.0638918 0.93685 3.698794
-0.07268848 1.238365 3.721416
-0.09390692 1.374599 3.737088
-0.2542281 1.101334 3.695859
-0.2730536 0.8451902 3.696273
-0.2711783 0.6364034 3.64467
-0.2597807 0.5967086 3.628501
0.09308819 1.137209 3.677473
0.1724551 0.9017152 3.593082
0.2263255 0.680171 3.472637
0.2221498 0.6038368 3.437552
-0.1355641 0.6235145 3.627839
-0.1315721 0.3007109 3.61672
-0.0967969 -0.1096118 3.59509
-0.1004428 -0.105808 3.517072
0.02380853 0.6341978 3.616285
0.05745983 0.3098867 3.625749
0.05882107 -0.1040647 3.601231
0.06171874 -0.09949441 3.524231
-0.06993497 1.163896 3.718134
-0.2614837 0.5399059 3.614282
-0.2377723 0.6173659 3.582434
0.2390961 0.5328414 3.41329
0.242588 0.6042774 3.416518
108
-0.0564609 0.6250238 3.659761
-0.0638918 0.93685 3.698794
-0.07268848 1.238365 3.721416
-0.09390692 1.374599 3.737088
-0.2542281 1.101334 3.695859
-0.2730536 0.8451902 3.696273
-0.2711783 0.6364034 3.64467
-0.2597807 0.5967086 3.628501
0.09308819 1.137209 3.677473
0.1724551 0.9017152 3.593082
0.2263255 0.680171 3.472637
0.2221498 0.6038368 3.437552
-0.1355641 0.6235145 3.627839
-0.1315721 0.3007109 3.61672
-0.0967969 -0.1096118 3.59509
-0.1004428 -0.105808 3.517072
0.02380853 0.6341978 3.616285
0.05745983 0.3098867 3.625749
0.05882107 -0.1040647 3.601231
0.06171874 -0.09949441 3.524231
-0.06993497 1.163896 3.718134
-0.2614837 0.5399059 3.614282
-0.2377723 0.6173659 3.582434
0.2390961 0.5328414 3.41329
0.242588 0.6042774 3.416518
109
-0.05743581 0.6235153 3.658714
-0.06480741 0.9359533 3.69813
-0.07323622 1.238269 3.721387
-0.09482186 1.374636 3.736952
-0.2556829 1.100943 3.696488
-0.2736883 0.845121 3.696373
-0.2732351 0.6363298 3.646242
-0.2628959 0.6036239 3.63075
0.09321897 1.135099 3.676438
0.1615337 0.8798234 3.606252
0.2010993 0.6385323 3.529232
0.1942294 0.5768791 3.511049
-0.136571 0.6219754 3.626723
-0.1312398 0.2997568 3.616538
-0.09690092 -0.1096184 3.595008
-0.1004626 -0.1058141 3.516989
0.02290638 0.6327813 3.61532
0.05749145 0.3090935 3.625782
0.05832592 -0.1048477 3.600268
0.06174328 -0.1001276 3.523802
-0.07059684 1.163649 3.717975
-0.2653255 0.5504503 3.615052
-0.2417029 0.622384 3.587467
0.1990586 0.5126908 3.499793
0.2098763 0.5733289 3.475013
110
-0.05743581 0.6235153 3.658714
-0.06480741 0.9359533 3.69813
-0.07323622 1.238269 3.721387
-0.09482186 1.374636 3.736952
-0.2556829 1.100943 3.696488
-0.2736883 0.845121 3.696373
-0.2732351 0.6363298 3.646242
-0.2628959 0.6036239 3.63075
0.09321897 1.135099 3.676438
0.1615337 0.8798234 3.606252
0.2010993 0.6385323 3.529232
0.1942294 0.5768791 3.511049
-0.136571 0.6219754 3.626723
-0.1312398 0.2997568 3.616538
-0.09690092 -0.1096184 3.595008
-0.1004626 -0.1058141 3.516989
0.02290638 0.6327813 3.61532
0.05749145 0.3090935 3.625782
0.05832592 -0.1048477 3.600268
0.06174328 -0.1001276 3.523802
-0.07059684 1.163649 3.717975
-0.2653255 0.5504503 3.615052
-0.2417029 0.622384 3.587467
0.1990586 0.5126908 3.499793
0.2098763 0.5733289 3.475013
111
-0.05829038 0.6223235 3.65789
-0.06562132 0.9351152 3.697427
-0.07369904 1.238115 3.721079
-0.09549156 1.374686 3.736511
-0.256811 1.100661 3.697001
-0.2752943 0.847993 3.696754
-0.2754515 0.6379114 3.648351
-0.2652191 0.6096615 3.633261
0.09392607 1.132715 3.674866
0.1475459 0.8465849 3.628149
0.1742669 0.5934697 3.587688
0.157824 0.5458506 3.579817
-0.137413 0.6207923 3.625854
-0.1309744 0.2989937 3.616401
-0.09698316 -0.1096309 3.594938
-0.1004911 -0.105822 3.516868
0.02206009 0.6316158 3.614552
0.05747324 0.3083876 3.625753
0.06509559 -0.09978072 3.607448
0.06202801 -0.09616134 3.525467
-0.07118224 1.163347 3.717587
-0.2670605 0.5557743 3.616728
-0.2434547 0.6258481 3.590552
0.1728302 0.4780073 3.570361
0.1818164 0.5188087 3.549861
112
-0.05829038 0.6223235 3.65789
-0.06562132 0.9351152 3.697427
-0.07369904 1.238115 3.721079
-0.09549156 1.374686 3.736511
-0.256811 1.100661 3.697001
-0.2752943 0.847993 3.696754
-0.2754515 0.6379114 3.648351
-0.2652191 0.6096615 3.633261
0.09392607 1.132715 3.674866
0.1475459 0.8465849 3.628149
0.1742669 0.5934697 3.587688
0.157824 0.5458506 3.579817
-0.137413 0.6207923 3.625854
-0.1309744 0.2989937 3.616401
-0.09698316 -0.1096309 3.594938
-0.1004911 -0.105822 3.516868
0.02206009 0.6316158 3.614552
0.05747324 0.3083876 3.625753
0.06509559 -0.09978072 3.607448
0.06202801 -0.09616134 3.525467
-0.07118224 1.163347 3.717587
-0.2670605 0.5557743 3.616728
-0.2434547 0.6258481 3.590552
0.1728302 0.4780073 3.570361
0.1818164 0.5188087 3.549861
113
-0.0589789 0.621362 3.657243
-0.06628175 0.9343123 3.696637
-0.07402816 1.237899 3.720224
-0.09564482 1.37466 3.735259
-0.2574854 1.100469 3.697255
-0.2768601 0.8506818 3.697055
-0.2771864 0.6394268 3.649939
-0.2664847 0.6117272 3.634642
0.0951133 1.130185 3.672759
0.1415809 0.8354821 3.638856
0.1603506 0.6071579 3.629896
0.1356558 0.5265902 3.635879
-0.1381042 0.6198227 3.625138
-0.1307694 0.2983806 3.616293
-0.09703635 -0.109615 3.594906
-0.1005353 -0.1058064 3.516733
0.0213839 0.6306741 3.613974
0.05740994 0.3077756 3.625572
0.06559058 -0.1003648 3.60778
0.06192407 -0.09683539 3.525133
-0.07165186 1.162982 3.716803
-0.2679073 0.5580097 3.618995
-0.2468004 0.6277968 3.594371
0.1397126 0.4871662 3.610678
0.1498053 0.5163021 3.600544
114
-0.0589789 0.621362 3.657243
-0.06628175 0.9343123 3.696637
-0.07402816 1.237899 3.720224
-0.09564482 1.37466 3.735259
-0.2574854 1.100469 3.697255
-0.2768601 0.8506818 3.697055
-0.2771864 0.6394268 3.649939
-0.2664847 0.6117272 3.634642
0.0951133 1.130185 3.672759
0.1415809 0.8354821 3.638856
0.1603506 0.6071579 3.629896
0.1356558 0.5265902 3.635879
-0.1381042 0.6198227 3.625138
-0.1307694 0.2983806 3.616293
-0.09703635 -0.109615 3.594906
-0.1005353 -0.1058064 3.516733
0.0213839 0.6306741 3.613974
0.05740994 0.3077756 3.625572
0.06559058 -0.1003648 3.60778
0.06192407 -0.09683539 3.525133
-0.07165186 1.162982 3.716803
-0.2679073 0.5580097 3.618995
-0.2468004 0.6277968 3.594371
0.1397126 0.4871662 3.610678
0.1498053 0.5163021 3.600544
115
-0.05952769 0.6206082 3.656743
-0.06671357 0.9335836 3.695775
-0.07370906 1.23769 3.718471
-0.09487021 1.374846 3.732775
-0.2578831 1.10017 3.697081
-0.2782154 0.8530877 3.697236
-0.2785067 0.6408666 3.65118
-0.2673801 0.6129805 3.63579
0.0963346 1.128086 3.670844
0.1380966 0.8334723 3.651522
0.1469741 0.5820548 3.670738
0.119786 0.535024 3.662879
-0.1386562 0.6190639 3.624575
-0.1306146 0.2979098 3.616215
-0.09707724 -0.1095923 3.594882
-0.1005849 -0.1057825 3.516593
0.02084352 0.6299309 3.613535
0.05731975 0.3073577 3.625258
0.06568991 -0.1009459 3.608112
0.06189069 -0.09752232 3.524729
-0.07167711 1.162598 3.715435
-0.2682429 0.5590935 3.620083
-0.2478814 0.6290038 3.595838
0.1266952 0.4950593 3.629768
0.1372582 0.4983357 3.629552
116
-0.05952769 0.6206082 3.656743
-0.06671357 0.9335836 3.695775
-0.07370906 1.23769 3.718471
-0.09487021 1.374846 3.732775
-0.2578831 1.10017 3.697081
-0.2782154 0.8530877 3.697236
-0.2785067 0.6408666 3.65118
-0.2673801 0.6129805 3.63579
0.0963346 1.128086 3.670844
0.1380966 0.8334723 3.651522
0.1469741 0.5820548 3.670738
0.119786 0.535024 3.662879
-0.1386562 0.6190639 3.624575
-0.1306146 0.2979098 3.616215
-0.09707724 -0.1095923 3.594882
-0.1005849 -0.1057825 3.516593
0.02084352 0.6299309 3.613535
0.05731975 0.3073577 3.625258
0.06568991 -0.1009459 3.608112
0.06189069 -0.09752232 3.524729
-0.07167711 1.162598 3.715435
-0.2682429 0.5590935 3.620083
-0.2478814 0.6290038 3.595838
0.1266952 0.4950593 3.629768
0.1372582 0.4983357 3.629552
117
-0.0599393 0.6200448 3.656365
-0.06687109 0.9329579 3.694817
-0.07259069 1.237548 3.71594
-0.09271164 1.375294 3.729491
-0.2579096 1.100196 3.696685
-0.2794679 0.8555968 3.697291
-0.2795601 0.6424538 3.65225
-0.2680381 0.6139976 3.636661
0.09751729 1.126654 3.669537
0.1372752 0.8377905 3.664268
0.1414626 0.600397 3.682837
0.1131718 0.5513489 3.674365
-0.1390712 0.6184983 3.624137
-0.1305135 0.2976028 3.616161
-0.09705809 -0.1095731 3.594819
-0.1006295 -0.1057601 3.516474
0.020443 0.6293734 3.613215
0.05725975 0.3070275 3.624918
0.06508325 -0.1023252 3.608346
0.06171565 -0.0989854 3.524258
-0.07109334 1.162257 3.713467
-0.268196 0.5583869 3.623126
-0.2496819 0.6324167 3.596869
0.121265 0.5126185 3.635327
0.1333161 0.587939 3.650056
118
-0.0599393 0.6200448 3.656365
-0.06687109 0.9329579 3.694817
-0.07259069 1.237548 3.71594
-0.09271164 1.375294 3.729491
-0.2579096 1.100196 3.696685
-0.2794679 0.8555968 3.697291
-0.2795601 0.6424538 3.65225
-0.2680381 0.6139976 3.636661
0.09751729 1.126654 3.669537
0.1372752 0.8377905 3.664268
0.1414626 0.600397 3.682837
0.1131718 0.5513489 3.674365
-0.1390712 0.6184983 3.624137
-0.1305135 0.2976028 3.616161
-0.09705809 -0.1095731 3.594819
-0.1006295 -0.1057601 3.516474
0.020443 0.6293734 3.613215
0.05725975 0.3070275 3.624918
0.06508325 -0.1023252 3.608346
0.06171565 -0.0989854 3.524258
-0.07109334 1.162257 3.713467
-0.268196 0.5583869 3.623126
-0.2496819 0.6324167 3.596869
0.121265 0.5126185 3.635327
0.1333161 0.587939 3.650056
119
-0.06027294 0.6196185 3.656085
-0.06691577 0.9324486 3.693935
-0.07122703 1.237464 3.713399
-0.08970141 1.375712 3.726265
-0.2572286 1.100689 3.695677
-0.2804094 0.8575337 3.697317
-0.2803182 0.6438296 3.653052
-0.2685712 0.6146251 3.637433
0.09869456 1.125558 3.668606
0.1377235 0.8428016 3.673778
0.1404061 0.6167763 3.68639
0.1140823 0.5739705 3.649208
-0.1394157 0.6180814 3.623796
-0.130445 0.2973873 3.616123
-0.09704343 -0.1095546 3.594777
-0.1006799 -0.1057396 3.516357
0.02011028 0.6289318 3.613001
0.05718177 0.3067083 3.624566
0.06440547 -0.0520797 3.61118
0.05873549 -0.04790051 3.496104
-0.0702842 1.161991 3.711468
-0.2677714 0.5570011 3.62501
-0.250179 0.6325746 3.597176
0.1055485 0.5145335 3.607861
0.1267679 0.5724688 3.641042
120
-0.06027294 0.6196185 3.656085
-0.06691577 0.9324486 3.693935
-0.07122703 1.237464 3.713399
-0.08970141 1.375712 3.726265
-0.2572286 1.100689 3.695677
-0.2804094 0.8575337 3.697317
-0.2803182 0.6438296 3.653052
-0.2685712 0.6146251 3.637433
0.09869456 1.125558 3.668606
0.1377235 0.8428016 3.673778
0.1404061 0.6167763 3.68639
0.1140823 0.5739705 3.649208
-0.1394157 0.6180814 3.623796
-0.130445 0.2973873 3.616123
-0.09704343 -0.1095546 3.594777
-0.1006799 -0.1057396 3.516357
0.02011028 0.6289318 3.613001
0.05718177 0.3067083 3.624566
0.06440547 -0.0520797 3.61118
0.05873549 -0.04790051 3.496104
-0.0702842 1.161991 3.711468
-0.2677714 0.5570011 3.62501
-0.250179 0.6325746 3.597176
0.1055485 0.5145335 3.607861
0.1267679 0.5724688 3.641042
