96
1
-0.003584333 0.9441707 3.56927
-0.008335435 1.241715 3.591055
-0.01290748 1.532158 3.60009
-0.002202202 1.66316 3.602433
-0.1788993 1.409761 3.58482
-0.2123401 1.166085 3.555689
-0.1986363 0.9556649 3.474895
-0.1760382 0.8999228 3.461435
0.1538783 1.401483 3.577435
0.1889034 1.159949 3.585466
0.1829004 0.9516003 3.511348
0.1672841 0.8817596 3.4953
-0.07768546 0.943576 3.532392
-0.1086837 0.6632748 3.536414
-0.1045027 0.3055933 3.577645
-0.1034699 0.28911 3.434545
0.0706255 0.9455523 3.527506
0.08197001 0.6908175 3.550783
0.07365499 0.3186447 3.580535
0.07239627 0.3066457 3.430082
-0.01176127 1.460489 3.600258
-0.1751216 0.8270397 3.45735
-0.1418214 0.9068485 3.431122
0.1750282 0.8122984 3.50136
0.1930323 0.8670403 3.47608
2
-0.003584333 0.9441707 3.56927
-0.008335435 1.241715 3.591055
-0.01290748 1.532158 3.60009
-0.002202202 1.66316 3.602433
-0.1788993 1.409761 3.58482
-0.2123401 1.166085 3.555689
-0.1986363 0.9556649 3.474895
-0.1760382 0.8999228 3.461435
0.1538783 1.401483 3.577435
0.1889034 1.159949 3.585466
0.1829004 0.9516003 3.511348
0.1672841 0.8817596 3.4953
-0.07768546 0.943576 3.532392
-0.1086837 0.6632748 3.536414
-0.1045027 0.3055933 3.577645
-0.1034699 0.28911 3.434545
0.0706255 0.9455523 3.527506
0.08197001 0.6908175 3.550783
0.07365499 0.3186447 3.580535
0.07239627 0.3066457 3.430082
-0.01176127 1.460489 3.600258
-0.1751216 0.8270397 3.45735
-0.1418214 0.9068485 3.431122
0.1750282 0.8122984 3.50136
0.1930323 0.8670403 3.47608
3
-0.00358405 0.944146 3.569326
-0.008340308 1.241712 3.591096
-0.0129139 1.532174 3.600114
-0.002188611 1.663158 3.602455
-0.1789062 1.409818 3.584895
-0.2123754 1.166334 3.55581
-0.1986344 0.9556552 3.474918
-0.1760395 0.9005849 3.461423
0.153972 1.401595 3.577591
0.1889354 1.159971 3.585482
0.1829934 0.9514988 3.511291
0.1673049 0.8816385 3.495236
-0.07768171 0.9435589 3.53246
-0.1086642 0.6631629 3.536451
-0.1042057 0.3076572 3.577195
-0.1027156 0.2910555 3.432177
0.07062862 0.9455032 3.527551
0.08203933 0.6908076 3.55076
0.07377286 0.31662 3.580502
0.07260597 0.3047057 3.430283
-0.01176797 1.460502 3.600286
-0.1749932 0.8276692 3.45683
-0.1413202 0.9076515 3.431288
0.1747074 0.8116871 3.50196
0.1930816 0.8674451 3.476094
4
-0.00358405 0.944146 3.569326
-0.008340308 1.241712 3.591096
-0.0129139 1.532174 3.600114
-0.002188611 1.663158 3.602455
-0.1789062 1.409818 3.584895
-0.2123754 1.166334 3.55581
-0.1986344 0.9556552 3.474918
-0.1760395 0.9005849 3.461423
0.153972 1.401595 3.577591
0.1889354 1.159971 3.585482
0.1829934 0.9514988 3.511291
0.1673049 0.8816385 3.495236
-0.07768171 0.9435589 3.53246
-0.1086642 0.6631629 3.536451
-0.1042057 0.3076572 3.577195
-0.1027156 0.2910555 3.432177
0.07062862 0.9455032 3.527551
0.08203933 0.6908076 3.55076
0.07377286 0.31662 3.580502
0.07260597 0.3047057 3.430283
-0.01176797 1.460502 3.600286
-0.1749932 0.8276692 3.45683
-0.1413202 0.9076515 3.431288
0.1747074 0.8116871 3.50196
0.1930816 0.8674451 3.476094
5
-0.003584546 0.9441311 3.569373
-0.00834404 1.241713 3.591138
-0.01291813 1.532192 3.600144
-0.00217239 1.663158 3.602481
-0.1789139 1.409873 3.584969
-0.2123979 1.166503 3.555898
-0.1986677 0.9557669 3.475028
-0.1759647 0.9015821 3.461547
0.1540338 1.401714 3.577731
0.1889706 1.160011 3.585496
0.1830851 0.9513996 3.511263
0.1673021 0.8815722 3.495241
-0.07767805 0.9435472 3.532517
-0.108704 0.6632973 3.53646
-0.1039416 0.3095748 3.576917
-0.1021851 0.2928807 3.43075
0.07062741 0.9454826 3.527583
0.08209804 0.6908011 3.550739
0.0738568 0.3151388 3.58051
0.07275467 0.3032897 3.430689
-0.01177288 1.460518 3.60032
-0.1747207 0.8287836 3.456493
-0.1400865 0.9054061 3.43213
0.1747722 0.8119807 3.502213
0.1931046 0.8628979 3.478367
6
-0.003584546 0.9441311 3.569373
-0.00834404 1.241713 3.591138
-0.01291813 1.532192 3.600144
-0.00217239 1.663158 3.602481
-0.1789139 1.409873 3.584969
-0.2123979 1.166503 3.555898
-0.1986677 0.9557669 3.475028
-0.1759647 0.9015821 3.461547
0.1540338 1.401714 3.577731
0.1889706 1.160011 3.585496
0.1830851 0.9513996 3.511263
0.1673021 0.8815722 3.495241
-0.07767805 0.9435472 3.532517
-0.108704 0.6632973 3.53646
-0.1039416 0.3095748 3.576917
-0.1021851 0.2928807 3.43075
0.07062741 0.9454826 3.527583
0.08209804 0.6908011 3.550739
0.0738568 0.3151388 3.58051
0.07275467 0.3032897 3.430689
-0.01177288 1.460518 3.60032
-0.1747207 0.8287836 3.456493
-0.1400865 0.9054061 3.43213
0.1747722 0.8119807 3.502213
0.1931046 0.8628979 3.478367
7
-0.003584504 0.9441177 3.569415
-0.008347223 1.241713 3.591177
-0.01292207 1.53221 3.600174
-0.002155698 1.663158 3.602504
-0.1789224 1.409923 3.585043
-0.212415 1.166639 3.555969
-0.199583 0.9575836 3.475402
-0.1760816 0.9063447 3.462022
0.1540798 1.401802 3.577838
0.1889908 1.160032 3.585503
0.1831876 0.9512738 3.511215
0.1673413 0.8810012 3.495073
-0.07767471 0.943539 3.532564
-0.108794 0.663884 3.536351
-0.1036666 0.3110821 3.576748
-0.1017855 0.2942902 3.429859
0.07062779 0.9454605 3.527612
0.08213571 0.6908023 3.550725
0.07365841 0.3175871 3.580912
0.07255641 0.3055664 3.431985
-0.0117774 1.460534 3.600353
-0.1737745 0.8422528 3.449478
-0.1394332 0.9157997 3.433796
0.1742575 0.8117003 3.502047
0.193036 0.8624076 3.477927
8
-0.003584504 0.9441177 3.569415
-0.008347223 1.241713 3.591177
-0.01292207 1.53221 3.600174
-0.002155698 1.663158 3.602504
-0.1789224 1.409923 3.585043
-0.212415 1.166639 3.555969
-0.199583 0.9575836 3.475402
-0.1760816 0.9063447 3.462022
0.1540798 1.401802 3.577838
0.1889908 1.160032 3.585503
0.1831876 0.9512738 3.511215
0.1673413 0.8810012 3.495073
-0.07767471 0.943539 3.532564
-0.108794 0.663884 3.536351
-0.1036666 0.3110821 3.576748
-0.1017855 0.2942902 3.429859
0.07062779 0.9454605 3.527612
0.08213571 0.6908023 3.550725
0.07365841 0.3175871 3.580912
0.07255641 0.3055664 3.431985
-0.0117774 1.460534 3.600353
-0.1737745 0.8422528 3.449478
-0.1394332 0.9157997 3.433796
0.1742575 0.8117003 3.502047
0.193036 0.8624076 3.477927
9
-0.003574156 0.9440984 3.569457
-0.008348567 1.241712 3.591216
-0.01292717 1.532227 3.600205
-0.002139143 1.663158 3.602526
-0.1789265 1.409957 3.585103
-0.2118564 1.164971 3.555771
-0.1995696 0.9577006 3.47547
-0.1759652 0.9072069 3.462009
0.1541134 1.401867 3.577915
0.1890012 1.159957 3.585494
0.1833018 0.951097 3.511138
0.1673053 0.8804349 3.494781
-0.07766508 0.9435303 3.532604
-0.1088245 0.6639878 3.536348
-0.1034078 0.3127755 3.576771
-0.1015586 0.2958688 3.429629
0.070642 0.9454259 3.527647
0.0821683 0.6908076 3.55071
0.07333491 0.3205748 3.581176
0.07221583 0.3084252 3.433202
-0.0117822 1.460547 3.600386
-0.1735624 0.8441768 3.448268
-0.1377858 0.9130059 3.433354
0.1741588 0.8115333 3.502106
0.1929094 0.861608 3.477605
10
-0.003574156 0.9440984 3.569457
-0.008348567 1.241712 3.591216
-0.01292717 1.532227 3.600205
-0.002139143 1.663158 3.602526
-0.1789265 1.409957 3.585103
-0.2118564 1.164971 3.555771
-0.1995696 0.9577006 3.47547
-0.1759652 0.9072069 3.462009
0.1541134 1.401867 3.577915
0.1890012 1.159957 3.585494
0.1833018 0.951097 3.511138
0.1673053 0.8804349 3.494781
-0.07766508 0.9435303 3.532604
-0.1088245 0.6639878 3.536348
-0.1034078 0.3127755 3.576771
-0.1015586 0.2958688 3.429629
0.070642 0.9454259 3.527647
0.0821683 0.6908076 3.55071
0.07333491 0.3205748 3.581176
0.07221583 0.3084252 3.433202
-0.0117822 1.460547 3.600386
-0.1735624 0.8441768 3.448268
-0.1377858 0.9130059 3.433354
0.1741588 0.8115333 3.502106
0.1929094 0.861608 3.477605
11
-0.003571127 0.9440861 3.569484
-0.008350151 1.241711 3.59125
-0.01293128 1.532241 3.600234
-0.002119796 1.663154 3.602546
-0.1789305 1.409986 3.585156
-0.2115258 1.164126 3.555578
-0.1995712 0.9578752 3.475537
-0.1758296 0.9079199 3.461994
0.1541388 1.401907 3.577965
0.1890432 1.159953 3.585479
0.1834235 0.9509024 3.51105
0.167301 0.8801516 3.494743
-0.07765877 0.9435235 3.532636
-0.108899 0.6637213 3.536375
-0.1027133 0.2785727 3.580917
-0.1009915 0.2668971 3.479722
0.07064317 0.9454117 3.52766
0.08220424 0.6908139 3.55069
0.0732922 0.3219505 3.58124
0.07212901 0.3097739 3.433883
-0.01178632 1.46056 3.600417
-0.1736329 0.8441659 3.446995
-0.1368764 0.9116008 3.433393
0.1736207 0.8113069 3.501734
0.19283 0.8636203 3.477263
12
-0.003571127 0.9440861 3.569484
-0.008350151 1.241711 3.59125
-0.01293128 1.532241 3.600234
-0.002119796 1.663154 3.602546
-0.1789305 1.409986 3.585156
-0.2115258 1.164126 3.555578
-0.1995712 0.9578752 3.475537
-0.1758296 0.9079199 3.461994
0.1541388 1.401907 3.577965
0.1890432 1.159953 3.585479
0.1834235 0.9509024 3.51105
0.167301 0.8801516 3.494743
-0.07765877 0.9435235 3.532636
-0.108899 0.6637213 3.536375
-0.1027133 0.2785727 3.580917
-0.1009915 0.2668971 3.479722
0.07064317 0.9454117 3.52766
0.08220424 0.6908139 3.55069
0.0732922 0.3219505 3.58124
0.07212901 0.3097739 3.433883
-0.01178632 1.46056 3.600417
-0.1736329 0.8441659 3.446995
-0.1368764 0.9116008 3.433393
0.1736207 0.8113069 3.501734
0.19283 0.8636203 3.477263
13
-0.00356804 0.9440749 3.569508
-0.008351509 1.241709 3.591282
-0.01293583 1.532255 3.600264
-0.002100117 1.663153 3.602569
-0.1789352 1.410012 3.58521
-0.2112952 1.163587 3.555429
-0.1995652 0.9580333 3.475615
-0.1757895 0.9083076 3.462016
0.1541595 1.401938 3.578004
0.1891065 1.159975 3.585459
0.1834965 0.9506325 3.510925
0.1671956 0.8798468 3.494764
-0.07765277 0.9435186 3.532663
-0.1089267 0.6638463 3.536343
-0.1027122 0.2876959 3.580007
-0.1018333 0.2747172 3.468076
0.07064458 0.9453977 3.527672
0.08222876 0.6908079 3.550679
0.07093538 0.3089442 3.577694
0.06984203 0.2986801 3.432151
-0.01179064 1.460572 3.600448
-0.1725362 0.8422571 3.448523
-0.136933 0.9134382 3.434224
0.1735278 0.8112278 3.501731
0.1927082 0.8638728 3.477132
14
-0.00356804 0.9440749 3.569508
-0.008351509 1.241709 3.591282
-0.01293583 1.532255 3.600264
-0.002100117 1.663153 3.602569
-0.1789352 1.410012 3.58521
-0.2112952 1.163587 3.555429
-0.1995652 0.9580333 3.475615
-0.1757895 0.9083076 3.462016
0.1541595 1.401938 3.578004
0.1891065 1.159975 3.585459
0.1834965 0.9506325 3.510925
0.1671956 0.8798468 3.494764
-0.07765277 0.9435186 3.532663
-0.1089267 0.6638463 3.536343
-0.1027122 0.2876959 3.580007
-0.1018333 0.2747172 3.468076
0.07064458 0.9453977 3.527672
0.08222876 0.6908079 3.550679
0.07093538 0.3089442 3.577694
0.06984203 0.2986801 3.432151
-0.01179064 1.460572 3.600448
-0.1725362 0.8422571 3.448523
-0.136933 0.9134382 3.434224
0.1735278 0.8112278 3.501731
0.1927082 0.8638728 3.477132
15
-0.00356378 0.9440624 3.569533
-0.008352654 1.241707 3.591324
-0.0129435 1.532273 3.600311
-0.0020749 1.663153 3.602604
-0.1789464 1.410031 3.585277
-0.2111414 1.163205 3.555255
-0.1995509 0.9581316 3.475626
-0.175866 0.9086214 3.461998
0.1541768 1.401962 3.578038
0.1891435 1.159942 3.585464
0.1835577 0.9503071 3.510819
0.1671823 0.8797228 3.494861
-0.07764689 0.9435146 3.532686
-0.1087908 0.6637671 3.536489
-0.102742 0.2957543 3.579183
-0.1024545 0.281608 3.457208
0.07064896 0.9453766 3.52769
0.08224769 0.6908059 3.550673
0.07078894 0.3070616 3.577606
0.06969082 0.2969263 3.432731
-0.0117971 1.460586 3.600495
-0.1729033 0.8402452 3.451376
-0.1369064 0.9133765 3.434484
0.1740858 0.8122613 3.501143
0.1927846 0.8638849 3.477144
16
-0.00356378 0.9440624 3.569533
-0.008352654 1.241707 3.591324
-0.0129435 1.532273 3.600311
-0.0020749 1.663153 3.602604
-0.1789464 1.410031 3.585277
-0.2111414 1.163205 3.555255
-0.1995509 0.9581316 3.475626
-0.175866 0.9086214 3.461998
0.1541768 1.401962 3.578038
0.1891435 1.159942 3.585464
0.1835577 0.9503071 3.510819
0.1671823 0.8797228 3.494861
-0.07764689 0.9435146 3.532686
-0.1087908 0.6637671 3.536489
-0.102742 0.2957543 3.579183
-0.1024545 0.281608 3.457208
0.07064896 0.9453766 3.52769
0.08224769 0.6908059 3.550673
0.07078894 0.3070616 3.577606
0.06969082 0.2969263 3.432731
-0.0117971 1.460586 3.600495
-0.1729033 0.8402452 3.451376
-0.1369064 0.9133765 3.434484
0.1740858 0.8122613 3.501143
0.1927846 0.8638849 3.477144
17
-0.003525298 0.9440346 3.569577
-0.008348497 1.241702 3.591373
-0.01295452 1.53229 3.600367
-0.002047068 1.663145 3.602646
-0.1789656 1.410048 3.585349
-0.2113205 1.163327 3.55442
-0.1993006 0.9624559 3.468728
-0.1780122 0.914339 3.45178
0.1541964 1.401976 3.578071
0.1891852 1.159951 3.585469
0.1836178 0.9500343 3.510743
0.1671746 0.8795087 3.494908
-0.07761145 0.9435026 3.532722
-0.1086627 0.6641406 3.536433
-0.1035041 0.326141 3.5774
-0.1043347 0.3097549 3.442309
0.07068822 0.9453377 3.527727
0.08226002 0.6908069 3.550671
0.07092603 0.3064089 3.577867
0.06979809 0.2962283 3.433501
-0.01180468 1.460598 3.600549
-0.1748186 0.8449279 3.438883
-0.1384893 0.9157599 3.432426
0.1746176 0.8132933 3.499629
0.1928837 0.86247 3.476974
18
-0.003525298 0.9440346 3.569577
-0.008348497 1.241702 3.591373
-0.01295452 1.53229 3.600367
-0.002047068 1.663145 3.602646
-0.1789656 1.410048 3.585349
-0.2113205 1.163327 3.55442
-0.1993006 0.9624559 3.468728
-0.1780122 0.914339 3.45178
0.1541964 1.401976 3.578071
0.1891852 1.159951 3.585469
0.1836178 0.9500343 3.510743
0.1671746 0.8795087 3.494908
-0.07761145 0.9435026 3.532722
-0.1086627 0.6641406 3.536433
-0.1035041 0.326141 3.5774
-0.1043347 0.3097549 3.442309
0.07068822 0.9453377 3.527727
0.08226002 0.6908069 3.550671
0.07092603 0.3064089 3.577867
0.06979809 0.2962283 3.433501
-0.01180468 1.460598 3.600549
-0.1748186 0.8449279 3.438883
-0.1384893 0.9157599 3.432426
0.1746176 0.8132933 3.499629
0.1928837 0.86247 3.476974
19
-0.003473223 0.9440067 3.569618
-0.008342793 1.241696 3.591421
-0.01296707 1.532305 3.600425
-0.00201248 1.663138 3.60269
-0.1789872 1.410055 3.585411
-0.2123606 1.165353 3.551884
-0.1936815 0.973763 3.426688
-0.1811228 0.9150629 3.403921
0.1542141 1.401985 3.578099
0.1892404 1.159936 3.585448
0.1836552 0.9498212 3.510671
0.1669676 0.8788334 3.494684
-0.0775655 0.9434865 3.532759
-0.1085298 0.6645922 3.53635
-0.1035814 0.3340922 3.576858
-0.1046884 0.3169487 3.437121
0.07074881 0.9453112 3.527748
0.08227546 0.6908212 3.550659
0.07119921 0.3064267 3.57834
0.07001846 0.2960908 3.434331
-0.01181262 1.46061 3.600603
-0.1808297 0.8548125 3.388869
-0.1425239 0.9103861 3.398715
0.1746184 0.8132468 3.498744
0.1928659 0.8628725 3.476635
20
-0.003473223 0.9440067 3.569618
-0.008342793 1.241696 3.591421
-0.01296707 1.532305 3.600425
-0.00201248 1.663138 3.60269
-0.1789872 1.410055 3.585411
-0.2123606 1.165353 3.551884
-0.1936815 0.973763 3.426688
-0.1811228 0.9150629 3.403921
0.1542141 1.401985 3.578099
0.1892404 1.159936 3.585448
0.1836552 0.9498212 3.510671
0.1669676 0.8788334 3.494684
-0.0775655 0.9434865 3.532759
-0.1085298 0.6645922 3.53635
-0.1035814 0.3340922 3.576858
-0.1046884 0.3169487 3.437121
0.07074881 0.9453112 3.527748
0.08227546 0.6908212 3.550659
0.07119921 0.3064267 3.57834
0.07001846 0.2960908 3.434331
-0.01181262 1.46061 3.600603
-0.1808297 0.8548125 3.388869
-0.1425239 0.9103861 3.398715
0.1746184 0.8132468 3.498744
0.1928659 0.8628725 3.476635
21
-0.003356367 0.9439799 3.569657
-0.008324821 1.241689 3.591476
-0.01297802 1.532316 3.600501
-0.001970473 1.663127 3.60274
-0.1790035 1.410071 3.58549
-0.217152 1.176959 3.544656
-0.189218 1.012227 3.368372
-0.1857834 0.946665 3.327505
0.1542398 1.401981 3.578124
0.1893209 1.159888 3.58539
0.1843894 0.92439 3.502894
0.1658305 0.8753141 3.494471
-0.07746841 0.9434649 3.532794
-0.1083486 0.6641034 3.536421
-0.1036958 0.3373778 3.576705
-0.1050745 0.3197887 3.434208
0.07089558 0.9453006 3.527762
0.08228945 0.6908351 3.550645
0.07155046 0.3067992 3.578856
0.070288 0.2962723 3.435076
-0.01181641 1.460618 3.600671
-0.189712 0.8885002 3.302369
-0.1594367 0.9097517 3.342089
0.1689711 0.8153982 3.498688
0.1887561 0.8513966 3.481591
22
-0.003356367 0.9439799 3.569657
-0.008324821 1.241689 3.591476
-0.01297802 1.532316 3.600501
-0.001970473 1.663127 3.60274
-0.1790035 1.410071 3.58549
-0.217152 1.176959 3.544656
-0.189218 1.012227 3.368372
-0.1857834 0.946665 3.327505
0.1542398 1.401981 3.578124
0.1893209 1.159888 3.58539
0.1843894 0.92439 3.502894
0.1658305 0.8753141 3.494471
-0.07746841 0.9434649 3.532794
-0.1083486 0.6641034 3.536421
-0.1036958 0.3373778 3.576705
-0.1050745 0.3197887 3.434208
0.07089558 0.9453006 3.527762
0.08228945 0.6908351 3.550645
0.07155046 0.3067992 3.578856
0.070288 0.2962723 3.435076
-0.01181641 1.460618 3.600671
-0.189712 0.8885002 3.302369
-0.1594367 0.9097517 3.342089
0.1689711 0.8153982 3.498688
0.1887561 0.8513966 3.481591
23
-0.003229298 0.9439652 3.5697
-0.008297663 1.241686 3.591546
-0.01298382 1.532327 3.600622
-0.001917129 1.663114 3.602806
-0.1789823 1.410104 3.585601
-0.2394216 1.202461 3.537029
-0.1950302 1.080534 3.311725
-0.1863143 1.025475 3.232571
0.1542729 1.401963 3.578145
0.189403 1.159829 3.585331
0.1847744 0.9208025 3.501829
0.1656516 0.8746114 3.494463
-0.07736307 0.943449 3.532832
-0.1081778 0.6640058 3.53657
-0.1038247 0.3384261 3.576989
-0.1053983 0.3204621 3.432453
0.07105544 0.9453123 3.527779
0.0823026 0.6908503 3.550631
0.0719092 0.3073726 3.579393
0.07054521 0.2966356 3.435746
-0.01181366 1.460628 3.600774
-0.1886424 0.9858472 3.200642
-0.1906822 0.9887248 3.209531
0.1683815 0.8133307 3.499652
0.1890619 0.8598709 3.481456
24
-0.003229298 0.9439652 3.5697
-0.008297663 1.241686 3.591546
-0.01298382 1.532327 3.600622
-0.001917129 1.663114 3.602806
-0.1789823 1.410104 3.585601
-0.2394216 1.202461 3.537029
-0.1950302 1.080534 3.311725
-0.1863143 1.025475 3.232571
0.1542729 1.401963 3.578145
0.189403 1.159829 3.585331
0.1847744 0.9208025 3.501829
0.1656516 0.8746114 3.494463
-0.07736307 0.943449 3.532832
-0.1081778 0.6640058 3.53657
-0.1038247 0.3384261 3.576989
-0.1053983 0.3204621 3.432453
0.07105544 0.9453123 3.527779
0.0823026 0.6908503 3.550631
0.0719092 0.3073726 3.579393
0.07054521 0.2966356 3.435746
-0.01181366 1.460628 3.600774
-0.1886424 0.9858472 3.200642
-0.1906822 0.9887248 3.209531
0.1683815 0.8133307 3.499652
0.1890619 0.8598709 3.481456
25
-0.002947363 0.9439339 3.569877
-0.008234581 1.241681 3.591691
-0.01299235 1.532341 3.600785
-0.001850596 1.663099 3.602907
-0.178683 1.410379 3.585878
-0.2589575 1.22372 3.52431
-0.1932258 1.149089 3.28896
-0.175788 1.106548 3.197104
0.1543089 1.401944 3.578158
0.1895425 1.159847 3.585235
0.1872603 0.9315559 3.505377
0.1655177 0.8758375 3.493934
-0.07714912 0.9434271 3.532954
-0.1079869 0.6637343 3.536842
-0.1040188 0.3365091 3.577441
-0.1057857 0.3183607 3.43134
0.07140849 0.9453042 3.527976
0.08233228 0.6908855 3.550595
0.07222926 0.3078849 3.579871
0.07075418 0.2969487 3.436291
-0.01180749 1.460641 3.600924
-0.1767291 1.076538 3.16237
-0.1946239 1.053406 3.165186
0.1677092 0.8143268 3.497923
0.1897527 0.86979 3.477578
26
-0.002947363 0.9439339 3.569877
-0.008234581 1.241681 3.591691
-0.01299235 1.532341 3.600785
-0.001850596 1.663099 3.602907
-0.178683 1.410379 3.585878
-0.2589575 1.22372 3.52431
-0.1932258 1.149089 3.28896
-0.175788 1.106548 3.197104
0.1543089 1.401944 3.578158
0.1895425 1.159847 3.585235
0.1872603 0.9315559 3.505377
0.1655177 0.8758375 3.493934
-0.07714912 0.9434271 3.532954
-0.1079869 0.6637343 3.536842
-0.1040188 0.3365091 3.577441
-0.1057857 0.3183607 3.43134
0.07140849 0.9453042 3.527976
0.08233228 0.6908855 3.550595
0.07222926 0.3078849 3.579871
0.07075418 0.2969487 3.436291
-0.01180749 1.460641 3.600924
-0.1767291 1.076538 3.16237
-0.1946239 1.053406 3.165186
0.1677092 0.8143268 3.497923
0.1897527 0.86979 3.477578
27
-0.002649348 0.9439467 3.570061
-0.008161998 1.241679 3.591842
-0.0129937 1.532345 3.600952
-0.001792289 1.663095 3.603059
-0.1707655 1.416729 3.58507
-0.2724011 1.23761 3.485975
-0.1915978 1.29559 3.265104
-0.1711574 1.319253 3.215196
0.1543464 1.401922 3.578164
0.1897233 1.159785 3.585049
0.1880956 0.9362968 3.506634
0.165523 0.8758703 3.49379
-0.07690809 0.9434508 3.533067
-0.1078845 0.6636488 3.537004
-0.1040994 0.3341703 3.577815
-0.1054294 0.3159378 3.430745
0.07176842 0.9453424 3.528201
0.08236339 0.6909113 3.550558
0.07323511 0.3117909 3.580366
0.07209028 0.3005277 3.436759
-0.01179479 1.460649 3.60108
-0.157873 1.325293 3.196112
-0.1869655 1.31226 3.19043
0.1674248 0.8142661 3.497412
0.1898894 0.8706123 3.476363
28
-0.002649348 0.9439467 3.570061
-0.008161998 1.241679 3.591842
-0.0129937 1.532345 3.600952
-0.001792289 1.663095 3.603059
-0.1707655 1.416729 3.58507
-0.2724011 1.23761 3.485975
-0.1915978 1.29559 3.265104
-0.1711574 1.319253 3.215196
0.1543464 1.401922 3.578164
0.1897233 1.159785 3.585049
0.1880956 0.9362968 3.506634
0.165523 0.8758703 3.49379
-0.07690809 0.9434508 3.533067
-0.1078845 0.6636488 3.537004
-0.1040994 0.3341703 3.577815
-0.1054294 0.3159378 3.430745
0.07176842 0.9453424 3.528201
0.08236339 0.6909113 3.550558
0.07323511 0.3117909 3.580366
0.07209028 0.3005277 3.436759
-0.01179479 1.460649 3.60108
-0.157873 1.325293 3.196112
-0.1869655 1.31226 3.19043
0.1674248 0.8142661 3.497412
0.1898894 0.8706123 3.476363
29
-0.002369757 0.9439495 3.570259
-0.00808367 1.241665 3.592015
-0.01299171 1.532332 3.601136
-0.001737545 1.663062 3.603225
-0.1483554 1.3932 3.567734
-0.2860756 1.267557 3.431977
-0.1898048 1.440655 3.267462
-0.1729515 1.486481 3.218156
0.1543835 1.4019 3.578167
0.1899609 1.159936 3.584853
0.1887262 0.939828 3.507639
0.16558 0.8759465 3.493773
-0.07668754 0.9434437 3.533191
-0.107763 0.6637972 3.537341
-0.1036953 0.2886992 3.583874
-0.1027517 0.2759652 3.481143
0.07210517 0.9453847 3.52845
0.08239927 0.6909395 3.550516
0.07415108 0.3154611 3.580683
0.07476956 0.3039138 3.43713
-0.01177825 1.46064 3.601254
-0.16383 1.523412 3.186117
-0.2068836 1.488952 3.178448
0.1687009 0.8136983 3.497475
0.1900315 0.8719777 3.475966
30
-0.002369757 0.9439495 3.570259
-0.00808367 1.241665 3.592015
-0.01299171 1.532332 3.601136
-0.001737545 1.663062 3.603225
-0.1483554 1.3932 3.567734
-0.2860756 1.267557 3.431977
-0.1898048 1.440655 3.267462
-0.1729515 1.486481 3.218156
0.1543835 1.4019 3.578167
0.1899609 1.159936 3.584853
0.1887262 0.939828 3.507639
0.16558 0.8759465 3.493773
-0.07668754 0.9434437 3.533191
-0.107763 0.6637972 3.537341
-0.1036953 0.2886992 3.583874
-0.1027517 0.2759652 3.481143
0.07210517 0.9453847 3.52845
0.08239927 0.6909395 3.550516
0.07415108 0.3154611 3.580683
0.07476956 0.3039138 3.43713
-0.01177825 1.46064 3.601254
-0.16383 1.523412 3.186117
-0.2068836 1.488952 3.178448
0.1687009 0.8136983 3.497475
0.1900315 0.8719777 3.475966
31
-0.002111912 0.9439312 3.570435
-0.007996744 1.241632 3.592178
-0.01297524 1.532297 3.601305
-0.001718159 1.662975 3.603437
-0.141366 1.386912 3.56111
-0.2928242 1.315094 3.383611
-0.1910804 1.573637 3.2962
-0.1823917 1.628689 3.283722
0.1542301 1.402053 3.57807
0.1901803 1.160057 3.584587
0.1891893 0.9422569 3.508238
0.1658401 0.8766361 3.493731
-0.07652704 0.9434269 3.533266
-0.1076092 0.6645394 3.537779
-0.1036258 0.2626273 3.587375
-0.1030559 0.2531827 3.510793
0.07248131 0.9453631 3.528726
0.08243367 0.6909742 3.550484
0.07486027 0.3176958 3.581
0.07680882 0.305925 3.437501
-0.01174871 1.460611 3.601417
-0.1872995 1.6901 3.257768
-0.2200978 1.644445 3.245895
0.170111 0.814485 3.497296
0.190655 0.8717874 3.475936
32
-0.002111912 0.9439312 3.570435
-0.007996744 1.241632 3.592178
-0.01297524 1.532297 3.601305
-0.001718159 1.662975 3.603437
-0.141366 1.386912 3.56111
-0.2928242 1.315094 3.383611
-0.1910804 1.573637 3.2962
-0.1823917 1.628689 3.283722
0.1542301 1.402053 3.57807
0.1901803 1.160057 3.584587
0.1891893 0.9422569 3.508238
0.1658401 0.8766361 3.493731
-0.07652704 0.9434269 3.533266
-0.1076092 0.6645394 3.537779
-0.1036258 0.2626273 3.587375
-0.1030559 0.2531827 3.510793
0.07248131 0.9453631 3.528726
0.08243367 0.6909742 3.550484
0.07486027 0.3176958 3.581
0.07680882 0.305925 3.437501
-0.01174871 1.460611 3.601417
-0.1872995 1.6901 3.257768
-0.2200978 1.644445 3.245895
0.170111 0.814485 3.497296
0.190655 0.8717874 3.475936
33
-0.001899292 0.9439289 3.570621
-0.007918995 1.241601 3.592362
-0.01296634 1.532253 3.601498
-0.001725095 1.662873 3.60367
-0.1381993 1.386215 3.557246
-0.2880254 1.383329 3.34739
-0.1963871 1.63296 3.355257
-0.1935103 1.685871 3.365016
0.1540416 1.402233 3.577963
0.1903453 1.160143 3.584368
0.1887309 0.9471258 3.50828
0.1665198 0.8822837 3.494299
-0.07641977 0.9434385 3.53332
-0.1074144 0.6653474 3.538232
-0.1034693 0.2508227 3.588972
-0.1026249 0.2427041 3.522581
0.07282776 0.9453249 3.529152
0.08253689 0.6911079 3.550413
0.07517508 0.3185539 3.581146
0.07817225 0.3066573 3.437648
-0.01172628 1.460574 3.601605
-0.200671 1.75208 3.36543
-0.2262795 1.698247 3.338226
0.1712399 0.8227681 3.493335
0.1942434 0.8582889 3.478465
34
-0.001899292 0.9439289 3.570621
-0.007918995 1.241601 3.592362
-0.01296634 1.532253 3.601498
-0.001725095 1.662873 3.60367
-0.1381993 1.386215 3.557246
-0.2880254 1.383329 3.34739
-0.1963871 1.63296 3.355257
-0.1935103 1.685871 3.365016
0.1540416 1.402233 3.577963
0.1903453 1.160143 3.584368
0.1887309 0.9471258 3.50828
0.1665198 0.8822837 3.494299
-0.07641977 0.9434385 3.53332
-0.1074144 0.6653474 3.538232
-0.1034693 0.2508227 3.588972
-0.1026249 0.2427041 3.522581
0.07282776 0.9453249 3.529152
0.08253689 0.6911079 3.550413
0.07517508 0.3185539 3.581146
0.07817225 0.3066573 3.437648
-0.01172628 1.460574 3.601605
-0.200671 1.75208 3.36543
-0.2262795 1.698247 3.338226
0.1712399 0.8227681 3.493335
0.1942434 0.8582889 3.478465
35
-0.001710339 0.9439739 3.570893
-0.007840595 1.241613 3.592616
-0.01295569 1.532251 3.60173
-0.001765919 1.662747 3.603976
-0.1380852 1.393417 3.554678
-0.2762825 1.448668 3.332303
-0.1885643 1.669945 3.381158
-0.1990453 1.72124 3.431526
0.1538283 1.402828 3.578023
0.1904356 1.160182 3.584208
0.1887549 0.9493037 3.50869
0.1667494 0.8833621 3.49448
-0.07633703 0.9435341 3.533391
-0.107301 0.6655368 3.538558
-0.1032146 0.2442693 3.590003
-0.1024408 0.2368976 3.529577
0.07319483 0.9452653 3.52999
0.08291948 0.6917491 3.550274
0.07544877 0.3189665 3.581268
0.07953086 0.3069511 3.437737
-0.01170248 1.460579 3.601842
-0.1837435 1.771106 3.460495
-0.237848 1.742507 3.412699
0.1721092 0.8227424 3.493491
0.1949066 0.8576109 3.478689
36
-0.001710339 0.9439739 3.570893
-0.007840595 1.241613 3.592616
-0.01295569 1.532251 3.60173
-0.001765919 1.662747 3.603976
-0.1380852 1.393417 3.554678
-0.2762825 1.448668 3.332303
-0.1885643 1.669945 3.381158
-0.1990453 1.72124 3.431526
0.1538283 1.402828 3.578023
0.1904356 1.160182 3.584208
0.1887549 0.9493037 3.50869
0.1667494 0.8833621 3.49448
-0.07633703 0.9435341 3.533391
-0.107301 0.6655368 3.538558
-0.1032146 0.2442693 3.590003
-0.1024408 0.2368976 3.529577
0.07319483 0.9452653 3.52999
0.08291948 0.6917491 3.550274
0.07544877 0.3189665 3.581268
0.07953086 0.3069511 3.437737
-0.01170248 1.460579 3.601842
-0.1837435 1.771106 3.460495
-0.237848 1.742507 3.412699
0.1721092 0.8227424 3.493491
0.1949066 0.8576109 3.478689
37
-0.001567613 0.9440181 3.571156
-0.007766696 1.24163 3.592857
-0.01291243 1.532258 3.601907
-0.001811195 1.662627 3.604265
-0.1390911 1.40036 3.553528
-0.2658103 1.475312 3.334975
-0.1873337 1.678974 3.404773
-0.2041492 1.719092 3.466984
0.1535545 1.403351 3.578068
0.1904944 1.160177 3.58404
0.1887889 0.9506062 3.508932
0.1670549 0.8841248 3.494583
-0.07629915 0.9436592 3.533443
-0.1071829 0.6657958 3.538869
-0.1029913 0.2404935 3.590476
-0.1022878 0.2335579 3.533261
0.07348948 0.9451563 3.530867
0.08331423 0.6923125 3.55016
0.07565878 0.319144 3.581354
0.08060827 0.3070401 3.437772
-0.01165749 1.460589 3.602038
-0.2329748 1.756325 3.500383
-0.2327331 1.71839 3.444893
0.1723053 0.8216588 3.494041
0.1953766 0.8564582 3.478865
38
-0.001567613 0.9440181 3.571156
-0.007766696 1.24163 3.592857
-0.01291243 1.532258 3.601907
-0.001811195 1.662627 3.604265
-0.1390911 1.40036 3.553528
-0.2658103 1.475312 3.334975
-0.1873337 1.678974 3.404773
-0.2041492 1.719092 3.466984
0.1535545 1.403351 3.578068
0.1904944 1.160177 3.58404
0.1887889 0.9506062 3.508932
0.1670549 0.8841248 3.494583
-0.07629915 0.9436592 3.533443
-0.1071829 0.6657958 3.538869
-0.1029913 0.2404935 3.590476
-0.1022878 0.2335579 3.533261
0.07348948 0.9451563 3.530867
0.08331423 0.6923125 3.55016
0.07565878 0.319144 3.581354
0.08060827 0.3070401 3.437772
-0.01165749 1.460589 3.602038
-0.2329748 1.756325 3.500383
-0.2327331 1.71839 3.444893
0.1723053 0.8216588 3.494041
0.1953766 0.8564582 3.478865
39
-0.0014397 0.9440852 3.571447
-0.007679326 1.241663 3.593108
-0.01283841 1.532278 3.602081
-0.001882325 1.66256 3.604702
-0.1404082 1.406022 3.553274
-0.260988 1.483619 3.340398
-0.1840751 1.703955 3.468967
-0.1988832 1.705502 3.487743
0.1524384 1.404486 3.57799
0.1905325 1.160123 3.583925
0.1888322 0.9514524 3.509138
0.1673036 0.884149 3.495236
-0.07628538 0.9438329 3.533484
-0.1070316 0.6664061 3.539144
-0.1033167 0.2875904 3.584777
-0.0960928 0.2738347 3.47
0.07381647 0.9450616 3.531968
0.0837012 0.6928611 3.550164
0.07494133 0.3156944 3.581828
0.08099104 0.3034929 3.438164
-0.01158581 1.460614 3.602234
-0.2274849 1.742151 3.543861
-0.233561 1.715432 3.482696
0.1728181 0.8199907 3.495027
0.1957165 0.8556061 3.479005
40
-0.0014397 0.9440852 3.571447
-0.007679326 1.241663 3.593108
-0.01283841 1.532278 3.602081
-0.001882325 1.66256 3.604702
-0.1404082 1.406022 3.553274
-0.260988 1.483619 3.340398
-0.1840751 1.703955 3.468967
-0.1988832 1.705502 3.487743
0.1524384 1.404486 3.57799
0.1905325 1.160123 3.583925
0.1888322 0.9514524 3.509138
0.1673036 0.884149 3.495236
-0.07628538 0.9438329 3.533484
-0.1070316 0.6664061 3.539144
-0.1033167 0.2875904 3.584777
-0.0960928 0.2738347 3.47
0.07381647 0.9450616 3.531968
0.0837012 0.6928611 3.550164
0.07494133 0.3156944 3.581828
0.08099104 0.3034929 3.438164
-0.01158581 1.460614 3.602234
-0.2274849 1.742151 3.543861
-0.233561 1.715432 3.482696
0.1728181 0.8199907 3.495027
0.1957165 0.8556061 3.479005
41
-0.001286849 0.944263 3.57175
-0.007561353 1.241738 3.593358
-0.01273903 1.532308 3.602248
-0.001946638 1.662515 3.605119
-0.1416487 1.410264 3.553379
-0.2560128 1.492802 3.343033
-0.1874167 1.674161 3.449672
-0.1889238 1.696107 3.497831
0.1515624 1.405663 3.578079
0.1905282 1.160094 3.583856
0.1883566 0.9525919 3.509381
0.1673976 0.8845754 3.495551
-0.07627603 0.9440534 3.533504
-0.1069137 0.6674457 3.539349
-0.1033199 0.3063234 3.582354
-0.09282701 0.2896754 3.441682
0.07425027 0.9453642 3.533045
0.08412778 0.6936724 3.550143
0.07428703 0.3122113 3.582371
0.08128639 0.2998873 3.438638
-0.01148798 1.460654 3.602426
-0.229781 1.730809 3.568305
-0.2140257 1.688996 3.471574
0.1745014 0.8183157 3.496539
0.1948795 0.8710806 3.475289
42
-0.001286849 0.944263 3.57175
-0.007561353 1.241738 3.593358
-0.01273903 1.532308 3.602248
-0.001946638 1.662515 3.605119
-0.1416487 1.410264 3.553379
-0.2560128 1.492802 3.343033
-0.1874167 1.674161 3.449672
-0.1889238 1.696107 3.497831
0.1515624 1.405663 3.578079
0.1905282 1.160094 3.583856
0.1883566 0.9525919 3.509381
0.1673976 0.8845754 3.495551
-0.07627603 0.9440534 3.533504
-0.1069137 0.6674457 3.539349
-0.1033199 0.3063234 3.582354
-0.09282701 0.2896754 3.441682
0.07425027 0.9453642 3.533045
0.08412778 0.6936724 3.550143
0.07428703 0.3122113 3.582371
0.08128639 0.2998873 3.438638
-0.01148798 1.460654 3.602426
-0.229781 1.730809 3.568305
-0.2140257 1.688996 3.471574
0.1745014 0.8183157 3.496539
0.1948795 0.8710806 3.475289
43
-0.00111778 0.9445451 3.572012
-0.007418749 1.241862 3.593607
-0.01260737 1.532364 3.602443
-0.002005281 1.662485 3.605512
-0.1427504 1.413521 3.553668
-0.2527619 1.492679 3.348804
-0.1827012 1.68488 3.484496
-0.1919637 1.708521 3.536405
0.15091 1.406861 3.578334
0.1905054 1.160074 3.583854
0.1880898 0.9534968 3.509797
0.1681734 0.8873214 3.497427
-0.07627778 0.9444479 3.533338
-0.1067916 0.6684485 3.539489
-0.1032269 0.315567 3.581085
-0.09118569 0.2976213 3.427811
0.07473922 0.9458869 3.534082
0.08453603 0.6943746 3.550183
0.0741229 0.3112679 3.582539
0.08162348 0.2989227 3.438782
-0.01136123 1.460722 3.602637
-0.1621225 1.703063 3.597184
-0.2188542 1.70869 3.539405
0.175107 0.8182365 3.497234
0.1951994 0.8749161 3.476923
44
-0.00111778 0.9445451 3.572012
-0.007418749 1.241862 3.593607
-0.01260737 1.532364 3.602443
-0.002005281 1.662485 3.605512
-0.1427504 1.413521 3.553668
-0.2527619 1.492679 3.348804
-0.1827012 1.68488 3.484496
-0.1919637 1.708521 3.536405
0.15091 1.406861 3.578334
0.1905054 1.160074 3.583854
0.1880898 0.9534968 3.509797
0.1681734 0.8873214 3.497427
-0.07627778 0.9444479 3.533338
-0.1067916 0.6684485 3.539489
-0.1032269 0.315567 3.581085
-0.09118569 0.2976213 3.427811
0.07473922 0.9458869 3.534082
0.08453603 0.6943746 3.550183
0.0741229 0.3112679 3.582539
0.08162348 0.2989227 3.438782
-0.01136123 1.460722 3.602637
-0.1621225 1.703063 3.597184
-0.2188542 1.70869 3.539405
0.175107 0.8182365 3.497234
0.1951994 0.8749161 3.476923
45
-0.0008997826 0.944926 3.572257
-0.007245149 1.242044 3.593865
-0.0124607 1.532451 3.602659
-0.00205299 1.662505 3.606017
-0.1436607 1.415929 3.554026
-0.2520379 1.479376 3.35666
-0.1811537 1.679157 3.493104
-0.1912437 1.706405 3.545995
0.1504661 1.408119 3.578815
0.1904264 1.160027 3.584003
0.1877692 0.9542279 3.51032
0.1683662 0.8887662 3.498215
-0.07625295 0.9448834 3.533087
-0.1066885 0.66934 3.539582
-0.1031895 0.3209984 3.580325
-0.09024145 0.302372 3.419964
0.07536144 0.9466907 3.535133
0.08486413 0.694911 3.550241
0.07401969 0.3105483 3.582696
0.0819372 0.2981855 3.438933
-0.01121617 1.460827 3.602868
-0.1084169 1.672078 3.611663
-0.1769806 1.694654 3.533887
0.1755319 0.8192822 3.497287
0.1946018 0.8798601 3.478081
46
-0.0008997826 0.944926 3.572257
-0.007245149 1.242044 3.593865
-0.0124607 1.532451 3.602659
-0.00205299 1.662505 3.606017
-0.1436607 1.415929 3.554026
-0.2520379 1.479376 3.35666
-0.1811537 1.679157 3.493104
-0.1912437 1.706405 3.545995
0.1504661 1.408119 3.578815
0.1904264 1.160027 3.584003
0.1877692 0.9542279 3.51032
0.1683662 0.8887662 3.498215
-0.07625295 0.9448834 3.533087
-0.1066885 0.66934 3.539582
-0.1031895 0.3209984 3.580325
-0.09024145 0.302372 3.419964
0.07536144 0.9466907 3.535133
0.08486413 0.694911 3.550241
0.07401969 0.3105483 3.582696
0.0819372 0.2981855 3.438933
-0.01121617 1.460827 3.602868
-0.1084169 1.672078 3.611663
-0.1769806 1.694654 3.533887
0.1755319 0.8192822 3.497287
0.1946018 0.8798601 3.478081
47
-0.0006522401 0.9454201 3.572432
-0.007053939 1.242244 3.594089
-0.01229562 1.532532 3.602862
-0.002063562 1.662522 3.60651
-0.1442974 1.417906 3.554342
-0.2507167 1.466902 3.360135
-0.1785612 1.64518 3.457556
-0.1886134 1.690864 3.511823
0.1501279 1.409064 3.57921
0.1903793 1.160311 3.58443
0.1877133 0.9551015 3.511348
0.1685965 0.8889847 3.498927
-0.07620636 0.9453481 3.532764
-0.1065832 0.6701732 3.539609
-0.1031399 0.3246346 3.579813
-0.08956099 0.3055895 3.414964
0.07596037 0.9476985 3.535932
0.08514421 0.6953649 3.550299
0.07398491 0.3121383 3.582572
0.08250004 0.2997815 3.438783
-0.01105506 1.46093 3.60308
-0.175872 1.719686 3.523555
-0.2126359 1.695907 3.473115
0.1755973 0.8181911 3.49755
0.1943907 0.8810602 3.478412
48
-0.0006522401 0.9454201 3.572432
-0.007053939 1.242244 3.594089
-0.01229562 1.532532 3.602862
-0.002063562 1.662522 3.60651
-0.1442974 1.417906 3.554342
-0.2507167 1.466902 3.360135
-0.1785612 1.64518 3.457556
-0.1886134 1.690864 3.511823
0.1501279 1.409064 3.57921
0.1903793 1.160311 3.58443
0.1877133 0.9551015 3.511348
0.1685965 0.8889847 3.498927
-0.07620636 0.9453481 3.532764
-0.1065832 0.6701732 3.539609
-0.1031399 0.3246346 3.579813
-0.08956099 0.3055895 3.414964
0.07596037 0.9476985 3.535932
0.08514421 0.6953649 3.550299
0.07398491 0.3121383 3.582572
0.08250004 0.2997815 3.438783
-0.01105506 1.46093 3.60308
-0.175872 1.719686 3.523555
-0.2126359 1.695907 3.473115
0.1755973 0.8181911 3.49755
0.1943907 0.8810602 3.478412
49
-0.0004174659 0.9459392 3.572554
-0.006862213 1.242438 3.594293
-0.01205212 1.532563 3.603138
-0.001997383 1.66249 3.607005
-0.1447114 1.419312 3.554586
-0.2563812 1.408108 3.367726
-0.1866368 1.601258 3.421216
-0.1864569 1.660722 3.45195
0.1499004 1.409597 3.579533
0.1903271 1.160489 3.584983
0.1874022 0.9231951 3.508465
0.1683078 0.8827578 3.499941
-0.0761535 0.9458178 3.532372
-0.1064716 0.6711725 3.539614
-0.1029763 0.3270136 3.579395
-0.08894537 0.3079557 3.413281
0.0764654 0.9486756 3.536564
0.08536119 0.6957348 3.550361
0.07366675 0.3171291 3.582908
0.0829512 0.3044764 3.43906
-0.010846 1.461006 3.603327
-0.1808512 1.709447 3.47034
-0.2139474 1.657363 3.424194
0.1754306 0.8183064 3.497871
0.1931712 0.8708873 3.479171
50
-0.0004174659 0.9459392 3.572554
-0.006862213 1.242438 3.594293
-0.01205212 1.532563 3.603138
-0.001997383 1.66249 3.607005
-0.1447114 1.419312 3.554586
-0.2563812 1.408108 3.367726
-0.1866368 1.601258 3.421216
-0.1864569 1.660722 3.45195
0.1499004 1.409597 3.579533
0.1903271 1.160489 3.584983
0.1874022 0.9231951 3.508465
0.1683078 0.8827578 3.499941
-0.0761535 0.9458178 3.532372
-0.1064716 0.6711725 3.539614
-0.1029763 0.3270136 3.579395
-0.08894537 0.3079557 3.413281
0.0764654 0.9486756 3.536564
0.08536119 0.6957348 3.550361
0.07366675 0.3171291 3.582908
0.0829512 0.3044764 3.43906
-0.010846 1.461006 3.603327
-0.1808512 1.709447 3.47034
-0.2139474 1.657363 3.424194
0.1754306 0.8183064 3.497871
0.1931712 0.8708873 3.479171
51
-0.000253716 0.9464471 3.572626
-0.006686232 1.242619 3.594472
-0.01178406 1.532554 3.60343
-0.001894264 1.662455 3.607463
-0.1450217 1.420328 3.554796
-0.2552348 1.348787 3.375782
-0.1915187 1.557598 3.370395
-0.1869652 1.615077 3.380669
0.1497023 1.410012 3.579837
0.1904627 1.161039 3.585841
0.1861311 0.9322712 3.51463
0.168307 0.8835633 3.500636
-0.07613108 0.9463455 3.531891
-0.106381 0.6719756 3.53961
-0.1028099 0.3277922 3.579164
-0.08863604 0.3090217 3.414553
0.07674894 0.9494647 3.537034
0.0855297 0.6960133 3.550416
0.07358271 0.3197281 3.583176
0.08334348 0.3068918 3.4393
-0.01063059 1.461056 3.60357
-0.1961032 1.690594 3.389533
-0.2212059 1.625961 3.35316
0.1742864 0.8233283 3.496698
0.1949228 0.8594347 3.481256
52
-0.000253716 0.9464471 3.572626
-0.006686232 1.242619 3.594472
-0.01178406 1.532554 3.60343
-0.001894264 1.662455 3.607463
-0.1450217 1.420328 3.554796
-0.2552348 1.348787 3.375782
-0.1915187 1.557598 3.370395
-0.1869652 1.615077 3.380669
0.1497023 1.410012 3.579837
0.1904627 1.161039 3.585841
0.1861311 0.9322712 3.51463
0.168307 0.8835633 3.500636
-0.07613108 0.9463455 3.531891
-0.106381 0.6719756 3.53961
-0.1028099 0.3277922 3.579164
-0.08863604 0.3090217 3.414553
0.07674894 0.9494647 3.537034
0.0855297 0.6960133 3.550416
0.07358271 0.3197281 3.583176
0.08334348 0.3068918 3.4393
-0.01063059 1.461056 3.60357
-0.1961032 1.690594 3.389533
-0.2212059 1.625961 3.35316
0.1742864 0.8233283 3.496698
0.1949228 0.8594347 3.481256
53
-0.0001582421 0.9466946 3.572688
-0.006542532 1.242726 3.59462
-0.01152961 1.532512 3.603702
-0.001729856 1.662399 3.607887
-0.145219 1.420889 3.554882
-0.247196 1.301324 3.38137
-0.1859271 1.508021 3.315358
-0.1814185 1.55786 3.307197
0.1496038 1.410241 3.580214
0.1906677 1.162054 3.586779
0.1855577 0.9322056 3.515186
0.1683409 0.8832317 3.500895
-0.07612853 0.9467606 3.531446
-0.1063201 0.6726923 3.53957
-0.1026407 0.3273546 3.579081
-0.08834607 0.309018 3.417484
0.07691961 0.9497185 3.537428
0.0856636 0.6961216 3.550429
0.0735554 0.3209469 3.583185
0.08368193 0.3080575 3.439302
-0.01042733 1.461069 3.603795
-0.1952366 1.640506 3.287651
-0.217937 1.581831 3.280853
0.1744439 0.8226609 3.496683
0.1946618 0.8604834 3.480732
54
-0.0001582421 0.9466946 3.572688
-0.006542532 1.242726 3.59462
-0.01152961 1.532512 3.603702
-0.001729856 1.662399 3.607887
-0.145219 1.420889 3.554882
-0.247196 1.301324 3.38137
-0.1859271 1.508021 3.315358
-0.1814185 1.55786 3.307197
0.1496038 1.410241 3.580214
0.1906677 1.162054 3.586779
0.1855577 0.9322056 3.515186
0.1683409 0.8832317 3.500895
-0.07612853 0.9467606 3.531446
-0.1063201 0.6726923 3.53957
-0.1026407 0.3273546 3.579081
-0.08834607 0.309018 3.417484
0.07691961 0.9497185 3.537428
0.0856636 0.6961216 3.550429
0.0735554 0.3209469 3.583185
0.08368193 0.3080575 3.439302
-0.01042733 1.461069 3.603795
-0.1952366 1.640506 3.287651
-0.217937 1.581831 3.280853
0.1744439 0.8226609 3.496683
0.1946618 0.8604834 3.480732
55
-7.66075E-05 0.9468412 3.572726
-0.006383433 1.242788 3.594763
-0.01124773 1.532439 3.604002
-0.001355886 1.662289 3.608426
-0.1394831 1.410154 3.553467
-0.2418923 1.28288 3.380144
-0.1810844 1.486187 3.289583
-0.1775186 1.49992 3.220336
0.1498474 1.410055 3.580949
0.1907875 1.16246 3.587482
0.1875348 0.9407727 3.519037
0.1699003 0.8890842 3.502202
-0.07607025 0.9470057 3.531007
-0.1062867 0.67324 3.539524
-0.1021157 0.3236299 3.579224
-0.08688162 0.3059089 3.421569
0.07706986 0.9497958 3.537768
0.08575096 0.6961734 3.550433
0.07354654 0.3218792 3.58318
0.08405356 0.3089481 3.439295
-0.01019345 1.461046 3.604042
-0.1827494 1.548936 3.184015
-0.2107435 1.510575 3.189028
0.1762503 0.8316039 3.494115
0.1953237 0.9058983 3.491592
56
-7.66075E-05 0.9468412 3.572726
-0.006383433 1.242788 3.594763
-0.01124773 1.532439 3.604002
-0.001355886 1.662289 3.608426
-0.1394831 1.410154 3.553467
-0.2418923 1.28288 3.380144
-0.1810844 1.486187 3.289583
-0.1775186 1.49992 3.220336
0.1498474 1.410055 3.580949
0.1907875 1.16246 3.587482
0.1875348 0.9407727 3.519037
0.1699003 0.8890842 3.502202
-0.07607025 0.9470057 3.531007
-0.1062867 0.67324 3.539524
-0.1021157 0.3236299 3.579224
-0.08688162 0.3059089 3.421569
0.07706986 0.9497958 3.537768
0.08575096 0.6961734 3.550433
0.07354654 0.3218792 3.58318
0.08405356 0.3089481 3.439295
-0.01019345 1.461046 3.604042
-0.1827494 1.548936 3.184015
-0.2107435 1.510575 3.189028
0.1762503 0.8316039 3.494115
0.1953237 0.9058983 3.491592
57
-4.564274E-06 0.9469334 3.572753
-0.006177722 1.242797 3.594935
-0.01076575 1.532276 3.604499
-0.0009585018 1.662181 3.608986
-0.1349718 1.405192 3.553465
-0.2289041 1.221749 3.422691
-0.1717795 1.373451 3.243498
-0.1755018 1.379722 3.180491
0.1503929 1.409574 3.581957
0.1909311 1.16258 3.588171
0.1885388 0.9456068 3.521079
0.1708769 0.8942059 3.502791
-0.07597629 0.9471235 3.530594
-0.1055011 0.6654016 3.539914
-0.1018401 0.3198896 3.579496
-0.08637473 0.3024247 3.425613
0.07717244 0.9497432 3.538063
0.08581058 0.6961126 3.550447
0.0739694 0.3239184 3.583123
0.08497772 0.3109383 3.439266
-0.009802426 1.460942 3.604437
-0.1910845 1.409458 3.11814
-0.2038686 1.376101 3.145321
0.1774916 0.8376737 3.491945
0.1974802 0.8898085 3.492655
58
-4.564274E-06 0.9469334 3.572753
-0.006177722 1.242797 3.594935
-0.01076575 1.532276 3.604499
-0.0009585018 1.662181 3.608986
-0.1349718 1.405192 3.553465
-0.2289041 1.221749 3.422691
-0.1717795 1.373451 3.243498
-0.1755018 1.379722 3.180491
0.1503929 1.409574 3.581957
0.1909311 1.16258 3.588171
0.1885388 0.9456068 3.521079
0.1708769 0.8942059 3.502791
-0.07597629 0.9471235 3.530594
-0.1055011 0.6654016 3.539914
-0.1018401 0.3198896 3.579496
-0.08637473 0.3024247 3.425613
0.07717244 0.9497432 3.538063
0.08581058 0.6961126 3.550447
0.0739694 0.3239184 3.583123
0.08497772 0.3109383 3.439266
-0.009802426 1.460942 3.604437
-0.1910845 1.409458 3.11814
-0.2038686 1.376101 3.145321
0.1774916 0.8376737 3.491945
0.1974802 0.8898085 3.492655
59
7.695053E-05 0.9470034 3.572769
-0.005965796 1.242803 3.595121
-0.01033193 1.532136 3.605102
-0.0004791658 1.662082 3.609544
-0.1368636 1.406145 3.559755
-0.2221641 1.182976 3.514357
-0.1819756 1.256837 3.277154
-0.1790369 1.237051 3.177032
0.1513259 1.408673 3.583234
0.1909692 1.162468 3.58887
0.1884585 0.9481091 3.521394
0.1711555 0.8952266 3.503002
-0.07582274 0.9472309 3.530212
-0.1053458 0.6626626 3.540033
-0.101586 0.3171397 3.579727
-0.08722355 0.299946 3.4287
0.07725968 0.9496854 3.538289
0.08571911 0.6956053 3.550481
0.0656086 0.2655894 3.587304
0.0818663 0.2562643 3.487285
-0.009430432 1.460851 3.604906
-0.1926637 1.235994 3.143789
-0.1989994 1.225378 3.152853
0.1770602 0.835669 3.493648
0.196599 0.8837343 3.4917
60
7.695053E-05 0.9470034 3.572769
-0.005965796 1.242803 3.595121
-0.01033193 1.532136 3.605102
-0.0004791658 1.662082 3.609544
-0.1368636 1.406145 3.559755
-0.2221641 1.182976 3.514357
-0.1819756 1.256837 3.277154
-0.1790369 1.237051 3.177032
0.1513259 1.408673 3.583234
0.1909692 1.162468 3.58887
0.1884585 0.9481091 3.521394
0.1711555 0.8952266 3.503002
-0.07582274 0.9472309 3.530212
-0.1053458 0.6626626 3.540033
-0.101586 0.3171397 3.579727
-0.08722355 0.299946 3.4287
0.07725968 0.9496854 3.538289
0.08571911 0.6956053 3.550481
0.0656086 0.2655894 3.587304
0.0818663 0.2562643 3.487285
-0.009430432 1.460851 3.604906
-0.1926637 1.235994 3.143789
-0.1989994 1.225378 3.152853
0.1770602 0.835669 3.493648
0.196599 0.8837343 3.4917
61
0.0001578282 0.9470554 3.572778
-0.005726516 1.2428 3.595314
-0.009833249 1.531976 3.605734
-7.414565E-06 1.661988 3.61004
-0.1414274 1.407353 3.567106
-0.2150276 1.175846 3.559391
-0.1793995 1.213378 3.269314
-0.1730537 1.175133 3.196942
0.152765 1.407982 3.584726
0.190983 1.16229 3.589522
0.1858494 0.9524711 3.519428
0.1711476 0.8964804 3.502914
-0.07564783 0.9473131 3.529891
-0.1052496 0.6616008 3.540102
-0.1013859 0.3149244 3.579965
-0.08834515 0.2979724 3.431278
0.07732217 0.9496437 3.538444
0.08555765 0.6953196 3.550542
0.06148726 0.2315394 3.589149
0.0781633 0.2245984 3.516164
-0.008997723 1.460741 3.605406
-0.1859056 1.173804 3.161637
-0.1892342 1.161207 3.175352
0.1769747 0.8361461 3.493451
0.1963801 0.8834387 3.491714
62
0.0001578282 0.9470554 3.572778
-0.005726516 1.2428 3.595314
-0.009833249 1.531976 3.605734
-7.414565E-06 1.661988 3.61004
-0.1414274 1.407353 3.567106
-0.2150276 1.175846 3.559391
-0.1793995 1.213378 3.269314
-0.1730537 1.175133 3.196942
0.152765 1.407982 3.584726
0.190983 1.16229 3.589522
0.1858494 0.9524711 3.519428
0.1711476 0.8964804 3.502914
-0.07564783 0.9473131 3.529891
-0.1052496 0.6616008 3.540102
-0.1013859 0.3149244 3.579965
-0.08834515 0.2979724 3.431278
0.07732217 0.9496437 3.538444
0.08555765 0.6953196 3.550542
0.06148726 0.2315394 3.589149
0.0781633 0.2245984 3.516164
-0.008997723 1.460741 3.605406
-0.1859056 1.173804 3.161637
-0.1892342 1.161207 3.175352
0.1769747 0.8361461 3.493451
0.1963801 0.8834387 3.491714
63
0.0003008722 0.9470948 3.572762
-0.005441789 1.242797 3.595504
-0.009360808 1.531839 3.606306
0.0004544659 1.66191 3.610475
-0.146125 1.408257 3.572805
-0.210504 1.176172 3.568057
-0.1857874 1.069281 3.308835
-0.1826899 1.001839 3.217715
0.1540071 1.40737 3.585933
0.1909818 1.162086 3.590151
0.1853223 0.9542975 3.519093
0.1712164 0.8970283 3.502942
-0.07537517 0.9473599 3.52961
-0.1051747 0.6608323 3.540151
-0.1012473 0.3136269 3.580097
-0.0892542 0.2968411 3.433018
0.07740488 0.9496163 3.538513
0.08537585 0.6950319 3.550604
0.0673316 0.2913876 3.58449
0.08011742 0.2808443 3.465712
-0.00856701 1.460645 3.60587
-0.1934024 0.9604707 3.17507
-0.1999132 0.9816649 3.192197
0.1763405 0.8334712 3.49343
0.1959275 0.8815546 3.490918
64
0.0003008722 0.9470948 3.572762
-0.005441789 1.242797 3.595504
-0.009360808 1.531839 3.606306
0.0004544659 1.66191 3.610475
-0.146125 1.408257 3.572805
-0.210504 1.176172 3.568057
-0.1857874 1.069281 3.308835
-0.1826899 1.001839 3.217715
0.1540071 1.40737 3.585933
0.1909818 1.162086 3.590151
0.1853223 0.9542975 3.519093
0.1712164 0.8970283 3.502942
-0.07537517 0.9473599 3.52961
-0.1051747 0.6608323 3.540151
-0.1012473 0.3136269 3.580097
-0.0892542 0.2968411 3.433018
0.07740488 0.9496163 3.538513
0.08537585 0.6950319 3.550604
0.0673316 0.2913876 3.58449
0.08011742 0.2808443 3.465712
-0.00856701 1.460645 3.60587
-0.1934024 0.9604707 3.17507
-0.1999132 0.9816649 3.192197
0.1763405 0.8334712 3.49343
0.1959275 0.8815546 3.490918
65
0.0005368373 0.9470725 3.572726
-0.0051392 1.242762 3.595678
-0.008955985 1.531707 3.606789
0.0009001436 1.661825 3.610827
-0.1501462 1.408201 3.576592
-0.2064735 1.167196 3.571831
-0.1907758 0.9620419 3.365716
-0.1870737 0.8953506 3.298863
0.1550943 1.406819 3.586891
0.1909809 1.161874 3.590697
0.1849898 0.9554083 3.518834
0.1714166 0.896499 3.503075
-0.07497387 0.9472551 3.529405
-0.1051177 0.6599625 3.54038
-0.1011535 0.31268 3.580177
-0.09006319 0.2960839 3.434247
0.07755591 0.9495277 3.538479
0.08525286 0.6947936 3.550656
0.06805033 0.2933793 3.583961
0.07783691 0.2822824 3.455267
-0.008182026 1.460542 3.606272
-0.1952013 0.8406357 3.276114
-0.2078117 0.8938543 3.270213
0.1766123 0.8303255 3.495248
0.1954448 0.8807169 3.488834
66
0.0005368373 0.9470725 3.572726
-0.0051392 1.242762 3.595678
-0.008955985 1.531707 3.606789
0.0009001436 1.661825 3.610827
-0.1501462 1.408201 3.576592
-0.2064735 1.167196 3.571831
-0.1907758 0.9620419 3.365716
-0.1870737 0.8953506 3.298863
0.1550943 1.406819 3.586891
0.1909809 1.161874 3.590697
0.1849898 0.9554083 3.518834
0.1714166 0.896499 3.503075
-0.07497387 0.9472551 3.529405
-0.1051177 0.6599625 3.54038
-0.1011535 0.31268 3.580177
-0.09006319 0.2960839 3.434247
0.07755591 0.9495277 3.538479
0.08525286 0.6947936 3.550656
0.06805033 0.2933793 3.583961
0.07783691 0.2822824 3.455267
-0.008182026 1.460542 3.606272
-0.1952013 0.8406357 3.276114
-0.2078117 0.8938543 3.270213
0.1766123 0.8303255 3.495248
0.1954448 0.8807169 3.488834
67
0.0007856381 0.9470222 3.572678
-0.004854706 1.242717 3.595828
-0.008622726 1.531594 3.607174
0.001316474 1.661736 3.611029
-0.1533891 1.408002 3.579107
-0.2040264 1.158685 3.576581
-0.1958838 0.9294398 3.424003
-0.1822707 0.8521268 3.381318
0.1559521 1.406357 3.587571
0.1909902 1.161644 3.591177
0.1848353 0.9559864 3.518538
0.171852 0.8947338 3.502819
-0.07456943 0.9470998 3.529258
-0.1050132 0.6590865 3.54058
-0.1011581 0.3107302 3.580079
-0.09131379 0.2943921 3.435027
0.07773142 0.949397 3.538349
0.08513769 0.6945848 3.550719
0.07199597 0.3205643 3.580591
0.07884248 0.3087411 3.435573
-0.007852946 1.460448 3.606601
-0.1848527 0.7801832 3.367972
-0.2071107 0.8399657 3.35932
0.1761915 0.8247995 3.497442
0.196768 0.8748888 3.486513
68
0.0007856381 0.9470222 3.572678
-0.004854706 1.242717 3.595828
-0.008622726 1.531594 3.607174
0.001316474 1.661736 3.611029
-0.1533891 1.408002 3.579107
-0.2040264 1.158685 3.576581
-0.1958838 0.9294398 3.424003
-0.1822707 0.8521268 3.381318
0.1559521 1.406357 3.587571
0.1909902 1.161644 3.591177
0.1848353 0.9559864 3.518538
0.171852 0.8947338 3.502819
-0.07456943 0.9470998 3.529258
-0.1050132 0.6590865 3.54058
-0.1011581 0.3107302 3.580079
-0.09131379 0.2943921 3.435027
0.07773142 0.949397 3.538349
0.08513769 0.6945848 3.550719
0.07199597 0.3205643 3.580591
0.07884248 0.3087411 3.435573
-0.007852946 1.460448 3.606601
-0.1848527 0.7801832 3.367972
-0.2071107 0.8399657 3.35932
0.1761915 0.8247995 3.497442
0.196768 0.8748888 3.486513
69
0.00104092 0.9469513 3.572623
-0.004585387 1.242664 3.595944
-0.008360988 1.531506 3.607428
0.001675413 1.661672 3.61117
-0.1565274 1.407485 3.580811
-0.2028596 1.15537 3.574921
-0.1962477 0.9050795 3.460874
-0.1748043 0.8464185 3.44404
0.1567028 1.405913 3.587972
0.1910529 1.16122 3.59159
0.185032 0.9564866 3.518466
0.1720465 0.8920903 3.502981
-0.07417451 0.9469332 3.529167
-0.1048509 0.6603299 3.539807
-0.1003428 0.2720815 3.584414
-0.1007218 0.2599619 3.478968
0.07793956 0.949187 3.538099
0.08505005 0.6943777 3.550777
0.07270052 0.3247046 3.579594
0.07819381 0.3127452 3.42853
-0.007578955 1.460368 3.606831
-0.1791596 0.7740053 3.434587
-0.2030068 0.807629 3.419775
0.1769787 0.8188184 3.502137
0.1967461 0.8742077 3.48593
70
0.00104092 0.9469513 3.572623
-0.004585387 1.242664 3.595944
-0.008360988 1.531506 3.607428
0.001675413 1.661672 3.61117
-0.1565274 1.407485 3.580811
-0.2028596 1.15537 3.574921
-0.1962477 0.9050795 3.460874
-0.1748043 0.8464185 3.44404
0.1567028 1.405913 3.587972
0.1910529 1.16122 3.59159
0.185032 0.9564866 3.518466
0.1720465 0.8920903 3.502981
-0.07417451 0.9469332 3.529167
-0.1048509 0.6603299 3.539807
-0.1003428 0.2720815 3.584414
-0.1007218 0.2599619 3.478968
0.07793956 0.949187 3.538099
0.08505005 0.6943777 3.550777
0.07270052 0.3247046 3.579594
0.07819381 0.3127452 3.42853
-0.007578955 1.460368 3.606831
-0.1791596 0.7740053 3.434587
-0.2030068 0.807629 3.419775
0.1769787 0.8188184 3.502137
0.1967461 0.8742077 3.48593
71
0.001248994 0.9468734 3.572592
-0.004352516 1.242614 3.596041
-0.008167315 1.531445 3.607605
0.0019709 1.661638 3.611245
-0.1594975 1.406874 3.582016
-0.2027843 1.154238 3.573845
-0.2023079 0.9169656 3.503121
-0.1754571 0.8267748 3.502499
0.1573146 1.405529 3.588218
0.1911383 1.160739 3.591926
0.1853013 0.9567171 3.5184
0.1723169 0.8901024 3.502977
-0.07385351 0.9467543 3.529212
-0.1046026 0.6617181 3.539131
-0.09989578 0.2512538 3.586939
-0.1055357 0.2417747 3.506109
0.0781014 0.9489692 3.537831
0.08502256 0.6941345 3.55085
0.07349452 0.3231517 3.579054
0.07783994 0.3112662 3.424495
-0.00736494 1.460307 3.607001
-0.1697126 0.7924964 3.473499
-0.2020344 0.8508875 3.469394
0.1783091 0.8170721 3.50408
0.1985765 0.8649716 3.487146
72
0.001248994 0.9468734 3.572592
-0.004352516 1.242614 3.596041
-0.008167315 1.531445 3.607605
0.0019709 1.661638 3.611245
-0.1594975 1.406874 3.582016
-0.2027843 1.154238 3.573845
-0.2023079 0.9169656 3.503121
-0.1754571 0.8267748 3.502499
0.1573146 1.405529 3.588218
0.1911383 1.160739 3.591926
0.1853013 0.9567171 3.5184
0.1723169 0.8901024 3.502977
-0.07385351 0.9467543 3.529212
-0.1046026 0.6617181 3.539131
-0.09989578 0.2512538 3.586939
-0.1055357 0.2417747 3.506109
0.0781014 0.9489692 3.537831
0.08502256 0.6941345 3.55085
0.07349452 0.3231517 3.579054
0.07783994 0.3112662 3.424495
-0.00736494 1.460307 3.607001
-0.1697126 0.7924964 3.473499
-0.2020344 0.8508875 3.469394
0.1783091 0.8170721 3.50408
0.1985765 0.8649716 3.487146
73
0.001398162 0.9467853 3.572612
-0.004165429 1.242566 3.596126
-0.008030884 1.531403 3.607726
0.002202412 1.661619 3.611257
-0.1619432 1.406358 3.582809
-0.202366 1.153181 3.574615
-0.2049521 0.9234394 3.523731
-0.1759126 0.8331146 3.53696
0.157808 1.405218 3.588331
0.1912413 1.160251 3.592192
0.1856458 0.9568311 3.518161
0.1728414 0.8915464 3.503272
-0.07356733 0.9464995 3.529577
-0.1044025 0.6630871 3.538536
-0.09960752 0.2426097 3.588084
-0.1066864 0.2343094 3.51833
0.07819197 0.9487488 3.537591
0.08504765 0.6938129 3.550984
0.0736662 0.3185093 3.578897
0.07673186 0.3068475 3.423347
-0.007205711 1.46026 3.607124
-0.1717075 0.7982771 3.496305
-0.2024794 0.8394278 3.498682
0.1791108 0.8168701 3.504814
0.1982423 0.8699772 3.486399
74
0.001398162 0.9467853 3.572612
-0.004165429 1.242566 3.596126
-0.008030884 1.531403 3.607726
0.002202412 1.661619 3.611257
-0.1619432 1.406358 3.582809
-0.202366 1.153181 3.574615
-0.2049521 0.9234394 3.523731
-0.1759126 0.8331146 3.53696
0.157808 1.405218 3.588331
0.1912413 1.160251 3.592192
0.1856458 0.9568311 3.518161
0.1728414 0.8915464 3.503272
-0.07356733 0.9464995 3.529577
-0.1044025 0.6630871 3.538536
-0.09960752 0.2426097 3.588084
-0.1066864 0.2343094 3.51833
0.07819197 0.9487488 3.537591
0.08504765 0.6938129 3.550984
0.0736662 0.3185093 3.578897
0.07673186 0.3068475 3.423347
-0.007205711 1.46026 3.607124
-0.1717075 0.7982771 3.496305
-0.2024794 0.8394278 3.498682
0.1791108 0.8168701 3.504814
0.1982423 0.8699772 3.486399
75
0.001503802 0.9466351 3.572747
-0.004025508 1.242524 3.596198
-0.007940496 1.531378 3.607798
0.002415767 1.661636 3.611131
-0.1637844 1.405974 3.583336
-0.2021947 1.152593 3.575364
-0.2075762 0.9325899 3.538161
-0.1803399 0.8712403 3.524121
0.1582171 1.404947 3.588308
0.1913331 1.159816 3.592403
0.18599 0.956852 3.517914
0.1731118 0.8915823 3.503159
-0.07331374 0.946045 3.530632
-0.1042742 0.6639039 3.538216
-0.1000288 0.2867502 3.582868
-0.1015094 0.2730027 3.466892
0.07819339 0.9485165 3.537392
0.08512596 0.6934705 3.551162
0.07361068 0.3118465 3.578973
0.07558466 0.3005154 3.424303
-0.007104406 1.460232 3.607201
-0.1778009 0.8014945 3.512831
-0.2077956 0.856815 3.511898
0.1800744 0.8177235 3.505166
0.1990633 0.8639987 3.486632
76
0.001503802 0.9466351 3.572747
-0.004025508 1.242524 3.596198
-0.007940496 1.531378 3.607798
0.002415767 1.661636 3.611131
-0.1637844 1.405974 3.583336
-0.2021947 1.152593 3.575364
-0.2075762 0.9325899 3.538161
-0.1803399 0.8712403 3.524121
0.1582171 1.404947 3.588308
0.1913331 1.159816 3.592403
0.18599 0.956852 3.517914
0.1731118 0.8915823 3.503159
-0.07331374 0.946045 3.530632
-0.1042742 0.6639039 3.538216
-0.1000288 0.2867502 3.582868
-0.1015094 0.2730027 3.466892
0.07819339 0.9485165 3.537392
0.08512596 0.6934705 3.551162
0.07361068 0.3118465 3.578973
0.07558466 0.3005154 3.424303
-0.007104406 1.460232 3.607201
-0.1778009 0.8014945 3.512831
-0.2077956 0.856815 3.511898
0.1800744 0.8177235 3.505166
0.1990633 0.8639987 3.486632
77
0.001539066 0.9464516 3.572999
-0.003924234 1.242488 3.596256
-0.007881592 1.531368 3.607783
0.002599061 1.661724 3.610842
-0.1651669 1.405705 3.583716
-0.2021687 1.15229 3.576326
-0.2086377 0.9435988 3.541133
-0.1823083 0.8826917 3.530883
0.1585548 1.404767 3.588021
0.1914789 1.15952 3.592477
0.1862924 0.9568642 3.517681
0.1733213 0.8912979 3.503141
-0.07319245 0.9456509 3.531995
-0.1042361 0.6642365 3.538074
-0.1001543 0.3032792 3.580881
-0.1005147 0.28748 3.447694
0.07809582 0.9482513 3.537227
0.08522614 0.6931464 3.551327
0.0737441 0.3084159 3.579153
0.07501111 0.2972838 3.425759
-0.007031322 1.460211 3.607246
-0.1814975 0.81552 3.517229
-0.2092778 0.8734338 3.507448
0.1801795 0.8174952 3.505533
0.1998376 0.8619145 3.487205
78
0.001539066 0.9464516 3.572999
-0.003924234 1.242488 3.596256
-0.007881592 1.531368 3.607783
0.002599061 1.661724 3.610842
-0.1651669 1.405705 3.583716
-0.2021687 1.15229 3.576326
-0.2086377 0.9435988 3.541133
-0.1823083 0.8826917 3.530883
0.1585548 1.404767 3.588021
0.1914789 1.15952 3.592477
0.1862924 0.9568642 3.517681
0.1733213 0.8912979 3.503141
-0.07319245 0.9456509 3.531995
-0.1042361 0.6642365 3.538074
-0.1001543 0.3032792 3.580881
-0.1005147 0.28748 3.447694
0.07809582 0.9482513 3.537227
0.08522614 0.6931464 3.551327
0.0737441 0.3084159 3.579153
0.07501111 0.2972838 3.425759
-0.007031322 1.460211 3.607246
-0.1814975 0.81552 3.517229
-0.2092778 0.8734338 3.507448
0.1801795 0.8174952 3.505533
0.1998376 0.8619145 3.487205
79
0.001548203 0.9462669 3.573304
-0.003845953 1.242459 3.596306
-0.007851738 1.531379 3.60772
0.002715214 1.66185 3.610391
-0.166329 1.405675 3.584166
-0.2023272 1.152384 3.577384
-0.2086748 0.9524881 3.537173
-0.1829029 0.894167 3.52155
0.1588167 1.404694 3.587485
0.1916182 1.15935 3.592464
0.1866031 0.956832 3.517481
0.173375 0.8910171 3.503048
-0.07310835 0.9453639 3.533486
-0.1042405 0.6647653 3.538052
-0.1002227 0.3104499 3.579926
-0.1000754 0.2934976 3.436471
0.07797457 0.9479948 3.537081
0.08534033 0.692659 3.551574
0.07428898 0.3096654 3.57972
0.07473517 0.2984814 3.427712
-0.006978463 1.460199 3.607268
-0.1817553 0.8256907 3.509152
-0.2111199 0.8922338 3.500316
0.1803917 0.8172726 3.505843
0.198559 0.8653427 3.483924
80
0.001548203 0.9462669 3.573304
-0.003845953 1.242459 3.596306
-0.007851738 1.531379 3.60772
0.002715214 1.66185 3.610391
-0.166329 1.405675 3.584166
-0.2023272 1.152384 3.577384
-0.2086748 0.9524881 3.537173
-0.1829029 0.894167 3.52155
0.1588167 1.404694 3.587485
0.1916182 1.15935 3.592464
0.1866031 0.956832 3.517481
0.173375 0.8910171 3.503048
-0.07310835 0.9453639 3.533486
-0.1042405 0.6647653 3.538052
-0.1002227 0.3104499 3.579926
-0.1000754 0.2934976 3.436471
0.07797457 0.9479948 3.537081
0.08534033 0.692659 3.551574
0.07428898 0.3096654 3.57972
0.07473517 0.2984814 3.427712
-0.006978463 1.460199 3.607268
-0.1817553 0.8256907 3.509152
-0.2111199 0.8922338 3.500316
0.1803917 0.8172726 3.505843
0.198559 0.8653427 3.483924
81
0.001359193 0.9461412 3.573709
-0.003798381 1.242443 3.596343
-0.007842024 1.531408 3.607603
0.002696697 1.662087 3.609623
-0.1674434 1.405917 3.584704
-0.202632 1.152824 3.578592
-0.2092325 0.9576306 3.533723
-0.1854923 0.9077719 3.509981
0.1590304 1.404707 3.586686
0.1919937 1.159369 3.592069
0.1869917 0.9565843 3.517165
0.1733643 0.8899659 3.502473
-0.07330508 0.9452027 3.53507
-0.1042902 0.665322 3.538084
-0.100187 0.3145483 3.579396
-0.09977598 0.2970284 3.430599
0.07752126 0.9478132 3.536882
0.08543621 0.6919362 3.551918
0.07477755 0.3110969 3.580321
0.07446231 0.2998804 3.429809
-0.006943 1.460196 3.607262
-0.1825941 0.834602 3.497488
-0.2097953 0.89421 3.494079
0.1801148 0.8163447 3.506124
0.197579 0.8655089 3.481541
82
0.001359193 0.9461412 3.573709
-0.003798381 1.242443 3.596343
-0.007842024 1.531408 3.607603
0.002696697 1.662087 3.609623
-0.1674434 1.405917 3.584704
-0.202632 1.152824 3.578592
-0.2092325 0.9576306 3.533723
-0.1854923 0.9077719 3.509981
0.1590304 1.404707 3.586686
0.1919937 1.159369 3.592069
0.1869917 0.9565843 3.517165
0.1733643 0.8899659 3.502473
-0.07330508 0.9452027 3.53507
-0.1042902 0.665322 3.538084
-0.100187 0.3145483 3.579396
-0.09977598 0.2970284 3.430599
0.07752126 0.9478132 3.536882
0.08543621 0.6919362 3.551918
0.07477755 0.3110969 3.580321
0.07446231 0.2998804 3.429809
-0.006943 1.460196 3.607262
-0.1825941 0.834602 3.497488
-0.2097953 0.89421 3.494079
0.1801148 0.8163447 3.506124
0.197579 0.8655089 3.481541
83
0.00116617 0.9460381 3.574114
-0.003763361 1.242431 3.596375
-0.007851386 1.531452 3.607441
0.002622084 1.662353 3.608756
-0.1684598 1.406213 3.585302
-0.2029285 1.153261 3.579643
-0.2081888 0.960463 3.529578
-0.1855524 0.9151863 3.503237
0.1591869 1.404771 3.585745
0.19262 1.159967 3.591326
0.1874032 0.9561627 3.51678
0.1733646 0.8895878 3.502165
-0.0734866 0.9450985 3.536546
-0.1043402 0.6658363 3.538154
-0.1001983 0.3176754 3.578978
-0.09965651 0.2998123 3.426582
0.07708623 0.9476693 3.536696
0.08552876 0.6912851 3.55221
0.07514994 0.3124414 3.580853
0.07415967 0.3011914 3.431696
-0.006921634 1.460203 3.607231
-0.1824615 0.8412321 3.491497
-0.2088576 0.8993129 3.489022
0.1806596 0.8163654 3.506516
0.1971142 0.870366 3.480233
84
0.00116617 0.9460381 3.574114
-0.003763361 1.242431 3.596375
-0.007851386 1.531452 3.607441
0.002622084 1.662353 3.608756
-0.1684598 1.406213 3.585302
-0.2029285 1.153261 3.579643
-0.2081888 0.960463 3.529578
-0.1855524 0.9151863 3.503237
0.1591869 1.404771 3.585745
0.19262 1.159967 3.591326
0.1874032 0.9561627 3.51678
0.1733646 0.8895878 3.502165
-0.0734866 0.9450985 3.536546
-0.1043402 0.6658363 3.538154
-0.1001983 0.3176754 3.578978
-0.09965651 0.2998123 3.426582
0.07708623 0.9476693 3.536696
0.08552876 0.6912851 3.55221
0.07514994 0.3124414 3.580853
0.07415967 0.3011914 3.431696
-0.006921634 1.460203 3.607231
-0.1824615 0.8412321 3.491497
-0.2088576 0.8993129 3.489022
0.1806596 0.8163654 3.506516
0.1971142 0.870366 3.480233
85
0.001008602 0.9459631 3.574465
-0.003737241 1.242422 3.596399
-0.007875528 1.53151 3.607243
0.002521617 1.662603 3.607905
-0.1693069 1.406515 3.585827
-0.2032292 1.153737 3.58052
-0.2069663 0.9619382 3.524449
-0.1846912 0.9198623 3.49733
0.1592808 1.404905 3.584726
0.1935293 1.161091 3.590082
0.1878047 0.9556503 3.516358
0.1732593 0.8888302 3.501487
-0.07362711 0.9450399 3.537737
-0.1044084 0.6664531 3.538311
-0.09987974 0.3212624 3.578157
-0.09962691 0.3034478 3.423797
0.07673526 0.9475689 3.536512
0.0856116 0.6907178 3.552468
0.0754903 0.3136782 3.581304
0.07395049 0.3023986 3.433282
-0.006911913 1.460219 3.607173
-0.1812715 0.8453733 3.48461
-0.2066119 0.9048626 3.480896
0.1803401 0.8156149 3.506619
0.1962994 0.8692378 3.478092
86
0.001008602 0.9459631 3.574465
-0.003737241 1.242422 3.596399
-0.007875528 1.53151 3.607243
0.002521617 1.662603 3.607905
-0.1693069 1.406515 3.585827
-0.2032292 1.153737 3.58052
-0.2069663 0.9619382 3.524449
-0.1846912 0.9198623 3.49733
0.1592808 1.404905 3.584726
0.1935293 1.161091 3.590082
0.1878047 0.9556503 3.516358
0.1732593 0.8888302 3.501487
-0.07362711 0.9450399 3.537737
-0.1044084 0.6664531 3.538311
-0.09987974 0.3212624 3.578157
-0.09962691 0.3034478 3.423797
0.07673526 0.9475689 3.536512
0.0856116 0.6907178 3.552468
0.0754903 0.3136782 3.581304
0.07395049 0.3023986 3.433282
-0.006911913 1.460219 3.607173
-0.1812715 0.8453733 3.48461
-0.2066119 0.9048626 3.480896
0.1803401 0.8156149 3.506619
0.1962994 0.8692378 3.478092
87
0.0008456156 0.9459032 3.574796
-0.003719109 1.242416 3.596418
-0.007909948 1.531585 3.606989
0.002418307 1.662828 3.607083
-0.1700063 1.406792 3.58628
-0.2033516 1.153781 3.580996
-0.2052457 0.9608262 3.51837
-0.1844043 0.9226177 3.494269
0.1593418 1.405078 3.583636
0.1943282 1.162177 3.588892
0.1881631 0.9550631 3.515802
0.1730574 0.8881816 3.500527
-0.07376408 0.9450132 3.538711
-0.1044693 0.6666082 3.538601
-0.09959773 0.3247374 3.577549
-0.09977059 0.3070694 3.422489
0.07639463 0.9474868 3.536347
0.08570359 0.6902948 3.552684
0.07574219 0.3146547 3.581675
0.07375831 0.3033537 3.434563
-0.006913351 1.460247 3.60708
-0.1811425 0.8478963 3.482383
-0.2054712 0.9053993 3.476427
0.1803724 0.8157457 3.505673
0.1957717 0.8700851 3.47595
88
0.0008456156 0.9459032 3.574796
-0.003719109 1.242416 3.596418
-0.007909948 1.531585 3.606989
0.002418307 1.662828 3.607083
-0.1700063 1.406792 3.58628
-0.2033516 1.153781 3.580996
-0.2052457 0.9608262 3.51837
-0.1844043 0.9226177 3.494269
0.1593418 1.405078 3.583636
0.1943282 1.162177 3.588892
0.1881631 0.9550631 3.515802
0.1730574 0.8881816 3.500527
-0.07376408 0.9450132 3.538711
-0.1044693 0.6666082 3.538601
-0.09959773 0.3247374 3.577549
-0.09977059 0.3070694 3.422489
0.07639463 0.9474868 3.536347
0.08570359 0.6902948 3.552684
0.07574219 0.3146547 3.581675
0.07375831 0.3033537 3.434563
-0.006913351 1.460247 3.60708
-0.1811425 0.8478963 3.482383
-0.2054712 0.9053993 3.476427
0.1803724 0.8157457 3.505673
0.1957717 0.8700851 3.47595
89
0.000715339 0.9458629 3.575079
-0.003705783 1.242411 3.596433
-0.007955386 1.531663 3.606696
0.002320691 1.663017 3.606365
-0.170537 1.407078 3.586634
-0.2034405 1.153766 3.58137
-0.2038362 0.9592776 3.513827
-0.1838606 0.9232996 3.490982
0.159377 1.405257 3.582628
0.1949226 1.163055 3.587918
0.188468 0.9544697 3.515242
0.1723521 0.8858076 3.499399
-0.07387068 0.9450036 3.539487
-0.1045323 0.6665702 3.539026
-0.09947409 0.326594 3.577323
-0.09994794 0.3091042 3.422122
0.07612967 0.94744 3.536192
0.08580174 0.6899461 3.552863
0.07568505 0.3140358 3.581709
0.07333665 0.3028653 3.435316
-0.006924307 1.460281 3.606952
-0.179949 0.8484653 3.476708
-0.2051335 0.9076284 3.474397
0.1799809 0.8151372 3.505387
0.1953534 0.8701842 3.474945
90
0.000715339 0.9458629 3.575079
-0.003705783 1.242411 3.596433
-0.007955386 1.531663 3.606696
0.002320691 1.663017 3.606365
-0.170537 1.407078 3.586634
-0.2034405 1.153766 3.58137
-0.2038362 0.9592776 3.513827
-0.1838606 0.9232996 3.490982
0.159377 1.405257 3.582628
0.1949226 1.163055 3.587918
0.188468 0.9544697 3.515242
0.1723521 0.8858076 3.499399
-0.07387068 0.9450036 3.539487
-0.1045323 0.6665702 3.539026
-0.09947409 0.326594 3.577323
-0.09994794 0.3091042 3.422122
0.07612967 0.94744 3.536192
0.08580174 0.6899461 3.552863
0.07568505 0.3140358 3.581709
0.07333665 0.3028653 3.435316
-0.006924307 1.460281 3.606952
-0.179949 0.8484653 3.476708
-0.2051335 0.9076284 3.474397
0.1799809 0.8151372 3.505387
0.1953534 0.8701842 3.474945
91
0.0006012297 0.945825 3.575314
-0.003695945 1.242408 3.596443
-0.008003655 1.531749 3.606332
0.002248711 1.663168 3.605719
-0.1709374 1.407284 3.586885
-0.2034976 1.153778 3.581636
-0.2030386 0.9581503 3.510776
-0.1836912 0.9240473 3.4891
0.1594601 1.405364 3.581689
0.1954605 1.164206 3.587062
0.1887239 0.9539255 3.514736
0.1719711 0.8841823 3.498667
-0.07396135 0.9449938 3.540089
-0.1045676 0.6666548 3.539348
-0.09940942 0.3275804 3.57718
-0.1001903 0.310309 3.422486
0.07588802 0.947395 3.536025
0.08586036 0.6897626 3.552954
0.075574 0.3134833 3.581646
0.07296653 0.3024352 3.435817
-0.006942221 1.460323 3.606764
-0.1799126 0.8487493 3.47532
-0.2079218 0.9203253 3.474587
0.179051 0.8142145 3.504328
0.1951217 0.8703257 3.474353
92
0.0006012297 0.945825 3.575314
-0.003695945 1.242408 3.596443
-0.008003655 1.531749 3.606332
0.002248711 1.663168 3.605719
-0.1709374 1.407284 3.586885
-0.2034976 1.153778 3.581636
-0.2030386 0.9581503 3.510776
-0.1836912 0.9240473 3.4891
0.1594601 1.405364 3.581689
0.1954605 1.164206 3.587062
0.1887239 0.9539255 3.514736
0.1719711 0.8841823 3.498667
-0.07396135 0.9449938 3.540089
-0.1045676 0.6666548 3.539348
-0.09940942 0.3275804 3.57718
-0.1001903 0.310309 3.422486
0.07588802 0.947395 3.536025
0.08586036 0.6897626 3.552954
0.075574 0.3134833 3.581646
0.07296653 0.3024352 3.435817
-0.006942221 1.460323 3.606764
-0.1799126 0.8487493 3.47532
-0.2079218 0.9203253 3.474587
0.179051 0.8142145 3.504328
0.1951217 0.8703257 3.474353
93
0.0005131257 0.9457889 3.575508
-0.003688169 1.242404 3.596448
-0.008026711 1.531802 3.6059
0.00215 1.663186 3.605077
-0.1712286 1.407506 3.587079
-0.2035375 1.153739 3.581853
-0.2023157 0.956938 3.508387
-0.1833132 0.9240916 3.487423
0.1595555 1.405433 3.580852
0.1958501 1.164976 3.586452
0.1889893 0.9533066 3.514279
0.1716137 0.882921 3.498425
-0.07402206 0.9449921 3.540543
-0.1045627 0.6662582 3.539934
-0.09940381 0.3271845 3.57716
-0.1007763 0.3103017 3.423572
0.07569366 0.9473365 3.535873
0.08591127 0.6896259 3.553026
0.07547487 0.3133588 3.581715
0.07264933 0.3023494 3.436292
-0.006946237 1.460346 3.606514
-0.1799569 0.8485605 3.473943
-0.2080351 0.9174891 3.474708
0.178284 0.8135036 3.504219
0.1932018 0.8561292 3.474046
94
0.0005131257 0.9457889 3.575508
-0.003688169 1.242404 3.596448
-0.008026711 1.531802 3.6059
0.00215 1.663186 3.605077
-0.1712286 1.407506 3.587079
-0.2035375 1.153739 3.581853
-0.2023157 0.956938 3.508387
-0.1833132 0.9240916 3.487423
0.1595555 1.405433 3.580852
0.1958501 1.164976 3.586452
0.1889893 0.9533066 3.514279
0.1716137 0.882921 3.498425
-0.07402206 0.9449921 3.540543
-0.1045627 0.6662582 3.539934
-0.09940381 0.3271845 3.57716
-0.1007763 0.3103017 3.423572
0.07569366 0.9473365 3.535873
0.08591127 0.6896259 3.553026
0.07547487 0.3133588 3.581715
0.07264933 0.3023494 3.436292
-0.006946237 1.460346 3.606514
-0.1799569 0.8485605 3.473943
-0.2080351 0.9174891 3.474708
0.178284 0.8135036 3.504219
0.1932018 0.8561292 3.474046
95
0.0004640592 0.9457536 3.575695
-0.00368013 1.242399 3.596452
-0.008030562 1.531836 3.605489
0.002060247 1.663174 3.60451
-0.1714469 1.407706 3.587239
-0.2035885 1.153769 3.582037
-0.2018539 0.956394 3.50693
-0.1831398 0.9237204 3.486323
0.1596415 1.405489 3.580161
0.196044 1.165323 3.586148
0.1892118 0.9527518 3.513901
0.1713892 0.8820172 3.498371
-0.07404044 0.9449917 3.540922
-0.1046108 0.6654987 3.540557
-0.09941301 0.3260958 3.577245
-0.1013637 0.3096287 3.425183
0.07556653 0.9472889 3.535765
0.08594558 0.6895042 3.553123
0.07541329 0.3132892 3.581811
0.07242016 0.3023103 3.436734
-0.006937337 1.460358 3.606263
-0.1798017 0.8478499 3.47275
-0.2056635 0.8853341 3.475111
0.1780358 0.8134665 3.503987
0.1933534 0.8535373 3.474932
96
0.0004640592 0.9457536 3.575695
-0.00368013 1.242399 3.596452
-0.008030562 1.531836 3.605489
0.002060247 1.663174 3.60451
-0.1714469 1.407706 3.587239
-0.2035885 1.153769 3.582037
-0.2018539 0.956394 3.50693
-0.1831398 0.9237204 3.486323
0.1596415 1.405489 3.580161
0.196044 1.165323 3.586148
0.1892118 0.9527518 3.513901
0.1713892 0.8820172 3.498371
-0.07404044 0.9449917 3.540922
-0.1046108 0.6654987 3.540557
-0.09941301 0.3260958 3.577245
-0.1013637 0.3096287 3.425183
0.07556653 0.9472889 3.535765
0.08594558 0.6895042 3.553123
0.07541329 0.3132892 3.581811
0.07242016 0.3023103 3.436734
-0.006937337 1.460358 3.606263
-0.1798017 0.8478499 3.47275
-0.2056635 0.8853341 3.475111
0.1780358 0.8134665 3.503987
0.1933534 0.8535373 3.474932
