133
1
0.3135416 0.5375327 2.418984
0.301838 0.8549922 2.428037
0.2864742 1.165103 2.422654
0.3358976 1.301764 2.407496
0.1280165 1.045297 2.42532
0.07812014 0.8211539 2.400827
0.103224 0.5951971 2.341066
0.1172112 0.5366827 2.335389
0.4841805 1.038172 2.445533
0.5211135 0.7752573 2.441087
0.5168461 0.5848247 2.373568
0.5035711 0.544436 2.36208
0.2275924 0.5461389 2.377949
0.2185188 0.2381824 2.388713
0.2331125 -0.1207866 2.426625
0.1458949 -0.1344169 2.331141
0.3900646 0.5427675 2.387632
0.3886043 0.2331734 2.39931
0.3731186 -0.12141 2.434482
0.3334869 -0.1288905 2.341619
0.290742 1.088623 2.426552
0.1246947 0.4647088 2.329861
0.1594324 0.5499223 2.315814
0.4990149 0.4736527 2.362577
0.4641089 0.544887 2.326431
2
0.3135492 0.5375387 2.41902
0.3017709 0.8550084 2.428061
0.2863457 1.165113 2.422646
0.335903 1.301765 2.407518
0.1280599 1.045287 2.425436
0.07815228 0.8211703 2.400932
0.1031933 0.5953692 2.341166
0.1173793 0.5364721 2.33553
0.4841197 1.038278 2.445396
0.5211428 0.7752045 2.440884
0.516764 0.5847698 2.373328
0.5034909 0.5443147 2.361688
0.2275984 0.5461506 2.378009
0.2185623 0.2381218 2.388759
0.2330703 -0.1207016 2.426597
0.1461419 -0.1343765 2.330247
0.3900705 0.5427713 2.387649
0.3886496 0.2331288 2.39937
0.373196 -0.1203203 2.434378
0.3436494 -0.1283086 2.340684
0.290616 1.088636 2.42655
0.1252427 0.4640173 2.330499
0.1595984 0.5495951 2.315768
0.4989789 0.4735515 2.362429
0.4641001 0.5447587 2.326246
3
0.3135492 0.5375387 2.41902
0.3017709 0.8550084 2.428061
0.2863457 1.165113 2.422646
0.335903 1.301765 2.407518
0.1280599 1.045287 2.425436
0.07815228 0.8211703 2.400932
0.1031933 0.5953692 2.341166
0.1173793 0.5364721 2.33553
0.4841197 1.038278 2.445396
0.5211428 0.7752045 2.440884
0.516764 0.5847698 2.373328
0.5034909 0.5443147 2.361688
0.2275984 0.5461506 2.378009
0.2185623 0.2381218 2.388759
0.2330703 -0.1207016 2.426597
0.1461419 -0.1343765 2.330247
0.3900705 0.5427713 2.387649
0.3886496 0.2331288 2.39937
0.373196 -0.1203203 2.434378
0.3436494 -0.1283086 2.340684
0.290616 1.088636 2.42655
0.1252427 0.4640173 2.330499
0.1595984 0.5495951 2.315768
0.4989789 0.4735515 2.362429
0.4641001 0.5447587 2.326246
4
0.3135553 0.5375437 2.41905
0.3017017 0.8550231 2.428081
0.2862183 1.16512 2.422635
0.3359036 1.301766 2.407536
0.1280961 1.045273 2.425551
0.0782111 0.8210621 2.401045
0.1031682 0.5955096 2.341252
0.1175214 0.5366511 2.335584
0.4840609 1.038376 2.445264
0.5211717 0.7751467 2.440664
0.5166738 0.5847117 2.373049
0.5034428 0.5442491 2.361288
0.227603 0.5461611 2.378067
0.2185803 0.2381187 2.388775
0.2330426 -0.1207594 2.426588
0.1462071 -0.1344384 2.329973
0.3900746 0.5427739 2.387659
0.3886821 0.2331131 2.399412
0.3732468 -0.119872 2.43434
0.3492855 -0.1281193 2.340402
0.2904908 1.088647 2.426545
0.1252494 0.4636832 2.330806
0.1597199 0.5493445 2.315736
0.4990175 0.4735325 2.362102
0.4639945 0.5461075 2.325989
5
0.3135553 0.5375437 2.41905
0.3017017 0.8550231 2.428081
0.2862183 1.16512 2.422635
0.3359036 1.301766 2.407536
0.1280961 1.045273 2.425551
0.0782111 0.8210621 2.401045
0.1031682 0.5955096 2.341252
0.1175214 0.5366511 2.335584
0.4840609 1.038376 2.445264
0.5211717 0.7751467 2.440664
0.5166738 0.5847117 2.373049
0.5034428 0.5442491 2.361288
0.227603 0.5461611 2.378067
0.2185803 0.2381187 2.388775
0.2330426 -0.1207594 2.426588
0.1462071 -0.1344384 2.329973
0.3900746 0.5427739 2.387659
0.3886821 0.2331131 2.399412
0.3732468 -0.119872 2.43434
0.3492855 -0.1281193 2.340402
0.2904908 1.088647 2.426545
0.1252494 0.4636832 2.330806
0.1597199 0.5493445 2.315736
0.4990175 0.4735325 2.362102
0.4639945 0.5461075 2.325989
6
0.3135591 0.5375479 2.419075
0.3016278 0.8550366 2.428097
0.2860917 1.165125 2.422624
0.335896 1.301764 2.407551
0.1281274 1.045257 2.425659
0.07826999 0.8209554 2.40115
0.1031471 0.5956304 2.341328
0.1175663 0.5369825 2.33566
0.4840034 1.038469 2.445136
0.521198 0.7750843 2.44043
0.516585 0.5846497 2.372751
0.5033575 0.5442464 2.360861
0.2276051 0.546171 2.378118
0.2186047 0.2381468 2.388778
0.2330175 -0.1208463 2.426585
0.1462369 -0.1345233 2.329799
0.3900772 0.5427756 2.387666
0.3887268 0.2330527 2.399466
0.3732939 -0.1194815 2.434297
0.3528286 -0.1278958 2.340064
0.2903654 1.088656 2.426539
0.1254947 0.4634616 2.330596
0.1598598 0.549576 2.315591
0.4990092 0.473529 2.361796
0.4636844 0.5480958 2.325876
7
0.3135591 0.5375479 2.419075
0.3016278 0.8550366 2.428097
0.2860917 1.165125 2.422624
0.335896 1.301764 2.407551
0.1281274 1.045257 2.425659
0.07826999 0.8209554 2.40115
0.1031471 0.5956304 2.341328
0.1175663 0.5369825 2.33566
0.4840034 1.038469 2.445136
0.521198 0.7750843 2.44043
0.516585 0.5846497 2.372751
0.5033575 0.5442464 2.360861
0.2276051 0.546171 2.378118
0.2186047 0.2381468 2.388778
0.2330175 -0.1208463 2.426585
0.1462369 -0.1345233 2.329799
0.3900772 0.5427756 2.387666
0.3887268 0.2330527 2.399466
0.3732939 -0.1194815 2.434297
0.3528286 -0.1278958 2.340064
0.2903654 1.088656 2.426539
0.1254947 0.4634616 2.330596
0.1598598 0.549576 2.315591
0.4990092 0.473529 2.361796
0.4636844 0.5480958 2.325876
8
0.3135607 0.5375519 2.419097
0.3015482 0.8550492 2.428111
0.2859657 1.165128 2.42261
0.3358778 1.301762 2.407563
0.128149 1.045243 2.425777
0.07832569 0.8208464 2.401248
0.1031286 0.5957363 2.341398
0.1176055 0.5373502 2.335588
0.4839472 1.038556 2.445013
0.5212145 0.7749633 2.440117
0.5164862 0.584527 2.372392
0.5033363 0.5442664 2.360503
0.2276044 0.5461809 2.378166
0.2186173 0.2381664 2.388777
0.2329969 -0.1209069 2.426581
0.1462075 -0.1345818 2.329704
0.3900788 0.5427769 2.387671
0.3887701 0.232987 2.399517
0.3733311 -0.1192377 2.434266
0.3552494 -0.1277624 2.339826
0.2902392 1.088662 2.42653
0.1254947 0.4634293 2.330252
0.1599685 0.5496626 2.315423
0.499282 0.4734379 2.361793
0.4636795 0.5456243 2.325239
9
0.3135607 0.5375519 2.419097
0.3015482 0.8550492 2.428111
0.2859657 1.165128 2.42261
0.3358778 1.301762 2.407563
0.128149 1.045243 2.425777
0.07832569 0.8208464 2.401248
0.1031286 0.5957363 2.341398
0.1176055 0.5373502 2.335588
0.4839472 1.038556 2.445013
0.5212145 0.7749633 2.440117
0.5164862 0.584527 2.372392
0.5033363 0.5442664 2.360503
0.2276044 0.5461809 2.378166
0.2186173 0.2381664 2.388777
0.2329969 -0.1209069 2.426581
0.1462075 -0.1345818 2.329704
0.3900788 0.5427769 2.387671
0.3887701 0.232987 2.399517
0.3733311 -0.1192377 2.434266
0.3552494 -0.1277624 2.339826
0.2902392 1.088662 2.42653
0.1254947 0.4634293 2.330252
0.1599685 0.5496626 2.315423
0.499282 0.4734379 2.361793
0.4636795 0.5456243 2.325239
10
0.3135614 0.5375556 2.419117
0.3014694 0.8550607 2.428124
0.2858441 1.165129 2.422598
0.3358533 1.301758 2.407573
0.1281661 1.045228 2.425891
0.0783803 0.8207387 2.40134
0.1031177 0.5958223 2.341457
0.1176618 0.537841 2.335653
0.4838911 1.03864 2.444892
0.5212274 0.774859 2.439822
0.516391 0.5844229 2.372043
0.503323 0.5442857 2.360279
0.2276029 0.54619 2.378212
0.2186263 0.2375594 2.388921
0.2325987 -0.1114835 2.425559
0.1460314 -0.12587 2.321517
0.39008 0.542778 2.387675
0.3888074 0.2328847 2.399574
0.3733636 -0.1190837 2.434242
0.3568046 -0.1276723 2.33967
0.2901177 1.088666 2.426521
0.1255265 0.463447 2.330038
0.1600416 0.549675 2.315381
0.4995939 0.4737505 2.361743
0.4636027 0.5477044 2.325333
11
0.3135614 0.5375556 2.419117
0.3014694 0.8550607 2.428124
0.2858441 1.165129 2.422598
0.3358533 1.301758 2.407573
0.1281661 1.045228 2.425891
0.0783803 0.8207387 2.40134
0.1031177 0.5958223 2.341457
0.1176618 0.537841 2.335653
0.4838911 1.03864 2.444892
0.5212274 0.774859 2.439822
0.516391 0.5844229 2.372043
0.503323 0.5442857 2.360279
0.2276029 0.54619 2.378212
0.2186263 0.2375594 2.388921
0.2325987 -0.1114835 2.425559
0.1460314 -0.12587 2.321517
0.39008 0.542778 2.387675
0.3888074 0.2328847 2.399574
0.3733636 -0.1190837 2.434242
0.3568046 -0.1276723 2.33967
0.2901177 1.088666 2.426521
0.1255265 0.463447 2.330038
0.1600416 0.549675 2.315381
0.4995939 0.4737505 2.361743
0.4636027 0.5477044 2.325333
12
0.3135604 0.537559 2.419132
0.3013878 0.8550715 2.428133
0.2857278 1.165129 2.422585
0.3358122 1.301753 2.407583
0.1281753 1.045208 2.426014
0.0784276 0.8206363 2.40143
0.1031092 0.5958976 2.341509
0.1176557 0.5383136 2.335657
0.4838333 1.038724 2.444774
0.5212376 0.7747413 2.439523
0.5162975 0.5843071 2.371654
0.5032625 0.5443062 2.359951
0.2275988 0.5461988 2.378254
0.2186321 0.2374533 2.388944
0.2325671 -0.1110847 2.425494
0.1440996 -0.1253508 2.323181
0.3900782 0.5427805 2.387672
0.3888321 0.2328347 2.399603
0.3733955 -0.1189729 2.434222
0.3579146 -0.1276073 2.339574
0.2900004 1.088669 2.426512
0.1254795 0.4634523 2.329717
0.1601023 0.5497099 2.315295
0.4996724 0.4737993 2.361386
0.4633114 0.5459921 2.324937
13
0.3135604 0.537559 2.419132
0.3013878 0.8550715 2.428133
0.2857278 1.165129 2.422585
0.3358122 1.301753 2.407583
0.1281753 1.045208 2.426014
0.0784276 0.8206363 2.40143
0.1031092 0.5958976 2.341509
0.1176557 0.5383136 2.335657
0.4838333 1.038724 2.444774
0.5212376 0.7747413 2.439523
0.5162975 0.5843071 2.371654
0.5032625 0.5443062 2.359951
0.2275988 0.5461988 2.378254
0.2186321 0.2374533 2.388944
0.2325671 -0.1110847 2.425494
0.1440996 -0.1253508 2.323181
0.3900782 0.5427805 2.387672
0.3888321 0.2328347 2.399603
0.3733955 -0.1189729 2.434222
0.3579146 -0.1276073 2.339574
0.2900004 1.088669 2.426512
0.1254795 0.4634523 2.329717
0.1601023 0.5497099 2.315295
0.4996724 0.4737993 2.361386
0.4633114 0.5459921 2.324937
14
0.3135585 0.5375618 2.419144
0.3013049 0.8550809 2.428139
0.2856151 1.165127 2.422573
0.3357438 1.301741 2.407596
0.1281771 1.045179 2.426138
0.07845584 0.8205744 2.401502
0.1030955 0.5959808 2.341566
0.1176325 0.5389612 2.33561
0.4837771 1.038802 2.444661
0.5212371 0.774711 2.439256
0.5162235 0.5842812 2.371352
0.5032558 0.5442528 2.359766
0.2275933 0.5462064 2.378293
0.2186376 0.2373974 2.388952
0.2325802 -0.1118832 2.425581
0.1425367 -0.1259803 2.325428
0.3900745 0.5427834 2.387665
0.3888471 0.2328074 2.399622
0.3734334 -0.1188909 2.434209
0.3587444 -0.1275602 2.339508
0.2898862 1.08867 2.426501
0.1253224 0.4636429 2.329215
0.1601512 0.5497562 2.315212
0.4996842 0.4737718 2.360968
0.4632125 0.5460378 2.324805
15
0.3135585 0.5375618 2.419144
0.3013049 0.8550809 2.428139
0.2856151 1.165127 2.422573
0.3357438 1.301741 2.407596
0.1281771 1.045179 2.426138
0.07845584 0.8205744 2.401502
0.1030955 0.5959808 2.341566
0.1176325 0.5389612 2.33561
0.4837771 1.038802 2.444661
0.5212371 0.774711 2.439256
0.5162235 0.5842812 2.371352
0.5032558 0.5442528 2.359766
0.2275933 0.5462064 2.378293
0.2186376 0.2373974 2.388952
0.2325802 -0.1118832 2.425581
0.1425367 -0.1259803 2.325428
0.3900745 0.5427834 2.387665
0.3888471 0.2328074 2.399622
0.3734334 -0.1188909 2.434209
0.3587444 -0.1275602 2.339508
0.2898862 1.08867 2.426501
0.1253224 0.4636429 2.329215
0.1601512 0.5497562 2.315212
0.4996842 0.4737718 2.360968
0.4632125 0.5460378 2.324805
16
0.3135562 0.5375644 2.419154
0.3012222 0.8550894 2.428143
0.2855056 1.165124 2.422561
0.3356608 1.301728 2.407607
0.1281734 1.045148 2.426258
0.07847839 0.8205237 2.401567
0.1030836 0.5960578 2.341617
0.1175822 0.5395097 2.335543
0.48372 1.038876 2.444551
0.5212345 0.7746933 2.439004
0.5161512 0.5842724 2.371054
0.5032129 0.544278 2.359527
0.2275871 0.5462127 2.378329
0.2186377 0.2372342 2.388972
0.2325978 -0.1129516 2.425701
0.1417579 -0.1269319 2.326937
0.3900696 0.5427867 2.387654
0.388857 0.2327896 2.399635
0.3734705 -0.1188227 2.434198
0.359205 -0.1275107 2.339464
0.2897752 1.088671 2.426491
0.1251965 0.4637941 2.328871
0.1601987 0.5499122 2.315068
0.4997308 0.4737754 2.360809
0.4629945 0.5458506 2.324536
17
0.3135562 0.5375644 2.419154
0.3012222 0.8550894 2.428143
0.2855056 1.165124 2.422561
0.3356608 1.301728 2.407607
0.1281734 1.045148 2.426258
0.07847839 0.8205237 2.401567
0.1030836 0.5960578 2.341617
0.1175822 0.5395097 2.335543
0.48372 1.038876 2.444551
0.5212345 0.7746933 2.439004
0.5161512 0.5842724 2.371054
0.5032129 0.544278 2.359527
0.2275871 0.5462127 2.378329
0.2186377 0.2372342 2.388972
0.2325978 -0.1129516 2.425701
0.1417579 -0.1269319 2.326937
0.3900696 0.5427867 2.387654
0.388857 0.2327896 2.399635
0.3734705 -0.1188227 2.434198
0.359205 -0.1275107 2.339464
0.2897752 1.088671 2.426491
0.1251965 0.4637941 2.328871
0.1601987 0.5499122 2.315068
0.4997308 0.4737754 2.360809
0.4629945 0.5458506 2.324536
18
0.3135521 0.5375668 2.419161
0.3011366 0.8550968 2.428144
0.2854001 1.16512 2.422549
0.3355671 1.301715 2.407614
0.1281612 1.045116 2.426375
0.07849646 0.8204819 2.401626
0.105483 0.5847096 2.337467
0.1177229 0.5358637 2.334467
0.48366 1.038947 2.444441
0.5212286 0.7746796 2.438747
0.5160835 0.5842644 2.370774
0.5031939 0.5442388 2.359278
0.2275785 0.5462187 2.378362
0.2186379 0.237182 2.388976
0.2326256 -0.1140422 2.425816
0.1412156 -0.1279111 2.3283
0.3900582 0.5427909 2.387631
0.3888662 0.2327691 2.399643
0.3734978 -0.1188049 2.434187
0.3594152 -0.1275 2.339425
0.2896673 1.088669 2.42648
0.1242233 0.4637344 2.327924
0.1601075 0.5465838 2.313957
0.4997801 0.4737566 2.360621
0.4629367 0.5457869 2.324448
19
0.3135521 0.5375668 2.419161
0.3011366 0.8550968 2.428144
0.2854001 1.16512 2.422549
0.3355671 1.301715 2.407614
0.1281612 1.045116 2.426375
0.07849646 0.8204819 2.401626
0.105483 0.5847096 2.337467
0.1177229 0.5358637 2.334467
0.48366 1.038947 2.444441
0.5212286 0.7746796 2.438747
0.5160835 0.5842644 2.370774
0.5031939 0.5442388 2.359278
0.2275785 0.5462187 2.378362
0.2186379 0.237182 2.388976
0.2326256 -0.1140422 2.425816
0.1412156 -0.1279111 2.3283
0.3900582 0.5427909 2.387631
0.3888662 0.2327691 2.399643
0.3734978 -0.1188049 2.434187
0.3594152 -0.1275 2.339425
0.2896673 1.088669 2.42648
0.1242233 0.4637344 2.327924
0.1601075 0.5465838 2.313957
0.4997801 0.4737566 2.360621
0.4629367 0.5457869 2.324448
20
0.3135467 0.5375688 2.419167
0.3010494 0.855103 2.428144
0.2852973 1.165114 2.422539
0.3354498 1.301699 2.407623
0.1281312 1.045071 2.426508
0.07851136 0.8204455 2.401679
0.1057778 0.5830524 2.336907
0.1177192 0.5354539 2.334286
0.4836007 1.039012 2.444336
0.5212226 0.7746464 2.438514
0.516013 0.584239 2.370498
0.5031734 0.5442348 2.359149
0.2275682 0.5462233 2.378392
0.2186295 0.2371655 2.388968
0.2326465 -0.114887 2.425905
0.1409321 -0.1286867 2.329182
0.3900431 0.5427954 2.387602
0.3888732 0.2327493 2.39965
0.3733958 -0.1218191 2.43447
0.3369651 -0.129479 2.340279
0.2895618 1.088667 2.426469
0.1234046 0.4635827 2.327607
0.1601049 0.5460225 2.313731
0.4998109 0.4737524 2.360483
0.4628659 0.5431373 2.324297
21
0.3135467 0.5375688 2.419167
0.3010494 0.855103 2.428144
0.2852973 1.165114 2.422539
0.3354498 1.301699 2.407623
0.1281312 1.045071 2.426508
0.07851136 0.8204455 2.401679
0.1057778 0.5830524 2.336907
0.1177192 0.5354539 2.334286
0.4836007 1.039012 2.444336
0.5212226 0.7746464 2.438514
0.516013 0.584239 2.370498
0.5031734 0.5442348 2.359149
0.2275682 0.5462233 2.378392
0.2186295 0.2371655 2.388968
0.2326465 -0.114887 2.425905
0.1409321 -0.1286867 2.329182
0.3900431 0.5427954 2.387602
0.3888732 0.2327493 2.39965
0.3733958 -0.1218191 2.43447
0.3369651 -0.129479 2.340279
0.2895618 1.088667 2.426469
0.1234046 0.4635827 2.327607
0.1601049 0.5460225 2.313731
0.4998109 0.4737524 2.360483
0.4628659 0.5431373 2.324297
22
0.3135377 0.5375713 2.419168
0.300957 0.8551084 2.428137
0.2851953 1.165108 2.422529
0.3353175 1.301683 2.407631
0.128087 1.045017 2.42665
0.07852294 0.8204141 2.401727
0.1057644 0.5822183 2.336728
0.1176865 0.5352649 2.334111
0.4835416 1.039072 2.444235
0.5212095 0.7745754 2.438252
0.5159227 0.5841745 2.370187
0.503089 0.544251 2.358906
0.227556 0.546227 2.378419
0.2186238 0.2371196 2.388964
0.2326667 -0.1158036 2.425996
0.141077 -0.1295581 2.329645
0.3900154 0.5428049 2.38754
0.388877 0.2327425 2.399652
0.3733735 -0.1229199 2.434559
0.3371841 -0.1304781 2.341477
0.2894564 1.088664 2.426458
0.1232217 0.4637115 2.327326
0.1599288 0.5474513 2.313529
0.4997499 0.4737394 2.360132
0.462051 0.5467132 2.324077
23
0.3135377 0.5375713 2.419168
0.300957 0.8551084 2.428137
0.2851953 1.165108 2.422529
0.3353175 1.301683 2.407631
0.128087 1.045017 2.42665
0.07852294 0.8204141 2.401727
0.1057644 0.5822183 2.336728
0.1176865 0.5352649 2.334111
0.4835416 1.039072 2.444235
0.5212095 0.7745754 2.438252
0.5159227 0.5841745 2.370187
0.503089 0.544251 2.358906
0.227556 0.546227 2.378419
0.2186238 0.2371196 2.388964
0.2326667 -0.1158036 2.425996
0.141077 -0.1295581 2.329645
0.3900154 0.5428049 2.38754
0.388877 0.2327425 2.399652
0.3733735 -0.1229199 2.434559
0.3371841 -0.1304781 2.341477
0.2894564 1.088664 2.426458
0.1232217 0.4637115 2.327326
0.1599288 0.5474513 2.313529
0.4997499 0.4737394 2.360132
0.462051 0.5467132 2.324077
24
0.3135253 0.5375738 2.419167
0.3008623 0.8551124 2.428129
0.2850952 1.165101 2.42252
0.335159 1.301662 2.407648
0.1280178 1.044946 2.42681
0.07853122 0.820387 2.401772
0.1057164 0.5804482 2.33643
0.1182504 0.5293783 2.333452
0.4834812 1.03913 2.444137
0.5211753 0.7745936 2.437992
0.5158283 0.5841966 2.36992
0.5030306 0.5443035 2.358733
0.2275413 0.54623 2.378443
0.2186136 0.2371071 2.388949
0.2327301 -0.1177368 2.426198
0.1423543 -0.1313483 2.330782
0.3899817 0.5428156 2.387467
0.388879 0.2327348 2.399652
0.3733581 -0.1238643 2.434631
0.3392417 -0.1314007 2.342661
0.2893526 1.088659 2.426447
0.1247844 0.4651598 2.327156
0.1600988 0.5449138 2.312659
0.4996342 0.4737572 2.359948
0.4618851 0.5471455 2.324015
25
0.3135253 0.5375738 2.419167
0.3008623 0.8551124 2.428129
0.2850952 1.165101 2.42252
0.335159 1.301662 2.407648
0.1280178 1.044946 2.42681
0.07853122 0.820387 2.401772
0.1057164 0.5804482 2.33643
0.1182504 0.5293783 2.333452
0.4834812 1.03913 2.444137
0.5211753 0.7745936 2.437992
0.5158283 0.5841966 2.36992
0.5030306 0.5443035 2.358733
0.2275413 0.54623 2.378443
0.2186136 0.2371071 2.388949
0.2327301 -0.1177368 2.426198
0.1423543 -0.1313483 2.330782
0.3899817 0.5428156 2.387467
0.388879 0.2327348 2.399652
0.3733581 -0.1238643 2.434631
0.3392417 -0.1314007 2.342661
0.2893526 1.088659 2.426447
0.1247844 0.4651598 2.327156
0.1600988 0.5449138 2.312659
0.4996342 0.4737572 2.359948
0.4618851 0.5471455 2.324015
26
0.3135068 0.5375751 2.419162
0.3007644 0.8551136 2.428119
0.284998 1.165091 2.422512
0.3349644 1.301634 2.407674
0.1279378 1.044864 2.426976
0.07853462 0.8203645 2.401813
0.1055404 0.5800505 2.336517
0.1181549 0.5289028 2.333463
0.4834212 1.039182 2.444042
0.5211406 0.7746134 2.437749
0.5157266 0.5842263 2.369653
0.5027905 0.5444012 2.358476
0.2275213 0.5462307 2.378466
0.2185682 0.236884 2.388986
0.2327943 -0.119489 2.426376
0.1436037 -0.1330162 2.331381
0.3899384 0.5428233 2.387376
0.3888783 0.2327131 2.399651
0.3733589 -0.1243251 2.434653
0.3417247 -0.1319204 2.343148
0.2892511 1.088651 2.426437
0.1248216 0.4653894 2.327006
0.1601079 0.5445254 2.312455
0.4990488 0.4740462 2.358588
0.4616507 0.5478798 2.323987
27
0.3135068 0.5375751 2.419162
0.3007644 0.8551136 2.428119
0.284998 1.165091 2.422512
0.3349644 1.301634 2.407674
0.1279378 1.044864 2.426976
0.07853462 0.8203645 2.401813
0.1055404 0.5800505 2.336517
0.1181549 0.5289028 2.333463
0.4834212 1.039182 2.444042
0.5211406 0.7746134 2.437749
0.5157266 0.5842263 2.369653
0.5027905 0.5444012 2.358476
0.2275213 0.5462307 2.378466
0.2185682 0.236884 2.388986
0.2327943 -0.119489 2.426376
0.1436037 -0.1330162 2.331381
0.3899384 0.5428233 2.387376
0.3888783 0.2327131 2.399651
0.3733589 -0.1243251 2.434653
0.3417247 -0.1319204 2.343148
0.2892511 1.088651 2.426437
0.1248216 0.4653894 2.327006
0.1601079 0.5445254 2.312455
0.4990488 0.4740462 2.358588
0.4616507 0.5478798 2.323987
28
0.313483 0.537576 2.419154
0.3006637 0.855113 2.428107
0.2849026 1.165079 2.422506
0.3347537 1.301601 2.407705
0.1278514 1.044779 2.427144
0.07853468 0.8203438 2.401855
0.1055108 0.578692 2.336657
0.1184939 0.5247623 2.333286
0.4833587 1.039231 2.443946
0.5211064 0.774636 2.437531
0.5156094 0.5842729 2.369361
0.502524 0.5445059 2.358072
0.2274961 0.5462309 2.378489
0.2185417 0.2368261 2.388994
0.2328427 -0.1208728 2.426517
0.1445683 -0.1343399 2.331779
0.3898902 0.5428302 2.387281
0.3888766 0.2327034 2.399648
0.3733754 -0.1246261 2.434658
0.3442817 -0.1323031 2.343422
0.2891509 1.088642 2.426428
0.1391099 0.4482365 2.329069
0.1605504 0.5412397 2.311841
0.4984573 0.4742632 2.357113
0.4608328 0.5429478 2.323027
29
0.313483 0.537576 2.419154
0.3006637 0.855113 2.428107
0.2849026 1.165079 2.422506
0.3347537 1.301601 2.407705
0.1278514 1.044779 2.427144
0.07853468 0.8203438 2.401855
0.1055108 0.578692 2.336657
0.1184939 0.5247623 2.333286
0.4833587 1.039231 2.443946
0.5211064 0.774636 2.437531
0.5156094 0.5842729 2.369361
0.502524 0.5445059 2.358072
0.2274961 0.5462309 2.378489
0.2185417 0.2368261 2.388994
0.2328427 -0.1208728 2.426517
0.1445683 -0.1343399 2.331779
0.3898902 0.5428302 2.387281
0.3888766 0.2327034 2.399648
0.3733754 -0.1246261 2.434658
0.3442817 -0.1323031 2.343422
0.2891509 1.088642 2.426428
0.1391099 0.4482365 2.329069
0.1605504 0.5412397 2.311841
0.4984573 0.4742632 2.357113
0.4608328 0.5429478 2.323027
30
0.3134529 0.5375767 2.419144
0.3005588 0.8551116 2.428095
0.2848077 1.165067 2.422501
0.3345143 1.301578 2.407735
0.1277554 1.044685 2.427313
0.07852571 0.8202921 2.401907
0.1047685 0.5798357 2.337655
0.1179737 0.5259554 2.333467
0.4832977 1.039276 2.443855
0.5210742 0.7746664 2.437349
0.515369 0.584408 2.368866
0.5020123 0.5455342 2.35686
0.2274664 0.5462303 2.378512
0.2185024 0.2367589 2.389005
0.2328836 -0.1218781 2.426619
0.1454434 -0.1352909 2.332164
0.3898344 0.5428365 2.387183
0.3888733 0.2326976 2.399641
0.3734013 -0.1247209 2.43464
0.3467855 -0.1324989 2.343442
0.2890505 1.088633 2.426419
0.1352641 0.4522054 2.327597
0.1603922 0.5421813 2.311891
0.4976186 0.4754242 2.355294
0.4606223 0.5418782 2.322669
31
0.3134529 0.5375767 2.419144
0.3005588 0.8551116 2.428095
0.2848077 1.165067 2.422501
0.3345143 1.301578 2.407735
0.1277554 1.044685 2.427313
0.07852571 0.8202921 2.401907
0.1047685 0.5798357 2.337655
0.1179737 0.5259554 2.333467
0.4832977 1.039276 2.443855
0.5210742 0.7746664 2.437349
0.515369 0.584408 2.368866
0.5020123 0.5455342 2.35686
0.2274664 0.5462303 2.378512
0.2185024 0.2367589 2.389005
0.2328836 -0.1218781 2.426619
0.1454434 -0.1352909 2.332164
0.3898344 0.5428365 2.387183
0.3888733 0.2326976 2.399641
0.3734013 -0.1247209 2.43464
0.3467855 -0.1324989 2.343442
0.2890505 1.088633 2.426419
0.1352641 0.4522054 2.327597
0.1603922 0.5421813 2.311891
0.4976186 0.4754242 2.355294
0.4606223 0.5418782 2.322669
32
0.3133592 0.5375763 2.419112
0.3004132 0.8551093 2.428075
0.2847043 1.165055 2.422498
0.3342502 1.301565 2.407762
0.1276425 1.044591 2.427486
0.0784989 0.8202481 2.401967
0.1035243 0.5825537 2.339111
0.1170936 0.5294968 2.333881
0.4832295 1.039319 2.443757
0.5210507 0.7748901 2.437268
0.5142154 0.5858808 2.366786
0.5002219 0.5508363 2.350394
0.2273799 0.5462296 2.378535
0.2184667 0.2367324 2.389009
0.2329157 -0.122573 2.426696
0.1460095 -0.1359557 2.332426
0.3897138 0.5428395 2.387043
0.3888639 0.232695 2.399632
0.373244 -0.1289874 2.435034
0.3129699 -0.1354273 2.342648
0.2889357 1.088623 2.426412
0.1312939 0.4553683 2.326916
0.1599376 0.5432816 2.311962
0.4917663 0.486163 2.34235
0.4589987 0.5601985 2.31894
33
0.3133592 0.5375763 2.419112
0.3004132 0.8551093 2.428075
0.2847043 1.165055 2.422498
0.3342502 1.301565 2.407762
0.1276425 1.044591 2.427486
0.0784989 0.8202481 2.401967
0.1035243 0.5825537 2.339111
0.1170936 0.5294968 2.333881
0.4832295 1.039319 2.443757
0.5210507 0.7748901 2.437268
0.5142154 0.5858808 2.366786
0.5002219 0.5508363 2.350394
0.2273799 0.5462296 2.378535
0.2184667 0.2367324 2.389009
0.2329157 -0.122573 2.426696
0.1460095 -0.1359557 2.332426
0.3897138 0.5428395 2.387043
0.3888639 0.232695 2.399632
0.373244 -0.1289874 2.435034
0.3129699 -0.1354273 2.342648
0.2889357 1.088623 2.426412
0.1312939 0.4553683 2.326916
0.1599376 0.5432816 2.311962
0.4917663 0.486163 2.34235
0.4589987 0.5601985 2.31894
34
0.3131996 0.5375772 2.419051
0.3002354 0.8551065 2.428045
0.2845969 1.165042 2.422495
0.333946 1.301564 2.407796
0.1275181 1.044491 2.427659
0.07845436 0.8201869 2.40204
0.1030398 0.5815458 2.339571
0.1168546 0.5299399 2.333975
0.4831558 1.03936 2.443658
0.5210166 0.7756439 2.437381
0.5090101 0.5939093 2.355542
0.4921749 0.5651818 2.331486
0.2272361 0.5462313 2.378555
0.2184088 0.2367471 2.389006
0.2329424 -0.1230294 2.426749
0.1463269 -0.1364035 2.332616
0.3895144 0.5428421 2.38683
0.3888387 0.232724 2.399607
0.3733762 -0.1263433 2.434761
0.3328077 -0.1337972 2.34078
0.2888123 1.088611 2.426402
0.1261195 0.4611346 2.323524
0.1597907 0.543404 2.311982
0.4745647 0.5117586 2.326194
0.4505688 0.5883869 2.315098
35
0.3131996 0.5375772 2.419051
0.3002354 0.8551065 2.428045
0.2845969 1.165042 2.422495
0.333946 1.301564 2.407796
0.1275181 1.044491 2.427659
0.07845436 0.8201869 2.40204
0.1030398 0.5815458 2.339571
0.1168546 0.5299399 2.333975
0.4831558 1.03936 2.443658
0.5210166 0.7756439 2.437381
0.5090101 0.5939093 2.355542
0.4921749 0.5651818 2.331486
0.2272361 0.5462313 2.378555
0.2184088 0.2367471 2.389006
0.2329424 -0.1230294 2.426749
0.1463269 -0.1364035 2.332616
0.3895144 0.5428421 2.38683
0.3888387 0.232724 2.399607
0.3733762 -0.1263433 2.434761
0.3328077 -0.1337972 2.34078
0.2888123 1.088611 2.426402
0.1261195 0.4611346 2.323524
0.1597907 0.543404 2.311982
0.4745647 0.5117586 2.326194
0.4505688 0.5883869 2.315098
36
0.3129605 0.5375867 2.418969
0.3000218 0.8551062 2.428005
0.2844857 1.165029 2.42249
0.3335988 1.301576 2.407839
0.1273956 1.044397 2.427823
0.07839496 0.8201126 2.402123
0.1025832 0.5795525 2.33969
0.1167149 0.5301833 2.334015
0.483029 1.039432 2.443516
0.5206653 0.7801353 2.437829
0.5004888 0.6079031 2.343697
0.4794941 0.6022875 2.311677
0.2270006 0.5462378 2.378593
0.2182363 0.2364812 2.389092
0.2329841 -0.1233529 2.426782
0.1465587 -0.1367448 2.332744
0.3892289 0.5428607 2.386554
0.3888039 0.2327682 2.399573
0.3734022 -0.1255394 2.434664
0.3359416 -0.1331327 2.340688
0.2886796 1.088601 2.42639
0.1245174 0.464082 2.32145
0.1597125 0.5434161 2.311969
0.446483 0.5431396 2.303615
0.4349847 0.616119 2.308795
37
0.3129605 0.5375867 2.418969
0.3000218 0.8551062 2.428005
0.2844857 1.165029 2.42249
0.3335988 1.301576 2.407839
0.1273956 1.044397 2.427823
0.07839496 0.8201126 2.402123
0.1025832 0.5795525 2.33969
0.1167149 0.5301833 2.334015
0.483029 1.039432 2.443516
0.5206653 0.7801353 2.437829
0.5004888 0.6079031 2.343697
0.4794941 0.6022875 2.311677
0.2270006 0.5462378 2.378593
0.2182363 0.2364812 2.389092
0.2329841 -0.1233529 2.426782
0.1465587 -0.1367448 2.332744
0.3892289 0.5428607 2.386554
0.3888039 0.2327682 2.399573
0.3734022 -0.1255394 2.434664
0.3359416 -0.1331327 2.340688
0.2886796 1.088601 2.42639
0.1245174 0.464082 2.32145
0.1597125 0.5434161 2.311969
0.446483 0.5431396 2.303615
0.4349847 0.616119 2.308795
38
0.3126623 0.5376132 2.418868
0.2997786 0.8551124 2.427955
0.2843684 1.165017 2.422483
0.3332193 1.301601 2.407889
0.1272203 1.044299 2.428019
0.07831978 0.8200454 2.402223
0.102258 0.5770284 2.339442
0.1165879 0.5303655 2.334012
0.4828455 1.039546 2.443333
0.5183684 0.7917421 2.436945
0.5019438 0.6666528 2.284522
0.4832756 0.6713051 2.265728
0.2267043 0.5462514 2.378646
0.2179796 0.2361632 2.389184
0.2330326 -0.1235223 2.426799
0.1467076 -0.1369621 2.33283
0.3888575 0.5429231 2.386194
0.3887452 0.2328432 2.399503
0.373412 -0.1246576 2.43456
0.3396142 -0.1324238 2.340583
0.2885362 1.088591 2.426373
0.1226115 0.47219 2.32052
0.1596589 0.543429 2.311944
0.4669596 0.6604466 2.239957
0.4627776 0.6571037 2.279182
39
0.3126623 0.5376132 2.418868
0.2997786 0.8551124 2.427955
0.2843684 1.165017 2.422483
0.3332193 1.301601 2.407889
0.1272203 1.044299 2.428019
0.07831978 0.8200454 2.402223
0.102258 0.5770284 2.339442
0.1165879 0.5303655 2.334012
0.4828455 1.039546 2.443333
0.5183684 0.7917421 2.436945
0.5019438 0.6666528 2.284522
0.4832756 0.6713051 2.265728
0.2267043 0.5462514 2.378646
0.2179796 0.2361632 2.389184
0.2330326 -0.1235223 2.426799
0.1467076 -0.1369621 2.33283
0.3888575 0.5429231 2.386194
0.3887452 0.2328432 2.399503
0.373412 -0.1246576 2.43456
0.3396142 -0.1324238 2.340583
0.2885362 1.088591 2.426373
0.1226115 0.47219 2.32052
0.1596589 0.543429 2.311944
0.4669596 0.6604466 2.239957
0.4627776 0.6571037 2.279182
40
0.3122963 0.5376661 2.418771
0.2995051 0.855131 2.427902
0.2842451 1.165008 2.422472
0.3327896 1.301653 2.407964
0.1269369 1.04421 2.428325
0.07817586 0.8200058 2.40239
0.1020139 0.5745354 2.339114
0.1162683 0.5295495 2.334205
0.4825914 1.039734 2.4431
0.5141248 0.8291602 2.43724
0.4866809 0.7545827 2.238997
0.4875704 0.7661752 2.220557
0.2263182 0.5462865 2.378752
0.2174512 0.2362274 2.389223
0.2331076 -0.1235466 2.426796
0.1467882 -0.1371138 2.332854
0.3884208 0.5430259 2.385813
0.3885849 0.2330456 2.399333
0.373403 -0.1241556 2.434506
0.3449652 -0.1321759 2.34078
0.2883819 1.088587 2.426353
0.1212746 0.4720657 2.322624
0.1594599 0.541819 2.311954
0.4741893 0.7677033 2.188041
0.504673 0.7402489 2.23133
41
0.3122963 0.5376661 2.418771
0.2995051 0.855131 2.427902
0.2842451 1.165008 2.422472
0.3327896 1.301653 2.407964
0.1269369 1.04421 2.428325
0.07817586 0.8200058 2.40239
0.1020139 0.5745354 2.339114
0.1162683 0.5295495 2.334205
0.4825914 1.039734 2.4431
0.5141248 0.8291602 2.43724
0.4866809 0.7545827 2.238997
0.4875704 0.7661752 2.220557
0.2263182 0.5462865 2.378752
0.2174512 0.2362274 2.389223
0.2331076 -0.1235466 2.426796
0.1467882 -0.1371138 2.332854
0.3884208 0.5430259 2.385813
0.3885849 0.2330456 2.399333
0.373403 -0.1241556 2.434506
0.3449652 -0.1321759 2.34078
0.2883819 1.088587 2.426353
0.1212746 0.4720657 2.322624
0.1594599 0.541819 2.311954
0.4741893 0.7677033 2.188041
0.504673 0.7402489 2.23133
42
0.311783 0.537765 2.418666
0.2991762 0.8551641 2.427844
0.2841147 1.165 2.422461
0.3322777 1.301728 2.40808
0.1266018 1.044108 2.428702
0.07799893 0.8199868 2.402598
0.1018804 0.5723515 2.338703
0.116067 0.5284675 2.334284
0.4822997 1.03999 2.442826
0.5146357 0.8455439 2.437126
0.4932527 0.8683996 2.209279
0.4924247 0.8689613 2.178801
0.2257743 0.5463582 2.378917
0.216819 0.2365135 2.389229
0.2331909 -0.1234655 2.426782
0.1468287 -0.1371942 2.332831
0.3878441 0.5431885 2.385376
0.388308 0.2334442 2.39901
0.3734138 -0.1236912 2.434469
0.3492282 -0.1319744 2.340885
0.2882125 1.088585 2.426332
0.1184608 0.4704228 2.324611
0.1592402 0.5395747 2.311628
0.4837897 0.8805021 2.144778
0.527794 0.8437964 2.174969
43
0.311783 0.537765 2.418666
0.2991762 0.8551641 2.427844
0.2841147 1.165 2.422461
0.3322777 1.301728 2.40808
0.1266018 1.044108 2.428702
0.07799893 0.8199868 2.402598
0.1018804 0.5723515 2.338703
0.116067 0.5284675 2.334284
0.4822997 1.03999 2.442826
0.5146357 0.8455439 2.437126
0.4932527 0.8683996 2.209279
0.4924247 0.8689613 2.178801
0.2257743 0.5463582 2.378917
0.216819 0.2365135 2.389229
0.2331909 -0.1234655 2.426782
0.1468287 -0.1371942 2.332831
0.3878441 0.5431885 2.385376
0.388308 0.2334442 2.39901
0.3734138 -0.1236912 2.434469
0.3492282 -0.1319744 2.340885
0.2882125 1.088585 2.426332
0.1184608 0.4704228 2.324611
0.1592402 0.5395747 2.311628
0.4837897 0.8805021 2.144778
0.527794 0.8437964 2.174969
44
0.31116 0.5379061 2.418612
0.2988049 0.8552106 2.427802
0.2839775 1.164994 2.422451
0.3316866 1.301811 2.408262
0.1261306 1.044031 2.42938
0.07777055 0.8199158 2.402939
0.1018051 0.5705533 2.338336
0.1157121 0.5266792 2.334645
0.4818537 1.040481 2.442352
0.5181401 0.8575124 2.426598
0.5023664 0.950653 2.190297
0.4992633 0.9674633 2.151278
0.2250303 0.5464565 2.379284
0.2160929 0.2369412 2.389262
0.2332828 -0.1233434 2.426757
0.1467275 -0.1372389 2.332918
0.3871847 0.5434125 2.384948
0.3879408 0.234024 2.398559
0.3734462 -0.1231935 2.434451
0.3526313 -0.131751 2.340875
0.2880298 1.088587 2.426313
0.1165645 0.4696254 2.325789
0.1587903 0.5353693 2.311789
0.4889513 0.9872881 2.118834
0.5395967 0.9484686 2.128308
45
0.31116 0.5379061 2.418612
0.2988049 0.8552106 2.427802
0.2839775 1.164994 2.422451
0.3316866 1.301811 2.408262
0.1261306 1.044031 2.42938
0.07777055 0.8199158 2.402939
0.1018051 0.5705533 2.338336
0.1157121 0.5266792 2.334645
0.4818537 1.040481 2.442352
0.5181401 0.8575124 2.426598
0.5023664 0.950653 2.190297
0.4992633 0.9674633 2.151278
0.2250303 0.5464565 2.379284
0.2160929 0.2369412 2.389262
0.2332828 -0.1233434 2.426757
0.1467275 -0.1372389 2.332918
0.3871847 0.5434125 2.384948
0.3879408 0.234024 2.398559
0.3734462 -0.1231935 2.434451
0.3526313 -0.131751 2.340875
0.2880298 1.088587 2.426313
0.1165645 0.4696254 2.325789
0.1587903 0.5353693 2.311789
0.4889513 0.9872881 2.118834
0.5395967 0.9484686 2.128308
46
0.3103951 0.5380991 2.41862
0.2983686 0.8552806 2.427789
0.2838258 1.164994 2.422449
0.3309838 1.301936 2.408536
0.1252489 1.043933 2.430932
0.07736353 0.8199189 2.403746
0.1018177 0.5689818 2.338034
0.1155382 0.5251262 2.33515
0.4811479 1.041271 2.441508
0.5518013 0.8627716 2.413343
0.5230396 0.9985492 2.209917
0.5052152 1.045084 2.136231
0.2240764 0.5465847 2.379877
0.2153965 0.2366421 2.3896
0.233405 -0.1238264 2.426763
0.1485129 -0.1376085 2.334219
0.3863971 0.5437155 2.384512
0.3874868 0.2348298 2.397987
0.3734942 -0.1226944 2.434447
0.3549671 -0.1315216 2.340777
0.2878228 1.088597 2.426306
0.1171771 0.469999 2.326527
0.1586726 0.5343534 2.311797
0.4901388 1.079487 2.089626
0.5395618 1.037667 2.091607
47
0.3103951 0.5380991 2.41862
0.2983686 0.8552806 2.427789
0.2838258 1.164994 2.422449
0.3309838 1.301936 2.408536
0.1252489 1.043933 2.430932
0.07736353 0.8199189 2.403746
0.1018177 0.5689818 2.338034
0.1155382 0.5251262 2.33515
0.4811479 1.041271 2.441508
0.5518013 0.8627716 2.413343
0.5230396 0.9985492 2.209917
0.5052152 1.045084 2.136231
0.2240764 0.5465847 2.379877
0.2153965 0.2366421 2.3896
0.233405 -0.1238264 2.426763
0.1485129 -0.1376085 2.334219
0.3863971 0.5437155 2.384512
0.3874868 0.2348298 2.397987
0.3734942 -0.1226944 2.434447
0.3549671 -0.1315216 2.340777
0.2878228 1.088597 2.426306
0.1171771 0.469999 2.326527
0.1586726 0.5343534 2.311797
0.4901388 1.079487 2.089626
0.5395618 1.037667 2.091607
48
0.3095126 0.5383168 2.418667
0.297885 0.855363 2.427802
0.2836648 1.164996 2.42246
0.3300829 1.302102 2.408995
0.1242332 1.043692 2.432886
0.07647732 0.8202365 2.405504
0.1018386 0.5676712 2.337807
0.1153702 0.5231453 2.335766
0.4801419 1.042312 2.440078
0.5832893 0.8826814 2.379268
0.5304015 1.059048 2.188619
0.5058463 1.104953 2.117969
0.2230048 0.5467072 2.380585
0.2146932 0.236109 2.390069
0.2335695 -0.1250145 2.426826
0.1515994 -0.1384562 2.336862
0.3854965 0.5440649 2.384063
0.387026 0.2356403 2.397377
0.3735437 -0.1222849 2.434451
0.3568699 -0.1313727 2.340648
0.2875993 1.088611 2.426315
0.1180027 0.4697051 2.327739
0.1585736 0.5335535 2.311821
0.4843807 1.137171 2.070743
0.5304312 1.102548 2.064866
49
0.3095126 0.5383168 2.418667
0.297885 0.855363 2.427802
0.2836648 1.164996 2.42246
0.3300829 1.302102 2.408995
0.1242332 1.043692 2.432886
0.07647732 0.8202365 2.405504
0.1018386 0.5676712 2.337807
0.1153702 0.5231453 2.335766
0.4801419 1.042312 2.440078
0.5832893 0.8826814 2.379268
0.5304015 1.059048 2.188619
0.5058463 1.104953 2.117969
0.2230048 0.5467072 2.380585
0.2146932 0.236109 2.390069
0.2335695 -0.1250145 2.426826
0.1515994 -0.1384562 2.336862
0.3854965 0.5440649 2.384063
0.387026 0.2356403 2.397377
0.3735437 -0.1222849 2.434451
0.3568699 -0.1313727 2.340648
0.2875993 1.088611 2.426315
0.1180027 0.4697051 2.327739
0.1585736 0.5335535 2.311821
0.4843807 1.137171 2.070743
0.5304312 1.102548 2.064866
50
0.3083446 0.5386187 2.41883
0.297315 0.8554715 2.427875
0.2834942 1.165001 2.422495
0.3289132 1.302206 2.409804
0.1231338 1.043388 2.435539
0.07529876 0.8202115 2.408148
0.101862 0.566579 2.337638
0.1152825 0.5213985 2.336377
0.4789859 1.04368 2.437707
0.6067989 0.9228098 2.317095
0.5293595 1.114848 2.152812
0.4946286 1.161453 2.077373
0.2215839 0.5468329 2.381672
0.2142785 0.2360309 2.390444
0.2336619 -0.1255949 2.426832
0.1521355 -0.1388922 2.33811
0.3842903 0.5445842 2.383573
0.3865679 0.2364967 2.396765
0.3735847 -0.1219505 2.434459
0.3584277 -0.1312753 2.340564
0.2873552 1.088632 2.426355
0.1217202 0.4702966 2.33008
0.1585086 0.5330053 2.311826
0.4625385 1.193128 2.026267
0.5151126 1.159235 2.024221
51
0.3083446 0.5386187 2.41883
0.297315 0.8554715 2.427875
0.2834942 1.165001 2.422495
0.3289132 1.302206 2.409804
0.1231338 1.043388 2.435539
0.07529876 0.8202115 2.408148
0.101862 0.566579 2.337638
0.1152825 0.5213985 2.336377
0.4789859 1.04368 2.437707
0.6067989 0.9228098 2.317095
0.5293595 1.114848 2.152812
0.4946286 1.161453 2.077373
0.2215839 0.5468329 2.381672
0.2142785 0.2360309 2.390444
0.2336619 -0.1255949 2.426832
0.1521355 -0.1388922 2.33811
0.3842903 0.5445842 2.383573
0.3865679 0.2364967 2.396765
0.3735847 -0.1219505 2.434459
0.3584277 -0.1312753 2.340564
0.2873552 1.088632 2.426355
0.1217202 0.4702966 2.33008
0.1585086 0.5330053 2.311826
0.4625385 1.193128 2.026267
0.5151126 1.159235 2.024221
52
0.3070403 0.5390522 2.419129
0.296682 0.855621 2.428025
0.2833076 1.165008 2.422565
0.3277009 1.302288 2.410809
0.1219323 1.04312 2.439751
0.07394125 0.8198423 2.412273
0.1018349 0.5655629 2.337663
0.1149854 0.5208539 2.337222
0.4776897 1.045844 2.433758
0.6125904 0.9763889 2.258117
0.515908 1.157726 2.097509
0.4740261 1.203248 2.019328
0.2199227 0.5470611 2.383391
0.2139322 0.2363138 2.390905
0.2336791 -0.1249828 2.426701
0.1515363 -0.1382914 2.337687
0.3828434 0.5453902 2.382999
0.3860214 0.2377209 2.396068
0.3736249 -0.1220465 2.43452
0.3600634 -0.1315662 2.341078
0.2870861 1.088661 2.426437
0.1230662 0.4722071 2.331263
0.1581387 0.5334209 2.312764
0.4399897 1.231213 1.972162
0.496113 1.201329 1.967888
53
0.3070403 0.5390522 2.419129
0.296682 0.855621 2.428025
0.2833076 1.165008 2.422565
0.3277009 1.302288 2.410809
0.1219323 1.04312 2.439751
0.07394125 0.8198423 2.412273
0.1018349 0.5655629 2.337663
0.1149854 0.5208539 2.337222
0.4776897 1.045844 2.433758
0.6125904 0.9763889 2.258117
0.515908 1.157726 2.097509
0.4740261 1.203248 2.019328
0.2199227 0.5470611 2.383391
0.2139322 0.2363138 2.390905
0.2336791 -0.1249828 2.426701
0.1515363 -0.1382914 2.337687
0.3828434 0.5453902 2.382999
0.3860214 0.2377209 2.396068
0.3736249 -0.1220465 2.43452
0.3600634 -0.1315662 2.341078
0.2870861 1.088661 2.426437
0.1230662 0.4722071 2.331263
0.1581387 0.5334209 2.312764
0.4399897 1.231213 1.972162
0.496113 1.201329 1.967888
54
0.3056292 0.5395802 2.419584
0.296024 0.8558042 2.428257
0.2831275 1.165019 2.422672
0.3264182 1.302322 2.412164
0.1208951 1.042706 2.44527
0.07264061 0.8192042 2.417638
0.09861218 0.5734672 2.346076
0.1131187 0.5231067 2.34093
0.4760614 1.048505 2.428978
0.5817398 1.06138 2.182483
0.4919617 1.19702 2.019247
0.4500419 1.233456 1.942422
0.2179943 0.5473389 2.38598
0.2136671 0.2366251 2.391348
0.2336955 -0.124606 2.426597
0.1510436 -0.1379155 2.337164
0.3812845 0.5463656 2.382371
0.3855439 0.2389285 2.39546
0.3736522 -0.1221 2.434561
0.3612252 -0.1317856 2.341351
0.2868186 1.088699 2.426564
0.1219733 0.4715323 2.333961
0.1555845 0.5379414 2.318141
0.4171807 1.260153 1.901108
0.479081 1.239075 1.903734
55
0.3056292 0.5395802 2.419584
0.296024 0.8558042 2.428257
0.2831275 1.165019 2.422672
0.3264182 1.302322 2.412164
0.1208951 1.042706 2.44527
0.07264061 0.8192042 2.417638
0.09861218 0.5734672 2.346076
0.1131187 0.5231067 2.34093
0.4760614 1.048505 2.428978
0.5817398 1.06138 2.182483
0.4919617 1.19702 2.019247
0.4500419 1.233456 1.942422
0.2179943 0.5473389 2.38598
0.2136671 0.2366251 2.391348
0.2336955 -0.124606 2.426597
0.1510436 -0.1379155 2.337164
0.3812845 0.5463656 2.382371
0.3855439 0.2389285 2.39546
0.3736522 -0.1221 2.434561
0.3612252 -0.1317856 2.341351
0.2868186 1.088699 2.426564
0.1219733 0.4715323 2.333961
0.1555845 0.5379414 2.318141
0.4171807 1.260153 1.901108
0.479081 1.239075 1.903734
56
0.304255 0.5401821 2.420108
0.295395 0.856015 2.428529
0.2829671 1.165037 2.422803
0.3252318 1.3023 2.413618
0.1201968 1.042549 2.45101
0.07133205 0.8195146 2.423687
0.09640723 0.5793635 2.352101
0.1104964 0.5289182 2.346005
0.4740602 1.051193 2.423922
0.5266364 1.134207 2.178295
0.4877717 1.197407 1.98801
0.4303155 1.244913 1.85545
0.2160889 0.5477116 2.388994
0.213478 0.2372579 2.391759
0.2337195 -0.1246082 2.426531
0.150904 -0.1378464 2.33697
0.3797287 0.5475326 2.381602
0.3851181 0.2401426 2.394904
0.3736705 -0.1221756 2.434597
0.362222 -0.1320044 2.341579
0.2865717 1.088746 2.426716
0.1197619 0.4709625 2.336355
0.15462 0.5393667 2.320001
0.4072715 1.259889 1.826088
0.4621112 1.245131 1.831783
57
0.304255 0.5401821 2.420108
0.295395 0.856015 2.428529
0.2829671 1.165037 2.422803
0.3252318 1.3023 2.413618
0.1201968 1.042549 2.45101
0.07133205 0.8195146 2.423687
0.09640723 0.5793635 2.352101
0.1104964 0.5289182 2.346005
0.4740602 1.051193 2.423922
0.5266364 1.134207 2.178295
0.4877717 1.197407 1.98801
0.4303155 1.244913 1.85545
0.2160889 0.5477116 2.388994
0.213478 0.2372579 2.391759
0.2337195 -0.1246082 2.426531
0.150904 -0.1378464 2.33697
0.3797287 0.5475326 2.381602
0.3851181 0.2401426 2.394904
0.3736705 -0.1221756 2.434597
0.362222 -0.1320044 2.341579
0.2865717 1.088746 2.426716
0.1197619 0.4709625 2.336355
0.15462 0.5393667 2.320001
0.4072715 1.259889 1.826088
0.4621112 1.245131 1.831783
58
0.3030217 0.5407606 2.420755
0.2947937 0.8562362 2.428886
0.2828135 1.165056 2.422976
0.3241419 1.302171 2.415334
0.1201815 1.042211 2.457196
0.07031298 0.819573 2.429206
0.09483616 0.5836414 2.356759
0.1084088 0.5337527 2.351373
0.468722 1.055334 2.413738
0.4846139 1.189965 2.116985
0.4163273 1.179905 1.874996
0.4304015 1.22779 1.790937
0.2143788 0.5479866 2.393096
0.2133735 0.2375817 2.392105
0.2337337 -0.124634 2.426479
0.150701 -0.1378248 2.336662
0.3784459 0.5485502 2.380931
0.3849061 0.2405427 2.394683
0.3736501 -0.1220123 2.434555
0.3606925 -0.1318469 2.341473
0.2863319 1.088798 2.426919
0.1157742 0.4685074 2.341085
0.1533024 0.5418623 2.322838
0.4088609 1.254092 1.759622
0.468003 1.216332 1.783622
59
0.3030217 0.5407606 2.420755
0.2947937 0.8562362 2.428886
0.2828135 1.165056 2.422976
0.3241419 1.302171 2.415334
0.1201815 1.042211 2.457196
0.07031298 0.819573 2.429206
0.09483616 0.5836414 2.356759
0.1084088 0.5337527 2.351373
0.468722 1.055334 2.413738
0.4846139 1.189965 2.116985
0.4163273 1.179905 1.874996
0.4304015 1.22779 1.790937
0.2143788 0.5479866 2.393096
0.2133735 0.2375817 2.392105
0.2337337 -0.124634 2.426479
0.150701 -0.1378248 2.336662
0.3784459 0.5485502 2.380931
0.3849061 0.2405427 2.394683
0.3736501 -0.1220123 2.434555
0.3606925 -0.1318469 2.341473
0.2863319 1.088798 2.426919
0.1157742 0.4685074 2.341085
0.1533024 0.5418623 2.322838
0.4088609 1.254092 1.759622
0.468003 1.216332 1.783622
60
0.3018176 0.5413171 2.421626
0.2942469 0.8564517 2.429292
0.2826921 1.165076 2.423153
0.3231921 1.302002 2.417
0.1207932 1.042025 2.463114
0.06976423 0.8199253 2.435239
0.09339462 0.5872392 2.361491
0.1054903 0.5371085 2.357534
0.4635698 1.058019 2.405507
0.4391935 1.203263 2.115167
0.4323173 1.199216 1.877057
0.4477065 1.214499 1.789963
0.2128406 0.5479647 2.398058
0.2133147 0.2378142 2.392393
0.2337422 -0.124665 2.426438
0.1504982 -0.1378188 2.336338
0.3773492 0.5494545 2.380344
0.3847538 0.2408601 2.394528
0.3736238 -0.1219528 2.434519
0.3607033 -0.1318244 2.341363
0.2861273 1.088851 2.427131
0.1117799 0.4657498 2.346461
0.1506379 0.5462763 2.327625
0.4445698 1.204722 1.755657
0.4867964 1.216738 1.776243
61
0.3018176 0.5413171 2.421626
0.2942469 0.8564517 2.429292
0.2826921 1.165076 2.423153
0.3231921 1.302002 2.417
0.1207932 1.042025 2.463114
0.06976423 0.8199253 2.435239
0.09339462 0.5872392 2.361491
0.1054903 0.5371085 2.357534
0.4635698 1.058019 2.405507
0.4391935 1.203263 2.115167
0.4323173 1.199216 1.877057
0.4477065 1.214499 1.789963
0.2128406 0.5479647 2.398058
0.2133147 0.2378142 2.392393
0.2337422 -0.124665 2.426438
0.1504982 -0.1378188 2.336338
0.3773492 0.5494545 2.380344
0.3847538 0.2408601 2.394528
0.3736238 -0.1219528 2.434519
0.3607033 -0.1318244 2.341363
0.2861273 1.088851 2.427131
0.1117799 0.4657498 2.346461
0.1506379 0.5462763 2.327625
0.4445698 1.204722 1.755657
0.4867964 1.216738 1.776243
62
0.3007435 0.5417618 2.422577
0.2937681 0.8566368 2.429708
0.2825988 1.16509 2.423326
0.3224113 1.301803 2.4184
0.1215898 1.041892 2.467768
0.06979474 0.82038 2.440999
0.09216133 0.590018 2.36627
0.1031346 0.540251 2.363567
0.4590924 1.059496 2.399216
0.4210974 1.206883 2.113735
0.4246604 1.203174 1.830333
0.4447103 1.221703 1.748631
0.2117038 0.5476212 2.40266
0.2133014 0.2379637 2.392615
0.2337391 -0.1245939 2.426398
0.1506219 -0.1377336 2.335668
0.3764485 0.5502047 2.379845
0.3846329 0.2411348 2.394435
0.3735958 -0.1218101 2.434451
0.3605924 -0.131715 2.341027
0.2859558 1.088896 2.42734
0.1086076 0.46297 2.353775
0.1495429 0.5475664 2.329794
0.4599244 1.187519 1.742098
0.4911146 1.220031 1.76317
63
0.3007435 0.5417618 2.422577
0.2937681 0.8566368 2.429708
0.2825988 1.16509 2.423326
0.3224113 1.301803 2.4184
0.1215898 1.041892 2.467768
0.06979474 0.82038 2.440999
0.09216133 0.590018 2.36627
0.1031346 0.540251 2.363567
0.4590924 1.059496 2.399216
0.4210974 1.206883 2.113735
0.4246604 1.203174 1.830333
0.4447103 1.221703 1.748631
0.2117038 0.5476212 2.40266
0.2133014 0.2379637 2.392615
0.2337391 -0.1245939 2.426398
0.1506219 -0.1377336 2.335668
0.3764485 0.5502047 2.379845
0.3846329 0.2411348 2.394435
0.3735958 -0.1218101 2.434451
0.3605924 -0.131715 2.341027
0.2859558 1.088896 2.42734
0.1086076 0.46297 2.353775
0.1495429 0.5475664 2.329794
0.4599244 1.187519 1.742098
0.4911146 1.220031 1.76317
64
0.2996822 0.5420923 2.423668
0.2933438 0.8567905 2.430129
0.282536 1.1651 2.423485
0.3217041 1.301522 2.419536
0.1223781 1.041757 2.471397
0.07106204 0.8197961 2.448679
0.09123892 0.591835 2.370747
0.1011112 0.5429854 2.369492
0.4523607 1.059398 2.391582
0.4005617 1.23239 2.095262
0.4100324 1.22781 1.826189
0.4452647 1.218212 1.772303
0.210751 0.5470409 2.406844
0.2133143 0.2380806 2.3928
0.2337346 -0.1245605 2.426367
0.1507176 -0.1376779 2.335156
0.3756394 0.5508429 2.3794
0.3844543 0.2424987 2.394375
0.3736017 -0.1217954 2.434394
0.3604853 -0.1316769 2.340885
0.2858172 1.088932 2.427537
0.1032532 0.4639174 2.358395
0.1475282 0.5482706 2.333977
0.457706 1.191352 1.748534
0.4888352 1.218436 1.753282
65
0.2996822 0.5420923 2.423668
0.2933438 0.8567905 2.430129
0.282536 1.1651 2.423485
0.3217041 1.301522 2.419536
0.1223781 1.041757 2.471397
0.07106204 0.8197961 2.448679
0.09123892 0.591835 2.370747
0.1011112 0.5429854 2.369492
0.4523607 1.059398 2.391582
0.4005617 1.23239 2.095262
0.4100324 1.22781 1.826189
0.4452647 1.218212 1.772303
0.210751 0.5470409 2.406844
0.2133143 0.2380806 2.3928
0.2337346 -0.1245605 2.426367
0.1507176 -0.1376779 2.335156
0.3756394 0.5508429 2.3794
0.3844543 0.2424987 2.394375
0.3736017 -0.1217954 2.434394
0.3604853 -0.1316769 2.340885
0.2858172 1.088932 2.427537
0.1032532 0.4639174 2.358395
0.1475282 0.5482706 2.333977
0.457706 1.191352 1.748534
0.4888352 1.218436 1.753282
66
0.2987645 0.5423129 2.42469
0.2929746 0.8569066 2.430532
0.2824949 1.165099 2.423632
0.3209655 1.301108 2.420394
0.1230241 1.041526 2.474214
0.07233863 0.8187267 2.455991
0.09054773 0.5805657 2.378036
0.09802325 0.5329903 2.377561
0.4479007 1.059112 2.386672
0.4318056 1.196193 2.181309
0.4212865 1.21578 1.895547
0.4341106 1.218145 1.777495
0.2100907 0.5464669 2.410041
0.2133743 0.2381081 2.392978
0.2337266 -0.1245738 2.426342
0.1508275 -0.1376636 2.33462
0.3749266 0.55137 2.378995
0.3843136 0.2437236 2.394349
0.3735807 -0.1230198 2.434477
0.3391975 -0.1320699 2.34257
0.2857054 1.088956 2.427721
0.1015318 0.459825 2.366508
0.142882 0.543703 2.341492
0.443159 1.196648 1.755148
0.4737755 1.207989 1.758154
67
0.2987645 0.5423129 2.42469
0.2929746 0.8569066 2.430532
0.2824949 1.165099 2.423632
0.3209655 1.301108 2.420394
0.1230241 1.041526 2.474214
0.07233863 0.8187267 2.455991
0.09054773 0.5805657 2.378036
0.09802325 0.5329903 2.377561
0.4479007 1.059112 2.386672
0.4318056 1.196193 2.181309
0.4212865 1.21578 1.895547
0.4341106 1.218145 1.777495
0.2100907 0.5464669 2.410041
0.2133743 0.2381081 2.392978
0.2337266 -0.1245738 2.426342
0.1508275 -0.1376636 2.33462
0.3749266 0.55137 2.378995
0.3843136 0.2437236 2.394349
0.3735807 -0.1230198 2.434477
0.3391975 -0.1320699 2.34257
0.2857054 1.088956 2.427721
0.1015318 0.459825 2.366508
0.142882 0.543703 2.341492
0.443159 1.196648 1.755148
0.4737755 1.207989 1.758154
68
0.297892 0.5424757 2.425749
0.2926335 0.856989 2.430941
0.2824701 1.165081 2.42377
0.3200764 1.300414 2.421049
0.1237416 1.041358 2.477195
0.0733847 0.8173571 2.462806
0.09044717 0.572243 2.382932
0.09642006 0.528504 2.38395
0.4450587 1.058899 2.383598
0.4351757 1.183748 2.152092
0.4166946 1.222035 1.879992
0.4187443 1.220784 1.799629
0.2095857 0.5459714 2.412591
0.2134761 0.2380675 2.393152
0.2337166 -0.1246392 2.426324
0.1508727 -0.1376892 2.33418
0.3742656 0.5518253 2.378647
0.384199 0.2447676 2.39432
0.3736319 -0.1216759 2.4343
0.3407093 -0.130916 2.340908
0.2856128 1.088963 2.427896
0.1010562 0.4564713 2.37586
0.1397937 0.5411401 2.346611
0.4183357 1.212179 1.777599
0.458578 1.204305 1.769169
69
0.297892 0.5424757 2.425749
0.2926335 0.856989 2.430941
0.2824701 1.165081 2.42377
0.3200764 1.300414 2.421049
0.1237416 1.041358 2.477195
0.0733847 0.8173571 2.462806
0.09044717 0.572243 2.382932
0.09642006 0.528504 2.38395
0.4450587 1.058899 2.383598
0.4351757 1.183748 2.152092
0.4166946 1.222035 1.879992
0.4187443 1.220784 1.799629
0.2095857 0.5459714 2.412591
0.2134761 0.2380675 2.393152
0.2337166 -0.1246392 2.426324
0.1508727 -0.1376892 2.33418
0.3742656 0.5518253 2.378647
0.384199 0.2447676 2.39432
0.3736319 -0.1216759 2.4343
0.3407093 -0.130916 2.340908
0.2856128 1.088963 2.427896
0.1010562 0.4564713 2.37586
0.1397937 0.5411401 2.346611
0.4183357 1.212179 1.777599
0.458578 1.204305 1.769169
70
0.2971362 0.5425723 2.426656
0.2923253 0.8570377 2.43132
0.2824583 1.165046 2.423901
0.3190932 1.299516 2.421342
0.1242691 1.041043 2.479714
0.0740605 0.815639 2.46805
0.09065033 0.5658038 2.38707
0.09626806 0.5224279 2.389243
0.4431817 1.058765 2.381555
0.4587573 1.154638 2.163417
0.4187268 1.219624 1.888596
0.4071271 1.22224 1.818639
0.2092211 0.5455784 2.414423
0.2135866 0.238007 2.393308
0.2337062 -0.1247168 2.426309
0.1508716 -0.1377268 2.333814
0.3735759 0.5522196 2.378263
0.3841517 0.2457735 2.394195
0.3736784 -0.1202835 2.434126
0.3439759 -0.1298032 2.339067
0.2855355 1.088952 2.42806
0.1027785 0.4533364 2.381509
0.1382356 0.5392472 2.348816
0.4182631 1.223299 1.78684
0.4462964 1.204758 1.778736
71
0.2971362 0.5425723 2.426656
0.2923253 0.8570377 2.43132
0.2824583 1.165046 2.423901
0.3190932 1.299516 2.421342
0.1242691 1.041043 2.479714
0.0740605 0.815639 2.46805
0.09065033 0.5658038 2.38707
0.09626806 0.5224279 2.389243
0.4431817 1.058765 2.381555
0.4587573 1.154638 2.163417
0.4187268 1.219624 1.888596
0.4071271 1.22224 1.818639
0.2092211 0.5455784 2.414423
0.2135866 0.238007 2.393308
0.2337062 -0.1247168 2.426309
0.1508716 -0.1377268 2.333814
0.3735759 0.5522196 2.378263
0.3841517 0.2457735 2.394195
0.3736784 -0.1202835 2.434126
0.3439759 -0.1298032 2.339067
0.2855355 1.088952 2.42806
0.1027785 0.4533364 2.381509
0.1382356 0.5392472 2.348816
0.4182631 1.223299 1.78684
0.4462964 1.204758 1.778736
72
0.2964845 0.5426324 2.427431
0.2920511 0.8570639 2.431666
0.2824583 1.164997 2.424021
0.317907 1.298317 2.421112
0.1246531 1.040779 2.481596
0.07441791 0.8139486 2.472346
0.09095258 0.5610175 2.390767
0.09543294 0.5193496 2.395077
0.4418939 1.058694 2.380126
0.4831254 1.134721 2.154617
0.4235262 1.208377 1.913205
0.3961106 1.219192 1.847222
0.2089623 0.5452808 2.415733
0.2137665 0.2382484 2.393452
0.2336961 -0.1248095 2.426304
0.1508793 -0.1377392 2.333655
0.3729006 0.5525628 2.377907
0.3841212 0.2462306 2.39408
0.3737068 -0.1194395 2.433995
0.3470289 -0.1291996 2.337618
0.2854719 1.088929 2.428209
0.1047687 0.4503388 2.389421
0.135691 0.537301 2.353255
0.3995631 1.238731 1.813487
0.4342535 1.206499 1.80144
73
0.2964845 0.5426324 2.427431
0.2920511 0.8570639 2.431666
0.2824583 1.164997 2.424021
0.317907 1.298317 2.421112
0.1246531 1.040779 2.481596
0.07441791 0.8139486 2.472346
0.09095258 0.5610175 2.390767
0.09543294 0.5193496 2.395077
0.4418939 1.058694 2.380126
0.4831254 1.134721 2.154617
0.4235262 1.208377 1.913205
0.3961106 1.219192 1.847222
0.2089623 0.5452808 2.415733
0.2137665 0.2382484 2.393452
0.2336961 -0.1248095 2.426304
0.1508793 -0.1377392 2.333655
0.3729006 0.5525628 2.377907
0.3841212 0.2462306 2.39408
0.3737068 -0.1194395 2.433995
0.3470289 -0.1291996 2.337618
0.2854719 1.088929 2.428209
0.1047687 0.4503388 2.389421
0.135691 0.537301 2.353255
0.3995631 1.238731 1.813487
0.4342535 1.206499 1.80144
74
0.2958371 0.5426799 2.428119
0.2917763 0.8570743 2.431993
0.2824626 1.164941 2.424133
0.3164004 1.296793 2.420142
0.1249164 1.040564 2.482971
0.07456893 0.8126278 2.475409
0.09083468 0.5567343 2.395108
0.09502982 0.5164674 2.400005
0.4409788 1.058658 2.379093
0.5220256 1.1095 2.146622
0.4328782 1.187924 1.954013
0.390814 1.206659 1.884397
0.2087626 0.5450584 2.416684
0.2140344 0.2389847 2.393548
0.2336195 -0.1239895 2.426232
0.1499148 -0.136883 2.333201
0.3719903 0.5529364 2.377488
0.3841446 0.246769 2.39381
0.3737163 -0.1189857 2.433904
0.349924 -0.1289741 2.336596
0.2854147 1.088899 2.428349
0.105719 0.4480786 2.39586
0.1339995 0.5356399 2.355866
0.3892017 1.237103 1.850063
0.4250491 1.204599 1.836613
75
0.2958371 0.5426799 2.428119
0.2917763 0.8570743 2.431993
0.2824626 1.164941 2.424133
0.3164004 1.296793 2.420142
0.1249164 1.040564 2.482971
0.07456893 0.8126278 2.475409
0.09083468 0.5567343 2.395108
0.09502982 0.5164674 2.400005
0.4409788 1.058658 2.379093
0.5220256 1.1095 2.146622
0.4328782 1.187924 1.954013
0.390814 1.206659 1.884397
0.2087626 0.5450584 2.416684
0.2140344 0.2389847 2.393548
0.2336195 -0.1239895 2.426232
0.1499148 -0.136883 2.333201
0.3719903 0.5529364 2.377488
0.3841446 0.246769 2.39381
0.3737163 -0.1189857 2.433904
0.349924 -0.1289741 2.336596
0.2854147 1.088899 2.428349
0.105719 0.4480786 2.39586
0.1339995 0.5356399 2.355866
0.3892017 1.237103 1.850063
0.4250491 1.204599 1.836613
76
0.295228 0.5427284 2.428708
0.2915197 0.8570777 2.432289
0.2824714 1.164883 2.424234
0.3146069 1.295104 2.418443
0.1250455 1.040366 2.483949
0.07462499 0.8116665 2.477525
0.09025596 0.5524566 2.400284
0.09405875 0.5128976 2.405714
0.4403717 1.058646 2.378371
0.5562242 1.080054 2.151961
0.4442614 1.165408 1.995611
0.3921035 1.185997 1.927121
0.2086052 0.5449013 2.417365
0.2142364 0.2395526 2.393617
0.2335655 -0.1233783 2.426181
0.149129 -0.1362469 2.332878
0.3710672 0.5532925 2.377105
0.3841925 0.2472575 2.393484
0.3737175 -0.1185761 2.433823
0.3525333 -0.1287861 2.335725
0.2853657 1.088866 2.428475
0.1050591 0.4451922 2.404563
0.1309376 0.5310837 2.360516
0.3742426 1.219773 1.890797
0.4233862 1.186477 1.8807
77
0.295228 0.5427284 2.428708
0.2915197 0.8570777 2.432289
0.2824714 1.164883 2.424234
0.3146069 1.295104 2.418443
0.1250455 1.040366 2.483949
0.07462499 0.8116665 2.477525
0.09025596 0.5524566 2.400284
0.09405875 0.5128976 2.405714
0.4403717 1.058646 2.378371
0.5562242 1.080054 2.151961
0.4442614 1.165408 1.995611
0.3921035 1.185997 1.927121
0.2086052 0.5449013 2.417365
0.2142364 0.2395526 2.393617
0.2335655 -0.1233783 2.426181
0.149129 -0.1362469 2.332878
0.3710672 0.5532925 2.377105
0.3841925 0.2472575 2.393484
0.3737175 -0.1185761 2.433823
0.3525333 -0.1287861 2.335725
0.2853657 1.088866 2.428475
0.1050591 0.4451922 2.404563
0.1309376 0.5310837 2.360516
0.3742426 1.219773 1.890797
0.4233862 1.186477 1.8807
78
0.294645 0.5427549 2.429222
0.2912489 0.8570663 2.432567
0.2824758 1.164823 2.424322
0.3127793 1.293502 2.416477
0.1250384 1.040161 2.48463
0.07461704 0.8110893 2.478985
0.07217315 0.5866003 2.434316
0.08780046 0.519717 2.418893
0.4400639 1.058624 2.377936
0.5890435 1.030954 2.195495
0.4651985 1.126727 2.056113
0.4009573 1.157798 1.977774
0.2084697 0.544791 2.417857
0.2143394 0.239726 2.393673
0.2335366 -0.1228068 2.426146
0.148512 -0.1356958 2.332518
0.3702095 0.5535412 2.376812
0.3842439 0.2476088 2.393191
0.3737154 -0.1182707 2.433737
0.3545809 -0.1286588 2.335025
0.2853138 1.088827 2.428588
0.1003284 0.4480359 2.411817
0.1227999 0.5287094 2.375474
0.3774445 1.186927 1.947542
0.426548 1.158152 1.940197
79
0.294645 0.5427549 2.429222
0.2912489 0.8570663 2.432567
0.2824758 1.164823 2.424322
0.3127793 1.293502 2.416477
0.1250384 1.040161 2.48463
0.07461704 0.8110893 2.478985
0.07217315 0.5866003 2.434316
0.08780046 0.519717 2.418893
0.4400639 1.058624 2.377936
0.5890435 1.030954 2.195495
0.4651985 1.126727 2.056113
0.4009573 1.157798 1.977774
0.2084697 0.544791 2.417857
0.2143394 0.239726 2.393673
0.2335366 -0.1228068 2.426146
0.148512 -0.1356958 2.332518
0.3702095 0.5535412 2.376812
0.3842439 0.2476088 2.393191
0.3737154 -0.1182707 2.433737
0.3545809 -0.1286588 2.335025
0.2853138 1.088827 2.428588
0.1003284 0.4480359 2.411817
0.1227999 0.5287094 2.375474
0.3774445 1.186927 1.947542
0.426548 1.158152 1.940197
80
0.2940639 0.5427113 2.429677
0.2909249 0.8570127 2.432836
0.28246 1.164752 2.424392
0.310954 1.292015 2.414351
0.1246434 1.039842 2.48495
0.07450332 0.8107156 2.480006
0.07237737 0.5760784 2.441256
0.08732723 0.5157644 2.425306
0.4401464 1.058434 2.377829
0.627061 0.9782317 2.244086
0.48817 1.081589 2.123802
0.4187972 1.120308 2.040202
0.2083351 0.5446931 2.418206
0.2144232 0.2398738 2.393711
0.2335157 -0.1223095 2.426122
0.1479791 -0.1352217 2.332221
0.3693722 0.55361 2.376619
0.3842965 0.2478895 2.392923
0.3737531 -0.1178548 2.433634
0.3561139 -0.1283705 2.334595
0.285235 1.088768 2.428692
0.1095145 0.4358289 2.413057
0.121494 0.5141265 2.379455
0.3845161 1.138664 2.014412
0.4313379 1.118595 2.000668
81
0.2940639 0.5427113 2.429677
0.2909249 0.8570127 2.432836
0.28246 1.164752 2.424392
0.310954 1.292015 2.414351
0.1246434 1.039842 2.48495
0.07450332 0.8107156 2.480006
0.07237737 0.5760784 2.441256
0.08732723 0.5157644 2.425306
0.4401464 1.058434 2.377829
0.627061 0.9782317 2.244086
0.48817 1.081589 2.123802
0.4187972 1.120308 2.040202
0.2083351 0.5446931 2.418206
0.2144232 0.2398738 2.393711
0.2335157 -0.1223095 2.426122
0.1479791 -0.1352217 2.332221
0.3693722 0.55361 2.376619
0.3842965 0.2478895 2.392923
0.3737531 -0.1178548 2.433634
0.3561139 -0.1283705 2.334595
0.285235 1.088768 2.428692
0.1095145 0.4358289 2.413057
0.121494 0.5141265 2.379455
0.3845161 1.138664 2.014412
0.4313379 1.118595 2.000668
82
0.2934209 0.5425324 2.430023
0.2905083 0.8568965 2.433061
0.2824079 1.164666 2.424438
0.3089971 1.290654 2.411613
0.1235624 1.039138 2.484466
0.07424949 0.8104904 2.48063
0.07110676 0.5968893 2.449573
0.08584828 0.5193537 2.430354
0.440613 1.05804 2.378072
0.6405898 0.9287227 2.292644
0.5016543 1.036951 2.178318
0.4404436 1.073192 2.10491
0.2080829 0.544525 2.418308
0.2144879 0.2399521 2.393746
0.2335077 -0.1220109 2.426116
0.1476789 -0.1349402 2.331968
0.3684619 0.553438 2.376444
0.3843299 0.2480707 2.392709
0.3735453 -0.1177434 2.433505
0.3571931 -0.1283287 2.334265
0.2851015 1.088683 2.428773
0.1050316 0.4416475 2.41898
0.1188183 0.5183182 2.384362
0.4019646 1.082644 2.079296
0.4450061 1.078453 2.061718
83
0.2934209 0.5425324 2.430023
0.2905083 0.8568965 2.433061
0.2824079 1.164666 2.424438
0.3089971 1.290654 2.411613
0.1235624 1.039138 2.484466
0.07424949 0.8104904 2.48063
0.07110676 0.5968893 2.449573
0.08584828 0.5193537 2.430354
0.440613 1.05804 2.378072
0.6405898 0.9287227 2.292644
0.5016543 1.036951 2.178318
0.4404436 1.073192 2.10491
0.2080829 0.544525 2.418308
0.2144879 0.2399521 2.393746
0.2335077 -0.1220109 2.426116
0.1476789 -0.1349402 2.331968
0.3684619 0.553438 2.376444
0.3843299 0.2480707 2.392709
0.3735453 -0.1177434 2.433505
0.3571931 -0.1283287 2.334265
0.2851015 1.088683 2.428773
0.1050316 0.4416475 2.41898
0.1188183 0.5183182 2.384362
0.4019646 1.082644 2.079296
0.4450061 1.078453 2.061718
84
0.2928171 0.5423167 2.430286
0.2900385 0.8567457 2.43324
0.2822928 1.164552 2.424449
0.3071103 1.289527 2.408565
0.1218627 1.038307 2.483042
0.07358623 0.8105807 2.48051
0.07068502 0.6076105 2.453284
0.08511513 0.5232525 2.433327
0.4413479 1.057695 2.378622
0.6161648 0.9035119 2.324718
0.48006 1.00103 2.176905
0.4470946 1.026793 2.143898
0.207743 0.5443214 2.418159
0.2145356 0.2399813 2.393781
0.233492 -0.1216856 2.426105
0.147992 -0.1345545 2.332255
0.3676313 0.5531775 2.376329
0.3843439 0.2481822 2.392532
0.373427 -0.1176941 2.433433
0.3579932 -0.1283334 2.334141
0.2848938 1.088567 2.428822
0.100438 0.4471312 2.424354
0.1171548 0.5268605 2.386344
0.4165584 1.023128 2.134564
0.4573862 1.024863 2.111764
85
0.2928171 0.5423167 2.430286
0.2900385 0.8567457 2.43324
0.2822928 1.164552 2.424449
0.3071103 1.289527 2.408565
0.1218627 1.038307 2.483042
0.07358623 0.8105807 2.48051
0.07068502 0.6076105 2.453284
0.08511513 0.5232525 2.433327
0.4413479 1.057695 2.378622
0.6161648 0.9035119 2.324718
0.48006 1.00103 2.176905
0.4470946 1.026793 2.143898
0.207743 0.5443214 2.418159
0.2145356 0.2399813 2.393781
0.233492 -0.1216856 2.426105
0.147992 -0.1345545 2.332255
0.3676313 0.5531775 2.376329
0.3843439 0.2481822 2.392532
0.373427 -0.1176941 2.433433
0.3579932 -0.1283334 2.334141
0.2848938 1.088567 2.428822
0.100438 0.4471312 2.424354
0.1171548 0.5268605 2.386344
0.4165584 1.023128 2.134564
0.4573862 1.024863 2.111764
86
0.2921953 0.5420305 2.430445
0.2894754 0.8565397 2.433334
0.2820668 1.164388 2.424371
0.3051443 1.288645 2.404791
0.1195229 1.037407 2.479981
0.07211028 0.8114083 2.478849
0.07065576 0.61467 2.455014
0.08454254 0.5268866 2.434363
0.4424721 1.057536 2.379675
0.5997665 0.8840028 2.351588
0.4662687 0.9528633 2.210219
0.4535098 0.9613801 2.179442
0.2072023 0.5440313 2.417556
0.2146039 0.2398476 2.393838
0.2334851 -0.1215954 2.426103
0.1479153 -0.1344418 2.332267
0.3668413 0.5528105 2.37625
0.3843222 0.248203 2.392367
0.3732982 -0.1191092 2.433532
0.3557861 -0.1294885 2.336231
0.2845673 1.088403 2.42879
0.09872898 0.4514376 2.425056
0.1144919 0.5347832 2.388114
0.4275027 0.9546089 2.168833
0.4708445 0.955875 2.153377
87
0.2921953 0.5420305 2.430445
0.2894754 0.8565397 2.433334
0.2820668 1.164388 2.424371
0.3051443 1.288645 2.404791
0.1195229 1.037407 2.479981
0.07211028 0.8114083 2.478849
0.07065576 0.61467 2.455014
0.08454254 0.5268866 2.434363
0.4424721 1.057536 2.379675
0.5997665 0.8840028 2.351588
0.4662687 0.9528633 2.210219
0.4535098 0.9613801 2.179442
0.2072023 0.5440313 2.417556
0.2146039 0.2398476 2.393838
0.2334851 -0.1215954 2.426103
0.1479153 -0.1344418 2.332267
0.3668413 0.5528105 2.37625
0.3843222 0.248203 2.392367
0.3732982 -0.1191092 2.433532
0.3557861 -0.1294885 2.336231
0.2845673 1.088403 2.42879
0.09872898 0.4514376 2.425056
0.1144919 0.5347832 2.388114
0.4275027 0.9546089 2.168833
0.4708445 0.955875 2.153377
88
0.2915892 0.5416965 2.430527
0.2888644 0.8562949 2.433353
0.281734 1.164182 2.424187
0.3031864 1.288147 2.400178
0.1167951 1.036579 2.475316
0.07046054 0.8126329 2.476084
0.0786688 0.5808395 2.437143
0.08559622 0.5232573 2.43268
0.4442881 1.05712 2.381559
0.5861484 0.8715721 2.388901
0.459104 0.8962076 2.224674
0.4625889 0.8922558 2.210077
0.2065667 0.5437215 2.416696
0.2146671 0.2396767 2.393894
0.2335274 -0.1224582 2.426182
0.1521189 -0.1349362 2.333786
0.3661085 0.5523259 2.376215
0.3842666 0.2481261 2.392204
0.3732324 -0.1193615 2.433525
0.3559946 -0.1297381 2.336638
0.2841413 1.088198 2.428667
0.1040286 0.4439055 2.422904
0.114347 0.5351496 2.386129
0.4451471 0.8790497 2.189029
0.4804777 0.874754 2.183309
89
0.2915892 0.5416965 2.430527
0.2888644 0.8562949 2.433353
0.281734 1.164182 2.424187
0.3031864 1.288147 2.400178
0.1167951 1.036579 2.475316
0.07046054 0.8126329 2.476084
0.0786688 0.5808395 2.437143
0.08559622 0.5232573 2.43268
0.4442881 1.05712 2.381559
0.5861484 0.8715721 2.388901
0.459104 0.8962076 2.224674
0.4625889 0.8922558 2.210077
0.2065667 0.5437215 2.416696
0.2146671 0.2396767 2.393894
0.2335274 -0.1224582 2.426182
0.1521189 -0.1349362 2.333786
0.3661085 0.5523259 2.376215
0.3842666 0.2481261 2.392204
0.3732324 -0.1193615 2.433525
0.3559946 -0.1297381 2.336638
0.2841413 1.088198 2.428667
0.1040286 0.4439055 2.422904
0.114347 0.5351496 2.386129
0.4451471 0.8790497 2.189029
0.4804777 0.874754 2.183309
90
0.2910247 0.5413236 2.430527
0.288219 0.8559344 2.433202
0.2812395 1.163676 2.423524
0.3014975 1.287814 2.394883
0.1150082 1.036033 2.471922
0.06865612 0.813978 2.472076
0.08270922 0.5604658 2.425421
0.08630939 0.5184887 2.428129
0.4466315 1.05643 2.384456
0.529915 0.85045 2.400452
0.4294141 0.7849344 2.228676
0.4723973 0.821336 2.231863
0.2059183 0.5434021 2.415637
0.214733 0.2394459 2.393946
0.2335391 -0.1226904 2.426208
0.1712665 -0.133705 2.338867
0.365463 0.5517577 2.376194
0.3841662 0.2479572 2.392045
0.3731748 -0.1196176 2.433536
0.3566219 -0.130015 2.33704
0.2835799 1.087758 2.428193
0.1097793 0.4338809 2.417274
0.1148524 0.5311708 2.381062
0.4642234 0.8202901 2.199929
0.5002615 0.8288056 2.243565
91
0.2910247 0.5413236 2.430527
0.288219 0.8559344 2.433202
0.2812395 1.163676 2.423524
0.3014975 1.287814 2.394883
0.1150082 1.036033 2.471922
0.06865612 0.813978 2.472076
0.08270922 0.5604658 2.425421
0.08630939 0.5184887 2.428129
0.4466315 1.05643 2.384456
0.529915 0.85045 2.400452
0.4294141 0.7849344 2.228676
0.4723973 0.821336 2.231863
0.2059183 0.5434021 2.415637
0.214733 0.2394459 2.393946
0.2335391 -0.1226904 2.426208
0.1712665 -0.133705 2.338867
0.365463 0.5517577 2.376194
0.3841662 0.2479572 2.392045
0.3731748 -0.1196176 2.433536
0.3566219 -0.130015 2.33704
0.2835799 1.087758 2.428193
0.1097793 0.4338809 2.417274
0.1148524 0.5311708 2.381062
0.4642234 0.8202901 2.199929
0.5002615 0.8288056 2.243565
92
0.2905326 0.5409454 2.430453
0.2875876 0.855567 2.432972
0.2806634 1.163172 2.422753
0.3002889 1.287645 2.389621
0.1127231 1.035167 2.465423
0.06630835 0.815748 2.465274
0.08467952 0.5513975 2.41865
0.08666705 0.5140078 2.422095
0.4488263 1.055742 2.387816
0.4896312 0.8266593 2.427181
0.4598252 0.7287793 2.232284
0.4845519 0.7406099 2.247782
0.2052387 0.5430593 2.414102
0.2147877 0.2392088 2.393991
0.233602 -0.1233865 2.426285
0.1871491 -0.1333685 2.341268
0.3649491 0.5511886 2.376206
0.384051 0.2477593 2.391896
0.3731329 -0.1198309 2.43355
0.3569815 -0.1302459 2.337406
0.2829596 1.087311 2.427618
0.1115264 0.4309012 2.415811
0.1168606 0.5277005 2.37337
0.4837883 0.7366282 2.220213
0.4780669 0.7732008 2.228
93
0.2905326 0.5409454 2.430453
0.2875876 0.855567 2.432972
0.2806634 1.163172 2.422753
0.3002889 1.287645 2.389621
0.1127231 1.035167 2.465423
0.06630835 0.815748 2.465274
0.08467952 0.5513975 2.41865
0.08666705 0.5140078 2.422095
0.4488263 1.055742 2.387816
0.4896312 0.8266593 2.427181
0.4598252 0.7287793 2.232284
0.4845519 0.7406099 2.247782
0.2052387 0.5430593 2.414102
0.2147877 0.2392088 2.393991
0.233602 -0.1233865 2.426285
0.1871491 -0.1333685 2.341268
0.3649491 0.5511886 2.376206
0.384051 0.2477593 2.391896
0.3731329 -0.1198309 2.43355
0.3569815 -0.1302459 2.337406
0.2829596 1.087311 2.427618
0.1115264 0.4309012 2.415811
0.1168606 0.5277005 2.37337
0.4837883 0.7366282 2.220213
0.4780669 0.7732008 2.228
94
0.2901059 0.5405572 2.430309
0.2869779 0.855202 2.432671
0.2800262 1.162702 2.421909
0.2996628 1.287462 2.384577
0.1107343 1.034765 2.458115
0.06381333 0.8170632 2.456843
0.08581163 0.5459209 2.413405
0.08740831 0.5092877 2.413423
0.4505198 1.055159 2.390978
0.4751452 0.8162647 2.440654
0.4818406 0.6659043 2.263428
0.4990149 0.6680731 2.274604
0.2045905 0.5427077 2.41221
0.2148397 0.238932 2.39403
0.2334536 -0.1199868 2.426016
0.1707605 -0.1309667 2.339293
0.3645511 0.5506145 2.376247
0.3839214 0.2475148 2.391759
0.3730929 -0.120006 2.433558
0.3573295 -0.1304414 2.337722
0.2822995 1.086881 2.426965
0.1149143 0.4267196 2.408735
0.1198097 0.5153925 2.364487
0.5027379 0.6526266 2.252028
0.5002891 0.6962471 2.257227
95
0.2901059 0.5405572 2.430309
0.2869779 0.855202 2.432671
0.2800262 1.162702 2.421909
0.2996628 1.287462 2.384577
0.1107343 1.034765 2.458115
0.06381333 0.8170632 2.456843
0.08581163 0.5459209 2.413405
0.08740831 0.5092877 2.413423
0.4505198 1.055159 2.390978
0.4751452 0.8162647 2.440654
0.4818406 0.6659043 2.263428
0.4990149 0.6680731 2.274604
0.2045905 0.5427077 2.41221
0.2148397 0.238932 2.39403
0.2334536 -0.1199868 2.426016
0.1707605 -0.1309667 2.339293
0.3645511 0.5506145 2.376247
0.3839214 0.2475148 2.391759
0.3730929 -0.120006 2.433558
0.3573295 -0.1304414 2.337722
0.2822995 1.086881 2.426965
0.1149143 0.4267196 2.408735
0.1198097 0.5153925 2.364487
0.5027379 0.6526266 2.252028
0.5002891 0.6962471 2.257227
96
0.2897502 0.5401174 2.430056
0.2863609 0.8547174 2.432142
0.2792464 1.162002 2.420579
0.2995095 1.287285 2.380186
0.1091811 1.034598 2.450095
0.06173137 0.817906 2.447864
0.08620105 0.5425799 2.407378
0.08786344 0.5066449 2.403279
0.4517627 1.05469 2.393759
0.4684332 0.8046041 2.453019
0.5028247 0.6054875 2.31302
0.5103843 0.5901842 2.323676
0.2040287 0.5422501 2.409662
0.2148806 0.2386065 2.394061
0.2334186 -0.1186256 2.425947
0.1606692 -0.1302471 2.338041
0.3642794 0.5500017 2.376332
0.3837791 0.2472284 2.391635
0.3730542 -0.1201565 2.433587
0.35763 -0.1306253 2.337965
0.2815299 1.086248 2.425903
0.1164135 0.4258369 2.404375
0.1216482 0.5120388 2.358631
0.5023056 0.5492146 2.312268
0.5108038 0.6211709 2.278347
97
0.2897502 0.5401174 2.430056
0.2863609 0.8547174 2.432142
0.2792464 1.162002 2.420579
0.2995095 1.287285 2.380186
0.1091811 1.034598 2.450095
0.06173137 0.817906 2.447864
0.08620105 0.5425799 2.407378
0.08786344 0.5066449 2.403279
0.4517627 1.05469 2.393759
0.4684332 0.8046041 2.453019
0.5028247 0.6054875 2.31302
0.5103843 0.5901842 2.323676
0.2040287 0.5422501 2.409662
0.2148806 0.2386065 2.394061
0.2334186 -0.1186256 2.425947
0.1606692 -0.1302471 2.338041
0.3642794 0.5500017 2.376332
0.3837791 0.2472284 2.391635
0.3730542 -0.1201565 2.433587
0.35763 -0.1306253 2.337965
0.2815299 1.086248 2.425903
0.1164135 0.4258369 2.404375
0.1216482 0.5120388 2.358631
0.5023056 0.5492146 2.312268
0.5108038 0.6211709 2.278347
98
0.2895155 0.5395361 2.429534
0.2858026 0.8542331 2.431534
0.2785237 1.161401 2.419375
0.2996245 1.287073 2.376901
0.1080432 1.034689 2.442387
0.06013889 0.8167809 2.437134
0.08646492 0.5402638 2.399466
0.08848327 0.5039707 2.391823
0.4526478 1.054265 2.39609
0.4689509 0.7938644 2.462711
0.5157705 0.5812401 2.358341
0.5020628 0.5460803 2.354742
0.2037503 0.5415968 2.40542
0.2149208 0.2384178 2.394035
0.2334258 -0.1178907 2.425949
0.1540649 -0.1299536 2.337285
0.3641786 0.5492945 2.376468
0.3836049 0.246784 2.391515
0.3730276 -0.120398 2.433634
0.3574572 -0.1308757 2.338382
0.2808233 1.085686 2.4249
0.1186383 0.4248695 2.395933
0.1251108 0.5066028 2.349858
0.4786379 0.4898598 2.349969
0.4690227 0.5821532 2.31074
99
0.2895155 0.5395361 2.429534
0.2858026 0.8542331 2.431534
0.2785237 1.161401 2.419375
0.2996245 1.287073 2.376901
0.1080432 1.034689 2.442387
0.06013889 0.8167809 2.437134
0.08646492 0.5402638 2.399466
0.08848327 0.5039707 2.391823
0.4526478 1.054265 2.39609
0.4689509 0.7938644 2.462711
0.5157705 0.5812401 2.358341
0.5020628 0.5460803 2.354742
0.2037503 0.5415968 2.40542
0.2149208 0.2384178 2.394035
0.2334258 -0.1178907 2.425949
0.1540649 -0.1299536 2.337285
0.3641786 0.5492945 2.376468
0.3836049 0.246784 2.391515
0.3730276 -0.120398 2.433634
0.3574572 -0.1308757 2.338382
0.2808233 1.085686 2.4249
0.1186383 0.4248695 2.395933
0.1251108 0.5066028 2.349858
0.4786379 0.4898598 2.349969
0.4690227 0.5821532 2.31074
100
0.2895409 0.5388123 2.428771
0.2853479 0.8535816 2.430602
0.277721 1.160541 2.417637
0.3001706 1.286782 2.373974
0.1073519 1.034833 2.436331
0.05874453 0.8166199 2.427235
0.08659297 0.5406186 2.38872
0.08944353 0.5035185 2.378189
0.4532824 1.053858 2.398062
0.4721979 0.7872045 2.4685
0.5177676 0.5691342 2.396381
0.5034555 0.5287618 2.377783
0.2039944 0.5408818 2.40091
0.2149359 0.2383234 2.393943
0.2334758 -0.1180349 2.42603
0.149985 -0.1303823 2.337142
0.3644641 0.5483519 2.376776
0.3831452 0.2449025 2.391473
0.3730317 -0.1204089 2.433667
0.3575 -0.1309687 2.33852
0.2800919 1.084887 2.423422
0.1145748 0.4296932 2.383105
0.1285678 0.5109333 2.34151
0.4891901 0.4866 2.368361
0.4640569 0.5426706 2.336342
101
0.2895409 0.5388123 2.428771
0.2853479 0.8535816 2.430602
0.277721 1.160541 2.417637
0.3001706 1.286782 2.373974
0.1073519 1.034833 2.436331
0.05874453 0.8166199 2.427235
0.08659297 0.5406186 2.38872
0.08944353 0.5035185 2.378189
0.4532824 1.053858 2.398062
0.4721979 0.7872045 2.4685
0.5177676 0.5691342 2.396381
0.5034555 0.5287618 2.377783
0.2039944 0.5408818 2.40091
0.2149359 0.2383234 2.393943
0.2334758 -0.1180349 2.42603
0.149985 -0.1303823 2.337142
0.3644641 0.5483519 2.376776
0.3831452 0.2449025 2.391473
0.3730317 -0.1204089 2.433667
0.3575 -0.1309687 2.33852
0.2800919 1.084887 2.423422
0.1145748 0.4296932 2.383105
0.1285678 0.5109333 2.34151
0.4891901 0.4866 2.368361
0.4640569 0.5426706 2.336342
102
0.2897624 0.5380231 2.427909
0.2849955 0.8530001 2.429743
0.2770537 1.159858 2.41621
0.3009074 1.28646 2.371679
0.1069853 1.035312 2.429754
0.05785861 0.8157094 2.418847
0.08667968 0.5423238 2.378131
0.08985931 0.5038167 2.366789
0.4541314 1.052695 2.401704
0.4780841 0.7824495 2.471491
0.5306692 0.5576993 2.44412
0.5073926 0.4974635 2.407385
0.2044945 0.5402194 2.396888
0.2149435 0.2382194 2.393835
0.2335151 -0.1180778 2.426091
0.1476827 -0.1306053 2.337131
0.3651093 0.5471976 2.377325
0.3827548 0.243319 2.391469
0.3729701 -0.12043 2.433695
0.3575317 -0.1310531 2.338608
0.2794945 1.084229 2.422175
0.1146093 0.4297626 2.378012
0.1307966 0.5120484 2.335944
0.4908127 0.4535472 2.403135
0.4700728 0.516584 2.36918
103
0.2897624 0.5380231 2.427909
0.2849955 0.8530001 2.429743
0.2770537 1.159858 2.41621
0.3009074 1.28646 2.371679
0.1069853 1.035312 2.429754
0.05785861 0.8157094 2.418847
0.08667968 0.5423238 2.378131
0.08985931 0.5038167 2.366789
0.4541314 1.052695 2.401704
0.4780841 0.7824495 2.471491
0.5306692 0.5576993 2.44412
0.5073926 0.4974635 2.407385
0.2044945 0.5402194 2.396888
0.2149435 0.2382194 2.393835
0.2335151 -0.1180778 2.426091
0.1476827 -0.1306053 2.337131
0.3651093 0.5471976 2.377325
0.3827548 0.243319 2.391469
0.3729701 -0.12043 2.433695
0.3575317 -0.1310531 2.338608
0.2794945 1.084229 2.422175
0.1146093 0.4297626 2.378012
0.1307966 0.5120484 2.335944
0.4908127 0.4535472 2.403135
0.4700728 0.516584 2.36918
104
0.2902883 0.5371502 2.426918
0.2847489 0.8524829 2.42895
0.2765113 1.159324 2.415058
0.3019226 1.2861 2.369756
0.1067825 1.035668 2.425511
0.05650046 0.816124 2.409177
0.0858902 0.5452292 2.365217
0.08997767 0.5059842 2.353699
0.4549519 1.051261 2.405538
0.4841049 0.7796295 2.472208
0.5329402 0.5602684 2.461763
0.5083106 0.4826664 2.425207
0.2053799 0.5395954 2.393107
0.2149368 0.238094 2.393697
0.2335616 -0.1183367 2.42617
0.1456297 -0.1310351 2.337222
0.366195 0.5458774 2.378137
0.3824697 0.2419224 2.391518
0.3729088 -0.1204474 2.433723
0.3575513 -0.1311137 2.338665
0.2790179 1.0837 2.421145
0.109799 0.4370776 2.360759
0.1327942 0.5160114 2.330927
0.4910951 0.449522 2.417825
0.4735647 0.5164385 2.385504
105
0.2902883 0.5371502 2.426918
0.2847489 0.8524829 2.42895
0.2765113 1.159324 2.415058
0.3019226 1.2861 2.369756
0.1067825 1.035668 2.425511
0.05650046 0.816124 2.409177
0.0858902 0.5452292 2.365217
0.08997767 0.5059842 2.353699
0.4549519 1.051261 2.405538
0.4841049 0.7796295 2.472208
0.5329402 0.5602684 2.461763
0.5083106 0.4826664 2.425207
0.2053799 0.5395954 2.393107
0.2149368 0.238094 2.393697
0.2335616 -0.1183367 2.42617
0.1456297 -0.1310351 2.337222
0.366195 0.5458774 2.378137
0.3824697 0.2419224 2.391518
0.3729088 -0.1204474 2.433723
0.3575513 -0.1311137 2.338665
0.2790179 1.0837 2.421145
0.109799 0.4370776 2.360759
0.1327942 0.5160114 2.330927
0.4910951 0.449522 2.417825
0.4735647 0.5164385 2.385504
106
0.2911545 0.5362061 2.425842
0.2846006 0.852026 2.428222
0.2760655 1.158919 2.414127
0.3030928 1.285717 2.368192
0.1066475 1.036504 2.420548
0.05555821 0.8152837 2.401638
0.07871497 0.567871 2.342251
0.08940092 0.5117308 2.340132
0.4555672 1.049981 2.408715
0.4891073 0.7782912 2.471685
0.5338554 0.5636578 2.472135
0.5084537 0.4822995 2.439311
0.206542 0.539017 2.389757
0.2148976 0.2377725 2.3935
0.2336067 -0.1185313 2.426252
0.1441911 -0.1314036 2.337294
0.3677043 0.5444608 2.379186
0.3822816 0.2406497 2.391646
0.3728764 -0.1204465 2.433748
0.3575344 -0.1311267 2.338721
0.2786383 1.083282 2.420299
0.1054163 0.444637 2.340025
0.1331524 0.5195482 2.327183
0.4938142 0.4528786 2.430472
0.4747818 0.5051687 2.400636
107
0.2911545 0.5362061 2.425842
0.2846006 0.852026 2.428222
0.2760655 1.158919 2.414127
0.3030928 1.285717 2.368192
0.1066475 1.036504 2.420548
0.05555821 0.8152837 2.401638
0.07871497 0.567871 2.342251
0.08940092 0.5117308 2.340132
0.4555672 1.049981 2.408715
0.4891073 0.7782912 2.471685
0.5338554 0.5636578 2.472135
0.5084537 0.4822995 2.439311
0.206542 0.539017 2.389757
0.2148976 0.2377725 2.3935
0.2336067 -0.1185313 2.426252
0.1441911 -0.1314036 2.337294
0.3677043 0.5444608 2.379186
0.3822816 0.2406497 2.391646
0.3728764 -0.1204465 2.433748
0.3575344 -0.1311267 2.338721
0.2786383 1.083282 2.420299
0.1054163 0.444637 2.340025
0.1331524 0.5195482 2.327183
0.4938142 0.4528786 2.430472
0.4747818 0.5051687 2.400636
108
0.2924252 0.5351888 2.424679
0.284543 0.8516248 2.427548
0.2756899 1.158626 2.413374
0.3044021 1.285345 2.366903
0.1065789 1.037086 2.417281
0.05496528 0.8139794 2.395184
0.07543416 0.5782931 2.331592
0.087147 0.5195407 2.322582
0.4560001 1.048907 2.411271
0.4929215 0.7778396 2.470678
0.5312066 0.5682696 2.478048
0.5083935 0.4873932 2.449406
0.2080099 0.5384385 2.386635
0.2148563 0.2376395 2.393202
0.2336457 -0.1186609 2.426337
0.1431648 -0.1317077 2.337353
0.3696444 0.5430138 2.380433
0.3821905 0.2395001 2.391832
0.3728383 -0.1202857 2.433749
0.3575765 -0.1309729 2.338612
0.2783344 1.082962 2.419605
0.1011034 0.4526869 2.318547
0.1315828 0.5287535 2.324882
0.4951646 0.4598771 2.437199
0.478029 0.5092799 2.406896
109
0.2924252 0.5351888 2.424679
0.284543 0.8516248 2.427548
0.2756899 1.158626 2.413374
0.3044021 1.285345 2.366903
0.1065789 1.037086 2.417281
0.05496528 0.8139794 2.395184
0.07543416 0.5782931 2.331592
0.087147 0.5195407 2.322582
0.4560001 1.048907 2.411271
0.4929215 0.7778396 2.470678
0.5312066 0.5682696 2.478048
0.5083935 0.4873932 2.449406
0.2080099 0.5384385 2.386635
0.2148563 0.2376395 2.393202
0.2336457 -0.1186609 2.426337
0.1431648 -0.1317077 2.337353
0.3696444 0.5430138 2.380433
0.3821905 0.2395001 2.391832
0.3728383 -0.1202857 2.433749
0.3575765 -0.1309729 2.338612
0.2783344 1.082962 2.419605
0.1011034 0.4526869 2.318547
0.1315828 0.5287535 2.324882
0.4951646 0.4598771 2.437199
0.478029 0.5092799 2.406896
110
0.2940367 0.5342508 2.423482
0.2846751 0.8511786 2.426699
0.2753354 1.158321 2.412492
0.3056951 1.285006 2.3659
0.106543 1.037494 2.415069
0.05445129 0.8129366 2.390078
0.07315003 0.5853344 2.32355
0.08456365 0.5254514 2.307732
0.4563159 1.04805 2.413262
0.4957201 0.7778974 2.469582
0.5271539 0.5756037 2.475324
0.5075859 0.4948525 2.45294
0.2095904 0.5379643 2.384017
0.2148018 0.2375945 2.39285
0.2336816 -0.1188079 2.426424
0.1424211 -0.1320253 2.337432
0.3716677 0.541844 2.381549
0.3821389 0.2387485 2.391993
0.3727987 -0.1202007 2.433757
0.3576047 -0.1308817 2.33856
0.2780867 1.082624 2.418776
0.09875222 0.4560694 2.306131
0.1174612 0.5330108 2.291784
0.4952806 0.4713865 2.434267
0.4772658 0.5026534 2.403156
111
0.2940367 0.5342508 2.423482
0.2846751 0.8511786 2.426699
0.2753354 1.158321 2.412492
0.3056951 1.285006 2.3659
0.106543 1.037494 2.415069
0.05445129 0.8129366 2.390078
0.07315003 0.5853344 2.32355
0.08456365 0.5254514 2.307732
0.4563159 1.04805 2.413262
0.4957201 0.7778974 2.469582
0.5271539 0.5756037 2.475324
0.5075859 0.4948525 2.45294
0.2095904 0.5379643 2.384017
0.2148018 0.2375945 2.39285
0.2336816 -0.1188079 2.426424
0.1424211 -0.1320253 2.337432
0.3716677 0.541844 2.381549
0.3821389 0.2387485 2.391993
0.3727987 -0.1202007 2.433757
0.3576047 -0.1308817 2.33856
0.2780867 1.082624 2.418776
0.09875222 0.4560694 2.306131
0.1174612 0.5330108 2.291784
0.4952806 0.4713865 2.434267
0.4772658 0.5026534 2.403156
112
0.2957841 0.5334195 2.422269
0.2848781 0.8507894 2.425896
0.2750395 1.158095 2.411764
0.3070394 1.284723 2.365048
0.1065231 1.037784 2.413534
0.05366566 0.8122276 2.384983
0.07163268 0.5903888 2.316343
0.08248954 0.5302338 2.292564
0.4565417 1.047343 2.414883
0.4977255 0.778173 2.468565
0.5237786 0.581124 2.470378
0.5066978 0.5031752 2.450827
0.2113067 0.5375558 2.38153
0.2146696 0.2372958 2.392516
0.2337272 -0.1189259 2.426506
0.141948 -0.1323332 2.337453
0.3735519 0.5409191 2.382488
0.3821129 0.2381441 2.392143
0.372763 -0.1200082 2.433741
0.3576534 -0.1306825 2.33844
0.2778934 1.082359 2.418075
0.09626648 0.4627061 2.285329
0.1053329 0.5345777 2.255257
0.4940273 0.4795692 2.425003
0.4817866 0.5301447 2.396968
113
0.2957841 0.5334195 2.422269
0.2848781 0.8507894 2.425896
0.2750395 1.158095 2.411764
0.3070394 1.284723 2.365048
0.1065231 1.037784 2.413534
0.05366566 0.8122276 2.384983
0.07163268 0.5903888 2.316343
0.08248954 0.5302338 2.292564
0.4565417 1.047343 2.414883
0.4977255 0.778173 2.468565
0.5237786 0.581124 2.470378
0.5066978 0.5031752 2.450827
0.2113067 0.5375558 2.38153
0.2146696 0.2372958 2.392516
0.2337272 -0.1189259 2.426506
0.141948 -0.1323332 2.337453
0.3735519 0.5409191 2.382488
0.3821129 0.2381441 2.392143
0.372763 -0.1200082 2.433741
0.3576534 -0.1306825 2.33844
0.2778934 1.082359 2.418075
0.09626648 0.4627061 2.285329
0.1053329 0.5345777 2.255257
0.4940273 0.4795692 2.425003
0.4817866 0.5301447 2.396968
114
0.2974338 0.532721 2.421157
0.2852611 0.8503338 2.424844
0.2747463 1.157808 2.410714
0.3082716 1.284484 2.364342
0.1066553 1.038153 2.410603
0.05305085 0.8115535 2.380033
0.07116602 0.5925496 2.306442
0.08159443 0.5328736 2.27804
0.4573219 1.04547 2.419533
0.4991128 0.7784628 2.467646
0.5202857 0.5851231 2.461709
0.5056757 0.5319785 2.433938
0.2129535 0.5372415 2.379306
0.2144827 0.23626 2.39212
0.2337754 -0.1189989 2.426584
0.141702 -0.1326537 2.337372
0.3751689 0.5401889 2.383253
0.3820968 0.2377034 2.392264
0.3727237 -0.1198221 2.433713
0.3576924 -0.1305041 2.338172
0.2777489 1.082026 2.417057
0.09583332 0.4649824 2.272267
0.1011595 0.5367802 2.238076
0.495963 0.4834289 2.4216
0.4831062 0.5407763 2.391667
115
0.2974338 0.532721 2.421157
0.2852611 0.8503338 2.424844
0.2747463 1.157808 2.410714
0.3082716 1.284484 2.364342
0.1066553 1.038153 2.410603
0.05305085 0.8115535 2.380033
0.07116602 0.5925496 2.306442
0.08159443 0.5328736 2.27804
0.4573219 1.04547 2.419533
0.4991128 0.7784628 2.467646
0.5202857 0.5851231 2.461709
0.5056757 0.5319785 2.433938
0.2129535 0.5372415 2.379306
0.2144827 0.23626 2.39212
0.2337754 -0.1189989 2.426584
0.141702 -0.1326537 2.337372
0.3751689 0.5401889 2.383253
0.3820968 0.2377034 2.392264
0.3727237 -0.1198221 2.433713
0.3576924 -0.1305041 2.338172
0.2777489 1.082026 2.417057
0.09583332 0.4649824 2.272267
0.1011595 0.5367802 2.238076
0.495963 0.4834289 2.4216
0.4831062 0.5407763 2.391667
116
0.2974338 0.532721 2.421157
0.2852611 0.8503338 2.424844
0.2747463 1.157808 2.410714
0.3082716 1.284484 2.364342
0.1066553 1.038153 2.410603
0.05305085 0.8115535 2.380033
0.07116602 0.5925496 2.306442
0.08159443 0.5328736 2.27804
0.4573219 1.04547 2.419533
0.4991128 0.7784628 2.467646
0.5202857 0.5851231 2.461709
0.5056757 0.5319785 2.433938
0.2129535 0.5372415 2.379306
0.2144827 0.23626 2.39212
0.2337754 -0.1189989 2.426584
0.141702 -0.1326537 2.337372
0.3751689 0.5401889 2.383253
0.3820968 0.2377034 2.392264
0.3727237 -0.1198221 2.433713
0.3576924 -0.1305041 2.338172
0.2777489 1.082026 2.417057
0.09583332 0.4649824 2.272267
0.1011595 0.5367802 2.238076
0.495963 0.4834289 2.4216
0.4831062 0.5407763 2.391667
117
0.299022 0.5321589 2.42012
0.2856489 0.8499587 2.42392
0.2744972 1.157616 2.409891
0.3093979 1.284287 2.363793
0.1068162 1.03843 2.407261
0.05242275 0.8123227 2.375015
0.07111837 0.5937144 2.297565
0.08114775 0.5346311 2.266671
0.4578485 1.044161 2.422781
0.4999147 0.7784072 2.46644
0.5178847 0.5862994 2.453618
0.5064393 0.5449817 2.426466
0.2145459 0.5369992 2.377288
0.2142757 0.2358878 2.3917
0.2338135 -0.1191093 2.426644
0.1415839 -0.1329786 2.337311
0.3766074 0.5396416 2.383883
0.3820832 0.2373623 2.392371
0.3726791 -0.1196761 2.43368
0.3577266 -0.1303636 2.337903
0.2776389 1.081777 2.416216
0.09545052 0.4665037 2.263463
0.1075462 0.5510592 2.252542
0.4995749 0.4870471 2.418341
0.4833598 0.5468066 2.387842
118
0.299022 0.5321589 2.42012
0.2856489 0.8499587 2.42392
0.2744972 1.157616 2.409891
0.3093979 1.284287 2.363793
0.1068162 1.03843 2.407261
0.05242275 0.8123227 2.375015
0.07111837 0.5937144 2.297565
0.08114775 0.5346311 2.266671
0.4578485 1.044161 2.422781
0.4999147 0.7784072 2.46644
0.5178847 0.5862994 2.453618
0.5064393 0.5449817 2.426466
0.2145459 0.5369992 2.377288
0.2142757 0.2358878 2.3917
0.2338135 -0.1191093 2.426644
0.1415839 -0.1329786 2.337311
0.3766074 0.5396416 2.383883
0.3820832 0.2373623 2.392371
0.3726791 -0.1196761 2.43368
0.3577266 -0.1303636 2.337903
0.2776389 1.081777 2.416216
0.09545052 0.4665037 2.263463
0.1075462 0.5510592 2.252542
0.4995749 0.4870471 2.418341
0.4833598 0.5468066 2.387842
119
0.3003835 0.5317129 2.419252
0.2860057 0.8496541 2.423137
0.2742749 1.157495 2.409236
0.3103797 1.284118 2.363384
0.1069692 1.038694 2.404205
0.0519377 0.8140267 2.370039
0.07151306 0.5947469 2.289854
0.08129599 0.5366849 2.258548
0.4581947 1.043244 2.425007
0.5001397 0.7782241 2.464751
0.5148968 0.5683464 2.430282
0.5066808 0.544508 2.416344
0.2158513 0.5368064 2.375705
0.2140674 0.2357346 2.391238
0.233849 -0.119135 2.426695
0.1417113 -0.1332026 2.337302
0.3778058 0.539229 2.384383
0.3820686 0.2371198 2.392454
0.3725117 -0.1193821 2.433643
0.3577875 -0.1300623 2.337789
0.2775471 1.081596 2.415527
0.09545934 0.4676654 2.257044
0.1115343 0.5575749 2.259858
0.5033783 0.4880721 2.413642
0.4830865 0.5469453 2.382247
120
0.3015731 0.5313575 2.418524
0.2863283 0.849413 2.422487
0.274078 1.157436 2.408746
0.3112158 1.284 2.363077
0.1070769 1.038859 2.402424
0.05194354 0.8149908 2.365352
0.07237373 0.596147 2.283311
0.08202992 0.5377334 2.252348
0.4584174 1.042614 2.426532
0.4999304 0.7779627 2.462769
0.5127988 0.5684695 2.422423
0.5069147 0.5412169 2.4083
0.2169557 0.5366405 2.374434
0.2136734 0.2360519 2.39049
0.233884 -0.1188136 2.42674
0.1416153 -0.1332188 2.337163
0.3788505 0.5389209 2.3848
0.3820567 0.2369442 2.392525
0.3723382 -0.1192543 2.433646
0.3578307 -0.1299252 2.337785
0.2774686 1.081478 2.414993
0.09651938 0.4683885 2.251447
0.114163 0.5609446 2.260981
0.5061457 0.4870677 2.411613
0.4826826 0.5431686 2.375818
121
0.3015731 0.5313575 2.418524
0.2863283 0.849413 2.422487
0.274078 1.157436 2.408746
0.3112158 1.284 2.363077
0.1070769 1.038859 2.402424
0.05194354 0.8149908 2.365352
0.07237373 0.596147 2.283311
0.08202992 0.5377334 2.252348
0.4584174 1.042614 2.426532
0.4999304 0.7779627 2.462769
0.5127988 0.5684695 2.422423
0.5069147 0.5412169 2.4083
0.2169557 0.5366405 2.374434
0.2136734 0.2360519 2.39049
0.233884 -0.1188136 2.42674
0.1416153 -0.1332188 2.337163
0.3788505 0.5389209 2.3848
0.3820567 0.2369442 2.392525
0.3723382 -0.1192543 2.433646
0.3578307 -0.1299252 2.337785
0.2774686 1.081478 2.414993
0.09651938 0.4683885 2.251447
0.114163 0.5609446 2.260981
0.5061457 0.4870677 2.411613
0.4826826 0.5431686 2.375818
122
0.3015731 0.5313575 2.418524
0.2863283 0.849413 2.422487
0.274078 1.157436 2.408746
0.3112158 1.284 2.363077
0.1070769 1.038859 2.402424
0.05194354 0.8149908 2.365352
0.07237373 0.596147 2.283311
0.08202992 0.5377334 2.252348
0.4584174 1.042614 2.426532
0.4999304 0.7779627 2.462769
0.5127988 0.5684695 2.422423
0.5069147 0.5412169 2.4083
0.2169557 0.5366405 2.374434
0.2136734 0.2360519 2.39049
0.233884 -0.1188136 2.42674
0.1416153 -0.1332188 2.337163
0.3788505 0.5389209 2.3848
0.3820567 0.2369442 2.392525
0.3723382 -0.1192543 2.433646
0.3578307 -0.1299252 2.337785
0.2774686 1.081478 2.414993
0.09651938 0.4683885 2.251447
0.114163 0.5609446 2.260981
0.5061457 0.4870677 2.411613
0.4826826 0.5431686 2.375818
123
0.3027428 0.531083 2.417814
0.2866316 0.8492276 2.421936
0.2739018 1.157418 2.408373
0.3119169 1.283932 2.362871
0.1071876 1.039088 2.40077
0.05223483 0.8155624 2.361387
0.07338002 0.5973502 2.278405
0.08328257 0.5385404 2.247907
0.4585704 1.042162 2.427607
0.4994715 0.7777449 2.460818
0.5112986 0.5699002 2.415323
0.5068538 0.5420172 2.403674
0.2179933 0.5365155 2.373311
0.2132529 0.2367079 2.389617
0.233907 -0.1182962 2.42678
0.1415365 -0.1330802 2.336893
0.3798332 0.5387054 2.385113
0.382043 0.2367492 2.392614
0.3721168 -0.1191019 2.433636
0.3578801 -0.1297589 2.337744
0.277402 1.081404 2.414575
0.09747913 0.4694226 2.247479
0.1173972 0.5642841 2.263079
0.5081325 0.4862005 2.408367
0.48136 0.5423926 2.370366
124
0.3027428 0.531083 2.417814
0.2866316 0.8492276 2.421936
0.2739018 1.157418 2.408373
0.3119169 1.283932 2.362871
0.1071876 1.039088 2.40077
0.05223483 0.8155624 2.361387
0.07338002 0.5973502 2.278405
0.08328257 0.5385404 2.247907
0.4585704 1.042162 2.427607
0.4994715 0.7777449 2.460818
0.5112986 0.5699002 2.415323
0.5068538 0.5420172 2.403674
0.2179933 0.5365155 2.373311
0.2132529 0.2367079 2.389617
0.233907 -0.1182962 2.42678
0.1415365 -0.1330802 2.336893
0.3798332 0.5387054 2.385113
0.382043 0.2367492 2.392614
0.3721168 -0.1191019 2.433636
0.3578801 -0.1297589 2.337744
0.277402 1.081404 2.414575
0.09747913 0.4694226 2.247479
0.1173972 0.5642841 2.263079
0.5081325 0.4862005 2.408367
0.48136 0.5423926 2.370366
125
0.3038363 0.5308723 2.417114
0.2869106 0.8490888 2.421464
0.273732 1.157439 2.408087
0.312519 1.283898 2.362748
0.1073441 1.039355 2.399188
0.05260412 0.8160522 2.358303
0.0744294 0.5983194 2.274831
0.08516295 0.5391813 2.244889
0.4586778 1.041835 2.428373
0.4989621 0.7775792 2.459159
0.5104117 0.5711977 2.410836
0.5066361 0.542454 2.400031
0.218965 0.5364185 2.37225
0.2127867 0.2376267 2.388635
0.2339384 -0.1177861 2.426836
0.1415759 -0.1329821 2.336597
0.3807049 0.5385568 2.385329
0.3819994 0.2364321 2.392743
0.3719192 -0.1189588 2.433628
0.3578305 -0.1295901 2.337741
0.2773411 1.081367 2.414248
0.09861761 0.4704776 2.244521
0.1218763 0.5636477 2.262153
0.5090011 0.4851217 2.404178
0.4755129 0.5216559 2.362104
126
0.3047406 0.5307158 2.416513
0.287157 0.8489859 2.421065
0.2735687 1.157489 2.407861
0.3130436 1.283903 2.36272
0.1074782 1.03961 2.397869
0.05295312 0.8164161 2.356065
0.0761133 0.599441 2.27183
0.0884475 0.5393077 2.243443
0.4587537 1.0416 2.428923
0.4984693 0.7774549 2.457793
0.5098714 0.5724817 2.407841
0.5061969 0.5428097 2.396918
0.2197587 0.5363422 2.371363
0.2123711 0.2384384 2.387802
0.2339708 -0.1174031 2.426886
0.1416465 -0.1329484 2.336377
0.3814199 0.538457 2.385481
0.3819365 0.2361719 2.392853
0.371693 -0.1187587 2.43364
0.357731 -0.1293685 2.337806
0.2772851 1.081356 2.413985
0.1007139 0.4713582 2.242801
0.1269612 0.5464081 2.233833
0.5097989 0.4845544 2.400502
0.4743463 0.5220841 2.358028
127
0.3047406 0.5307158 2.416513
0.287157 0.8489859 2.421065
0.2735687 1.157489 2.407861
0.3130436 1.283903 2.36272
0.1074782 1.03961 2.397869
0.05295312 0.8164161 2.356065
0.0761133 0.599441 2.27183
0.0884475 0.5393077 2.243443
0.4587537 1.0416 2.428923
0.4984693 0.7774549 2.457793
0.5098714 0.5724817 2.407841
0.5061969 0.5428097 2.396918
0.2197587 0.5363422 2.371363
0.2123711 0.2384384 2.387802
0.2339708 -0.1174031 2.426886
0.1416465 -0.1329484 2.336377
0.3814199 0.538457 2.385481
0.3819365 0.2361719 2.392853
0.371693 -0.1187587 2.43364
0.357731 -0.1293685 2.337806
0.2772851 1.081356 2.413985
0.1007139 0.4713582 2.242801
0.1269612 0.5464081 2.233833
0.5097989 0.4845544 2.400502
0.4743463 0.5220841 2.358028
128
0.3055693 0.5305998 2.415924
0.287386 0.8489119 2.420718
0.2734124 1.157559 2.407689
0.3134932 1.283934 2.362745
0.1075519 1.039733 2.397207
0.05352229 0.8164518 2.354249
0.07807466 0.6003786 2.269617
0.0928307 0.5394801 2.243431
0.4588093 1.041427 2.429326
0.4980127 0.7773759 2.456679
0.5093474 0.573912 2.405459
0.5053139 0.5430931 2.393908
0.2204538 0.5362803 2.370575
0.2119942 0.238711 2.387253
0.2340082 -0.1170887 2.426914
0.1417235 -0.1329121 2.336184
0.382084 0.5383995 2.385551
0.3818679 0.23599 2.392928
0.3715459 -0.1186246 2.433647
0.3576587 -0.1292229 2.33783
0.2772349 1.081362 2.413775
0.1042413 0.4729377 2.241915
0.1305017 0.5407652 2.224783
0.5101488 0.4841396 2.396894
0.4733027 0.5245833 2.354028
129
0.3055693 0.5305998 2.415924
0.287386 0.8489119 2.420718
0.2734124 1.157559 2.407689
0.3134932 1.283934 2.362745
0.1075519 1.039733 2.397207
0.05352229 0.8164518 2.354249
0.07807466 0.6003786 2.269617
0.0928307 0.5394801 2.243431
0.4588093 1.041427 2.429326
0.4980127 0.7773759 2.456679
0.5093474 0.573912 2.405459
0.5053139 0.5430931 2.393908
0.2204538 0.5362803 2.370575
0.2119942 0.238711 2.387253
0.2340082 -0.1170887 2.426914
0.1417235 -0.1329121 2.336184
0.382084 0.5383995 2.385551
0.3818679 0.23599 2.392928
0.3715459 -0.1186246 2.433647
0.3576587 -0.1292229 2.33783
0.2772349 1.081362 2.413775
0.1042413 0.4729377 2.241915
0.1305017 0.5407652 2.224783
0.5101488 0.4841396 2.396894
0.4733027 0.5245833 2.354028
130
0.3062643 0.5305253 2.415388
0.2875925 0.8488638 2.420416
0.2732615 1.157648 2.407561
0.3139313 1.284031 2.362886
0.1076242 1.039845 2.39669
0.05404903 0.8166683 2.352953
0.08048664 0.6010883 2.268254
0.09894183 0.5399767 2.246559
0.4588498 1.041298 2.429624
0.4975698 0.7773228 2.455726
0.5089372 0.5752717 2.403659
0.5043691 0.5433418 2.391222
0.2210157 0.5362397 2.36992
0.2116585 0.23889 2.386816
0.2340794 -0.1168159 2.426971
0.1417778 -0.1328915 2.336107
0.3826549 0.5383767 2.385557
0.3817903 0.2358487 2.392983
0.3714395 -0.1185224 2.433651
0.3576011 -0.1291126 2.337849
0.2771885 1.081384 2.413607
0.1119113 0.4752367 2.242551
0.1332119 0.537926 2.220886
0.5098283 0.4836187 2.39442
0.4722793 0.5287366 2.350032
131
0.3062643 0.5305253 2.415388
0.2875925 0.8488638 2.420416
0.2732615 1.157648 2.407561
0.3139313 1.284031 2.362886
0.1076242 1.039845 2.39669
0.05404903 0.8166683 2.352953
0.08048664 0.6010883 2.268254
0.09894183 0.5399767 2.246559
0.4588498 1.041298 2.429624
0.4975698 0.7773228 2.455726
0.5089372 0.5752717 2.403659
0.5043691 0.5433418 2.391222
0.2210157 0.5362397 2.36992
0.2116585 0.23889 2.386816
0.2340794 -0.1168159 2.426971
0.1417778 -0.1328915 2.336107
0.3826549 0.5383767 2.385557
0.3817903 0.2358487 2.392983
0.3714395 -0.1185224 2.433651
0.3576011 -0.1291126 2.337849
0.2771885 1.081384 2.413607
0.1119113 0.4752367 2.242551
0.1332119 0.537926 2.220886
0.5098283 0.4836187 2.39442
0.4722793 0.5287366 2.350032
132
0.3068871 0.5304815 2.414849
0.2877799 0.8488359 2.420153
0.2731045 1.157762 2.407479
0.3143487 1.284158 2.363157
0.1077024 1.039943 2.396439
0.05456816 0.8171229 2.352085
0.08401275 0.6008251 2.268165
0.1060917 0.5403329 2.253336
0.4588777 1.041201 2.429844
0.4971716 0.7773054 2.45495
0.5086497 0.5764955 2.402437
0.5031447 0.5437575 2.38862
0.2215034 0.5362108 2.369306
0.2113138 0.23913 2.386401
0.2341542 -0.1165694 2.427026
0.1418369 -0.1328863 2.336062
0.3831845 0.538385 2.385493
0.381713 0.2357321 2.393028
0.3713511 -0.1184692 2.433652
0.3575279 -0.1290455 2.337912
0.2771427 1.081419 2.413475
0.117463 0.4772669 2.244983
0.1370101 0.5347189 2.220701
0.508915 0.4837289 2.389495
0.4710604 0.5352399 2.346925
133
0.3068871 0.5304815 2.414849
0.2877799 0.8488359 2.420153
0.2731045 1.157762 2.407479
0.3143487 1.284158 2.363157
0.1077024 1.039943 2.396439
0.05456816 0.8171229 2.352085
0.08401275 0.6008251 2.268165
0.1060917 0.5403329 2.253336
0.4588777 1.041201 2.429844
0.4971716 0.7773054 2.45495
0.5086497 0.5764955 2.402437
0.5031447 0.5437575 2.38862
0.2215034 0.5362108 2.369306
0.2113138 0.23913 2.386401
0.2341542 -0.1165694 2.427026
0.1418369 -0.1328863 2.336062
0.3831845 0.538385 2.385493
0.381713 0.2357321 2.393028
0.3713511 -0.1184692 2.433652
0.3575279 -0.1290455 2.337912
0.2771427 1.081419 2.413475
0.117463 0.4772669 2.244983
0.1370101 0.5347189 2.220701
0.508915 0.4837289 2.389495
0.4710604 0.5352399 2.346925
