103
1
-0.06646246 0.6178167 3.08023
-0.07172916 0.8971427 3.094656
-0.07560614 1.171076 3.100051
-0.0740125 1.315257 3.082282
-0.2486255 1.048382 3.093974
-0.3011948 0.8225167 3.090775
-0.2873037 0.6188391 3.02549
-0.2710992 0.5498031 2.99973
0.1036962 1.051474 3.126971
0.1424884 0.8191988 3.170182
0.1558904 0.6307539 3.136808
0.1485444 0.5436436 3.10101
-0.1430087 0.6193976 3.047578
-0.1577538 0.1594812 3.10049
-0.1839651 -0.1911413 3.129071
-0.1269598 -0.2000602 3.071936
0.01126363 0.6237273 3.052606
0.01887745 0.1637054 3.109567
0.02987148 -0.1914316 3.129541
0.03567663 -0.1991703 2.988755
-0.0743763 1.103222 3.100726
-0.2684346 0.4802468 2.966378
-0.226796 0.5599129 2.988882
0.1557661 0.4723717 3.080001
0.1331102 0.516018 3.05957
2
-0.06627027 0.617766 3.080706
-0.07178146 0.897091 3.094835
-0.07575252 1.171052 3.100119
-0.07431488 1.315249 3.082324
-0.2488824 1.048286 3.094247
-0.3021325 0.8225946 3.090428
-0.3027798 0.6174139 2.989077
-0.2914996 0.5388587 2.955283
0.1035196 1.051589 3.127104
0.1423201 0.8193657 3.170432
0.1545157 0.6356371 3.136944
0.1488125 0.5464312 3.101785
-0.1425195 0.6191152 3.048708
-0.1581598 0.1591224 3.100669
-0.1846308 -0.2107628 3.133123
-0.1354433 -0.2216161 3.049546
0.01128881 0.6237713 3.052725
0.01892762 0.1637041 3.109641
0.02977018 -0.1916725 3.129299
0.03552973 -0.1992762 2.988665
-0.07451484 1.103197 3.100798
-0.2862381 0.4735347 2.92583
-0.2488434 0.5320088 2.954231
0.156056 0.4772309 3.079072
0.1336145 0.5135304 3.059332
3
-0.06627027 0.617766 3.080706
-0.07178146 0.897091 3.094835
-0.07575252 1.171052 3.100119
-0.07431488 1.315249 3.082324
-0.2488824 1.048286 3.094247
-0.3021325 0.8225946 3.090428
-0.3027798 0.6174139 2.989077
-0.2914996 0.5388587 2.955283
0.1035196 1.051589 3.127104
0.1423201 0.8193657 3.170432
0.1545157 0.6356371 3.136944
0.1488125 0.5464312 3.101785
-0.1425195 0.6191152 3.048708
-0.1581598 0.1591224 3.100669
-0.1846308 -0.2107628 3.133123
-0.1354433 -0.2216161 3.049546
0.01128881 0.6237713 3.052725
0.01892762 0.1637041 3.109641
0.02977018 -0.1916725 3.129299
0.03552973 -0.1992762 2.988665
-0.07451484 1.103197 3.100798
-0.2862381 0.4735347 2.92583
-0.2488434 0.5320088 2.954231
0.156056 0.4772309 3.079072
0.1336145 0.5135304 3.059332
4
-0.06543037 0.6176996 3.081712
-0.07170551 0.8970276 3.095187
-0.0758801 1.17103 3.100201
-0.07457544 1.315247 3.082378
-0.2491518 1.048187 3.094612
-0.3074923 0.8246289 3.085882
-0.317805 0.6254765 2.940905
-0.3159383 0.53167 2.88845
0.1033529 1.051742 3.127242
0.1421689 0.8195656 3.170672
0.1532358 0.6393736 3.136686
0.1487437 0.5485153 3.101971
-0.1412232 0.6186706 3.050467
-0.1585549 0.1587063 3.10093
-0.1847145 -0.2228864 3.136059
-0.1450113 -0.2345011 3.039459
0.011788 0.6239251 3.053188
0.01900675 0.1637215 3.109739
0.029711 -0.1917662 3.129332
0.03540453 -0.1993381 2.988842
-0.07462689 1.103173 3.100895
-0.3187382 0.4612925 2.863831
-0.2748239 0.5263901 2.892227
0.1557716 0.4806879 3.078393
0.1343903 0.5114024 3.059174
5
-0.06543037 0.6176996 3.081712
-0.07170551 0.8970276 3.095187
-0.0758801 1.17103 3.100201
-0.07457544 1.315247 3.082378
-0.2491518 1.048187 3.094612
-0.3074923 0.8246289 3.085882
-0.317805 0.6254765 2.940905
-0.3159383 0.53167 2.88845
0.1033529 1.051742 3.127242
0.1421689 0.8195656 3.170672
0.1532358 0.6393736 3.136686
0.1487437 0.5485153 3.101971
-0.1412232 0.6186706 3.050467
-0.1585549 0.1587063 3.10093
-0.1847145 -0.2228864 3.136059
-0.1450113 -0.2345011 3.039459
0.011788 0.6239251 3.053188
0.01900675 0.1637215 3.109739
0.029711 -0.1917662 3.129332
0.03540453 -0.1993381 2.988842
-0.07462689 1.103173 3.100895
-0.3187382 0.4612925 2.863831
-0.2748239 0.5263901 2.892227
0.1557716 0.4806879 3.078393
0.1343903 0.5114024 3.059174
6
-0.06354586 0.6178007 3.083535
-0.07146914 0.8969885 3.095838
-0.07608205 1.171011 3.100393
-0.07482151 1.315246 3.082451
-0.2493879 1.048126 3.095051
-0.3208706 0.8324267 3.073215
-0.3396184 0.6548625 2.884706
-0.3466666 0.5575891 2.806074
0.1031976 1.051929 3.127374
0.1420439 0.8197863 3.17088
0.1522155 0.6420104 3.136282
0.1489952 0.5498809 3.102033
-0.1393644 0.6183301 3.05263
-0.1587171 0.1583854 3.101209
-0.1845252 -0.2279938 3.137976
-0.1478257 -0.240205 3.03541
0.01376842 0.6244679 3.054692
0.01905931 0.1637686 3.109835
0.02970577 -0.1918257 3.129345
0.03534008 -0.1993599 2.988945
-0.07477307 1.103154 3.101108
-0.3576515 0.4878919 2.769187
-0.3075173 0.5588548 2.812148
0.1553437 0.4835143 3.077224
0.1308368 0.5230984 3.060259
7
-0.06354586 0.6178007 3.083535
-0.07146914 0.8969885 3.095838
-0.07608205 1.171011 3.100393
-0.07482151 1.315246 3.082451
-0.2493879 1.048126 3.095051
-0.3208706 0.8324267 3.073215
-0.3396184 0.6548625 2.884706
-0.3466666 0.5575891 2.806074
0.1031976 1.051929 3.127374
0.1420439 0.8197863 3.17088
0.1522155 0.6420104 3.136282
0.1489952 0.5498809 3.102033
-0.1393644 0.6183301 3.05263
-0.1587171 0.1583854 3.101209
-0.1845252 -0.2279938 3.137976
-0.1478257 -0.240205 3.03541
0.01376842 0.6244679 3.054692
0.01905931 0.1637686 3.109835
0.02970577 -0.1918257 3.129345
0.03534008 -0.1993599 2.988945
-0.07477307 1.103154 3.101108
-0.3576515 0.4878919 2.769187
-0.3075173 0.5588548 2.812148
0.1553437 0.4835143 3.077224
0.1308368 0.5230984 3.060259
8
-0.06221873 0.6182334 3.083852
-0.07123793 0.8969832 3.096406
-0.07637925 1.170977 3.100834
-0.07510586 1.315235 3.082579
-0.2496169 1.048097 3.095605
-0.3379917 0.8528494 3.056883
-0.3650434 0.7101999 2.832211
-0.3757737 0.6232266 2.729704
0.1030511 1.052149 3.127511
0.1419593 0.8200243 3.171058
0.1518402 0.6435592 3.135859
0.1492708 0.5522398 3.101434
-0.1382231 0.6184078 3.053277
-0.1588182 0.1583059 3.101365
-0.1849816 -0.2429166 3.140586
-0.1702089 -0.2529621 3.047676
0.0153861 0.6253694 3.054538
0.01916079 0.1642893 3.10997
0.02983421 -0.1914479 3.129312
0.03531959 -0.1989137 2.988976
-0.07494379 1.103136 3.101434
-0.3818769 0.5793347 2.67145
-0.3394831 0.622877 2.724062
0.1547474 0.4861061 3.07531
0.1222871 0.5644342 3.054786
9
-0.06221873 0.6182334 3.083852
-0.07123793 0.8969832 3.096406
-0.07637925 1.170977 3.100834
-0.07510586 1.315235 3.082579
-0.2496169 1.048097 3.095605
-0.3379917 0.8528494 3.056883
-0.3650434 0.7101999 2.832211
-0.3757737 0.6232266 2.729704
0.1030511 1.052149 3.127511
0.1419593 0.8200243 3.171058
0.1518402 0.6435592 3.135859
0.1492708 0.5522398 3.101434
-0.1382231 0.6184078 3.053277
-0.1588182 0.1583059 3.101365
-0.1849816 -0.2429166 3.140586
-0.1702089 -0.2529621 3.047676
0.0153861 0.6253694 3.054538
0.01916079 0.1642893 3.10997
0.02983421 -0.1914479 3.129312
0.03531959 -0.1989137 2.988976
-0.07494379 1.103136 3.101434
-0.3818769 0.5793347 2.67145
-0.3394831 0.622877 2.724062
0.1547474 0.4861061 3.07531
0.1222871 0.5644342 3.054786
10
-0.06076406 0.6189798 3.083482
-0.07100409 0.8970271 3.096868
-0.07670496 1.170957 3.101456
-0.07544874 1.31521 3.082784
-0.2498817 1.048131 3.096354
-0.3519135 0.886753 3.043342
-0.3852218 0.7962094 2.832129
-0.4013132 0.7180481 2.650834
0.1029185 1.052379 3.127644
0.1419444 0.8202958 3.171244
0.1516989 0.6446497 3.135181
0.1497137 0.5537299 3.100773
-0.1371342 0.6187297 3.053367
-0.1588688 0.1583888 3.10152
-0.1849422 -0.2497495 3.142127
-0.1829713 -0.2583399 3.057052
0.01730322 0.6266748 3.053471
0.01926211 0.1652702 3.110096
0.03012822 -0.1907284 3.128272
0.03529926 -0.1977333 2.98798
-0.07511297 1.103137 3.101839
-0.4075589 0.6863739 2.564007
-0.3679438 0.7201858 2.641124
0.1547919 0.4878158 3.073887
0.1194916 0.5795307 3.052974
11
-0.06076406 0.6189798 3.083482
-0.07100409 0.8970271 3.096868
-0.07670496 1.170957 3.101456
-0.07544874 1.31521 3.082784
-0.2498817 1.048131 3.096354
-0.3519135 0.886753 3.043342
-0.3852218 0.7962094 2.832129
-0.4013132 0.7180481 2.650834
0.1029185 1.052379 3.127644
0.1419444 0.8202958 3.171244
0.1516989 0.6446497 3.135181
0.1497137 0.5537299 3.100773
-0.1371342 0.6187297 3.053367
-0.1588688 0.1583888 3.10152
-0.1849422 -0.2497495 3.142127
-0.1829713 -0.2583399 3.057052
0.01730322 0.6266748 3.053471
0.01926211 0.1652702 3.110096
0.03012822 -0.1907284 3.128272
0.03529926 -0.1977333 2.98798
-0.07511297 1.103137 3.101839
-0.4075589 0.6863739 2.564007
-0.3679438 0.7201858 2.641124
0.1547919 0.4878158 3.073887
0.1194916 0.5795307 3.052974
12
-0.05896201 0.6197742 3.082938
-0.07067117 0.8970954 3.097321
-0.07700336 1.170932 3.102115
-0.07587169 1.315173 3.083058
-0.2501218 1.048179 3.097066
-0.3582843 0.9022018 3.037262
-0.3957348 0.8553276 2.827833
-0.4156801 0.8384137 2.587379
0.1027789 1.052607 3.127755
0.142286 0.8207272 3.171422
0.1520558 0.6451258 3.13319
0.151076 0.5536832 3.098934
-0.1358268 0.6191224 3.053221
-0.1588729 0.1584978 3.101635
-0.1847759 -0.2528012 3.143138
-0.1894933 -0.2607061 3.061855
0.01962938 0.6279579 3.052371
0.01948614 0.166149 3.109826
0.03035212 -0.1899363 3.127549
0.03526817 -0.1967692 2.987255
-0.07525241 1.103137 3.102287
-0.4244291 0.8263445 2.505438
-0.4025271 0.8371602 2.553061
0.1554915 0.4881254 3.071899
0.127996 0.5427994 3.047261
13
-0.05896201 0.6197742 3.082938
-0.07067117 0.8970954 3.097321
-0.07700336 1.170932 3.102115
-0.07587169 1.315173 3.083058
-0.2501218 1.048179 3.097066
-0.3582843 0.9022018 3.037262
-0.3957348 0.8553276 2.827833
-0.4156801 0.8384137 2.587379
0.1027789 1.052607 3.127755
0.142286 0.8207272 3.171422
0.1520558 0.6451258 3.13319
0.151076 0.5536832 3.098934
-0.1358268 0.6191224 3.053221
-0.1588729 0.1584978 3.101635
-0.1847759 -0.2528012 3.143138
-0.1894933 -0.2607061 3.061855
0.01962938 0.6279579 3.052371
0.01948614 0.166149 3.109826
0.03035212 -0.1899363 3.127549
0.03526817 -0.1967692 2.987255
-0.07525241 1.103137 3.102287
-0.4244291 0.8263445 2.505438
-0.4025271 0.8371602 2.553061
0.1554915 0.4881254 3.071899
0.127996 0.5427994 3.047261
14
-0.05761618 0.6204103 3.082294
-0.07038856 0.8971626 3.097698
-0.07741436 1.170887 3.103007
-0.07638963 1.315109 3.083429
-0.250338 1.048243 3.097727
-0.3618806 0.9138253 3.031618
-0.400117 0.8809514 2.826483
-0.4071715 0.9502128 2.653742
0.102625 1.052799 3.127827
0.1430093 0.8212948 3.171655
0.1608454 0.6283063 3.117846
0.1534735 0.5470107 3.091798
-0.1348138 0.6194715 3.052909
-0.1588348 0.1586415 3.101747
-0.1831976 -0.2203335 3.138633
-0.1429658 -0.2305331 3.060414
0.02128228 0.628918 3.051292
0.01969464 0.1669444 3.109543
0.03043657 -0.1891752 3.126923
0.03511225 -0.1958829 2.986587
-0.07544945 1.103132 3.102865
-0.4240181 0.9502274 2.534329
-0.4040083 0.963752 2.636239
0.1556841 0.477347 3.06596
0.128968 0.5353395 3.043691
15
-0.05761618 0.6204103 3.082294
-0.07038856 0.8971626 3.097698
-0.07741436 1.170887 3.103007
-0.07638963 1.315109 3.083429
-0.250338 1.048243 3.097727
-0.3618806 0.9138253 3.031618
-0.400117 0.8809514 2.826483
-0.4071715 0.9502128 2.653742
0.102625 1.052799 3.127827
0.1430093 0.8212948 3.171655
0.1608454 0.6283063 3.117846
0.1534735 0.5470107 3.091798
-0.1348138 0.6194715 3.052909
-0.1588348 0.1586415 3.101747
-0.1831976 -0.2203335 3.138633
-0.1429658 -0.2305331 3.060414
0.02128228 0.628918 3.051292
0.01969464 0.1669444 3.109543
0.03043657 -0.1891752 3.126923
0.03511225 -0.1958829 2.986587
-0.07544945 1.103132 3.102865
-0.4240181 0.9502274 2.534329
-0.4040083 0.963752 2.636239
0.1556841 0.477347 3.06596
0.128968 0.5353395 3.043691
16
-0.05815068 0.6215483 3.080368
-0.0702801 0.8972378 3.097926
-0.07781447 1.170846 3.103961
-0.0771129 1.315047 3.083982
-0.250518 1.048338 3.09826
-0.3644715 0.9260621 3.021577
-0.4007936 0.9623247 2.820261
-0.4071615 1.059738 2.663697
0.1024253 1.053019 3.127864
0.1443631 0.8222477 3.172185
0.1638491 0.6244586 3.112729
0.1543848 0.5452166 3.088294
-0.1363696 0.6213296 3.050375
-0.1587269 0.1597427 3.10171
-0.183991 -0.2205047 3.136744
-0.1309989 -0.2296455 3.075746
0.02131959 0.6297345 3.049558
0.01980188 0.1677317 3.109251
0.03061084 -0.1883658 3.126228
0.03504229 -0.1949248 2.985827
-0.07566907 1.103136 3.103487
-0.4363878 1.071353 2.592422
-0.3930823 1.078831 2.645548
0.1566297 0.4736159 3.062142
0.1274048 0.5374116 3.040767
17
-0.05815068 0.6215483 3.080368
-0.0702801 0.8972378 3.097926
-0.07781447 1.170846 3.103961
-0.0771129 1.315047 3.083982
-0.250518 1.048338 3.09826
-0.3644715 0.9260621 3.021577
-0.4007936 0.9623247 2.820261
-0.4071615 1.059738 2.663697
0.1024253 1.053019 3.127864
0.1443631 0.8222477 3.172185
0.1638491 0.6244586 3.112729
0.1543848 0.5452166 3.088294
-0.1363696 0.6213296 3.050375
-0.1587269 0.1597427 3.10171
-0.183991 -0.2205047 3.136744
-0.1309989 -0.2296455 3.075746
0.02131959 0.6297345 3.049558
0.01980188 0.1677317 3.109251
0.03061084 -0.1883658 3.126228
0.03504229 -0.1949248 2.985827
-0.07566907 1.103136 3.103487
-0.4363878 1.071353 2.592422
-0.3930823 1.078831 2.645548
0.1566297 0.4736159 3.062142
0.1274048 0.5374116 3.040767
18
-0.05862245 0.622517 3.078677
-0.07019857 0.897325 3.098112
-0.07822504 1.170858 3.10495
-0.0780061 1.315017 3.084696
-0.2506584 1.048502 3.098657
-0.3663606 0.9345465 3.013262
-0.3935601 1.057562 2.794994
-0.3955097 1.155895 2.700143
0.1022118 1.053295 3.127926
0.146167 0.8235579 3.173151
0.1660427 0.6227778 3.109902
0.1555972 0.5441167 3.084725
-0.1373684 0.6227397 3.04831
-0.1586158 0.1607933 3.101718
-0.183522 -0.2139601 3.136846
-0.1336094 -0.2238344 3.066894
0.02122609 0.6304246 3.048049
0.01989025 0.1684829 3.108938
0.03075514 -0.1875919 3.125632
0.03502464 -0.1940468 2.985172
-0.07590675 1.10318 3.104147
-0.4118885 1.199678 2.656719
-0.3627005 1.148321 2.689561
0.1569869 0.4727295 3.059848
0.1322069 0.5176919 3.034858
19
-0.05862245 0.622517 3.078677
-0.07019857 0.897325 3.098112
-0.07822504 1.170858 3.10495
-0.0780061 1.315017 3.084696
-0.2506584 1.048502 3.098657
-0.3663606 0.9345465 3.013262
-0.3935601 1.057562 2.794994
-0.3955097 1.155895 2.700143
0.1022118 1.053295 3.127926
0.146167 0.8235579 3.173151
0.1660427 0.6227778 3.109902
0.1555972 0.5441167 3.084725
-0.1373684 0.6227397 3.04831
-0.1586158 0.1607933 3.101718
-0.183522 -0.2139601 3.136846
-0.1336094 -0.2238344 3.066894
0.02122609 0.6304246 3.048049
0.01989025 0.1684829 3.108938
0.03075514 -0.1875919 3.125632
0.03502464 -0.1940468 2.985172
-0.07590675 1.10318 3.104147
-0.4118885 1.199678 2.656719
-0.3627005 1.148321 2.689561
0.1569869 0.4727295 3.059848
0.1322069 0.5176919 3.034858
20
-0.05978546 0.6235852 3.076684
-0.07019363 0.8974569 3.098231
-0.07857286 1.170879 3.105805
-0.07892605 1.315008 3.085418
-0.2507319 1.048739 3.098959
-0.3754885 0.9573194 2.977218
-0.382656 1.150024 2.777021
-0.3785405 1.231956 2.738316
0.101996 1.053623 3.12804
0.1485694 0.8252909 3.174764
0.1675254 0.6219153 3.108008
0.1563011 0.5441793 3.080868
-0.1389881 0.6242617 3.045998
-0.15848 0.1620163 3.101714
-0.1832693 -0.2106183 3.137204
-0.1360121 -0.2209955 3.061255
0.02047367 0.6311046 3.046309
0.01994152 0.1692486 3.108624
0.0309086 -0.1868164 3.124983
0.03508693 -0.1931434 2.984467
-0.07612684 1.103235 3.10474
-0.3924999 1.296948 2.698177
-0.3365109 1.229344 2.72103
0.1574381 0.4730437 3.054964
0.1283172 0.5387029 3.035429
21
-0.05978546 0.6235852 3.076684
-0.07019363 0.8974569 3.098231
-0.07857286 1.170879 3.105805
-0.07892605 1.315008 3.085418
-0.2507319 1.048739 3.098959
-0.3754885 0.9573194 2.977218
-0.382656 1.150024 2.777021
-0.3785405 1.231956 2.738316
0.101996 1.053623 3.12804
0.1485694 0.8252909 3.174764
0.1675254 0.6219153 3.108008
0.1563011 0.5441793 3.080868
-0.1389881 0.6242617 3.045998
-0.15848 0.1620163 3.101714
-0.1832693 -0.2106183 3.137204
-0.1360121 -0.2209955 3.061255
0.02047367 0.6311046 3.046309
0.01994152 0.1692486 3.108624
0.0309086 -0.1868164 3.124983
0.03508693 -0.1931434 2.984467
-0.07612684 1.103235 3.10474
-0.3924999 1.296948 2.698177
-0.3365109 1.229344 2.72103
0.1574381 0.4730437 3.054964
0.1283172 0.5387029 3.035429
22
-0.06105387 0.6244556 3.074814
-0.07026709 0.8976262 3.098292
-0.07889468 1.170914 3.10657
-0.07988979 1.315018 3.086157
-0.2507176 1.049142 3.099127
-0.3820082 0.9749204 2.951312
-0.3682138 1.208588 2.792133
-0.3615271 1.283262 2.782229
0.1017547 1.054018 3.12819
0.1518901 0.8277494 3.177466
0.1685451 0.6219266 3.107015
0.1568192 0.544734 3.077438
-0.1404233 0.6254243 3.044008
-0.1583364 0.163064 3.101671
-0.1840019 -0.2137996 3.135726
-0.1328 -0.2230206 3.072272
0.0193551 0.6316679 3.044549
0.01997318 0.1699431 3.108326
0.03098271 -0.1861202 3.124468
0.03515605 -0.1923632 2.983906
-0.07635757 1.103301 3.105289
-0.3644667 1.346423 2.759882
-0.3163634 1.28894 2.770413
0.1572011 0.4740346 3.048649
0.1253145 0.5558456 3.036799
23
-0.06105387 0.6244556 3.074814
-0.07026709 0.8976262 3.098292
-0.07889468 1.170914 3.10657
-0.07988979 1.315018 3.086157
-0.2507176 1.049142 3.099127
-0.3820082 0.9749204 2.951312
-0.3682138 1.208588 2.792133
-0.3615271 1.283262 2.782229
0.1017547 1.054018 3.12819
0.1518901 0.8277494 3.177466
0.1685451 0.6219266 3.107015
0.1568192 0.544734 3.077438
-0.1404233 0.6254243 3.044008
-0.1583364 0.163064 3.101671
-0.1840019 -0.2137996 3.135726
-0.1328 -0.2230206 3.072272
0.0193551 0.6316679 3.044549
0.01997318 0.1699431 3.108326
0.03098271 -0.1861202 3.124468
0.03515605 -0.1923632 2.983906
-0.07635757 1.103301 3.105289
-0.3644667 1.346423 2.759882
-0.3163634 1.28894 2.770413
0.1572011 0.4740346 3.048649
0.1253145 0.5558456 3.036799
24
-0.06203737 0.6251512 3.073336
-0.07037722 0.8978463 3.09831
-0.07919884 1.171009 3.107269
-0.08082034 1.315057 3.08683
-0.2506152 1.049796 3.099044
-0.3862474 0.9872432 2.936834
-0.3588219 1.233644 2.805892
-0.3476222 1.319217 2.82432
0.1014798 1.05454 3.128417
0.1554299 0.8308018 3.181311
0.169007 0.6232447 3.10708
0.1577196 0.5477794 3.075453
-0.1413634 0.6263486 3.042509
-0.1581898 0.1640663 3.101561
-0.1828241 -0.1899022 3.132093
-0.1571075 -0.2015851 3.017397
0.01836821 0.6320984 3.043124
0.01996197 0.1705512 3.108056
0.03104635 -0.1855096 3.124054
0.03530344 -0.1916941 2.983455
-0.07659329 1.10342 3.105807
-0.342202 1.384787 2.824345
-0.3003607 1.307575 2.811236
0.1583172 0.4752888 3.046185
0.126609 0.5619494 3.038054
25
-0.06203737 0.6251512 3.073336
-0.07037722 0.8978463 3.09831
-0.07919884 1.171009 3.107269
-0.08082034 1.315057 3.08683
-0.2506152 1.049796 3.099044
-0.3862474 0.9872432 2.936834
-0.3588219 1.233644 2.805892
-0.3476222 1.319217 2.82432
0.1014798 1.05454 3.128417
0.1554299 0.8308018 3.181311
0.169007 0.6232447 3.10708
0.1577196 0.5477794 3.075453
-0.1413634 0.6263486 3.042509
-0.1581898 0.1640663 3.101561
-0.1828241 -0.1899022 3.132093
-0.1571075 -0.2015851 3.017397
0.01836821 0.6320984 3.043124
0.01996197 0.1705512 3.108056
0.03104635 -0.1855096 3.124054
0.03530344 -0.1916941 2.983455
-0.07659329 1.10342 3.105807
-0.342202 1.384787 2.824345
-0.3003607 1.307575 2.811236
0.1583172 0.4752888 3.046185
0.126609 0.5619494 3.038054
26
-0.06294515 0.6257054 3.07207
-0.07053601 0.8980955 3.098282
-0.07945943 1.171108 3.107868
-0.08170183 1.315109 3.087441
-0.2505035 1.050612 3.098747
-0.3883852 0.9941328 2.929683
-0.3480505 1.252185 2.840337
-0.3345299 1.340462 2.861182
0.1011945 1.055113 3.128689
0.1595034 0.8348419 3.187253
0.1695494 0.6443918 3.120337
0.1594068 0.5635151 3.08077
-0.1421679 0.6270588 3.041235
-0.1580173 0.1649256 3.101454
-0.1840917 -0.2018807 3.131825
-0.1439862 -0.2114178 3.051074
0.01739507 0.6324447 3.041907
0.01993181 0.1710979 3.107815
0.03105598 -0.1849027 3.123894
0.03543709 -0.191117 2.983279
-0.0768112 1.103541 3.106264
-0.3203216 1.410993 2.869948
-0.2891477 1.315919 2.845149
0.1702683 0.5000461 3.048036
0.1308446 0.5821246 3.051355
27
-0.06294515 0.6257054 3.07207
-0.07053601 0.8980955 3.098282
-0.07945943 1.171108 3.107868
-0.08170183 1.315109 3.087441
-0.2505035 1.050612 3.098747
-0.3883852 0.9941328 2.929683
-0.3480505 1.252185 2.840337
-0.3345299 1.340462 2.861182
0.1011945 1.055113 3.128689
0.1595034 0.8348419 3.187253
0.1695494 0.6443918 3.120337
0.1594068 0.5635151 3.08077
-0.1421679 0.6270588 3.041235
-0.1580173 0.1649256 3.101454
-0.1840917 -0.2018807 3.131825
-0.1439862 -0.2114178 3.051074
0.01739507 0.6324447 3.041907
0.01993181 0.1710979 3.107815
0.03105598 -0.1849027 3.123894
0.03543709 -0.191117 2.983279
-0.0768112 1.103541 3.106264
-0.3203216 1.410993 2.869948
-0.2891477 1.315919 2.845149
0.1702683 0.5000461 3.048036
0.1308446 0.5821246 3.051355
28
-0.06404554 0.6261806 3.070828
-0.07076378 0.8983703 3.0982
-0.07967367 1.1712 3.108375
-0.08252473 1.315167 3.087975
-0.2503937 1.051608 3.098112
-0.3893484 0.9998795 2.927195
-0.3407587 1.260867 2.862412
-0.3276706 1.346237 2.887869
0.1008561 1.055905 3.12915
0.162988 0.8389167 3.193356
0.1693065 0.6487957 3.123054
0.1592948 0.5690376 3.082348
-0.1430484 0.6276338 3.03999
-0.1578685 0.1656651 3.101347
-0.1850194 -0.209565 3.131341
-0.1363618 -0.2178917 3.071217
0.01608722 0.6327534 3.040722
0.0198831 0.1716153 3.107637
0.03084916 -0.1843185 3.123854
0.03547719 -0.1905838 2.983212
-0.07700375 1.103655 3.106659
-0.3114105 1.4202 2.902856
-0.2805924 1.320042 2.87228
0.1728525 0.5101343 3.050137
0.1314082 0.5883273 3.055685
29
-0.06404554 0.6261806 3.070828
-0.07076378 0.8983703 3.0982
-0.07967367 1.1712 3.108375
-0.08252473 1.315167 3.087975
-0.2503937 1.051608 3.098112
-0.3893484 0.9998795 2.927195
-0.3407587 1.260867 2.862412
-0.3276706 1.346237 2.887869
0.1008561 1.055905 3.12915
0.162988 0.8389167 3.193356
0.1693065 0.6487957 3.123054
0.1592948 0.5690376 3.082348
-0.1430484 0.6276338 3.03999
-0.1578685 0.1656651 3.101347
-0.1850194 -0.209565 3.131341
-0.1363618 -0.2178917 3.071217
0.01608722 0.6327534 3.040722
0.0198831 0.1716153 3.107637
0.03084916 -0.1843185 3.123854
0.03547719 -0.1905838 2.983212
-0.07700375 1.103655 3.106659
-0.3114105 1.4202 2.902856
-0.2805924 1.320042 2.87228
0.1728525 0.5101343 3.050137
0.1314082 0.5883273 3.055685
30
-0.06495535 0.626525 3.069812
-0.07099809 0.8986366 3.098099
-0.07985403 1.171296 3.108829
-0.08329039 1.315212 3.088435
-0.2503604 1.05277 3.097104
-0.3889523 1.00403 2.929464
-0.3358473 1.264006 2.884439
-0.3209339 1.354133 2.909815
0.1004476 1.056628 3.129554
0.1654469 0.8421757 3.198351
0.1689572 0.6513199 3.124751
0.1589714 0.5725067 3.083962
-0.1437496 0.6280349 3.038957
-0.1577397 0.1662522 3.101231
-0.1856762 -0.2145965 3.130812
-0.1317131 -0.2222553 3.08317
0.01497865 0.632979 3.039769
0.01982963 0.1720612 3.107492
0.03067544 -0.1838827 3.123727
0.03555756 -0.1901485 2.983087
-0.07717639 1.103767 3.10701
-0.3047021 1.425742 2.917892
-0.2752099 1.324001 2.894073
0.1711123 0.5129551 3.0518
0.1319217 0.5920484 3.057911
31
-0.06495535 0.626525 3.069812
-0.07099809 0.8986366 3.098099
-0.07985403 1.171296 3.108829
-0.08329039 1.315212 3.088435
-0.2503604 1.05277 3.097104
-0.3889523 1.00403 2.929464
-0.3358473 1.264006 2.884439
-0.3209339 1.354133 2.909815
0.1004476 1.056628 3.129554
0.1654469 0.8421757 3.198351
0.1689572 0.6513199 3.124751
0.1589714 0.5725067 3.083962
-0.1437496 0.6280349 3.038957
-0.1577397 0.1662522 3.101231
-0.1856762 -0.2145965 3.130812
-0.1317131 -0.2222553 3.08317
0.01497865 0.632979 3.039769
0.01982963 0.1720612 3.107492
0.03067544 -0.1838827 3.123727
0.03555756 -0.1901485 2.983087
-0.07717639 1.103767 3.10701
-0.3047021 1.425742 2.917892
-0.2752099 1.324001 2.894073
0.1711123 0.5129551 3.0518
0.1319217 0.5920484 3.057911
32
-0.06495535 0.626525 3.069812
-0.07099809 0.8986366 3.098099
-0.07985403 1.171296 3.108829
-0.08329039 1.315212 3.088435
-0.2503604 1.05277 3.097104
-0.3889523 1.00403 2.929464
-0.3358473 1.264006 2.884439
-0.3209339 1.354133 2.909815
0.1004476 1.056628 3.129554
0.1654469 0.8421757 3.198351
0.1689572 0.6513199 3.124751
0.1589714 0.5725067 3.083962
-0.1437496 0.6280349 3.038957
-0.1577397 0.1662522 3.101231
-0.1856762 -0.2145965 3.130812
-0.1317131 -0.2222553 3.08317
0.01497865 0.632979 3.039769
0.01982963 0.1720612 3.107492
0.03067544 -0.1838827 3.123727
0.03555756 -0.1901485 2.983087
-0.07717639 1.103767 3.10701
-0.3047021 1.425742 2.917892
-0.2752099 1.324001 2.894073
0.1711123 0.5129551 3.0518
0.1319217 0.5920484 3.057911
33
-0.06545004 0.6267568 3.069101
-0.07121059 0.8988797 3.097996
-0.08001891 1.171385 3.109239
-0.08399038 1.315244 3.088865
-0.2502256 1.053299 3.096774
-0.3876779 1.007134 2.93425
-0.3340923 1.260301 2.897166
-0.3170849 1.352339 2.925806
0.1000431 1.057319 3.129969
0.1674425 0.8453559 3.203517
0.1681972 0.6527826 3.126359
0.1583925 0.5749243 3.085886
-0.1441253 0.6282907 3.038189
-0.1576351 0.1667016 3.10112
-0.184294 -0.1921027 3.128933
-0.1583929 -0.2019775 3.026368
0.01438364 0.6331441 3.039137
0.01977764 0.1724684 3.107422
0.03043473 -0.183544 3.123497
0.03553721 -0.1897402 2.982887
-0.07733541 1.103871 3.107326
-0.3020033 1.42772 2.938945
-0.2722167 1.323597 2.906533
0.1663496 0.5128757 3.05599
0.1317329 0.5935328 3.061182
34
-0.06587793 0.6269522 3.068476
-0.07143706 0.8991286 3.097866
-0.08015709 1.171467 3.109587
-0.0846188 1.315271 3.089229
-0.2500743 1.053965 3.096177
-0.3862293 1.009246 2.939267
-0.3327855 1.257326 2.906333
-0.3159542 1.342591 2.932109
0.09966245 1.057963 3.130355
0.1685531 0.8476033 3.207268
0.1665822 0.6593203 3.136144
0.1574807 0.5840418 3.092988
-0.1444405 0.6284975 3.037483
-0.1575483 0.1671142 3.100976
-0.1849778 -0.1982566 3.129373
-0.1605204 -0.2079105 3.028783
0.01386611 0.6332865 3.038606
0.01972751 0.1728462 3.107355
0.03016709 -0.183228 3.123345
0.03554101 -0.1893836 2.982762
-0.07747609 1.103968 3.107599
-0.3017388 1.41883 2.94719
-0.2724761 1.318737 2.912117
0.1660019 0.5176724 3.061823
0.1326727 0.5979459 3.067718
35
-0.06587793 0.6269522 3.068476
-0.07143706 0.8991286 3.097866
-0.08015709 1.171467 3.109587
-0.0846188 1.315271 3.089229
-0.2500743 1.053965 3.096177
-0.3862293 1.009246 2.939267
-0.3327855 1.257326 2.906333
-0.3159542 1.342591 2.932109
0.09966245 1.057963 3.130355
0.1685531 0.8476033 3.207268
0.1665822 0.6593203 3.136144
0.1574807 0.5840418 3.092988
-0.1444405 0.6284975 3.037483
-0.1575483 0.1671142 3.100976
-0.1849778 -0.1982566 3.129373
-0.1605204 -0.2079105 3.028783
0.01386611 0.6332865 3.038606
0.01972751 0.1728462 3.107355
0.03016709 -0.183228 3.123345
0.03554101 -0.1893836 2.982762
-0.07747609 1.103968 3.107599
-0.3017388 1.41883 2.94719
-0.2724761 1.318737 2.912117
0.1660019 0.5176724 3.061823
0.1326727 0.5979459 3.067718
36
-0.06614201 0.6270961 3.068026
-0.07162265 0.8993507 3.097742
-0.08026834 1.171539 3.109884
-0.08517339 1.31528 3.089561
-0.2499158 1.054303 3.095967
-0.3849455 1.010703 2.943563
-0.3320606 1.255024 2.911763
-0.315751 1.335185 2.934132
0.09931006 1.058524 3.130702
0.1690279 0.8495998 3.210923
0.1643646 0.6591874 3.139703
0.1562507 0.5866337 3.096143
-0.1446273 0.628633 3.036972
-0.1574867 0.1674301 3.100857
-0.1842111 -0.1850295 3.127666
-0.1732485 -0.1961789 2.99201
0.01355287 0.6334043 3.038228
0.01968521 0.1732053 3.107294
0.02985281 -0.1828551 3.123301
0.03544028 -0.1890156 2.982717
-0.07759418 1.104054 3.107835
-0.3064466 1.409008 2.94524
-0.2718026 1.318665 2.917197
0.1617026 0.5173833 3.064103
0.1323454 0.5965437 3.071013
37
-0.06614201 0.6270961 3.068026
-0.07162265 0.8993507 3.097742
-0.08026834 1.171539 3.109884
-0.08517339 1.31528 3.089561
-0.2499158 1.054303 3.095967
-0.3849455 1.010703 2.943563
-0.3320606 1.255024 2.911763
-0.315751 1.335185 2.934132
0.09931006 1.058524 3.130702
0.1690279 0.8495998 3.210923
0.1643646 0.6591874 3.139703
0.1562507 0.5866337 3.096143
-0.1446273 0.628633 3.036972
-0.1574867 0.1674301 3.100857
-0.1842111 -0.1850295 3.127666
-0.1732485 -0.1961789 2.99201
0.01355287 0.6334043 3.038228
0.01968521 0.1732053 3.107294
0.02985281 -0.1828551 3.123301
0.03544028 -0.1890156 2.982717
-0.07759418 1.104054 3.107835
-0.3064466 1.409008 2.94524
-0.2718026 1.318665 2.917197
0.1617026 0.5173833 3.064103
0.1323454 0.5965437 3.071013
38
-0.0666571 0.6272382 3.06739
-0.07186665 0.899583 3.097586
-0.08036648 1.171608 3.110175
-0.08565787 1.315281 3.089848
-0.2497716 1.054632 3.095685
-0.3838941 1.011384 2.947492
-0.3318538 1.252362 2.914847
-0.3161508 1.328423 2.93248
0.09892222 1.059057 3.131033
0.1692359 0.8515608 3.214489
0.1613211 0.6570542 3.141846
0.1549284 0.5874786 3.098608
-0.145053 0.6287757 3.036248
-0.1574381 0.1677745 3.100711
-0.1840325 -0.1797413 3.126667
-0.1779421 -0.1913137 2.977965
0.01298839 0.6335042 3.037706
0.01963202 0.1735199 3.10722
0.02952604 -0.1825072 3.1233
0.03536285 -0.1886948 2.982707
-0.07770865 1.104137 3.108058
-0.3100599 1.402397 2.941512
-0.2733271 1.316269 2.917027
0.1527733 0.5147505 3.07025
0.1317385 0.5957069 3.072733
39
-0.0666571 0.6272382 3.06739
-0.07186665 0.899583 3.097586
-0.08036648 1.171608 3.110175
-0.08565787 1.315281 3.089848
-0.2497716 1.054632 3.095685
-0.3838941 1.011384 2.947492
-0.3318538 1.252362 2.914847
-0.3161508 1.328423 2.93248
0.09892222 1.059057 3.131033
0.1692359 0.8515608 3.214489
0.1613211 0.6570542 3.141846
0.1549284 0.5874786 3.098608
-0.145053 0.6287757 3.036248
-0.1574381 0.1677745 3.100711
-0.1840325 -0.1797413 3.126667
-0.1779421 -0.1913137 2.977965
0.01298839 0.6335042 3.037706
0.01963202 0.1735199 3.10722
0.02952604 -0.1825072 3.1233
0.03536285 -0.1886948 2.982707
-0.07770865 1.104137 3.108058
-0.3100599 1.402397 2.941512
-0.2733271 1.316269 2.917027
0.1527733 0.5147505 3.07025
0.1317385 0.5957069 3.072733
40
-0.06739966 0.6273814 3.066687
-0.07218425 0.8998213 3.097387
-0.08044916 1.171667 3.110427
-0.08608144 1.315277 3.090101
-0.2496599 1.054994 3.095344
-0.383079 1.011669 2.950624
-0.332035 1.249667 2.915925
-0.3169542 1.322107 2.926618
0.09843437 1.059659 3.131344
0.1692373 0.8533185 3.217343
0.1584322 0.6542742 3.142469
0.1537331 0.5880308 3.100099
-0.1456127 0.628893 3.035529
-0.1574021 0.1680796 3.100572
-0.1840283 -0.177208 3.125962
-0.180535 -0.1888961 2.97067
0.01208109 0.6336323 3.037051
0.01955815 0.1738538 3.10714
0.02897086 -0.1819915 3.12349
0.03516236 -0.1882898 2.982847
-0.07781478 1.10421 3.108253
-0.3128903 1.395935 2.929996
-0.2741359 1.317095 2.913954
0.1490134 0.5136025 3.07285
0.1300139 0.5871226 3.070813
41
-0.06739966 0.6273814 3.066687
-0.07218425 0.8998213 3.097387
-0.08044916 1.171667 3.110427
-0.08608144 1.315277 3.090101
-0.2496599 1.054994 3.095344
-0.383079 1.011669 2.950624
-0.332035 1.249667 2.915925
-0.3169542 1.322107 2.926618
0.09843437 1.059659 3.131344
0.1692373 0.8533185 3.217343
0.1584322 0.6542742 3.142469
0.1537331 0.5880308 3.100099
-0.1456127 0.628893 3.035529
-0.1574021 0.1680796 3.100572
-0.1840283 -0.177208 3.125962
-0.180535 -0.1888961 2.97067
0.01208109 0.6336323 3.037051
0.01955815 0.1738538 3.10714
0.02897086 -0.1819915 3.12349
0.03516236 -0.1882898 2.982847
-0.07781478 1.10421 3.108253
-0.3128903 1.395935 2.929996
-0.2741359 1.317095 2.913954
0.1490134 0.5136025 3.07285
0.1300139 0.5871226 3.070813
42
-0.06774016 0.6274956 3.066277
-0.07240492 0.9000211 3.09723
-0.08050016 1.171715 3.110662
-0.08643852 1.31527 3.090314
-0.2495577 1.055152 3.095236
-0.382425 1.011531 2.953559
-0.3325034 1.246908 2.915537
-0.3181909 1.316546 2.919262
0.09776776 1.060665 3.132065
0.1683457 0.8549823 3.220154
0.156239 0.6517725 3.142551
0.1526277 0.5884265 3.10156
-0.1458551 0.6289682 3.035116
-0.157365 0.1683221 3.100436
-0.1858301 -0.1989181 3.127202
-0.1439444 -0.2081053 3.045696
0.01165792 0.6337622 3.036667
0.0195003 0.1741973 3.107051
0.02834367 -0.1813762 3.123766
0.03484446 -0.1878284 2.983073
-0.07789239 1.104272 3.108433
-0.3157192 1.389782 2.919655
-0.2760083 1.315724 2.909535
0.1463833 0.5125672 3.072669
0.1292452 0.5837712 3.069991
43
-0.06774016 0.6274956 3.066277
-0.07240492 0.9000211 3.09723
-0.08050016 1.171715 3.110662
-0.08643852 1.31527 3.090314
-0.2495577 1.055152 3.095236
-0.382425 1.011531 2.953559
-0.3325034 1.246908 2.915537
-0.3181909 1.316546 2.919262
0.09776776 1.060665 3.132065
0.1683457 0.8549823 3.220154
0.156239 0.6517725 3.142551
0.1526277 0.5884265 3.10156
-0.1458551 0.6289682 3.035116
-0.157365 0.1683221 3.100436
-0.1858301 -0.1989181 3.127202
-0.1439444 -0.2081053 3.045696
0.01165792 0.6337622 3.036667
0.0195003 0.1741973 3.107051
0.02834367 -0.1813762 3.123766
0.03484446 -0.1878284 2.983073
-0.07789239 1.104272 3.108433
-0.3157192 1.389782 2.919655
-0.2760083 1.315724 2.909535
0.1463833 0.5125672 3.072669
0.1292452 0.5837712 3.069991
44
-0.06774016 0.6274956 3.066277
-0.07240492 0.9000211 3.09723
-0.08050016 1.171715 3.110662
-0.08643852 1.31527 3.090314
-0.2495577 1.055152 3.095236
-0.382425 1.011531 2.953559
-0.3325034 1.246908 2.915537
-0.3181909 1.316546 2.919262
0.09776776 1.060665 3.132065
0.1683457 0.8549823 3.220154
0.156239 0.6517725 3.142551
0.1526277 0.5884265 3.10156
-0.1458551 0.6289682 3.035116
-0.157365 0.1683221 3.100436
-0.1858301 -0.1989181 3.127202
-0.1439444 -0.2081053 3.045696
0.01165792 0.6337622 3.036667
0.0195003 0.1741973 3.107051
0.02834367 -0.1813762 3.123766
0.03484446 -0.1878284 2.983073
-0.07789239 1.104272 3.108433
-0.3157192 1.389782 2.919655
-0.2760083 1.315724 2.909535
0.1463833 0.5125672 3.072669
0.1292452 0.5837712 3.069991
45
-0.06749222 0.6276475 3.066225
-0.07252545 0.900177 3.097152
-0.08054994 1.171761 3.1109
-0.08679141 1.315259 3.090513
-0.2494987 1.055275 3.095128
-0.3819585 1.011277 2.955751
-0.3330686 1.244429 2.914035
-0.3195565 1.312496 2.910531
0.09719625 1.061528 3.132707
0.1675221 0.8561801 3.222222
0.1546133 0.6496637 3.142308
0.1516806 0.5883787 3.102371
-0.145476 0.6289952 3.035054
-0.1573361 0.1684711 3.100351
-0.187202 -0.2154152 3.128138
-0.1263133 -0.2228892 3.090326
0.01182104 0.6339992 3.036663
0.01947112 0.1744952 3.106987
0.0278332 -0.1808602 3.124042
0.03463507 -0.1874551 2.983303
-0.07796533 1.104336 3.108625
-0.3165125 1.387225 2.915096
-0.2803911 1.301984 2.892266
0.1445479 0.5118981 3.072863
0.1281755 0.575586 3.065513
46
-0.06757944 0.6277359 3.066065
-0.07265338 0.9003239 3.097084
-0.08059383 1.171795 3.111224
-0.08715305 1.315249 3.090715
-0.2493804 1.0553 3.095155
-0.3816278 1.010897 2.957402
-0.3337836 1.242076 2.911462
-0.3218278 1.31017 2.902605
0.09668159 1.062313 3.133355
0.1667325 0.8570576 3.223797
0.15379 0.6488736 3.142531
0.1509734 0.5886764 3.102975
-0.1455057 0.6290326 3.034904
-0.1573177 0.1686299 3.100242
-0.1878134 -0.2225476 3.128451
-0.1197763 -0.2293376 3.107847
0.01168176 0.6341378 3.0365
0.01941791 0.1748471 3.106927
0.02707365 -0.179884 3.124804
0.03412944 -0.1868276 2.984005
-0.07804536 1.104395 3.108857
-0.3174522 1.386163 2.907209
-0.2829944 1.294278 2.881535
0.1439646 0.5128778 3.071932
0.1277499 0.5801832 3.068581
47
-0.06757944 0.6277359 3.066065
-0.07265338 0.9003239 3.097084
-0.08059383 1.171795 3.111224
-0.08715305 1.315249 3.090715
-0.2493804 1.0553 3.095155
-0.3816278 1.010897 2.957402
-0.3337836 1.242076 2.911462
-0.3218278 1.31017 2.902605
0.09668159 1.062313 3.133355
0.1667325 0.8570576 3.223797
0.15379 0.6488736 3.142531
0.1509734 0.5886764 3.102975
-0.1455057 0.6290326 3.034904
-0.1573177 0.1686299 3.100242
-0.1878134 -0.2225476 3.128451
-0.1197763 -0.2293376 3.107847
0.01168176 0.6341378 3.0365
0.01941791 0.1748471 3.106927
0.02707365 -0.179884 3.124804
0.03412944 -0.1868276 2.984005
-0.07804536 1.104395 3.108857
-0.3174522 1.386163 2.907209
-0.2829944 1.294278 2.881535
0.1439646 0.5128778 3.071932
0.1277499 0.5801832 3.068581
48
-0.06768858 0.6278117 3.065914
-0.07279396 0.9004633 3.097023
-0.08064992 1.171831 3.11158
-0.08759157 1.315252 3.090981
-0.2491773 1.055162 3.095427
-0.3813956 1.010487 2.958636
-0.3350237 1.239071 2.904958
-0.3248658 1.307624 2.89381
0.09623861 1.062981 3.133966
0.1660396 0.8576758 3.224972
0.1530551 0.6480284 3.142438
0.1504041 0.5887006 3.10335
-0.1455567 0.6290548 3.034771
-0.1573084 0.1687527 3.100143
-0.1881884 -0.2269014 3.128642
-0.1161035 -0.233272 3.118305
0.01151649 0.6342672 3.036338
0.01936664 0.1751566 3.106874
0.02684738 -0.179443 3.124992
0.03400719 -0.1864865 2.98418
-0.07814384 1.104456 3.109114
-0.3179462 1.383671 2.90162
-0.2856806 1.287432 2.872204
0.1438178 0.5133124 3.070745
0.1273376 0.5851873 3.070514
49
-0.06768858 0.6278117 3.065914
-0.07279396 0.9004633 3.097023
-0.08064992 1.171831 3.11158
-0.08759157 1.315252 3.090981
-0.2491773 1.055162 3.095427
-0.3813956 1.010487 2.958636
-0.3350237 1.239071 2.904958
-0.3248658 1.307624 2.89381
0.09623861 1.062981 3.133966
0.1660396 0.8576758 3.224972
0.1530551 0.6480284 3.142438
0.1504041 0.5887006 3.10335
-0.1455567 0.6290548 3.034771
-0.1573084 0.1687527 3.100143
-0.1881884 -0.2269014 3.128642
-0.1161035 -0.233272 3.118305
0.01151649 0.6342672 3.036338
0.01936664 0.1751566 3.106874
0.02684738 -0.179443 3.124992
0.03400719 -0.1864865 2.98418
-0.07814384 1.104456 3.109114
-0.3179462 1.383671 2.90162
-0.2856806 1.287432 2.872204
0.1438178 0.5133124 3.070745
0.1273376 0.5851873 3.070514
50
-0.06777731 0.6278731 3.065795
-0.07292649 0.9005921 3.096974
-0.08074591 1.171882 3.111979
-0.08802121 1.315247 3.091242
-0.2491151 1.055084 3.095503
-0.3812318 1.01008 2.959527
-0.3366492 1.236148 2.89664
-0.3283723 1.305127 2.884737
0.09587014 1.063527 3.134495
0.1654649 0.858108 3.225826
0.1524072 0.6470622 3.141904
0.1499106 0.5886014 3.103277
-0.1455986 0.6290687 3.034668
-0.1572881 0.1688575 3.099993
-0.185485 -0.1919707 3.126045
-0.1573777 -0.2018539 3.01958
0.01138175 0.6343776 3.036209
0.0193219 0.1754303 3.106833
0.02630425 -0.1788769 3.125346
0.03364052 -0.1860916 2.984505
-0.07827666 1.104532 3.109409
-0.3185073 1.381508 2.895475
-0.2881119 1.285934 2.865662
0.143428 0.5132219 3.069309
0.1274644 0.5848478 3.068952
51
-0.06777731 0.6278731 3.065795
-0.07292649 0.9005921 3.096974
-0.08074591 1.171882 3.111979
-0.08802121 1.315247 3.091242
-0.2491151 1.055084 3.095503
-0.3812318 1.01008 2.959527
-0.3366492 1.236148 2.89664
-0.3283723 1.305127 2.884737
0.09587014 1.063527 3.134495
0.1654649 0.858108 3.225826
0.1524072 0.6470622 3.141904
0.1499106 0.5886014 3.103277
-0.1455986 0.6290687 3.034668
-0.1572881 0.1688575 3.099993
-0.185485 -0.1919707 3.126045
-0.1573777 -0.2018539 3.01958
0.01138175 0.6343776 3.036209
0.0193219 0.1754303 3.106833
0.02630425 -0.1788769 3.125346
0.03364052 -0.1860916 2.984505
-0.07827666 1.104532 3.109409
-0.3185073 1.381508 2.895475
-0.2881119 1.285934 2.865662
0.143428 0.5132219 3.069309
0.1274644 0.5848478 3.068952
52
-0.06777731 0.6278731 3.065795
-0.07292649 0.9005921 3.096974
-0.08074591 1.171882 3.111979
-0.08802121 1.315247 3.091242
-0.2491151 1.055084 3.095503
-0.3812318 1.01008 2.959527
-0.3366492 1.236148 2.89664
-0.3283723 1.305127 2.884737
0.09587014 1.063527 3.134495
0.1654649 0.858108 3.225826
0.1524072 0.6470622 3.141904
0.1499106 0.5886014 3.103277
-0.1455986 0.6290687 3.034668
-0.1572881 0.1688575 3.099993
-0.185485 -0.1919707 3.126045
-0.1573777 -0.2018539 3.01958
0.01138175 0.6343776 3.036209
0.0193219 0.1754303 3.106833
0.02630425 -0.1788769 3.125346
0.03364052 -0.1860916 2.984505
-0.07827666 1.104532 3.109409
-0.3185073 1.381508 2.895475
-0.2881119 1.285934 2.865662
0.143428 0.5132219 3.069309
0.1274644 0.5848478 3.068952
53
-0.06785101 0.6279221 3.065701
-0.07304632 0.9007042 3.096935
-0.08084328 1.171918 3.112359
-0.08846421 1.315227 3.091502
-0.2489855 1.054828 3.095794
-0.3811401 1.009615 2.960106
-0.3386892 1.233603 2.88835
-0.3320504 1.302319 2.876601
0.09555387 1.063982 3.134957
0.1649699 0.8584134 3.226452
0.1641928 0.6695816 3.164114
0.1496059 0.5962796 3.107525
-0.1456361 0.6290759 3.034587
-0.157267 0.1689425 3.099854
-0.1868257 -0.2091067 3.127226
-0.1454242 -0.218004 3.049052
0.01127273 0.6344693 3.036106
0.01925783 0.1756908 3.106842
0.02599593 -0.1781707 3.125991
0.03339885 -0.1856521 2.985134
-0.07840908 1.104594 3.109694
-0.3189034 1.378463 2.882123
-0.2916771 1.281578 2.857393
0.15823 0.5375651 3.087701
0.1271246 0.5934212 3.071138
54
-0.06803634 0.6279678 3.065577
-0.07321823 0.9008242 3.096902
-0.08096635 1.171961 3.112782
-0.08892366 1.315208 3.091787
-0.2489433 1.054665 3.095965
-0.3810723 1.009127 2.960447
-0.3407612 1.231153 2.880019
-0.3350231 1.300191 2.868394
0.09529398 1.064382 3.135474
0.1645689 0.8586079 3.226937
0.1656855 0.673677 3.167444
0.1499437 0.6024123 3.111562
-0.1457419 0.6290718 3.034499
-0.1572503 0.1690145 3.099724
-0.1877857 -0.2213654 3.128071
-0.1416751 -0.229363 3.067604
0.01099434 0.6345572 3.035948
0.01918747 0.1759124 3.10687
0.02570258 -0.1775935 3.12656
0.03320975 -0.1853016 2.985685
-0.07857794 1.104664 3.110019
-0.3208326 1.375063 2.870213
-0.2936957 1.27903 2.850493
0.1628561 0.5442842 3.0898
0.1298759 0.601205 3.076929
55
-0.06803634 0.6279678 3.065577
-0.07321823 0.9008242 3.096902
-0.08096635 1.171961 3.112782
-0.08892366 1.315208 3.091787
-0.2489433 1.054665 3.095965
-0.3810723 1.009127 2.960447
-0.3407612 1.231153 2.880019
-0.3350231 1.300191 2.868394
0.09529398 1.064382 3.135474
0.1645689 0.8586079 3.226937
0.1656855 0.673677 3.167444
0.1499437 0.6024123 3.111562
-0.1457419 0.6290718 3.034499
-0.1572503 0.1690145 3.099724
-0.1877857 -0.2213654 3.128071
-0.1416751 -0.229363 3.067604
0.01099434 0.6345572 3.035948
0.01918747 0.1759124 3.10687
0.02570258 -0.1775935 3.12656
0.03320975 -0.1853016 2.985685
-0.07857794 1.104664 3.110019
-0.3208326 1.375063 2.870213
-0.2936957 1.27903 2.850493
0.1628561 0.5442842 3.0898
0.1298759 0.601205 3.076929
56
-0.06803634 0.6279678 3.065577
-0.07321823 0.9008242 3.096902
-0.08096635 1.171961 3.112782
-0.08892366 1.315208 3.091787
-0.2489433 1.054665 3.095965
-0.3810723 1.009127 2.960447
-0.3407612 1.231153 2.880019
-0.3350231 1.300191 2.868394
0.09529398 1.064382 3.135474
0.1645689 0.8586079 3.226937
0.1656855 0.673677 3.167444
0.1499437 0.6024123 3.111562
-0.1457419 0.6290718 3.034499
-0.1572503 0.1690145 3.099724
-0.1877857 -0.2213654 3.128071
-0.1416751 -0.229363 3.067604
0.01099434 0.6345572 3.035948
0.01918747 0.1759124 3.10687
0.02570258 -0.1775935 3.12656
0.03320975 -0.1853016 2.985685
-0.07857794 1.104664 3.110019
-0.3208326 1.375063 2.870213
-0.2936957 1.27903 2.850493
0.1628561 0.5442842 3.0898
0.1298759 0.601205 3.076929
57
-0.06804769 0.6279483 3.06566
-0.07334308 0.9009126 3.096939
-0.08111423 1.171997 3.11328
-0.08938903 1.31518 3.0921
-0.2488443 1.054283 3.096437
-0.381041 1.008444 2.960436
-0.3441645 1.225167 2.870843
-0.3394619 1.293643 2.8568
0.09507981 1.064713 3.135966
0.1642691 0.8587523 3.22733
0.1666413 0.6764744 3.169587
0.1503598 0.6070687 3.113831
-0.1456456 0.6289149 3.034705
-0.1572463 0.1689947 3.099648
-0.1861035 -0.2000743 3.1265
-0.1619716 -0.2099368 3.016881
0.01091638 0.6345998 3.035975
0.0191531 0.1760345 3.106902
0.02546226 -0.1770578 3.127369
0.03300642 -0.1850901 2.986473
-0.0787692 1.104728 3.110443
-0.3262561 1.364537 2.848897
-0.2963031 1.275178 2.842935
0.1654174 0.5476438 3.091459
0.1323581 0.605415 3.078612
58
-0.06804769 0.6279483 3.06566
-0.07334308 0.9009126 3.096939
-0.08111423 1.171997 3.11328
-0.08938903 1.31518 3.0921
-0.2488443 1.054283 3.096437
-0.381041 1.008444 2.960436
-0.3441645 1.225167 2.870843
-0.3394619 1.293643 2.8568
0.09507981 1.064713 3.135966
0.1642691 0.8587523 3.22733
0.1666413 0.6764744 3.169587
0.1503598 0.6070687 3.113831
-0.1456456 0.6289149 3.034705
-0.1572463 0.1689947 3.099648
-0.1861035 -0.2000743 3.1265
-0.1619716 -0.2099368 3.016881
0.01091638 0.6345998 3.035975
0.0191531 0.1760345 3.106902
0.02546226 -0.1770578 3.127369
0.03300642 -0.1850901 2.986473
-0.0787692 1.104728 3.110443
-0.3262561 1.364537 2.848897
-0.2963031 1.275178 2.842935
0.1654174 0.5476438 3.091459
0.1323581 0.605415 3.078612
59
-0.06782469 0.6278504 3.066033
-0.07341169 0.9009846 3.097031
-0.08121596 1.172024 3.113782
-0.08983681 1.315151 3.092414
-0.2487751 1.053989 3.096817
-0.3809754 1.006294 2.959697
-0.3484245 1.211438 2.852841
-0.3437378 1.278693 2.83649
0.09487092 1.065011 3.136561
0.1640435 0.8588401 3.227637
0.167071 0.6784166 3.17061
0.1507232 0.6100492 3.115428
-0.1452785 0.6286314 3.035216
-0.1572337 0.1689175 3.099581
-0.1877803 -0.2212418 3.128077
-0.1617829 -0.2296014 3.041487
0.01103135 0.6346081 3.036272
0.0191274 0.176113 3.106945
0.0252331 -0.1767904 3.127856
0.03284349 -0.1850081 2.986947
-0.07890464 1.10478 3.110899
-0.3342706 1.343104 2.817923
-0.3001136 1.261919 2.821095
0.1671148 0.5483711 3.092184
0.1334841 0.6074634 3.07952
60
-0.06782469 0.6278504 3.066033
-0.07341169 0.9009846 3.097031
-0.08121596 1.172024 3.113782
-0.08983681 1.315151 3.092414
-0.2487751 1.053989 3.096817
-0.3809754 1.006294 2.959697
-0.3484245 1.211438 2.852841
-0.3437378 1.278693 2.83649
0.09487092 1.065011 3.136561
0.1640435 0.8588401 3.227637
0.167071 0.6784166 3.17061
0.1507232 0.6100492 3.115428
-0.1452785 0.6286314 3.035216
-0.1572337 0.1689175 3.099581
-0.1877803 -0.2212418 3.128077
-0.1617829 -0.2296014 3.041487
0.01103135 0.6346081 3.036272
0.0191274 0.176113 3.106945
0.0252331 -0.1767904 3.127856
0.03284349 -0.1850081 2.986947
-0.07890464 1.10478 3.110899
-0.3342706 1.343104 2.817923
-0.3001136 1.261919 2.821095
0.1671148 0.5483711 3.092184
0.1334841 0.6074634 3.07952
61
-0.06778861 0.6278048 3.066179
-0.07348468 0.9010448 3.097128
-0.08131558 1.17203 3.114311
-0.09028073 1.31511 3.092731
-0.2487158 1.053747 3.097147
-0.3808241 0.9858181 2.959668
-0.3520172 1.187293 2.834914
-0.3469038 1.249257 2.80823
0.09468331 1.065244 3.137115
0.1638725 0.8588943 3.227879
0.1612048 0.6641778 3.15289
0.150361 0.6093411 3.113736
-0.1451901 0.628509 3.035385
-0.1572205 0.168888 3.099528
-0.1861142 -0.1996531 3.126499
-0.1725432 -0.2096581 3.004326
0.011021 0.63461 3.036417
0.01910976 0.176174 3.106978
0.02521356 -0.1768087 3.1278
0.03287121 -0.1849875 2.986905
-0.07903847 1.104814 3.111364
-0.338284 1.31423 2.779984
-0.3022708 1.246282 2.799341
0.1624511 0.5392907 3.078876
0.1336045 0.6091345 3.079533
62
-0.06778861 0.6278048 3.066179
-0.07348468 0.9010448 3.097128
-0.08131558 1.17203 3.114311
-0.09028073 1.31511 3.092731
-0.2487158 1.053747 3.097147
-0.3808241 0.9858181 2.959668
-0.3520172 1.187293 2.834914
-0.3469038 1.249257 2.80823
0.09468331 1.065244 3.137115
0.1638725 0.8588943 3.227879
0.1612048 0.6641778 3.15289
0.150361 0.6093411 3.113736
-0.1451901 0.628509 3.035385
-0.1572205 0.168888 3.099528
-0.1861142 -0.1996531 3.126499
-0.1725432 -0.2096581 3.004326
0.011021 0.63461 3.036417
0.01910976 0.176174 3.106978
0.02521356 -0.1768087 3.1278
0.03287121 -0.1849875 2.986905
-0.07903847 1.104814 3.111364
-0.338284 1.31423 2.779984
-0.3022708 1.246282 2.799341
0.1624511 0.5392907 3.078876
0.1336045 0.6091345 3.079533
63
-0.06779888 0.6277671 3.066285
-0.07357442 0.9010959 3.097231
-0.08141768 1.172022 3.114814
-0.09071776 1.315064 3.093038
-0.2486733 1.053567 3.097406
-0.3791273 0.9660548 2.961876
-0.3542722 1.14476 2.811448
-0.3480855 1.205803 2.779036
0.0945074 1.065445 3.137712
0.1637354 0.8589146 3.228073
0.1600796 0.6621896 3.14908
0.1503482 0.6095026 3.112896
-0.1451633 0.6284211 3.035493
-0.1572106 0.1688624 3.099478
-0.1852556 -0.1884152 3.125675
-0.1769965 -0.1992698 2.986485
0.01097293 0.6346037 3.036543
0.01909504 0.1762206 3.107013
0.02525064 -0.176902 3.127647
0.03297466 -0.1849994 2.986763
-0.07917701 1.104835 3.111811
-0.3449735 1.269326 2.739961
-0.3050429 1.204874 2.766388
0.162178 0.5377216 3.076868
0.1339627 0.610273 3.079859
64
-0.06788425 0.6277152 3.066385
-0.07370001 0.9011324 3.09734
-0.08152248 1.171998 3.115267
-0.09113479 1.315015 3.093383
-0.2486473 1.053409 3.097637
-0.3767647 0.9504651 2.960818
-0.3531315 1.092976 2.793036
-0.3486684 1.149583 2.749591
0.09429555 1.065562 3.138437
0.1636061 0.858866 3.228286
0.1590136 0.660031 3.14563
0.1501203 0.608899 3.111733
-0.1452258 0.6283305 3.035572
-0.1572039 0.1688416 3.099438
-0.187128 -0.2128367 3.128675
-0.1633117 -0.2220943 3.032196
0.01085293 0.6345715 3.036685
0.01908072 0.1762509 3.107061
0.02531142 -0.177029 3.127502
0.03312747 -0.1850428 2.98662
-0.07932319 1.104836 3.112221
-0.3406515 1.209787 2.691145
-0.3043574 1.149922 2.734644
0.1599004 0.5339235 3.074058
0.1332126 0.6088824 3.077768
65
-0.06788425 0.6277152 3.066385
-0.07370001 0.9011324 3.09734
-0.08152248 1.171998 3.115267
-0.09113479 1.315015 3.093383
-0.2486473 1.053409 3.097637
-0.3767647 0.9504651 2.960818
-0.3531315 1.092976 2.793036
-0.3486684 1.149583 2.749591
0.09429555 1.065562 3.138437
0.1636061 0.858866 3.228286
0.1590136 0.660031 3.14563
0.1501203 0.608899 3.111733
-0.1452258 0.6283305 3.035572
-0.1572039 0.1688416 3.099438
-0.187128 -0.2128367 3.128675
-0.1633117 -0.2220943 3.032196
0.01085293 0.6345715 3.036685
0.01908072 0.1762509 3.107061
0.02531142 -0.177029 3.127502
0.03312747 -0.1850428 2.98662
-0.07932319 1.104836 3.112221
-0.3406515 1.209787 2.691145
-0.3043574 1.149922 2.734644
0.1599004 0.5339235 3.074058
0.1332126 0.6088824 3.077768
66
-0.06788425 0.6277152 3.066385
-0.07370001 0.9011324 3.09734
-0.08152248 1.171998 3.115267
-0.09113479 1.315015 3.093383
-0.2486473 1.053409 3.097637
-0.3767647 0.9504651 2.960818
-0.3531315 1.092976 2.793036
-0.3486684 1.149583 2.749591
0.09429555 1.065562 3.138437
0.1636061 0.858866 3.228286
0.1590136 0.660031 3.14563
0.1501203 0.608899 3.111733
-0.1452258 0.6283305 3.035572
-0.1572039 0.1688416 3.099438
-0.187128 -0.2128367 3.128675
-0.1633117 -0.2220943 3.032196
0.01085293 0.6345715 3.036685
0.01908072 0.1762509 3.107061
0.02531142 -0.177029 3.127502
0.03312747 -0.1850428 2.98662
-0.07932319 1.104836 3.112221
-0.3406515 1.209787 2.691145
-0.3043574 1.149922 2.734644
0.1599004 0.5339235 3.074058
0.1332126 0.6088824 3.077768
67
-0.06802961 0.6276442 3.066475
-0.0738493 0.901157 3.097457
-0.08163276 1.171963 3.115713
-0.09152196 1.314961 3.093735
-0.248652 1.053249 3.097889
-0.3719108 0.9186731 2.958392
-0.3525961 1.026425 2.775968
-0.34808 1.077644 2.718467
0.09406702 1.065605 3.13917
0.1634715 0.8587568 3.22851
0.1575079 0.6566646 3.141539
0.1497746 0.6068568 3.109574
-0.1453594 0.6282251 3.035628
-0.157198 0.1688241 3.099419
-0.1879147 -0.2240779 3.130832
-0.1551159 -0.2327683 3.054208
0.01068195 0.6345181 3.036821
0.01906703 0.1762682 3.107115
0.02539823 -0.1771961 3.127323
0.03330195 -0.1851088 2.986446
-0.07947681 1.104824 3.112623
-0.3406666 1.126571 2.641966
-0.3100863 1.082515 2.701385
0.1580484 0.5310982 3.071585
0.1327978 0.6098552 3.077334
68
-0.06802961 0.6276442 3.066475
-0.0738493 0.901157 3.097457
-0.08163276 1.171963 3.115713
-0.09152196 1.314961 3.093735
-0.248652 1.053249 3.097889
-0.3719108 0.9186731 2.958392
-0.3525961 1.026425 2.775968
-0.34808 1.077644 2.718467
0.09406702 1.065605 3.13917
0.1634715 0.8587568 3.22851
0.1575079 0.6566646 3.141539
0.1497746 0.6068568 3.109574
-0.1453594 0.6282251 3.035628
-0.157198 0.1688241 3.099419
-0.1879147 -0.2240779 3.130832
-0.1551159 -0.2327683 3.054208
0.01068195 0.6345181 3.036821
0.01906703 0.1762682 3.107115
0.02539823 -0.1771961 3.127323
0.03330195 -0.1851088 2.986446
-0.07947681 1.104824 3.112623
-0.3406666 1.126571 2.641966
-0.3100863 1.082515 2.701385
0.1580484 0.5310982 3.071585
0.1327978 0.6098552 3.077334
69
-0.06822702 0.6275614 3.066552
-0.07403228 0.9011631 3.097579
-0.08176006 1.171897 3.116139
-0.09186154 1.314905 3.09408
-0.248716 1.053044 3.098343
-0.3660619 0.896569 2.95752
-0.3526338 0.9516563 2.754827
-0.3464412 0.9918363 2.683344
0.09382366 1.065569 3.140015
0.1632793 0.8585418 3.228834
0.1564535 0.6542554 3.138604
0.1491077 0.6050335 3.107138
-0.1455651 0.6281198 3.035654
-0.1571915 0.1688072 3.0994
-0.1862928 -0.2005106 3.129173
-0.1656416 -0.2110482 3.018641
0.0104705 0.6344422 3.036954
0.01905693 0.1762723 3.107167
0.02551923 -0.1774066 3.1271
0.03348679 -0.1852005 2.986234
-0.07964893 1.104783 3.113009
-0.3386916 1.024799 2.602444
-0.3145607 1.001449 2.665814
0.1573813 0.5302193 3.068589
0.1323894 0.6096205 3.076296
70
-0.06843178 0.6274812 3.066623
-0.07421643 0.9011625 3.097702
-0.08188043 1.171822 3.116544
-0.0921555 1.314844 3.094414
-0.2488001 1.052772 3.099068
-0.336071 0.8796894 3.012526
-0.3328733 0.9155262 2.796133
-0.348884 0.8864704 2.648628
0.09357399 1.06548 3.140902
0.1630077 0.8582465 3.229281
0.1554963 0.6522552 3.136225
0.1484019 0.6014335 3.104195
-0.1457907 0.6280227 3.035673
-0.1571864 0.1687934 3.099393
-0.185443 -0.1865652 3.128141
-0.1722091 -0.1982152 2.99714
0.01026206 0.634366 3.037077
0.01906349 0.1762706 3.107201
0.02564585 -0.1776199 3.126864
0.03364535 -0.185297 2.986017
-0.07981326 1.104733 3.113376
-0.3518374 0.8952116 2.576321
-0.3269847 0.8998249 2.640325
0.15318 0.5258013 3.065267
0.132037 0.6092034 3.075231
71
-0.06843178 0.6274812 3.066623
-0.07421643 0.9011625 3.097702
-0.08188043 1.171822 3.116544
-0.0921555 1.314844 3.094414
-0.2488001 1.052772 3.099068
-0.336071 0.8796894 3.012526
-0.3328733 0.9155262 2.796133
-0.348884 0.8864704 2.648628
0.09357399 1.06548 3.140902
0.1630077 0.8582465 3.229281
0.1554963 0.6522552 3.136225
0.1484019 0.6014335 3.104195
-0.1457907 0.6280227 3.035673
-0.1571864 0.1687934 3.099393
-0.185443 -0.1865652 3.128141
-0.1722091 -0.1982152 2.99714
0.01026206 0.634366 3.037077
0.01906349 0.1762706 3.107201
0.02564585 -0.1776199 3.126864
0.03364535 -0.185297 2.986017
-0.07981326 1.104733 3.113376
-0.3518374 0.8952116 2.576321
-0.3269847 0.8998249 2.640325
0.15318 0.5258013 3.065267
0.132037 0.6092034 3.075231
72
-0.06843178 0.6274812 3.066623
-0.07421643 0.9011625 3.097702
-0.08188043 1.171822 3.116544
-0.0921555 1.314844 3.094414
-0.2488001 1.052772 3.099068
-0.336071 0.8796894 3.012526
-0.3328733 0.9155262 2.796133
-0.348884 0.8864704 2.648628
0.09357399 1.06548 3.140902
0.1630077 0.8582465 3.229281
0.1554963 0.6522552 3.136225
0.1484019 0.6014335 3.104195
-0.1457907 0.6280227 3.035673
-0.1571864 0.1687934 3.099393
-0.185443 -0.1865652 3.128141
-0.1722091 -0.1982152 2.99714
0.01026206 0.634366 3.037077
0.01906349 0.1762706 3.107201
0.02564585 -0.1776199 3.126864
0.03364535 -0.185297 2.986017
-0.07981326 1.104733 3.113376
-0.3518374 0.8952116 2.576321
-0.3269847 0.8998249 2.640325
0.15318 0.5258013 3.065267
0.132037 0.6092034 3.075231
73
-0.0687526 0.6273999 3.066713
-0.07452384 0.9011577 3.097894
-0.082105 1.171722 3.117083
-0.09239767 1.314791 3.094745
-0.2489785 1.05243 3.100288
-0.3174838 0.874032 3.051082
-0.3251635 0.9000028 2.815529
-0.3497663 0.818848 2.759314
0.09335635 1.065179 3.142419
0.1627075 0.8576339 3.230001
0.1546896 0.6507871 3.134637
0.1477236 0.5980126 3.102226
-0.1461456 0.6279368 3.035695
-0.1571795 0.1687827 3.099392
-0.1876345 -0.2139297 3.132808
-0.178904 -0.2226716 3.040648
0.009953146 0.6342801 3.037232
0.01907407 0.1762648 3.107232
0.0258716 -0.1777933 3.126715
0.03391779 -0.185389 2.985877
-0.08009173 1.104663 3.113868
-0.3472891 0.8141036 2.734903
-0.3338711 0.8151527 2.722209
0.1517387 0.5244658 3.064071
0.1314084 0.6076741 3.073943
74
-0.0687526 0.6273999 3.066713
-0.07452384 0.9011577 3.097894
-0.082105 1.171722 3.117083
-0.09239767 1.314791 3.094745
-0.2489785 1.05243 3.100288
-0.3174838 0.874032 3.051082
-0.3251635 0.9000028 2.815529
-0.3497663 0.818848 2.759314
0.09335635 1.065179 3.142419
0.1627075 0.8576339 3.230001
0.1546896 0.6507871 3.134637
0.1477236 0.5980126 3.102226
-0.1461456 0.6279368 3.035695
-0.1571795 0.1687827 3.099392
-0.1876345 -0.2139297 3.132808
-0.178904 -0.2226716 3.040648
0.009953146 0.6342801 3.037232
0.01907407 0.1762648 3.107232
0.0258716 -0.1777933 3.126715
0.03391779 -0.185389 2.985877
-0.08009173 1.104663 3.113868
-0.3472891 0.8141036 2.734903
-0.3338711 0.8151527 2.722209
0.1517387 0.5244658 3.064071
0.1314084 0.6076741 3.073943
75
-0.06925529 0.6272668 3.066743
-0.07485364 0.9011296 3.098059
-0.08230167 1.171615 3.117551
-0.09259265 1.314743 3.09504
-0.2491505 1.052119 3.101427
-0.3100243 0.8679934 3.065271
-0.325749 0.7858238 2.836897
-0.3431757 0.6731116 2.735132
0.09310563 1.064821 3.143801
0.1623343 0.8569687 3.230837
0.1540831 0.6497278 3.133557
0.1472578 0.5960665 3.100588
-0.1466541 0.6278309 3.035648
-0.1572079 0.1687717 3.099437
-0.188032 -0.218833 3.134556
-0.15272 -0.228156 3.062653
0.009437383 0.6341063 3.037338
0.01908422 0.1762392 3.107263
0.02632242 -0.1779838 3.126671
0.03441625 -0.1855343 2.985843
-0.08034514 1.104582 3.114296
-0.3558279 0.6296269 2.705276
-0.3245571 0.6681653 2.702603
0.1506614 0.5235338 3.062562
0.1310083 0.6074505 3.073104
76
-0.0701481 0.6269611 3.06689
-0.0753293 0.901043 3.098259
-0.08250781 1.171502 3.117956
-0.09274795 1.314706 3.095317
-0.2493381 1.051798 3.102408
-0.3058587 0.8626848 3.073646
-0.3177654 0.6821405 2.869372
-0.329633 0.5568073 2.781698
0.09281032 1.064414 3.145142
0.1618713 0.8562375 3.231741
0.1537137 0.6490855 3.132857
0.1470054 0.5948036 3.099721
-0.1474974 0.6275775 3.035698
-0.1572605 0.1686975 3.09949
-0.1880651 -0.2203728 3.13597
-0.1406816 -0.230208 3.071086
0.008500217 0.6337394 3.037582
0.01909821 0.1761349 3.107324
0.02663971 -0.1782354 3.126704
0.03480509 -0.1857622 2.985895
-0.0806236 1.104484 3.114683
-0.3430208 0.491417 2.762587
-0.2941003 0.5576467 2.776446
0.149129 0.5217398 3.061091
0.1298991 0.6005356 3.069127
77
-0.0701481 0.6269611 3.06689
-0.0753293 0.901043 3.098259
-0.08250781 1.171502 3.117956
-0.09274795 1.314706 3.095317
-0.2493381 1.051798 3.102408
-0.3058587 0.8626848 3.073646
-0.3177654 0.6821405 2.869372
-0.329633 0.5568073 2.781698
0.09281032 1.064414 3.145142
0.1618713 0.8562375 3.231741
0.1537137 0.6490855 3.132857
0.1470054 0.5948036 3.099721
-0.1474974 0.6275775 3.035698
-0.1572605 0.1686975 3.09949
-0.1880651 -0.2203728 3.13597
-0.1406816 -0.230208 3.071086
0.008500217 0.6337394 3.037582
0.01909821 0.1761349 3.107324
0.02663971 -0.1782354 3.126704
0.03480509 -0.1857622 2.985895
-0.0806236 1.104484 3.114683
-0.3430208 0.491417 2.762587
-0.2941003 0.5576467 2.776446
0.149129 0.5217398 3.061091
0.1298991 0.6005356 3.069127
78
-0.0701481 0.6269611 3.06689
-0.0753293 0.901043 3.098259
-0.08250781 1.171502 3.117956
-0.09274795 1.314706 3.095317
-0.2493381 1.051798 3.102408
-0.3058587 0.8626848 3.073646
-0.3177654 0.6821405 2.869372
-0.329633 0.5568073 2.781698
0.09281032 1.064414 3.145142
0.1618713 0.8562375 3.231741
0.1537137 0.6490855 3.132857
0.1470054 0.5948036 3.099721
-0.1474974 0.6275775 3.035698
-0.1572605 0.1686975 3.09949
-0.1880651 -0.2203728 3.13597
-0.1406816 -0.230208 3.071086
0.008500217 0.6337394 3.037582
0.01909821 0.1761349 3.107324
0.02663971 -0.1782354 3.126704
0.03480509 -0.1857622 2.985895
-0.0806236 1.104484 3.114683
-0.3430208 0.491417 2.762587
-0.2941003 0.5576467 2.776446
0.149129 0.5217398 3.061091
0.1298991 0.6005356 3.069127
79
-0.0730085 0.6261663 3.067901
-0.07623168 0.9008794 3.09861
-0.0827103 1.171402 3.118302
-0.09286865 1.314678 3.095568
-0.24953 1.051497 3.103258
-0.3055691 0.8528717 3.076891
-0.3057804 0.6022378 2.914729
-0.3075428 0.5195681 2.865911
0.09247145 1.063938 3.146575
0.1611207 0.8553181 3.232869
0.1533529 0.6485534 3.132499
0.1467021 0.5936233 3.09907
-0.1498873 0.6271464 3.036502
-0.1573493 0.1685438 3.099591
-0.1890627 -0.2347009 3.138468
-0.1595604 -0.2424695 3.081956
0.00510708 0.6324673 3.038833
0.01910362 0.1756726 3.107527
0.026907 -0.1788602 3.126905
0.03520609 -0.1863715 2.986142
-0.08092993 1.104388 3.115038
-0.3104359 0.4507248 2.85232
-0.2728111 0.5052006 2.853526
0.1479103 0.520534 3.060424
0.1290101 0.586753 3.061304
80
-0.0730085 0.6261663 3.067901
-0.07623168 0.9008794 3.09861
-0.0827103 1.171402 3.118302
-0.09286865 1.314678 3.095568
-0.24953 1.051497 3.103258
-0.3055691 0.8528717 3.076891
-0.3057804 0.6022378 2.914729
-0.3075428 0.5195681 2.865911
0.09247145 1.063938 3.146575
0.1611207 0.8553181 3.232869
0.1533529 0.6485534 3.132499
0.1467021 0.5936233 3.09907
-0.1498873 0.6271464 3.036502
-0.1573493 0.1685438 3.099591
-0.1890627 -0.2347009 3.138468
-0.1595604 -0.2424695 3.081956
0.00510708 0.6324673 3.038833
0.01910362 0.1756726 3.107527
0.026907 -0.1788602 3.126905
0.03520609 -0.1863715 2.986142
-0.08092993 1.104388 3.115038
-0.3104359 0.4507248 2.85232
-0.2728111 0.5052006 2.853526
0.1479103 0.520534 3.060424
0.1290101 0.586753 3.061304
81
-0.07662565 0.625244 3.069246
-0.07745643 0.9006436 3.09901
-0.08291119 1.171307 3.11856
-0.09296198 1.314655 3.095787
-0.2497808 1.051159 3.103945
-0.3058815 0.8396245 3.079405
-0.2915456 0.5665175 2.969172
-0.2840385 0.4810393 2.944939
0.0921535 1.063509 3.147803
0.1600979 0.8543158 3.23391
0.1528794 0.652538 3.137854
0.1465215 0.5939226 3.099496
-0.1530927 0.6267145 3.037735
-0.1576284 0.1683077 3.099736
-0.1892975 -0.2412017 3.139941
-0.1700534 -0.2480788 3.085052
0.001087255 0.6309792 3.040301
0.01913204 0.1750314 3.107893
0.02698051 -0.1797898 3.12682
0.03542552 -0.1871086 2.986112
-0.08126713 1.104284 3.115329
-0.2878431 0.4101681 2.931759
-0.2467203 0.493897 2.960962
0.147494 0.5198849 3.061866
0.1292014 0.5842999 3.059913
82
-0.07662565 0.625244 3.069246
-0.07745643 0.9006436 3.09901
-0.08291119 1.171307 3.11856
-0.09296198 1.314655 3.095787
-0.2497808 1.051159 3.103945
-0.3058815 0.8396245 3.079405
-0.2915456 0.5665175 2.969172
-0.2840385 0.4810393 2.944939
0.0921535 1.063509 3.147803
0.1600979 0.8543158 3.23391
0.1528794 0.652538 3.137854
0.1465215 0.5939226 3.099496
-0.1530927 0.6267145 3.037735
-0.1576284 0.1683077 3.099736
-0.1892975 -0.2412017 3.139941
-0.1700534 -0.2480788 3.085052
0.001087255 0.6309792 3.040301
0.01913204 0.1750314 3.107893
0.02698051 -0.1797898 3.12682
0.03542552 -0.1871086 2.986112
-0.08126713 1.104284 3.115329
-0.2878431 0.4101681 2.931759
-0.2467203 0.493897 2.960962
0.147494 0.5198849 3.061866
0.1292014 0.5842999 3.059913
83
-0.07930692 0.6245457 3.070365
-0.07854165 0.9004283 3.099362
-0.08308513 1.17122 3.118751
-0.0930213 1.314638 3.09597
-0.2500153 1.05085 3.104494
-0.3055973 0.8320501 3.082223
-0.2796286 0.5795049 3.02833
-0.2580128 0.4583983 3.02515
0.09179248 1.063071 3.148939
0.1587746 0.8533025 3.235177
0.152517 0.6537007 3.140199
0.1463249 0.5937907 3.099838
-0.1555727 0.6263985 3.03878
-0.1579152 0.1680824 3.100045
-0.18627 -0.2033383 3.136408
-0.1734198 -0.2152947 3.024302
-0.001741744 0.6298646 3.041506
0.0191692 0.1743682 3.108254
0.02711959 -0.1806471 3.127
0.03574158 -0.1878803 2.986356
-0.08157331 1.104185 3.115563
-0.2579834 0.4223316 3.006825
-0.2191285 0.4969843 2.998473
0.1471145 0.5194766 3.063435
0.1292069 0.5822455 3.058769
84
-0.08091771 0.6240149 3.071241
-0.07945345 0.9002336 3.099651
-0.08327954 1.171128 3.11885
-0.09305158 1.314626 3.096087
-0.2502038 1.0506 3.104878
-0.3050917 0.8282444 3.086125
-0.2781046 0.6202898 3.082578
-0.2469095 0.5147464 3.086335
0.09147152 1.062693 3.149875
0.1570318 0.8523343 3.236656
0.1521519 0.6544008 3.141847
0.1459711 0.594097 3.100094
-0.1571684 0.6260661 3.039655
-0.1582178 0.1677676 3.100396
-0.1853645 -0.186457 3.132677
-0.1767358 -0.2002686 2.988376
-0.003293463 0.6291515 3.042381
0.01921753 0.1737319 3.108491
0.02719967 -0.1814386 3.127177
0.03601447 -0.1886367 2.986592
-0.08187386 1.104082 3.115718
-0.2529775 0.4599426 3.054706
-0.2203758 0.5530539 3.042381
0.1515011 0.5280322 3.072564
0.1297061 0.5897582 3.064738
85
-0.08091771 0.6240149 3.071241
-0.07945345 0.9002336 3.099651
-0.08327954 1.171128 3.11885
-0.09305158 1.314626 3.096087
-0.2502038 1.0506 3.104878
-0.3050917 0.8282444 3.086125
-0.2781046 0.6202898 3.082578
-0.2469095 0.5147464 3.086335
0.09147152 1.062693 3.149875
0.1570318 0.8523343 3.236656
0.1521519 0.6544008 3.141847
0.1459711 0.594097 3.100094
-0.1571684 0.6260661 3.039655
-0.1582178 0.1677676 3.100396
-0.1853645 -0.186457 3.132677
-0.1767358 -0.2002686 2.988376
-0.003293463 0.6291515 3.042381
0.01921753 0.1737319 3.108491
0.02719967 -0.1814386 3.127177
0.03601447 -0.1886367 2.986592
-0.08187386 1.104082 3.115718
-0.2529775 0.4599426 3.054706
-0.2203758 0.5530539 3.042381
0.1515011 0.5280322 3.072564
0.1297061 0.5897582 3.064738
86
-0.08202194 0.6235859 3.072047
-0.08021417 0.9000623 3.09989
-0.08353367 1.17101 3.118829
-0.09304388 1.314613 3.096152
-0.2503656 1.050395 3.105172
-0.3022472 0.8229337 3.099056
-0.2762587 0.6255937 3.111678
-0.2414898 0.5326784 3.118931
0.09116308 1.062357 3.150658
0.1553061 0.8514905 3.237982
0.1516054 0.6542035 3.142891
0.1456657 0.5939188 3.100169
-0.1583272 0.6257421 3.040545
-0.1583654 0.1674021 3.100483
-0.1855195 -0.1898448 3.132263
-0.1355321 -0.2034692 3.021821
-0.004310483 0.6286268 3.043125
0.019276 0.1731308 3.108706
0.02722853 -0.18218 3.127348
0.03623254 -0.1893517 2.986821
-0.08218788 1.103968 3.115792
-0.249095 0.4698035 3.076787
-0.2222423 0.5571783 3.066066
0.1511855 0.5286841 3.074938
0.1295352 0.5911102 3.065698
87
-0.08202194 0.6235859 3.072047
-0.08021417 0.9000623 3.09989
-0.08353367 1.17101 3.118829
-0.09304388 1.314613 3.096152
-0.2503656 1.050395 3.105172
-0.3022472 0.8229337 3.099056
-0.2762587 0.6255937 3.111678
-0.2414898 0.5326784 3.118931
0.09116308 1.062357 3.150658
0.1553061 0.8514905 3.237982
0.1516054 0.6542035 3.142891
0.1456657 0.5939188 3.100169
-0.1583272 0.6257421 3.040545
-0.1583654 0.1674021 3.100483
-0.1855195 -0.1898448 3.132263
-0.1355321 -0.2034692 3.021821
-0.004310483 0.6286268 3.043125
0.019276 0.1731308 3.108706
0.02722853 -0.18218 3.127348
0.03623254 -0.1893517 2.986821
-0.08218788 1.103968 3.115792
-0.249095 0.4698035 3.076787
-0.2222423 0.5571783 3.066066
0.1511855 0.5286841 3.074938
0.1295352 0.5911102 3.065698
88
-0.08202194 0.6235859 3.072047
-0.08021417 0.9000623 3.09989
-0.08353367 1.17101 3.118829
-0.09304388 1.314613 3.096152
-0.2503656 1.050395 3.105172
-0.3022472 0.8229337 3.099056
-0.2762587 0.6255937 3.111678
-0.2414898 0.5326784 3.118931
0.09116308 1.062357 3.150658
0.1553061 0.8514905 3.237982
0.1516054 0.6542035 3.142891
0.1456657 0.5939188 3.100169
-0.1583272 0.6257421 3.040545
-0.1583654 0.1674021 3.100483
-0.1855195 -0.1898448 3.132263
-0.1355321 -0.2034692 3.021821
-0.004310483 0.6286268 3.043125
0.019276 0.1731308 3.108706
0.02722853 -0.18218 3.127348
0.03623254 -0.1893517 2.986821
-0.08218788 1.103968 3.115792
-0.249095 0.4698035 3.076787
-0.2222423 0.5571783 3.066066
0.1511855 0.5286841 3.074938
0.1295352 0.5911102 3.065698
89
-0.08181078 0.6224895 3.074257
-0.08073255 0.8998717 3.100115
-0.08382636 1.170867 3.118647
-0.0929922 1.314608 3.096156
-0.2505175 1.050221 3.105424
-0.2955643 0.8135398 3.123256
-0.2737703 0.6276751 3.137851
-0.2415021 0.5447832 3.133773
0.09089547 1.062079 3.15131
0.1533744 0.8507234 3.239269
0.151002 0.6537645 3.144161
0.1452542 0.59395 3.100532
-0.15743 0.6241431 3.043936
-0.1586578 0.1658529 3.100758
-0.1851877 -0.1859617 3.130559
-0.1037566 -0.1988359 3.051065
-0.004488439 0.6278481 3.044557
0.01938323 0.1720751 3.108896
0.0273444 -0.1833601 3.127916
0.03660468 -0.1906671 2.987493
-0.08247708 1.103846 3.115795
-0.2603194 0.4764105 3.085598
-0.2243214 0.564394 3.070858
0.1506277 0.538477 3.07779
0.128385 0.6006008 3.072915
90
-0.08181078 0.6224895 3.074257
-0.08073255 0.8998717 3.100115
-0.08382636 1.170867 3.118647
-0.0929922 1.314608 3.096156
-0.2505175 1.050221 3.105424
-0.2955643 0.8135398 3.123256
-0.2737703 0.6276751 3.137851
-0.2415021 0.5447832 3.133773
0.09089547 1.062079 3.15131
0.1533744 0.8507234 3.239269
0.151002 0.6537645 3.144161
0.1452542 0.59395 3.100532
-0.15743 0.6241431 3.043936
-0.1586578 0.1658529 3.100758
-0.1851877 -0.1859617 3.130559
-0.1037566 -0.1988359 3.051065
-0.004488439 0.6278481 3.044557
0.01938323 0.1720751 3.108896
0.0273444 -0.1833601 3.127916
0.03660468 -0.1906671 2.987493
-0.08247708 1.103846 3.115795
-0.2603194 0.4764105 3.085598
-0.2243214 0.564394 3.070858
0.1506277 0.538477 3.07779
0.128385 0.6006008 3.072915
91
-0.08150792 0.6216105 3.076236
-0.08115188 0.8996986 3.100308
-0.08414964 1.170694 3.118317
-0.09287652 1.314608 3.096026
-0.2506942 1.050081 3.105713
-0.2923943 0.8097933 3.136564
-0.2774579 0.6357634 3.141958
-0.2473263 0.5560791 3.136105
0.0906703 1.061854 3.151834
0.1516458 0.8500158 3.240121
0.1504825 0.6538774 3.145755
0.1447361 0.5944751 3.101281
-0.1568725 0.622929 3.046749
-0.1587191 0.1643037 3.10054
-0.1863716 -0.2245558 3.134687
-0.1460675 -0.2333765 3.066876
-0.004425157 0.627232 3.045901
0.01945062 0.1711747 3.109078
0.02735519 -0.184352 3.128352
0.03677976 -0.191751 2.988002
-0.08276942 1.103709 3.115728
-0.2663856 0.4862648 3.088239
-0.2289162 0.5747816 3.081009
0.1485636 0.5495507 3.081278
0.1280665 0.6122041 3.083549
92
-0.08150792 0.6216105 3.076236
-0.08115188 0.8996986 3.100308
-0.08414964 1.170694 3.118317
-0.09287652 1.314608 3.096026
-0.2506942 1.050081 3.105713
-0.2923943 0.8097933 3.136564
-0.2774579 0.6357634 3.141958
-0.2473263 0.5560791 3.136105
0.0906703 1.061854 3.151834
0.1516458 0.8500158 3.240121
0.1504825 0.6538774 3.145755
0.1447361 0.5944751 3.101281
-0.1568725 0.622929 3.046749
-0.1587191 0.1643037 3.10054
-0.1863716 -0.2245558 3.134687
-0.1460675 -0.2333765 3.066876
-0.004425157 0.627232 3.045901
0.01945062 0.1711747 3.109078
0.02735519 -0.184352 3.128352
0.03677976 -0.191751 2.988002
-0.08276942 1.103709 3.115728
-0.2663856 0.4862648 3.088239
-0.2289162 0.5747816 3.081009
0.1485636 0.5495507 3.081278
0.1280665 0.6122041 3.083549
93
-0.08202986 0.6209338 3.077874
-0.08162878 0.8994809 3.100511
-0.08446693 1.170505 3.117924
-0.09271754 1.314605 3.09581
-0.250973 1.049925 3.106207
-0.2909988 0.8080734 3.145579
-0.2819976 0.6399131 3.13957
-0.2567612 0.5629882 3.127992
0.09048693 1.061673 3.152253
0.1502738 0.8494746 3.240749
0.1499543 0.654113 3.147508
0.1442095 0.5954108 3.102399
-0.1575099 0.6222172 3.048908
-0.1586719 0.1631984 3.100288
-0.1824963 -0.1877695 3.132207
-0.1583259 -0.1981279 3.036351
-0.004872264 0.6266429 3.047077
0.01949288 0.1702695 3.109263
0.02732376 -0.1853522 3.128641
0.03681443 -0.1927883 2.988343
-0.08307381 1.103551 3.115605
-0.2748335 0.4905392 3.082755
-0.2357305 0.5761533 3.074154
0.1485109 0.5504677 3.082874
0.1280474 0.6155664 3.086524
94
-0.08202986 0.6209338 3.077874
-0.08162878 0.8994809 3.100511
-0.08446693 1.170505 3.117924
-0.09271754 1.314605 3.09581
-0.250973 1.049925 3.106207
-0.2909988 0.8080734 3.145579
-0.2819976 0.6399131 3.13957
-0.2567612 0.5629882 3.127992
0.09048693 1.061673 3.152253
0.1502738 0.8494746 3.240749
0.1499543 0.654113 3.147508
0.1442095 0.5954108 3.102399
-0.1575099 0.6222172 3.048908
-0.1586719 0.1631984 3.100288
-0.1824963 -0.1877695 3.132207
-0.1583259 -0.1981279 3.036351
-0.004872264 0.6266429 3.047077
0.01949288 0.1702695 3.109263
0.02732376 -0.1853522 3.128641
0.03681443 -0.1927883 2.988343
-0.08307381 1.103551 3.115605
-0.2748335 0.4905392 3.082755
-0.2357305 0.5761533 3.074154
0.1485109 0.5504677 3.082874
0.1280474 0.6155664 3.086524
95
-0.08256689 0.6203845 3.079266
-0.08206397 0.8992683 3.100706
-0.08474632 1.170331 3.117535
-0.09253138 1.314586 3.095506
-0.2512782 1.04981 3.106838
-0.2906856 0.8074758 3.15172
-0.2894427 0.6378657 3.126174
-0.273369 0.5718307 3.098726
0.09033211 1.061531 3.152576
0.1489601 0.8489272 3.241053
0.1494697 0.6544536 3.149199
0.1434873 0.5972748 3.103757
-0.1582726 0.6216804 3.050835
-0.1587895 0.1623892 3.100337
-0.1824929 -0.1858611 3.130818
-0.1735368 -0.197859 3.000707
-0.005277054 0.6261514 3.048036
0.01949522 0.1694741 3.109457
0.02727216 -0.1862612 3.128812
0.03676333 -0.1936854 2.988552
-0.0833499 1.103403 3.115472
-0.2804422 0.4981856 3.066853
-0.2422119 0.587374 3.065965
0.1486702 0.5579916 3.081372
0.1283217 0.6193982 3.09034
96
-0.08256689 0.6203845 3.079266
-0.08206397 0.8992683 3.100706
-0.08474632 1.170331 3.117535
-0.09253138 1.314586 3.095506
-0.2512782 1.04981 3.106838
-0.2906856 0.8074758 3.15172
-0.2894427 0.6378657 3.126174
-0.273369 0.5718307 3.098726
0.09033211 1.061531 3.152576
0.1489601 0.8489272 3.241053
0.1494697 0.6544536 3.149199
0.1434873 0.5972748 3.103757
-0.1582726 0.6216804 3.050835
-0.1587895 0.1623892 3.100337
-0.1824929 -0.1858611 3.130818
-0.1735368 -0.197859 3.000707
-0.005277054 0.6261514 3.048036
0.01949522 0.1694741 3.109457
0.02727216 -0.1862612 3.128812
0.03676333 -0.1936854 2.988552
-0.0833499 1.103403 3.115472
-0.2804422 0.4981856 3.066853
-0.2422119 0.587374 3.065965
0.1486702 0.5579916 3.081372
0.1283217 0.6193982 3.09034
97
-0.08368311 0.6198769 3.080519
-0.08262414 0.8989855 3.100905
-0.08500706 1.170131 3.117115
-0.09231198 1.314539 3.095073
-0.2517266 1.049698 3.107836
-0.2919752 0.8079202 3.156081
-0.2959308 0.6339003 3.112325
-0.280073 0.5749441 3.085963
0.09019659 1.061413 3.152778
0.1479402 0.8485138 3.241165
0.1491221 0.654698 3.150462
0.1416762 0.5962185 3.101575
-0.1595954 0.6213663 3.052461
-0.1591356 0.161752 3.100509
-0.1753314 -0.1343836 3.118603
-0.1537466 -0.1380096 3.078576
-0.006262881 0.6255251 3.048949
0.01947827 0.1686877 3.109651
0.02718671 -0.1871779 3.128948
0.03654392 -0.1945798 2.988709
-0.08364116 1.10322 3.115292
-0.2818482 0.502561 3.050061
-0.2464497 0.5963486 3.055458
0.1341834 0.539916 3.059768
0.1240541 0.6118579 3.074787
98
-0.08464793 0.6195157 3.081405
-0.08314587 0.8987171 3.101071
-0.08524043 1.169938 3.116718
-0.09208973 1.314475 3.094585
-0.252218 1.049621 3.108917
-0.2951386 0.8102102 3.158969
-0.300489 0.6304249 3.101501
-0.284771 0.575963 3.074227
0.09007706 1.061317 3.152914
0.1472253 0.8482246 3.241188
0.1488968 0.6548236 3.151043
0.1407135 0.5958828 3.099794
-0.1606905 0.6212086 3.053595
-0.1594793 0.1612837 3.100744
-0.172995 -0.1103675 3.114725
-0.1607037 -0.1118765 3.097286
-0.007160747 0.6250159 3.049579
0.01944905 0.1680538 3.109816
0.02708979 -0.1879073 3.129101
0.03626671 -0.1953073 2.988878
-0.08392096 1.103034 3.1151
-0.281664 0.5045819 3.038604
-0.2487982 0.6000788 3.047049
0.1306264 0.533709 3.049262
0.1219413 0.6124482 3.068866
99
-0.08464793 0.6195157 3.081405
-0.08314587 0.8987171 3.101071
-0.08524043 1.169938 3.116718
-0.09208973 1.314475 3.094585
-0.252218 1.049621 3.108917
-0.2951386 0.8102102 3.158969
-0.300489 0.6304249 3.101501
-0.284771 0.575963 3.074227
0.09007706 1.061317 3.152914
0.1472253 0.8482246 3.241188
0.1488968 0.6548236 3.151043
0.1407135 0.5958828 3.099794
-0.1606905 0.6212086 3.053595
-0.1594793 0.1612837 3.100744
-0.172995 -0.1103675 3.114725
-0.1607037 -0.1118765 3.097286
-0.007160747 0.6250159 3.049579
0.01944905 0.1680538 3.109816
0.02708979 -0.1879073 3.129101
0.03626671 -0.1953073 2.988878
-0.08392096 1.103034 3.1151
-0.281664 0.5045819 3.038604
-0.2487982 0.6000788 3.047049
0.1306264 0.533709 3.049262
0.1219413 0.6124482 3.068866
100
-0.08464793 0.6195157 3.081405
-0.08314587 0.8987171 3.101071
-0.08524043 1.169938 3.116718
-0.09208973 1.314475 3.094585
-0.252218 1.049621 3.108917
-0.2951386 0.8102102 3.158969
-0.300489 0.6304249 3.101501
-0.284771 0.575963 3.074227
0.09007706 1.061317 3.152914
0.1472253 0.8482246 3.241188
0.1488968 0.6548236 3.151043
0.1407135 0.5958828 3.099794
-0.1606905 0.6212086 3.053595
-0.1594793 0.1612837 3.100744
-0.172995 -0.1103675 3.114725
-0.1607037 -0.1118765 3.097286
-0.007160747 0.6250159 3.049579
0.01944905 0.1680538 3.109816
0.02708979 -0.1879073 3.129101
0.03626671 -0.1953073 2.988878
-0.08392096 1.103034 3.1151
-0.281664 0.5045819 3.038604
-0.2487982 0.6000788 3.047049
0.1306264 0.533709 3.049262
0.1219413 0.6124482 3.068866
101
-0.08547905 0.6193256 3.081973
-0.0836266 0.8984844 3.101182
-0.08545819 1.169742 3.116298
-0.09188099 1.314405 3.094076
-0.2526654 1.04957 3.109905
-0.2983736 0.8129907 3.160474
-0.3032064 0.6270567 3.089106
-0.2866988 0.5751193 3.05069
0.08997194 1.061237 3.152986
0.1468359 0.8480543 3.241156
0.1478607 0.6544313 3.147439
0.1387585 0.5950898 3.093791
-0.1616443 0.6211826 3.05438
-0.1597591 0.1609722 3.100965
-0.1719687 -0.09753801 3.113012
-0.1551661 -0.0983011 3.113666
-0.007911067 0.6247235 3.049893
0.01943067 0.1676816 3.109907
0.02704771 -0.1883468 3.129185
0.03607062 -0.195746 2.988966
-0.0842014 1.102843 3.114865
-0.2785813 0.5058908 3.024491
-0.247125 0.5971586 3.029645
0.1226863 0.5301261 3.030315
0.115316 0.6173077 3.052594
102
-0.08632413 0.6193042 3.082339
-0.08406583 0.8982891 3.101256
-0.0856396 1.169545 3.115867
-0.09169242 1.314335 3.093596
-0.2530484 1.049546 3.110776
-0.3018218 0.815773 3.161032
-0.305974 0.63987 3.076271
-0.2867868 0.5829307 3.040287
0.08988602 1.061175 3.153016
0.1469521 0.8480752 3.240968
0.1495427 0.6674153 3.152138
0.1313534 0.6258687 3.090068
-0.1626029 0.6213293 3.054911
-0.1595938 0.1607103 3.100544
-0.1714559 -0.09242448 3.111948
-0.153363 -0.09273586 3.123856
-0.008668851 0.6245902 3.05004
0.01941716 0.1674444 3.109964
0.02701958 -0.1886268 3.129242
0.03588822 -0.1960289 2.989022
-0.08445949 1.102655 3.114606
-0.2715237 0.5247779 3.006133
-0.2439862 0.6173045 3.019499
0.1266818 0.5467852 3.033248
0.09884741 0.6612882 3.045315
103
-0.08632413 0.6193042 3.082339
-0.08406583 0.8982891 3.101256
-0.0856396 1.169545 3.115867
-0.09169242 1.314335 3.093596
-0.2530484 1.049546 3.110776
-0.3018218 0.815773 3.161032
-0.305974 0.63987 3.076271
-0.2867868 0.5829307 3.040287
0.08988602 1.061175 3.153016
0.1469521 0.8480752 3.240968
0.1495427 0.6674153 3.152138
0.1313534 0.6258687 3.090068
-0.1626029 0.6213293 3.054911
-0.1595938 0.1607103 3.100544
-0.1714559 -0.09242448 3.111948
-0.153363 -0.09273586 3.123856
-0.008668851 0.6245902 3.05004
0.01941716 0.1674444 3.109964
0.02701958 -0.1886268 3.129242
0.03588822 -0.1960289 2.989022
-0.08445949 1.102655 3.114606
-0.2715237 0.5247779 3.006133
-0.2439862 0.6173045 3.019499
0.1266818 0.5467852 3.033248
0.09884741 0.6612882 3.045315
