91
1
-0.02346067 0.5599259 2.875793
-0.02604024 0.8857488 2.880829
-0.02865252 1.204621 2.871135
-0.01810805 1.345386 2.841641
-0.2204469 1.099236 2.864605
-0.2848 0.8188587 2.891123
-0.2702315 0.5637804 2.857964
-0.2606417 0.4909859 2.843513
0.1577004 1.087692 2.862292
0.230762 0.8123607 2.892414
0.2278124 0.5661894 2.831464
0.2115481 0.5099736 2.826511
-0.1019994 0.5662412 2.839463
-0.1256015 0.1734584 2.876944
-0.1285708 -0.2544018 2.937285
-0.1407849 -0.2656438 2.85697
0.05565377 0.5650181 2.837307
0.08848973 0.1676664 2.872242
0.1075529 -0.2591797 2.926743
0.1156356 -0.2693245 2.844463
-0.02802123 1.125853 2.876105
-0.2511174 0.4237788 2.834054
-0.2218364 0.4996895 2.788339
0.2053671 0.4322409 2.819623
0.2404175 0.5101578 2.806355
2
-0.02346067 0.5599259 2.875793
-0.02604024 0.8857488 2.880829
-0.02865252 1.204621 2.871135
-0.01810805 1.345386 2.841641
-0.2204469 1.099236 2.864605
-0.2848 0.8188587 2.891123
-0.2702315 0.5637804 2.857964
-0.2606417 0.4909859 2.843513
0.1577004 1.087692 2.862292
0.230762 0.8123607 2.892414
0.2278124 0.5661894 2.831464
0.2115481 0.5099736 2.826511
-0.1019994 0.5662412 2.839463
-0.1256015 0.1734584 2.876944
-0.1285708 -0.2544018 2.937285
-0.1407849 -0.2656438 2.85697
0.05565377 0.5650181 2.837307
0.08848973 0.1676664 2.872242
0.1075529 -0.2591797 2.926743
0.1156356 -0.2693245 2.844463
-0.02802123 1.125853 2.876105
-0.2511174 0.4237788 2.834054
-0.2218364 0.4996895 2.788339
0.2053671 0.4322409 2.819623
0.2404175 0.5101578 2.806355
3
-0.02347365 0.5599173 2.875778
-0.02605823 0.8857402 2.880777
-0.02867304 1.204596 2.871034
-0.01814935 1.345306 2.841476
-0.2204357 1.099224 2.864506
-0.2839332 0.8174596 2.891695
-0.2684087 0.5610069 2.857095
-0.2592149 0.4865942 2.841594
0.1576906 1.08769 2.862261
0.2305021 0.8122573 2.892456
0.2266736 0.5649876 2.83163
0.2105112 0.5085031 2.826365
-0.1020172 0.5662372 2.839437
-0.1256148 0.1734583 2.876849
-0.1285603 -0.254091 2.937186
-0.1408131 -0.2654202 2.85631
0.05563762 0.5650017 2.837314
0.08846796 0.1676441 2.872184
0.1075298 -0.259062 2.926687
0.1156226 -0.2692092 2.844416
-0.02804299 1.125834 2.876017
-0.2504477 0.4182075 2.832552
-0.2205296 0.4929551 2.785367
0.2046162 0.4308889 2.818837
0.2390323 0.5041637 2.806994
4
-0.02347365 0.5599173 2.875778
-0.02605823 0.8857402 2.880777
-0.02867304 1.204596 2.871034
-0.01814935 1.345306 2.841476
-0.2204357 1.099224 2.864506
-0.2839332 0.8174596 2.891695
-0.2684087 0.5610069 2.857095
-0.2592149 0.4865942 2.841594
0.1576906 1.08769 2.862261
0.2305021 0.8122573 2.892456
0.2266736 0.5649876 2.83163
0.2105112 0.5085031 2.826365
-0.1020172 0.5662372 2.839437
-0.1256148 0.1734583 2.876849
-0.1285603 -0.254091 2.937186
-0.1408131 -0.2654202 2.85631
0.05563762 0.5650017 2.837314
0.08846796 0.1676441 2.872184
0.1075298 -0.259062 2.926687
0.1156226 -0.2692092 2.844416
-0.02804299 1.125834 2.876017
-0.2504477 0.4182075 2.832552
-0.2205296 0.4929551 2.785367
0.2046162 0.4308889 2.818837
0.2390323 0.5041637 2.806994
5
-0.02349329 0.5599026 2.875771
-0.02607769 0.8857245 2.880734
-0.02869177 1.20456 2.87095
-0.01818587 1.345199 2.84132
-0.2204213 1.099212 2.864415
-0.2831753 0.8163256 2.892087
-0.267373 0.5588357 2.855889
-0.2586431 0.4838221 2.838997
0.1576803 1.087677 2.862234
0.2302214 0.8121262 2.892498
0.2256422 0.5639114 2.831735
0.209486 0.5073588 2.826186
-0.1020402 0.5662289 2.839419
-0.1256293 0.173458 2.876761
-0.1285498 -0.2538732 2.937098
-0.1408336 -0.2652656 2.855816
0.05561373 0.5649751 2.837332
0.08844752 0.1676295 2.872133
0.1075083 -0.258948 2.926624
0.1155995 -0.2690917 2.844386
-0.02806366 1.125806 2.875944
-0.2509499 0.4146665 2.828758
-0.2198942 0.4880025 2.783777
0.2038001 0.4297185 2.818312
0.237189 0.5023428 2.804958
6
-0.02349329 0.5599026 2.875771
-0.02607769 0.8857245 2.880734
-0.02869177 1.20456 2.87095
-0.01818587 1.345199 2.84132
-0.2204213 1.099212 2.864415
-0.2831753 0.8163256 2.892087
-0.267373 0.5588357 2.855889
-0.2586431 0.4838221 2.838997
0.1576803 1.087677 2.862234
0.2302214 0.8121262 2.892498
0.2256422 0.5639114 2.831735
0.209486 0.5073588 2.826186
-0.1020402 0.5662289 2.839419
-0.1256293 0.173458 2.876761
-0.1285498 -0.2538732 2.937098
-0.1408336 -0.2652656 2.855816
0.05561373 0.5649751 2.837332
0.08844752 0.1676295 2.872133
0.1075083 -0.258948 2.926624
0.1155995 -0.2690917 2.844386
-0.02806366 1.125806 2.875944
-0.2509499 0.4146665 2.828758
-0.2198942 0.4880025 2.783777
0.2038001 0.4297185 2.818312
0.237189 0.5023428 2.804958
7
-0.02351741 0.5598845 2.875769
-0.02610391 0.8856994 2.880704
-0.02872501 1.204499 2.870896
-0.01822489 1.34507 2.841177
-0.220407 1.099193 2.864342
-0.2825219 0.8153675 2.89235
-0.2669249 0.5573367 2.854586
-0.2580763 0.4819665 2.83536
0.1576715 1.087667 2.862214
0.2299337 0.8120094 2.892547
0.2244334 0.5627165 2.831779
0.2084398 0.5064362 2.825803
-0.1020673 0.566218 2.839407
-0.1256436 0.1734587 2.876683
-0.1285283 -0.2537913 2.936987
-0.1408699 -0.2652231 2.855403
0.05558559 0.5649444 2.837359
0.08842916 0.1676192 2.872088
0.1074928 -0.258857 2.926561
0.1155855 -0.2689909 2.844389
-0.02809601 1.125759 2.875896
-0.2513334 0.4109254 2.824826
-0.2196591 0.4861048 2.782541
0.2028446 0.4288031 2.817551
0.2363062 0.5011201 2.804396
8
-0.02351741 0.5598845 2.875769
-0.02610391 0.8856994 2.880704
-0.02872501 1.204499 2.870896
-0.01822489 1.34507 2.841177
-0.220407 1.099193 2.864342
-0.2825219 0.8153675 2.89235
-0.2669249 0.5573367 2.854586
-0.2580763 0.4819665 2.83536
0.1576715 1.087667 2.862214
0.2299337 0.8120094 2.892547
0.2244334 0.5627165 2.831779
0.2084398 0.5064362 2.825803
-0.1020673 0.566218 2.839407
-0.1256436 0.1734587 2.876683
-0.1285283 -0.2537913 2.936987
-0.1408699 -0.2652231 2.855403
0.05558559 0.5649444 2.837359
0.08842916 0.1676192 2.872088
0.1074928 -0.258857 2.926561
0.1155855 -0.2689909 2.844389
-0.02809601 1.125759 2.875896
-0.2513334 0.4109254 2.824826
-0.2196591 0.4861048 2.782541
0.2028446 0.4288031 2.817551
0.2363062 0.5011201 2.804396
9
-0.02354691 0.5598621 2.875779
-0.02612963 0.8856713 2.880682
-0.02875449 1.204434 2.870855
-0.01827638 1.344932 2.841033
-0.2203902 1.099171 2.864278
-0.2819658 0.8145877 2.892498
-0.2668599 0.5564979 2.852808
-0.2577885 0.4842506 2.830516
0.1576633 1.087659 2.8622
0.2296155 0.8119231 2.892589
0.2231944 0.5615569 2.831736
0.2068554 0.5058743 2.824821
-0.1020979 0.5662048 2.839405
-0.1256634 0.1734657 2.876605
-0.1285081 -0.2537576 2.936892
-0.1409022 -0.2652158 2.855108
0.05555117 0.5649068 2.837401
0.08841328 0.1676118 2.87205
0.107481 -0.2587909 2.926534
0.1155734 -0.2689266 2.844379
-0.02812555 1.125706 2.875858
-0.251298 0.4139062 2.816242
-0.2197171 0.487614 2.781744
0.2020415 0.428107 2.816853
0.2337019 0.4966335 2.8007
10
-0.02354691 0.5598621 2.875779
-0.02612963 0.8856713 2.880682
-0.02875449 1.204434 2.870855
-0.01827638 1.344932 2.841033
-0.2203902 1.099171 2.864278
-0.2819658 0.8145877 2.892498
-0.2668599 0.5564979 2.852808
-0.2577885 0.4842506 2.830516
0.1576633 1.087659 2.8622
0.2296155 0.8119231 2.892589
0.2231944 0.5615569 2.831736
0.2068554 0.5058743 2.824821
-0.1020979 0.5662048 2.839405
-0.1256634 0.1734657 2.876605
-0.1285081 -0.2537576 2.936892
-0.1409022 -0.2652158 2.855108
0.05555117 0.5649068 2.837401
0.08841328 0.1676118 2.87205
0.107481 -0.2587909 2.926534
0.1155734 -0.2689266 2.844379
-0.02812555 1.125706 2.875858
-0.251298 0.4139062 2.816242
-0.2197171 0.487614 2.781744
0.2020415 0.428107 2.816853
0.2337019 0.4966335 2.8007
11
-0.0235856 0.5598353 2.875798
-0.0261612 0.8856348 2.880668
-0.02878878 1.20435 2.87083
-0.0183595 1.344718 2.840912
-0.2203712 1.099144 2.864225
-0.2815056 0.8139483 2.89258
-0.2669597 0.5562717 2.850646
-0.2572165 0.4913173 2.825079
0.157656 1.087651 2.862189
0.2292749 0.8118817 2.892638
0.2219563 0.5604988 2.831666
0.200249 0.4986377 2.82192
-0.102139 0.5661884 2.839411
-0.1256817 0.1734721 2.876537
-0.1284876 -0.253731 2.936834
-0.1409147 -0.2652117 2.854914
0.05550959 0.5648646 2.837453
0.08840064 0.1676056 2.872018
0.1074424 -0.2587488 2.926517
0.115569 -0.2688867 2.844367
-0.02816012 1.125639 2.875835
-0.2503525 0.4196842 2.809472
-0.2194565 0.4868199 2.780793
0.1908106 0.4186972 2.813013
0.2215206 0.4708366 2.794747
12
-0.0235856 0.5598353 2.875798
-0.0261612 0.8856348 2.880668
-0.02878878 1.20435 2.87083
-0.0183595 1.344718 2.840912
-0.2203712 1.099144 2.864225
-0.2815056 0.8139483 2.89258
-0.2669597 0.5562717 2.850646
-0.2572165 0.4913173 2.825079
0.157656 1.087651 2.862189
0.2292749 0.8118817 2.892638
0.2219563 0.5604988 2.831666
0.200249 0.4986377 2.82192
-0.102139 0.5661884 2.839411
-0.1256817 0.1734721 2.876537
-0.1284876 -0.253731 2.936834
-0.1409147 -0.2652117 2.854914
0.05550959 0.5648646 2.837453
0.08840064 0.1676056 2.872018
0.1074424 -0.2587488 2.926517
0.115569 -0.2688867 2.844367
-0.02816012 1.125639 2.875835
-0.2503525 0.4196842 2.809472
-0.2194565 0.4868199 2.780793
0.1908106 0.4186972 2.813013
0.2215206 0.4708366 2.794747
13
-0.02362757 0.5598084 2.875823
-0.02619119 0.8855972 2.880663
-0.02880975 1.20426 2.870829
-0.01844265 1.344503 2.840813
-0.2203546 1.099119 2.864187
-0.2811071 0.8134406 2.892569
-0.2671165 0.5567799 2.848264
-0.2552866 0.4967516 2.820073
0.1576493 1.087645 2.862181
0.2288529 0.8119643 2.892702
0.220757 0.5595622 2.831581
0.1957986 0.4933051 2.819672
-0.1021847 0.5661726 2.839423
-0.1256995 0.17348 2.876476
-0.1284686 -0.2537264 2.936786
-0.1409152 -0.2652245 2.854768
0.05546638 0.5648221 2.837509
0.08838576 0.1676195 2.871979
0.1074131 -0.2586818 2.926508
0.115602 -0.2688119 2.844455
-0.02818558 1.125568 2.875829
-0.2455621 0.4231772 2.802777
-0.2179405 0.4952923 2.779665
0.1858145 0.4152201 2.811326
0.2183844 0.4671706 2.790788
14
-0.02362757 0.5598084 2.875823
-0.02619119 0.8855972 2.880663
-0.02880975 1.20426 2.870829
-0.01844265 1.344503 2.840813
-0.2203546 1.099119 2.864187
-0.2811071 0.8134406 2.892569
-0.2671165 0.5567799 2.848264
-0.2552866 0.4967516 2.820073
0.1576493 1.087645 2.862181
0.2288529 0.8119643 2.892702
0.220757 0.5595622 2.831581
0.1957986 0.4933051 2.819672
-0.1021847 0.5661726 2.839423
-0.1256995 0.17348 2.876476
-0.1284686 -0.2537264 2.936786
-0.1409152 -0.2652245 2.854768
0.05546638 0.5648221 2.837509
0.08838576 0.1676195 2.871979
0.1074131 -0.2586818 2.926508
0.115602 -0.2688119 2.844455
-0.02818558 1.125568 2.875829
-0.2455621 0.4231772 2.802777
-0.2179405 0.4952923 2.779665
0.1858145 0.4152201 2.811326
0.2183844 0.4671706 2.790788
15
-0.0236745 0.5597813 2.875854
-0.02622025 0.8855585 2.880667
-0.02882071 1.204163 2.870849
-0.01852243 1.344294 2.840729
-0.220344 1.099098 2.864167
-0.2807609 0.8130347 2.892514
-0.2681748 0.57302 2.843478
-0.2536806 0.5056269 2.817094
0.1576435 1.087639 2.862176
0.2284417 0.81207 2.892758
0.2196541 0.5587326 2.831466
0.1939925 0.4932303 2.818416
-0.1022381 0.5661579 2.839446
-0.1257247 0.1734893 2.876412
-0.1284495 -0.2537802 2.936753
-0.1409023 -0.265287 2.854712
0.05542103 0.5647799 2.837568
0.08837245 0.1676349 2.871945
0.1073188 -0.2586951 2.926516
0.1156518 -0.2688285 2.844457
-0.02820441 1.125492 2.87584
-0.2415514 0.43147 2.797789
-0.2148842 0.514367 2.779866
0.1839633 0.4152312 2.809742
0.2202838 0.4889242 2.785076
16
-0.0236745 0.5597813 2.875854
-0.02622025 0.8855585 2.880667
-0.02882071 1.204163 2.870849
-0.01852243 1.344294 2.840729
-0.220344 1.099098 2.864167
-0.2807609 0.8130347 2.892514
-0.2681748 0.57302 2.843478
-0.2536806 0.5056269 2.817094
0.1576435 1.087639 2.862176
0.2284417 0.81207 2.892758
0.2196541 0.5587326 2.831466
0.1939925 0.4932303 2.818416
-0.1022381 0.5661579 2.839446
-0.1257247 0.1734893 2.876412
-0.1284495 -0.2537802 2.936753
-0.1409023 -0.265287 2.854712
0.05542103 0.5647799 2.837568
0.08837245 0.1676349 2.871945
0.1073188 -0.2586951 2.926516
0.1156518 -0.2688285 2.844457
-0.02820441 1.125492 2.87584
-0.2415514 0.43147 2.797789
-0.2148842 0.514367 2.779866
0.1839633 0.4152312 2.809742
0.2202838 0.4889242 2.785076
17
-0.02372541 0.5597544 2.87589
-0.02624775 0.8855192 2.880683
-0.02880622 1.204055 2.870931
-0.01858574 1.34411 2.840672
-0.2203375 1.099072 2.864194
-0.2803977 0.8127785 2.892301
-0.2688829 0.5837147 2.840671
-0.2526323 0.5141428 2.814458
0.1576382 1.087632 2.862175
0.2280268 0.8122495 2.892762
0.2185498 0.5579917 2.831193
0.1926656 0.4948598 2.816472
-0.1022971 0.5661433 2.839473
-0.125751 0.1734977 2.876353
-0.1284343 -0.2538311 2.936726
-0.1409691 -0.2653442 2.854679
0.05537405 0.5647389 2.837629
0.08835996 0.1676542 2.871914
0.1072243 -0.2586633 2.926526
0.1156915 -0.2687989 2.84448
-0.02820849 1.125411 2.875893
-0.2388815 0.4391581 2.796112
-0.2136604 0.5312652 2.779973
0.1830367 0.4173458 2.805912
0.2231278 0.5080727 2.779585
18
-0.02372541 0.5597544 2.87589
-0.02624775 0.8855192 2.880683
-0.02880622 1.204055 2.870931
-0.01858574 1.34411 2.840672
-0.2203375 1.099072 2.864194
-0.2803977 0.8127785 2.892301
-0.2688829 0.5837147 2.840671
-0.2526323 0.5141428 2.814458
0.1576382 1.087632 2.862175
0.2280268 0.8122495 2.892762
0.2185498 0.5579917 2.831193
0.1926656 0.4948598 2.816472
-0.1022971 0.5661433 2.839473
-0.125751 0.1734977 2.876353
-0.1284343 -0.2538311 2.936726
-0.1409691 -0.2653442 2.854679
0.05537405 0.5647389 2.837629
0.08835996 0.1676542 2.871914
0.1072243 -0.2586633 2.926526
0.1156915 -0.2687989 2.84448
-0.02820849 1.125411 2.875893
-0.2388815 0.4391581 2.796112
-0.2136604 0.5312652 2.779973
0.1830367 0.4173458 2.805912
0.2231278 0.5080727 2.779585
19
-0.02377562 0.5597281 2.875927
-0.02627817 0.8854765 2.880706
-0.02880821 1.203938 2.871028
-0.01863582 1.343936 2.840641
-0.2203366 1.099041 2.864264
-0.2795111 0.8134806 2.889517
-0.270438 0.5968816 2.831016
-0.2521503 0.5240677 2.805648
0.1576358 1.087625 2.862179
0.2275811 0.8125952 2.892566
0.2154355 0.5553769 2.824992
0.1923945 0.4974495 2.805691
-0.1023557 0.5661285 2.839504
-0.1257759 0.1734898 2.876305
-0.1284198 -0.2538459 2.936697
-0.1409868 -0.2653704 2.854597
0.05532868 0.5646996 2.837688
0.08835053 0.1676783 2.871884
0.107133 -0.25863 2.926538
0.1157345 -0.2687687 2.8445
-0.02822247 1.12532 2.875959
-0.2380905 0.449935 2.784199
-0.2110724 0.5439227 2.776793
0.1846499 0.4216194 2.787539
0.2241321 0.5162823 2.765559
20
-0.02377562 0.5597281 2.875927
-0.02627817 0.8854765 2.880706
-0.02880821 1.203938 2.871028
-0.01863582 1.343936 2.840641
-0.2203366 1.099041 2.864264
-0.2795111 0.8134806 2.889517
-0.270438 0.5968816 2.831016
-0.2521503 0.5240677 2.805648
0.1576358 1.087625 2.862179
0.2275811 0.8125952 2.892566
0.2154355 0.5553769 2.824992
0.1923945 0.4974495 2.805691
-0.1023557 0.5661285 2.839504
-0.1257759 0.1734898 2.876305
-0.1284198 -0.2538459 2.936697
-0.1409868 -0.2653704 2.854597
0.05532868 0.5646996 2.837688
0.08835053 0.1676783 2.871884
0.107133 -0.25863 2.926538
0.1157345 -0.2687687 2.8445
-0.02822247 1.12532 2.875959
-0.2380905 0.449935 2.784199
-0.2110724 0.5439227 2.776793
0.1846499 0.4216194 2.787539
0.2241321 0.5162823 2.765559
21
-0.02383471 0.5596946 2.875978
-0.02631073 0.8854256 2.880751
-0.02879591 1.203812 2.871181
-0.01868227 1.343785 2.840654
-0.2203525 1.098992 2.864414
-0.2784651 0.8187584 2.878789
-0.2772084 0.6168355 2.803046
-0.2629381 0.5424331 2.769485
0.1576363 1.087617 2.862194
0.2266462 0.813424 2.890553
0.210916 0.5568134 2.782809
0.1983839 0.494015 2.754955
-0.1024238 0.5661081 2.839553
-0.1258012 0.173482 2.876265
-0.1284079 -0.2538611 2.936668
-0.1410755 -0.2653973 2.854504
0.05527633 0.5646529 2.837758
0.08834762 0.1676826 2.871871
0.1070416 -0.2586054 2.926551
0.1157665 -0.2687455 2.844516
-0.02822775 1.12522 2.876071
-0.2512249 0.4755681 2.736598
-0.2140647 0.5498047 2.775877
0.1804726 0.4160927 2.736062
0.2155929 0.5122707 2.712171
22
-0.02383471 0.5596946 2.875978
-0.02631073 0.8854256 2.880751
-0.02879591 1.203812 2.871181
-0.01868227 1.343785 2.840654
-0.2203525 1.098992 2.864414
-0.2784651 0.8187584 2.878789
-0.2772084 0.6168355 2.803046
-0.2629381 0.5424331 2.769485
0.1576363 1.087617 2.862194
0.2266462 0.813424 2.890553
0.210916 0.5568134 2.782809
0.1983839 0.494015 2.754955
-0.1024238 0.5661081 2.839553
-0.1258012 0.173482 2.876265
-0.1284079 -0.2538611 2.936668
-0.1410755 -0.2653973 2.854504
0.05527633 0.5646529 2.837758
0.08834762 0.1676826 2.871871
0.1070416 -0.2586054 2.926551
0.1157665 -0.2687455 2.844516
-0.02822775 1.12522 2.876071
-0.2512249 0.4755681 2.736598
-0.2140647 0.5498047 2.775877
0.1804726 0.4160927 2.736062
0.2155929 0.5122707 2.712171
23
-0.02390529 0.5596611 2.876047
-0.02635386 0.8853647 2.880851
-0.02877185 1.203659 2.871498
-0.01874664 1.34358 2.840829
-0.22036 1.098924 2.86464
-0.2773761 0.8346576 2.851457
-0.2787418 0.6302606 2.750468
-0.2704597 0.5605189 2.699729
0.1576507 1.087627 2.862284
0.2258927 0.8184685 2.879706
0.2107612 0.5961614 2.730504
0.206106 0.5315878 2.675972
-0.1024998 0.5660906 2.839613
-0.1258228 0.1734722 2.876242
-0.1283983 -0.2539957 2.936663
-0.1410573 -0.2655101 2.854662
0.05520915 0.5646014 2.837857
0.08835503 0.1676535 2.871891
0.1069562 -0.2585705 2.926574
0.1158114 -0.2687116 2.844518
-0.02822963 1.125096 2.87631
-0.2634181 0.4959767 2.656588
-0.2350666 0.5648361 2.672761
0.1950149 0.4611589 2.64618
0.2234109 0.5460602 2.643827
24
-0.02390529 0.5596611 2.876047
-0.02635386 0.8853647 2.880851
-0.02877185 1.203659 2.871498
-0.01874664 1.34358 2.840829
-0.22036 1.098924 2.86464
-0.2773761 0.8346576 2.851457
-0.2787418 0.6302606 2.750468
-0.2704597 0.5605189 2.699729
0.1576507 1.087627 2.862284
0.2258927 0.8184685 2.879706
0.2107612 0.5961614 2.730504
0.206106 0.5315878 2.675972
-0.1024998 0.5660906 2.839613
-0.1258228 0.1734722 2.876242
-0.1283983 -0.2539957 2.936663
-0.1410573 -0.2655101 2.854662
0.05520915 0.5646014 2.837857
0.08835503 0.1676535 2.871891
0.1069562 -0.2585705 2.926574
0.1158114 -0.2687116 2.844518
-0.02822963 1.125096 2.87631
-0.2634181 0.4959767 2.656588
-0.2350666 0.5648361 2.672761
0.1950149 0.4611589 2.64618
0.2234109 0.5460602 2.643827
25
-0.02397881 0.559625 2.87615
-0.02640138 0.8852763 2.881126
-0.02870507 1.203442 2.872369
-0.01892073 1.343236 2.841702
-0.2203666 1.098857 2.864874
-0.2786501 0.8559569 2.816127
-0.273031 0.6546454 2.687363
-0.2657717 0.5944035 2.610111
0.1576645 1.087677 2.862436
0.2253493 0.8388801 2.853594
0.2091625 0.6546534 2.656433
0.2048578 0.5887999 2.573401
-0.1025798 0.5660698 2.839716
-0.1258484 0.1734555 2.87624
-0.1283883 -0.2541544 2.936661
-0.1410089 -0.2656384 2.854855
0.05514123 0.5645489 2.837979
0.08835579 0.1676418 2.871932
0.1068677 -0.2584572 2.926631
0.1158636 -0.2686015 2.844564
-0.02820399 1.124916 2.876984
-0.2567977 0.5346482 2.552511
-0.2362193 0.6026984 2.587644
0.1976923 0.523658 2.522237
0.2230687 0.5924671 2.548132
26
-0.02397881 0.559625 2.87615
-0.02640138 0.8852763 2.881126
-0.02870507 1.203442 2.872369
-0.01892073 1.343236 2.841702
-0.2203666 1.098857 2.864874
-0.2786501 0.8559569 2.816127
-0.273031 0.6546454 2.687363
-0.2657717 0.5944035 2.610111
0.1576645 1.087677 2.862436
0.2253493 0.8388801 2.853594
0.2091625 0.6546534 2.656433
0.2048578 0.5887999 2.573401
-0.1025798 0.5660698 2.839716
-0.1258484 0.1734555 2.87624
-0.1283883 -0.2541544 2.936661
-0.1410089 -0.2656384 2.854855
0.05514123 0.5645489 2.837979
0.08835579 0.1676418 2.871932
0.1068677 -0.2584572 2.926631
0.1158636 -0.2686015 2.844564
-0.02820399 1.124916 2.876984
-0.2567977 0.5346482 2.552511
-0.2362193 0.6026984 2.587644
0.1976923 0.523658 2.522237
0.2230687 0.5924671 2.548132
27
-0.024041 0.5595905 2.876275
-0.02647371 0.8851492 2.881699
-0.02885633 1.20307 2.874474
-0.01917146 1.342959 2.843264
-0.2203626 1.098793 2.865083
-0.278447 0.878364 2.786792
-0.2568049 0.7008377 2.608184
-0.2455528 0.6443476 2.518065
0.1576813 1.087758 2.862638
0.2270381 0.8703722 2.829017
0.2052395 0.7443125 2.60964
0.1889684 0.6916818 2.486483
-0.1026457 0.5660499 2.839832
-0.1258711 0.1734381 2.876265
-0.1283783 -0.254325 2.936661
-0.140969 -0.2657701 2.855078
0.05508304 0.5644987 2.838137
0.08835354 0.1676778 2.872043
0.1068043 -0.2584414 2.926631
0.1159064 -0.2685584 2.84458
-0.02831736 1.124617 2.878577
-0.2286966 0.5923995 2.456457
-0.2187803 0.663811 2.495663
0.1801801 0.6481934 2.438093
0.1957926 0.6665127 2.46286
28
-0.024041 0.5595905 2.876275
-0.02647371 0.8851492 2.881699
-0.02885633 1.20307 2.874474
-0.01917146 1.342959 2.843264
-0.2203626 1.098793 2.865083
-0.278447 0.878364 2.786792
-0.2568049 0.7008377 2.608184
-0.2455528 0.6443476 2.518065
0.1576813 1.087758 2.862638
0.2270381 0.8703722 2.829017
0.2052395 0.7443125 2.60964
0.1889684 0.6916818 2.486483
-0.1026457 0.5660499 2.839832
-0.1258711 0.1734381 2.876265
-0.1283783 -0.254325 2.936661
-0.140969 -0.2657701 2.855078
0.05508304 0.5644987 2.838137
0.08835354 0.1676778 2.872043
0.1068043 -0.2584414 2.926631
0.1159064 -0.2685584 2.84458
-0.02831736 1.124617 2.878577
-0.2286966 0.5923995 2.456457
-0.2187803 0.663811 2.495663
0.1801801 0.6481934 2.438093
0.1957926 0.6665127 2.46286
29
-0.02404788 0.5595574 2.876492
-0.02650025 0.8850166 2.882757
-0.0291181 1.202756 2.877636
-0.0194906 1.34284 2.845821
-0.2201318 1.098685 2.865222
-0.2777915 0.9059741 2.755408
-0.2318593 0.7605336 2.541757
-0.2062721 0.7144186 2.441802
0.157649 1.087893 2.862908
0.2372323 0.8980106 2.79738
0.1762186 0.8281463 2.570375
0.1506379 0.8235713 2.442154
-0.1026509 0.5660282 2.840036
-0.1258865 0.1734106 2.876467
-0.1283728 -0.2546575 2.936657
-0.1407989 -0.2659659 2.855719
0.0550771 0.5644546 2.838391
0.08834504 0.1677598 2.872245
0.1067558 -0.2584315 2.926615
0.1159458 -0.2684968 2.844604
-0.0284827 1.124347 2.881103
-0.1802384 0.6803798 2.379992
-0.1832481 0.7410545 2.413694
0.136384 0.8129296 2.400388
0.1468969 0.798788 2.413946
30
-0.02404788 0.5595574 2.876492
-0.02650025 0.8850166 2.882757
-0.0291181 1.202756 2.877636
-0.0194906 1.34284 2.845821
-0.2201318 1.098685 2.865222
-0.2777915 0.9059741 2.755408
-0.2318593 0.7605336 2.541757
-0.2062721 0.7144186 2.441802
0.157649 1.087893 2.862908
0.2372323 0.8980106 2.79738
0.1762186 0.8281463 2.570375
0.1506379 0.8235713 2.442154
-0.1026509 0.5660282 2.840036
-0.1258865 0.1734106 2.876467
-0.1283728 -0.2546575 2.936657
-0.1407989 -0.2659659 2.855719
0.0550771 0.5644546 2.838391
0.08834504 0.1677598 2.872245
0.1067558 -0.2584315 2.926615
0.1159458 -0.2684968 2.844604
-0.0284827 1.124347 2.881103
-0.1802384 0.6803798 2.379992
-0.1832481 0.7410545 2.413694
0.136384 0.8129296 2.400388
0.1468969 0.798788 2.413946
31
-0.0239538 0.5596423 2.877316
-0.02650536 0.8850702 2.884781
-0.02941588 1.202742 2.881267
-0.01960524 1.343259 2.85072
-0.2176989 1.098577 2.864796
-0.278977 0.9225394 2.735981
-0.200783 0.8347079 2.511466
-0.1545014 0.8089977 2.418077
0.157076 1.08894 2.863947
0.2417653 0.9134679 2.780051
0.141147 0.9200744 2.55021
0.09853756 0.9533573 2.451187
-0.1025397 0.5661346 2.840819
-0.1259162 0.1733883 2.876962
-0.1283521 -0.2549683 2.93661
-0.1406805 -0.2660824 2.856292
0.05515794 0.5645152 2.839274
0.08833656 0.1678969 2.872756
0.1067125 -0.2585098 2.926549
0.1159749 -0.2684442 2.844639
-0.02868358 1.124345 2.884333
-0.1221765 0.7879152 2.351331
-0.1301146 0.8301761 2.370741
0.07589099 0.9735558 2.40201
0.09617689 0.93436 2.421009
32
-0.0239538 0.5596423 2.877316
-0.02650536 0.8850702 2.884781
-0.02941588 1.202742 2.881267
-0.01960524 1.343259 2.85072
-0.2176989 1.098577 2.864796
-0.278977 0.9225394 2.735981
-0.200783 0.8347079 2.511466
-0.1545014 0.8089977 2.418077
0.157076 1.08894 2.863947
0.2417653 0.9134679 2.780051
0.141147 0.9200744 2.55021
0.09853756 0.9533573 2.451187
-0.1025397 0.5661346 2.840819
-0.1259162 0.1733883 2.876962
-0.1283521 -0.2549683 2.93661
-0.1406805 -0.2660824 2.856292
0.05515794 0.5645152 2.839274
0.08833656 0.1678969 2.872756
0.1067125 -0.2585098 2.926549
0.1159749 -0.2684442 2.844639
-0.02868358 1.124345 2.884333
-0.1221765 0.7879152 2.351331
-0.1301146 0.8301761 2.370741
0.07589099 0.9735558 2.40201
0.09617689 0.93436 2.421009
33
-0.02398928 0.5597006 2.878942
-0.02695969 0.8850368 2.887357
-0.03047214 1.20262 2.884689
-0.01963147 1.34367 2.857703
-0.209163 1.100639 2.863142
-0.2804038 0.9434019 2.716304
-0.161507 0.9012982 2.503036
-0.09054279 0.9067869 2.384311
0.1562267 1.090084 2.864978
0.2422527 0.927302 2.756532
0.106825 1.014191 2.540838
0.03879073 1.080754 2.452006
-0.102688 0.5662861 2.843362
-0.1260424 0.1733141 2.877862
-0.1283076 -0.2552549 2.936505
-0.1406195 -0.2661193 2.856632
0.05518169 0.5645325 2.840427
0.08837431 0.1678261 2.873772
0.1066755 -0.2586607 2.926422
0.1160101 -0.2683471 2.844713
-0.02956974 1.124238 2.887584
-0.0564502 0.9122705 2.345036
-0.07421791 0.9273244 2.358061
0.009158904 1.11429 2.42674
0.04641164 1.054415 2.434151
34
-0.02398928 0.5597006 2.878942
-0.02695969 0.8850368 2.887357
-0.03047214 1.20262 2.884689
-0.01963147 1.34367 2.857703
-0.209163 1.100639 2.863142
-0.2804038 0.9434019 2.716304
-0.161507 0.9012982 2.503036
-0.09054279 0.9067869 2.384311
0.1562267 1.090084 2.864978
0.2422527 0.927302 2.756532
0.106825 1.014191 2.540838
0.03879073 1.080754 2.452006
-0.102688 0.5662861 2.843362
-0.1260424 0.1733141 2.877862
-0.1283076 -0.2552549 2.936505
-0.1406195 -0.2661193 2.856632
0.05518169 0.5645325 2.840427
0.08837431 0.1678261 2.873772
0.1066755 -0.2586607 2.926422
0.1160101 -0.2683471 2.844713
-0.02956974 1.124238 2.887584
-0.0564502 0.9122705 2.345036
-0.07421791 0.9273244 2.358061
0.009158904 1.11429 2.42674
0.04641164 1.054415 2.434151
35
-0.02423994 0.5590689 2.881189
-0.02725546 0.8847067 2.889099
-0.0306871 1.202407 2.885769
-0.01970944 1.344668 2.863044
-0.2026752 1.102633 2.861264
-0.2802768 0.9572126 2.702288
-0.1191377 0.9830412 2.508909
-0.04232035 0.9986088 2.403557
0.1554122 1.092099 2.865361
0.2194706 0.9447947 2.706551
0.03454423 1.134803 2.520108
-0.02308455 1.19034 2.487392
-0.1033319 0.5653788 2.847431
-0.1261963 0.1731625 2.878899
-0.1282552 -0.2555159 2.936402
-0.1405537 -0.2661248 2.856875
0.05513416 0.5640876 2.841677
0.08841276 0.1676804 2.874823
0.1066667 -0.2587959 2.926299
0.116036 -0.268232 2.844799
-0.0297958 1.123991 2.888749
0.004827725 1.021513 2.350451
-0.02237016 1.023355 2.368867
-0.05923574 1.23242 2.479886
-0.005470956 1.159055 2.461056
36
-0.02423994 0.5590689 2.881189
-0.02725546 0.8847067 2.889099
-0.0306871 1.202407 2.885769
-0.01970944 1.344668 2.863044
-0.2026752 1.102633 2.861264
-0.2802768 0.9572126 2.702288
-0.1191377 0.9830412 2.508909
-0.04232035 0.9986088 2.403557
0.1554122 1.092099 2.865361
0.2194706 0.9447947 2.706551
0.03454423 1.134803 2.520108
-0.02308455 1.19034 2.487392
-0.1033319 0.5653788 2.847431
-0.1261963 0.1731625 2.878899
-0.1282552 -0.2555159 2.936402
-0.1405537 -0.2661248 2.856875
0.05513416 0.5640876 2.841677
0.08841276 0.1676804 2.874823
0.1066667 -0.2587959 2.926299
0.116036 -0.268232 2.844799
-0.0297958 1.123991 2.888749
0.004827725 1.021513 2.350451
-0.02237016 1.023355 2.368867
-0.05923574 1.23242 2.479886
-0.005470956 1.159055 2.461056
37
-0.02466428 0.556361 2.884291
-0.02851696 0.8830099 2.890987
-0.03360584 1.200485 2.88604
-0.01970504 1.345709 2.867035
-0.1983581 1.104091 2.859878
-0.2810308 0.96499 2.694756
-0.08770835 1.027346 2.523132
0.01985652 1.096417 2.405954
0.1544764 1.093844 2.865395
0.2057636 0.9563657 2.682598
-0.005788971 1.176242 2.559446
-0.07539195 1.280325 2.531581
-0.1044754 0.562524 2.852314
-0.1262733 0.1729241 2.880001
-0.1282167 -0.2557741 2.936292
-0.1405016 -0.2661202 2.857074
0.05529426 0.5613753 2.843491
0.08843064 0.1674842 2.87584
0.1066699 -0.2588966 2.92619
0.1160606 -0.2680956 2.844889
-0.03201847 1.122242 2.889628
0.06444 1.125819 2.376843
0.03443732 1.123377 2.395852
-0.1106905 1.301946 2.546729
-0.08795494 1.26154 2.509303
38
-0.02466428 0.556361 2.884291
-0.02851696 0.8830099 2.890987
-0.03360584 1.200485 2.88604
-0.01970504 1.345709 2.867035
-0.1983581 1.104091 2.859878
-0.2810308 0.96499 2.694756
-0.08770835 1.027346 2.523132
0.01985652 1.096417 2.405954
0.1544764 1.093844 2.865395
0.2057636 0.9563657 2.682598
-0.005788971 1.176242 2.559446
-0.07539195 1.280325 2.531581
-0.1044754 0.562524 2.852314
-0.1262733 0.1729241 2.880001
-0.1282167 -0.2557741 2.936292
-0.1405016 -0.2661202 2.857074
0.05529426 0.5613753 2.843491
0.08843064 0.1674842 2.87584
0.1066699 -0.2588966 2.92619
0.1160606 -0.2680956 2.844889
-0.03201847 1.122242 2.889628
0.06444 1.125819 2.376843
0.03443732 1.123377 2.395852
-0.1106905 1.301946 2.546729
-0.08795494 1.26154 2.509303
39
-0.02501127 0.5543429 2.886683
-0.02925751 0.8822066 2.891979
-0.03526298 1.200608 2.884518
-0.01964667 1.346681 2.869835
-0.1943074 1.113116 2.857506
-0.2541063 0.9884307 2.673187
-0.05304509 1.088928 2.528128
0.02456234 1.133149 2.466681
0.1530413 1.101705 2.859948
0.1868264 0.975778 2.654708
0.01079444 1.151621 2.592407
-0.07118669 1.253417 2.592489
-0.1053373 0.5605348 2.855897
-0.1262758 0.1726098 2.881103
-0.1281958 -0.2560746 2.936188
-0.1404705 -0.2661625 2.857255
0.05541076 0.5593179 2.844879
0.08845503 0.167329 2.876764
0.106693 -0.2589398 2.926095
0.1160837 -0.267927 2.844966
-0.03322009 1.121963 2.889325
0.08383231 1.178992 2.421254
0.03644319 1.163341 2.459384
-0.09783085 1.2761 2.593362
-0.09867133 1.278647 2.570309
40
-0.02501127 0.5543429 2.886683
-0.02925751 0.8822066 2.891979
-0.03526298 1.200608 2.884518
-0.01964667 1.346681 2.869835
-0.1943074 1.113116 2.857506
-0.2541063 0.9884307 2.673187
-0.05304509 1.088928 2.528128
0.02456234 1.133149 2.466681
0.1530413 1.101705 2.859948
0.1868264 0.975778 2.654708
0.01079444 1.151621 2.592407
-0.07118669 1.253417 2.592489
-0.1053373 0.5605348 2.855897
-0.1262758 0.1726098 2.881103
-0.1281958 -0.2560746 2.936188
-0.1404705 -0.2661625 2.857255
0.05541076 0.5593179 2.844879
0.08845503 0.167329 2.876764
0.106693 -0.2589398 2.926095
0.1160837 -0.267927 2.844966
-0.03322009 1.121963 2.889325
0.08383231 1.178992 2.421254
0.03644319 1.163341 2.459384
-0.09783085 1.2761 2.593362
-0.09867133 1.278647 2.570309
41
-0.02526167 0.5527406 2.88849
-0.02986854 0.881616 2.892657
-0.03699017 1.201364 2.882581
-0.01971078 1.347761 2.871867
-0.1921501 1.118272 2.856007
-0.2397718 0.999593 2.662076
-0.02630227 1.128746 2.549827
0.04840029 1.180791 2.519322
0.1520618 1.10692 2.856229
0.1788829 0.983759 2.643064
-0.03166556 1.214484 2.582844
-0.07512952 1.250566 2.634775
-0.1059688 0.5590605 2.858319
-0.1262116 0.172408 2.882124
-0.1281778 -0.2563265 2.936144
-0.1404526 -0.266192 2.857398
0.0556157 0.5575097 2.846131
0.08846375 0.1672631 2.877556
0.1067402 -0.2590058 2.925997
0.1160838 -0.2678075 2.84502
-0.03451495 1.122092 2.888562
0.1087575 1.237111 2.47314
0.08027527 1.245528 2.494924
-0.09802236 1.256717 2.638646
-0.09965204 1.256065 2.617054
42
-0.02526167 0.5527406 2.88849
-0.02986854 0.881616 2.892657
-0.03699017 1.201364 2.882581
-0.01971078 1.347761 2.871867
-0.1921501 1.118272 2.856007
-0.2397718 0.999593 2.662076
-0.02630227 1.128746 2.549827
0.04840029 1.180791 2.519322
0.1520618 1.10692 2.856229
0.1788829 0.983759 2.643064
-0.03166556 1.214484 2.582844
-0.07512952 1.250566 2.634775
-0.1059688 0.5590605 2.858319
-0.1262116 0.172408 2.882124
-0.1281778 -0.2563265 2.936144
-0.1404526 -0.266192 2.857398
0.0556157 0.5575097 2.846131
0.08846375 0.1672631 2.877556
0.1067402 -0.2590058 2.925997
0.1160838 -0.2678075 2.84502
-0.03451495 1.122092 2.888562
0.1087575 1.237111 2.47314
0.08027527 1.245528 2.494924
-0.09802236 1.256717 2.638646
-0.09965204 1.256065 2.617054
43
-0.02534397 0.5520587 2.889609
-0.02820932 0.8894696 2.88888
-0.02759951 1.235502 2.859328
-0.02074559 1.37069 2.868736
-0.1914087 1.125628 2.853968
-0.2304963 1.006574 2.656165
-0.02799918 1.128856 2.567416
0.05590393 1.215341 2.55245
0.1480587 1.122616 2.848089
0.1724025 0.9913662 2.637441
-0.02317604 1.177255 2.582513
-0.04841293 1.200155 2.616955
-0.1063063 0.5584199 2.85984
-0.1260597 0.1723821 2.88309
-0.1281676 -0.2565318 2.936141
-0.1404592 -0.2661918 2.85755
0.05580834 0.5567896 2.846839
0.08847424 0.1672126 2.878275
0.1067672 -0.2590022 2.925942
0.1160866 -0.2676511 2.845032
-0.0265817 1.152665 2.868373
0.09518596 1.230258 2.51924
0.03612278 1.16498 2.554198
-0.06859647 1.161632 2.604479
-0.01231441 1.182509 2.545228
44
-0.02534397 0.5520587 2.889609
-0.02820932 0.8894696 2.88888
-0.02759951 1.235502 2.859328
-0.02074559 1.37069 2.868736
-0.1914087 1.125628 2.853968
-0.2304963 1.006574 2.656165
-0.02799918 1.128856 2.567416
0.05590393 1.215341 2.55245
0.1480587 1.122616 2.848089
0.1724025 0.9913662 2.637441
-0.02317604 1.177255 2.582513
-0.04841293 1.200155 2.616955
-0.1063063 0.5584199 2.85984
-0.1260597 0.1723821 2.88309
-0.1281676 -0.2565318 2.936141
-0.1404592 -0.2661918 2.85755
0.05580834 0.5567896 2.846839
0.08847424 0.1672126 2.878275
0.1067672 -0.2590022 2.925942
0.1160866 -0.2676511 2.845032
-0.0265817 1.152665 2.868373
0.09518596 1.230258 2.51924
0.03612278 1.16498 2.554198
-0.06859647 1.161632 2.604479
-0.01231441 1.182509 2.545228
45
-0.02534731 0.5515493 2.890412
-0.02672579 0.8952708 2.885771
-0.02276769 1.252401 2.847852
-0.02181143 1.381695 2.86697
-0.1910148 1.129111 2.852729
-0.2221861 1.01071 2.651759
-0.02065992 1.139482 2.574848
0.0401414 1.211181 2.58998
0.1460372 1.129102 2.844357
0.1668471 0.9973119 2.634013
-0.03175336 1.187194 2.585294
-0.0377108 1.177674 2.61794
-0.1065142 0.5579516 2.860803
-0.1259034 0.1724568 2.883844
-0.1281632 -0.2566788 2.936168
-0.1405123 -0.2661806 2.857706
0.05616293 0.5562154 2.847483
0.08849488 0.16734 2.878866
0.1068173 -0.2589338 2.925924
0.1160935 -0.2674622 2.845057
-0.02284005 1.166654 2.859082
0.06183555 1.211786 2.565835
0.02600149 1.166298 2.586489
-0.06798813 1.149944 2.619942
-0.01203149 1.197226 2.578238
46
-0.02534731 0.5515493 2.890412
-0.02672579 0.8952708 2.885771
-0.02276769 1.252401 2.847852
-0.02181143 1.381695 2.86697
-0.1910148 1.129111 2.852729
-0.2221861 1.01071 2.651759
-0.02065992 1.139482 2.574848
0.0401414 1.211181 2.58998
0.1460372 1.129102 2.844357
0.1668471 0.9973119 2.634013
-0.03175336 1.187194 2.585294
-0.0377108 1.177674 2.61794
-0.1065142 0.5579516 2.860803
-0.1259034 0.1724568 2.883844
-0.1281632 -0.2566788 2.936168
-0.1405123 -0.2661806 2.857706
0.05616293 0.5562154 2.847483
0.08849488 0.16734 2.878866
0.1068173 -0.2589338 2.925924
0.1160935 -0.2674622 2.845057
-0.02284005 1.166654 2.859082
0.06183555 1.211786 2.565835
0.02600149 1.166298 2.586489
-0.06798813 1.149944 2.619942
-0.01203149 1.197226 2.578238
47
-0.02526211 0.5512605 2.890999
-0.02544258 0.9010012 2.882437
-0.02110826 1.262144 2.841265
-0.02239456 1.39045 2.865341
-0.1906888 1.133898 2.848659
-0.2163741 1.012437 2.648562
-0.01620878 1.147261 2.597485
0.03564515 1.209534 2.610859
0.1436603 1.136314 2.838274
0.1629871 1.000829 2.63234
-0.02988607 1.179841 2.583883
-0.030872 1.165272 2.618492
-0.1066379 0.5576553 2.861473
-0.1257246 0.1728107 2.884476
-0.1281318 -0.2566955 2.936237
-0.1406933 -0.2660602 2.857946
0.05670606 0.5559553 2.848053
0.0885199 0.1673344 2.879385
0.1069194 -0.2587445 2.925881
0.1160367 -0.2671853 2.844925
-0.02134571 1.174947 2.853531
0.08357547 1.247656 2.59544
0.02849931 1.172795 2.600815
-0.05457909 1.113431 2.608648
0.006992551 1.17148 2.583036
48
-0.02526211 0.5512605 2.890999
-0.02544258 0.9010012 2.882437
-0.02110826 1.262144 2.841265
-0.02239456 1.39045 2.865341
-0.1906888 1.133898 2.848659
-0.2163741 1.012437 2.648562
-0.01620878 1.147261 2.597485
0.03564515 1.209534 2.610859
0.1436603 1.136314 2.838274
0.1629871 1.000829 2.63234
-0.02988607 1.179841 2.583883
-0.030872 1.165272 2.618492
-0.1066379 0.5576553 2.861473
-0.1257246 0.1728107 2.884476
-0.1281318 -0.2566955 2.936237
-0.1406933 -0.2660602 2.857946
0.05670606 0.5559553 2.848053
0.0885199 0.1673344 2.879385
0.1069194 -0.2587445 2.925881
0.1160367 -0.2671853 2.844925
-0.02134571 1.174947 2.853531
0.08357547 1.247656 2.59544
0.02849931 1.172795 2.600815
-0.05457909 1.113431 2.608648
0.006992551 1.17148 2.583036
49
-0.0251332 0.5510918 2.891427
-0.02454749 0.9048541 2.880083
-0.02011959 1.26748 2.837629
-0.0230758 1.395573 2.864263
-0.1906577 1.13751 2.844847
-0.2122715 1.012826 2.646465
-0.01410698 1.151977 2.604731
0.03885913 1.21272 2.62274
0.1422275 1.140255 2.834665
0.160383 1.002615 2.632674
-0.02723492 1.173377 2.582174
-0.02917556 1.159952 2.621999
-0.1066911 0.5574923 2.861903
-0.1254881 0.173387 2.884968
-0.1281189 -0.2566865 2.936303
-0.1408886 -0.2659335 2.85818
0.05728537 0.5558408 2.848495
0.0885425 0.1673353 2.879804
0.1069732 -0.2586997 2.925843
0.1160007 -0.2670612 2.844855
-0.02046867 1.179626 2.850394
0.09457055 1.261253 2.614367
0.03679092 1.143092 2.635895
-0.07987924 1.187572 2.63413
-0.06158148 1.203752 2.616417
50
-0.0251332 0.5510918 2.891427
-0.02454749 0.9048541 2.880083
-0.02011959 1.26748 2.837629
-0.0230758 1.395573 2.864263
-0.1906577 1.13751 2.844847
-0.2122715 1.012826 2.646465
-0.01410698 1.151977 2.604731
0.03885913 1.21272 2.62274
0.1422275 1.140255 2.834665
0.160383 1.002615 2.632674
-0.02723492 1.173377 2.582174
-0.02917556 1.159952 2.621999
-0.1066911 0.5574923 2.861903
-0.1254881 0.173387 2.884968
-0.1281189 -0.2566865 2.936303
-0.1408886 -0.2659335 2.85818
0.05728537 0.5558408 2.848495
0.0885425 0.1673353 2.879804
0.1069732 -0.2586997 2.925843
0.1160007 -0.2670612 2.844855
-0.02046867 1.179626 2.850394
0.09457055 1.261253 2.614367
0.03679092 1.143092 2.635895
-0.07987924 1.187572 2.63413
-0.06158148 1.203752 2.616417
51
-0.0249639 0.5510122 2.891736
-0.02393661 0.907409 2.878488
-0.0194116 1.271137 2.835131
-0.02356614 1.398842 2.863701
-0.1906773 1.140035 2.841977
-0.209206 1.012249 2.645349
-0.02016377 1.146736 2.609013
0.03783936 1.208711 2.626521
0.1413534 1.142632 2.832533
0.1589118 1.00302 2.63457
-0.02198241 1.134488 2.603506
-0.02772984 1.149052 2.621045
-0.1066777 0.5574272 2.862108
-0.1252459 0.1739604 2.885374
-0.128132 -0.2567363 2.936403
-0.1410484 -0.2658909 2.858405
0.05789797 0.5558384 2.848866
0.08857389 0.167376 2.880157
0.1070257 -0.2586842 2.925819
0.1159764 -0.2669757 2.844835
-0.01982558 1.182803 2.848273
0.09661855 1.252841 2.600106
0.03168131 1.127163 2.639486
-0.06537916 1.155379 2.632312
-0.02340666 1.168318 2.612993
52
-0.0249639 0.5510122 2.891736
-0.02393661 0.907409 2.878488
-0.0194116 1.271137 2.835131
-0.02356614 1.398842 2.863701
-0.1906773 1.140035 2.841977
-0.209206 1.012249 2.645349
-0.02016377 1.146736 2.609013
0.03783936 1.208711 2.626521
0.1413534 1.142632 2.832533
0.1589118 1.00302 2.63457
-0.02198241 1.134488 2.603506
-0.02772984 1.149052 2.621045
-0.1066777 0.5574272 2.862108
-0.1252459 0.1739604 2.885374
-0.128132 -0.2567363 2.936403
-0.1410484 -0.2658909 2.858405
0.05789797 0.5558384 2.848866
0.08857389 0.167376 2.880157
0.1070257 -0.2586842 2.925819
0.1159764 -0.2669757 2.844835
-0.01982558 1.182803 2.848273
0.09661855 1.252841 2.600106
0.03168131 1.127163 2.639486
-0.06537916 1.155379 2.632312
-0.02340666 1.168318 2.612993
53
-0.02477164 0.5509915 2.891935
-0.02348581 0.9091636 2.877354
-0.0191066 1.27331 2.833701
-0.02392409 1.401107 2.863311
-0.1907317 1.14176 2.839841
-0.2072605 1.010845 2.645093
-0.02620121 1.140115 2.608574
0.03201199 1.194546 2.617901
0.1407657 1.144183 2.831145
0.1584195 1.001604 2.638501
-0.02071242 1.120013 2.61114
-0.02839237 1.140738 2.616631
-0.1066116 0.5574285 2.862086
-0.1249673 0.174631 2.885715
-0.1281659 -0.2571087 2.936533
-0.1403261 -0.2661147 2.859255
0.05846774 0.5558962 2.849147
0.08861192 0.1675836 2.880476
0.1071266 -0.2585773 2.925805
0.1159532 -0.2668021 2.844876
-0.01945812 1.184897 2.846858
0.09877538 1.236522 2.586493
0.02664923 1.114551 2.632363
-0.07522051 1.183775 2.625586
-0.02161067 1.164042 2.612249
54
-0.02477164 0.5509915 2.891935
-0.02348581 0.9091636 2.877354
-0.0191066 1.27331 2.833701
-0.02392409 1.401107 2.863311
-0.1907317 1.14176 2.839841
-0.2072605 1.010845 2.645093
-0.02620121 1.140115 2.608574
0.03201199 1.194546 2.617901
0.1407657 1.144183 2.831145
0.1584195 1.001604 2.638501
-0.02071242 1.120013 2.61114
-0.02839237 1.140738 2.616631
-0.1066116 0.5574285 2.862086
-0.1249673 0.174631 2.885715
-0.1281659 -0.2571087 2.936533
-0.1403261 -0.2661147 2.859255
0.05846774 0.5558962 2.849147
0.08861192 0.1675836 2.880476
0.1071266 -0.2585773 2.925805
0.1159532 -0.2668021 2.844876
-0.01945812 1.184897 2.846858
0.09877538 1.236522 2.586493
0.02664923 1.114551 2.632363
-0.07522051 1.183775 2.625586
-0.02161067 1.164042 2.612249
55
-0.02456977 0.5510014 2.892055
-0.02316917 0.9103667 2.876566
-0.01922133 1.273787 2.833511
-0.02422381 1.402642 2.863035
-0.1907848 1.142947 2.83835
-0.205719 1.009222 2.645352
-0.03114631 1.119013 2.587308
0.03217949 1.175607 2.595872
0.1403765 1.144723 2.830521
0.1601397 0.9968701 2.646481
-0.008453812 1.127795 2.58457
-0.03103415 1.146483 2.608036
-0.1065118 0.5574641 2.861913
-0.1246972 0.1751943 2.885995
-0.1281938 -0.2572793 2.936664
-0.1397921 -0.2661998 2.859723
0.0589811 0.5559691 2.849364
0.08864933 0.1676844 2.880737
0.1071895 -0.2585439 2.925772
0.1159336 -0.2667164 2.844826
-0.01939826 1.185724 2.846281
0.1025679 1.224797 2.542263
0.05334316 1.09533 2.614916
-0.08140662 1.211878 2.598509
-0.05570064 1.194338 2.585695
56
-0.02456977 0.5510014 2.892055
-0.02316917 0.9103667 2.876566
-0.01922133 1.273787 2.833511
-0.02422381 1.402642 2.863035
-0.1907848 1.142947 2.83835
-0.205719 1.009222 2.645352
-0.03114631 1.119013 2.587308
0.03217949 1.175607 2.595872
0.1403765 1.144723 2.830521
0.1601397 0.9968701 2.646481
-0.008453812 1.127795 2.58457
-0.03103415 1.146483 2.608036
-0.1065118 0.5574641 2.861913
-0.1246972 0.1751943 2.885995
-0.1281938 -0.2572793 2.936664
-0.1397921 -0.2661998 2.859723
0.0589811 0.5559691 2.849364
0.08864933 0.1676844 2.880737
0.1071895 -0.2585439 2.925772
0.1159336 -0.2667164 2.844826
-0.01939826 1.185724 2.846281
0.1025679 1.224797 2.542263
0.05334316 1.09533 2.614916
-0.08140662 1.211878 2.598509
-0.05570064 1.194338 2.585695
57
-0.02439077 0.5509918 2.892118
-0.02296518 0.911104 2.876028
-0.02074951 1.268688 2.836842
-0.02444259 1.400949 2.863533
-0.1908399 1.143763 2.837306
-0.205726 1.006104 2.647182
-0.04113284 1.099028 2.555294
0.02595062 1.149271 2.535121
0.1404333 1.143753 2.831314
0.1638376 0.9914115 2.655164
0.01363902 1.122304 2.568044
-0.01656404 1.145933 2.570596
-0.1064005 0.557456 2.861595
-0.1244854 0.1755415 2.886217
-0.1282115 -0.2573669 2.93679
-0.1393842 -0.2662412 2.860003
0.05939113 0.5560035 2.849532
0.08869161 0.16776 2.880941
0.1072446 -0.2585121 2.925745
0.1159163 -0.2666452 2.844773
-0.02037877 1.182483 2.848027
0.09142925 1.199672 2.476203
0.05710779 1.105781 2.54575
-0.06997413 1.223452 2.549555
-0.03006244 1.144247 2.514192
58
-0.02439077 0.5509918 2.892118
-0.02296518 0.911104 2.876028
-0.02074951 1.268688 2.836842
-0.02444259 1.400949 2.863533
-0.1908399 1.143763 2.837306
-0.205726 1.006104 2.647182
-0.04113284 1.099028 2.555294
0.02595062 1.149271 2.535121
0.1404333 1.143753 2.831314
0.1638376 0.9914115 2.655164
0.01363902 1.122304 2.568044
-0.01656404 1.145933 2.570596
-0.1064005 0.557456 2.861595
-0.1244854 0.1755415 2.886217
-0.1282115 -0.2573669 2.93679
-0.1393842 -0.2662412 2.860003
0.05939113 0.5560035 2.849532
0.08869161 0.16776 2.880941
0.1072446 -0.2585121 2.925745
0.1159163 -0.2666452 2.844773
-0.02037877 1.182483 2.848027
0.09142925 1.199672 2.476203
0.05710779 1.105781 2.54575
-0.06997413 1.223452 2.549555
-0.03006244 1.144247 2.514192
59
-0.02423583 0.5509503 2.892133
-0.02305959 0.9105176 2.875739
-0.02467032 1.255906 2.843425
-0.02392779 1.391778 2.866904
-0.1908486 1.144342 2.836629
-0.2147696 0.9931687 2.660279
-0.06717334 1.059122 2.520167
0.005289532 1.099901 2.468028
0.1418484 1.140013 2.83351
0.1852313 0.9700318 2.681071
0.0337824 1.095616 2.498974
0.004014622 1.124972 2.486412
-0.1062878 0.55742 2.861251
-0.1243147 0.1755685 2.886422
-0.128225 -0.2574167 2.936903
-0.1392015 -0.2662632 2.860174
0.05967044 0.5559593 2.849622
0.08873238 0.1678253 2.88111
0.1072964 -0.2584849 2.925716
0.115899 -0.2665855 2.844717
-0.02338615 1.172675 2.8525
0.06305426 1.141485 2.41255
0.04067246 1.081871 2.481193
-0.03779155 1.203185 2.47821
0.008867281 1.119828 2.423195
60
-0.02423583 0.5509503 2.892133
-0.02305959 0.9105176 2.875739
-0.02467032 1.255906 2.843425
-0.02392779 1.391778 2.866904
-0.1908486 1.144342 2.836629
-0.2147696 0.9931687 2.660279
-0.06717334 1.059122 2.520167
0.005289532 1.099901 2.468028
0.1418484 1.140013 2.83351
0.1852313 0.9700318 2.681071
0.0337824 1.095616 2.498974
0.004014622 1.124972 2.486412
-0.1062878 0.55742 2.861251
-0.1243147 0.1755685 2.886422
-0.128225 -0.2574167 2.936903
-0.1392015 -0.2662632 2.860174
0.05967044 0.5559593 2.849622
0.08873238 0.1678253 2.88111
0.1072964 -0.2584849 2.925716
0.115899 -0.2665855 2.844717
-0.02338615 1.172675 2.8525
0.06305426 1.141485 2.41255
0.04067246 1.081871 2.481193
-0.03779155 1.203185 2.47821
0.008867281 1.119828 2.423195
61
-0.02411637 0.5508952 2.892126
-0.02391565 0.9073467 2.876912
-0.03021648 1.236418 2.8581
-0.02349625 1.372978 2.874932
-0.1908431 1.144616 2.836248
-0.234057 0.9803236 2.678166
-0.102092 0.9984021 2.494081
-0.04013555 1.026295 2.418086
0.1433628 1.135691 2.837286
0.2019643 0.9552494 2.693719
0.07552966 1.062387 2.473406
0.0340938 1.101471 2.438345
-0.1062204 0.5573606 2.861056
-0.124162 0.1752218 2.88666
-0.1282389 -0.2574519 2.936999
-0.1390709 -0.2662746 2.860287
0.05985986 0.555863 2.849615
0.08877946 0.1678301 2.881253
0.107397 -0.2585453 2.925672
0.1158781 -0.2666243 2.844566
-0.02808223 1.156721 2.863486
0.01380426 1.052542 2.35911
0.00882489 1.039149 2.394397
-0.004872214 1.168225 2.410737
0.05247202 1.080247 2.377546
62
-0.02411637 0.5508952 2.892126
-0.02391565 0.9073467 2.876912
-0.03021648 1.236418 2.8581
-0.02349625 1.372978 2.874932
-0.1908431 1.144616 2.836248
-0.234057 0.9803236 2.678166
-0.102092 0.9984021 2.494081
-0.04013555 1.026295 2.418086
0.1433628 1.135691 2.837286
0.2019643 0.9552494 2.693719
0.07552966 1.062387 2.473406
0.0340938 1.101471 2.438345
-0.1062204 0.5573606 2.861056
-0.124162 0.1752218 2.88666
-0.1282389 -0.2574519 2.936999
-0.1390709 -0.2662746 2.860287
0.05985986 0.555863 2.849615
0.08877946 0.1678301 2.881253
0.107397 -0.2585453 2.925672
0.1158781 -0.2666243 2.844566
-0.02808223 1.156721 2.863486
0.01380426 1.052542 2.35911
0.00882489 1.039149 2.394397
-0.004872214 1.168225 2.410737
0.05247202 1.080247 2.377546
63
-0.02403155 0.5509006 2.89213
-0.02460903 0.9015256 2.88404
-0.02871226 1.21327 2.896074
-0.02322334 1.360681 2.880398
-0.1825782 1.133514 2.848565
-0.2541584 0.9736926 2.698348
-0.1167653 0.9757773 2.486659
-0.09054034 0.9341507 2.375655
0.1393177 1.098015 2.854991
0.2414301 0.9343545 2.721855
0.1450878 0.9812438 2.478813
0.0959902 1.032791 2.40545
-0.1061515 0.5573841 2.86093
-0.1241328 0.1745645 2.886912
-0.1282359 -0.2574621 2.937094
-0.1389722 -0.2662714 2.860376
0.0599669 0.5558533 2.849625
0.0888276 0.1678086 2.881379
0.1075011 -0.2586135 2.925648
0.1158546 -0.266669 2.84453
-0.0279358 1.135988 2.895552
-0.05331471 0.9380805 2.32415
-0.05442718 0.955805 2.339166
0.06863812 1.068781 2.373203
0.11385 1.016513 2.361463
64
-0.02403155 0.5509006 2.89213
-0.02460903 0.9015256 2.88404
-0.02871226 1.21327 2.896074
-0.02322334 1.360681 2.880398
-0.1825782 1.133514 2.848565
-0.2541584 0.9736926 2.698348
-0.1167653 0.9757773 2.486659
-0.09054034 0.9341507 2.375655
0.1393177 1.098015 2.854991
0.2414301 0.9343545 2.721855
0.1450878 0.9812438 2.478813
0.0959902 1.032791 2.40545
-0.1061515 0.5573841 2.86093
-0.1241328 0.1745645 2.886912
-0.1282359 -0.2574621 2.937094
-0.1389722 -0.2662714 2.860376
0.0599669 0.5558533 2.849625
0.0888276 0.1678086 2.881379
0.1075011 -0.2586135 2.925648
0.1158546 -0.266669 2.84453
-0.0279358 1.135988 2.895552
-0.05331471 0.9380805 2.32415
-0.05442718 0.955805 2.339166
0.06863812 1.068781 2.373203
0.11385 1.016513 2.361463
65
-0.02391076 0.551037 2.892077
-0.02502389 0.8971211 2.889959
-0.02809895 1.203795 2.911945
-0.02296511 1.353729 2.883627
-0.1792899 1.124989 2.85589
-0.2675788 0.9656056 2.712726
-0.1872844 0.8829511 2.494544
-0.1603554 0.8287797 2.374017
0.1390783 1.085077 2.864188
0.2796915 0.9296251 2.756742
0.1808434 0.9405439 2.480496
0.1599956 0.9412988 2.386585
-0.1059552 0.5576409 2.860667
-0.1241354 0.1739183 2.88712
-0.1282251 -0.2574191 2.937202
-0.1388898 -0.2662311 2.860436
0.06002704 0.5559296 2.849602
0.08887541 0.1677769 2.881492
0.107606 -0.2587255 2.925639
0.1158301 -0.2667587 2.844543
-0.02792589 1.127663 2.908573
-0.133867 0.8085924 2.322528
-0.1185951 0.8454963 2.332004
0.1506083 0.9468287 2.351469
0.1804424 0.9301577 2.3576
66
-0.02391076 0.551037 2.892077
-0.02502389 0.8971211 2.889959
-0.02809895 1.203795 2.911945
-0.02296511 1.353729 2.883627
-0.1792899 1.124989 2.85589
-0.2675788 0.9656056 2.712726
-0.1872844 0.8829511 2.494544
-0.1603554 0.8287797 2.374017
0.1390783 1.085077 2.864188
0.2796915 0.9296251 2.756742
0.1808434 0.9405439 2.480496
0.1599956 0.9412988 2.386585
-0.1059552 0.5576409 2.860667
-0.1241354 0.1739183 2.88712
-0.1282251 -0.2574191 2.937202
-0.1388898 -0.2662311 2.860436
0.06002704 0.5559296 2.849602
0.08887541 0.1677769 2.881492
0.107606 -0.2587255 2.925639
0.1158301 -0.2667587 2.844543
-0.02792589 1.127663 2.908573
-0.133867 0.8085924 2.322528
-0.1185951 0.8454963 2.332004
0.1506083 0.9468287 2.351469
0.1804424 0.9301577 2.3576
67
-0.02372185 0.5513064 2.891975
-0.02507008 0.8939261 2.8945
-0.0279277 1.198791 2.919765
-0.02270019 1.349476 2.885628
-0.1831892 1.114879 2.860724
-0.2765786 0.9521929 2.722708
-0.2504002 0.7963475 2.514025
-0.2301911 0.7294808 2.412764
0.1398386 1.078683 2.869161
0.2731739 0.9044696 2.789835
0.2427965 0.8488568 2.524807
0.2272185 0.8194334 2.396276
-0.1055525 0.5580996 2.860242
-0.124131 0.1732812 2.887316
-0.1282139 -0.257169 2.937262
-0.1389174 -0.2660277 2.86004
0.06006819 0.5561235 2.849572
0.0889239 0.167769 2.881585
0.1077029 -0.2588181 2.925629
0.115815 -0.2668315 2.844557
-0.02792549 1.123137 2.915385
-0.206534 0.6847571 2.356048
-0.1958108 0.7501518 2.364185
0.2297599 0.7897697 2.343036
0.2533364 0.8004361 2.375996
68
-0.02372185 0.5513064 2.891975
-0.02507008 0.8939261 2.8945
-0.0279277 1.198791 2.919765
-0.02270019 1.349476 2.885628
-0.1831892 1.114879 2.860724
-0.2765786 0.9521929 2.722708
-0.2504002 0.7963475 2.514025
-0.2301911 0.7294808 2.412764
0.1398386 1.078683 2.869161
0.2731739 0.9044696 2.789835
0.2427965 0.8488568 2.524807
0.2272185 0.8194334 2.396276
-0.1055525 0.5580996 2.860242
-0.124131 0.1732812 2.887316
-0.1282139 -0.257169 2.937262
-0.1389174 -0.2660277 2.86004
0.06006819 0.5561235 2.849572
0.0889239 0.167769 2.881585
0.1077029 -0.2588181 2.925629
0.115815 -0.2668315 2.844557
-0.02792549 1.123137 2.915385
-0.206534 0.6847571 2.356048
-0.1958108 0.7501518 2.364185
0.2297599 0.7897697 2.343036
0.2533364 0.8004361 2.375996
69
-0.02353672 0.5516172 2.891855
-0.02506543 0.8917416 2.897655
-0.02774824 1.195589 2.924912
-0.0225404 1.34668 2.886923
-0.1899099 1.106488 2.86375
-0.2896183 0.9200767 2.743194
-0.2966648 0.7172502 2.544822
-0.2748598 0.6497874 2.466311
0.1411937 1.074874 2.87268
0.2700316 0.8918705 2.806166
0.2924882 0.7561494 2.578275
0.2741899 0.7001041 2.441716
-0.1051385 0.5585982 2.859779
-0.1241246 0.1727858 2.887444
-0.128184 -0.2569161 2.93733
-0.1390392 -0.2658376 2.859599
0.06007374 0.5563787 2.849542
0.08896896 0.1677738 2.881673
0.1077956 -0.2588928 2.925616
0.1157963 -0.266885 2.844587
-0.02796147 1.12011 2.919824
-0.2535912 0.5933427 2.416971
-0.24201 0.6756755 2.428854
0.2719674 0.6509253 2.396101
0.2984252 0.6509184 2.412343
70
-0.02353672 0.5516172 2.891855
-0.02506543 0.8917416 2.897655
-0.02774824 1.195589 2.924912
-0.0225404 1.34668 2.886923
-0.1899099 1.106488 2.86375
-0.2896183 0.9200767 2.743194
-0.2966648 0.7172502 2.544822
-0.2748598 0.6497874 2.466311
0.1411937 1.074874 2.87268
0.2700316 0.8918705 2.806166
0.2924882 0.7561494 2.578275
0.2741899 0.7001041 2.441716
-0.1051385 0.5585982 2.859779
-0.1241246 0.1727858 2.887444
-0.128184 -0.2569161 2.93733
-0.1390392 -0.2658376 2.859599
0.06007374 0.5563787 2.849542
0.08896896 0.1677738 2.881673
0.1077956 -0.2588928 2.925616
0.1157963 -0.266885 2.844587
-0.02796147 1.12011 2.919824
-0.2535912 0.5933427 2.416971
-0.24201 0.6756755 2.428854
0.2719674 0.6509253 2.396101
0.2984252 0.6509184 2.412343
71
-0.02336517 0.55193 2.891735
-0.0250342 0.8902511 2.899819
-0.02717573 1.194713 2.92721
-0.02241849 1.344675 2.887833
-0.1964857 1.100501 2.865882
-0.2997784 0.8917646 2.759529
-0.3166027 0.652199 2.587517
-0.3008659 0.5853006 2.529971
0.1434458 1.073138 2.875268
0.2688493 0.8803214 2.816947
0.3104982 0.6857926 2.632878
0.2936511 0.6192847 2.515415
-0.10475 0.5590758 2.859335
-0.1241158 0.1723804 2.88754
-0.128153 -0.256699 2.937405
-0.1391657 -0.265681 2.859225
0.06004944 0.5566666 2.849537
0.0890142 0.1677815 2.881752
0.1079259 -0.2590188 2.925659
0.1157979 -0.2670093 2.844597
-0.02771613 1.11859 2.922537
-0.2828279 0.5231808 2.487499
-0.2588666 0.6100599 2.510822
0.2963868 0.5586056 2.466157
0.3178205 0.5717946 2.489839
72
-0.02336517 0.55193 2.891735
-0.0250342 0.8902511 2.899819
-0.02717573 1.194713 2.92721
-0.02241849 1.344675 2.887833
-0.1964857 1.100501 2.865882
-0.2997784 0.8917646 2.759529
-0.3166027 0.652199 2.587517
-0.3008659 0.5853006 2.529971
0.1434458 1.073138 2.875268
0.2688493 0.8803214 2.816947
0.3104982 0.6857926 2.632878
0.2936511 0.6192847 2.515415
-0.10475 0.5590758 2.859335
-0.1241158 0.1723804 2.88754
-0.128153 -0.256699 2.937405
-0.1391657 -0.265681 2.859225
0.06004944 0.5566666 2.849537
0.0890142 0.1677815 2.881752
0.1079259 -0.2590188 2.925659
0.1157979 -0.2670093 2.844597
-0.02771613 1.11859 2.922537
-0.2828279 0.5231808 2.487499
-0.2588666 0.6100599 2.510822
0.2963868 0.5586056 2.466157
0.3178205 0.5717946 2.489839
73
-0.0232041 0.5522487 2.89162
-0.02500813 0.8892258 2.901306
-0.02655236 1.195889 2.926236
-0.02217965 1.343367 2.888346
-0.2010307 1.097014 2.867228
-0.3098096 0.8603638 2.783192
-0.3188156 0.6160716 2.64336
-0.3157065 0.5436921 2.602216
0.1467335 1.0735 2.876849
0.2674395 0.8668923 2.826918
0.3115121 0.632778 2.684614
0.2997875 0.567566 2.595002
-0.1043902 0.5595279 2.858936
-0.1240971 0.1720532 2.887627
-0.1281261 -0.256496 2.937474
-0.1395376 -0.2655244 2.858933
0.06000771 0.5569708 2.849539
0.08905435 0.1677974 2.881828
0.1080268 -0.2590688 2.92569
0.1157991 -0.2670531 2.844625
-0.02728463 1.118591 2.923215
-0.2980348 0.4779854 2.568613
-0.2831272 0.5648515 2.57604
0.3039318 0.5110132 2.545786
0.3250992 0.5314865 2.561713
74
-0.0232041 0.5522487 2.89162
-0.02500813 0.8892258 2.901306
-0.02655236 1.195889 2.926236
-0.02217965 1.343367 2.888346
-0.2010307 1.097014 2.867228
-0.3098096 0.8603638 2.783192
-0.3188156 0.6160716 2.64336
-0.3157065 0.5436921 2.602216
0.1467335 1.0735 2.876849
0.2674395 0.8668923 2.826918
0.3115121 0.632778 2.684614
0.2997875 0.567566 2.595002
-0.1043902 0.5595279 2.858936
-0.1240971 0.1720532 2.887627
-0.1281261 -0.256496 2.937474
-0.1395376 -0.2655244 2.858933
0.06000771 0.5569708 2.849539
0.08905435 0.1677974 2.881828
0.1080268 -0.2590688 2.92569
0.1157991 -0.2670531 2.844625
-0.02728463 1.118591 2.923215
-0.2980348 0.4779854 2.568613
-0.2831272 0.5648515 2.57604
0.3039318 0.5110132 2.545786
0.3250992 0.5314865 2.561713
75
-0.02304922 0.5525693 2.891508
-0.02496776 0.8884999 2.902332
-0.02533252 1.198443 2.921926
-0.02176482 1.342812 2.888237
-0.2043267 1.094932 2.868247
-0.3136743 0.8442738 2.80018
-0.3294486 0.5766765 2.700821
-0.3203318 0.5071181 2.670549
0.1500045 1.074861 2.87757
0.2642899 0.8472896 2.83804
0.3045172 0.5895281 2.725447
0.2978427 0.5189549 2.663897
-0.1040454 0.5599619 2.858565
-0.1240813 0.1717772 2.887695
-0.1281002 -0.2563204 2.937541
-0.1398586 -0.2653882 2.858714
0.05995745 0.5572801 2.849547
0.08909192 0.1678161 2.881908
0.1081194 -0.2591184 2.925724
0.1158121 -0.2670947 2.844665
-0.02634814 1.119857 2.92151
-0.3028346 0.4300207 2.648031
-0.2875182 0.5366579 2.64435
0.3029483 0.4526912 2.627096
0.3196428 0.5082153 2.642337
76
-0.02304922 0.5525693 2.891508
-0.02496776 0.8884999 2.902332
-0.02533252 1.198443 2.921926
-0.02176482 1.342812 2.888237
-0.2043267 1.094932 2.868247
-0.3136743 0.8442738 2.80018
-0.3294486 0.5766765 2.700821
-0.3203318 0.5071181 2.670549
0.1500045 1.074861 2.87757
0.2642899 0.8472896 2.83804
0.3045172 0.5895281 2.725447
0.2978427 0.5189549 2.663897
-0.1040454 0.5599619 2.858565
-0.1240813 0.1717772 2.887695
-0.1281002 -0.2563204 2.937541
-0.1398586 -0.2653882 2.858714
0.05995745 0.5572801 2.849547
0.08909192 0.1678161 2.881908
0.1081194 -0.2591184 2.925724
0.1158121 -0.2670947 2.844665
-0.02634814 1.119857 2.92151
-0.3028346 0.4300207 2.648031
-0.2875182 0.5366579 2.64435
0.3029483 0.4526912 2.627096
0.3196428 0.5082153 2.642337
77
-0.02290358 0.5528665 2.89141
-0.0249379 0.8879708 2.903069
-0.02457358 1.200874 2.917302
-0.02084048 1.342909 2.886772
-0.2067425 1.093713 2.868936
-0.3134305 0.830952 2.820849
-0.3257513 0.5688559 2.746448
-0.3150769 0.4965118 2.729701
0.1531425 1.076553 2.877631
0.261628 0.8321157 2.847132
0.2940916 0.5624287 2.751236
0.2852977 0.4898273 2.718885
-0.1037253 0.560347 2.858249
-0.1240638 0.1715463 2.887751
-0.1280798 -0.2561683 2.937597
-0.1401571 -0.2652724 2.858505
0.05990712 0.5575677 2.849563
0.08912819 0.1678389 2.881986
0.1082035 -0.259152 2.92575
0.115835 -0.2671182 2.844699
-0.02557908 1.121464 2.918927
-0.2966437 0.4215102 2.708574
-0.2804794 0.5141008 2.701939
0.2950152 0.4146579 2.693236
0.3111744 0.5031223 2.699756
78
-0.02290358 0.5528665 2.89141
-0.0249379 0.8879708 2.903069
-0.02457358 1.200874 2.917302
-0.02084048 1.342909 2.886772
-0.2067425 1.093713 2.868936
-0.3134305 0.830952 2.820849
-0.3257513 0.5688559 2.746448
-0.3150769 0.4965118 2.729701
0.1531425 1.076553 2.877631
0.261628 0.8321157 2.847132
0.2940916 0.5624287 2.751236
0.2852977 0.4898273 2.718885
-0.1037253 0.560347 2.858249
-0.1240638 0.1715463 2.887751
-0.1280798 -0.2561683 2.937597
-0.1401571 -0.2652724 2.858505
0.05990712 0.5575677 2.849563
0.08912819 0.1678389 2.881986
0.1082035 -0.259152 2.92575
0.115835 -0.2671182 2.844699
-0.02557908 1.121464 2.918927
-0.2966437 0.4215102 2.708574
-0.2804794 0.5141008 2.701939
0.2950152 0.4146579 2.693236
0.3111744 0.5031223 2.699756
79
-0.02277215 0.5531439 2.891315
-0.02491099 0.8875763 2.903594
-0.02424008 1.202936 2.912382
-0.01972881 1.343381 2.884275
-0.2086568 1.092987 2.869389
-0.310497 0.8216864 2.838722
-0.3220685 0.5575098 2.79673
-0.3064038 0.4898371 2.77844
0.1557829 1.078287 2.877333
0.2576427 0.8161789 2.857061
0.2867286 0.5395828 2.778845
0.2705059 0.4723579 2.761558
-0.1034412 0.5606883 2.857967
-0.1240476 0.1713625 2.887793
-0.128057 -0.2560915 2.937659
-0.1403502 -0.2652202 2.858419
0.05985414 0.5578372 2.849576
0.08917368 0.1678781 2.882064
0.1082903 -0.2591653 2.925781
0.1158626 -0.2671181 2.844782
-0.02506147 1.123084 2.91556
-0.2886538 0.416124 2.757526
-0.2730652 0.5042509 2.744855
0.2753288 0.3960229 2.743766
0.302076 0.4747714 2.751206
80
-0.02277215 0.5531439 2.891315
-0.02491099 0.8875763 2.903594
-0.02424008 1.202936 2.912382
-0.01972881 1.343381 2.884275
-0.2086568 1.092987 2.869389
-0.310497 0.8216864 2.838722
-0.3220685 0.5575098 2.79673
-0.3064038 0.4898371 2.77844
0.1557829 1.078287 2.877333
0.2576427 0.8161789 2.857061
0.2867286 0.5395828 2.778845
0.2705059 0.4723579 2.761558
-0.1034412 0.5606883 2.857967
-0.1240476 0.1713625 2.887793
-0.128057 -0.2560915 2.937659
-0.1403502 -0.2652202 2.858419
0.05985414 0.5578372 2.849576
0.08917368 0.1678781 2.882064
0.1082903 -0.2591653 2.925781
0.1158626 -0.2671181 2.844782
-0.02506147 1.123084 2.91556
-0.2886538 0.416124 2.757526
-0.2730652 0.5042509 2.744855
0.2753288 0.3960229 2.743766
0.302076 0.4747714 2.751206
81
-0.02264413 0.5534164 2.891213
-0.02484545 0.8872781 2.903895
-0.02398897 1.204536 2.907491
-0.01831477 1.344421 2.880114
-0.2101754 1.092671 2.869723
-0.3060796 0.8166547 2.852287
-0.3136005 0.5533746 2.818837
-0.2956931 0.4847119 2.809273
0.1578583 1.079859 2.876794
0.2538729 0.8055512 2.865014
0.2722288 0.533803 2.800253
0.2549494 0.4684961 2.790319
-0.1031588 0.5610216 2.857679
-0.1240327 0.1711883 2.887818
-0.1280354 -0.2560607 2.93773
-0.1404684 -0.2652141 2.858378
0.05980234 0.5580899 2.849586
0.0892348 0.1679287 2.882141
0.1083638 -0.2591851 2.925814
0.1158765 -0.2671237 2.844884
-0.0245983 1.124521 2.911735
-0.2760109 0.4078569 2.799197
-0.2660483 0.4987052 2.777734
0.2589143 0.3974108 2.77936
0.2825066 0.4854439 2.774498
82
-0.02264413 0.5534164 2.891213
-0.02484545 0.8872781 2.903895
-0.02398897 1.204536 2.907491
-0.01831477 1.344421 2.880114
-0.2101754 1.092671 2.869723
-0.3060796 0.8166547 2.852287
-0.3136005 0.5533746 2.818837
-0.2956931 0.4847119 2.809273
0.1578583 1.079859 2.876794
0.2538729 0.8055512 2.865014
0.2722288 0.533803 2.800253
0.2549494 0.4684961 2.790319
-0.1031588 0.5610216 2.857679
-0.1240327 0.1711883 2.887818
-0.1280354 -0.2560607 2.93773
-0.1404684 -0.2652141 2.858378
0.05980234 0.5580899 2.849586
0.0892348 0.1679287 2.882141
0.1083638 -0.2591851 2.925814
0.1158765 -0.2671237 2.844884
-0.0245983 1.124521 2.911735
-0.2760109 0.4078569 2.799197
-0.2660483 0.4987052 2.777734
0.2589143 0.3974108 2.77936
0.2825066 0.4854439 2.774498
83
-0.02251483 0.5536819 2.891113
-0.024758 0.8870596 2.903997
-0.02400433 1.205656 2.903377
-0.01712981 1.345296 2.876538
-0.2113252 1.092626 2.869935
-0.3000689 0.8143978 2.864799
-0.3036168 0.5498136 2.837848
-0.2846519 0.4878861 2.834162
0.159383 1.081199 2.876219
0.2499207 0.7992361 2.871884
0.2588441 0.5252411 2.817389
0.239378 0.4625814 2.816383
-0.1028903 0.5613267 2.857422
-0.12402 0.1710862 2.887835
-0.1280273 -0.2560394 2.937778
-0.1405485 -0.2652076 2.858367
0.05975744 0.5583321 2.849591
0.08930847 0.1679834 2.882221
0.1084317 -0.2591972 2.925853
0.1158938 -0.2671189 2.845025
-0.02437397 1.125633 2.90826
-0.2645838 0.4141588 2.816107
-0.2456395 0.4963092 2.81871
0.2358628 0.3915467 2.809562
0.2722807 0.4664283 2.814878
84
-0.02251483 0.5536819 2.891113
-0.024758 0.8870596 2.903997
-0.02400433 1.205656 2.903377
-0.01712981 1.345296 2.876538
-0.2113252 1.092626 2.869935
-0.3000689 0.8143978 2.864799
-0.3036168 0.5498136 2.837848
-0.2846519 0.4878861 2.834162
0.159383 1.081199 2.876219
0.2499207 0.7992361 2.871884
0.2588441 0.5252411 2.817389
0.239378 0.4625814 2.816383
-0.1028903 0.5613267 2.857422
-0.12402 0.1710862 2.887835
-0.1280273 -0.2560394 2.937778
-0.1405485 -0.2652076 2.858367
0.05975744 0.5583321 2.849591
0.08930847 0.1679834 2.882221
0.1084317 -0.2591972 2.925853
0.1158938 -0.2671189 2.845025
-0.02437397 1.125633 2.90826
-0.2645838 0.4141588 2.816107
-0.2456395 0.4963092 2.81871
0.2358628 0.3915467 2.809562
0.2722807 0.4664283 2.814878
85
-0.02236649 0.553936 2.891007
-0.02463819 0.8868891 2.903883
-0.02417041 1.206393 2.899944
-0.01596886 1.345996 2.87296
-0.2122207 1.092741 2.870096
-0.2946699 0.8132347 2.873545
-0.290307 0.5496124 2.845436
-0.2715467 0.4935555 2.846747
0.1604943 1.082296 2.875642
0.2463194 0.7952975 2.877701
0.2456056 0.5271739 2.825082
0.2240626 0.4609393 2.831764
-0.1025962 0.5616094 2.85717
-0.1240059 0.1709991 2.887837
-0.1280224 -0.2560441 2.937827
-0.1405793 -0.2652241 2.858398
0.05972855 0.5585511 2.849592
0.08940514 0.1679986 2.882308
0.1084835 -0.2591805 2.925883
0.1159008 -0.2670939 2.845057
-0.02430522 1.126431 2.905193
-0.2540953 0.416697 2.830688
-0.2254091 0.5096434 2.829275
0.2156972 0.3921001 2.818917
0.2566165 0.4622348 2.82262
86
-0.02236649 0.553936 2.891007
-0.02463819 0.8868891 2.903883
-0.02417041 1.206393 2.899944
-0.01596886 1.345996 2.87296
-0.2122207 1.092741 2.870096
-0.2946699 0.8132347 2.873545
-0.290307 0.5496124 2.845436
-0.2715467 0.4935555 2.846747
0.1604943 1.082296 2.875642
0.2463194 0.7952975 2.877701
0.2456056 0.5271739 2.825082
0.2240626 0.4609393 2.831764
-0.1025962 0.5616094 2.85717
-0.1240059 0.1709991 2.887837
-0.1280224 -0.2560441 2.937827
-0.1405793 -0.2652241 2.858398
0.05972855 0.5585511 2.849592
0.08940514 0.1679986 2.882308
0.1084835 -0.2591805 2.925883
0.1159008 -0.2670939 2.845057
-0.02430522 1.126431 2.905193
-0.2540953 0.416697 2.830688
-0.2254091 0.5096434 2.829275
0.2156972 0.3921001 2.818917
0.2566165 0.4622348 2.82262
87
-0.02221821 0.5541742 2.890903
-0.02448724 0.8867492 2.903607
-0.02429434 1.206827 2.897359
-0.0151528 1.34646 2.870025
-0.2128927 1.09297 2.870195
-0.2897025 0.8121796 2.880089
-0.2778572 0.5510842 2.846082
-0.2587208 0.5001521 2.848467
0.1612907 1.083134 2.875096
0.2428055 0.7937452 2.882533
0.2344463 0.5295723 2.829476
0.2127554 0.4636857 2.837874
-0.1023203 0.5618594 2.856945
-0.1239914 0.170929 2.887835
-0.1280199 -0.2561181 2.937895
-0.1405932 -0.2653129 2.858446
0.05970846 0.5587545 2.849585
0.08951411 0.1680217 2.882383
0.1085349 -0.2591652 2.92591
0.1158876 -0.2670723 2.845095
-0.02425117 1.126947 2.902761
-0.2441018 0.4203133 2.83797
-0.2152983 0.5141489 2.830964
0.1976176 0.3912927 2.829174
0.2418 0.4604795 2.823613
88
-0.02221821 0.5541742 2.890903
-0.02448724 0.8867492 2.903607
-0.02429434 1.206827 2.897359
-0.0151528 1.34646 2.870025
-0.2128927 1.09297 2.870195
-0.2897025 0.8121796 2.880089
-0.2778572 0.5510842 2.846082
-0.2587208 0.5001521 2.848467
0.1612907 1.083134 2.875096
0.2428055 0.7937452 2.882533
0.2344463 0.5295723 2.829476
0.2127554 0.4636857 2.837874
-0.1023203 0.5618594 2.856945
-0.1239914 0.170929 2.887835
-0.1280199 -0.2561181 2.937895
-0.1405932 -0.2653129 2.858446
0.05970846 0.5587545 2.849585
0.08951411 0.1680217 2.882383
0.1085349 -0.2591652 2.92591
0.1158876 -0.2670723 2.845095
-0.02425117 1.126947 2.902761
-0.2441018 0.4203133 2.83797
-0.2152983 0.5141489 2.830964
0.1976176 0.3912927 2.829174
0.2418 0.4604795 2.823613
89
-0.0220763 0.5543939 2.890804
-0.02433971 0.8866429 2.903244
-0.02444485 1.207097 2.895416
-0.01456078 1.346752 2.867705
-0.2133843 1.09331 2.870251
-0.2861214 0.8117728 2.88437
-0.2634158 0.5706153 2.848065
-0.247963 0.5106847 2.844543
0.1618511 1.083748 2.874552
0.2395999 0.7935424 2.886525
0.22665 0.531415 2.832606
0.2021255 0.4754254 2.839064
-0.1020674 0.5620812 2.856745
-0.123981 0.1708778 2.887828
-0.1280186 -0.2561844 2.937956
-0.1406038 -0.2653944 2.85848
0.05969388 0.5589398 2.849577
0.0896787 0.1681041 2.882463
0.1085626 -0.2591549 2.925934
0.1158748 -0.2670538 2.845121
-0.02426213 1.127295 2.900872
-0.2367074 0.4316549 2.833055
-0.204345 0.5209449 2.821759
0.1885236 0.3982959 2.828851
0.2301504 0.4793548 2.816925
90
-0.0220763 0.5543939 2.890804
-0.02433971 0.8866429 2.903244
-0.02444485 1.207097 2.895416
-0.01456078 1.346752 2.867705
-0.2133843 1.09331 2.870251
-0.2861214 0.8117728 2.88437
-0.2634158 0.5706153 2.848065
-0.247963 0.5106847 2.844543
0.1618511 1.083748 2.874552
0.2395999 0.7935424 2.886525
0.22665 0.531415 2.832606
0.2021255 0.4754254 2.839064
-0.1020674 0.5620812 2.856745
-0.123981 0.1708778 2.887828
-0.1280186 -0.2561844 2.937956
-0.1406038 -0.2653944 2.85848
0.05969388 0.5589398 2.849577
0.0896787 0.1681041 2.882463
0.1085626 -0.2591549 2.925934
0.1158748 -0.2670538 2.845121
-0.02426213 1.127295 2.900872
-0.2367074 0.4316549 2.833055
-0.204345 0.5209449 2.821759
0.1885236 0.3982959 2.828851
0.2301504 0.4793548 2.816925
91
-0.02191433 0.5546349 2.890707
-0.02420776 0.8865812 2.902797
-0.02473985 1.207291 2.893721
-0.01410884 1.346917 2.865918
-0.2137544 1.093694 2.870298
-0.2830859 0.8120691 2.887306
-0.2566328 0.5806369 2.848558
-0.239378 0.5178816 2.840191
0.1622255 1.084243 2.87408
0.2368497 0.7947003 2.889675
0.2210411 0.533753 2.835107
0.1946553 0.485943 2.839523
-0.1018077 0.5623105 2.856555
-0.1239756 0.1708454 2.887806
-0.1280222 -0.2562394 2.937992
-0.1406026 -0.2654612 2.8585
0.05969739 0.5591447 2.849576
0.0898485 0.1681871 2.882542
0.108579 -0.2591587 2.925946
0.1158679 -0.2670465 2.84514
-0.02440331 1.127572 2.899219
-0.2267293 0.4400929 2.824547
-0.1968192 0.5326086 2.810886
0.1829549 0.4071251 2.826374
0.2222939 0.4989153 2.812039
