130
1
-0.05755347 0.5762837 2.839966
-0.06852812 0.8766257 2.811943
-0.07887296 1.171372 2.769485
-0.06635843 1.289602 2.756369
-0.2291922 1.044843 2.765767
-0.2552297 0.7937253 2.791927
-0.2511813 0.5900385 2.760604
-0.2436527 0.5518057 2.762042
0.08444321 1.038296 2.805108
0.1160183 0.8009691 2.845012
0.04149998 0.6772581 2.684828
0.02301509 0.6524456 2.705286
-0.1277396 0.5778283 2.804684
-0.1485295 0.319374 2.813286
-0.1518818 -0.02936743 2.910614
-0.1434884 -0.06109142 2.797232
0.01443326 0.5846798 2.807936
0.03592798 0.3169713 2.818462
-0.0004609451 -0.07240646 2.911448
0.01320756 -0.09599103 2.818036
-0.07625973 1.098367 2.782475
-0.2495016 0.4926405 2.758273
-0.2137762 0.5495408 2.73894
0.03210039 0.5955179 2.732662
-0.01440503 0.663736 2.687307
2
-0.05753292 0.5762962 2.839949
-0.06848359 0.8766567 2.811861
-0.07881103 1.171416 2.769404
-0.06623948 1.289634 2.756218
-0.229173 1.044986 2.765753
-0.2552401 0.7937775 2.791875
-0.2512292 0.590279 2.760508
-0.2436192 0.5520196 2.761848
0.08456466 1.038389 2.805127
0.1159427 0.8009983 2.844955
0.04193294 0.6769629 2.685369
0.02395619 0.6515336 2.706044
-0.1277162 0.5778529 2.804624
-0.1485356 0.3194241 2.813275
-0.1516771 -0.007695621 2.904553
-0.1395286 -0.04249169 2.780271
0.01444787 0.5846909 2.807949
0.03592055 0.3170612 2.818408
-0.000516125 -0.07219906 2.911531
0.01335024 -0.09585293 2.818081
-0.07620874 1.098414 2.782385
-0.2494606 0.4926229 2.758444
-0.213752 0.5497736 2.738745
0.032294 0.5957809 2.732367
-0.01460608 0.6556665 2.689711
3
-0.05753292 0.5762962 2.839949
-0.06848359 0.8766567 2.811861
-0.07881103 1.171416 2.769404
-0.06623948 1.289634 2.756218
-0.229173 1.044986 2.765753
-0.2552401 0.7937775 2.791875
-0.2512292 0.590279 2.760508
-0.2436192 0.5520196 2.761848
0.08456466 1.038389 2.805127
0.1159427 0.8009983 2.844955
0.04193294 0.6769629 2.685369
0.02395619 0.6515336 2.706044
-0.1277162 0.5778529 2.804624
-0.1485356 0.3194241 2.813275
-0.1516771 -0.007695621 2.904553
-0.1395286 -0.04249169 2.780271
0.01444787 0.5846909 2.807949
0.03592055 0.3170612 2.818408
-0.000516125 -0.07219906 2.911531
0.01335024 -0.09585293 2.818081
-0.07620874 1.098414 2.782385
-0.2494606 0.4926229 2.758444
-0.213752 0.5497736 2.738745
0.032294 0.5957809 2.732367
-0.01460608 0.6556665 2.689711
4
-0.05751318 0.5763099 2.839928
-0.06844262 0.8766882 2.811775
-0.07875688 1.171455 2.769326
-0.06612743 1.289667 2.756071
-0.2291607 1.045135 2.765751
-0.2552508 0.793833 2.791825
-0.2512788 0.590502 2.760424
-0.2436262 0.552121 2.761801
0.08468699 1.038472 2.80514
0.115842 0.801139 2.844869
0.04230689 0.6769156 2.685835
0.02463282 0.6508731 2.70661
-0.1276953 0.5778789 2.804553
-0.1485435 0.3194928 2.813255
-0.1519823 -0.03906452 2.913294
-0.1441176 -0.06876067 2.807128
0.01446046 0.5847019 2.807958
0.03591092 0.3171802 2.818318
-0.000547104 -0.07201303 2.91161
0.01346641 -0.09573488 2.818124
-0.07616366 1.098457 2.782299
-0.2493621 0.4925906 2.758215
-0.2137304 0.5497546 2.738568
0.03176092 0.5963922 2.732019
-0.01413055 0.6587338 2.68925
5
-0.05751318 0.5763099 2.839928
-0.06844262 0.8766882 2.811775
-0.07875688 1.171455 2.769326
-0.06612743 1.289667 2.756071
-0.2291607 1.045135 2.765751
-0.2552508 0.793833 2.791825
-0.2512788 0.590502 2.760424
-0.2436262 0.552121 2.761801
0.08468699 1.038472 2.80514
0.115842 0.801139 2.844869
0.04230689 0.6769156 2.685835
0.02463282 0.6508731 2.70661
-0.1276953 0.5778789 2.804553
-0.1485435 0.3194928 2.813255
-0.1519823 -0.03906452 2.913294
-0.1441176 -0.06876067 2.807128
0.01446046 0.5847019 2.807958
0.03591092 0.3171802 2.818318
-0.000547104 -0.07201303 2.91161
0.01346641 -0.09573488 2.818124
-0.07616366 1.098457 2.782299
-0.2493621 0.4925906 2.758215
-0.2137304 0.5497546 2.738568
0.03176092 0.5963922 2.732019
-0.01413055 0.6587338 2.68925
6
-0.05749736 0.5763247 2.839904
-0.0684052 0.8767197 2.811689
-0.07870528 1.171492 2.769253
-0.06602477 1.289695 2.755934
-0.2291514 1.045316 2.765776
-0.2552621 0.793889 2.791783
-0.2513133 0.5906618 2.76035
-0.2436163 0.5521922 2.761749
0.08480474 1.038548 2.80515
0.1157771 0.8013047 2.844828
0.04263165 0.6770948 2.686236
0.02518578 0.6503572 2.707113
-0.1276805 0.577908 2.804475
-0.1485535 0.319567 2.813233
-0.1520776 -0.04862834 2.915949
-0.1480754 -0.07757775 2.812315
0.01446953 0.5847123 2.807966
0.03589262 0.3172645 2.818245
-0.0005725683 -0.07187439 2.911669
0.01354533 -0.09565243 2.818137
-0.07612097 1.098498 2.782215
-0.2492692 0.4925527 2.757944
-0.2137182 0.5497378 2.738477
0.03100095 0.5970283 2.731943
-0.01382151 0.6618814 2.688771
7
-0.05749736 0.5763247 2.839904
-0.0684052 0.8767197 2.811689
-0.07870528 1.171492 2.769253
-0.06602477 1.289695 2.755934
-0.2291514 1.045316 2.765776
-0.2552621 0.793889 2.791783
-0.2513133 0.5906618 2.76035
-0.2436163 0.5521922 2.761749
0.08480474 1.038548 2.80515
0.1157771 0.8013047 2.844828
0.04263165 0.6770948 2.686236
0.02518578 0.6503572 2.707113
-0.1276805 0.577908 2.804475
-0.1485535 0.319567 2.813233
-0.1520776 -0.04862834 2.915949
-0.1480754 -0.07757775 2.812315
0.01446953 0.5847123 2.807966
0.03589262 0.3172645 2.818245
-0.0005725683 -0.07187439 2.911669
0.01354533 -0.09565243 2.818137
-0.07612097 1.098498 2.782215
-0.2492692 0.4925527 2.757944
-0.2137182 0.5497378 2.738477
0.03100095 0.5970283 2.731943
-0.01382151 0.6618814 2.688771
8
-0.05748369 0.5763383 2.839879
-0.06836904 0.8767484 2.811606
-0.07864975 1.171525 2.769182
-0.06593174 1.289717 2.755811
-0.2291411 1.045484 2.765805
-0.2552738 0.7939451 2.791741
-0.251342 0.5908159 2.76028
-0.2435948 0.5522521 2.761704
0.08491534 1.038614 2.805153
0.1157107 0.8015622 2.844793
0.04289037 0.6773647 2.686545
0.02562563 0.6499874 2.707452
-0.1276688 0.5779354 2.804399
-0.1485643 0.3196683 2.813189
-0.1521524 -0.05575911 2.917932
-0.1510485 -0.08403036 2.816639
0.01447619 0.5847197 2.80797
0.03587193 0.3173405 2.818168
-0.0006397367 -0.07225519 2.911895
0.01298403 -0.09486223 2.823232
-0.07607611 1.098535 2.782136
-0.2492298 0.4925195 2.757931
-0.2137108 0.5497824 2.738423
0.03098322 0.5974432 2.731652
-0.01378649 0.6633304 2.68858
9
-0.05748369 0.5763383 2.839879
-0.06836904 0.8767484 2.811606
-0.07864975 1.171525 2.769182
-0.06593174 1.289717 2.755811
-0.2291411 1.045484 2.765805
-0.2552738 0.7939451 2.791741
-0.251342 0.5908159 2.76028
-0.2435948 0.5522521 2.761704
0.08491534 1.038614 2.805153
0.1157107 0.8015622 2.844793
0.04289037 0.6773647 2.686545
0.02562563 0.6499874 2.707452
-0.1276688 0.5779354 2.804399
-0.1485643 0.3196683 2.813189
-0.1521524 -0.05575911 2.917932
-0.1510485 -0.08403036 2.816639
0.01447619 0.5847197 2.80797
0.03587193 0.3173405 2.818168
-0.0006397367 -0.07225519 2.911895
0.01298403 -0.09486223 2.823232
-0.07607611 1.098535 2.782136
-0.2492298 0.4925195 2.757931
-0.2137108 0.5497824 2.738423
0.03098322 0.5974432 2.731652
-0.01378649 0.6633304 2.68858
10
-0.05747082 0.5763518 2.839854
-0.06833509 0.876775 2.811527
-0.07859771 1.171552 2.769121
-0.06584403 1.289732 2.755705
-0.2291386 1.045581 2.765843
-0.2552865 0.7940011 2.791702
-0.25134 0.590901 2.760209
-0.2435914 0.5522907 2.76168
0.08501828 1.038673 2.805154
0.1156206 0.8020357 2.844761
0.04308756 0.6776814 2.686793
0.02601198 0.6496893 2.707787
-0.1276587 0.5779607 2.804326
-0.1485715 0.3197623 2.81315
-0.1521914 -0.05944318 2.918966
-0.1522551 -0.08725359 2.819301
0.0144822 0.5847272 2.807973
0.03585429 0.3174063 2.818098
-0.0006172205 -0.07163569 2.911909
0.01344662 -0.0942782 2.823476
-0.07603386 1.098567 2.782066
-0.2491971 0.4924862 2.757918
-0.2137043 0.549817 2.738399
0.02930454 0.5987447 2.731138
-0.01365337 0.6669666 2.687859
11
-0.05747082 0.5763518 2.839854
-0.06833509 0.876775 2.811527
-0.07859771 1.171552 2.769121
-0.06584403 1.289732 2.755705
-0.2291386 1.045581 2.765843
-0.2552865 0.7940011 2.791702
-0.25134 0.590901 2.760209
-0.2435914 0.5522907 2.76168
0.08501828 1.038673 2.805154
0.1156206 0.8020357 2.844761
0.04308756 0.6776814 2.686793
0.02601198 0.6496893 2.707787
-0.1276587 0.5779607 2.804326
-0.1485715 0.3197623 2.81315
-0.1521914 -0.05944318 2.918966
-0.1522551 -0.08725359 2.819301
0.0144822 0.5847272 2.807973
0.03585429 0.3174063 2.818098
-0.0006172205 -0.07163569 2.911909
0.01344662 -0.0942782 2.823476
-0.07603386 1.098567 2.782066
-0.2491971 0.4924862 2.757918
-0.2137043 0.549817 2.738399
0.02930454 0.5987447 2.731138
-0.01365337 0.6669666 2.687859
12
-0.05746306 0.5763637 2.839828
-0.06830554 0.8768003 2.811453
-0.07854924 1.171578 2.769065
-0.06575259 1.289739 2.755607
-0.2291375 1.045664 2.765883
-0.255299 0.7940598 2.791668
-0.2513352 0.5909826 2.760145
-0.2435753 0.5523538 2.761657
0.08511564 1.038727 2.805151
0.1156702 0.8019094 2.845038
0.04324371 0.6780171 2.686978
0.0263097 0.6494663 2.708
-0.1276563 0.5779845 2.804253
-0.1485774 0.3198512 2.813112
-0.1522476 -0.06448823 2.920385
-0.1544056 -0.09168465 2.822871
0.01448546 0.5847327 2.807975
0.03583609 0.3174663 2.818027
0.002437375 -0.03880757 2.904108
0.01499672 -0.06648307 2.794436
-0.07599491 1.098597 2.782001
-0.2489856 0.4923273 2.758334
-0.2136964 0.5500501 2.738342
0.02802183 0.5996613 2.730345
-0.01357722 0.6690024 2.687341
13
-0.05746306 0.5763637 2.839828
-0.06830554 0.8768003 2.811453
-0.07854924 1.171578 2.769065
-0.06575259 1.289739 2.755607
-0.2291375 1.045664 2.765883
-0.255299 0.7940598 2.791668
-0.2513352 0.5909826 2.760145
-0.2435753 0.5523538 2.761657
0.08511564 1.038727 2.805151
0.1156702 0.8019094 2.845038
0.04324371 0.6780171 2.686978
0.0263097 0.6494663 2.708
-0.1276563 0.5779845 2.804253
-0.1485774 0.3198512 2.813112
-0.1522476 -0.06448823 2.920385
-0.1544056 -0.09168465 2.822871
0.01448546 0.5847327 2.807975
0.03583609 0.3174663 2.818027
0.002437375 -0.03880757 2.904108
0.01499672 -0.06648307 2.794436
-0.07599491 1.098597 2.782001
-0.2489856 0.4923273 2.758334
-0.2136964 0.5500501 2.738342
0.02802183 0.5996613 2.730345
-0.01357722 0.6690024 2.687341
14
-0.05745448 0.5763745 2.839799
-0.06827302 0.8768221 2.811381
-0.07849389 1.1716 2.769016
-0.06566152 1.289738 2.755522
-0.2291347 1.045737 2.765926
-0.2553109 0.7941164 2.791637
-0.2513275 0.5910513 2.760088
-0.2435628 0.5523941 2.761641
0.08520403 1.038775 2.805148
0.1170059 0.8028542 2.847003
0.04336569 0.6783534 2.687104
0.02656314 0.6492892 2.708162
-0.1276529 0.5780056 2.80418
-0.1485779 0.31992 2.813082
-0.1522977 -0.06861466 2.921548
-0.1556721 -0.09517521 2.82629
0.01448852 0.5847373 2.807976
0.03581918 0.3175188 2.817961
0.001895012 -0.04448218 2.905541
0.01178983 -0.07113993 2.799187
-0.0759507 1.098622 2.781942
-0.2489384 0.4922776 2.758386
-0.2136891 0.5502895 2.738284
0.02671115 0.6006267 2.729279
-0.01375831 0.6719766 2.686386
15
-0.05745448 0.5763745 2.839799
-0.06827302 0.8768221 2.811381
-0.07849389 1.1716 2.769016
-0.06566152 1.289738 2.755522
-0.2291347 1.045737 2.765926
-0.2553109 0.7941164 2.791637
-0.2513275 0.5910513 2.760088
-0.2435628 0.5523941 2.761641
0.08520403 1.038775 2.805148
0.1170059 0.8028542 2.847003
0.04336569 0.6783534 2.687104
0.02656314 0.6492892 2.708162
-0.1276529 0.5780056 2.80418
-0.1485779 0.31992 2.813082
-0.1522977 -0.06861466 2.921548
-0.1556721 -0.09517521 2.82629
0.01448852 0.5847373 2.807976
0.03581918 0.3175188 2.817961
0.001895012 -0.04448218 2.905541
0.01178983 -0.07113993 2.799187
-0.0759507 1.098622 2.781942
-0.2489384 0.4922776 2.758386
-0.2136891 0.5502895 2.738284
0.02671115 0.6006267 2.729279
-0.01375831 0.6719766 2.686386
16
-0.0574457 0.5763842 2.839772
-0.06824154 0.8768402 2.811316
-0.07844148 1.171616 2.768974
-0.06556913 1.289728 2.755452
-0.2291261 1.045802 2.765967
-0.2553214 0.7941728 2.791611
-0.2513132 0.5911218 2.760041
-0.2435478 0.552409 2.761641
0.08528695 1.038818 2.805147
0.1176572 0.8034818 2.848199
0.04346541 0.6786883 2.687189
0.02672603 0.6491679 2.708282
-0.127649 0.5780237 2.804111
-0.1485792 0.3200083 2.813051
-0.1523209 -0.07039333 2.922214
-0.1563447 -0.09682033 2.827565
0.01449149 0.5847414 2.807976
0.03580265 0.3175621 2.817898
0.001356796 -0.05018555 2.906972
0.009913913 -0.07602726 2.803591
-0.07590869 1.098641 2.781891
-0.2484213 0.4921942 2.757665
-0.2136833 0.5503825 2.738229
0.02562039 0.6011726 2.728906
-0.01375532 0.6729913 2.686124
17
-0.0574457 0.5763842 2.839772
-0.06824154 0.8768402 2.811316
-0.07844148 1.171616 2.768974
-0.06556913 1.289728 2.755452
-0.2291261 1.045802 2.765967
-0.2553214 0.7941728 2.791611
-0.2513132 0.5911218 2.760041
-0.2435478 0.552409 2.761641
0.08528695 1.038818 2.805147
0.1176572 0.8034818 2.848199
0.04346541 0.6786883 2.687189
0.02672603 0.6491679 2.708282
-0.127649 0.5780237 2.804111
-0.1485792 0.3200083 2.813051
-0.1523209 -0.07039333 2.922214
-0.1563447 -0.09682033 2.827565
0.01449149 0.5847414 2.807976
0.03580265 0.3175621 2.817898
0.001356796 -0.05018555 2.906972
0.009913913 -0.07602726 2.803591
-0.07590869 1.098641 2.781891
-0.2484213 0.4921942 2.757665
-0.2136833 0.5503825 2.738229
0.02562039 0.6011726 2.728906
-0.01375532 0.6729913 2.686124
18
-0.05743767 0.5763932 2.839745
-0.06821127 0.8768567 2.811255
-0.07838606 1.171631 2.768938
-0.06548011 1.289718 2.755394
-0.2291046 1.045878 2.766017
-0.2553282 0.7942177 2.791591
-0.251296 0.5911846 2.76
-0.2435403 0.5524195 2.76164
0.08536409 1.038857 2.805146
0.1179915 0.8037474 2.848818
0.04358016 0.6789386 2.687253
0.02690036 0.6490385 2.708439
-0.1276458 0.5780402 2.804045
-0.1485821 0.3200758 2.813033
-0.1523331 -0.07107943 2.922535
-0.1564441 -0.09741338 2.828326
0.01449388 0.584745 2.807976
0.03578754 0.3175982 2.81785
0.000674577 -0.05750335 2.908763
0.008598622 -0.08215463 2.810113
-0.07586542 1.098659 2.781846
-0.2482988 0.4921251 2.757583
-0.2136806 0.5504343 2.738207
0.02550542 0.6012778 2.728829
-0.01376569 0.6737114 2.685935
19
-0.05743767 0.5763932 2.839745
-0.06821127 0.8768567 2.811255
-0.07838606 1.171631 2.768938
-0.06548011 1.289718 2.755394
-0.2291046 1.045878 2.766017
-0.2553282 0.7942177 2.791591
-0.251296 0.5911846 2.76
-0.2435403 0.5524195 2.76164
0.08536409 1.038857 2.805146
0.1179915 0.8037474 2.848818
0.04358016 0.6789386 2.687253
0.02690036 0.6490385 2.708439
-0.1276458 0.5780402 2.804045
-0.1485821 0.3200758 2.813033
-0.1523331 -0.07107943 2.922535
-0.1564441 -0.09741338 2.828326
0.01449388 0.584745 2.807976
0.03578754 0.3175982 2.81785
0.000674577 -0.05750335 2.908763
0.008598622 -0.08215463 2.810113
-0.07586542 1.098659 2.781846
-0.2482988 0.4921251 2.757583
-0.2136806 0.5504343 2.738207
0.02550542 0.6012778 2.728829
-0.01376569 0.6737114 2.685935
20
-0.0574296 0.5764012 2.839718
-0.06818251 0.8768713 2.8112
-0.0783331 1.171644 2.768907
-0.06539475 1.289705 2.755342
-0.2290752 1.045959 2.766068
-0.2553312 0.7942662 2.791574
-0.251268 0.5912244 2.759972
-0.2435551 0.5525338 2.761639
0.08543526 1.038893 2.805145
0.1182291 0.8039337 2.849291
0.04367659 0.6791574 2.687295
0.02702465 0.6489472 2.708527
-0.1276421 0.5780553 2.803982
-0.1485838 0.3201258 2.813021
-0.1523346 -0.07018103 2.922368
-0.1552131 -0.09663001 2.827861
0.01449598 0.5847478 2.807976
0.0357755 0.31762 2.817808
0.0004469813 -0.06001679 2.909381
0.009643637 -0.08486088 2.810475
-0.07582408 1.098675 2.781805
-0.2482235 0.4920852 2.757344
-0.2136753 0.5504626 2.73815
0.0247728 0.6017005 2.728414
-0.01382192 0.6743713 2.685792
21
-0.0574296 0.5764012 2.839718
-0.06818251 0.8768713 2.8112
-0.0783331 1.171644 2.768907
-0.06539475 1.289705 2.755342
-0.2290752 1.045959 2.766068
-0.2553312 0.7942662 2.791574
-0.251268 0.5912244 2.759972
-0.2435551 0.5525338 2.761639
0.08543526 1.038893 2.805145
0.1182291 0.8039337 2.849291
0.04367659 0.6791574 2.687295
0.02702465 0.6489472 2.708527
-0.1276421 0.5780553 2.803982
-0.1485838 0.3201258 2.813021
-0.1523346 -0.07018103 2.922368
-0.1552131 -0.09663001 2.827861
0.01449598 0.5847478 2.807976
0.0357755 0.31762 2.817808
0.0004469813 -0.06001679 2.909381
0.009643637 -0.08486088 2.810475
-0.07582408 1.098675 2.781805
-0.2482235 0.4920852 2.757344
-0.2136753 0.5504626 2.73815
0.0247728 0.6017005 2.728414
-0.01382192 0.6743713 2.685792
22
-0.05742009 0.5764078 2.839694
-0.06815445 0.8768846 2.811149
-0.07828261 1.171657 2.76888
-0.06530312 1.289694 2.755297
-0.2290393 1.046031 2.766109
-0.2553307 0.794305 2.791562
-0.2511946 0.5911818 2.759928
-0.2434652 0.5523926 2.761615
0.08549406 1.038925 2.805141
0.1183863 0.8040841 2.849721
0.04375277 0.6793551 2.687324
0.02715207 0.6488788 2.708604
-0.1276357 0.5780654 2.803931
-0.1485835 0.32017 2.813011
-0.1519403 -0.02831326 2.910708
-0.1451575 -0.05989272 2.798297
0.01449873 0.5847506 2.807975
0.03577208 0.3176399 2.817769
6.695092E-05 -0.06490409 2.910572
0.01063326 -0.08810853 2.818987
-0.0757845 1.09869 2.78177
-0.2479164 0.4920101 2.757001
-0.2136756 0.5503323 2.738176
0.02472209 0.6017312 2.728224
-0.01384252 0.6747743 2.685687
23
-0.05742009 0.5764078 2.839694
-0.06815445 0.8768846 2.811149
-0.07828261 1.171657 2.76888
-0.06530312 1.289694 2.755297
-0.2290393 1.046031 2.766109
-0.2553307 0.794305 2.791562
-0.2511946 0.5911818 2.759928
-0.2434652 0.5523926 2.761615
0.08549406 1.038925 2.805141
0.1183863 0.8040841 2.849721
0.04375277 0.6793551 2.687324
0.02715207 0.6488788 2.708604
-0.1276357 0.5780654 2.803931
-0.1485835 0.32017 2.813011
-0.1519403 -0.02831326 2.910708
-0.1451575 -0.05989272 2.798297
0.01449873 0.5847506 2.807975
0.03577208 0.3176399 2.817769
6.695092E-05 -0.06490409 2.910572
0.01063326 -0.08810853 2.818987
-0.0757845 1.09869 2.78177
-0.2479164 0.4920101 2.757001
-0.2136756 0.5503323 2.738176
0.02472209 0.6017312 2.728224
-0.01384252 0.6747743 2.685687
24
-0.0574096 0.5764133 2.839669
-0.0681263 0.8768967 2.811101
-0.07823162 1.171669 2.768857
-0.06521535 1.289682 2.755256
-0.2289909 1.0461 2.766152
-0.2553249 0.7943347 2.791557
-0.251147 0.5911786 2.759898
-0.243376 0.5520093 2.761697
0.08552732 1.038949 2.805132
0.1179453 0.8050597 2.851807
0.07690663 0.6532795 2.717528
0.08382451 0.6189215 2.748624
-0.1276291 0.5780739 2.803884
-0.1485819 0.3202035 2.813007
-0.1519715 -0.03068265 2.911416
-0.1454708 -0.06294978 2.796588
0.01450359 0.5847524 2.807972
0.03577132 0.3176522 2.817733
2.985587E-05 -0.06643932 2.910971
0.01144846 -0.0893595 2.820929
-0.07574461 1.098704 2.781738
-0.2476107 0.4919429 2.756644
-0.2127811 0.5490893 2.737942
0.08804744 0.5662442 2.752679
0.0432278 0.6168724 2.714909
25
-0.0574096 0.5764133 2.839669
-0.0681263 0.8768967 2.811101
-0.07823162 1.171669 2.768857
-0.06521535 1.289682 2.755256
-0.2289909 1.0461 2.766152
-0.2553249 0.7943347 2.791557
-0.251147 0.5911786 2.759898
-0.243376 0.5520093 2.761697
0.08552732 1.038949 2.805132
0.1179453 0.8050597 2.851807
0.07690663 0.6532795 2.717528
0.08382451 0.6189215 2.748624
-0.1276291 0.5780739 2.803884
-0.1485819 0.3202035 2.813007
-0.1519715 -0.03068265 2.911416
-0.1454708 -0.06294978 2.796588
0.01450359 0.5847524 2.807972
0.03577132 0.3176522 2.817733
2.985587E-05 -0.06643932 2.910971
0.01144846 -0.0893595 2.820929
-0.07574461 1.098704 2.781738
-0.2476107 0.4919429 2.756644
-0.2127811 0.5490893 2.737942
0.08804744 0.5662442 2.752679
0.0432278 0.6168724 2.714909
26
-0.05739921 0.5764186 2.839644
-0.06808873 0.8769013 2.811035
-0.07812732 1.171641 2.76877
-0.06512678 1.28968 2.755219
-0.2289373 1.046169 2.766201
-0.2553185 0.7943606 2.791554
-0.251084 0.5912098 2.75985
-0.2431839 0.5517694 2.761578
0.08551516 1.039001 2.805109
0.1169772 0.8070219 2.854687
0.08857758 0.6443389 2.72813
0.1207264 0.6149827 2.762572
-0.1276229 0.5780817 2.80384
-0.1485813 0.3202218 2.813007
-0.1520935 -0.04242821 2.91474
-0.1457269 -0.07389436 2.802792
0.01450899 0.5847541 2.807967
0.03577104 0.3176556 2.817698
0.0001043072 -0.06748925 2.911295
0.01198643 -0.09023612 2.822222
-0.07566795 1.098692 2.781655
-0.2475718 0.4918608 2.756691
-0.2121502 0.5481786 2.737589
0.1395845 0.5757924 2.726264
0.07951128 0.5892891 2.73182
27
-0.05739921 0.5764186 2.839644
-0.06808873 0.8769013 2.811035
-0.07812732 1.171641 2.76877
-0.06512678 1.28968 2.755219
-0.2289373 1.046169 2.766201
-0.2553185 0.7943606 2.791554
-0.251084 0.5912098 2.75985
-0.2431839 0.5517694 2.761578
0.08551516 1.039001 2.805109
0.1169772 0.8070219 2.854687
0.08857758 0.6443389 2.72813
0.1207264 0.6149827 2.762572
-0.1276229 0.5780817 2.80384
-0.1485813 0.3202218 2.813007
-0.1520935 -0.04242821 2.91474
-0.1457269 -0.07389436 2.802792
0.01450899 0.5847541 2.807967
0.03577104 0.3176556 2.817698
0.0001043072 -0.06748925 2.911295
0.01198643 -0.09023612 2.822222
-0.07566795 1.098692 2.781655
-0.2475718 0.4918608 2.756691
-0.2121502 0.5481786 2.737589
0.1395845 0.5757924 2.726264
0.07951128 0.5892891 2.73182
28
-0.05739214 0.5764245 2.839614
-0.06805108 0.8769043 2.810969
-0.0780027 1.171607 2.768687
-0.06504668 1.289671 2.755187
-0.228876 1.046246 2.766259
-0.2553065 0.7943829 2.791553
-0.2510164 0.5912549 2.759798
-0.2430251 0.5516227 2.761488
0.08540274 1.039088 2.805063
0.1159207 0.8093085 2.857513
0.09994704 0.6244489 2.71243
0.109618 0.5516704 2.648106
-0.1276212 0.578091 2.803794
-0.1485806 0.3202353 2.813009
-0.1522402 -0.05695849 2.918835
-0.1499292 -0.08663126 2.813153
0.01451272 0.5847554 2.807957
0.03576482 0.3176595 2.817658
0.0001610587 -0.06860013 2.911611
0.01214362 -0.0911025 2.823639
-0.07558008 1.098675 2.781574
-0.2471853 0.4917221 2.756644
-0.2118912 0.547915 2.737485
0.1523841 0.5318905 2.618825
0.08435693 0.5213509 2.65305
29
-0.05739214 0.5764245 2.839614
-0.06805108 0.8769043 2.810969
-0.0780027 1.171607 2.768687
-0.06504668 1.289671 2.755187
-0.228876 1.046246 2.766259
-0.2553065 0.7943829 2.791553
-0.2510164 0.5912549 2.759798
-0.2430251 0.5516227 2.761488
0.08540274 1.039088 2.805063
0.1159207 0.8093085 2.857513
0.09994704 0.6244489 2.71243
0.109618 0.5516704 2.648106
-0.1276212 0.578091 2.803794
-0.1485806 0.3202353 2.813009
-0.1522402 -0.05695849 2.918835
-0.1499292 -0.08663126 2.813153
0.01451272 0.5847554 2.807957
0.03576482 0.3176595 2.817658
0.0001610587 -0.06860013 2.911611
0.01214362 -0.0911025 2.823639
-0.07558008 1.098675 2.781574
-0.2471853 0.4917221 2.756644
-0.2118912 0.547915 2.737485
0.1523841 0.5318905 2.618825
0.08435693 0.5213509 2.65305
30
-0.05739249 0.5764329 2.839572
-0.0680143 0.8769065 2.810902
-0.0778743 1.171571 2.768605
-0.06497291 1.289662 2.755158
-0.2287871 1.046351 2.766371
-0.2552912 0.794393 2.791555
-0.2509497 0.5912985 2.759749
-0.2427296 0.5512934 2.761489
0.0851841 1.039232 2.805031
0.1143768 0.8117723 2.856142
0.06787807 0.6553777 2.696371
0.03872385 0.623341 2.688075
-0.127628 0.5781038 2.803743
-0.1485806 0.3202443 2.813015
-0.1524324 -0.07631947 2.924287
-0.1542796 -0.1003023 2.83875
0.01451022 0.5847576 2.80793
0.03574943 0.317654 2.817609
0.0001786286 -0.06974313 2.911901
0.01227918 -0.09206501 2.824756
-0.07549046 1.098656 2.781493
-0.2468028 0.4915676 2.756707
-0.2105798 0.5424975 2.738495
0.01109373 0.6192896 2.67351
-0.007984572 0.6412902 2.677235
31
-0.05739249 0.5764329 2.839572
-0.0680143 0.8769065 2.810902
-0.0778743 1.171571 2.768605
-0.06497291 1.289662 2.755158
-0.2287871 1.046351 2.766371
-0.2552912 0.794393 2.791555
-0.2509497 0.5912985 2.759749
-0.2427296 0.5512934 2.761489
0.0851841 1.039232 2.805031
0.1143768 0.8117723 2.856142
0.06787807 0.6553777 2.696371
0.03872385 0.623341 2.688075
-0.127628 0.5781038 2.803743
-0.1485806 0.3202443 2.813015
-0.1524324 -0.07631947 2.924287
-0.1542796 -0.1003023 2.83875
0.01451022 0.5847576 2.80793
0.03574943 0.317654 2.817609
0.0001786286 -0.06974313 2.911901
0.01227918 -0.09206501 2.824756
-0.07549046 1.098656 2.781493
-0.2468028 0.4915676 2.756707
-0.2105798 0.5424975 2.738495
0.01109373 0.6192896 2.67351
-0.007984572 0.6412902 2.677235
32
-0.05740522 0.576445 2.839503
-0.06798121 0.8769083 2.810836
-0.07775763 1.171537 2.768534
-0.06490411 1.289654 2.755133
-0.2286979 1.046448 2.766486
-0.2552604 0.7943845 2.791563
-0.2508907 0.5913225 2.759692
-0.2424453 0.5509093 2.76136
0.08473407 1.039567 2.805005
0.1137474 0.8140628 2.854977
0.05112303 0.6719509 2.688005
0.02296419 0.629755 2.67882
-0.1276508 0.5781221 2.803668
-0.14858 0.3202532 2.813018
-0.1525029 -0.0831597 2.92622
-0.1551272 -0.1050723 2.84804
0.01449791 0.5847613 2.807875
0.0357267 0.3177721 2.817412
0.0002241642 -0.07052404 2.912124
0.01235578 -0.09274157 2.825584
-0.07540755 1.098638 2.78142
-0.2464143 0.4913855 2.756912
-0.2101389 0.541545 2.738609
-0.01316886 0.6243851 2.662216
-0.01825462 0.647791 2.66619
33
-0.05740522 0.576445 2.839503
-0.06798121 0.8769083 2.810836
-0.07775763 1.171537 2.768534
-0.06490411 1.289654 2.755133
-0.2286979 1.046448 2.766486
-0.2552604 0.7943845 2.791563
-0.2508907 0.5913225 2.759692
-0.2424453 0.5509093 2.76136
0.08473407 1.039567 2.805005
0.1137474 0.8140628 2.854977
0.05112303 0.6719509 2.688005
0.02296419 0.629755 2.67882
-0.1276508 0.5781221 2.803668
-0.14858 0.3202532 2.813018
-0.1525029 -0.0831597 2.92622
-0.1551272 -0.1050723 2.84804
0.01449791 0.5847613 2.807875
0.0357267 0.3177721 2.817412
0.0002241642 -0.07052404 2.912124
0.01235578 -0.09274157 2.825584
-0.07540755 1.098638 2.78142
-0.2464143 0.4913855 2.756912
-0.2101389 0.541545 2.738609
-0.01316886 0.6243851 2.662216
-0.01825462 0.647791 2.66619
34
-0.05744773 0.5764615 2.839387
-0.06795367 0.8769096 2.810768
-0.07765218 1.171507 2.768474
-0.06483693 1.289646 2.755113
-0.2286094 1.046541 2.766603
-0.2552193 0.7943642 2.791577
-0.2508292 0.5913394 2.759638
-0.2422989 0.5505762 2.761366
0.08427691 1.03993 2.805049
0.1130063 0.8159806 2.850258
0.1148763 0.8176256 2.706368
0.1170898 0.8427811 2.662055
-0.1277082 0.5781474 2.80356
-0.14858 0.3202606 2.81302
-0.152534 -0.08601885 2.927031
-0.1553299 -0.1072276 2.851357
0.01445834 0.5847656 2.807758
0.03566191 0.3179167 2.817127
0.0002764217 -0.07080747 2.912214
0.01360223 -0.09427268 2.821244
-0.0753318 1.09862 2.781353
-0.2465696 0.4912169 2.757051
-0.2097338 0.5409339 2.738511
0.1261452 0.8515728 2.63463
0.1263515 0.8354362 2.622689
35
-0.05744773 0.5764615 2.839387
-0.06795367 0.8769096 2.810768
-0.07765218 1.171507 2.768474
-0.06483693 1.289646 2.755113
-0.2286094 1.046541 2.766603
-0.2552193 0.7943642 2.791577
-0.2508292 0.5913394 2.759638
-0.2422989 0.5505762 2.761366
0.08427691 1.03993 2.805049
0.1130063 0.8159806 2.850258
0.1148763 0.8176256 2.706368
0.1170898 0.8427811 2.662055
-0.1277082 0.5781474 2.80356
-0.14858 0.3202606 2.81302
-0.152534 -0.08601885 2.927031
-0.1553299 -0.1072276 2.851357
0.01445834 0.5847656 2.807758
0.03566191 0.3179167 2.817127
0.0002764217 -0.07080747 2.912214
0.01360223 -0.09427268 2.821244
-0.0753318 1.09862 2.781353
-0.2465696 0.4912169 2.757051
-0.2097338 0.5409339 2.738511
0.1261452 0.8515728 2.63463
0.1263515 0.8354362 2.622689
36
-0.05754089 0.5764839 2.839185
-0.06793059 0.8769118 2.810699
-0.07755758 1.171484 2.768431
-0.06477458 1.289638 2.755094
-0.2285395 1.046606 2.766754
-0.2551751 0.7943501 2.791606
-0.2507726 0.5913641 2.759594
-0.2419916 0.550283 2.761375
0.08384443 1.04031 2.805127
0.1120602 0.8107519 2.831451
0.1267377 0.8889208 2.694721
0.1195367 0.9308129 2.648908
-0.1278199 0.5781846 2.803399
-0.1485886 0.3202527 2.813033
-0.1525188 -0.08443106 2.926591
-0.1545726 -0.1064065 2.848206
0.01436809 0.5847665 2.807508
0.03556681 0.3181307 2.816751
0.0003601466 -0.07109965 2.912107
0.01381452 -0.09508981 2.819149
-0.07526397 1.098607 2.781297
-0.2464784 0.4911417 2.757099
-0.2092061 0.5409938 2.738465
0.1194246 0.9504526 2.626686
0.1369618 0.9265316 2.605556
37
-0.05754089 0.5764839 2.839185
-0.06793059 0.8769118 2.810699
-0.07755758 1.171484 2.768431
-0.06477458 1.289638 2.755094
-0.2285395 1.046606 2.766754
-0.2551751 0.7943501 2.791606
-0.2507726 0.5913641 2.759594
-0.2419916 0.550283 2.761375
0.08384443 1.04031 2.805127
0.1120602 0.8107519 2.831451
0.1267377 0.8889208 2.694721
0.1195367 0.9308129 2.648908
-0.1278199 0.5781846 2.803399
-0.1485886 0.3202527 2.813033
-0.1525188 -0.08443106 2.926591
-0.1545726 -0.1064065 2.848206
0.01436809 0.5847665 2.807508
0.03556681 0.3181307 2.816751
0.0003601466 -0.07109965 2.912107
0.01381452 -0.09508981 2.819149
-0.07526397 1.098607 2.781297
-0.2464784 0.4911417 2.757099
-0.2092061 0.5409938 2.738465
0.1194246 0.9504526 2.626686
0.1369618 0.9265316 2.605556
38
-0.05765356 0.5765073 2.838971
-0.06791063 0.8769132 2.810636
-0.07745331 1.171457 2.768414
-0.06470763 1.289622 2.755084
-0.2284839 1.046659 2.766971
-0.2551085 0.7943156 2.791695
-0.2507229 0.5913809 2.759566
-0.2416437 0.5501734 2.761586
0.08348446 1.040611 2.805064
0.1233202 0.8315609 2.805607
0.1437658 0.9990596 2.660777
0.1400606 1.033976 2.631256
-0.1279613 0.5782285 2.803224
-0.1485978 0.3202424 2.813049
-0.1524934 -0.0817194 2.925834
-0.1543802 -0.1049648 2.842923
0.01426509 0.584765 2.807247
0.03546251 0.3183913 2.816282
0.0004983926 -0.07072775 2.911951
0.01399946 -0.09505374 2.817944
-0.07519694 1.098592 2.781259
-0.2463918 0.4908919 2.758367
-0.2089273 0.5406272 2.738439
0.1440349 1.058151 2.603177
0.1696033 1.026246 2.58968
39
-0.05765356 0.5765073 2.838971
-0.06791063 0.8769132 2.810636
-0.07745331 1.171457 2.768414
-0.06470763 1.289622 2.755084
-0.2284839 1.046659 2.766971
-0.2551085 0.7943156 2.791695
-0.2507229 0.5913809 2.759566
-0.2416437 0.5501734 2.761586
0.08348446 1.040611 2.805064
0.1233202 0.8315609 2.805607
0.1437658 0.9990596 2.660777
0.1400606 1.033976 2.631256
-0.1279613 0.5782285 2.803224
-0.1485978 0.3202424 2.813049
-0.1524934 -0.0817194 2.925834
-0.1543802 -0.1049648 2.842923
0.01426509 0.584765 2.807247
0.03546251 0.3183913 2.816282
0.0004983926 -0.07072775 2.911951
0.01399946 -0.09505374 2.817944
-0.07519694 1.098592 2.781259
-0.2463918 0.4908919 2.758367
-0.2089273 0.5406272 2.738439
0.1440349 1.058151 2.603177
0.1696033 1.026246 2.58968
40
-0.05779291 0.5765173 2.838723
-0.06789155 0.876912 2.810574
-0.0773199 1.171423 2.768417
-0.06466375 1.289609 2.755077
-0.2284454 1.0467 2.767249
-0.2550296 0.7942931 2.791824
-0.2506793 0.5914037 2.75956
-0.2414433 0.5500335 2.76197
0.08320995 1.040713 2.804816
0.1438948 0.8477954 2.769176
0.1465697 1.014621 2.655242
0.1358377 1.073932 2.616547
-0.1281246 0.578264 2.803039
-0.148607 0.3202267 2.813066
-0.1524138 -0.07337546 2.923495
-0.1503593 -0.0987793 2.833019
0.01413023 0.5847409 2.806913
0.03530377 0.3185736 2.815782
0.0006484822 -0.07052469 2.911665
0.01412749 -0.09506498 2.816952
-0.07511812 1.098572 2.78123
-0.2464839 0.4904236 2.760617
-0.2086627 0.54062 2.738396
0.1404221 1.106221 2.582595
0.1658947 1.067369 2.570143
41
-0.05779291 0.5765173 2.838723
-0.06789155 0.876912 2.810574
-0.0773199 1.171423 2.768417
-0.06466375 1.289609 2.755077
-0.2284454 1.0467 2.767249
-0.2550296 0.7942931 2.791824
-0.2506793 0.5914037 2.75956
-0.2414433 0.5500335 2.76197
0.08320995 1.040713 2.804816
0.1438948 0.8477954 2.769176
0.1465697 1.014621 2.655242
0.1358377 1.073932 2.616547
-0.1281246 0.578264 2.803039
-0.148607 0.3202267 2.813066
-0.1524138 -0.07337546 2.923495
-0.1503593 -0.0987793 2.833019
0.01413023 0.5847409 2.806913
0.03530377 0.3185736 2.815782
0.0006484822 -0.07052469 2.911665
0.01412749 -0.09506498 2.816952
-0.07511812 1.098572 2.78123
-0.2464839 0.4904236 2.760617
-0.2086627 0.54062 2.738396
0.1404221 1.106221 2.582595
0.1658947 1.067369 2.570143
42
-0.05797174 0.576514 2.838473
-0.06788137 0.8769063 2.810523
-0.07719364 1.17138 2.768444
-0.06464168 1.289602 2.755075
-0.2284122 1.046733 2.767622
-0.2548707 0.7973209 2.792176
-0.2505941 0.5914989 2.759591
-0.2411143 0.5500517 2.762333
0.08287334 1.040508 2.804176
0.1560653 0.8551063 2.749228
0.1410482 1.064863 2.63737
0.1305281 1.11017 2.590836
-0.1283424 0.5782948 2.80287
-0.148615 0.3202143 2.813082
-0.1523804 -0.06951465 2.922423
-0.149918 -0.09593064 2.828352
0.01395598 0.5846921 2.806553
0.0351051 0.3187986 2.815253
0.0007785959 -0.06999635 2.911522
0.01435915 -0.09481633 2.816125
-0.0750493 1.098548 2.781216
-0.2464134 0.4903218 2.761135
-0.2088915 0.5389733 2.739307
0.1208279 1.152413 2.545229
0.1589494 1.104814 2.542282
43
-0.05797174 0.576514 2.838473
-0.06788137 0.8769063 2.810523
-0.07719364 1.17138 2.768444
-0.06464168 1.289602 2.755075
-0.2284122 1.046733 2.767622
-0.2548707 0.7973209 2.792176
-0.2505941 0.5914989 2.759591
-0.2411143 0.5500517 2.762333
0.08287334 1.040508 2.804176
0.1560653 0.8551063 2.749228
0.1410482 1.064863 2.63737
0.1305281 1.11017 2.590836
-0.1283424 0.5782948 2.80287
-0.148615 0.3202143 2.813082
-0.1523804 -0.06951465 2.922423
-0.149918 -0.09593064 2.828352
0.01395598 0.5846921 2.806553
0.0351051 0.3187986 2.815253
0.0007785959 -0.06999635 2.911522
0.01435915 -0.09481633 2.816125
-0.0750493 1.098548 2.781216
-0.2464134 0.4903218 2.761135
-0.2088915 0.5389733 2.739307
0.1208279 1.152413 2.545229
0.1589494 1.104814 2.542282
44
-0.05815328 0.5765104 2.838234
-0.06787909 0.876901 2.810485
-0.07709818 1.171329 2.768538
-0.06464099 1.289595 2.755095
-0.2284457 1.046681 2.768299
-0.2546641 0.7989239 2.79289
-0.2505021 0.5916165 2.759636
-0.2408079 0.5500506 2.762579
0.08247146 1.040062 2.803133
0.1713209 0.8803328 2.687225
0.1280094 1.112756 2.619172
0.1207388 1.125917 2.575004
-0.1285751 0.5783296 2.802718
-0.1486192 0.3202077 2.813098
-0.1523684 -0.06745545 2.921872
-0.1498024 -0.09436261 2.826065
0.01378285 0.5846428 2.806203
0.03492337 0.3190047 2.81476
0.0009360071 -0.06900412 2.911276
0.01489923 -0.09418535 2.814961
-0.07500192 1.098522 2.781235
-0.2463592 0.4902387 2.761437
-0.2087094 0.5390598 2.739544
0.1052798 1.167232 2.525239
0.141412 1.137377 2.517106
45
-0.05815328 0.5765104 2.838234
-0.06787909 0.876901 2.810485
-0.07709818 1.171329 2.768538
-0.06464099 1.289595 2.755095
-0.2284457 1.046681 2.768299
-0.2546641 0.7989239 2.79289
-0.2505021 0.5916165 2.759636
-0.2408079 0.5500506 2.762579
0.08247146 1.040062 2.803133
0.1713209 0.8803328 2.687225
0.1280094 1.112756 2.619172
0.1207388 1.125917 2.575004
-0.1285751 0.5783296 2.802718
-0.1486192 0.3202077 2.813098
-0.1523684 -0.06745545 2.921872
-0.1498024 -0.09436261 2.826065
0.01378285 0.5846428 2.806203
0.03492337 0.3190047 2.81476
0.0009360071 -0.06900412 2.911276
0.01489923 -0.09418535 2.814961
-0.07500192 1.098522 2.781235
-0.2463592 0.4902387 2.761437
-0.2087094 0.5390598 2.739544
0.1052798 1.167232 2.525239
0.141412 1.137377 2.517106
46
-0.05834826 0.5765209 2.837999
-0.06788019 0.8768967 2.810453
-0.07700676 1.171277 2.768669
-0.0646903 1.289594 2.755161
-0.2285019 1.046626 2.769137
-0.254401 0.7999201 2.793676
-0.2504035 0.5917482 2.759697
-0.2405899 0.550014 2.762769
0.08001975 1.039482 2.79656
0.1818703 0.9009364 2.642571
0.123716 1.117069 2.575096
0.1108258 1.166719 2.532265
-0.1288466 0.5783939 2.80258
-0.1486152 0.3202004 2.81312
-0.1523642 -0.0660395 2.9215
-0.1497274 -0.09328227 2.824505
0.01360315 0.5846045 2.805843
0.03478083 0.3192428 2.814307
0.001063228 -0.06868023 2.911036
0.01494626 -0.09403558 2.814189
-0.07495816 1.098495 2.781272
-0.2462187 0.4901444 2.761618
-0.2082605 0.5408916 2.739869
0.0880773 1.206573 2.482047
0.131909 1.176187 2.474771
47
-0.05834826 0.5765209 2.837999
-0.06788019 0.8768967 2.810453
-0.07700676 1.171277 2.768669
-0.0646903 1.289594 2.755161
-0.2285019 1.046626 2.769137
-0.254401 0.7999201 2.793676
-0.2504035 0.5917482 2.759697
-0.2405899 0.550014 2.762769
0.08001975 1.039482 2.79656
0.1818703 0.9009364 2.642571
0.123716 1.117069 2.575096
0.1108258 1.166719 2.532265
-0.1288466 0.5783939 2.80258
-0.1486152 0.3202004 2.81312
-0.1523642 -0.0660395 2.9215
-0.1497274 -0.09328227 2.824505
0.01360315 0.5846045 2.805843
0.03478083 0.3192428 2.814307
0.001063228 -0.06868023 2.911036
0.01494626 -0.09403558 2.814189
-0.07495816 1.098495 2.781272
-0.2462187 0.4901444 2.761618
-0.2082605 0.5408916 2.739869
0.0880773 1.206573 2.482047
0.131909 1.176187 2.474771
48
-0.05859236 0.5766295 2.837739
-0.06788853 0.8769089 2.810426
-0.07691723 1.17126 2.768846
-0.06482626 1.289646 2.755288
-0.2286314 1.046765 2.770862
-0.2544695 0.8037089 2.794788
-0.2503059 0.5918819 2.759759
-0.2403178 0.5500156 2.762883
0.07846069 1.039037 2.792171
0.1848165 0.9419443 2.595867
0.1110949 1.146312 2.52259
0.09218858 1.186723 2.488355
-0.1292254 0.5786165 2.802452
-0.1485884 0.3202193 2.813143
-0.1523708 -0.06549031 2.921373
-0.1501817 -0.0927518 2.824296
0.01340104 0.5846474 2.805438
0.0347342 0.3196166 2.813819
0.001068157 -0.06956277 2.911102
0.01423414 -0.09439883 2.816303
-0.07491641 1.098492 2.781337
-0.2452957 0.4900577 2.761794
-0.2081413 0.5411408 2.740003
0.07116818 1.225222 2.44349
0.115534 1.19214 2.439335
49
-0.05859236 0.5766295 2.837739
-0.06788853 0.8769089 2.810426
-0.07691723 1.17126 2.768846
-0.06482626 1.289646 2.755288
-0.2286314 1.046765 2.770862
-0.2544695 0.8037089 2.794788
-0.2503059 0.5918819 2.759759
-0.2403178 0.5500156 2.762883
0.07846069 1.039037 2.792171
0.1848165 0.9419443 2.595867
0.1110949 1.146312 2.52259
0.09218858 1.186723 2.488355
-0.1292254 0.5786165 2.802452
-0.1485884 0.3202193 2.813143
-0.1523708 -0.06549031 2.921373
-0.1501817 -0.0927518 2.824296
0.01340104 0.5846474 2.805438
0.0347342 0.3196166 2.813819
0.001068157 -0.06956277 2.911102
0.01423414 -0.09439883 2.816303
-0.07491641 1.098492 2.781337
-0.2452957 0.4900577 2.761794
-0.2081413 0.5411408 2.740003
0.07116818 1.225222 2.44349
0.115534 1.19214 2.439335
50
-0.05889988 0.5768594 2.837465
-0.06790185 0.8769292 2.810393
-0.07682776 1.171225 2.768953
-0.06510284 1.289837 2.75557
-0.228763 1.04683 2.773149
-0.2548534 0.8091519 2.796126
-0.2502038 0.5920532 2.759834
-0.2399736 0.5499128 2.763025
0.07748857 1.038736 2.789253
0.1824565 0.9767551 2.569619
0.1008096 1.16157 2.484115
0.07552047 1.201513 2.445587
-0.1297889 0.5791007 2.802374
-0.1485395 0.3202577 2.813172
-0.1523701 -0.06384223 2.920937
-0.1485466 -0.09180216 2.821417
0.01318755 0.5847623 2.805009
0.03471658 0.3203253 2.81329
0.001070096 -0.07039365 2.911201
0.01349064 -0.09473924 2.818318
-0.07487673 1.098483 2.781375
-0.2445979 0.4900205 2.761496
-0.2078373 0.5426061 2.740248
0.05543323 1.237461 2.401752
0.09981366 1.20237 2.400703
51
-0.05889988 0.5768594 2.837465
-0.06790185 0.8769292 2.810393
-0.07682776 1.171225 2.768953
-0.06510284 1.289837 2.75557
-0.228763 1.04683 2.773149
-0.2548534 0.8091519 2.796126
-0.2502038 0.5920532 2.759834
-0.2399736 0.5499128 2.763025
0.07748857 1.038736 2.789253
0.1824565 0.9767551 2.569619
0.1008096 1.16157 2.484115
0.07552047 1.201513 2.445587
-0.1297889 0.5791007 2.802374
-0.1485395 0.3202577 2.813172
-0.1523701 -0.06384223 2.920937
-0.1485466 -0.09180216 2.821417
0.01318755 0.5847623 2.805009
0.03471658 0.3203253 2.81329
0.001070096 -0.07039365 2.911201
0.01349064 -0.09473924 2.818318
-0.07487673 1.098483 2.781375
-0.2445979 0.4900205 2.761496
-0.2078373 0.5426061 2.740248
0.05543323 1.237461 2.401752
0.09981366 1.20237 2.400703
52
-0.05921798 0.5771436 2.83717
-0.06791721 0.8769649 2.810358
-0.07671905 1.17121 2.769076
-0.06541535 1.290066 2.755875
-0.2288245 1.04684 2.775512
-0.2551913 0.8148812 2.797498
-0.250111 0.5923793 2.75999
-0.2396912 0.5498285 2.763129
0.07683962 1.038517 2.787225
0.1704334 1.023424 2.551632
0.08804721 1.182185 2.434115
0.06385525 1.219064 2.396872
-0.1303816 0.5796466 2.802309
-0.1484448 0.3203732 2.813186
-0.1523829 -0.06265529 2.920641
-0.1475373 -0.09113649 2.819296
0.01299128 0.5849484 2.804468
0.03475126 0.3211265 2.812774
0.001079898 -0.07098695 2.911254
0.01298829 -0.09499295 2.819743
-0.07482585 1.098487 2.781425
-0.2441583 0.4900633 2.761279
-0.2077154 0.5430861 2.740399
0.04183955 1.250763 2.354369
0.08787507 1.214816 2.357683
53
-0.05921798 0.5771436 2.83717
-0.06791721 0.8769649 2.810358
-0.07671905 1.17121 2.769076
-0.06541535 1.290066 2.755875
-0.2288245 1.04684 2.775512
-0.2551913 0.8148812 2.797498
-0.250111 0.5923793 2.75999
-0.2396912 0.5498285 2.763129
0.07683962 1.038517 2.787225
0.1704334 1.023424 2.551632
0.08804721 1.182185 2.434115
0.06385525 1.219064 2.396872
-0.1303816 0.5796466 2.802309
-0.1484448 0.3203732 2.813186
-0.1523829 -0.06265529 2.920641
-0.1475373 -0.09113649 2.819296
0.01299128 0.5849484 2.804468
0.03475126 0.3211265 2.812774
0.001079898 -0.07098695 2.911254
0.01298829 -0.09499295 2.819743
-0.07482585 1.098487 2.781425
-0.2441583 0.4900633 2.761279
-0.2077154 0.5430861 2.740399
0.04183955 1.250763 2.354369
0.08787507 1.214816 2.357683
54
-0.05958961 0.5775322 2.836839
-0.06793912 0.8770358 2.810318
-0.07657161 1.171238 2.769249
-0.06575534 1.290322 2.756197
-0.2288019 1.046888 2.777443
-0.2555085 0.8198474 2.798758
-0.2499833 0.5926394 2.760203
-0.2393165 0.5497895 2.763551
0.07639581 1.038429 2.785805
0.145844 1.091031 2.517592
0.08428084 1.188914 2.415018
0.05875013 1.229553 2.358766
-0.1310419 0.580303 2.802265
-0.148255 0.3206204 2.81319
-0.1524121 -0.06204938 2.920501
-0.1470889 -0.09073132 2.818427
0.01276987 0.585237 2.803833
0.03487042 0.3222038 2.812182
0.00112426 -0.07113251 2.911194
0.01292223 -0.09503701 2.820252
-0.07475131 1.098524 2.781507
-0.2442819 0.4908127 2.760983
-0.2075793 0.5475445 2.741079
0.03913775 1.25703 2.318422
0.07799347 1.231344 2.310471
55
-0.05958961 0.5775322 2.836839
-0.06793912 0.8770358 2.810318
-0.07657161 1.171238 2.769249
-0.06575534 1.290322 2.756197
-0.2288019 1.046888 2.777443
-0.2555085 0.8198474 2.798758
-0.2499833 0.5926394 2.760203
-0.2393165 0.5497895 2.763551
0.07639581 1.038429 2.785805
0.145844 1.091031 2.517592
0.08428084 1.188914 2.415018
0.05875013 1.229553 2.358766
-0.1310419 0.580303 2.802265
-0.148255 0.3206204 2.81319
-0.1524121 -0.06204938 2.920501
-0.1470889 -0.09073132 2.818427
0.01276987 0.585237 2.803833
0.03487042 0.3222038 2.812182
0.00112426 -0.07113251 2.911194
0.01292223 -0.09503701 2.820252
-0.07475131 1.098524 2.781507
-0.2442819 0.4908127 2.760983
-0.2075793 0.5475445 2.741079
0.03913775 1.25703 2.318422
0.07799347 1.231344 2.310471
56
-0.06001994 0.578115 2.836462
-0.06796279 0.8771293 2.810258
-0.07641295 1.17123 2.769353
-0.06613286 1.290645 2.756598
-0.2285984 1.04703 2.77961
-0.2552252 0.8206539 2.800922
-0.249983 0.593654 2.761073
-0.2391997 0.5495865 2.764429
0.07570083 1.039671 2.783557
0.1343729 1.117185 2.543118
0.07700261 1.201652 2.387152
0.05905813 1.236612 2.318931
-0.131752 0.5811362 2.802278
-0.1480339 0.3209378 2.813185
-0.1524857 -0.06500632 2.921357
-0.1502783 -0.09296044 2.821711
0.01250908 0.5857642 2.803006
0.03502196 0.3232891 2.811616
0.001157759 -0.0711949 2.91117
0.01292223 -0.09505182 2.820638
-0.07467123 1.098546 2.781553
-0.2440696 0.4908041 2.761595
-0.2075111 0.5484731 2.74132
0.04253576 1.260539 2.282172
0.07786135 1.236554 2.275019
57
-0.06001994 0.578115 2.836462
-0.06796279 0.8771293 2.810258
-0.07641295 1.17123 2.769353
-0.06613286 1.290645 2.756598
-0.2285984 1.04703 2.77961
-0.2552252 0.8206539 2.800922
-0.249983 0.593654 2.761073
-0.2391997 0.5495865 2.764429
0.07570083 1.039671 2.783557
0.1343729 1.117185 2.543118
0.07700261 1.201652 2.387152
0.05905813 1.236612 2.318931
-0.131752 0.5811362 2.802278
-0.1480339 0.3209378 2.813185
-0.1524857 -0.06500632 2.921357
-0.1502783 -0.09296044 2.821711
0.01250908 0.5857642 2.803006
0.03502196 0.3232891 2.811616
0.001157759 -0.0711949 2.91117
0.01292223 -0.09505182 2.820638
-0.07467123 1.098546 2.781553
-0.2440696 0.4908041 2.761595
-0.2075111 0.5484731 2.74132
0.04253576 1.260539 2.282172
0.07786135 1.236554 2.275019
58
-0.06047172 0.578826 2.83604
-0.06799327 0.8772757 2.810194
-0.07622705 1.171259 2.769514
-0.06643388 1.290971 2.75701
-0.2280848 1.047407 2.781772
-0.2550625 0.8217255 2.802468
-0.250156 0.5949953 2.762476
-0.2403685 0.5557167 2.767852
0.07499743 1.041287 2.781414
0.1216718 1.152406 2.551961
0.07617242 1.207952 2.364291
0.06383645 1.240413 2.271372
-0.1324518 0.5820411 2.802322
-0.1478204 0.3212446 2.813191
-0.1525657 -0.06852441 2.922369
-0.1520846 -0.09546007 2.826228
0.01223498 0.5864912 2.801963
0.03512652 0.3243828 2.811078
0.001187333 -0.07124632 2.911117
0.01293063 -0.09506529 2.820903
-0.07457019 1.098601 2.781634
-0.2544258 0.5055643 2.757644
-0.2117914 0.5609716 2.744809
0.04845494 1.255532 2.249654
0.08457439 1.23787 2.24426
59
-0.06047172 0.578826 2.83604
-0.06799327 0.8772757 2.810194
-0.07622705 1.171259 2.769514
-0.06643388 1.290971 2.75701
-0.2280848 1.047407 2.781772
-0.2550625 0.8217255 2.802468
-0.250156 0.5949953 2.762476
-0.2403685 0.5557167 2.767852
0.07499743 1.041287 2.781414
0.1216718 1.152406 2.551961
0.07617242 1.207952 2.364291
0.06383645 1.240413 2.271372
-0.1324518 0.5820411 2.802322
-0.1478204 0.3212446 2.813191
-0.1525657 -0.06852441 2.922369
-0.1520846 -0.09546007 2.826228
0.01223498 0.5864912 2.801963
0.03512652 0.3243828 2.811078
0.001187333 -0.07124632 2.911117
0.01293063 -0.09506529 2.820903
-0.07457019 1.098601 2.781634
-0.2544258 0.5055643 2.757644
-0.2117914 0.5609716 2.744809
0.04845494 1.255532 2.249654
0.08457439 1.23787 2.24426
60
-0.06094514 0.5796365 2.835665
-0.06803499 0.8774848 2.810152
-0.07600204 1.171326 2.769772
-0.06668974 1.291299 2.757449
-0.2273662 1.047905 2.784311
-0.2549649 0.8225585 2.803821
-0.2503836 0.596355 2.764037
-0.2410502 0.5552669 2.770511
0.07422496 1.043205 2.779436
0.09166469 1.172812 2.568382
0.0765477 1.211557 2.348064
0.07023787 1.239702 2.248237
-0.1332157 0.5831097 2.802535
-0.147613 0.3215381 2.8132
-0.1526135 -0.06944525 2.922637
-0.1524427 -0.09609129 2.827448
0.01195983 0.5872846 2.800957
0.03520229 0.325755 2.810453
0.00129347 -0.07034683 2.910889
0.01352079 -0.09425925 2.820711
-0.07444032 1.098699 2.781786
-0.2550073 0.5054194 2.758317
-0.2146069 0.5498722 2.755604
0.05793392 1.253451 2.231963
0.09313548 1.235567 2.22768
61
-0.06094514 0.5796365 2.835665
-0.06803499 0.8774848 2.810152
-0.07600204 1.171326 2.769772
-0.06668974 1.291299 2.757449
-0.2273662 1.047905 2.784311
-0.2549649 0.8225585 2.803821
-0.2503836 0.596355 2.764037
-0.2410502 0.5552669 2.770511
0.07422496 1.043205 2.779436
0.09166469 1.172812 2.568382
0.0765477 1.211557 2.348064
0.07023787 1.239702 2.248237
-0.1332157 0.5831097 2.802535
-0.147613 0.3215381 2.8132
-0.1526135 -0.06944525 2.922637
-0.1524427 -0.09609129 2.827448
0.01195983 0.5872846 2.800957
0.03520229 0.325755 2.810453
0.00129347 -0.07034683 2.910889
0.01352079 -0.09425925 2.820711
-0.07444032 1.098699 2.781786
-0.2550073 0.5054194 2.758317
-0.2146069 0.5498722 2.755604
0.05793392 1.253451 2.231963
0.09313548 1.235567 2.22768
62
-0.06094514 0.5796365 2.835665
-0.06803499 0.8774848 2.810152
-0.07600204 1.171326 2.769772
-0.06668974 1.291299 2.757449
-0.2273662 1.047905 2.784311
-0.2549649 0.8225585 2.803821
-0.2503836 0.596355 2.764037
-0.2410502 0.5552669 2.770511
0.07422496 1.043205 2.779436
0.09166469 1.172812 2.568382
0.0765477 1.211557 2.348064
0.07023787 1.239702 2.248237
-0.1332157 0.5831097 2.802535
-0.147613 0.3215381 2.8132
-0.1526135 -0.06944525 2.922637
-0.1524427 -0.09609129 2.827448
0.01195983 0.5872846 2.800957
0.03520229 0.325755 2.810453
0.00129347 -0.07034683 2.910889
0.01352079 -0.09425925 2.820711
-0.07444032 1.098699 2.781786
-0.2550073 0.5054194 2.758317
-0.2146069 0.5498722 2.755604
0.05793392 1.253451 2.231963
0.09313548 1.235567 2.22768
63
-0.06139377 0.5804525 2.835338
-0.06807657 0.8777239 2.810118
-0.07576263 1.171407 2.770049
-0.06688797 1.291632 2.75787
-0.2266312 1.0483 2.786921
-0.2545095 0.8213823 2.806942
-0.2507054 0.5976079 2.765696
-0.2414964 0.5541627 2.773045
0.07350241 1.044911 2.77778
0.07893118 1.181095 2.573728
0.07793403 1.213432 2.335684
0.07679521 1.238102 2.234681
-0.1339176 0.5841681 2.802835
-0.1474041 0.3218727 2.813169
-0.1526571 -0.06997897 2.922793
-0.15278 -0.09649985 2.827988
0.01168497 0.5880975 2.799988
0.03524186 0.327032 2.809839
0.001380282 -0.069691 2.910735
0.01394645 -0.09373685 2.820405
-0.07429534 1.098813 2.781958
-0.2529987 0.5029774 2.760636
-0.2155713 0.5492737 2.758138
0.06955876 1.248993 2.221523
0.1024711 1.232495 2.219416
64
-0.06139377 0.5804525 2.835338
-0.06807657 0.8777239 2.810118
-0.07576263 1.171407 2.770049
-0.06688797 1.291632 2.75787
-0.2266312 1.0483 2.786921
-0.2545095 0.8213823 2.806942
-0.2507054 0.5976079 2.765696
-0.2414964 0.5541627 2.773045
0.07350241 1.044911 2.77778
0.07893118 1.181095 2.573728
0.07793403 1.213432 2.335684
0.07679521 1.238102 2.234681
-0.1339176 0.5841681 2.802835
-0.1474041 0.3218727 2.813169
-0.1526571 -0.06997897 2.922793
-0.15278 -0.09649985 2.827988
0.01168497 0.5880975 2.799988
0.03524186 0.327032 2.809839
0.001380282 -0.069691 2.910735
0.01394645 -0.09373685 2.820405
-0.07429534 1.098813 2.781958
-0.2529987 0.5029774 2.760636
-0.2155713 0.5492737 2.758138
0.06955876 1.248993 2.221523
0.1024711 1.232495 2.219416
65
-0.06178825 0.5811849 2.835068
-0.06811768 0.8779528 2.81008
-0.07555974 1.171431 2.770229
-0.06705145 1.291957 2.758233
-0.2258775 1.048537 2.789766
-0.2526778 0.8148665 2.813132
-0.2509098 0.5985529 2.767536
-0.2417291 0.5538071 2.77458
0.07275634 1.046412 2.776356
0.07095544 1.183129 2.576569
0.07900381 1.21439 2.328232
0.08261735 1.235757 2.230209
-0.1345395 0.5850984 2.803168
-0.1472115 0.3222008 2.813134
-0.1526972 -0.0704713 2.922935
-0.1530407 -0.09685054 2.828579
0.0114461 0.5888405 2.799125
0.03522647 0.3283519 2.809079
0.001470079 -0.06907831 2.910624
0.01428946 -0.09329406 2.820109
-0.07417079 1.098885 2.782073
-0.2502764 0.4982848 2.765744
-0.2161966 0.5489874 2.759729
0.07463958 1.245699 2.217299
0.1101847 1.23133 2.21695
66
-0.06218068 0.5819244 2.83485
-0.06816977 0.8781992 2.810058
-0.07537185 1.171451 2.770421
-0.06716023 1.292302 2.758602
-0.2251727 1.04881 2.792412
-0.2515727 0.8099344 2.817031
-0.2511382 0.5990903 2.769123
-0.2420542 0.5530348 2.776257
0.07195382 1.047898 2.775083
0.06693691 1.181616 2.56824
0.08055264 1.214328 2.323529
0.0862278 1.233219 2.231384
-0.1351627 0.586036 2.803611
-0.147044 0.3225019 2.813099
-0.1527309 -0.07078623 2.923027
-0.1532107 -0.09707011 2.828966
0.01120662 0.5895777 2.798327
0.03521151 0.3294747 2.808333
0.00161636 -0.06816664 2.910486
0.01481156 -0.09262563 2.819616
-0.07405323 1.098956 2.782203
-0.2494912 0.4955631 2.770102
-0.2166428 0.5481821 2.761118
0.07662051 1.243996 2.216682
0.1136335 1.227853 2.21694
67
-0.06218068 0.5819244 2.83485
-0.06816977 0.8781992 2.810058
-0.07537185 1.171451 2.770421
-0.06716023 1.292302 2.758602
-0.2251727 1.04881 2.792412
-0.2515727 0.8099344 2.817031
-0.2511382 0.5990903 2.769123
-0.2420542 0.5530348 2.776257
0.07195382 1.047898 2.775083
0.06693691 1.181616 2.56824
0.08055264 1.214328 2.323529
0.0862278 1.233219 2.231384
-0.1351627 0.586036 2.803611
-0.147044 0.3225019 2.813099
-0.1527309 -0.07078623 2.923027
-0.1532107 -0.09707011 2.828966
0.01120662 0.5895777 2.798327
0.03521151 0.3294747 2.808333
0.00161636 -0.06816664 2.910486
0.01481156 -0.09262563 2.819616
-0.07405323 1.098956 2.782203
-0.2494912 0.4955631 2.770102
-0.2166428 0.5481821 2.761118
0.07662051 1.243996 2.216682
0.1136335 1.227853 2.21694
68
-0.06218068 0.5819244 2.83485
-0.06816977 0.8781992 2.810058
-0.07537185 1.171451 2.770421
-0.06716023 1.292302 2.758602
-0.2251727 1.04881 2.792412
-0.2515727 0.8099344 2.817031
-0.2511382 0.5990903 2.769123
-0.2420542 0.5530348 2.776257
0.07195382 1.047898 2.775083
0.06693691 1.181616 2.56824
0.08055264 1.214328 2.323529
0.0862278 1.233219 2.231384
-0.1351627 0.586036 2.803611
-0.147044 0.3225019 2.813099
-0.1527309 -0.07078623 2.923027
-0.1532107 -0.09707011 2.828966
0.01120662 0.5895777 2.798327
0.03521151 0.3294747 2.808333
0.00161636 -0.06816664 2.910486
0.01481156 -0.09262563 2.819616
-0.07405323 1.098956 2.782203
-0.2494912 0.4955631 2.770102
-0.2166428 0.5481821 2.761118
0.07662051 1.243996 2.216682
0.1136335 1.227853 2.21694
69
-0.06251513 0.5825769 2.834666
-0.06821477 0.8784243 2.810014
-0.07519903 1.171429 2.770528
-0.06723859 1.292617 2.758914
-0.2245925 1.048843 2.794619
-0.2505704 0.8061637 2.820356
-0.2513716 0.5994671 2.770719
-0.2423272 0.5524185 2.777483
0.07127067 1.049147 2.774063
0.06749041 1.1772 2.558371
0.08232182 1.213663 2.320863
0.08800974 1.230773 2.238614
-0.1356715 0.5868198 2.80401
-0.1468985 0.3227726 2.813065
-0.1527553 -0.07092379 2.923057
-0.1519913 -0.09723531 2.828921
0.01099919 0.5902576 2.797574
0.03518439 0.3305479 2.807421
0.001737227 -0.06771988 2.910482
0.01497613 -0.09236178 2.819553
-0.07395002 1.098993 2.782272
-0.2490125 0.4934595 2.773302
-0.2169227 0.5479856 2.761805
0.0757395 1.239197 2.222549
0.1158033 1.226178 2.2236
70
-0.06283855 0.5831932 2.83449
-0.06826285 0.8786411 2.809947
-0.0750257 1.171378 2.770581
-0.06729942 1.292892 2.75919
-0.2241117 1.048843 2.796359
-0.2499641 0.803746 2.822628
-0.251741 0.5997778 2.77248
-0.2425221 0.5520264 2.778382
0.07074776 1.050143 2.773293
0.07266853 1.170104 2.549344
0.08421122 1.212532 2.320036
0.08754349 1.227582 2.250407
-0.1361091 0.5874928 2.804368
-0.1467722 0.3230424 2.813021
-0.1527406 -0.0691644 2.922554
-0.1524844 -0.09596638 2.826598
0.01076529 0.5909236 2.796809
0.03508049 0.3314755 2.806447
0.00186782 -0.0673108 2.910505
0.01511165 -0.09216012 2.819501
-0.07385236 1.099012 2.782309
-0.2479726 0.4918868 2.774796
-0.216805 0.5459803 2.761338
0.07074685 1.234852 2.232683
0.1165843 1.224467 2.232399
71
-0.06283855 0.5831932 2.83449
-0.06826285 0.8786411 2.809947
-0.0750257 1.171378 2.770581
-0.06729942 1.292892 2.75919
-0.2241117 1.048843 2.796359
-0.2499641 0.803746 2.822628
-0.251741 0.5997778 2.77248
-0.2425221 0.5520264 2.778382
0.07074776 1.050143 2.773293
0.07266853 1.170104 2.549344
0.08421122 1.212532 2.320036
0.08754349 1.227582 2.250407
-0.1361091 0.5874928 2.804368
-0.1467722 0.3230424 2.813021
-0.1527406 -0.0691644 2.922554
-0.1524844 -0.09596638 2.826598
0.01076529 0.5909236 2.796809
0.03508049 0.3314755 2.806447
0.00186782 -0.0673108 2.910505
0.01511165 -0.09216012 2.819501
-0.07385236 1.099012 2.782309
-0.2479726 0.4918868 2.774796
-0.216805 0.5459803 2.761338
0.07074685 1.234852 2.232683
0.1165843 1.224467 2.232399
72
-0.06315321 0.5838246 2.834311
-0.06830643 0.8788565 2.809861
-0.07482641 1.171297 2.770589
-0.06735287 1.293135 2.759435
-0.2237465 1.048857 2.797774
-0.2494294 0.8018476 2.824681
-0.2521052 0.5999161 2.774587
-0.2427832 0.5515113 2.779544
0.0701999 1.051884 2.771717
0.1137281 1.136274 2.554338
0.08972516 1.207259 2.328284
0.0868659 1.224057 2.265197
-0.1364755 0.5880965 2.804682
-0.1466698 0.3233345 2.812964
-0.1527211 -0.06752408 2.922087
-0.1509039 -0.09484867 2.824317
0.01051317 0.5916077 2.796063
0.03498629 0.3321776 2.805574
0.001765267 -0.06928599 2.911133
0.01392486 -0.09343702 2.823109
-0.07374042 1.099018 2.782318
-0.2480753 0.4912016 2.776445
-0.2168379 0.5454096 2.76141
0.06502358 1.230304 2.247305
0.1167959 1.22348 2.24502
73
-0.06315321 0.5838246 2.834311
-0.06830643 0.8788565 2.809861
-0.07482641 1.171297 2.770589
-0.06735287 1.293135 2.759435
-0.2237465 1.048857 2.797774
-0.2494294 0.8018476 2.824681
-0.2521052 0.5999161 2.774587
-0.2427832 0.5515113 2.779544
0.0701999 1.051884 2.771717
0.1137281 1.136274 2.554338
0.08972516 1.207259 2.328284
0.0868659 1.224057 2.265197
-0.1364755 0.5880965 2.804682
-0.1466698 0.3233345 2.812964
-0.1527211 -0.06752408 2.922087
-0.1509039 -0.09484867 2.824317
0.01051317 0.5916077 2.796063
0.03498629 0.3321776 2.805574
0.001765267 -0.06928599 2.911133
0.01392486 -0.09343702 2.823109
-0.07374042 1.099018 2.782318
-0.2480753 0.4912016 2.776445
-0.2168379 0.5454096 2.76141
0.06502358 1.230304 2.247305
0.1167959 1.22348 2.24502
74
-0.06345497 0.584398 2.834135
-0.06834614 0.8790622 2.809788
-0.07455119 1.171221 2.770731
-0.06740626 1.293337 2.759643
-0.2234786 1.048838 2.798984
-0.2489719 0.8000947 2.826716
-0.2524117 0.5996391 2.777079
-0.2430498 0.5507959 2.780843
0.06993455 1.053096 2.770635
0.1339514 1.121302 2.553313
0.09588458 1.199874 2.340841
0.08583204 1.219288 2.280834
-0.1367944 0.5886111 2.804951
-0.1465616 0.3237188 2.812862
-0.1527066 -0.06642158 2.921775
-0.1498638 -0.09409893 2.822792
0.01025357 0.5922182 2.795352
0.03488381 0.3327286 2.804671
0.001769995 -0.06974941 2.911383
0.0135006 -0.09385244 2.824115
-0.07358699 1.09903 2.782389
-0.2481208 0.4909231 2.777089
-0.2162361 0.5491739 2.759682
0.06107611 1.228638 2.262227
0.1161287 1.219959 2.259321
75
-0.06345497 0.584398 2.834135
-0.06834614 0.8790622 2.809788
-0.07455119 1.171221 2.770731
-0.06740626 1.293337 2.759643
-0.2234786 1.048838 2.798984
-0.2489719 0.8000947 2.826716
-0.2524117 0.5996391 2.777079
-0.2430498 0.5507959 2.780843
0.06993455 1.053096 2.770635
0.1339514 1.121302 2.553313
0.09588458 1.199874 2.340841
0.08583204 1.219288 2.280834
-0.1367944 0.5886111 2.804951
-0.1465616 0.3237188 2.812862
-0.1527066 -0.06642158 2.921775
-0.1498638 -0.09409893 2.822792
0.01025357 0.5922182 2.795352
0.03488381 0.3327286 2.804671
0.001769995 -0.06974941 2.911383
0.0135006 -0.09385244 2.824115
-0.07358699 1.09903 2.782389
-0.2481208 0.4909231 2.777089
-0.2162361 0.5491739 2.759682
0.06107611 1.228638 2.262227
0.1161287 1.219959 2.259321
76
-0.06375875 0.5849382 2.833937
-0.06838199 0.8792629 2.809719
-0.07423047 1.171162 2.770925
-0.06745488 1.293502 2.75982
-0.2232835 1.04889 2.800043
-0.2486418 0.7987854 2.828259
-0.2526053 0.5992251 2.779408
-0.2437559 0.5495952 2.7827
0.06985381 1.053874 2.769896
0.1433105 1.114609 2.55239
0.09950848 1.195821 2.347028
0.08520841 1.21308 2.298405
-0.137077 0.5890632 2.805171
-0.1465485 0.3242508 2.81266
-0.1526045 -0.06523207 2.921527
-0.1477511 -0.09313869 2.821959
0.009968221 0.5927737 2.794631
0.03477241 0.3331526 2.803844
0.001807315 -0.06983444 2.911514
0.01316999 -0.09404451 2.824379
-0.07340296 1.099054 2.782487
-0.2481328 0.4902266 2.778416
-0.2160991 0.5496916 2.759313
0.06849246 1.22502 2.282213
0.1132806 1.219558 2.278078
77
-0.06375875 0.5849382 2.833937
-0.06838199 0.8792629 2.809719
-0.07423047 1.171162 2.770925
-0.06745488 1.293502 2.75982
-0.2232835 1.04889 2.800043
-0.2486418 0.7987854 2.828259
-0.2526053 0.5992251 2.779408
-0.2437559 0.5495952 2.7827
0.06985381 1.053874 2.769896
0.1433105 1.114609 2.55239
0.09950848 1.195821 2.347028
0.08520841 1.21308 2.298405
-0.137077 0.5890632 2.805171
-0.1465485 0.3242508 2.81266
-0.1526045 -0.06523207 2.921527
-0.1477511 -0.09313869 2.821959
0.009968221 0.5927737 2.794631
0.03477241 0.3331526 2.803844
0.001807315 -0.06983444 2.911514
0.01316999 -0.09404451 2.824379
-0.07340296 1.099054 2.782487
-0.2481328 0.4902266 2.778416
-0.2160991 0.5496916 2.759313
0.06849246 1.22502 2.282213
0.1132806 1.219558 2.278078
78
-0.06375875 0.5849382 2.833937
-0.06838199 0.8792629 2.809719
-0.07423047 1.171162 2.770925
-0.06745488 1.293502 2.75982
-0.2232835 1.04889 2.800043
-0.2486418 0.7987854 2.828259
-0.2526053 0.5992251 2.779408
-0.2437559 0.5495952 2.7827
0.06985381 1.053874 2.769896
0.1433105 1.114609 2.55239
0.09950848 1.195821 2.347028
0.08520841 1.21308 2.298405
-0.137077 0.5890632 2.805171
-0.1465485 0.3242508 2.81266
-0.1526045 -0.06523207 2.921527
-0.1477511 -0.09313869 2.821959
0.009968221 0.5927737 2.794631
0.03477241 0.3331526 2.803844
0.001807315 -0.06983444 2.911514
0.01316999 -0.09404451 2.824379
-0.07340296 1.099054 2.782487
-0.2481328 0.4902266 2.778416
-0.2160991 0.5496916 2.759313
0.06849246 1.22502 2.282213
0.1132806 1.219558 2.278078
79
-0.06404531 0.5854369 2.833728
-0.06839271 0.8794941 2.809639
-0.07367031 1.171196 2.771176
-0.06749828 1.293643 2.759968
-0.2231391 1.048939 2.800885
-0.2484593 0.7979714 2.829254
-0.252861 0.5989336 2.781441
-0.2445895 0.548659 2.784256
0.0699117 1.054446 2.769358
0.1719139 1.08589 2.566805
0.1094107 1.183479 2.36823
0.08689218 1.204083 2.323064
-0.1373205 0.5894607 2.805341
-0.1465788 0.3248335 2.812427
-0.1525386 -0.06714006 2.922149
-0.1495501 -0.09399159 2.826386
0.009697108 0.5932578 2.793964
0.03464656 0.333403 2.80301
0.001799825 -0.0704168 2.911788
0.01220193 -0.0944465 2.825724
-0.07305156 1.099151 2.782621
-0.2481581 0.4900089 2.779314
-0.2177186 0.5416242 2.761816
0.07273154 1.219774 2.307977
0.1157372 1.20673 2.303309
80
-0.06404531 0.5854369 2.833728
-0.06839271 0.8794941 2.809639
-0.07367031 1.171196 2.771176
-0.06749828 1.293643 2.759968
-0.2231391 1.048939 2.800885
-0.2484593 0.7979714 2.829254
-0.252861 0.5989336 2.781441
-0.2445895 0.548659 2.784256
0.0699117 1.054446 2.769358
0.1719139 1.08589 2.566805
0.1094107 1.183479 2.36823
0.08689218 1.204083 2.323064
-0.1373205 0.5894607 2.805341
-0.1465788 0.3248335 2.812427
-0.1525386 -0.06714006 2.922149
-0.1495501 -0.09399159 2.826386
0.009697108 0.5932578 2.793964
0.03464656 0.333403 2.80301
0.001799825 -0.0704168 2.911788
0.01220193 -0.0944465 2.825724
-0.07305156 1.099151 2.782621
-0.2481581 0.4900089 2.779314
-0.2177186 0.5416242 2.761816
0.07273154 1.219774 2.307977
0.1157372 1.20673 2.303309
81
-0.06430102 0.5858716 2.833514
-0.06839631 0.8797111 2.809563
-0.07310005 1.171238 2.771451
-0.06755274 1.293768 2.760081
-0.2230397 1.04899 2.801559
-0.2483475 0.797401 2.829973
-0.2529983 0.5984748 2.783173
-0.2452143 0.5479036 2.785498
0.07010291 1.054899 2.768951
0.1838125 1.075423 2.569523
0.1243889 1.158237 2.41414
0.09167539 1.193054 2.353534
-0.1375218 0.5897902 2.805459
-0.1466396 0.3252912 2.812207
-0.1524684 -0.06808252 2.922494
-0.1497775 -0.09449698 2.828422
0.009457146 0.593659 2.79337
0.03444019 0.3334196 2.802036
0.00185213 -0.0704291 2.91193
0.01174004 -0.09462159 2.825957
-0.07267984 1.099252 2.782773
-0.2472602 0.4895153 2.779742
-0.2178243 0.5409535 2.761572
0.07522076 1.211722 2.337132
0.1189851 1.193089 2.328024
82
-0.0645325 0.5862451 2.833272
-0.06839914 0.879895 2.80949
-0.07262005 1.171218 2.771712
-0.06760643 1.293836 2.760147
-0.222991 1.049014 2.802089
-0.2482769 0.7969795 2.830512
-0.2531088 0.5978715 2.784639
-0.2458088 0.5473116 2.786254
0.07054561 1.055232 2.768652
0.1922349 1.067416 2.571724
0.1330552 1.143399 2.43908
0.09995642 1.179529 2.385446
-0.1376883 0.5900586 2.80553
-0.1467565 0.3257161 2.811964
-0.1517807 -0.02614472 2.9108
-0.1569022 -0.05750168 2.798908
0.009236735 0.5939841 2.792774
0.03421047 0.3333151 2.801065
0.00198004 -0.06949333 2.91178
0.01139696 -0.09426039 2.824413
-0.07235674 1.099306 2.782917
-0.24716 0.4890193 2.781355
-0.2180484 0.5399606 2.761753
0.08479678 1.198753 2.368742
0.1247204 1.180815 2.355437
83
-0.0645325 0.5862451 2.833272
-0.06839914 0.879895 2.80949
-0.07262005 1.171218 2.771712
-0.06760643 1.293836 2.760147
-0.222991 1.049014 2.802089
-0.2482769 0.7969795 2.830512
-0.2531088 0.5978715 2.784639
-0.2458088 0.5473116 2.786254
0.07054561 1.055232 2.768652
0.1922349 1.067416 2.571724
0.1330552 1.143399 2.43908
0.09995642 1.179529 2.385446
-0.1376883 0.5900586 2.80553
-0.1467565 0.3257161 2.811964
-0.1517807 -0.02614472 2.9108
-0.1569022 -0.05750168 2.798908
0.009236735 0.5939841 2.792774
0.03421047 0.3333151 2.801065
0.00198004 -0.06949333 2.91178
0.01139696 -0.09426039 2.824413
-0.07235674 1.099306 2.782917
-0.24716 0.4890193 2.781355
-0.2180484 0.5399606 2.761753
0.08479678 1.198753 2.368742
0.1247204 1.180815 2.355437
84
-0.06475054 0.5865595 2.833018
-0.06840088 0.8800645 2.809417
-0.07219899 1.171205 2.771944
-0.06766507 1.293887 2.760191
-0.2229947 1.049036 2.802516
-0.2482316 0.7966747 2.830912
-0.2532388 0.5974939 2.785639
-0.2463056 0.5470749 2.786623
0.07132763 1.055422 2.7685
0.2138089 1.035474 2.592855
0.1377877 1.138522 2.455241
0.1120282 1.163289 2.418731
-0.1378299 0.5902761 2.805569
-0.146911 0.3261542 2.811712
-0.1514059 -0.003424031 2.904464
-0.1605785 -0.0375698 2.782687
0.009017345 0.5942383 2.792202
0.03393917 0.3330102 2.800054
0.002873596 -0.06800477 2.909331
0.01314336 -0.09379887 2.817594
-0.07206214 1.099356 2.78305
-0.2473723 0.4891043 2.782132
-0.2188356 0.5409126 2.761329
0.09371921 1.187721 2.397394
0.1323465 1.17011 2.379696
85
-0.06475054 0.5865595 2.833018
-0.06840088 0.8800645 2.809417
-0.07219899 1.171205 2.771944
-0.06766507 1.293887 2.760191
-0.2229947 1.049036 2.802516
-0.2482316 0.7966747 2.830912
-0.2532388 0.5974939 2.785639
-0.2463056 0.5470749 2.786623
0.07132763 1.055422 2.7685
0.2138089 1.035474 2.592855
0.1377877 1.138522 2.455241
0.1120282 1.163289 2.418731
-0.1378299 0.5902761 2.805569
-0.146911 0.3261542 2.811712
-0.1514059 -0.003424031 2.904464
-0.1605785 -0.0375698 2.782687
0.009017345 0.5942383 2.792202
0.03393917 0.3330102 2.800054
0.002873596 -0.06800477 2.909331
0.01314336 -0.09379887 2.817594
-0.07206214 1.099356 2.78305
-0.2473723 0.4891043 2.782132
-0.2188356 0.5409126 2.761329
0.09371921 1.187721 2.397394
0.1323465 1.17011 2.379696
86
-0.06475054 0.5865595 2.833018
-0.06840088 0.8800645 2.809417
-0.07219899 1.171205 2.771944
-0.06766507 1.293887 2.760191
-0.2229947 1.049036 2.802516
-0.2482316 0.7966747 2.830912
-0.2532388 0.5974939 2.785639
-0.2463056 0.5470749 2.786623
0.07132763 1.055422 2.7685
0.2138089 1.035474 2.592855
0.1377877 1.138522 2.455241
0.1120282 1.163289 2.418731
-0.1378299 0.5902761 2.805569
-0.146911 0.3261542 2.811712
-0.1514059 -0.003424031 2.904464
-0.1605785 -0.0375698 2.782687
0.009017345 0.5942383 2.792202
0.03393917 0.3330102 2.800054
0.002873596 -0.06800477 2.909331
0.01314336 -0.09379887 2.817594
-0.07206214 1.099356 2.78305
-0.2473723 0.4891043 2.782132
-0.2188356 0.5409126 2.761329
0.09371921 1.187721 2.397394
0.1323465 1.17011 2.379696
87
-0.0649682 0.5868177 2.832729
-0.0684079 0.8802093 2.809343
-0.07185832 1.171182 2.772141
-0.06773482 1.293919 2.760207
-0.2230379 1.049072 2.802837
-0.2482231 0.79648 2.831193
-0.2533562 0.5972631 2.786307
-0.2467449 0.5468647 2.786863
0.07288703 1.055472 2.768189
0.2263957 1.016 2.604824
0.1409791 1.134415 2.465355
0.1249384 1.146941 2.446986
-0.1379552 0.5904514 2.805573
-0.147075 0.3264666 2.811525
-0.151657 -0.02538895 2.910676
-0.1556427 -0.05914314 2.79071
0.008782467 0.5944154 2.791606
0.03358956 0.3324354 2.798922
0.003490312 -0.06720881 2.90753
0.01399309 -0.09354392 2.813535
-0.07181715 1.099389 2.783162
-0.2475935 0.4885938 2.78351
-0.219121 0.540691 2.761299
0.1054364 1.172116 2.424284
0.1457303 1.15271 2.405819
88
-0.0649682 0.5868177 2.832729
-0.0684079 0.8802093 2.809343
-0.07185832 1.171182 2.772141
-0.06773482 1.293919 2.760207
-0.2230379 1.049072 2.802837
-0.2482231 0.79648 2.831193
-0.2533562 0.5972631 2.786307
-0.2467449 0.5468647 2.786863
0.07288703 1.055472 2.768189
0.2263957 1.016 2.604824
0.1409791 1.134415 2.465355
0.1249384 1.146941 2.446986
-0.1379552 0.5904514 2.805573
-0.147075 0.3264666 2.811525
-0.151657 -0.02538895 2.910676
-0.1556427 -0.05914314 2.79071
0.008782467 0.5944154 2.791606
0.03358956 0.3324354 2.798922
0.003490312 -0.06720881 2.90753
0.01399309 -0.09354392 2.813535
-0.07181715 1.099389 2.783162
-0.2475935 0.4885938 2.78351
-0.219121 0.540691 2.761299
0.1054364 1.172116 2.424284
0.1457303 1.15271 2.405819
89
-0.06519964 0.5869786 2.832423
-0.06842665 0.8803141 2.809266
-0.07160506 1.171144 2.772288
-0.06779622 1.293934 2.760175
-0.2231226 1.049114 2.803082
-0.2482277 0.796351 2.831393
-0.2534508 0.5970812 2.786801
-0.2471044 0.5467148 2.787068
0.0756157 1.054558 2.767818
0.2432806 0.9723483 2.634743
0.1574761 1.114719 2.502663
0.1462865 1.121954 2.486748
-0.1380781 0.5905726 2.805548
-0.1472267 0.3267037 2.811379
-0.1518932 -0.0475354 2.916945
-0.1519458 -0.0792818 2.804399
0.008515903 0.5944542 2.791026
0.03317443 0.3316997 2.797879
0.003895151 -0.0668546 2.906552
0.01429437 -0.09348021 2.811706
-0.07163399 1.099397 2.783245
-0.2481101 0.4888578 2.783732
-0.2198164 0.5417262 2.761329
0.1239758 1.154523 2.447712
0.1654316 1.129586 2.440793
90
-0.06519964 0.5869786 2.832423
-0.06842665 0.8803141 2.809266
-0.07160506 1.171144 2.772288
-0.06779622 1.293934 2.760175
-0.2231226 1.049114 2.803082
-0.2482277 0.796351 2.831393
-0.2534508 0.5970812 2.786801
-0.2471044 0.5467148 2.787068
0.0756157 1.054558 2.767818
0.2432806 0.9723483 2.634743
0.1574761 1.114719 2.502663
0.1462865 1.121954 2.486748
-0.1380781 0.5905726 2.805548
-0.1472267 0.3267037 2.811379
-0.1518932 -0.0475354 2.916945
-0.1519458 -0.0792818 2.804399
0.008515903 0.5944542 2.791026
0.03317443 0.3316997 2.797879
0.003895151 -0.0668546 2.906552
0.01429437 -0.09348021 2.811706
-0.07163399 1.099397 2.783245
-0.2481101 0.4888578 2.783732
-0.2198164 0.5417262 2.761329
0.1239758 1.154523 2.447712
0.1654316 1.129586 2.440793
91
-0.06546031 0.5870368 2.8321
-0.06846026 0.8803934 2.809185
-0.07142604 1.171111 2.772397
-0.06786751 1.293928 2.760082
-0.2233058 1.049129 2.803248
-0.2483102 0.7963452 2.831393
-0.2535418 0.5968904 2.787187
-0.2473049 0.5466112 2.787222
0.07884708 1.052738 2.767338
0.2483333 0.9164368 2.675004
0.182371 1.077835 2.545409
0.1682726 1.095692 2.521911
-0.1382142 0.5906355 2.805493
-0.147366 0.3268962 2.811253
-0.1521321 -0.07228782 2.924342
-0.1528381 -0.09784497 2.834101
0.008201205 0.5943563 2.790463
0.03279358 0.3306144 2.796948
0.004020699 -0.06659784 2.905714
0.01456815 -0.09348164 2.810326
-0.07150278 1.099398 2.783305
-0.2481002 0.4886071 2.784188
-0.2204061 0.5436571 2.760768
0.1374748 1.132666 2.471936
0.1881318 1.104084 2.469248
92
-0.06546031 0.5870368 2.8321
-0.06846026 0.8803934 2.809185
-0.07142604 1.171111 2.772397
-0.06786751 1.293928 2.760082
-0.2233058 1.049129 2.803248
-0.2483102 0.7963452 2.831393
-0.2535418 0.5968904 2.787187
-0.2473049 0.5466112 2.787222
0.07884708 1.052738 2.767338
0.2483333 0.9164368 2.675004
0.182371 1.077835 2.545409
0.1682726 1.095692 2.521911
-0.1382142 0.5906355 2.805493
-0.147366 0.3268962 2.811253
-0.1521321 -0.07228782 2.924342
-0.1528381 -0.09784497 2.834101
0.008201205 0.5943563 2.790463
0.03279358 0.3306144 2.796948
0.004020699 -0.06659784 2.905714
0.01456815 -0.09348164 2.810326
-0.07150278 1.099398 2.783305
-0.2481002 0.4886071 2.784188
-0.2204061 0.5436571 2.760768
0.1374748 1.132666 2.471936
0.1881318 1.104084 2.469248
93
-0.06577643 0.5869768 2.831738
-0.06851779 0.8804433 2.809076
-0.07129895 1.171078 2.772464
-0.06798177 1.293887 2.759848
-0.223563 1.049176 2.803258
-0.2485144 0.7965124 2.831053
-0.2536244 0.596714 2.787461
-0.2476141 0.5465464 2.787137
0.08187018 1.050591 2.766773
0.2423583 0.8780383 2.710474
0.2013664 1.044614 2.574572
0.1851824 1.072943 2.544262
-0.1383849 0.5906283 2.805392
-0.1474918 0.3270454 2.811142
-0.1521023 -0.07591815 2.925703
-0.1510506 -0.1008984 2.837879
0.007806086 0.594093 2.789885
0.03245139 0.3296829 2.796145
0.004114186 -0.06637323 2.905251
0.0147456 -0.09347428 2.809635
-0.07140818 1.09939 2.78334
-0.2481956 0.4884593 2.784263
-0.2206901 0.5439777 2.76062
0.1657823 1.107785 2.493196
0.2097038 1.071877 2.502587
94
-0.06577643 0.5869768 2.831738
-0.06851779 0.8804433 2.809076
-0.07129895 1.171078 2.772464
-0.06798177 1.293887 2.759848
-0.223563 1.049176 2.803258
-0.2485144 0.7965124 2.831053
-0.2536244 0.596714 2.787461
-0.2476141 0.5465464 2.787137
0.08187018 1.050591 2.766773
0.2423583 0.8780383 2.710474
0.2013664 1.044614 2.574572
0.1851824 1.072943 2.544262
-0.1383849 0.5906283 2.805392
-0.1474918 0.3270454 2.811142
-0.1521023 -0.07591815 2.925703
-0.1510506 -0.1008984 2.837879
0.007806086 0.594093 2.789885
0.03245139 0.3296829 2.796145
0.004114186 -0.06637323 2.905251
0.0147456 -0.09347428 2.809635
-0.07140818 1.09939 2.78334
-0.2481956 0.4884593 2.784263
-0.2206901 0.5439777 2.76062
0.1657823 1.107785 2.493196
0.2097038 1.071877 2.502587
95
-0.06612943 0.5867773 2.831344
-0.06861606 0.8804287 2.808891
-0.07120419 1.170996 2.772458
-0.06812873 1.293754 2.759425
-0.2239227 1.049203 2.803104
-0.2489926 0.7970967 2.829976
-0.2536968 0.5965581 2.787662
-0.247932 0.5468289 2.787183
0.08428206 1.048555 2.766302
0.2321113 0.8557902 2.739627
0.2126467 1.021391 2.593076
0.2055097 1.042379 2.563528
-0.1386028 0.5905069 2.805238
-0.1476058 0.3271583 2.811036
-0.1521029 -0.08005232 2.927215
-0.1528178 -0.1030715 2.846505
0.007387741 0.5936829 2.789323
0.03215811 0.3288777 2.795502
0.004180065 -0.06649992 2.905128
0.01477064 -0.09351938 2.810383
-0.0713327 1.099333 2.783317
-0.2511005 0.4933004 2.784691
-0.2211217 0.5458053 2.760026
0.1966644 1.075721 2.51647
0.2331894 1.036239 2.527463
96
-0.06612943 0.5867773 2.831344
-0.06861606 0.8804287 2.808891
-0.07120419 1.170996 2.772458
-0.06812873 1.293754 2.759425
-0.2239227 1.049203 2.803104
-0.2489926 0.7970967 2.829976
-0.2536968 0.5965581 2.787662
-0.247932 0.5468289 2.787183
0.08428206 1.048555 2.766302
0.2321113 0.8557902 2.739627
0.2126467 1.021391 2.593076
0.2055097 1.042379 2.563528
-0.1386028 0.5905069 2.805238
-0.1476058 0.3271583 2.811036
-0.1521029 -0.08005232 2.927215
-0.1528178 -0.1030715 2.846505
0.007387741 0.5936829 2.789323
0.03215811 0.3288777 2.795502
0.004180065 -0.06649992 2.905128
0.01477064 -0.09351938 2.810383
-0.0713327 1.099333 2.783317
-0.2511005 0.4933004 2.784691
-0.2211217 0.5458053 2.760026
0.1966644 1.075721 2.51647
0.2331894 1.036239 2.527463
97
-0.06650016 0.5864719 2.830915
-0.06873258 0.8803365 2.808601
-0.07109111 1.170812 2.77229
-0.06830974 1.293516 2.758804
-0.2243928 1.04922 2.802553
-0.2494692 0.797708 2.828768
-0.2537982 0.5962822 2.787764
-0.2481535 0.5469242 2.787022
0.08627154 1.046396 2.765961
0.217927 0.8420793 2.76075
0.2297388 0.9902187 2.601298
0.2248308 1.001128 2.580899
-0.1388579 0.590287 2.80501
-0.1477046 0.3272392 2.810933
-0.1520998 -0.0829306 2.928293
-0.1539986 -0.1044832 2.852897
0.006971836 0.593176 2.788783
0.03192193 0.3281279 2.794997
0.004155713 -0.0681472 2.906525
0.01136206 -0.09233393 2.822381
-0.07123709 1.099181 2.783164
-0.2515777 0.4940128 2.784797
-0.2215618 0.545589 2.760148
0.2260051 1.033074 2.536681
0.2533737 0.9956172 2.546485
98
-0.06650016 0.5864719 2.830915
-0.06873258 0.8803365 2.808601
-0.07109111 1.170812 2.77229
-0.06830974 1.293516 2.758804
-0.2243928 1.04922 2.802553
-0.2494692 0.797708 2.828768
-0.2537982 0.5962822 2.787764
-0.2481535 0.5469242 2.787022
0.08627154 1.046396 2.765961
0.217927 0.8420793 2.76075
0.2297388 0.9902187 2.601298
0.2248308 1.001128 2.580899
-0.1388579 0.590287 2.80501
-0.1477046 0.3272392 2.810933
-0.1520998 -0.0829306 2.928293
-0.1539986 -0.1044832 2.852897
0.006971836 0.593176 2.788783
0.03192193 0.3281279 2.794997
0.004155713 -0.0681472 2.906525
0.01136206 -0.09233393 2.822381
-0.07123709 1.099181 2.783164
-0.2515777 0.4940128 2.784797
-0.2215618 0.545589 2.760148
0.2260051 1.033074 2.536681
0.2533737 0.9956172 2.546485
99
-0.06686909 0.5860478 2.830483
-0.06885441 0.880214 2.808291
-0.07099929 1.17063 2.772085
-0.06848431 1.29323 2.758048
-0.2249333 1.049181 2.801687
-0.2509018 0.8034699 2.822915
-0.2538811 0.5960242 2.787813
-0.2483213 0.5471789 2.786855
0.08764048 1.044738 2.765792
0.1876238 0.8339599 2.791788
0.2422014 0.9469315 2.613254
0.2402346 0.9519613 2.594424
-0.1391279 0.5899433 2.804743
-0.1477925 0.3272928 2.810838
-0.152061 -0.08198563 2.92823
-0.1534855 -0.1045449 2.849527
0.006570259 0.5925726 2.788281
0.0317385 0.327253 2.79459
0.004130661 -0.06907159 2.907174
0.01070295 -0.09273749 2.825476
-0.07115508 1.099019 2.782982
-0.2518665 0.4945249 2.784816
-0.2212161 0.5475264 2.75924
0.2512273 0.978748 2.553201
0.2665465 0.9419546 2.568977
100
-0.06686909 0.5860478 2.830483
-0.06885441 0.880214 2.808291
-0.07099929 1.17063 2.772085
-0.06848431 1.29323 2.758048
-0.2249333 1.049181 2.801687
-0.2509018 0.8034699 2.822915
-0.2538811 0.5960242 2.787813
-0.2483213 0.5471789 2.786855
0.08764048 1.044738 2.765792
0.1876238 0.8339599 2.791788
0.2422014 0.9469315 2.613254
0.2402346 0.9519613 2.594424
-0.1391279 0.5899433 2.804743
-0.1477925 0.3272928 2.810838
-0.152061 -0.08198563 2.92823
-0.1534855 -0.1045449 2.849527
0.006570259 0.5925726 2.788281
0.0317385 0.327253 2.79459
0.004130661 -0.06907159 2.907174
0.01070295 -0.09273749 2.825476
-0.07115508 1.099019 2.782982
-0.2518665 0.4945249 2.784816
-0.2212161 0.5475264 2.75924
0.2512273 0.978748 2.553201
0.2665465 0.9419546 2.568977
101
-0.06719828 0.5856082 2.8301
-0.06897601 0.88007 2.807966
-0.07092517 1.170431 2.771782
-0.06853331 1.292895 2.756963
-0.2254542 1.049129 2.800539
-0.2521475 0.8090887 2.817474
-0.2539568 0.5957769 2.787816
-0.2484161 0.5475116 2.786686
0.08855657 1.043569 2.765864
0.1694676 0.8312438 2.806033
0.2429238 0.9058468 2.612
0.2505532 0.9153135 2.601201
-0.1393813 0.5895582 2.804471
-0.1478848 0.3273111 2.810752
-0.1519976 -0.07814849 2.927316
-0.1536414 -0.1025392 2.842417
0.006221476 0.5919875 2.787881
0.03158932 0.3264472 2.794301
0.004113594 -0.06974512 2.907716
0.01026096 -0.09306679 2.827737
-0.07108363 1.098838 2.782731
-0.2517329 0.4949172 2.784455
-0.2214673 0.5515665 2.75843
0.2593946 0.9211535 2.565095
0.2754944 0.885199 2.590491
102
-0.06719828 0.5856082 2.8301
-0.06897601 0.88007 2.807966
-0.07092517 1.170431 2.771782
-0.06853331 1.292895 2.756963
-0.2254542 1.049129 2.800539
-0.2521475 0.8090887 2.817474
-0.2539568 0.5957769 2.787816
-0.2484161 0.5475116 2.786686
0.08855657 1.043569 2.765864
0.1694676 0.8312438 2.806033
0.2429238 0.9058468 2.612
0.2505532 0.9153135 2.601201
-0.1393813 0.5895582 2.804471
-0.1478848 0.3273111 2.810752
-0.1519976 -0.07814849 2.927316
-0.1536414 -0.1025392 2.842417
0.006221476 0.5919875 2.787881
0.03158932 0.3264472 2.794301
0.004113594 -0.06974512 2.907716
0.01026096 -0.09306679 2.827737
-0.07108363 1.098838 2.782731
-0.2517329 0.4949172 2.784455
-0.2214673 0.5515665 2.75843
0.2593946 0.9211535 2.565095
0.2754944 0.885199 2.590491
103
-0.06746519 0.5851709 2.829765
-0.06909016 0.8799138 2.807633
-0.07087958 1.170236 2.771401
-0.06834964 1.29251 2.755317
-0.2257361 1.048968 2.798577
-0.2530669 0.8134944 2.813195
-0.2540638 0.5956824 2.787744
-0.2485761 0.5477087 2.786111
0.08919947 1.042682 2.766227
0.1470329 0.8326045 2.819112
0.2447722 0.8391056 2.619132
0.2553 0.8495958 2.615381
-0.1395898 0.589115 2.804147
-0.1479703 0.3272832 2.810673
-0.1519428 -0.0751524 2.926565
-0.1538019 -0.1009731 2.836839
0.005955618 0.5914387 2.787597
0.0314954 0.3257005 2.794108
0.004132736 -0.06991154 2.908108
0.01022142 -0.093155 2.828908
-0.07102863 1.098652 2.782426
-0.2516586 0.4952439 2.783718
-0.2226917 0.5475474 2.759481
0.2587055 0.8610542 2.579224
0.2727757 0.8226581 2.608046
104
-0.06746519 0.5851709 2.829765
-0.06909016 0.8799138 2.807633
-0.07087958 1.170236 2.771401
-0.06834964 1.29251 2.755317
-0.2257361 1.048968 2.798577
-0.2530669 0.8134944 2.813195
-0.2540638 0.5956824 2.787744
-0.2485761 0.5477087 2.786111
0.08919947 1.042682 2.766227
0.1470329 0.8326045 2.819112
0.2447722 0.8391056 2.619132
0.2553 0.8495958 2.615381
-0.1395898 0.589115 2.804147
-0.1479703 0.3272832 2.810673
-0.1519428 -0.0751524 2.926565
-0.1538019 -0.1009731 2.836839
0.005955618 0.5914387 2.787597
0.0314954 0.3257005 2.794108
0.004132736 -0.06991154 2.908108
0.01022142 -0.093155 2.828908
-0.07102863 1.098652 2.782426
-0.2516586 0.4952439 2.783718
-0.2226917 0.5475474 2.759481
0.2587055 0.8610542 2.579224
0.2727757 0.8226581 2.608046
105
-0.06768481 0.5847639 2.829475
-0.06918791 0.87975 2.807294
-0.07083096 1.170043 2.770963
-0.06780858 1.292176 2.75346
-0.2258555 1.048929 2.796358
-0.2530693 0.814597 2.811155
-0.2541669 0.5956036 2.787627
-0.2484941 0.5482948 2.785451
0.08972821 1.041777 2.767416
0.1366619 0.8293629 2.824958
0.2499047 0.7680089 2.631254
0.2792872 0.7548966 2.600645
-0.1397612 0.5886543 2.80379
-0.1480471 0.3272401 2.8106
-0.1518951 -0.072345 2.925849
-0.1536976 -0.09917323 2.832772
0.005743959 0.5909516 2.78739
0.03144121 0.3249517 2.794023
0.004114027 -0.07007737 2.908392
0.01015413 -0.09324901 2.8298
-0.07096833 1.098459 2.782074
-0.2513704 0.4958706 2.783489
-0.2227724 0.5499055 2.758749
0.2779392 0.7729077 2.563722
0.291826 0.7332709 2.593112
106
-0.06768481 0.5847639 2.829475
-0.06918791 0.87975 2.807294
-0.07083096 1.170043 2.770963
-0.06780858 1.292176 2.75346
-0.2258555 1.048929 2.796358
-0.2530693 0.814597 2.811155
-0.2541669 0.5956036 2.787627
-0.2484941 0.5482948 2.785451
0.08972821 1.041777 2.767416
0.1366619 0.8293629 2.824958
0.2499047 0.7680089 2.631254
0.2792872 0.7548966 2.600645
-0.1397612 0.5886543 2.80379
-0.1480471 0.3272401 2.8106
-0.1518951 -0.072345 2.925849
-0.1536976 -0.09917323 2.832772
0.005743959 0.5909516 2.78739
0.03144121 0.3249517 2.794023
0.004114027 -0.07007737 2.908392
0.01015413 -0.09324901 2.8298
-0.07096833 1.098459 2.782074
-0.2513704 0.4958706 2.783489
-0.2227724 0.5499055 2.758749
0.2779392 0.7729077 2.563722
0.291826 0.7332709 2.593112
107
-0.06784835 0.5843759 2.829219
-0.06925377 0.8795747 2.806947
-0.07075889 1.16985 2.77048
-0.06715178 1.29181 2.751719
-0.2257861 1.04877 2.793972
-0.2529985 0.8156093 2.809077
-0.2542802 0.5955728 2.787391
-0.2483426 0.5484712 2.784667
0.09014442 1.041081 2.769591
0.1285032 0.820298 2.826454
0.2330406 0.6713881 2.659122
0.267769 0.631969 2.615341
-0.1398729 0.5881408 2.803344
-0.1481138 0.3271666 2.810532
-0.1518584 -0.07025268 2.925312
-0.1535863 -0.09780702 2.829851
0.005598689 0.5905077 2.787266
0.03141711 0.3242612 2.794013
0.004070281 -0.07017872 2.908672
0.01012261 -0.09334475 2.830422
-0.07088427 1.098261 2.78168
-0.2505315 0.4959058 2.782311
-0.2222305 0.5505092 2.757919
0.2633516 0.6554756 2.577492
0.2782309 0.6156665 2.605883
108
-0.06784835 0.5843759 2.829219
-0.06925377 0.8795747 2.806947
-0.07075889 1.16985 2.77048
-0.06715178 1.29181 2.751719
-0.2257861 1.04877 2.793972
-0.2529985 0.8156093 2.809077
-0.2542802 0.5955728 2.787391
-0.2483426 0.5484712 2.784667
0.09014442 1.041081 2.769591
0.1285032 0.820298 2.826454
0.2330406 0.6713881 2.659122
0.267769 0.631969 2.615341
-0.1398729 0.5881408 2.803344
-0.1481138 0.3271666 2.810532
-0.1518584 -0.07025268 2.925312
-0.1535863 -0.09780702 2.829851
0.005598689 0.5905077 2.787266
0.03141711 0.3242612 2.794013
0.004070281 -0.07017872 2.908672
0.01012261 -0.09334475 2.830422
-0.07088427 1.098261 2.78168
-0.2505315 0.4959058 2.782311
-0.2222305 0.5505092 2.757919
0.2633516 0.6554756 2.577492
0.2782309 0.6156665 2.605883
109
-0.0679494 0.5840344 2.828999
-0.06928915 0.8794066 2.806605
-0.07067949 1.169675 2.769989
-0.06621369 1.291406 2.749914
-0.2256038 1.048724 2.791572
-0.2528022 0.8159434 2.807446
-0.2543058 0.5954654 2.786825
-0.2479693 0.548667 2.783654
0.09055319 1.040556 2.772743
0.1240277 0.8153035 2.827743
0.2046005 0.6062558 2.688852
0.220818 0.6252022 2.684123
-0.1399091 0.5876556 2.802876
-0.148169 0.3270732 2.81047
-0.151827 -0.06835432 2.924818
-0.1534884 -0.09643343 2.827663
0.005516155 0.5901334 2.7872
0.03141116 0.3236498 2.794053
0.004109814 -0.06846642 2.908441
0.01202354 -0.092907 2.826549
-0.07078957 1.098074 2.781271
-0.2493295 0.4947657 2.78182
-0.2210102 0.5511974 2.756075
0.2281006 0.633451 2.655813
0.2155996 0.6217784 2.669512
110
-0.0679494 0.5840344 2.828999
-0.06928915 0.8794066 2.806605
-0.07067949 1.169675 2.769989
-0.06621369 1.291406 2.749914
-0.2256038 1.048724 2.791572
-0.2528022 0.8159434 2.807446
-0.2543058 0.5954654 2.786825
-0.2479693 0.548667 2.783654
0.09055319 1.040556 2.772743
0.1240277 0.8153035 2.827743
0.2046005 0.6062558 2.688852
0.220818 0.6252022 2.684123
-0.1399091 0.5876556 2.802876
-0.148169 0.3270732 2.81047
-0.151827 -0.06835432 2.924818
-0.1534884 -0.09643343 2.827663
0.005516155 0.5901334 2.7872
0.03141116 0.3236498 2.794053
0.004109814 -0.06846642 2.908441
0.01202354 -0.092907 2.826549
-0.07078957 1.098074 2.781271
-0.2493295 0.4947657 2.78182
-0.2210102 0.5511974 2.756075
0.2281006 0.633451 2.655813
0.2155996 0.6217784 2.669512
111
-0.06794126 0.5836893 2.828811
-0.0692593 0.8792256 2.80626
-0.07056474 1.1695 2.769481
-0.06510122 1.290985 2.74806
-0.2252403 1.048789 2.788948
-0.2522695 0.8151776 2.806015
-0.2542439 0.5953609 2.785936
-0.2473097 0.5490365 2.782185
0.09079675 1.040194 2.775503
0.1215949 0.8111405 2.827498
0.178304 0.5813782 2.723232
0.1925118 0.5611671 2.716917
-0.1397962 0.5871464 2.802362
-0.1482138 0.3269728 2.810412
-0.1517941 -0.06602798 2.92419
-0.1528452 -0.09472424 2.825038
0.005555026 0.5897453 2.787235
0.03142116 0.3230947 2.794123
0.004154539 -0.06672179 2.90816
0.01386293 -0.09256241 2.82215
-0.07065343 1.097882 2.780839
-0.24882 0.4945761 2.781511
-0.219735 0.5520576 2.754145
0.189338 0.5716549 2.698867
0.1610038 0.578962 2.70491
112
-0.06794126 0.5836893 2.828811
-0.0692593 0.8792256 2.80626
-0.07056474 1.1695 2.769481
-0.06510122 1.290985 2.74806
-0.2252403 1.048789 2.788948
-0.2522695 0.8151776 2.806015
-0.2542439 0.5953609 2.785936
-0.2473097 0.5490365 2.782185
0.09079675 1.040194 2.775503
0.1215949 0.8111405 2.827498
0.178304 0.5813782 2.723232
0.1925118 0.5611671 2.716917
-0.1397962 0.5871464 2.802362
-0.1482138 0.3269728 2.810412
-0.1517941 -0.06602798 2.92419
-0.1528452 -0.09472424 2.825038
0.005555026 0.5897453 2.787235
0.03142116 0.3230947 2.794123
0.004154539 -0.06672179 2.90816
0.01386293 -0.09256241 2.82215
-0.07065343 1.097882 2.780839
-0.24882 0.4945761 2.781511
-0.219735 0.5520576 2.754145
0.189338 0.5716549 2.698867
0.1610038 0.578962 2.70491
113
-0.06779784 0.5832816 2.828553
-0.06908876 0.8789721 2.805699
-0.07029982 1.169286 2.768602
-0.06338664 1.290608 2.745572
-0.2245281 1.048681 2.785174
-0.2518768 0.8156425 2.803439
-0.2538149 0.5950668 2.784089
-0.246126 0.5493136 2.779062
0.090953 1.039981 2.777659
0.1305362 0.8238314 2.829122
0.1401814 0.606671 2.772268
0.1289382 0.5690155 2.758875
-0.1394172 0.5864724 2.801475
-0.1481839 0.3267735 2.810225
-0.1517797 -0.06451041 2.923687
-0.1523451 -0.09365009 2.823178
0.005674406 0.5893651 2.787297
0.03143628 0.3225297 2.794208
0.004058702 -0.06673601 2.907734
0.01512817 -0.093328 2.819224
-0.07036053 1.097634 2.780074
-0.2478045 0.4935712 2.780807
-0.2179911 0.5538769 2.750152
0.1264552 0.5154295 2.753387
0.08907546 0.5693545 2.733124
114
-0.06779784 0.5832816 2.828553
-0.06908876 0.8789721 2.805699
-0.07029982 1.169286 2.768602
-0.06338664 1.290608 2.745572
-0.2245281 1.048681 2.785174
-0.2518768 0.8156425 2.803439
-0.2538149 0.5950668 2.784089
-0.246126 0.5493136 2.779062
0.090953 1.039981 2.777659
0.1305362 0.8238314 2.829122
0.1401814 0.606671 2.772268
0.1289382 0.5690155 2.758875
-0.1394172 0.5864724 2.801475
-0.1481839 0.3267735 2.810225
-0.1517797 -0.06451041 2.923687
-0.1523451 -0.09365009 2.823178
0.005674406 0.5893651 2.787297
0.03143628 0.3225297 2.794208
0.004058702 -0.06673601 2.907734
0.01512817 -0.093328 2.819224
-0.07036053 1.097634 2.780074
-0.2478045 0.4935712 2.780807
-0.2179911 0.5538769 2.750152
0.1264552 0.5154295 2.753387
0.08907546 0.5693545 2.733124
115
-0.06755049 0.5828537 2.828346
-0.06888121 0.8787222 2.805182
-0.07004366 1.169095 2.767799
-0.06176849 1.290313 2.743523
-0.2239517 1.048584 2.782304
-0.2511593 0.8146389 2.801902
-0.2533776 0.5948719 2.782178
-0.2453154 0.5495818 2.77727
0.09132343 1.03983 2.780572
0.1377839 0.8328426 2.829763
0.1258088 0.5857072 2.792913
0.1032367 0.5599341 2.797198
-0.1389583 0.5858359 2.800667
-0.1481327 0.326574 2.810031
-0.151785 -0.06319425 2.923245
-0.1516578 -0.09261987 2.821943
0.005940552 0.5889221 2.787518
0.03146666 0.3218886 2.79438
0.003940172 -0.06684044 2.907381
0.01603475 -0.09397302 2.816989
-0.07007179 1.097407 2.779367
-0.2465778 0.4925548 2.778905
-0.2172662 0.5535728 2.749187
0.10248 0.4908463 2.786762
0.07252482 0.5611532 2.760351
116
-0.06755049 0.5828537 2.828346
-0.06888121 0.8787222 2.805182
-0.07004366 1.169095 2.767799
-0.06176849 1.290313 2.743523
-0.2239517 1.048584 2.782304
-0.2511593 0.8146389 2.801902
-0.2533776 0.5948719 2.782178
-0.2453154 0.5495818 2.77727
0.09132343 1.03983 2.780572
0.1377839 0.8328426 2.829763
0.1258088 0.5857072 2.792913
0.1032367 0.5599341 2.797198
-0.1389583 0.5858359 2.800667
-0.1481327 0.326574 2.810031
-0.151785 -0.06319425 2.923245
-0.1516578 -0.09261987 2.821943
0.005940552 0.5889221 2.787518
0.03146666 0.3218886 2.79438
0.003940172 -0.06684044 2.907381
0.01603475 -0.09397302 2.816989
-0.07007179 1.097407 2.779367
-0.2465778 0.4925548 2.778905
-0.2172662 0.5535728 2.749187
0.10248 0.4908463 2.786762
0.07252482 0.5611532 2.760351
117
-0.06718737 0.5824081 2.82819
-0.06863516 0.8784693 2.804726
-0.06979863 1.168912 2.767105
-0.06039018 1.290102 2.74194
-0.2234227 1.048615 2.78001
-0.2503939 0.8129654 2.800616
-0.2527388 0.5946463 2.780105
-0.2443153 0.5499568 2.774752
0.09179981 1.039673 2.783272
0.1434233 0.8393214 2.830317
0.08844427 0.607784 2.774584
0.06958754 0.5470718 2.801225
-0.1384143 0.5852324 2.799931
-0.1480505 0.3263585 2.80984
-0.1518034 -0.06262553 2.922967
-0.1514542 -0.09225406 2.821101
0.006369457 0.5884444 2.787914
0.0315148 0.3213037 2.794584
0.003849478 -0.06702359 2.907122
0.016649 -0.09445653 2.815607
-0.06978883 1.097188 2.778749
-0.2448555 0.4917196 2.773855
-0.2165067 0.5521563 2.748821
0.05702109 0.4916275 2.756777
0.03205531 0.5688736 2.736411
118
-0.06659855 0.5819125 2.828283
-0.06836963 0.8782507 2.804403
-0.06958064 1.168767 2.766539
-0.059272 1.289912 2.740867
-0.2230231 1.048626 2.77839
-0.2495688 0.8109255 2.799895
-0.2522326 0.5946392 2.778265
-0.2436782 0.5502216 2.773535
0.09270086 1.039737 2.786716
0.1536444 0.8470268 2.83031
0.04625078 0.6578214 2.72066
0.02242109 0.5889881 2.76004
-0.1377738 0.5846721 2.799437
-0.1479383 0.3261566 2.809716
-0.1518281 -0.06233044 2.922772
-0.1514073 -0.09209784 2.820499
0.007175952 0.5878875 2.788979
0.03162435 0.320719 2.794971
0.00377464 -0.06693086 2.90706
0.01695336 -0.09450125 2.814985
-0.06953163 1.097011 2.778254
-0.2438146 0.4917604 2.772222
-0.2161523 0.5520501 2.748356
0.0160853 0.5509249 2.742451
-0.01893636 0.6280977 2.70511
119
-0.06659855 0.5819125 2.828283
-0.06836963 0.8782507 2.804403
-0.06958064 1.168767 2.766539
-0.059272 1.289912 2.740867
-0.2230231 1.048626 2.77839
-0.2495688 0.8109255 2.799895
-0.2522326 0.5946392 2.778265
-0.2436782 0.5502216 2.773535
0.09270086 1.039737 2.786716
0.1536444 0.8470268 2.83031
0.04625078 0.6578214 2.72066
0.02242109 0.5889881 2.76004
-0.1377738 0.5846721 2.799437
-0.1479383 0.3261566 2.809716
-0.1518281 -0.06233044 2.922772
-0.1514073 -0.09209784 2.820499
0.007175952 0.5878875 2.788979
0.03162435 0.320719 2.794971
0.00377464 -0.06693086 2.90706
0.01695336 -0.09450125 2.814985
-0.06953163 1.097011 2.778254
-0.2438146 0.4917604 2.772222
-0.2161523 0.5520501 2.748356
0.0160853 0.5509249 2.742451
-0.01893636 0.6280977 2.70511
120
-0.06659855 0.5819125 2.828283
-0.06836963 0.8782507 2.804403
-0.06958064 1.168767 2.766539
-0.059272 1.289912 2.740867
-0.2230231 1.048626 2.77839
-0.2495688 0.8109255 2.799895
-0.2522326 0.5946392 2.778265
-0.2436782 0.5502216 2.773535
0.09270086 1.039737 2.786716
0.1536444 0.8470268 2.83031
0.04625078 0.6578214 2.72066
0.02242109 0.5889881 2.76004
-0.1377738 0.5846721 2.799437
-0.1479383 0.3261566 2.809716
-0.1518281 -0.06233044 2.922772
-0.1514073 -0.09209784 2.820499
0.007175952 0.5878875 2.788979
0.03162435 0.320719 2.794971
0.00377464 -0.06693086 2.90706
0.01695336 -0.09450125 2.814985
-0.06953163 1.097011 2.778254
-0.2438146 0.4917604 2.772222
-0.2161523 0.5520501 2.748356
0.0160853 0.5509249 2.742451
-0.01893636 0.6280977 2.70511
121
-0.06596628 0.5814577 2.828429
-0.06809011 0.8780521 2.804136
-0.06938154 1.168646 2.766068
-0.0583504 1.289744 2.740095
-0.2227144 1.048668 2.777176
-0.2488897 0.809073 2.799329
-0.2517209 0.5949349 2.776064
-0.2428482 0.5509821 2.771462
0.09363408 1.039751 2.7895
0.1640994 0.8535442 2.829881
0.0246217 0.681187 2.695998
0.003959007 0.6120915 2.734838
-0.1371115 0.5841885 2.799026
-0.147817 0.3259541 2.809603
-0.1518492 -0.06227848 2.922617
-0.1514001 -0.09214149 2.820045
0.007987855 0.5874009 2.790069
0.03174511 0.3200597 2.79554
0.003749572 -0.06626433 2.906834
0.01747487 -0.09400531 2.813993
-0.06929182 1.09686 2.77784
-0.2423441 0.4924015 2.769757
-0.2158732 0.5519171 2.747996
-0.004660067 0.5656484 2.734816
-0.0431806 0.6545747 2.687427
122
-0.06596628 0.5814577 2.828429
-0.06809011 0.8780521 2.804136
-0.06938154 1.168646 2.766068
-0.0583504 1.289744 2.740095
-0.2227144 1.048668 2.777176
-0.2488897 0.809073 2.799329
-0.2517209 0.5949349 2.776064
-0.2428482 0.5509821 2.771462
0.09363408 1.039751 2.7895
0.1640994 0.8535442 2.829881
0.0246217 0.681187 2.695998
0.003959007 0.6120915 2.734838
-0.1371115 0.5841885 2.799026
-0.147817 0.3259541 2.809603
-0.1518492 -0.06227848 2.922617
-0.1514001 -0.09214149 2.820045
0.007987855 0.5874009 2.790069
0.03174511 0.3200597 2.79554
0.003749572 -0.06626433 2.906834
0.01747487 -0.09400531 2.813993
-0.06929182 1.09686 2.77784
-0.2423441 0.4924015 2.769757
-0.2158732 0.5519171 2.747996
-0.004660067 0.5656484 2.734816
-0.0431806 0.6545747 2.687427
123
-0.06534024 0.5810459 2.828613
-0.06779085 0.8778714 2.803915
-0.06916503 1.168551 2.765653
-0.05759929 1.289609 2.739528
-0.2224291 1.048727 2.776218
-0.2485318 0.8084948 2.798516
-0.2512074 0.5953137 2.773767
-0.2420697 0.5515907 2.769039
0.09445327 1.03972 2.791598
0.1723381 0.8581111 2.829203
0.01725018 0.6930308 2.682149
-0.003869693 0.6243784 2.721853
-0.1365012 0.5837889 2.798701
-0.1476813 0.3257676 2.809504
-0.1518786 -0.06251448 2.922546
-0.1506956 -0.09241814 2.819876
0.008772621 0.5869488 2.791157
0.0319046 0.3192968 2.796437
0.00371488 -0.06575715 2.906619
0.01785046 -0.09356346 2.81306
-0.06903841 1.096735 2.777478
-0.2405654 0.4932699 2.766618
-0.2152259 0.5513992 2.746682
-0.009001163 0.5861611 2.723464
-0.04605666 0.6690444 2.677098
124
-0.06468253 0.5806773 2.828847
-0.06743343 0.8777054 2.803733
-0.06889823 1.168479 2.765271
-0.05700366 1.289504 2.73912
-0.2221737 1.048823 2.775424
-0.2482094 0.8083426 2.797542
-0.2505416 0.5954601 2.77161
-0.2412235 0.5520543 2.767085
0.09513084 1.039699 2.793185
0.1781233 0.8611241 2.82861
0.01673651 0.6987987 2.674144
-0.005891096 0.6324354 2.713014
-0.1358796 0.5834452 2.798432
-0.1475447 0.3255781 2.809421
-0.1519029 -0.06281251 2.922493
-0.1500422 -0.09272331 2.819825
0.009575833 0.5865718 2.792312
0.03208387 0.318582 2.797391
0.00365275 -0.06564245 2.906525
0.01789976 -0.09329904 2.812868
-0.06873554 1.096632 2.777148
-0.2395441 0.4938291 2.764508
-0.2132967 0.5517664 2.743736
-0.00676834 0.5974092 2.716835
-0.04229083 0.6763633 2.671732
125
-0.06468253 0.5806773 2.828847
-0.06743343 0.8777054 2.803733
-0.06889823 1.168479 2.765271
-0.05700366 1.289504 2.73912
-0.2221737 1.048823 2.775424
-0.2482094 0.8083426 2.797542
-0.2505416 0.5954601 2.77161
-0.2412235 0.5520543 2.767085
0.09513084 1.039699 2.793185
0.1781233 0.8611241 2.82861
0.01673651 0.6987987 2.674144
-0.005891096 0.6324354 2.713014
-0.1358796 0.5834452 2.798432
-0.1475447 0.3255781 2.809421
-0.1519029 -0.06281251 2.922493
-0.1500422 -0.09272331 2.819825
0.009575833 0.5865718 2.792312
0.03208387 0.318582 2.797391
0.00365275 -0.06564245 2.906525
0.01789976 -0.09329904 2.812868
-0.06873554 1.096632 2.777148
-0.2395441 0.4938291 2.764508
-0.2132967 0.5517664 2.743736
-0.00676834 0.5974092 2.716835
-0.04229083 0.6763633 2.671732
126
-0.06405989 0.5803574 2.829089
-0.06707189 0.8775548 2.803592
-0.06864181 1.16842 2.764951
-0.05650188 1.289422 2.738832
-0.2219278 1.048931 2.774763
-0.2479355 0.8080467 2.796842
-0.249875 0.595604 2.769768
-0.2403832 0.552925 2.765317
0.09571491 1.039675 2.794401
0.1817055 0.8629619 2.828247
0.02202523 0.6997009 2.670735
-0.004262723 0.6374404 2.706861
-0.1352998 0.5831602 2.79821
-0.1474109 0.3253953 2.809348
-0.151931 -0.06320646 2.922494
-0.1500923 -0.09305406 2.820055
0.01030754 0.586255 2.793392
0.03225708 0.3179625 2.798271
0.003641341 -0.06480068 2.906344
0.01802796 -0.09255798 2.811845
-0.06844252 1.096545 2.776872
-0.2387503 0.4944936 2.762697
-0.211485 0.552258 2.740778
0.001061214 0.6017575 2.713947
-0.03724327 0.679569 2.668896
127
-0.06405989 0.5803574 2.829089
-0.06707189 0.8775548 2.803592
-0.06864181 1.16842 2.764951
-0.05650188 1.289422 2.738832
-0.2219278 1.048931 2.774763
-0.2479355 0.8080467 2.796842
-0.249875 0.595604 2.769768
-0.2403832 0.552925 2.765317
0.09571491 1.039675 2.794401
0.1817055 0.8629619 2.828247
0.02202523 0.6997009 2.670735
-0.004262723 0.6374404 2.706861
-0.1352998 0.5831602 2.79821
-0.1474109 0.3253953 2.809348
-0.151931 -0.06320646 2.922494
-0.1500923 -0.09305406 2.820055
0.01030754 0.586255 2.793392
0.03225708 0.3179625 2.798271
0.003641341 -0.06480068 2.906344
0.01802796 -0.09255798 2.811845
-0.06844252 1.096545 2.776872
-0.2387503 0.4944936 2.762697
-0.211485 0.552258 2.740778
0.001061214 0.6017575 2.713947
-0.03724327 0.679569 2.668896
128
-0.06346307 0.5800744 2.829345
-0.06668305 0.8774102 2.803489
-0.06836417 1.168368 2.764678
-0.05605673 1.289341 2.738621
-0.2217117 1.049031 2.774224
-0.247685 0.8076466 2.796266
-0.249329 0.5957233 2.768336
-0.2395071 0.5539921 2.763972
0.09621344 1.039656 2.795331
0.1841008 0.864064 2.827725
0.03026611 0.6960264 2.671056
-0.0002124904 0.6400445 2.702811
-0.1347477 0.5829116 2.798036
-0.1472819 0.3252302 2.80928
-0.1519732 -0.06506263 2.922999
-0.1516457 -0.09403392 2.823581
0.01095419 0.5860015 2.794361
0.03247051 0.3173611 2.799217
0.003650443 -0.0637574 2.906092
0.01814468 -0.09154198 2.810921
-0.06812762 1.096465 2.776638
-0.2377202 0.4949795 2.761156
-0.2095561 0.5552667 2.738222
0.007932985 0.6025377 2.712251
-0.02720712 0.6768123 2.669796
129
-0.06346307 0.5800744 2.829345
-0.06668305 0.8774102 2.803489
-0.06836417 1.168368 2.764678
-0.05605673 1.289341 2.738621
-0.2217117 1.049031 2.774224
-0.247685 0.8076466 2.796266
-0.249329 0.5957233 2.768336
-0.2395071 0.5539921 2.763972
0.09621344 1.039656 2.795331
0.1841008 0.864064 2.827725
0.03026611 0.6960264 2.671056
-0.0002124904 0.6400445 2.702811
-0.1347477 0.5829116 2.798036
-0.1472819 0.3252302 2.80928
-0.1519732 -0.06506263 2.922999
-0.1516457 -0.09403392 2.823581
0.01095419 0.5860015 2.794361
0.03247051 0.3173611 2.799217
0.003650443 -0.0637574 2.906092
0.01814468 -0.09154198 2.810921
-0.06812762 1.096465 2.776638
-0.2377202 0.4949795 2.761156
-0.2095561 0.5552667 2.738222
0.007932985 0.6025377 2.712251
-0.02720712 0.6768123 2.669796
130
-0.06346307 0.5800744 2.829345
-0.06668305 0.8774102 2.803489
-0.06836417 1.168368 2.764678
-0.05605673 1.289341 2.738621
-0.2217117 1.049031 2.774224
-0.247685 0.8076466 2.796266
-0.249329 0.5957233 2.768336
-0.2395071 0.5539921 2.763972
0.09621344 1.039656 2.795331
0.1841008 0.864064 2.827725
0.03026611 0.6960264 2.671056
-0.0002124904 0.6400445 2.702811
-0.1347477 0.5829116 2.798036
-0.1472819 0.3252302 2.80928
-0.1519732 -0.06506263 2.922999
-0.1516457 -0.09403392 2.823581
0.01095419 0.5860015 2.794361
0.03247051 0.3173611 2.799217
0.003650443 -0.0637574 2.906092
0.01814468 -0.09154198 2.810921
-0.06812762 1.096465 2.776638
-0.2377202 0.4949795 2.761156
-0.2095561 0.5552667 2.738222
0.007932985 0.6025377 2.712251
-0.02720712 0.6768123 2.669796
