125
1
0.3086213 0.5088149 3.227045
0.2929466 0.8531968 3.268362
0.276971 1.190641 3.293847
0.2757859 1.345743 3.300708
0.1017314 1.049631 3.289969
0.08320808 0.7741387 3.264948
0.07739344 0.5597279 3.171014
0.09709159 0.5146537 3.164324
0.4614148 1.064103 3.279819
0.4891043 0.7815192 3.256087
0.4971155 0.5710609 3.148609
0.4840069 0.5328627 3.139208
0.228668 0.5112731 3.189919
0.2147415 0.03555446 3.189103
0.2208593 -0.3124612 3.191656
0.21801 -0.3136553 3.03575
0.3810138 0.518132 3.186921
0.4143803 0.02956537 3.194117
0.4077344 -0.318888 3.148275
0.3944204 -0.2962162 2.977875
0.2810956 1.107172 3.290119
0.1045852 0.4351149 3.141066
0.1324823 0.5201389 3.112001
0.4789501 0.4791428 3.141203
0.488095 0.4964453 3.151721
2
0.3086213 0.5088149 3.227045
0.2929466 0.8531968 3.268362
0.276971 1.190641 3.293847
0.2757859 1.345743 3.300708
0.1017314 1.049631 3.289969
0.08320808 0.7741387 3.264948
0.07739344 0.5597279 3.171014
0.09709159 0.5146537 3.164324
0.4614148 1.064103 3.279819
0.4891043 0.7815192 3.256087
0.4971155 0.5710609 3.148609
0.4840069 0.5328627 3.139208
0.228668 0.5112731 3.189919
0.2147415 0.03555446 3.189103
0.2208593 -0.3124612 3.191656
0.21801 -0.3136553 3.03575
0.3810138 0.518132 3.186921
0.4143803 0.02956537 3.194117
0.4077344 -0.318888 3.148275
0.3944204 -0.2962162 2.977875
0.2810956 1.107172 3.290119
0.1045852 0.4351149 3.141066
0.1324823 0.5201389 3.112001
0.4789501 0.4791428 3.141203
0.488095 0.4964453 3.151721
3
0.3086023 0.5088397 3.226946
0.2929547 0.853233 3.26812
0.2770012 1.190682 3.293483
0.2758483 1.345784 3.30024
0.1018099 1.049745 3.289733
0.08321638 0.7740914 3.264793
0.07747662 0.5595834 3.17104
0.09888905 0.5082721 3.163671
0.46142 1.064137 3.279375
0.4893088 0.7816001 3.255921
0.4972362 0.5710958 3.148768
0.4838673 0.5329186 3.139226
0.2286336 0.511322 3.189787
0.2162708 0.03415955 3.190725
0.1987592 -0.307857 3.05443
0.191516 -0.253526 2.919023
0.3810125 0.5181434 3.186845
0.4145564 0.02608904 3.194569
0.4075953 -0.3234427 3.147881
0.4014261 -0.3005892 2.977709
0.281123 1.107214 3.289782
0.1147292 0.4241867 3.133403
0.132826 0.5174561 3.11116
0.477704 0.4793799 3.140247
0.4876851 0.494965 3.148821
4
0.3086023 0.5088397 3.226946
0.2929547 0.853233 3.26812
0.2770012 1.190682 3.293483
0.2758483 1.345784 3.30024
0.1018099 1.049745 3.289733
0.08321638 0.7740914 3.264793
0.07747662 0.5595834 3.17104
0.09888905 0.5082721 3.163671
0.46142 1.064137 3.279375
0.4893088 0.7816001 3.255921
0.4972362 0.5710958 3.148768
0.4838673 0.5329186 3.139226
0.2286336 0.511322 3.189787
0.2162708 0.03415955 3.190725
0.1987592 -0.307857 3.05443
0.191516 -0.253526 2.919023
0.3810125 0.5181434 3.186845
0.4145564 0.02608904 3.194569
0.4075953 -0.3234427 3.147881
0.4014261 -0.3005892 2.977709
0.281123 1.107214 3.289782
0.1147292 0.4241867 3.133403
0.132826 0.5174561 3.11116
0.477704 0.4793799 3.140247
0.4876851 0.494965 3.148821
5
0.3085852 0.5088631 3.226856
0.2929628 0.8532673 3.26791
0.2770276 1.190724 3.293192
0.2759031 1.345811 3.29985
0.1018757 1.049864 3.289535
0.08322167 0.7740568 3.264662
0.07757747 0.5594556 3.171068
0.09950729 0.50752 3.163787
0.4614205 1.064174 3.278984
0.4895347 0.7816852 3.255759
0.4973731 0.571126 3.148952
0.483751 0.5329435 3.139284
0.2286026 0.5113683 3.189667
0.2177757 0.032615 3.192355
0.198607 -0.3425823 3.028989
0.2633838 -0.2877262 2.895402
0.3810118 0.5181533 3.186777
0.4133477 0.02258966 3.195171
0.4066417 -0.3280779 3.143563
0.3951279 -0.3027181 2.972744
0.2811474 1.107255 3.289505
0.1208005 0.4225389 3.12507
0.133241 0.516022 3.11102
0.4744522 0.4802151 3.136404
0.4882473 0.4971392 3.144212
6
0.3085852 0.5088631 3.226856
0.2929628 0.8532673 3.26791
0.2770276 1.190724 3.293192
0.2759031 1.345811 3.29985
0.1018757 1.049864 3.289535
0.08322167 0.7740568 3.264662
0.07757747 0.5594556 3.171068
0.09950729 0.50752 3.163787
0.4614205 1.064174 3.278984
0.4895347 0.7816852 3.255759
0.4973731 0.571126 3.148952
0.483751 0.5329435 3.139284
0.2286026 0.5113683 3.189667
0.2177757 0.032615 3.192355
0.198607 -0.3425823 3.028989
0.2633838 -0.2877262 2.895402
0.3810118 0.5181533 3.186777
0.4133477 0.02258966 3.195171
0.4066417 -0.3280779 3.143563
0.3951279 -0.3027181 2.972744
0.2811474 1.107255 3.289505
0.1208005 0.4225389 3.12507
0.133241 0.516022 3.11102
0.4744522 0.4802151 3.136404
0.4882473 0.4971392 3.144212
7
0.30857 0.5088849 3.226774
0.2929732 0.8533008 3.267725
0.2770573 1.19077 3.292949
0.2759414 1.345838 3.299546
0.1019388 1.049972 3.289351
0.08322755 0.7740238 3.264547
0.07770608 0.5593284 3.171089
0.09976915 0.5079976 3.163445
0.4614116 1.064225 3.278658
0.4897749 0.7817646 3.255585
0.4974841 0.5711486 3.149089
0.4836341 0.5329253 3.13933
0.2285764 0.5114105 3.189563
0.2155107 0.03823088 3.190083
0.198278 -0.3447176 3.077837
0.214806 -0.3036569 2.935213
0.3810117 0.5181626 3.186713
0.4143798 0.03404717 3.191663
0.4165805 -0.3377391 3.123505
0.3861682 -0.3082719 2.961787
0.2811745 1.107298 3.289272
0.1228144 0.4212673 3.123646
0.1333969 0.5148903 3.110851
0.4733662 0.480335 3.1358
0.4884686 0.4974484 3.142412
8
0.30857 0.5088849 3.226774
0.2929732 0.8533008 3.267725
0.2770573 1.19077 3.292949
0.2759414 1.345838 3.299546
0.1019388 1.049972 3.289351
0.08322755 0.7740238 3.264547
0.07770608 0.5593284 3.171089
0.09976915 0.5079976 3.163445
0.4614116 1.064225 3.278658
0.4897749 0.7817646 3.255585
0.4974841 0.5711486 3.149089
0.4836341 0.5329253 3.13933
0.2285764 0.5114105 3.189563
0.2155107 0.03823088 3.190083
0.198278 -0.3447176 3.077837
0.214806 -0.3036569 2.935213
0.3810117 0.5181626 3.186713
0.4143798 0.03404717 3.191663
0.4165805 -0.3377391 3.123505
0.3861682 -0.3082719 2.961787
0.2811745 1.107298 3.289272
0.1228144 0.4212673 3.123646
0.1333969 0.5148903 3.110851
0.4733662 0.480335 3.1358
0.4884686 0.4974484 3.142412
9
0.3085576 0.5089079 3.226696
0.2929874 0.85334 3.267573
0.2770895 1.190828 3.292792
0.2759856 1.345863 3.299304
0.1019999 1.05007 3.289184
0.0832369 0.7739928 3.264447
0.07784332 0.5592052 3.171109
0.100061 0.5090426 3.16341
0.4614032 1.064272 3.278383
0.4900335 0.7819011 3.255417
0.497607 0.5712061 3.149253
0.4834224 0.5330085 3.139225
0.228554 0.5114508 3.189469
0.2138407 0.04165331 3.188458
0.1986684 -0.3528346 3.089712
0.2211144 -0.3170346 2.943244
0.381014 0.5181749 3.186648
0.415005 0.04251909 3.189189
0.4175549 -0.3410276 3.120794
0.3848403 -0.3156651 2.977347
0.2812043 1.107353 3.28911
0.1243298 0.4202096 3.12244
0.1337974 0.5196639 3.112542
0.4711572 0.4810314 3.132383
0.48971 0.4985566 3.136427
10
0.3085576 0.5089079 3.226696
0.2929874 0.85334 3.267573
0.2770895 1.190828 3.292792
0.2759856 1.345863 3.299304
0.1019999 1.05007 3.289184
0.0832369 0.7739928 3.264447
0.07784332 0.5592052 3.171109
0.100061 0.5090426 3.16341
0.4614032 1.064272 3.278383
0.4900335 0.7819011 3.255417
0.497607 0.5712061 3.149253
0.4834224 0.5330085 3.139225
0.228554 0.5114508 3.189469
0.2138407 0.04165331 3.188458
0.1986684 -0.3528346 3.089712
0.2211144 -0.3170346 2.943244
0.381014 0.5181749 3.186648
0.415005 0.04251909 3.189189
0.4175549 -0.3410276 3.120794
0.3848403 -0.3156651 2.977347
0.2812043 1.107353 3.28911
0.1243298 0.4202096 3.12244
0.1337974 0.5196639 3.112542
0.4711572 0.4810314 3.132383
0.48971 0.4985566 3.136427
11
0.3085485 0.5089291 3.226624
0.293003 0.8533749 3.267441
0.277119 1.190878 3.292667
0.2760233 1.34587 3.299116
0.1020603 1.050154 3.289032
0.0832408 0.773987 3.264379
0.07798991 0.5591389 3.171138
0.1005118 0.5101921 3.162772
0.4613921 1.064314 3.278155
0.4902987 0.7820438 3.255262
0.4977211 0.5712704 3.149395
0.4832785 0.5330862 3.139205
0.2285359 0.5114871 3.189386
0.1988663 0.1089524 3.170196
0.209108 -0.3396422 3.12632
0.2186776 -0.3238293 2.96688
0.381019 0.5181864 3.186586
0.4153908 0.04824257 3.187554
0.4237421 -0.357464 3.069628
0.3796007 -0.3274897 2.96338
0.2812324 1.107399 3.288979
0.1120291 0.4330525 3.13316
0.1331266 0.5150905 3.111381
0.4703293 0.4812809 3.131404
0.4899749 0.4987807 3.134406
12
0.3085485 0.5089291 3.226624
0.293003 0.8533749 3.267441
0.277119 1.190878 3.292667
0.2760233 1.34587 3.299116
0.1020603 1.050154 3.289032
0.0832408 0.773987 3.264379
0.07798991 0.5591389 3.171138
0.1005118 0.5101921 3.162772
0.4613921 1.064314 3.278155
0.4902987 0.7820438 3.255262
0.4977211 0.5712704 3.149395
0.4832785 0.5330862 3.139205
0.2285359 0.5114871 3.189386
0.1988663 0.1089524 3.170196
0.209108 -0.3396422 3.12632
0.2186776 -0.3238293 2.96688
0.381019 0.5181864 3.186586
0.4153908 0.04824257 3.187554
0.4237421 -0.357464 3.069628
0.3796007 -0.3274897 2.96338
0.2812324 1.107399 3.288979
0.1120291 0.4330525 3.13316
0.1331266 0.5150905 3.111381
0.4703293 0.4812809 3.131404
0.4899749 0.4987807 3.134406
13
0.3085415 0.508951 3.226555
0.293019 0.8534079 3.267326
0.2771462 1.190922 3.292576
0.2760606 1.345861 3.29897
0.102106 1.050231 3.288908
0.08324427 0.7739846 3.264324
0.07813608 0.5590832 3.171164
0.1005275 0.5110505 3.162696
0.4614024 1.064357 3.277941
0.4905868 0.7822055 3.255117
0.4978236 0.571351 3.149503
0.4832226 0.5331671 3.139243
0.2285207 0.5115243 3.189305
0.1896929 0.1509767 3.15905
0.2146532 -0.3041572 3.170399
0.2149795 -0.3084395 2.997944
0.3810251 0.518198 3.186526
0.4156382 0.05210844 3.18647
0.41822 -0.3507301 3.100889
0.376726 -0.3224705 2.966616
0.2812587 1.107442 3.288879
0.1131226 0.4329787 3.131919
0.1330902 0.5230508 3.112378
0.4702939 0.4815301 3.131026
0.4926265 0.5033749 3.133208
14
0.3085415 0.508951 3.226555
0.293019 0.8534079 3.267326
0.2771462 1.190922 3.292576
0.2760606 1.345861 3.29897
0.102106 1.050231 3.288908
0.08324427 0.7739846 3.264324
0.07813608 0.5590832 3.171164
0.1005275 0.5110505 3.162696
0.4614024 1.064357 3.277941
0.4905868 0.7822055 3.255117
0.4978236 0.571351 3.149503
0.4832226 0.5331671 3.139243
0.2285207 0.5115243 3.189305
0.1896929 0.1509767 3.15905
0.2146532 -0.3041572 3.170399
0.2149795 -0.3084395 2.997944
0.3810251 0.518198 3.186526
0.4156382 0.05210844 3.18647
0.41822 -0.3507301 3.100889
0.376726 -0.3224705 2.966616
0.2812587 1.107442 3.288879
0.1131226 0.4329787 3.131919
0.1330902 0.5230508 3.112378
0.4702939 0.4815301 3.131026
0.4926265 0.5033749 3.133208
15
0.3085375 0.5089706 3.226491
0.2930346 0.8534378 3.267226
0.2771703 1.190961 3.292505
0.2760914 1.345856 3.29886
0.102151 1.050303 3.288796
0.08324916 0.7739931 3.264277
0.07830112 0.5590523 3.171193
0.1005722 0.5124329 3.162496
0.4614078 1.064393 3.277777
0.4908545 0.7823575 3.254989
0.4979158 0.5714293 3.1496
0.483112 0.5332371 3.139297
0.2285089 0.5115591 3.189232
0.1864956 0.1654065 3.155165
0.2168682 -0.2906776 3.186701
0.2151953 -0.3027986 3.013013
0.3810341 0.5182062 3.186472
0.4158103 0.05425929 3.185841
0.4148681 -0.3414295 3.124243
0.3748293 -0.3174816 2.971021
0.2812825 1.10748 3.288797
0.114008 0.4336826 3.131629
0.1330258 0.5243276 3.112629
0.4699496 0.481698 3.130623
0.4934044 0.5043665 3.132761
16
0.3085375 0.5089706 3.226491
0.2930346 0.8534378 3.267226
0.2771703 1.190961 3.292505
0.2760914 1.345856 3.29886
0.102151 1.050303 3.288796
0.08324916 0.7739931 3.264277
0.07830112 0.5590523 3.171193
0.1005722 0.5124329 3.162496
0.4614078 1.064393 3.277777
0.4908545 0.7823575 3.254989
0.4979158 0.5714293 3.1496
0.483112 0.5332371 3.139297
0.2285089 0.5115591 3.189232
0.1864956 0.1654065 3.155165
0.2168682 -0.2906776 3.186701
0.2151953 -0.3027986 3.013013
0.3810341 0.5182062 3.186472
0.4158103 0.05425929 3.185841
0.4148681 -0.3414295 3.124243
0.3748293 -0.3174816 2.971021
0.2812825 1.10748 3.288797
0.114008 0.4336826 3.131629
0.1330258 0.5243276 3.112629
0.4699496 0.481698 3.130623
0.4934044 0.5043665 3.132761
17
0.3085344 0.5089886 3.226433
0.2930473 0.8534627 3.267148
0.2771876 1.190991 3.292459
0.2761199 1.345849 3.298782
0.1021819 1.05036 3.288717
0.08325426 0.7740046 3.264239
0.07846057 0.5590308 3.171223
0.1007667 0.5139934 3.162304
0.4614131 1.064426 3.277639
0.4911367 0.78253 3.254873
0.49802 0.5715221 3.149722
0.4830526 0.533257 3.139316
0.2284987 0.5115905 3.189167
0.1845316 0.1745856 3.15278
0.2186553 -0.2793846 3.196554
0.2109096 -0.296648 3.023559
0.381043 0.5182136 3.186422
0.4161835 0.05828028 3.185094
0.4126743 -0.3338146 3.13779
0.3734198 -0.3137879 2.974704
0.2812994 1.107508 3.288743
0.1151398 0.4339972 3.131231
0.1339023 0.5213272 3.112179
0.4699054 0.4816448 3.131217
0.4940155 0.5052505 3.132344
18
0.3085344 0.5089886 3.226433
0.2930473 0.8534627 3.267148
0.2771876 1.190991 3.292459
0.2761199 1.345849 3.298782
0.1021819 1.05036 3.288717
0.08325426 0.7740046 3.264239
0.07846057 0.5590308 3.171223
0.1007667 0.5139934 3.162304
0.4614131 1.064426 3.277639
0.4911367 0.78253 3.254873
0.49802 0.5715221 3.149722
0.4830526 0.533257 3.139316
0.2284987 0.5115905 3.189167
0.1845316 0.1745856 3.15278
0.2186553 -0.2793846 3.196554
0.2109096 -0.296648 3.023559
0.381043 0.5182136 3.186422
0.4161835 0.05828028 3.185094
0.4126743 -0.3338146 3.13779
0.3734198 -0.3137879 2.974704
0.2812994 1.107508 3.288743
0.1151398 0.4339972 3.131231
0.1339023 0.5213272 3.112179
0.4699054 0.4816448 3.131217
0.4940155 0.5052505 3.132344
19
0.308532 0.5090034 3.226382
0.2930592 0.8534835 3.267085
0.2772046 1.191018 3.292428
0.2761434 1.345844 3.298725
0.1022037 1.050401 3.288657
0.0832566 0.7740142 3.264206
0.07862268 0.5590078 3.171254
0.1008943 0.5153834 3.162115
0.4614186 1.064453 3.277526
0.4914124 0.7827109 3.254771
0.4981215 0.5716338 3.149813
0.4828953 0.5333484 3.139189
0.2284904 0.5116157 3.189114
0.1843821 0.1766121 3.15255
0.2107015 -0.299691 3.163913
0.2029048 -0.3041258 2.996063
0.3810514 0.5182191 3.186378
0.4116023 0.1241648 3.176832
0.4176002 -0.3270759 3.137797
0.373614 -0.3138714 2.978399
0.2813149 1.107532 3.288703
0.1179267 0.4338882 3.127542
0.1340721 0.5211951 3.112099
0.4702731 0.4815195 3.132395
0.4940238 0.5048028 3.131352
20
0.308532 0.5090034 3.226382
0.2930592 0.8534835 3.267085
0.2772046 1.191018 3.292428
0.2761434 1.345844 3.298725
0.1022037 1.050401 3.288657
0.0832566 0.7740142 3.264206
0.07862268 0.5590078 3.171254
0.1008943 0.5153834 3.162115
0.4614186 1.064453 3.277526
0.4914124 0.7827109 3.254771
0.4981215 0.5716338 3.149813
0.4828953 0.5333484 3.139189
0.2284904 0.5116157 3.189114
0.1843821 0.1766121 3.15255
0.2107015 -0.299691 3.163913
0.2029048 -0.3041258 2.996063
0.3810514 0.5182191 3.186378
0.4116023 0.1241648 3.176832
0.4176002 -0.3270759 3.137797
0.373614 -0.3138714 2.978399
0.2813149 1.107532 3.288703
0.1179267 0.4338882 3.127542
0.1340721 0.5211951 3.112099
0.4702731 0.4815195 3.132395
0.4940238 0.5048028 3.131352
21
0.3085327 0.5090144 3.226343
0.2930726 0.8535007 3.267037
0.2772238 1.191044 3.292412
0.2761653 1.345838 3.298682
0.1022245 1.050435 3.288607
0.08326091 0.7740219 3.26418
0.07882904 0.5589758 3.171308
0.1010265 0.5164666 3.162322
0.4614246 1.064476 3.277438
0.4916846 0.7828963 3.254704
0.4982218 0.5717645 3.149908
0.4828165 0.5333938 3.139195
0.228487 0.5116355 3.189073
0.185573 0.1729166 3.153929
0.2171226 -0.3000267 3.167617
0.2037799 -0.3057778 2.999666
0.3810608 0.5182219 3.186343
0.4129526 0.1010177 3.179812
0.4039144 -0.3245569 3.154702
0.3738947 -0.3136869 2.981279
0.2813318 1.107554 3.288675
0.1064505 0.4542152 3.142324
0.134174 0.5211042 3.112415
0.4707657 0.4821808 3.13273
0.4942355 0.5050045 3.131028
22
0.3085327 0.5090144 3.226343
0.2930726 0.8535007 3.267037
0.2772238 1.191044 3.292412
0.2761653 1.345838 3.298682
0.1022245 1.050435 3.288607
0.08326091 0.7740219 3.26418
0.07882904 0.5589758 3.171308
0.1010265 0.5164666 3.162322
0.4614246 1.064476 3.277438
0.4916846 0.7828963 3.254704
0.4982218 0.5717645 3.149908
0.4828165 0.5333938 3.139195
0.228487 0.5116355 3.189073
0.185573 0.1729166 3.153929
0.2171226 -0.3000267 3.167617
0.2037799 -0.3057778 2.999666
0.3810608 0.5182219 3.186343
0.4129526 0.1010177 3.179812
0.4039144 -0.3245569 3.154702
0.3738947 -0.3136869 2.981279
0.2813318 1.107554 3.288675
0.1064505 0.4542152 3.142324
0.134174 0.5211042 3.112415
0.4707657 0.4821808 3.13273
0.4942355 0.5050045 3.131028
23
0.3085351 0.5090228 3.226307
0.2930852 0.8535154 3.266995
0.2772397 1.191067 3.2924
0.2761868 1.345831 3.298648
0.1022421 1.050463 3.288564
0.08326525 0.7740291 3.264158
0.0790605 0.5589414 3.171367
0.1012967 0.5173101 3.162279
0.4614281 1.064498 3.277359
0.4919294 0.7830662 3.254651
0.4983145 0.5718949 3.149984
0.4827343 0.5335024 3.139134
0.2284861 0.5116494 3.189037
0.2047138 0.06599493 3.179879
0.2193981 -0.3130279 3.166368
0.2049624 -0.3077089 3.001456
0.3810707 0.5182237 3.186312
0.4136372 0.08962867 3.181132
0.4077622 -0.3314357 3.136121
0.374314 -0.3140659 2.977999
0.2813463 1.107573 3.288655
0.1139711 0.4437344 3.133202
0.1346452 0.5255167 3.113461
0.4720278 0.4829925 3.132846
0.494005 0.5042321 3.13297
24
0.3085351 0.5090228 3.226307
0.2930852 0.8535154 3.266995
0.2772397 1.191067 3.2924
0.2761868 1.345831 3.298648
0.1022421 1.050463 3.288564
0.08326525 0.7740291 3.264158
0.0790605 0.5589414 3.171367
0.1012967 0.5173101 3.162279
0.4614281 1.064498 3.277359
0.4919294 0.7830662 3.254651
0.4983145 0.5718949 3.149984
0.4827343 0.5335024 3.139134
0.2284861 0.5116494 3.189037
0.2047138 0.06599493 3.179879
0.2193981 -0.3130279 3.166368
0.2049624 -0.3077089 3.001456
0.3810707 0.5182237 3.186312
0.4136372 0.08962867 3.181132
0.4077622 -0.3314357 3.136121
0.374314 -0.3140659 2.977999
0.2813463 1.107573 3.288655
0.1139711 0.4437344 3.133202
0.1346452 0.5255167 3.113461
0.4720278 0.4829925 3.132846
0.494005 0.5042321 3.13297
25
0.3085384 0.5090295 3.226276
0.2930981 0.8535271 3.266955
0.2772503 1.19108 3.292382
0.2762077 1.345828 3.298612
0.1022571 1.050488 3.288528
0.08327073 0.774033 3.26414
0.07937243 0.5588855 3.171448
0.1015538 0.5178611 3.162302
0.4614295 1.06452 3.277289
0.4921479 0.7832192 3.254608
0.4983989 0.5720267 3.150035
0.4826116 0.5336205 3.13902
0.2284865 0.5116602 3.189007
0.197723 0.1096885 3.168215
0.2228939 -0.3062066 3.168291
0.2050173 -0.3073188 3.001537
0.381081 0.5182246 3.186284
0.413243 0.0870077 3.181022
0.4083515 -0.3299779 3.138994
0.3740105 -0.3134663 2.97917
0.2813584 1.107586 3.28863
0.1183508 0.4377278 3.131733
0.1348398 0.5260867 3.113476
0.473112 0.4837833 3.132392
0.4958131 0.5089649 3.129359
26
0.3085384 0.5090295 3.226276
0.2930981 0.8535271 3.266955
0.2772503 1.19108 3.292382
0.2762077 1.345828 3.298612
0.1022571 1.050488 3.288528
0.08327073 0.774033 3.26414
0.07937243 0.5588855 3.171448
0.1015538 0.5178611 3.162302
0.4614295 1.06452 3.277289
0.4921479 0.7832192 3.254608
0.4983989 0.5720267 3.150035
0.4826116 0.5336205 3.13902
0.2284865 0.5116602 3.189007
0.197723 0.1096885 3.168215
0.2228939 -0.3062066 3.168291
0.2050173 -0.3073188 3.001537
0.381081 0.5182246 3.186284
0.413243 0.0870077 3.181022
0.4083515 -0.3299779 3.138994
0.3740105 -0.3134663 2.97917
0.2813584 1.107586 3.28863
0.1183508 0.4377278 3.131733
0.1348398 0.5260867 3.113476
0.473112 0.4837833 3.132392
0.4958131 0.5089649 3.129359
27
0.3085514 0.5090346 3.226246
0.2931351 0.853539 3.266881
0.2773099 1.191097 3.292205
0.2762231 1.345813 3.298517
0.1022831 1.050514 3.288476
0.08327577 0.7740366 3.264127
0.07977141 0.5588158 3.17158
0.1019061 0.5183208 3.162275
0.4614628 1.064548 3.277156
0.4923499 0.7833618 3.254569
0.4984661 0.5721451 3.150082
0.4825278 0.5337028 3.138996
0.228495 0.5116693 3.188979
0.1954139 0.12087 3.163365
0.2242022 -0.2945746 3.171024
0.2056202 -0.2989165 3.005355
0.3811038 0.5182232 3.186256
0.4127737 0.08487941 3.180541
0.4094085 -0.3458623 3.090819
0.3396246 -0.3154616 2.947488
0.2814142 1.107602 3.288491
0.1218258 0.4322773 3.127592
0.1359897 0.5233678 3.11253
0.4737302 0.4844742 3.132314
0.4961307 0.5096574 3.128884
28
0.3085514 0.5090346 3.226246
0.2931351 0.853539 3.266881
0.2773099 1.191097 3.292205
0.2762231 1.345813 3.298517
0.1022831 1.050514 3.288476
0.08327577 0.7740366 3.264127
0.07977141 0.5588158 3.17158
0.1019061 0.5183208 3.162275
0.4614628 1.064548 3.277156
0.4923499 0.7833618 3.254569
0.4984661 0.5721451 3.150082
0.4825278 0.5337028 3.138996
0.228495 0.5116693 3.188979
0.1954139 0.12087 3.163365
0.2242022 -0.2945746 3.171024
0.2056202 -0.2989165 3.005355
0.3811038 0.5182232 3.186256
0.4127737 0.08487941 3.180541
0.4094085 -0.3458623 3.090819
0.3396246 -0.3154616 2.947488
0.2814142 1.107602 3.288491
0.1218258 0.4322773 3.127592
0.1359897 0.5233678 3.11253
0.4737302 0.4844742 3.132314
0.4961307 0.5096574 3.128884
29
0.3085769 0.5090352 3.226219
0.2932104 0.8535358 3.266724
0.2774522 1.191047 3.291384
0.2762426 1.345742 3.298191
0.1023363 1.050521 3.28836
0.08328494 0.7740312 3.264113
0.08046695 0.558578 3.171951
0.1025755 0.5187817 3.162328
0.4615432 1.064577 3.276928
0.4925251 0.7834777 3.254538
0.4985224 0.5722447 3.150119
0.4824542 0.5337713 3.139004
0.2285117 0.5116761 3.188954
0.2049747 0.07746231 3.162866
0.2236741 -0.290231 3.171553
0.2057981 -0.2950711 3.005169
0.3811479 0.5182117 3.18623
0.4124228 0.08014408 3.176217
0.4194816 -0.3347096 3.105955
0.3514074 -0.3102343 2.954604
0.2815482 1.107572 3.287927
0.1234617 0.4291142 3.126614
0.1364641 0.5231574 3.112548
0.4748293 0.4847577 3.133802
0.4959213 0.5046604 3.134737
30
0.3085769 0.5090352 3.226219
0.2932104 0.8535358 3.266724
0.2774522 1.191047 3.291384
0.2762426 1.345742 3.298191
0.1023363 1.050521 3.28836
0.08328494 0.7740312 3.264113
0.08046695 0.558578 3.171951
0.1025755 0.5187817 3.162328
0.4615432 1.064577 3.276928
0.4925251 0.7834777 3.254538
0.4985224 0.5722447 3.150119
0.4824542 0.5337713 3.139004
0.2285117 0.5116761 3.188954
0.2049747 0.07746231 3.162866
0.2236741 -0.290231 3.171553
0.2057981 -0.2950711 3.005169
0.3811479 0.5182117 3.18623
0.4124228 0.08014408 3.176217
0.4194816 -0.3347096 3.105955
0.3514074 -0.3102343 2.954604
0.2815482 1.107572 3.287927
0.1234617 0.4291142 3.126614
0.1364641 0.5231574 3.112548
0.4748293 0.4847577 3.133802
0.4959213 0.5046604 3.134737
31
0.3086256 0.5090218 3.226201
0.2933439 0.8534982 3.26645
0.277756 1.190879 3.289593
0.2763725 1.344835 3.296102
0.1024927 1.050447 3.28796
0.08341326 0.7736428 3.264049
0.08141827 0.5576186 3.172494
0.1032643 0.5179251 3.162509
0.4617493 1.064526 3.276302
0.4926929 0.7835368 3.254489
0.498553 0.5722901 3.15014
0.4820732 0.5335631 3.13899
0.2285368 0.5116746 3.18894
0.2080701 0.05806734 3.158513
0.2239753 -0.286214 3.172509
0.2050475 -0.2938537 3.006096
0.3812452 0.518172 3.186215
0.41191 0.07763883 3.162421
0.4190118 -0.315198 3.133699
0.3629724 -0.3041097 2.968186
0.2818212 1.107446 3.286703
0.1243597 0.423654 3.125695
0.1371799 0.5230221 3.114184
0.475139 0.4847121 3.133861
0.4971139 0.5058246 3.13349
32
0.3086256 0.5090218 3.226201
0.2933439 0.8534982 3.26645
0.277756 1.190879 3.289593
0.2763725 1.344835 3.296102
0.1024927 1.050447 3.28796
0.08341326 0.7736428 3.264049
0.08141827 0.5576186 3.172494
0.1032643 0.5179251 3.162509
0.4617493 1.064526 3.276302
0.4926929 0.7835368 3.254489
0.498553 0.5722901 3.15014
0.4820732 0.5335631 3.13899
0.2285368 0.5116746 3.18894
0.2080701 0.05806734 3.158513
0.2239753 -0.286214 3.172509
0.2050475 -0.2938537 3.006096
0.3812452 0.518172 3.186215
0.41191 0.07763883 3.162421
0.4190118 -0.315198 3.133699
0.3629724 -0.3041097 2.968186
0.2818212 1.107446 3.286703
0.1243597 0.423654 3.125695
0.1371799 0.5230221 3.114184
0.475139 0.4847121 3.133861
0.4971139 0.5058246 3.13349
33
0.3090809 0.5072882 3.226382
0.2941901 0.8497186 3.263345
0.2793111 1.180934 3.274728
0.2771419 1.331464 3.281093
0.1038125 1.040744 3.277979
0.08483294 0.7637097 3.262661
0.08270008 0.546886 3.172619
0.1024836 0.5096319 3.161887
0.4611287 1.05146 3.261516
0.4936523 0.7787696 3.252814
0.4995528 0.56684 3.150097
0.4818186 0.5296456 3.139333
0.2287419 0.5097113 3.189346
0.2084754 0.04889847 3.148899
0.205452 -0.32568 3.097361
0.1923563 -0.3071302 2.963307
0.3819594 0.5165607 3.186257
0.4102542 0.08461657 3.128973
0.4187622 -0.2882173 3.150185
0.3854476 -0.2985986 2.981079
0.2832135 1.099397 3.27584
0.1170791 0.4190844 3.131687
0.1366297 0.5190591 3.117096
0.475448 0.4757957 3.133813
0.4994661 0.5017909 3.133417
34
0.3090809 0.5072882 3.226382
0.2941901 0.8497186 3.263345
0.2793111 1.180934 3.274728
0.2771419 1.331464 3.281093
0.1038125 1.040744 3.277979
0.08483294 0.7637097 3.262661
0.08270008 0.546886 3.172619
0.1024836 0.5096319 3.161887
0.4611287 1.05146 3.261516
0.4936523 0.7787696 3.252814
0.4995528 0.56684 3.150097
0.4818186 0.5296456 3.139333
0.2287419 0.5097113 3.189346
0.2084754 0.04889847 3.148899
0.205452 -0.32568 3.097361
0.1923563 -0.3071302 2.963307
0.3819594 0.5165607 3.186257
0.4102542 0.08461657 3.128973
0.4187622 -0.2882173 3.150185
0.3854476 -0.2985986 2.981079
0.2832135 1.099397 3.27584
0.1170791 0.4190844 3.131687
0.1366297 0.5190591 3.117096
0.475448 0.4757957 3.133813
0.4994661 0.5017909 3.133417
35
0.3112692 0.4906295 3.228016
0.2968301 0.8246853 3.251626
0.2814266 1.151773 3.249931
0.2783388 1.297651 3.253346
0.1053992 1.008143 3.257094
0.08543793 0.7522969 3.260682
0.08119946 0.5310531 3.177652
0.0935581 0.4901137 3.166347
0.4610131 1.02638 3.240457
0.4998893 0.7437072 3.246308
0.5015993 0.5318195 3.144648
0.4833066 0.4926178 3.140209
0.2288523 0.4923114 3.191422
0.2057475 0.04619799 3.12732
0.2090305 -0.3009639 3.13214
0.1885957 -0.3034022 2.97045
0.3861411 0.5008879 3.187643
0.4095463 0.09519584 3.09351
0.4185351 -0.2663564 3.155146
0.3968487 -0.2956297 2.986595
0.2855297 1.070574 3.253647
0.1029972 0.3995336 3.138494
0.1294362 0.5118186 3.160578
0.4683071 0.4392242 3.127526
0.5077268 0.4707048 3.123197
36
0.3112692 0.4906295 3.228016
0.2968301 0.8246853 3.251626
0.2814266 1.151773 3.249931
0.2783388 1.297651 3.253346
0.1053992 1.008143 3.257094
0.08543793 0.7522969 3.260682
0.08119946 0.5310531 3.177652
0.0935581 0.4901137 3.166347
0.4610131 1.02638 3.240457
0.4998893 0.7437072 3.246308
0.5015993 0.5318195 3.144648
0.4833066 0.4926178 3.140209
0.2288523 0.4923114 3.191422
0.2057475 0.04619799 3.12732
0.2090305 -0.3009639 3.13214
0.1885957 -0.3034022 2.97045
0.3861411 0.5008879 3.187643
0.4095463 0.09519584 3.09351
0.4185351 -0.2663564 3.155146
0.3968487 -0.2956297 2.986595
0.2855297 1.070574 3.253647
0.1029972 0.3995336 3.138494
0.1294362 0.5118186 3.160578
0.4683071 0.4392242 3.127526
0.5077268 0.4707048 3.123197
37
0.3160741 0.445406 3.231178
0.2995129 0.7767439 3.237022
0.2816633 1.102722 3.222553
0.278218 1.247996 3.226725
0.1073283 0.9583448 3.235891
0.08414773 0.730051 3.255587
0.07822447 0.5060799 3.181465
0.07678957 0.4573154 3.162089
0.4618285 0.9784915 3.216114
0.504158 0.711855 3.23947
0.5047298 0.472198 3.140131
0.4947335 0.4459798 3.136384
0.2296821 0.4479659 3.194437
0.1995541 0.05114916 3.091094
0.1955247 -0.3411804 3.055446
0.1868648 -0.3286608 2.91864
0.3949648 0.455865 3.191227
0.4093717 0.09332107 3.066748
0.4292894 -0.2721482 3.12594
0.4013521 -0.2997191 2.96511
0.2863636 1.021654 3.229003
0.08335399 0.3785946 3.134011
0.1075273 0.471075 3.148023
0.493926 0.4031966 3.123668
0.5224716 0.4383175 3.106869
38
0.3160741 0.445406 3.231178
0.2995129 0.7767439 3.237022
0.2816633 1.102722 3.222553
0.278218 1.247996 3.226725
0.1073283 0.9583448 3.235891
0.08414773 0.730051 3.255587
0.07822447 0.5060799 3.181465
0.07678957 0.4573154 3.162089
0.4618285 0.9784915 3.216114
0.504158 0.711855 3.23947
0.5047298 0.472198 3.140131
0.4947335 0.4459798 3.136384
0.2296821 0.4479659 3.194437
0.1995541 0.05114916 3.091094
0.1955247 -0.3411804 3.055446
0.1868648 -0.3286608 2.91864
0.3949648 0.455865 3.191227
0.4093717 0.09332107 3.066748
0.4292894 -0.2721482 3.12594
0.4013521 -0.2997191 2.96511
0.2863636 1.021654 3.229003
0.08335399 0.3785946 3.134011
0.1075273 0.471075 3.148023
0.493926 0.4031966 3.123668
0.5224716 0.4383175 3.106869
39
0.3187653 0.3953931 3.236876
0.3006376 0.7233351 3.226577
0.281172 1.044266 3.198805
0.2798769 1.191821 3.202075
0.1073694 0.9019762 3.220332
0.07776765 0.675153 3.243401
0.06795694 0.4513565 3.173946
0.06360419 0.406829 3.151559
0.4638753 0.9238837 3.196729
0.5106861 0.66941 3.231467
0.510682 0.4273809 3.139233
0.5045369 0.3956131 3.135915
0.2289134 0.3972364 3.201249
0.1944532 0.04574004 3.068272
0.2190393 -0.2659739 3.130043
0.1956253 -0.3008555 2.963338
0.4010365 0.4076394 3.196126
0.4094736 0.07498885 3.03176
0.4341238 -0.2602626 3.10706
0.4063835 -0.2990885 2.943281
0.2862571 0.9647384 3.208506
0.0672357 0.3512623 3.121162
0.1043814 0.3911104 3.124231
0.5039324 0.3503454 3.127449
0.5392674 0.3956387 3.104021
40
0.3187653 0.3953931 3.236876
0.3006376 0.7233351 3.226577
0.281172 1.044266 3.198805
0.2798769 1.191821 3.202075
0.1073694 0.9019762 3.220332
0.07776765 0.675153 3.243401
0.06795694 0.4513565 3.173946
0.06360419 0.406829 3.151559
0.4638753 0.9238837 3.196729
0.5106861 0.66941 3.231467
0.510682 0.4273809 3.139233
0.5045369 0.3956131 3.135915
0.2289134 0.3972364 3.201249
0.1944532 0.04574004 3.068272
0.2190393 -0.2659739 3.130043
0.1956253 -0.3008555 2.963338
0.4010365 0.4076394 3.196126
0.4094736 0.07498885 3.03176
0.4341238 -0.2602626 3.10706
0.4063835 -0.2990885 2.943281
0.2862571 0.9647384 3.208506
0.0672357 0.3512623 3.121162
0.1043814 0.3911104 3.124231
0.5039324 0.3503454 3.127449
0.5392674 0.3956387 3.104021
41
0.3190191 0.3353474 3.247371
0.300227 0.6608737 3.220375
0.2801658 0.980487 3.178898
0.2816896 1.130754 3.181492
0.1063804 0.8481147 3.207443
0.07393287 0.6084899 3.233741
0.05611431 0.3864186 3.164227
0.05616781 0.3584016 3.145475
0.4641736 0.8631788 3.178567
0.5201278 0.6017124 3.220817
0.5211905 0.3716737 3.130486
0.5190518 0.3513051 3.132322
0.2266798 0.338192 3.212618
0.188407 0.0195589 3.032028
0.2115845 -0.2568201 3.105616
0.1990278 -0.2991511 2.950585
0.4038484 0.3480187 3.205948
0.4074122 0.03917487 2.996842
0.4348207 -0.2448207 3.09318
0.4085449 -0.2999946 2.938008
0.2853849 0.9012836 3.191838
0.05640296 0.2995512 3.125693
0.1143336 0.3415984 3.106529
0.5271844 0.2934298 3.12183
0.552663 0.3755848 3.110287
42
0.3190191 0.3353474 3.247371
0.300227 0.6608737 3.220375
0.2801658 0.980487 3.178898
0.2816896 1.130754 3.181492
0.1063804 0.8481147 3.207443
0.07393287 0.6084899 3.233741
0.05611431 0.3864186 3.164227
0.05616781 0.3584016 3.145475
0.4641736 0.8631788 3.178567
0.5201278 0.6017124 3.220817
0.5211905 0.3716737 3.130486
0.5190518 0.3513051 3.132322
0.2266798 0.338192 3.212618
0.188407 0.0195589 3.032028
0.2115845 -0.2568201 3.105616
0.1990278 -0.2991511 2.950585
0.4038484 0.3480187 3.205948
0.4074122 0.03917487 2.996842
0.4348207 -0.2448207 3.09318
0.4085449 -0.2999946 2.938008
0.2853849 0.9012836 3.191838
0.05640296 0.2995512 3.125693
0.1143336 0.3415984 3.106529
0.5271844 0.2934298 3.12183
0.552663 0.3755848 3.110287
43
0.3226455 0.2769295 3.253175
0.3023756 0.5979137 3.213448
0.2806875 0.9156991 3.160748
0.2809191 1.067539 3.164352
0.1093315 0.7836245 3.192739
0.06892417 0.5441839 3.219547
0.04935861 0.3221642 3.153585
0.04858747 0.292221 3.13267
0.4648987 0.802883 3.163121
0.5274391 0.5363506 3.207021
0.5400844 0.3146254 3.123674
0.5346118 0.3004397 3.121744
0.2287481 0.2788129 3.218256
0.1799964 -0.008779234 2.982121
0.2074001 -0.2196478 3.094192
0.2008471 -0.2961254 2.951896
0.4089618 0.2918248 3.212086
0.4014125 0.0006168513 2.965627
0.4312466 -0.2273875 3.077455
0.4153663 -0.3006455 2.932327
0.2863034 0.8369098 3.176414
0.05313021 0.2434682 3.124108
0.09250912 0.2875319 3.096953
0.5455046 0.2350432 3.114
0.5621185 0.3175783 3.101224
44
0.3226455 0.2769295 3.253175
0.3023756 0.5979137 3.213448
0.2806875 0.9156991 3.160748
0.2809191 1.067539 3.164352
0.1093315 0.7836245 3.192739
0.06892417 0.5441839 3.219547
0.04935861 0.3221642 3.153585
0.04858747 0.292221 3.13267
0.4648987 0.802883 3.163121
0.5274391 0.5363506 3.207021
0.5400844 0.3146254 3.123674
0.5346118 0.3004397 3.121744
0.2287481 0.2788129 3.218256
0.1799964 -0.008779234 2.982121
0.2074001 -0.2196478 3.094192
0.2008471 -0.2961254 2.951896
0.4089618 0.2918248 3.212086
0.4014125 0.0006168513 2.965627
0.4312466 -0.2273875 3.077455
0.4153663 -0.3006455 2.932327
0.2863034 0.8369098 3.176414
0.05313021 0.2434682 3.124108
0.09250912 0.2875319 3.096953
0.5455046 0.2350432 3.114
0.5621185 0.3175783 3.101224
45
0.3283579 0.2189135 3.281531
0.3069295 0.5387194 3.218849
0.2842158 0.8555887 3.1436
0.2795688 1.003496 3.145033
0.1113818 0.7204334 3.176078
0.06734043 0.4690725 3.203724
0.04266927 0.2476192 3.139788
0.04279524 0.2367097 3.127591
0.466752 0.7438616 3.14823
0.5307237 0.4944836 3.19761
0.5505418 0.2797024 3.118482
0.5454686 0.2474657 3.107445
0.2337429 0.2209511 3.246953
0.1729428 0.0168832 2.913479
0.2041956 -0.1964176 3.080066
0.2015435 -0.2929995 2.956899
0.4153701 0.2348896 3.240325
0.3901717 0.009475711 2.913544
0.4264897 -0.2177242 3.053298
0.4142419 -0.3029515 2.917926
0.2900907 0.7769579 3.164897
0.05389783 0.1848627 3.119501
0.0717981 0.243186 3.097106
0.5569162 0.1741623 3.106629
0.5669234 0.2619517 3.09873
46
0.3283579 0.2189135 3.281531
0.3069295 0.5387194 3.218849
0.2842158 0.8555887 3.1436
0.2795688 1.003496 3.145033
0.1113818 0.7204334 3.176078
0.06734043 0.4690725 3.203724
0.04266927 0.2476192 3.139788
0.04279524 0.2367097 3.127591
0.466752 0.7438616 3.14823
0.5307237 0.4944836 3.19761
0.5505418 0.2797024 3.118482
0.5454686 0.2474657 3.107445
0.2337429 0.2209511 3.246953
0.1729428 0.0168832 2.913479
0.2041956 -0.1964176 3.080066
0.2015435 -0.2929995 2.956899
0.4153701 0.2348896 3.240325
0.3901717 0.009475711 2.913544
0.4264897 -0.2177242 3.053298
0.4142419 -0.3029515 2.917926
0.2900907 0.7769579 3.164897
0.05389783 0.1848627 3.119501
0.0717981 0.243186 3.097106
0.5569162 0.1741623 3.106629
0.5669234 0.2619517 3.09873
47
0.3378728 0.1705267 3.307348
0.3140787 0.4862276 3.22452
0.2889926 0.7983503 3.128045
0.282125 0.9441167 3.129914
0.1172847 0.6678303 3.162369
0.06536711 0.4321071 3.194285
0.04123971 0.2098634 3.134345
0.04281018 0.1780662 3.123563
0.4673051 0.6857209 3.13707
0.5362285 0.4339205 3.182029
0.5593002 0.2195604 3.109733
0.5503246 0.1949503 3.094812
0.2415345 0.1727788 3.270744
0.169189 0.1049917 2.86047
0.2058378 -0.168001 3.085577
0.1998098 -0.2629316 2.971433
0.4266293 0.1870426 3.268577
0.37794 0.1044571 2.866836
0.4234991 -0.1878665 3.033635
0.4051786 -0.2700849 2.894548
0.2955258 0.7204366 3.15468
0.05059955 0.1261411 3.115841
0.06500579 0.1804676 3.092465
0.5553589 0.1266217 3.084838
0.5655009 0.1943222 3.083121
48
0.3378728 0.1705267 3.307348
0.3140787 0.4862276 3.22452
0.2889926 0.7983503 3.128045
0.282125 0.9441167 3.129914
0.1172847 0.6678303 3.162369
0.06536711 0.4321071 3.194285
0.04123971 0.2098634 3.134345
0.04281018 0.1780662 3.123563
0.4673051 0.6857209 3.13707
0.5362285 0.4339205 3.182029
0.5593002 0.2195604 3.109733
0.5503246 0.1949503 3.094812
0.2415345 0.1727788 3.270744
0.169189 0.1049917 2.86047
0.2058378 -0.168001 3.085577
0.1998098 -0.2629316 2.971433
0.4266293 0.1870426 3.268577
0.37794 0.1044571 2.866836
0.4234991 -0.1878665 3.033635
0.4051786 -0.2700849 2.894548
0.2955258 0.7204366 3.15468
0.05059955 0.1261411 3.115841
0.06500579 0.1804676 3.092465
0.5553589 0.1266217 3.084838
0.5655009 0.1943222 3.083121
49
0.3397945 0.1378745 3.317502
0.3159922 0.441471 3.224404
0.2917057 0.7439292 3.11569
0.2838903 0.8884598 3.116875
0.1209219 0.6336858 3.151316
0.063993 0.406579 3.183522
0.04097299 0.1842465 3.130368
0.04715277 0.1217888 3.120621
0.4671346 0.6570843 3.130089
0.5414031 0.3764434 3.167224
0.5599465 0.1614465 3.095743
0.5439841 0.1350805 3.077453
0.2427789 0.1406614 3.279443
0.1677974 0.1454635 2.827497
0.2068696 -0.1577019 3.08843
0.1996759 -0.2563933 2.974843
0.4292404 0.1549329 3.280302
0.3730464 0.1434117 2.834939
0.4229628 -0.1788703 3.024277
0.3509781 -0.2567302 2.910725
0.2980139 0.6673495 3.145362
0.05567983 0.07263514 3.123955
0.06635705 0.1247926 3.096559
0.5410113 0.08005505 3.070158
0.5628485 0.1307471 3.064684
50
0.3397945 0.1378745 3.317502
0.3159922 0.441471 3.224404
0.2917057 0.7439292 3.11569
0.2838903 0.8884598 3.116875
0.1209219 0.6336858 3.151316
0.063993 0.406579 3.183522
0.04097299 0.1842465 3.130368
0.04715277 0.1217888 3.120621
0.4671346 0.6570843 3.130089
0.5414031 0.3764434 3.167224
0.5599465 0.1614465 3.095743
0.5439841 0.1350805 3.077453
0.2427789 0.1406614 3.279443
0.1677974 0.1454635 2.827497
0.2068696 -0.1577019 3.08843
0.1996759 -0.2563933 2.974843
0.4292404 0.1549329 3.280302
0.3730464 0.1434117 2.834939
0.4229628 -0.1788703 3.024277
0.3509781 -0.2567302 2.910725
0.2980139 0.6673495 3.145362
0.05567983 0.07263514 3.123955
0.06635705 0.1247926 3.096559
0.5410113 0.08005505 3.070158
0.5628485 0.1307471 3.064684
51
0.3388243 0.1136597 3.322734
0.3164047 0.4168656 3.223785
0.2930116 0.7169572 3.109146
0.2833981 0.8571693 3.108443
0.1238847 0.6090227 3.143507
0.06537263 0.3606178 3.163928
0.04907737 0.1354329 3.124651
0.05399936 0.08394273 3.119248
0.4667003 0.6213084 3.120394
0.5430667 0.3601862 3.161288
0.5609384 0.1402854 3.092192
0.540355 0.1089984 3.071618
0.2419937 0.1184173 3.284234
0.1717456 0.1685873 2.831362
0.2085356 -0.1537775 3.095539
0.1996444 -0.252032 2.976881
0.4280012 0.1288938 3.286083
0.3736466 0.1758856 2.829985
0.4301756 -0.222343 3.046978
0.3746277 -0.2871164 2.942576
0.2990844 0.6414995 3.140397
0.06107956 0.03325992 3.127653
0.07338703 0.0865759 3.094705
0.5311678 0.04149882 3.065924
0.5616987 0.1262572 3.064637
52
0.3388243 0.1136597 3.322734
0.3164047 0.4168656 3.223785
0.2930116 0.7169572 3.109146
0.2833981 0.8571693 3.108443
0.1238847 0.6090227 3.143507
0.06537263 0.3606178 3.163928
0.04907737 0.1354329 3.124651
0.05399936 0.08394273 3.119248
0.4667003 0.6213084 3.120394
0.5430667 0.3601862 3.161288
0.5609384 0.1402854 3.092192
0.540355 0.1089984 3.071618
0.2419937 0.1184173 3.284234
0.1717456 0.1685873 2.831362
0.2085356 -0.1537775 3.095539
0.1996444 -0.252032 2.976881
0.4280012 0.1288938 3.286083
0.3736466 0.1758856 2.829985
0.4301756 -0.222343 3.046978
0.3746277 -0.2871164 2.942576
0.2990844 0.6414995 3.140397
0.06107956 0.03325992 3.127653
0.07338703 0.0865759 3.094705
0.5311678 0.04149882 3.065924
0.5616987 0.1262572 3.064637
53
0.3358218 0.09266278 3.320646
0.3155771 0.3944289 3.220059
0.2939562 0.6929656 3.103588
0.2833884 0.8318284 3.101469
0.1252783 0.5952146 3.139321
0.06623589 0.3293158 3.154092
0.05448874 0.1017992 3.120879
0.06097808 0.05524702 3.118411
0.4667025 0.6054111 3.116286
0.544588 0.3366023 3.154613
0.5585015 0.1180223 3.088588
0.5356873 0.07140077 3.068247
0.2399212 0.09984776 3.282829
0.1780794 0.1748929 2.829705
0.2103809 -0.1503083 3.095166
0.1993705 -0.250589 2.973658
0.4239689 0.1057866 3.283447
0.3755524 0.1862524 2.828692
0.4319169 -0.2338386 3.049896
0.3759085 -0.2937818 2.950329
0.2996116 0.6182758 3.135395
0.06489203 0.006910548 3.129454
0.08286224 0.05713844 3.092965
0.524965 0.005597427 3.063373
0.5544844 0.0590696 3.056929
54
0.3358218 0.09266278 3.320646
0.3155771 0.3944289 3.220059
0.2939562 0.6929656 3.103588
0.2833884 0.8318284 3.101469
0.1252783 0.5952146 3.139321
0.06623589 0.3293158 3.154092
0.05448874 0.1017992 3.120879
0.06097808 0.05524702 3.118411
0.4667025 0.6054111 3.116286
0.544588 0.3366023 3.154613
0.5585015 0.1180223 3.088588
0.5356873 0.07140077 3.068247
0.2399212 0.09984776 3.282829
0.1780794 0.1748929 2.829705
0.2103809 -0.1503083 3.095166
0.1993705 -0.250589 2.973658
0.4239689 0.1057866 3.283447
0.3755524 0.1862524 2.828692
0.4319169 -0.2338386 3.049896
0.3759085 -0.2937818 2.950329
0.2996116 0.6182758 3.135395
0.06489203 0.006910548 3.129454
0.08286224 0.05713844 3.092965
0.524965 0.005597427 3.063373
0.5544844 0.0590696 3.056929
55
0.3324409 0.07252138 3.314035
0.3149917 0.3789524 3.217035
0.2945883 0.6787946 3.100212
0.2836448 0.8168541 3.09729
0.1306455 0.5710005 3.130678
0.07570604 0.3005861 3.154061
0.05664278 0.07793772 3.11719
0.07535861 0.0242296 3.11717
0.4663018 0.5839067 3.112809
0.5448351 0.3241578 3.150821
0.5561265 0.1040901 3.086952
0.5340319 0.05175933 3.066992
0.2366624 0.07969681 3.275762
0.1841883 0.1016482 2.841022
0.2121651 -0.1857521 3.076986
0.1962717 -0.2866231 2.956012
0.4205533 0.08617186 3.277454
0.3779784 0.1922471 2.831089
0.4336528 -0.2475359 3.053634
0.3824511 -0.3028734 2.957088
0.3000737 0.6042109 3.132481
0.07407118 -0.01768764 3.130607
0.09755425 0.03391426 3.093102
0.5242804 -0.01421081 3.06252
0.5524691 0.05906171 3.061463
56
0.3324409 0.07252138 3.314035
0.3149917 0.3789524 3.217035
0.2945883 0.6787946 3.100212
0.2836448 0.8168541 3.09729
0.1306455 0.5710005 3.130678
0.07570604 0.3005861 3.154061
0.05664278 0.07793772 3.11719
0.07535861 0.0242296 3.11717
0.4663018 0.5839067 3.112809
0.5448351 0.3241578 3.150821
0.5561265 0.1040901 3.086952
0.5340319 0.05175933 3.066992
0.2366624 0.07969681 3.275762
0.1841883 0.1016482 2.841022
0.2121651 -0.1857521 3.076986
0.1962717 -0.2866231 2.956012
0.4205533 0.08617186 3.277454
0.3779784 0.1922471 2.831089
0.4336528 -0.2475359 3.053634
0.3824511 -0.3028734 2.957088
0.3000737 0.6042109 3.132481
0.07407118 -0.01768764 3.130607
0.09755425 0.03391426 3.093102
0.5242804 -0.01421081 3.06252
0.5524691 0.05906171 3.061463
57
0.3316728 0.06027322 3.309869
0.3150059 0.3683618 3.215086
0.295091 0.668497 3.097926
0.284004 0.8054249 3.094432
0.1326265 0.5602242 3.127067
0.08295978 0.2826141 3.155695
0.05799554 0.06304591 3.114527
0.08203295 0.03148301 3.115789
0.4662685 0.5716358 3.110817
0.5432006 0.313212 3.148777
0.5533692 0.09221455 3.085688
0.5322411 0.0380723 3.066292
0.235927 0.06771468 3.271812
0.1894234 0.0857597 2.842863
0.2139129 -0.1966785 3.063582
0.2061109 -0.2973438 2.935634
0.4197667 0.07394552 3.273089
0.3786865 0.1856977 2.838788
0.4282521 -0.2093614 3.029722
0.3890386 -0.2799825 2.89378
0.3004853 0.5940959 3.130428
0.08081101 -0.02874741 3.126596
0.1090802 0.0255573 3.085877
0.522403 -0.02822017 3.062195
0.5507676 0.03303395 3.056664
58
0.3316728 0.06027322 3.309869
0.3150059 0.3683618 3.215086
0.295091 0.668497 3.097926
0.284004 0.8054249 3.094432
0.1326265 0.5602242 3.127067
0.08295978 0.2826141 3.155695
0.05799554 0.06304591 3.114527
0.08203295 0.03148301 3.115789
0.4662685 0.5716358 3.110817
0.5432006 0.313212 3.148777
0.5533692 0.09221455 3.085688
0.5322411 0.0380723 3.066292
0.235927 0.06771468 3.271812
0.1894234 0.0857597 2.842863
0.2139129 -0.1966785 3.063582
0.2061109 -0.2973438 2.935634
0.4197667 0.07394552 3.273089
0.3786865 0.1856977 2.838788
0.4282521 -0.2093614 3.029722
0.3890386 -0.2799825 2.89378
0.3004853 0.5940959 3.130428
0.08081101 -0.02874741 3.126596
0.1090802 0.0255573 3.085877
0.522403 -0.02822017 3.062195
0.5507676 0.03303395 3.056664
59
0.3311197 0.05303604 3.306462
0.3149827 0.3614038 3.21359
0.2955011 0.6626725 3.097487
0.2843524 0.7977802 3.092913
0.1340344 0.5533205 3.124707
0.08757764 0.2736296 3.157524
0.0594191 0.05375114 3.112893
0.08759157 0.02334684 3.114789
0.4662559 0.5636635 3.109392
0.5408095 0.3038018 3.148019
0.5507357 0.08251063 3.084876
0.5302168 0.02854367 3.066575
0.2354031 0.06063731 3.268701
0.1989698 0.09622496 2.850992
0.2181529 -0.1906457 3.051946
0.2127574 -0.2855416 2.916994
0.4192016 0.06673418 3.269352
0.3801694 0.1751055 2.847164
0.423145 -0.1730004 3.008106
0.4116105 -0.2458274 2.853667
0.3007697 0.5876989 3.129391
0.08997197 -0.03047969 3.120809
0.1187363 0.03455611 3.075757
0.5204 -0.03655387 3.065194
0.5467129 0.01996005 3.059011
60
0.3311197 0.05303604 3.306462
0.3149827 0.3614038 3.21359
0.2955011 0.6626725 3.097487
0.2843524 0.7977802 3.092913
0.1340344 0.5533205 3.124707
0.08757764 0.2736296 3.157524
0.0594191 0.05375114 3.112893
0.08759157 0.02334684 3.114789
0.4662559 0.5636635 3.109392
0.5408095 0.3038018 3.148019
0.5507357 0.08251063 3.084876
0.5302168 0.02854367 3.066575
0.2354031 0.06063731 3.268701
0.1989698 0.09622496 2.850992
0.2181529 -0.1906457 3.051946
0.2127574 -0.2855416 2.916994
0.4192016 0.06673418 3.269352
0.3801694 0.1751055 2.847164
0.423145 -0.1730004 3.008106
0.4116105 -0.2458274 2.853667
0.3007697 0.5876989 3.129391
0.08997197 -0.03047969 3.120809
0.1187363 0.03455611 3.075757
0.5204 -0.03655387 3.065194
0.5467129 0.01996005 3.059011
61
0.3300852 0.05094032 3.300741
0.314685 0.358822 3.211671
0.2956532 0.6629502 3.099256
0.2853806 0.7980792 3.094977
0.1352 0.5516445 3.123891
0.09159207 0.2717914 3.160867
0.06341936 0.05097868 3.111554
0.09224821 0.02299979 3.113087
0.4662616 0.56016 3.10958
0.5385509 0.2987291 3.148245
0.5485997 0.07702623 3.08491
0.526731 0.02501501 3.067741
0.234464 0.05843507 3.263407
0.200789 0.1014014 2.853343
0.2192184 -0.1880729 3.046045
0.2150834 -0.27981 2.908633
0.4181052 0.06484738 3.263181
0.3811674 0.1686039 2.850312
0.4197412 -0.148657 2.993463
0.4190009 -0.2224374 2.830146
0.3007964 0.5868306 3.129777
0.09699105 -0.02192009 3.115046
0.1235219 0.05275035 3.06865
0.5181314 -0.02737198 3.069474
0.5390653 0.02148468 3.060873
62
0.3300852 0.05094032 3.300741
0.314685 0.358822 3.211671
0.2956532 0.6629502 3.099256
0.2853806 0.7980792 3.094977
0.1352 0.5516445 3.123891
0.09159207 0.2717914 3.160867
0.06341936 0.05097868 3.111554
0.09224821 0.02299979 3.113087
0.4662616 0.56016 3.10958
0.5385509 0.2987291 3.148245
0.5485997 0.07702623 3.08491
0.526731 0.02501501 3.067741
0.234464 0.05843507 3.263407
0.200789 0.1014014 2.853343
0.2192184 -0.1880729 3.046045
0.2150834 -0.27981 2.908633
0.4181052 0.06484738 3.263181
0.3811674 0.1686039 2.850312
0.4197412 -0.148657 2.993463
0.4190009 -0.2224374 2.830146
0.3007964 0.5868306 3.129777
0.09699105 -0.02192009 3.115046
0.1235219 0.05275035 3.06865
0.5181314 -0.02737198 3.069474
0.5390653 0.02148468 3.060873
63
0.3299325 0.05903224 3.292392
0.3144112 0.3681674 3.209658
0.2957281 0.6825948 3.109883
0.2872929 0.8244067 3.10735
0.1358246 0.5567712 3.125574
0.09528419 0.2802056 3.166605
0.06940348 0.05830238 3.110973
0.09710117 0.02772485 3.112669
0.4660984 0.5723303 3.116471
0.5331158 0.3025534 3.153927
0.5447282 0.08016792 3.087456
0.5207924 0.0334037 3.072858
0.234589 0.06525803 3.256068
0.2007676 0.1058072 2.853533
0.2196459 -0.1856859 3.041794
0.2164306 -0.2751955 2.903524
0.4176373 0.07424223 3.25367
0.381846 0.1626552 2.850657
0.4182244 -0.1386421 2.985713
0.4207883 -0.2125682 2.820101
0.3007294 0.60312 3.136123
0.1082822 -0.001345108 3.113938
0.1268328 0.0729084 3.066388
0.5094972 0.0021771 3.069829
0.5305682 0.04104964 3.067982
64
0.3299325 0.05903224 3.292392
0.3144112 0.3681674 3.209658
0.2957281 0.6825948 3.109883
0.2872929 0.8244067 3.10735
0.1358246 0.5567712 3.125574
0.09528419 0.2802056 3.166605
0.06940348 0.05830238 3.110973
0.09710117 0.02772485 3.112669
0.4660984 0.5723303 3.116471
0.5331158 0.3025534 3.153927
0.5447282 0.08016792 3.087456
0.5207924 0.0334037 3.072858
0.234589 0.06525803 3.256068
0.2007676 0.1058072 2.853533
0.2196459 -0.1856859 3.041794
0.2164306 -0.2751955 2.903524
0.4176373 0.07424223 3.25367
0.381846 0.1626552 2.850657
0.4182244 -0.1386421 2.985713
0.4207883 -0.2125682 2.820101
0.3007294 0.60312 3.136123
0.1082822 -0.001345108 3.113938
0.1268328 0.0729084 3.066388
0.5094972 0.0021771 3.069829
0.5305682 0.04104964 3.067982
65
0.331044 0.0927678 3.281002
0.3127506 0.4058445 3.209609
0.2923702 0.7217119 3.124514
0.2877997 0.8624215 3.122568
0.1363318 0.6021862 3.142731
0.09684894 0.3219531 3.171872
0.07911666 0.09802596 3.117181
0.1009429 0.05960246 3.108501
0.4654088 0.6079811 3.129741
0.5251551 0.335529 3.16527
0.5377375 0.1135331 3.097702
0.5111833 0.07638954 3.080925
0.235945 0.09888335 3.245635
0.2000817 0.1088902 2.852023
0.2198575 -0.181697 3.038615
0.2173886 -0.2697231 2.901791
0.4184949 0.1074401 3.241209
0.3821128 0.1581211 2.848604
0.4171925 -0.1317243 2.979879
0.4166643 -0.2058909 2.816266
0.2977111 0.6424726 3.147483
0.1143735 0.03821531 3.101026
0.125825 0.1107561 3.064394
0.5041859 0.03963655 3.082922
0.5266148 0.08141462 3.081966
66
0.331044 0.0927678 3.281002
0.3127506 0.4058445 3.209609
0.2923702 0.7217119 3.124514
0.2877997 0.8624215 3.122568
0.1363318 0.6021862 3.142731
0.09684894 0.3219531 3.171872
0.07911666 0.09802596 3.117181
0.1009429 0.05960246 3.108501
0.4654088 0.6079811 3.129741
0.5251551 0.335529 3.16527
0.5377375 0.1135331 3.097702
0.5111833 0.07638954 3.080925
0.235945 0.09888335 3.245635
0.2000817 0.1088902 2.852023
0.2198575 -0.181697 3.038615
0.2173886 -0.2697231 2.901791
0.4184949 0.1074401 3.241209
0.3821128 0.1581211 2.848604
0.4171925 -0.1317243 2.979879
0.4166643 -0.2058909 2.816266
0.2977111 0.6424726 3.147483
0.1143735 0.03821531 3.101026
0.125825 0.1107561 3.064394
0.5041859 0.03963655 3.082922
0.5266148 0.08141462 3.081966
67
0.3319697 0.1371559 3.275063
0.3102544 0.4579422 3.214765
0.2871372 0.7782508 3.142811
0.2881365 0.920037 3.143119
0.1351234 0.6509956 3.160963
0.09372728 0.3888372 3.1807
0.08594532 0.1630493 3.129699
0.101323 0.1169639 3.107189
0.462383 0.6613015 3.146652
0.5177305 0.3915642 3.177827
0.527324 0.1714624 3.103152
0.503831 0.1390899 3.087034
0.2370857 0.1420337 3.239875
0.1992115 0.1101595 2.851266
0.2200349 -0.1799619 3.039749
0.2067743 -0.2638257 2.912127
0.4191937 0.1522027 3.234915
0.3820332 0.1488831 2.845774
0.4163804 -0.1285227 2.975296
0.4104265 -0.202482 2.81847
0.2930739 0.6989338 3.163049
0.109268 0.08912531 3.09623
0.1234811 0.1599051 3.068486
0.5004814 0.09371933 3.087786
0.5254583 0.149591 3.089244
68
0.3319697 0.1371559 3.275063
0.3102544 0.4579422 3.214765
0.2871372 0.7782508 3.142811
0.2881365 0.920037 3.143119
0.1351234 0.6509956 3.160963
0.09372728 0.3888372 3.1807
0.08594532 0.1630493 3.129699
0.101323 0.1169639 3.107189
0.462383 0.6613015 3.146652
0.5177305 0.3915642 3.177827
0.527324 0.1714624 3.103152
0.503831 0.1390899 3.087034
0.2370857 0.1420337 3.239875
0.1992115 0.1101595 2.851266
0.2200349 -0.1799619 3.039749
0.2067743 -0.2638257 2.912127
0.4191937 0.1522027 3.234915
0.3820332 0.1488831 2.845774
0.4163804 -0.1285227 2.975296
0.4104265 -0.202482 2.81847
0.2930739 0.6989338 3.163049
0.109268 0.08912531 3.09623
0.1234811 0.1599051 3.068486
0.5004814 0.09371933 3.087786
0.5254583 0.149591 3.089244
69
0.334516 0.1904707 3.274589
0.3106013 0.5164835 3.224103
0.2858934 0.8401595 3.162261
0.2863334 0.9833335 3.164552
0.1328827 0.7079131 3.181519
0.09001689 0.4436256 3.188905
0.08834697 0.2171853 3.138588
0.09908132 0.1781149 3.112692
0.4632961 0.7141429 3.165601
0.5149485 0.4419502 3.187267
0.5109746 0.2237655 3.105972
0.4993566 0.1958895 3.090492
0.2396025 0.1939864 3.23822
0.1976102 0.1112167 2.851817
0.219647 -0.1729719 3.044401
0.201952 -0.2587908 2.919786
0.421712 0.205715 3.235381
0.3824043 0.1433248 2.84616
0.4162638 -0.1281252 2.973923
0.4074929 -0.1991009 2.82545
0.2921764 0.7595841 3.180084
0.1014013 0.1418962 3.099446
0.1215628 0.2094611 3.075286
0.49628 0.1520416 3.083034
0.5240793 0.2022134 3.090598
70
0.334516 0.1904707 3.274589
0.3106013 0.5164835 3.224103
0.2858934 0.8401595 3.162261
0.2863334 0.9833335 3.164552
0.1328827 0.7079131 3.181519
0.09001689 0.4436256 3.188905
0.08834697 0.2171853 3.138588
0.09908132 0.1781149 3.112692
0.4632961 0.7141429 3.165601
0.5149485 0.4419502 3.187267
0.5109746 0.2237655 3.105972
0.4993566 0.1958895 3.090492
0.2396025 0.1939864 3.23822
0.1976102 0.1112167 2.851817
0.219647 -0.1729719 3.044401
0.201952 -0.2587908 2.919786
0.421712 0.205715 3.235381
0.3824043 0.1433248 2.84616
0.4162638 -0.1281252 2.973923
0.4074929 -0.1991009 2.82545
0.2921764 0.7595841 3.180084
0.1014013 0.1418962 3.099446
0.1215628 0.2094611 3.075286
0.49628 0.1520416 3.083034
0.5240793 0.2022134 3.090598
71
0.3325175 0.2448447 3.27661
0.3090467 0.5757995 3.236753
0.2852145 0.9017531 3.185086
0.2851278 1.04738 3.188867
0.1267914 0.7659463 3.204192
0.08607617 0.4991781 3.207615
0.08995405 0.2739018 3.146328
0.09621394 0.2411064 3.120817
0.46437 0.7743909 3.18384
0.5118361 0.4883091 3.198256
0.5172808 0.2727595 3.109912
0.4985873 0.2357829 3.094816
0.2382129 0.2471048 3.239811
0.1923545 0.1186388 2.855733
0.2170704 -0.1548508 3.054978
0.1957845 -0.2458929 2.932652
0.4191266 0.2601503 3.237543
0.3848604 0.1328351 2.852889
0.4178745 -0.1323795 2.979324
0.4059858 -0.1967474 2.847408
0.2912799 0.8210651 3.200663
0.09009037 0.2002077 3.099339
0.1210855 0.2637975 3.083688
0.4885729 0.2074766 3.07337
0.5239383 0.2534937 3.087385
72
0.3325175 0.2448447 3.27661
0.3090467 0.5757995 3.236753
0.2852145 0.9017531 3.185086
0.2851278 1.04738 3.188867
0.1267914 0.7659463 3.204192
0.08607617 0.4991781 3.207615
0.08995405 0.2739018 3.146328
0.09621394 0.2411064 3.120817
0.46437 0.7743909 3.18384
0.5118361 0.4883091 3.198256
0.5172808 0.2727595 3.109912
0.4985873 0.2357829 3.094816
0.2382129 0.2471048 3.239811
0.1923545 0.1186388 2.855733
0.2170704 -0.1548508 3.054978
0.1957845 -0.2458929 2.932652
0.4191266 0.2601503 3.237543
0.3848604 0.1328351 2.852889
0.4178745 -0.1323795 2.979324
0.4059858 -0.1967474 2.847408
0.2912799 0.8210651 3.200663
0.09009037 0.2002077 3.099339
0.1210855 0.2637975 3.083688
0.4885729 0.2074766 3.07337
0.5239383 0.2534937 3.087385
73
0.3313646 0.2984248 3.278477
0.306348 0.6334329 3.248369
0.2808391 0.9618473 3.20558
0.281186 1.110187 3.210486
0.1228966 0.8236089 3.223445
0.08519669 0.5292462 3.220364
0.09014079 0.3000495 3.148696
0.09593895 0.3015508 3.127454
0.4617668 0.8362386 3.200468
0.5079474 0.5306818 3.202955
0.5153561 0.3123466 3.11998
0.4966158 0.31452 3.109372
0.2377676 0.2994507 3.241563
0.1855856 0.1276715 2.866
0.2136865 -0.1328149 3.068959
0.1902353 -0.2286506 2.949207
0.4172676 0.313733 3.23925
0.3887407 0.1266167 2.865956
0.41901 -0.1345344 2.983446
0.4012354 -0.1954431 2.852642
0.2873357 0.8807923 3.219065
0.1121635 0.277617 3.061823
0.1279366 0.3227792 3.073298
0.4872981 0.2652499 3.075249
0.5229632 0.3159212 3.09357
74
0.3313646 0.2984248 3.278477
0.306348 0.6334329 3.248369
0.2808391 0.9618473 3.20558
0.281186 1.110187 3.210486
0.1228966 0.8236089 3.223445
0.08519669 0.5292462 3.220364
0.09014079 0.3000495 3.148696
0.09593895 0.3015508 3.127454
0.4617668 0.8362386 3.200468
0.5079474 0.5306818 3.202955
0.5153561 0.3123466 3.11998
0.4966158 0.31452 3.109372
0.2377676 0.2994507 3.241563
0.1855856 0.1276715 2.866
0.2136865 -0.1328149 3.068959
0.1902353 -0.2286506 2.949207
0.4172676 0.313733 3.23925
0.3887407 0.1266167 2.865956
0.41901 -0.1345344 2.983446
0.4012354 -0.1954431 2.852642
0.2873357 0.8807923 3.219065
0.1121635 0.277617 3.061823
0.1279366 0.3227792 3.073298
0.4872981 0.2652499 3.075249
0.5229632 0.3159212 3.09357
75
0.3308556 0.3495097 3.281763
0.305238 0.6888221 3.260202
0.2790309 1.019613 3.224902
0.2770623 1.166393 3.23131
0.1197272 0.8794565 3.24082
0.08540038 0.5855392 3.240242
0.08314094 0.3621121 3.157631
0.09188972 0.3569999 3.139852
0.4586206 0.8985773 3.215557
0.5045369 0.6016482 3.213366
0.5136721 0.3820581 3.134652
0.4946931 0.3537444 3.112075
0.2407008 0.3495674 3.245744
0.1746343 0.1400023 2.892461
0.2123994 -0.1306887 3.114202
0.1902901 -0.2252154 3.002573
0.4132854 0.3650004 3.241406
0.3951716 0.118778 2.901763
0.4212561 -0.1423083 2.995321
0.3994349 -0.194487 2.855794
0.2857302 0.9379594 3.236524
0.1188536 0.3261801 3.07209
0.1299053 0.3753366 3.085978
0.4819999 0.3158944 3.078088
0.5206475 0.3689176 3.088571
76
0.3308556 0.3495097 3.281763
0.305238 0.6888221 3.260202
0.2790309 1.019613 3.224902
0.2770623 1.166393 3.23131
0.1197272 0.8794565 3.24082
0.08540038 0.5855392 3.240242
0.08314094 0.3621121 3.157631
0.09188972 0.3569999 3.139852
0.4586206 0.8985773 3.215557
0.5045369 0.6016482 3.213366
0.5136721 0.3820581 3.134652
0.4946931 0.3537444 3.112075
0.2407008 0.3495674 3.245744
0.1746343 0.1400023 2.892461
0.2123994 -0.1306887 3.114202
0.1902901 -0.2252154 3.002573
0.4132854 0.3650004 3.241406
0.3951716 0.118778 2.901763
0.4212561 -0.1423083 2.995321
0.3994349 -0.194487 2.855794
0.2857302 0.9379594 3.236524
0.1188536 0.3261801 3.07209
0.1299053 0.3753366 3.085978
0.4819999 0.3158944 3.078088
0.5206475 0.3689176 3.088571
77
0.33333 0.394142 3.285546
0.3054221 0.7396695 3.271557
0.2763982 1.074775 3.2432
0.2750339 1.223527 3.2532
0.1160487 0.9332567 3.256823
0.08271656 0.6456373 3.257238
0.07871949 0.4198797 3.171185
0.08630347 0.3986889 3.154308
0.4565028 0.9554014 3.231963
0.5040274 0.6791382 3.226635
0.5079333 0.4398555 3.143225
0.4921393 0.3873354 3.116055
0.247587 0.3956998 3.250864
0.1676235 0.1471715 2.932997
0.2096442 -0.124874 3.13803
0.1896005 -0.2178601 3.01876
0.4117258 0.4065953 3.243742
0.4009275 0.1220473 2.940275
0.4249059 -0.1899818 3.001893
0.3924842 -0.2254759 2.834769
0.2838184 0.9922535 3.253094
0.09693225 0.3603899 3.117609
0.1289977 0.3978867 3.094558
0.4747875 0.3491752 3.081325
0.5179937 0.4014805 3.089165
78
0.33333 0.394142 3.285546
0.3054221 0.7396695 3.271557
0.2763982 1.074775 3.2432
0.2750339 1.223527 3.2532
0.1160487 0.9332567 3.256823
0.08271656 0.6456373 3.257238
0.07871949 0.4198797 3.171185
0.08630347 0.3986889 3.154308
0.4565028 0.9554014 3.231963
0.5040274 0.6791382 3.226635
0.5079333 0.4398555 3.143225
0.4921393 0.3873354 3.116055
0.247587 0.3956998 3.250864
0.1676235 0.1471715 2.932997
0.2096442 -0.124874 3.13803
0.1896005 -0.2178601 3.01876
0.4117258 0.4065953 3.243742
0.4009275 0.1220473 2.940275
0.4249059 -0.1899818 3.001893
0.3924842 -0.2254759 2.834769
0.2838184 0.9922535 3.253094
0.09693225 0.3603899 3.117609
0.1289977 0.3978867 3.094558
0.4747875 0.3491752 3.081325
0.5179937 0.4014805 3.089165
79
0.330817 0.4382915 3.28799
0.3044782 0.7785445 3.279169
0.276436 1.11406 3.255863
0.2732998 1.265056 3.269875
0.1145379 0.9694352 3.26628
0.08635965 0.7120724 3.276373
0.07384089 0.4900103 3.191463
0.07656936 0.4531462 3.174232
0.4554591 0.9936029 3.242128
0.50295 0.7287611 3.23596
0.4995457 0.4699517 3.143034
0.4873325 0.408977 3.117763
0.2465281 0.4404934 3.254175
0.1556899 0.1765767 2.95833
0.2127348 -0.1343297 3.153014
0.1900988 -0.2150713 3.030705
0.4077074 0.4488232 3.245106
0.4037491 0.1336831 2.982213
0.4270149 -0.2185704 3.008709
0.3907229 -0.2340794 2.834394
0.2836061 1.030607 3.264243
0.08141813 0.4059354 3.145327
0.1094224 0.4182492 3.141376
0.4668251 0.3317769 3.064099
0.5003303 0.4192177 3.097858
80
0.330817 0.4382915 3.28799
0.3044782 0.7785445 3.279169
0.276436 1.11406 3.255863
0.2732998 1.265056 3.269875
0.1145379 0.9694352 3.26628
0.08635965 0.7120724 3.276373
0.07384089 0.4900103 3.191463
0.07656936 0.4531462 3.174232
0.4554591 0.9936029 3.242128
0.50295 0.7287611 3.23596
0.4995457 0.4699517 3.143034
0.4873325 0.408977 3.117763
0.2465281 0.4404934 3.254175
0.1556899 0.1765767 2.95833
0.2127348 -0.1343297 3.153014
0.1900988 -0.2150713 3.030705
0.4077074 0.4488232 3.245106
0.4037491 0.1336831 2.982213
0.4270149 -0.2185704 3.008709
0.3907229 -0.2340794 2.834394
0.2836061 1.030607 3.264243
0.08141813 0.4059354 3.145327
0.1094224 0.4182492 3.141376
0.4668251 0.3317769 3.064099
0.5003303 0.4192177 3.097858
81
0.3051509 0.4769095 3.294641
0.295957 0.8101574 3.285842
0.2760155 1.143924 3.264043
0.2708303 1.299668 3.282269
0.1119963 1.014153 3.276808
0.08642808 0.7439513 3.284586
0.06882201 0.5258758 3.20106
0.0754307 0.5042399 3.193651
0.4543394 1.033487 3.252724
0.501294 0.7725549 3.2471
0.5016091 0.5357041 3.152539
0.4827785 0.4876888 3.13913
0.2220346 0.4813495 3.261278
0.1645918 0.1929069 2.984328
0.2087637 -0.2552366 3.115425
0.217394 -0.2921419 2.986361
0.3816599 0.4842206 3.250988
0.4117652 0.1487103 3.026147
0.4284458 -0.1483104 3.046529
0.3990516 -0.1614757 2.878727
0.281522 1.060495 3.271912
0.07859924 0.4327518 3.169772
0.114181 0.5029099 3.183046
0.4720175 0.4077427 3.102382
0.5049018 0.4833267 3.114271
82
0.3051509 0.4769095 3.294641
0.295957 0.8101574 3.285842
0.2760155 1.143924 3.264043
0.2708303 1.299668 3.282269
0.1119963 1.014153 3.276808
0.08642808 0.7439513 3.284586
0.06882201 0.5258758 3.20106
0.0754307 0.5042399 3.193651
0.4543394 1.033487 3.252724
0.501294 0.7725549 3.2471
0.5016091 0.5357041 3.152539
0.4827785 0.4876888 3.13913
0.2220346 0.4813495 3.261278
0.1645918 0.1929069 2.984328
0.2087637 -0.2552366 3.115425
0.217394 -0.2921419 2.986361
0.3816599 0.4842206 3.250988
0.4117652 0.1487103 3.026147
0.4284458 -0.1483104 3.046529
0.3990516 -0.1614757 2.878727
0.281522 1.060495 3.271912
0.07859924 0.4327518 3.169772
0.114181 0.5029099 3.183046
0.4720175 0.4077427 3.102382
0.5049018 0.4833267 3.114271
83
0.2981404 0.493674 3.296762
0.2917295 0.830244 3.290559
0.2745724 1.174577 3.274662
0.2692581 1.321575 3.289643
0.1104873 1.033488 3.282182
0.08476546 0.7667466 3.291063
0.0669225 0.5494948 3.207673
0.07474287 0.5255064 3.201472
0.4539576 1.054478 3.258622
0.5014156 0.8057669 3.255089
0.5010725 0.5887854 3.163739
0.4783787 0.520943 3.146205
0.21572 0.499098 3.26371
0.1692263 0.1947874 3.009282
0.1993612 -0.3007747 3.089583
0.2192285 -0.3173145 2.980054
0.3741511 0.4996661 3.252716
0.4175604 0.1539814 3.050728
0.4283669 -0.1135613 3.081901
0.4009935 -0.1341625 2.914582
0.2791627 1.08794 3.28065
0.07634988 0.4557077 3.184889
0.1163933 0.5432645 3.196025
0.4653255 0.4359592 3.117833
0.5060526 0.522364 3.116063
84
0.2981404 0.493674 3.296762
0.2917295 0.830244 3.290559
0.2745724 1.174577 3.274662
0.2692581 1.321575 3.289643
0.1104873 1.033488 3.282182
0.08476546 0.7667466 3.291063
0.0669225 0.5494948 3.207673
0.07474287 0.5255064 3.201472
0.4539576 1.054478 3.258622
0.5014156 0.8057669 3.255089
0.5010725 0.5887854 3.163739
0.4783787 0.520943 3.146205
0.21572 0.499098 3.26371
0.1692263 0.1947874 3.009282
0.1993612 -0.3007747 3.089583
0.2192285 -0.3173145 2.980054
0.3741511 0.4996661 3.252716
0.4175604 0.1539814 3.050728
0.4283669 -0.1135613 3.081901
0.4009935 -0.1341625 2.914582
0.2791627 1.08794 3.28065
0.07634988 0.4557077 3.184889
0.1163933 0.5432645 3.196025
0.4653255 0.4359592 3.117833
0.5060526 0.522364 3.116063
85
0.2907951 0.5143985 3.275786
0.2878098 0.8465755 3.290935
0.2734702 1.190935 3.28043
0.2679436 1.338388 3.29566
0.108914 1.048081 3.286993
0.08348947 0.7808451 3.295145
0.06576386 0.5642275 3.211484
0.07536807 0.5387728 3.206321
0.4535831 1.070961 3.263632
0.5012342 0.8225756 3.258952
0.5003189 0.6079898 3.166959
0.4769968 0.5407175 3.15039
0.2109562 0.5207335 3.247011
0.1861851 0.1724021 3.086609
0.2057974 -0.2293217 3.150234
0.2105197 -0.24648 3.040443
0.3636759 0.5191706 3.226638
0.4218267 0.1559533 3.089288
0.4359713 -0.16446 3.13743
0.4109688 -0.1907153 2.970034
0.2775298 1.103904 3.285315
0.1040317 0.4387544 3.169041
0.1215746 0.5460505 3.18324
0.4554695 0.4758687 3.133862
0.5040846 0.5440302 3.115567
86
0.2907951 0.5143985 3.275786
0.2878098 0.8465755 3.290935
0.2734702 1.190935 3.28043
0.2679436 1.338388 3.29566
0.108914 1.048081 3.286993
0.08348947 0.7808451 3.295145
0.06576386 0.5642275 3.211484
0.07536807 0.5387728 3.206321
0.4535831 1.070961 3.263632
0.5012342 0.8225756 3.258952
0.5003189 0.6079898 3.166959
0.4769968 0.5407175 3.15039
0.2109562 0.5207335 3.247011
0.1861851 0.1724021 3.086609
0.2057974 -0.2293217 3.150234
0.2105197 -0.24648 3.040443
0.3636759 0.5191706 3.226638
0.4218267 0.1559533 3.089288
0.4359713 -0.16446 3.13743
0.4109688 -0.1907153 2.970034
0.2775298 1.103904 3.285315
0.1040317 0.4387544 3.169041
0.1215746 0.5460505 3.18324
0.4554695 0.4758687 3.133862
0.5040846 0.5440302 3.115567
87
0.289989 0.5250512 3.265347
0.2857955 0.8576697 3.290851
0.272514 1.20213 3.284807
0.2669936 1.349169 3.300043
0.1071794 1.058969 3.291043
0.07895795 0.7962393 3.300157
0.06584785 0.578473 3.217036
0.0771881 0.5547904 3.211565
0.453301 1.081667 3.266747
0.5012785 0.8359227 3.262991
0.5003723 0.6259086 3.169316
0.473676 0.5745749 3.159878
0.2105053 0.5309693 3.237326
0.2025246 0.09428989 3.168877
0.2197699 -0.2981783 3.155081
0.2085449 -0.2935158 3.008409
0.362573 0.5306084 3.21591
0.4153588 0.1091061 3.159612
0.4210539 -0.2627616 3.124655
0.3864345 -0.2470431 2.951804
0.2764428 1.11483 3.288688
0.09434296 0.4684497 3.191488
0.1209207 0.5749709 3.196836
0.4537527 0.4990535 3.144886
0.5107478 0.5885434 3.130295
88
0.289989 0.5250512 3.265347
0.2857955 0.8576697 3.290851
0.272514 1.20213 3.284807
0.2669936 1.349169 3.300043
0.1071794 1.058969 3.291043
0.07895795 0.7962393 3.300157
0.06584785 0.578473 3.217036
0.0771881 0.5547904 3.211565
0.453301 1.081667 3.266747
0.5012785 0.8359227 3.262991
0.5003723 0.6259086 3.169316
0.473676 0.5745749 3.159878
0.2105053 0.5309693 3.237326
0.2025246 0.09428989 3.168877
0.2197699 -0.2981783 3.155081
0.2085449 -0.2935158 3.008409
0.362573 0.5306084 3.21591
0.4153588 0.1091061 3.159612
0.4210539 -0.2627616 3.124655
0.3864345 -0.2470431 2.951804
0.2764428 1.11483 3.288688
0.09434296 0.4684497 3.191488
0.1209207 0.5749709 3.196836
0.4537527 0.4990535 3.144886
0.5107478 0.5885434 3.130295
89
0.2909117 0.5305945 3.258656
0.2845157 0.8652387 3.290724
0.2713825 1.209773 3.288504
0.2657635 1.357237 3.304103
0.1054536 1.066092 3.294312
0.07650257 0.8050396 3.303173
0.06569619 0.587166 3.220169
0.07777807 0.5640128 3.214545
0.4531236 1.088512 3.26893
0.5014192 0.8444959 3.265774
0.5004469 0.6366083 3.170717
0.4722789 0.5875824 3.162928
0.2117992 0.5354899 3.230169
0.2115436 0.0469281 3.214824
0.1993781 -0.3593503 3.081715
0.200787 -0.3221271 2.967973
0.3629893 0.5371431 3.209787
0.4093305 0.07859277 3.199074
0.4131861 -0.2810594 3.178649
0.3859889 -0.2713537 3.002606
0.275526 1.122602 3.291275
0.0857636 0.4823499 3.200818
0.1225678 0.5743302 3.190741
0.4548993 0.5142827 3.152111
0.5092199 0.5817963 3.131572
90
0.2909117 0.5305945 3.258656
0.2845157 0.8652387 3.290724
0.2713825 1.209773 3.288504
0.2657635 1.357237 3.304103
0.1054536 1.066092 3.294312
0.07650257 0.8050396 3.303173
0.06569619 0.587166 3.220169
0.07777807 0.5640128 3.214545
0.4531236 1.088512 3.26893
0.5014192 0.8444959 3.265774
0.5004469 0.6366083 3.170717
0.4722789 0.5875824 3.162928
0.2117992 0.5354899 3.230169
0.2115436 0.0469281 3.214824
0.1993781 -0.3593503 3.081715
0.200787 -0.3221271 2.967973
0.3629893 0.5371431 3.209787
0.4093305 0.07859277 3.199074
0.4131861 -0.2810594 3.178649
0.3859889 -0.2713537 3.002606
0.275526 1.122602 3.291275
0.0857636 0.4823499 3.200818
0.1225678 0.5743302 3.190741
0.4548993 0.5142827 3.152111
0.5092199 0.5817963 3.131572
91
0.2932698 0.5315179 3.25381
0.2837439 0.8696998 3.289988
0.2699002 1.213475 3.29201
0.2644118 1.361984 3.307835
0.1027745 1.069183 3.297959
0.07413299 0.8099018 3.305202
0.06570448 0.5921109 3.222378
0.07847516 0.5691167 3.215911
0.452961 1.09185 3.27062
0.5012422 0.849552 3.268079
0.5008661 0.6423991 3.171373
0.4712603 0.596267 3.16453
0.2143332 0.5352838 3.224705
0.2141958 0.0301468 3.221777
0.2014991 -0.3708249 3.087378
0.1988248 -0.3288676 2.962453
0.3651031 0.5393021 3.205635
0.4065298 0.05304057 3.223314
0.4103881 -0.2998065 3.189347
0.384022 -0.2830731 3.012528
0.2744377 1.127168 3.293483
0.08365845 0.4875346 3.20592
0.1233454 0.5778194 3.1891
0.4611019 0.5260566 3.15356
0.511676 0.6026292 3.135611
92
0.2932698 0.5315179 3.25381
0.2837439 0.8696998 3.289988
0.2699002 1.213475 3.29201
0.2644118 1.361984 3.307835
0.1027745 1.069183 3.297959
0.07413299 0.8099018 3.305202
0.06570448 0.5921109 3.222378
0.07847516 0.5691167 3.215911
0.452961 1.09185 3.27062
0.5012422 0.849552 3.268079
0.5008661 0.6423991 3.171373
0.4712603 0.596267 3.16453
0.2143332 0.5352838 3.224705
0.2141958 0.0301468 3.221777
0.2014991 -0.3708249 3.087378
0.1988248 -0.3288676 2.962453
0.3651031 0.5393021 3.205635
0.4065298 0.05304057 3.223314
0.4103881 -0.2998065 3.189347
0.384022 -0.2830731 3.012528
0.2744377 1.127168 3.293483
0.08365845 0.4875346 3.20592
0.1233454 0.5778194 3.1891
0.4611019 0.5260566 3.15356
0.511676 0.6026292 3.135611
93
0.296205 0.5293537 3.251331
0.283339 0.8716572 3.289567
0.2680302 1.213521 3.296921
0.2627041 1.363767 3.312666
0.09959058 1.068234 3.302469
0.07137205 0.809752 3.306595
0.06601062 0.5920108 3.223471
0.07931417 0.5690295 3.216004
0.4529666 1.091804 3.272682
0.5011237 0.8490509 3.269975
0.5015891 0.6409187 3.171043
0.4712959 0.5963463 3.165355
0.2171989 0.5322792 3.221569
0.2175456 0.01504606 3.235241
0.2067252 -0.3733305 3.121344
0.1954031 -0.328893 2.970893
0.3680812 0.5381335 3.203952
0.4057197 0.04473256 3.236372
0.4142655 -0.329726 3.140916
0.3867047 -0.2867094 2.969702
0.2730685 1.128475 3.296618
0.07918973 0.4918014 3.20733
0.1238982 0.5660391 3.181933
0.4771553 0.5262753 3.15425
0.5144445 0.6061206 3.136891
94
0.296205 0.5293537 3.251331
0.283339 0.8716572 3.289567
0.2680302 1.213521 3.296921
0.2627041 1.363767 3.312666
0.09959058 1.068234 3.302469
0.07137205 0.809752 3.306595
0.06601062 0.5920108 3.223471
0.07931417 0.5690295 3.216004
0.4529666 1.091804 3.272682
0.5011237 0.8490509 3.269975
0.5015891 0.6409187 3.171043
0.4712959 0.5963463 3.165355
0.2171989 0.5322792 3.221569
0.2175456 0.01504606 3.235241
0.2067252 -0.3733305 3.121344
0.1954031 -0.328893 2.970893
0.3680812 0.5381335 3.203952
0.4057197 0.04473256 3.236372
0.4142655 -0.329726 3.140916
0.3867047 -0.2867094 2.969702
0.2730685 1.128475 3.296618
0.07918973 0.4918014 3.20733
0.1238982 0.5660391 3.181933
0.4771553 0.5262753 3.15425
0.5144445 0.6061206 3.136891
95
0.2991429 0.5254106 3.25068
0.2833634 0.8708861 3.288878
0.2665739 1.211247 3.300352
0.260967 1.363171 3.317668
0.09714125 1.065625 3.305726
0.06911104 0.8063751 3.30723
0.0658043 0.5886117 3.223384
0.07841152 0.5653865 3.214265
0.4529008 1.089237 3.274878
0.5008219 0.8444448 3.271339
0.5024201 0.6349588 3.170132
0.4726454 0.5895346 3.166416
0.2200066 0.5277025 3.220543
0.2191956 0.006432706 3.238822
0.2142068 -0.3554007 3.164882
0.1959403 -0.3203501 2.994591
0.3712136 0.5349172 3.2039
0.4054867 0.03702576 3.245251
0.4142044 -0.3405967 3.134614
0.3920932 -0.286746 2.94907
0.2719098 1.127144 3.29901
0.07344975 0.4857886 3.205023
0.1224243 0.5555856 3.175675
0.4864848 0.5216829 3.154494
0.5174425 0.60144 3.13659
96
0.2991429 0.5254106 3.25068
0.2833634 0.8708861 3.288878
0.2665739 1.211247 3.300352
0.260967 1.363171 3.317668
0.09714125 1.065625 3.305726
0.06911104 0.8063751 3.30723
0.0658043 0.5886117 3.223384
0.07841152 0.5653865 3.214265
0.4529008 1.089237 3.274878
0.5008219 0.8444448 3.271339
0.5024201 0.6349588 3.170132
0.4726454 0.5895346 3.166416
0.2200066 0.5277025 3.220543
0.2191956 0.006432706 3.238822
0.2142068 -0.3554007 3.164882
0.1959403 -0.3203501 2.994591
0.3712136 0.5349172 3.2039
0.4054867 0.03702576 3.245251
0.4142044 -0.3405967 3.134614
0.3920932 -0.286746 2.94907
0.2719098 1.127144 3.29901
0.07344975 0.4857886 3.205023
0.1224243 0.5555856 3.175675
0.4864848 0.5216829 3.154494
0.5174425 0.60144 3.13659
97
0.3016989 0.5214322 3.25112
0.2836378 0.8688728 3.288824
0.2651739 1.20766 3.304388
0.2592691 1.361175 3.322837
0.09386525 1.061753 3.311715
0.06745628 0.8004563 3.307173
0.06530951 0.5826927 3.222328
0.07734701 0.5583893 3.212555
0.4528779 1.085799 3.277864
0.5004472 0.838883 3.271986
0.5030582 0.6284023 3.169107
0.473829 0.5807127 3.166102
0.2224374 0.5234333 3.22074
0.219162 0.004215488 3.237079
0.2228453 -0.3475525 3.176744
0.1960273 -0.317682 3.000954
0.3739476 0.5313022 3.20475
0.4065878 0.03163937 3.246159
0.4155227 -0.3311103 3.12468
0.3851366 -0.2728997 2.948622
0.2708169 1.124267 3.30205
0.07178113 0.4806619 3.203351
0.1222847 0.551348 3.173301
0.4969898 0.5118497 3.155105
0.5205353 0.5814081 3.131633
98
0.3016989 0.5214322 3.25112
0.2836378 0.8688728 3.288824
0.2651739 1.20766 3.304388
0.2592691 1.361175 3.322837
0.09386525 1.061753 3.311715
0.06745628 0.8004563 3.307173
0.06530951 0.5826927 3.222328
0.07734701 0.5583893 3.212555
0.4528779 1.085799 3.277864
0.5004472 0.838883 3.271986
0.5030582 0.6284023 3.169107
0.473829 0.5807127 3.166102
0.2224374 0.5234333 3.22074
0.219162 0.004215488 3.237079
0.2228453 -0.3475525 3.176744
0.1960273 -0.317682 3.000954
0.3739476 0.5313022 3.20475
0.4065878 0.03163937 3.246159
0.4155227 -0.3311103 3.12468
0.3851366 -0.2728997 2.948622
0.2708169 1.124267 3.30205
0.07178113 0.4806619 3.203351
0.1222847 0.551348 3.173301
0.4969898 0.5118497 3.155105
0.5205353 0.5814081 3.131633
99
0.3036116 0.5179881 3.252078
0.2839292 0.8664663 3.28958
0.2640061 1.204143 3.309121
0.2578999 1.358823 3.327581
0.09152849 1.058446 3.316488
0.06652744 0.7944383 3.306791
0.06480864 0.5767408 3.221008
0.07658912 0.5528007 3.210841
0.4526181 1.082409 3.280892
0.4989757 0.8286044 3.272387
0.5036061 0.6184863 3.16717
0.4745769 0.5694653 3.166794
0.2242807 0.5198042 3.221624
0.2181237 0.005921193 3.23055
0.2229188 -0.3457397 3.167731
0.1948587 -0.3161756 3.000089
0.375989 0.528064 3.205916
0.4051813 0.0256939 3.244734
0.4230896 -0.3174244 3.087023
0.3876657 -0.2462432 2.928138
0.2698625 1.121094 3.305908
0.06944695 0.4762576 3.201915
0.1217403 0.544611 3.171517
0.5002843 0.507641 3.157067
0.5219567 0.5693781 3.134944
100
0.3036116 0.5179881 3.252078
0.2839292 0.8664663 3.28958
0.2640061 1.204143 3.309121
0.2578999 1.358823 3.327581
0.09152849 1.058446 3.316488
0.06652744 0.7944383 3.306791
0.06480864 0.5767408 3.221008
0.07658912 0.5528007 3.210841
0.4526181 1.082409 3.280892
0.4989757 0.8286044 3.272387
0.5036061 0.6184863 3.16717
0.4745769 0.5694653 3.166794
0.2242807 0.5198042 3.221624
0.2181237 0.005921193 3.23055
0.2229188 -0.3457397 3.167731
0.1948587 -0.3161756 3.000089
0.375989 0.528064 3.205916
0.4051813 0.0256939 3.244734
0.4230896 -0.3174244 3.087023
0.3876657 -0.2462432 2.928138
0.2698625 1.121094 3.305908
0.06944695 0.4762576 3.201915
0.1217403 0.544611 3.171517
0.5002843 0.507641 3.157067
0.5219567 0.5693781 3.134944
101
0.3050243 0.515215 3.253287
0.2841997 0.8640205 3.290821
0.2630742 1.201143 3.313327
0.2565115 1.356277 3.332534
0.09018502 1.056195 3.319335
0.06687751 0.7849331 3.306322
0.06435913 0.5681928 3.21824
0.07723059 0.5481324 3.209183
0.4523294 1.079361 3.284177
0.4976171 0.819978 3.272561
0.5038285 0.6101125 3.166001
0.4772275 0.5636181 3.166861
0.2256578 0.5168614 3.222844
0.2171041 0.008211443 3.224993
0.1831951 -0.3803533 3.033375
0.2043065 -0.3371616 2.942054
0.3774713 0.5254591 3.207196
0.4081344 0.02259027 3.238808
0.4171953 -0.2984674 3.140833
0.380993 -0.2482466 2.972914
0.2690727 1.118179 3.309587
0.07335624 0.4666228 3.200059
0.1216269 0.5420991 3.170564
0.5007358 0.5056456 3.158949
0.5211866 0.5614265 3.136973
102
0.3050243 0.515215 3.253287
0.2841997 0.8640205 3.290821
0.2630742 1.201143 3.313327
0.2565115 1.356277 3.332534
0.09018502 1.056195 3.319335
0.06687751 0.7849331 3.306322
0.06435913 0.5681928 3.21824
0.07723059 0.5481324 3.209183
0.4523294 1.079361 3.284177
0.4976171 0.819978 3.272561
0.5038285 0.6101125 3.166001
0.4772275 0.5636181 3.166861
0.2256578 0.5168614 3.222844
0.2171041 0.008211443 3.224993
0.1831951 -0.3803533 3.033375
0.2043065 -0.3371616 2.942054
0.3774713 0.5254591 3.207196
0.4081344 0.02259027 3.238808
0.4171953 -0.2984674 3.140833
0.380993 -0.2482466 2.972914
0.2690727 1.118179 3.309587
0.07335624 0.4666228 3.200059
0.1216269 0.5420991 3.170564
0.5007358 0.5056456 3.158949
0.5211866 0.5614265 3.136973
103
0.3060516 0.5130929 3.254468
0.2844602 0.8618883 3.29213
0.2624463 1.198931 3.31656
0.2555437 1.354206 3.336694
0.08934995 1.054523 3.321165
0.06759722 0.7789636 3.305762
0.06426295 0.5627384 3.216412
0.07832929 0.5452234 3.207726
0.4519487 1.076804 3.287567
0.4966478 0.8142036 3.272846
0.5009374 0.5970096 3.163371
0.4776481 0.5538117 3.16542
0.2266453 0.5146365 3.223976
0.2164548 0.009265322 3.222327
0.2019047 -0.3756171 3.10182
0.206322 -0.3313079 2.95977
0.3785477 0.523451 3.208515
0.4105578 0.02189846 3.233254
0.416852 -0.2935236 3.141665
0.3821827 -0.2452539 2.973047
0.2685317 1.115919 3.312544
0.08186206 0.4592658 3.196516
0.1215603 0.5407971 3.169795
0.4870194 0.4941877 3.162512
0.5152073 0.545366 3.139431
104
0.3060516 0.5130929 3.254468
0.2844602 0.8618883 3.29213
0.2624463 1.198931 3.31656
0.2555437 1.354206 3.336694
0.08934995 1.054523 3.321165
0.06759722 0.7789636 3.305762
0.06426295 0.5627384 3.216412
0.07832929 0.5452234 3.207726
0.4519487 1.076804 3.287567
0.4966478 0.8142036 3.272846
0.5009374 0.5970096 3.163371
0.4776481 0.5538117 3.16542
0.2266453 0.5146365 3.223976
0.2164548 0.009265322 3.222327
0.2019047 -0.3756171 3.10182
0.206322 -0.3313079 2.95977
0.3785477 0.523451 3.208515
0.4105578 0.02189846 3.233254
0.416852 -0.2935236 3.141665
0.3821827 -0.2452539 2.973047
0.2685317 1.115919 3.312544
0.08186206 0.4592658 3.196516
0.1215603 0.5407971 3.169795
0.4870194 0.4941877 3.162512
0.5152073 0.545366 3.139431
105
0.3067675 0.5114678 3.255599
0.2846753 0.8600026 3.293817
0.2620038 1.197072 3.320203
0.2548642 1.352421 3.340384
0.08878572 1.052539 3.323236
0.06835771 0.7769915 3.306031
0.06436169 0.5609395 3.21579
0.080332 0.5431573 3.205431
0.4515785 1.074609 3.291049
0.4955837 0.8091898 3.273439
0.5003347 0.5910336 3.165488
0.4773492 0.5496753 3.165747
0.2273347 0.5129678 3.225031
0.2158669 0.01044423 3.220393
0.2198037 -0.358544 3.127415
0.1908242 -0.3228314 2.984462
0.3792851 0.5218773 3.209765
0.4124716 0.02398805 3.227742
0.4152274 -0.3189294 3.13884
0.3728355 -0.2790149 2.983566
0.2681352 1.113981 3.315864
0.08728211 0.4589712 3.187738
0.1219198 0.5412894 3.168834
0.4808183 0.4908232 3.164441
0.5099391 0.5377886 3.145106
106
0.3067675 0.5114678 3.255599
0.2846753 0.8600026 3.293817
0.2620038 1.197072 3.320203
0.2548642 1.352421 3.340384
0.08878572 1.052539 3.323236
0.06835771 0.7769915 3.306031
0.06436169 0.5609395 3.21579
0.080332 0.5431573 3.205431
0.4515785 1.074609 3.291049
0.4955837 0.8091898 3.273439
0.5003347 0.5910336 3.165488
0.4773492 0.5496753 3.165747
0.2273347 0.5129678 3.225031
0.2158669 0.01044423 3.220393
0.2198037 -0.358544 3.127415
0.1908242 -0.3228314 2.984462
0.3792851 0.5218773 3.209765
0.4124716 0.02398805 3.227742
0.4152274 -0.3189294 3.13884
0.3728355 -0.2790149 2.983566
0.2681352 1.113981 3.315864
0.08728211 0.4589712 3.187738
0.1219198 0.5412894 3.168834
0.4808183 0.4908232 3.164441
0.5099391 0.5377886 3.145106
107
0.3072856 0.5102591 3.256651
0.2848453 0.8584492 3.295643
0.2616374 1.195647 3.323657
0.2543114 1.350929 3.343947
0.08835726 1.050594 3.325503
0.07033306 0.777539 3.306928
0.06580012 0.5617667 3.21539
0.08524816 0.5418959 3.202194
0.451109 1.072851 3.294624
0.494682 0.8055354 3.274012
0.5010903 0.5854597 3.170991
0.4741898 0.556754 3.169617
0.2278304 0.511753 3.225953
0.2152768 0.01167519 3.218921
0.2261634 -0.3495319 3.141765
0.193945 -0.3182113 2.990592
0.379809 0.5206672 3.210993
0.4170721 0.05335493 3.218617
0.4088725 -0.3501261 3.105832
0.3579661 -0.3078386 2.958252
0.2678078 1.112462 3.319042
0.08993201 0.4572937 3.187639
0.127769 0.5393318 3.161422
0.4758784 0.4934486 3.164412
0.5040138 0.5519834 3.159168
108
0.3072856 0.5102591 3.256651
0.2848453 0.8584492 3.295643
0.2616374 1.195647 3.323657
0.2543114 1.350929 3.343947
0.08835726 1.050594 3.325503
0.07033306 0.777539 3.306928
0.06580012 0.5617667 3.21539
0.08524816 0.5418959 3.202194
0.451109 1.072851 3.294624
0.494682 0.8055354 3.274012
0.5010903 0.5854597 3.170991
0.4741898 0.556754 3.169617
0.2278304 0.511753 3.225953
0.2152768 0.01167519 3.218921
0.2261634 -0.3495319 3.141765
0.193945 -0.3182113 2.990592
0.379809 0.5206672 3.210993
0.4170721 0.05335493 3.218617
0.4088725 -0.3501261 3.105832
0.3579661 -0.3078386 2.958252
0.2678078 1.112462 3.319042
0.08993201 0.4572937 3.187639
0.127769 0.5393318 3.161422
0.4758784 0.4934486 3.164412
0.5040138 0.5519834 3.159168
109
0.307662 0.5093579 3.257662
0.2849898 0.8572327 3.29763
0.2613751 1.194714 3.327067
0.2539591 1.349664 3.347615
0.08818353 1.049395 3.326763
0.07238896 0.7767158 3.307136
0.0670762 0.5612732 3.214549
0.09140775 0.5418375 3.197897
0.4505509 1.071551 3.297992
0.4938025 0.8027377 3.274696
0.5017369 0.5821334 3.174689
0.4711458 0.5637604 3.172808
0.2282077 0.5108357 3.226874
0.2148026 0.01276466 3.218006
0.1920618 -0.3691559 3.023872
0.2233592 -0.3402856 2.963409
0.3801647 0.5197724 3.212101
0.4189471 0.06554897 3.21499
0.4076334 -0.3613425 3.095142
0.3527893 -0.3212341 2.957455
0.2675712 1.111404 3.322186
0.09181319 0.4565806 3.186071
0.137449 0.5394002 3.148967
0.472337 0.497749 3.162169
0.4999784 0.5830513 3.177051
110
0.307662 0.5093579 3.257662
0.2849898 0.8572327 3.29763
0.2613751 1.194714 3.327067
0.2539591 1.349664 3.347615
0.08818353 1.049395 3.326763
0.07238896 0.7767158 3.307136
0.0670762 0.5612732 3.214549
0.09140775 0.5418375 3.197897
0.4505509 1.071551 3.297992
0.4938025 0.8027377 3.274696
0.5017369 0.5821334 3.174689
0.4711458 0.5637604 3.172808
0.2282077 0.5108357 3.226874
0.2148026 0.01276466 3.218006
0.1920618 -0.3691559 3.023872
0.2233592 -0.3402856 2.963409
0.3801647 0.5197724 3.212101
0.4189471 0.06554897 3.21499
0.4076334 -0.3613425 3.095142
0.3527893 -0.3212341 2.957455
0.2675712 1.111404 3.322186
0.09181319 0.4565806 3.186071
0.137449 0.5394002 3.148967
0.472337 0.497749 3.162169
0.4999784 0.5830513 3.177051
111
0.3079621 0.5087149 3.258569
0.2851276 0.856306 3.299539
0.2611643 1.19406 3.330218
0.2537409 1.34882 3.350527
0.08810586 1.048473 3.327694
0.0743337 0.7757958 3.307152
0.06830317 0.5607068 3.213659
0.09513186 0.5418733 3.195427
0.4499457 1.070665 3.30165
0.4928166 0.8003168 3.275704
0.5024239 0.5799607 3.177545
0.4691275 0.5677611 3.175136
0.2285083 0.5101666 3.227697
0.216048 0.01433279 3.218639
0.1778155 -0.3699214 2.989758
0.213905 -0.3293006 2.915534
0.3804417 0.5191483 3.213076
0.4196207 0.06689267 3.213595
0.4127257 -0.3496458 3.137674
0.3641121 -0.3216808 2.988659
0.2673942 1.110639 3.325073
0.09311278 0.4560634 3.184937
0.1434101 0.5409896 3.142236
0.4703049 0.4986298 3.161587
0.4960532 0.5819967 3.17707
112
0.3079621 0.5087149 3.258569
0.2851276 0.856306 3.299539
0.2611643 1.19406 3.330218
0.2537409 1.34882 3.350527
0.08810586 1.048473 3.327694
0.0743337 0.7757958 3.307152
0.06830317 0.5607068 3.213659
0.09513186 0.5418733 3.195427
0.4499457 1.070665 3.30165
0.4928166 0.8003168 3.275704
0.5024239 0.5799607 3.177545
0.4691275 0.5677611 3.175136
0.2285083 0.5101666 3.227697
0.216048 0.01433279 3.218639
0.1778155 -0.3699214 2.989758
0.213905 -0.3293006 2.915534
0.3804417 0.5191483 3.213076
0.4196207 0.06689267 3.213595
0.4127257 -0.3496458 3.137674
0.3641121 -0.3216808 2.988659
0.2673942 1.110639 3.325073
0.09311278 0.4560634 3.184937
0.1434101 0.5409896 3.142236
0.4703049 0.4986298 3.161587
0.4960532 0.5819967 3.17707
113
0.3082362 0.5082561 3.259492
0.2852914 0.8556024 3.301476
0.2610431 1.193637 3.333059
0.2536899 1.348457 3.355185
0.08811139 1.047396 3.328879
0.07618768 0.7749949 3.307107
0.06950556 0.5602508 3.212775
0.09767721 0.5419157 3.193359
0.4494572 1.07008 3.30513
0.4918998 0.7982739 3.277045
0.5015216 0.5767778 3.181116
0.4684658 0.5613723 3.176312
0.2288027 0.5096875 3.228495
0.2146435 0.01565488 3.218246
0.1709607 -0.3755854 2.967118
0.2025952 -0.3313585 2.892713
0.3806649 0.5186973 3.214109
0.4198419 0.06892232 3.212709
0.4144725 -0.3410333 3.159455
0.3714422 -0.3201206 3.002805
0.2673044 1.110113 3.32772
0.0943119 0.4565061 3.182473
0.1465412 0.5415087 3.138319
0.4647671 0.4945527 3.161745
0.4887398 0.5393425 3.173564
114
0.3082362 0.5082561 3.259492
0.2852914 0.8556024 3.301476
0.2610431 1.193637 3.333059
0.2536899 1.348457 3.355185
0.08811139 1.047396 3.328879
0.07618768 0.7749949 3.307107
0.06950556 0.5602508 3.212775
0.09767721 0.5419157 3.193359
0.4494572 1.07008 3.30513
0.4918998 0.7982739 3.277045
0.5015216 0.5767778 3.181116
0.4684658 0.5613723 3.176312
0.2288027 0.5096875 3.228495
0.2146435 0.01565488 3.218246
0.1709607 -0.3755854 2.967118
0.2025952 -0.3313585 2.892713
0.3806649 0.5186973 3.214109
0.4198419 0.06892232 3.212709
0.4144725 -0.3410333 3.159455
0.3714422 -0.3201206 3.002805
0.2673044 1.110113 3.32772
0.0943119 0.4565061 3.182473
0.1465412 0.5415087 3.138319
0.4647671 0.4945527 3.161745
0.4887398 0.5393425 3.173564
115
0.3084533 0.5079421 3.26038
0.2853961 0.8550819 3.303555
0.2608521 1.193405 3.336196
0.253769 1.348363 3.359279
0.0881167 1.046329 3.33042
0.07768963 0.7743315 3.307008
0.07052924 0.5598789 3.211959
0.09915803 0.5421108 3.19215
0.4491124 1.069711 3.308978
0.4910799 0.7964828 3.278393
0.5024213 0.5750797 3.186241
0.4675823 0.5613484 3.177374
0.229054 0.5093636 3.229244
0.213429 0.01671907 3.217931
0.1740888 -0.3826528 2.985621
0.1995412 -0.3283816 2.888011
0.3808106 0.5183735 3.21512
0.4196908 0.06521518 3.213585
0.4169837 -0.3365298 3.174258
0.3763041 -0.3204714 3.013014
0.2671621 1.109777 3.330596
0.09498806 0.4566627 3.181293
0.1483204 0.5416666 3.136119
0.4632164 0.4897517 3.16544
0.4835175 0.5084119 3.170829
116
0.3084533 0.5079421 3.26038
0.2853961 0.8550819 3.303555
0.2608521 1.193405 3.336196
0.253769 1.348363 3.359279
0.0881167 1.046329 3.33042
0.07768963 0.7743315 3.307008
0.07052924 0.5598789 3.211959
0.09915803 0.5421108 3.19215
0.4491124 1.069711 3.308978
0.4910799 0.7964828 3.278393
0.5024213 0.5750797 3.186241
0.4675823 0.5613484 3.177374
0.229054 0.5093636 3.229244
0.213429 0.01671907 3.217931
0.1740888 -0.3826528 2.985621
0.1995412 -0.3283816 2.888011
0.3808106 0.5183735 3.21512
0.4196908 0.06521518 3.213585
0.4169837 -0.3365298 3.174258
0.3763041 -0.3204714 3.013014
0.2671621 1.109777 3.330596
0.09498806 0.4566627 3.181293
0.1483204 0.5416666 3.136119
0.4632164 0.4897517 3.16544
0.4835175 0.5084119 3.170829
117
0.3086105 0.5077411 3.261142
0.2854586 0.8547361 3.305406
0.2607074 1.193308 3.33901
0.2538567 1.348355 3.362374
0.08816252 1.045556 3.33155
0.0787311 0.773872 3.306963
0.07138682 0.5596961 3.211134
0.1001828 0.5424356 3.191006
0.448861 1.069501 3.311763
0.490418 0.7951265 3.279588
0.5037657 0.5742359 3.189663
0.4671318 0.562465 3.178519
0.2292469 0.5091543 3.229877
0.2138241 0.0176293 3.218481
0.1696478 -0.3845909 2.976256
0.2095886 -0.3475402 2.907448
0.3808973 0.5181599 3.216
0.4193915 0.06092896 3.214644
0.4190685 -0.3311083 3.180938
0.3780058 -0.3171184 3.018615
0.2670499 1.109593 3.333157
0.09566415 0.4574269 3.178765
0.1501488 0.5455886 3.135149
0.4649427 0.4893249 3.167098
0.4908375 0.540449 3.170975
118
0.3086105 0.5077411 3.261142
0.2854586 0.8547361 3.305406
0.2607074 1.193308 3.33901
0.2538567 1.348355 3.362374
0.08816252 1.045556 3.33155
0.0787311 0.773872 3.306963
0.07138682 0.5596961 3.211134
0.1001828 0.5424356 3.191006
0.448861 1.069501 3.311763
0.490418 0.7951265 3.279588
0.5037657 0.5742359 3.189663
0.4671318 0.562465 3.178519
0.2292469 0.5091543 3.229877
0.2138241 0.0176293 3.218481
0.1696478 -0.3845909 2.976256
0.2095886 -0.3475402 2.907448
0.3808973 0.5181599 3.216
0.4193915 0.06092896 3.214644
0.4190685 -0.3311083 3.180938
0.3780058 -0.3171184 3.018615
0.2670499 1.109593 3.333157
0.09566415 0.4574269 3.178765
0.1501488 0.5455886 3.135149
0.4649427 0.4893249 3.167098
0.4908375 0.540449 3.170975
119
0.3087205 0.5076473 3.261847
0.2854753 0.8545331 3.307067
0.2605722 1.193279 3.341363
0.2540382 1.348399 3.364989
0.08821384 1.04495 3.332747
0.07933027 0.7735517 3.306962
0.07206498 0.559671 3.210221
0.1007613 0.5429846 3.190291
0.4487717 1.069458 3.314751
0.4899299 0.7939847 3.281147
0.5044951 0.5738287 3.191801
0.4670017 0.5630293 3.17995
0.2293962 0.5090422 3.230443
0.2142573 0.01837853 3.21905
0.1915314 -0.3675604 3.01962
0.1984722 -0.3340628 2.954004
0.3809329 0.5180616 3.216833
0.4190466 0.0569327 3.215512
0.4195413 -0.3231854 3.185388
0.3898521 -0.3099592 3.01801
0.2669388 1.109505 3.335331
0.09579933 0.4582002 3.176876
0.1510014 0.5466627 3.134633
0.4652254 0.4880628 3.169083
0.492806 0.5412809 3.170412
120
0.3087205 0.5076473 3.261847
0.2854753 0.8545331 3.307067
0.2605722 1.193279 3.341363
0.2540382 1.348399 3.364989
0.08821384 1.04495 3.332747
0.07933027 0.7735517 3.306962
0.07206498 0.559671 3.210221
0.1007613 0.5429846 3.190291
0.4487717 1.069458 3.314751
0.4899299 0.7939847 3.281147
0.5044951 0.5738287 3.191801
0.4670017 0.5630293 3.17995
0.2293962 0.5090422 3.230443
0.2142573 0.01837853 3.21905
0.1915314 -0.3675604 3.01962
0.1984722 -0.3340628 2.954004
0.3809329 0.5180616 3.216833
0.4190466 0.0569327 3.215512
0.4195413 -0.3231854 3.185388
0.3898521 -0.3099592 3.01801
0.2669388 1.109505 3.335331
0.09579933 0.4582002 3.176876
0.1510014 0.5466627 3.134633
0.4652254 0.4880628 3.169083
0.492806 0.5412809 3.170412
121
0.308809 0.5076206 3.262486
0.2854827 0.8544123 3.308363
0.2604854 1.193269 3.343017
0.2542091 1.348509 3.367088
0.08823288 1.044433 3.333947
0.07970424 0.7733098 3.306974
0.0725869 0.5597175 3.209369
0.101033 0.5433716 3.18972
0.4488144 1.069524 3.317979
0.489598 0.7931108 3.282972
0.5076614 0.5739914 3.195841
0.4740048 0.5416546 3.180248
0.2295251 0.5089973 3.230929
0.2120083 0.01921011 3.218592
0.1879847 -0.3734367 3.018349
0.1917218 -0.3340739 2.940716
0.3809418 0.5180301 3.217656
0.4187047 0.05373478 3.21621
0.4192984 -0.3209388 3.187804
0.3927319 -0.3082044 3.019284
0.2668649 1.109461 3.336907
0.09507111 0.4603442 3.175803
0.151616 0.5471828 3.134031
0.4653286 0.4799204 3.173447
0.4834164 0.5030219 3.174857
122
0.308879 0.5076398 3.263043
0.2854854 0.8543463 3.309452
0.2604206 1.193262 3.344369
0.2544706 1.348633 3.368949
0.08826851 1.044094 3.334741
0.07986088 0.7730979 3.307017
0.07298713 0.5598028 3.208601
0.1010502 0.54382 3.189503
0.4488623 1.069607 3.320315
0.4893377 0.79226 3.28482
0.5101755 0.5740427 3.198742
0.4777845 0.5304585 3.179887
0.2296298 0.508993 3.231338
0.2027742 0.1109133 3.202559
0.2133647 -0.3097987 3.152979
0.1886994 -0.2934328 3.008837
0.3809428 0.5180607 3.218412
0.4184206 0.05131768 3.216758
0.4346621 -0.3435934 3.106272
0.387298 -0.3121854 2.987048
0.2668102 1.109436 3.3382
0.09335764 0.4621829 3.177164
0.1514689 0.5483446 3.135339
0.4653534 0.4776407 3.17457
0.4833298 0.4933712 3.17443
123
0.308879 0.5076398 3.263043
0.2854854 0.8543463 3.309452
0.2604206 1.193262 3.344369
0.2544706 1.348633 3.368949
0.08826851 1.044094 3.334741
0.07986088 0.7730979 3.307017
0.07298713 0.5598028 3.208601
0.1010502 0.54382 3.189503
0.4488623 1.069607 3.320315
0.4893377 0.79226 3.28482
0.5101755 0.5740427 3.198742
0.4777845 0.5304585 3.179887
0.2296298 0.508993 3.231338
0.2027742 0.1109133 3.202559
0.2133647 -0.3097987 3.152979
0.1886994 -0.2934328 3.008837
0.3809428 0.5180607 3.218412
0.4184206 0.05131768 3.216758
0.4346621 -0.3435934 3.106272
0.387298 -0.3121854 2.987048
0.2668102 1.109436 3.3382
0.09335764 0.4621829 3.177164
0.1514689 0.5483446 3.135339
0.4653534 0.4776407 3.17457
0.4833298 0.4933712 3.17443
124
0.308879 0.5076398 3.263043
0.2854854 0.8543463 3.309452
0.2604206 1.193262 3.344369
0.2544706 1.348633 3.368949
0.08826851 1.044094 3.334741
0.07986088 0.7730979 3.307017
0.07298713 0.5598028 3.208601
0.1010502 0.54382 3.189503
0.4488623 1.069607 3.320315
0.4893377 0.79226 3.28482
0.5101755 0.5740427 3.198742
0.4777845 0.5304585 3.179887
0.2296298 0.508993 3.231338
0.2027742 0.1109133 3.202559
0.2133647 -0.3097987 3.152979
0.1886994 -0.2934328 3.008837
0.3809428 0.5180607 3.218412
0.4184206 0.05131768 3.216758
0.4346621 -0.3435934 3.106272
0.387298 -0.3121854 2.987048
0.2668102 1.109436 3.3382
0.09335764 0.4621829 3.177164
0.1514689 0.5483446 3.135339
0.4653534 0.4776407 3.17457
0.4833298 0.4933712 3.17443
125
0.3089249 0.507695 3.263526
0.2854809 0.8543252 3.31042
0.260405 1.193246 3.345659
0.2547228 1.348717 3.370427
0.08831075 1.043877 3.335273
0.07962153 0.7729404 3.307055
0.0731985 0.5599594 3.207853
0.1000612 0.5443311 3.189227
0.4489088 1.069716 3.322262
0.4891576 0.7915722 3.28654
0.5117195 0.5740982 3.200625
0.4763103 0.5414036 3.182248
0.2297076 0.50903 3.231686
0.2047197 0.06012537 3.209458
0.2237289 -0.2929194 3.19769
0.1862562 -0.2892331 3.026567
0.3809267 0.5181231 3.219075
0.4182016 0.04939793 3.217129
0.4270746 -0.3396006 3.139287
0.3872183 -0.3105488 2.989563
0.2667902 1.109421 3.339403
0.09221473 0.4639409 3.175793
0.148772 0.5521074 3.140251
0.4654161 0.47741 3.174872
0.4960619 0.5178682 3.174783
