106
1
0.2448844 0.8140028 3.294261
0.2443622 1.14279 3.3093
0.2427011 1.463528 3.311547
0.2531657 1.590697 3.3127
0.05208518 1.348209 3.280045
-0.006020779 1.073968 3.281415
0.00497535 0.8563805 3.241206
0.01552204 0.8110721 3.234811
0.4420909 1.336341 3.305537
0.4811009 1.073551 3.325856
0.466063 0.8634224 3.256229
0.4509857 0.807759 3.240755
0.1557226 0.8183463 3.251236
0.1278891 0.4672059 3.302599
0.1166938 0.06497003 3.348237
0.07745995 0.05163767 3.221106
0.328029 0.814118 3.257504
0.3613881 0.4690606 3.320188
0.3589225 0.05481759 3.341954
0.3922254 0.0487398 3.230057
0.2432908 1.384446 3.313474
0.01915977 0.7491428 3.237347
0.05370311 0.8235074 3.201269
0.4610227 0.7400559 3.239788
0.4154514 0.802608 3.20799
2
0.2448637 0.8139993 3.294874
0.2443096 1.142806 3.30964
0.2426427 1.463559 3.311762
0.2530724 1.590696 3.312833
0.05204598 1.348221 3.280401
-0.006045104 1.073896 3.281955
0.005789159 0.8417497 3.242135
0.01636098 0.8029729 3.236033
0.4419143 1.336357 3.305705
0.4810953 1.073608 3.326184
0.4661177 0.8634417 3.256624
0.4510006 0.8077784 3.240937
0.1556946 0.8183346 3.25193
0.1277607 0.4671707 3.302945
0.1166945 0.06491729 3.348231
0.07746902 0.05168626 3.22112
0.3280175 0.8141236 3.258029
0.3613534 0.4689571 3.32063
0.3589255 0.0546423 3.341817
0.3922063 0.04873199 3.23005
0.2432357 1.384474 3.31371
0.0238459 0.7467711 3.238212
0.05327532 0.8144963 3.201382
0.46132 0.7400663 3.240023
0.4155125 0.8028805 3.208247
3
0.2448637 0.8139993 3.294874
0.2443096 1.142806 3.30964
0.2426427 1.463559 3.311762
0.2530724 1.590696 3.312833
0.05204598 1.348221 3.280401
-0.006045104 1.073896 3.281955
0.005789159 0.8417497 3.242135
0.01636098 0.8029729 3.236033
0.4419143 1.336357 3.305705
0.4810953 1.073608 3.326184
0.4661177 0.8634417 3.256624
0.4510006 0.8077784 3.240937
0.1556946 0.8183346 3.25193
0.1277607 0.4671707 3.302945
0.1166945 0.06491729 3.348231
0.07746902 0.05168626 3.22112
0.3280175 0.8141236 3.258029
0.3613534 0.4689571 3.32063
0.3589255 0.0546423 3.341817
0.3922063 0.04873199 3.23005
0.2432357 1.384474 3.31371
0.0238459 0.7467711 3.238212
0.05327532 0.8144963 3.201382
0.46132 0.7400663 3.240023
0.4155125 0.8028805 3.208247
4
0.2448496 0.8139948 3.295425
0.2442622 1.142817 3.309949
0.2425898 1.463581 3.311949
0.252988 1.590693 3.312945
0.05200202 1.34823 3.280732
-0.006063585 1.073807 3.282446
0.005430426 0.8413538 3.242887
0.0161833 0.8022777 3.236424
0.4417521 1.336372 3.305858
0.4810896 1.073636 3.326458
0.4661634 0.8634403 3.256931
0.4510179 0.8078012 3.24106
0.1556714 0.8183225 3.252556
0.1276491 0.4671411 3.303242
0.1166915 0.0649342 3.348213
0.07751837 0.05179644 3.221167
0.3280134 0.8141279 3.258503
0.3613224 0.4688505 3.321038
0.358923 0.05448357 3.341687
0.3921866 0.04872706 3.230037
0.2431857 1.384494 3.31392
0.02463237 0.7462905 3.238448
0.05300803 0.813422 3.201568
0.4613804 0.7399964 3.240143
0.4155649 0.8031411 3.208399
5
0.2448496 0.8139948 3.295425
0.2442622 1.142817 3.309949
0.2425898 1.463581 3.311949
0.252988 1.590693 3.312945
0.05200202 1.34823 3.280732
-0.006063585 1.073807 3.282446
0.005430426 0.8413538 3.242887
0.0161833 0.8022777 3.236424
0.4417521 1.336372 3.305858
0.4810896 1.073636 3.326458
0.4661634 0.8634403 3.256931
0.4510179 0.8078012 3.24106
0.1556714 0.8183225 3.252556
0.1276491 0.4671411 3.303242
0.1166915 0.0649342 3.348213
0.07751837 0.05179644 3.221167
0.3280134 0.8141279 3.258503
0.3613224 0.4688505 3.321038
0.358923 0.05448357 3.341687
0.3921866 0.04872706 3.230037
0.2431857 1.384494 3.31392
0.02463237 0.7462905 3.238448
0.05300803 0.813422 3.201568
0.4613804 0.7399964 3.240143
0.4155649 0.8031411 3.208399
6
0.2448542 0.8139939 3.295965
0.2442309 1.142829 3.310274
0.2425487 1.463603 3.312136
0.2529054 1.590688 3.313052
0.05195915 1.348233 3.281036
-0.006072314 1.073639 3.282935
0.005022034 0.8418399 3.243559
0.01592514 0.802377 3.23689
0.4416017 1.336384 3.306004
0.4810807 1.073611 3.326751
0.4661894 0.8634102 3.257182
0.4509506 0.8078773 3.241275
0.155667 0.8183128 3.253145
0.1275327 0.4671203 3.303524
0.1166852 0.06492648 3.348187
0.07754713 0.05188067 3.221203
0.3280278 0.8141373 3.258986
0.3612719 0.468655 3.321528
0.3589265 0.05429687 3.341542
0.3921674 0.04872214 3.230023
0.2431481 1.384515 3.314133
0.02439048 0.7459372 3.239106
0.05262345 0.8133683 3.202276
0.4615801 0.7402733 3.240377
0.4155062 0.7995262 3.209004
7
0.2448542 0.8139939 3.295965
0.2442309 1.142829 3.310274
0.2425487 1.463603 3.312136
0.2529054 1.590688 3.313052
0.05195915 1.348233 3.281036
-0.006072314 1.073639 3.282935
0.005022034 0.8418399 3.243559
0.01592514 0.802377 3.23689
0.4416017 1.336384 3.306004
0.4810807 1.073611 3.326751
0.4661894 0.8634102 3.257182
0.4509506 0.8078773 3.241275
0.155667 0.8183128 3.253145
0.1275327 0.4671203 3.303524
0.1166852 0.06492648 3.348187
0.07754713 0.05188067 3.221203
0.3280278 0.8141373 3.258986
0.3612719 0.468655 3.321528
0.3589265 0.05429687 3.341542
0.3921674 0.04872214 3.230023
0.2431481 1.384515 3.314133
0.02439048 0.7459372 3.239106
0.05262345 0.8133683 3.202276
0.4615801 0.7402733 3.240377
0.4155062 0.7995262 3.209004
8
0.2448617 0.8139938 3.296436
0.2442057 1.142839 3.310572
0.2425146 1.46362 3.312308
0.2528293 1.590675 3.313152
0.05191956 1.348236 3.281315
-0.006085102 1.073471 3.283374
0.004551193 0.8430005 3.244155
0.01548927 0.8027487 3.236953
0.4414501 1.336397 3.306141
0.4811077 1.073732 3.326994
0.4662075 0.8635011 3.257459
0.4509299 0.8078672 3.241419
0.1556648 0.8183048 3.253657
0.1274274 0.4671053 3.303773
0.1166755 0.06494199 3.348157
0.07760597 0.05198454 3.221286
0.3280453 0.8141467 3.259411
0.3612193 0.4684719 3.32199
0.3589252 0.05412593 3.341419
0.3921482 0.04871791 3.230008
0.2431172 1.384531 3.31433
0.0234959 0.7456264 3.239581
0.05234763 0.813226 3.202451
0.4607912 0.7400658 3.240587
0.4156273 0.7953674 3.208629
9
0.2448617 0.8139938 3.296436
0.2442057 1.142839 3.310572
0.2425146 1.46362 3.312308
0.2528293 1.590675 3.313152
0.05191956 1.348236 3.281315
-0.006085102 1.073471 3.283374
0.004551193 0.8430005 3.244155
0.01548927 0.8027487 3.236953
0.4414501 1.336397 3.306141
0.4811077 1.073732 3.326994
0.4662075 0.8635011 3.257459
0.4509299 0.8078672 3.241419
0.1556648 0.8183048 3.253657
0.1274274 0.4671053 3.303773
0.1166755 0.06494199 3.348157
0.07760597 0.05198454 3.221286
0.3280453 0.8141467 3.259411
0.3612193 0.4684719 3.32199
0.3589252 0.05412593 3.341419
0.3921482 0.04871791 3.230008
0.2431172 1.384531 3.31433
0.0234959 0.7456264 3.239581
0.05234763 0.813226 3.202451
0.4607912 0.7400658 3.240587
0.4156273 0.7953674 3.208629
10
0.2448544 0.8139899 3.296815
0.2441754 1.142845 3.310837
0.2424768 1.463634 3.31247
0.2527599 1.590661 3.313241
0.05187338 1.348236 3.281575
-0.006110991 1.073344 3.283767
0.004135577 0.8446314 3.244625
0.01509549 0.8031968 3.23699
0.4412839 1.336411 3.306251
0.4811293 1.073851 3.327205
0.4662214 0.8635897 3.257692
0.4508958 0.8079073 3.241494
0.1556487 0.8182949 3.25408
0.1273287 0.4670929 3.303993
0.1166647 0.06494677 3.348126
0.07764762 0.05206274 3.221298
0.3280465 0.8141497 3.259739
0.361174 0.4682909 3.322407
0.3589053 0.05393102 3.34118
0.3921281 0.04871125 3.229982
0.2430823 1.384544 3.314512
0.02294637 0.7453689 3.239746
0.052092 0.8145083 3.202579
0.4607171 0.7403502 3.24058
0.4158943 0.7998548 3.209344
11
0.2448544 0.8139899 3.296815
0.2441754 1.142845 3.310837
0.2424768 1.463634 3.31247
0.2527599 1.590661 3.313241
0.05187338 1.348236 3.281575
-0.006110991 1.073344 3.283767
0.004135577 0.8446314 3.244625
0.01509549 0.8031968 3.23699
0.4412839 1.336411 3.306251
0.4811293 1.073851 3.327205
0.4662214 0.8635897 3.257692
0.4508958 0.8079073 3.241494
0.1556487 0.8182949 3.25408
0.1273287 0.4670929 3.303993
0.1166647 0.06494677 3.348126
0.07764762 0.05206274 3.221298
0.3280465 0.8141497 3.259739
0.361174 0.4682909 3.322407
0.3589053 0.05393102 3.34118
0.3921281 0.04871125 3.229982
0.2430823 1.384544 3.314512
0.02294637 0.7453689 3.239746
0.052092 0.8145083 3.202579
0.4607171 0.7403502 3.24058
0.4158943 0.7998548 3.209344
12
0.244846 0.8139863 3.297165
0.2441439 1.142856 3.311091
0.2424366 1.463655 3.312625
0.2526983 1.590651 3.31332
0.05182572 1.348232 3.281837
-0.006139538 1.073259 3.284144
0.003778444 0.8464564 3.244989
0.01489849 0.8035244 3.237113
0.4411257 1.336432 3.306385
0.4811428 1.073946 3.327394
0.4662251 0.8636595 3.257908
0.4508885 0.8080065 3.241774
0.1556326 0.8182861 3.254458
0.1272217 0.467077 3.304225
0.1166584 0.06495086 3.348089
0.07771677 0.05214642 3.221327
0.3280461 0.8141524 3.260052
0.3611324 0.4681264 3.322785
0.3588884 0.0537569 3.340975
0.3921083 0.04870366 3.229961
0.2430451 1.384562 3.314688
0.0226933 0.745197 3.239979
0.05191342 0.8149961 3.202789
0.4603753 0.7400035 3.241835
0.4158167 0.7956385 3.210139
13
0.244846 0.8139863 3.297165
0.2441439 1.142856 3.311091
0.2424366 1.463655 3.312625
0.2526983 1.590651 3.31332
0.05182572 1.348232 3.281837
-0.006139538 1.073259 3.284144
0.003778444 0.8464564 3.244989
0.01489849 0.8035244 3.237113
0.4411257 1.336432 3.306385
0.4811428 1.073946 3.327394
0.4662251 0.8636595 3.257908
0.4508885 0.8080065 3.241774
0.1556326 0.8182861 3.254458
0.1272217 0.467077 3.304225
0.1166584 0.06495086 3.348089
0.07771677 0.05214642 3.221327
0.3280461 0.8141524 3.260052
0.3611324 0.4681264 3.322785
0.3588884 0.0537569 3.340975
0.3921083 0.04870366 3.229961
0.2430451 1.384562 3.314688
0.0226933 0.745197 3.239979
0.05191342 0.8149961 3.202789
0.4603753 0.7400035 3.241835
0.4158167 0.7956385 3.210139
14
0.2448367 0.8139824 3.29747
0.2441139 1.142863 3.311321
0.2423983 1.46367 3.312763
0.2526421 1.59064 3.313391
0.05177578 1.34824 3.282103
-0.006187314 1.073224 3.284468
0.00347796 0.8483019 3.245269
0.01473002 0.804117 3.237154
0.4409775 1.336455 3.306509
0.4811545 1.074013 3.327566
0.4662242 0.8637055 3.258085
0.450877 0.8080228 3.241928
0.1556178 0.8182783 3.254781
0.1271242 0.4670635 3.304439
0.1166507 0.06504542 3.348045
0.07784023 0.05232029 3.221406
0.3280425 0.8141534 3.260332
0.3610905 0.4679815 3.323127
0.3588715 0.05361666 3.340839
0.3920901 0.04869834 3.229943
0.2430096 1.384576 3.314847
0.02308061 0.7450197 3.240175
0.05302282 0.8073001 3.202981
0.4602851 0.7399701 3.242062
0.4158186 0.7948713 3.210362
15
0.2448367 0.8139824 3.29747
0.2441139 1.142863 3.311321
0.2423983 1.46367 3.312763
0.2526421 1.59064 3.313391
0.05177578 1.34824 3.282103
-0.006187314 1.073224 3.284468
0.00347796 0.8483019 3.245269
0.01473002 0.804117 3.237154
0.4409775 1.336455 3.306509
0.4811545 1.074013 3.327566
0.4662242 0.8637055 3.258085
0.450877 0.8080228 3.241928
0.1556178 0.8182783 3.254781
0.1271242 0.4670635 3.304439
0.1166507 0.06504542 3.348045
0.07784023 0.05232029 3.221406
0.3280425 0.8141534 3.260332
0.3610905 0.4679815 3.323127
0.3588715 0.05361666 3.340839
0.3920901 0.04869834 3.229943
0.2430096 1.384576 3.314847
0.02308061 0.7450197 3.240175
0.05302282 0.8073001 3.202981
0.4602851 0.7399701 3.242062
0.4158186 0.7948713 3.210362
16
0.2448284 0.8139799 3.297733
0.2440884 1.142869 3.311523
0.2423707 1.463681 3.312875
0.2525952 1.590635 3.313449
0.05174368 1.348257 3.282326
-0.006235334 1.073203 3.284738
0.003241003 0.8498887 3.245428
0.01456282 0.8047172 3.237032
0.4408419 1.336477 3.306623
0.4811555 1.074059 3.327713
0.4662088 0.8637363 3.258216
0.4508674 0.8079974 3.241996
0.1556051 0.8182749 3.255049
0.1270323 0.4670646 3.30461
0.1166428 0.06513771 3.348011
0.07793438 0.05247513 3.221479
0.3280393 0.8141539 3.260594
0.3610466 0.4678813 3.323403
0.3588589 0.05349686 3.340711
0.3920708 0.0486942 3.229922
0.2429826 1.384587 3.314981
0.02314309 0.7449238 3.240194
0.05289567 0.8084652 3.202783
0.4597999 0.7396665 3.242472
0.4157156 0.7963827 3.210221
17
0.2448284 0.8139799 3.297733
0.2440884 1.142869 3.311523
0.2423707 1.463681 3.312875
0.2525952 1.590635 3.313449
0.05174368 1.348257 3.282326
-0.006235334 1.073203 3.284738
0.003241003 0.8498887 3.245428
0.01456282 0.8047172 3.237032
0.4408419 1.336477 3.306623
0.4811555 1.074059 3.327713
0.4662088 0.8637363 3.258216
0.4508674 0.8079974 3.241996
0.1556051 0.8182749 3.255049
0.1270323 0.4670646 3.30461
0.1166428 0.06513771 3.348011
0.07793438 0.05247513 3.221479
0.3280393 0.8141539 3.260594
0.3610466 0.4678813 3.323403
0.3588589 0.05349686 3.340711
0.3920708 0.0486942 3.229922
0.2429826 1.384587 3.314981
0.02314309 0.7449238 3.240194
0.05289567 0.8084652 3.202783
0.4597999 0.7396665 3.242472
0.4157156 0.7963827 3.210221
18
0.2448287 0.8139768 3.297991
0.244073 1.142873 3.311722
0.2423514 1.463689 3.312978
0.2525539 1.59063 3.313499
0.05171609 1.348275 3.282523
-0.006277259 1.073194 3.28496
0.003045168 0.8511996 3.245544
0.01425028 0.8056177 3.236984
0.4407197 1.336498 3.306725
0.4811594 1.074131 3.327852
0.4661999 0.86379 3.258359
0.4508129 0.8080629 3.242138
0.1556072 0.8182691 3.255349
0.1269457 0.4670652 3.304767
0.1166303 0.06515233 3.347984
0.0779872 0.05254794 3.221542
0.3280404 0.8141541 3.260832
0.3610458 0.4678585 3.323644
0.3588383 0.05340132 3.340609
0.392052 0.04869274 3.229896
0.2429641 1.384595 3.315107
0.02171336 0.7461696 3.239457
0.05249549 0.8112167 3.202892
0.4597322 0.739992 3.24278
0.4157366 0.7965903 3.210355
19
0.2448287 0.8139768 3.297991
0.244073 1.142873 3.311722
0.2423514 1.463689 3.312978
0.2525539 1.59063 3.313499
0.05171609 1.348275 3.282523
-0.006277259 1.073194 3.28496
0.003045168 0.8511996 3.245544
0.01425028 0.8056177 3.236984
0.4407197 1.336498 3.306725
0.4811594 1.074131 3.327852
0.4661999 0.86379 3.258359
0.4508129 0.8080629 3.242138
0.1556072 0.8182691 3.255349
0.1269457 0.4670652 3.304767
0.1166303 0.06515233 3.347984
0.0779872 0.05254794 3.221542
0.3280404 0.8141541 3.260832
0.3610458 0.4678585 3.323644
0.3588383 0.05340132 3.340609
0.392052 0.04869274 3.229896
0.2429641 1.384595 3.315107
0.02171336 0.7461696 3.239457
0.05249549 0.8112167 3.202892
0.4597322 0.739992 3.24278
0.4157366 0.7965903 3.210355
20
0.244827 0.8139725 3.298214
0.2440578 1.142877 3.311896
0.2423328 1.463696 3.313063
0.2525189 1.590628 3.313539
0.05169122 1.34829 3.28269
-0.006311794 1.073184 3.285138
0.002900573 0.8522252 3.245584
0.01393786 0.806241 3.236902
0.4406083 1.336519 3.30682
0.4811577 1.074185 3.327996
0.4661687 0.8638301 3.258483
0.450764 0.8077856 3.242309
0.1556062 0.8182641 3.25561
0.1268671 0.4670669 3.304906
0.1166217 0.06516088 3.347953
0.07804634 0.05261148 3.221604
0.3280393 0.8141513 3.261038
0.3610475 0.4678514 3.323847
0.358815 0.05332691 3.34053
0.3920314 0.04869387 3.229859
0.242946 1.384602 3.315214
0.02088434 0.7464296 3.238995
0.05216125 0.8125582 3.202943
0.4583006 0.7380009 3.243324
0.4155704 0.7997714 3.211171
21
0.244827 0.8139725 3.298214
0.2440578 1.142877 3.311896
0.2423328 1.463696 3.313063
0.2525189 1.590628 3.313539
0.05169122 1.34829 3.28269
-0.006311794 1.073184 3.285138
0.002900573 0.8522252 3.245584
0.01393786 0.806241 3.236902
0.4406083 1.336519 3.30682
0.4811577 1.074185 3.327996
0.4661687 0.8638301 3.258483
0.450764 0.8077856 3.242309
0.1556062 0.8182641 3.25561
0.1268671 0.4670669 3.304906
0.1166217 0.06516088 3.347953
0.07804634 0.05261148 3.221604
0.3280393 0.8141513 3.261038
0.3610475 0.4678514 3.323847
0.358815 0.05332691 3.34053
0.3920314 0.04869387 3.229859
0.242946 1.384602 3.315214
0.02088434 0.7464296 3.238995
0.05216125 0.8125582 3.202943
0.4583006 0.7380009 3.243324
0.4155704 0.7997714 3.211171
22
0.2448158 0.8139691 3.2984
0.2440425 1.142879 3.312047
0.2423173 1.463703 3.313133
0.2524897 1.590625 3.313571
0.05166982 1.348305 3.282832
-0.006332507 1.073137 3.285265
0.002802194 0.8528603 3.245586
0.0138553 0.8065485 3.23676
0.4405006 1.336538 3.306902
0.4811547 1.074233 3.328129
0.4661385 0.8638659 3.258595
0.4507711 0.807822 3.242437
0.1555955 0.8182617 3.25583
0.1267879 0.4670794 3.305027
0.1166125 0.06515513 3.347925
0.07810177 0.05265438 3.221667
0.3280281 0.8141476 3.261208
0.3610544 0.4678743 3.324018
0.3587739 0.05326199 3.340487
0.3920155 0.04868265 3.229802
0.2429304 1.384608 3.315306
0.0205119 0.7464315 3.238971
0.05210155 0.8129939 3.202886
0.4583013 0.738205 3.243657
0.4157704 0.8019956 3.211672
23
0.2448158 0.8139691 3.2984
0.2440425 1.142879 3.312047
0.2423173 1.463703 3.313133
0.2524897 1.590625 3.313571
0.05166982 1.348305 3.282832
-0.006332507 1.073137 3.285265
0.002802194 0.8528603 3.245586
0.0138553 0.8065485 3.23676
0.4405006 1.336538 3.306902
0.4811547 1.074233 3.328129
0.4661385 0.8638659 3.258595
0.4507711 0.807822 3.242437
0.1555955 0.8182617 3.25583
0.1267879 0.4670794 3.305027
0.1166125 0.06515513 3.347925
0.07810177 0.05265438 3.221667
0.3280281 0.8141476 3.261208
0.3610544 0.4678743 3.324018
0.3587739 0.05326199 3.340487
0.3920155 0.04868265 3.229802
0.2429304 1.384608 3.315306
0.0205119 0.7464315 3.238971
0.05210155 0.8129939 3.202886
0.4583013 0.738205 3.243657
0.4157704 0.8019956 3.211672
24
0.2448045 0.813965 3.298563
0.2440292 1.142881 3.312181
0.2423045 1.463709 3.313195
0.2524646 1.590624 3.313598
0.05165206 1.348318 3.282952
-0.006349025 1.073101 3.285358
0.002728791 0.8533621 3.245572
0.01377318 0.8068445 3.236665
0.4403999 1.336555 3.306971
0.4811483 1.074275 3.328254
0.4661279 0.8638914 3.258754
0.4507551 0.8078445 3.242577
0.1555847 0.8182595 3.25602
0.1267112 0.4670861 3.305142
0.1166039 0.06515203 3.347897
0.07817119 0.05269797 3.221732
0.3280172 0.8141423 3.261359
0.3610639 0.4679064 3.324167
0.3587319 0.05320709 3.340457
0.3920023 0.04867132 3.229749
0.2429172 1.384614 3.315387
0.01967071 0.7463928 3.238901
0.05200424 0.8134434 3.202921
0.4580755 0.7379301 3.244218
0.4157922 0.8027228 3.21187
25
0.2448045 0.813965 3.298563
0.2440292 1.142881 3.312181
0.2423045 1.463709 3.313195
0.2524646 1.590624 3.313598
0.05165206 1.348318 3.282952
-0.006349025 1.073101 3.285358
0.002728791 0.8533621 3.245572
0.01377318 0.8068445 3.236665
0.4403999 1.336555 3.306971
0.4811483 1.074275 3.328254
0.4661279 0.8638914 3.258754
0.4507551 0.8078445 3.242577
0.1555847 0.8182595 3.25602
0.1267112 0.4670861 3.305142
0.1166039 0.06515203 3.347897
0.07817119 0.05269797 3.221732
0.3280172 0.8141423 3.261359
0.3610639 0.4679064 3.324167
0.3587319 0.05320709 3.340457
0.3920023 0.04867132 3.229749
0.2429172 1.384614 3.315387
0.01967071 0.7463928 3.238901
0.05200424 0.8134434 3.202921
0.4580755 0.7379301 3.244218
0.4157922 0.8027228 3.21187
26
0.2447936 0.8139589 3.298707
0.2440207 1.142881 3.312295
0.2423003 1.463713 3.313235
0.252441 1.590624 3.313612
0.05163739 1.348323 3.283041
-0.006362545 1.073066 3.285431
0.002672928 0.8537447 3.245548
0.01370108 0.8073499 3.236486
0.4403092 1.33656 3.307027
0.481139 1.074309 3.328366
0.4661168 0.8639073 3.258919
0.4507609 0.8077505 3.242691
0.1555742 0.8182558 3.256185
0.1266386 0.4670955 3.305247
0.1165825 0.06515275 3.347858
0.07823505 0.05274687 3.221787
0.3280069 0.8141342 3.261496
0.3610713 0.4679464 3.324298
0.3586808 0.05325164 3.34045
0.3918922 0.04875354 3.22988
0.2429125 1.384618 3.315446
0.01926064 0.7463291 3.239394
0.05233458 0.8115803 3.202471
0.4579651 0.7377267 3.244313
0.4157877 0.8032876 3.212001
27
0.2447936 0.8139589 3.298707
0.2440207 1.142881 3.312295
0.2423003 1.463713 3.313235
0.252441 1.590624 3.313612
0.05163739 1.348323 3.283041
-0.006362545 1.073066 3.285431
0.002672928 0.8537447 3.245548
0.01370108 0.8073499 3.236486
0.4403092 1.33656 3.307027
0.481139 1.074309 3.328366
0.4661168 0.8639073 3.258919
0.4507609 0.8077505 3.242691
0.1555742 0.8182558 3.256185
0.1266386 0.4670955 3.305247
0.1165825 0.06515275 3.347858
0.07823505 0.05274687 3.221787
0.3280069 0.8141342 3.261496
0.3610713 0.4679464 3.324298
0.3586808 0.05325164 3.34045
0.3918922 0.04875354 3.22988
0.2429125 1.384618 3.315446
0.01926064 0.7463291 3.239394
0.05233458 0.8115803 3.202471
0.4579651 0.7377267 3.244313
0.4157877 0.8032876 3.212001
28
0.2447831 0.8139546 3.29883
0.2440137 1.14288 3.312392
0.242297 1.463715 3.313263
0.2524216 1.590618 3.313616
0.05162546 1.34833 3.283108
-0.006373858 1.073042 3.285474
0.00264037 0.8540782 3.245454
0.01360076 0.807604 3.236096
0.4402246 1.336566 3.307076
0.4811286 1.074323 3.328462
0.4661062 0.8638985 3.259071
0.450772 0.8076913 3.242755
0.155564 0.8182528 3.256328
0.126573 0.4671029 3.305338
0.1165441 0.06513999 3.347814
0.07828317 0.05278243 3.221838
0.3279972 0.8141295 3.261611
0.3610731 0.4679959 3.324409
0.3586295 0.05329308 3.340442
0.3917986 0.04882662 3.229973
0.242909 1.384619 3.31549
0.01906832 0.7462707 3.239129
0.05231602 0.8115686 3.202252
0.4577086 0.7375286 3.244525
0.4157636 0.8038566 3.211945
29
0.2447831 0.8139546 3.29883
0.2440137 1.14288 3.312392
0.242297 1.463715 3.313263
0.2524216 1.590618 3.313616
0.05162546 1.34833 3.283108
-0.006373858 1.073042 3.285474
0.00264037 0.8540782 3.245454
0.01360076 0.807604 3.236096
0.4402246 1.336566 3.307076
0.4811286 1.074323 3.328462
0.4661062 0.8638985 3.259071
0.450772 0.8076913 3.242755
0.155564 0.8182528 3.256328
0.126573 0.4671029 3.305338
0.1165441 0.06513999 3.347814
0.07828317 0.05278243 3.221838
0.3279972 0.8141295 3.261611
0.3610731 0.4679959 3.324409
0.3586295 0.05329308 3.340442
0.3917986 0.04882662 3.229973
0.242909 1.384619 3.31549
0.01906832 0.7462707 3.239129
0.05231602 0.8115686 3.202252
0.4577086 0.7375286 3.244525
0.4157636 0.8038566 3.211945
30
0.2447701 0.813947 3.29893
0.2440046 1.142879 3.312468
0.2422934 1.463717 3.313282
0.2524035 1.590609 3.313612
0.05161911 1.348333 3.283146
-0.006387475 1.073025 3.285499
0.00262599 0.854434 3.245168
0.0136168 0.8079008 3.235012
0.4401478 1.336567 3.30711
0.4811153 1.074321 3.328541
0.4661015 0.86387 3.2592
0.4507635 0.8077053 3.242761
0.1555509 0.8182468 3.256433
0.1265138 0.4671096 3.305419
0.1165075 0.06512995 3.347758
0.07833615 0.05282322 3.221894
0.3279853 0.8141214 3.261709
0.3610722 0.4680106 3.324514
0.3584786 0.05327407 3.340378
0.3917675 0.0488435 3.229991
0.2429045 1.384621 3.315521
0.01928124 0.7462013 3.236708
0.05161257 0.8139915 3.201156
0.4576353 0.737423 3.244616
0.415685 0.8045724 3.211748
31
0.2447701 0.813947 3.29893
0.2440046 1.142879 3.312468
0.2422934 1.463717 3.313282
0.2524035 1.590609 3.313612
0.05161911 1.348333 3.283146
-0.006387475 1.073025 3.285499
0.00262599 0.854434 3.245168
0.0136168 0.8079008 3.235012
0.4401478 1.336567 3.30711
0.4811153 1.074321 3.328541
0.4661015 0.86387 3.2592
0.4507635 0.8077053 3.242761
0.1555509 0.8182468 3.256433
0.1265138 0.4671096 3.305419
0.1165075 0.06512995 3.347758
0.07833615 0.05282322 3.221894
0.3279853 0.8141214 3.261709
0.3610722 0.4680106 3.324514
0.3584786 0.05327407 3.340378
0.3917675 0.0488435 3.229991
0.2429045 1.384621 3.315521
0.01928124 0.7462013 3.236708
0.05161257 0.8139915 3.201156
0.4576353 0.737423 3.244616
0.415685 0.8045724 3.211748
32
0.2447598 0.8139407 3.299012
0.2439986 1.14288 3.312525
0.242291 1.46372 3.313294
0.2523844 1.5906 3.313602
0.05161357 1.348337 3.283174
-0.006444912 1.073019 3.285471
0.002919033 0.8552681 3.243065
0.01406944 0.8091471 3.228053
0.440079 1.336569 3.307137
0.481129 1.074388 3.328559
0.4661058 0.8639067 3.259251
0.4506471 0.8077677 3.241946
0.1555409 0.8182418 3.256516
0.1264619 0.4671164 3.305483
0.1164233 0.06509197 3.347691
0.07836536 0.05283848 3.221928
0.327976 0.8141149 3.261792
0.3610716 0.4680075 3.3246
0.3583234 0.05325526 3.340314
0.3917402 0.04885414 3.230002
0.2429017 1.384623 3.315541
0.0206673 0.7462336 3.230029
0.0515353 0.8109271 3.195142
0.4567256 0.7371554 3.243479
0.4158883 0.806972 3.209807
33
0.2447598 0.8139407 3.299012
0.2439986 1.14288 3.312525
0.242291 1.46372 3.313294
0.2523844 1.5906 3.313602
0.05161357 1.348337 3.283174
-0.006444912 1.073019 3.285471
0.002919033 0.8552681 3.243065
0.01406944 0.8091471 3.228053
0.440079 1.336569 3.307137
0.481129 1.074388 3.328559
0.4661058 0.8639067 3.259251
0.4506471 0.8077677 3.241946
0.1555409 0.8182418 3.256516
0.1264619 0.4671164 3.305483
0.1164233 0.06509197 3.347691
0.07836536 0.05283848 3.221928
0.327976 0.8141149 3.261792
0.3610716 0.4680075 3.3246
0.3583234 0.05325526 3.340314
0.3917402 0.04885414 3.230002
0.2429017 1.384623 3.315541
0.0206673 0.7462336 3.230029
0.0515353 0.8109271 3.195142
0.4567256 0.7371554 3.243479
0.4158883 0.806972 3.209807
34
0.2447554 0.8139363 3.299069
0.2439933 1.142881 3.312564
0.2422805 1.463729 3.313289
0.2523514 1.590583 3.313572
0.05160797 1.348343 3.283189
-0.007308014 1.073673 3.284433
0.007199809 0.8635629 3.220225
0.02112128 0.8222379 3.19412
0.4400163 1.3366 3.307146
0.4811589 1.074466 3.32855
0.4662934 0.864458 3.258082
0.4498968 0.8073558 3.234601
0.1555355 0.8182366 3.256577
0.126414 0.467122 3.305538
0.1163485 0.06504788 3.34761
0.07839054 0.05284988 3.221956
0.3279733 0.8141125 3.261842
0.3610749 0.4679926 3.324672
0.3581361 0.05322281 3.340231
0.3917141 0.0488496 3.229994
0.2428956 1.384627 3.315553
0.02845149 0.7623152 3.187399
0.06011624 0.8218003 3.170931
0.4547808 0.7387254 3.229197
0.4211021 0.8020254 3.217135
35
0.2447554 0.8139363 3.299069
0.2439933 1.142881 3.312564
0.2422805 1.463729 3.313289
0.2523514 1.590583 3.313572
0.05160797 1.348343 3.283189
-0.007308014 1.073673 3.284433
0.007199809 0.8635629 3.220225
0.02112128 0.8222379 3.19412
0.4400163 1.3366 3.307146
0.4811589 1.074466 3.32855
0.4662934 0.864458 3.258082
0.4498968 0.8073558 3.234601
0.1555355 0.8182366 3.256577
0.126414 0.467122 3.305538
0.1163485 0.06504788 3.34761
0.07839054 0.05284988 3.221956
0.3279733 0.8141125 3.261842
0.3610749 0.4679926 3.324672
0.3581361 0.05322281 3.340231
0.3917141 0.0488496 3.229994
0.2428956 1.384627 3.315553
0.02845149 0.7623152 3.187399
0.06011624 0.8218003 3.170931
0.4547808 0.7387254 3.229197
0.4211021 0.8020254 3.217135
36
0.2447595 0.8139308 3.299106
0.2439911 1.14288 3.312591
0.242271 1.463737 3.313278
0.2523187 1.59057 3.313544
0.05160335 1.348351 3.283195
-0.01868118 1.100575 3.271936
0.0184519 0.900327 3.178791
0.0445759 0.851826 3.151143
0.439949 1.336651 3.30712
0.4833353 1.078525 3.326611
0.4619225 0.885578 3.227245
0.4422783 0.8251169 3.19423
0.1555391 0.81823 3.256618
0.126375 0.4671248 3.305583
0.1162756 0.06501006 3.347545
0.07840794 0.0528575 3.221975
0.3279786 0.8141094 3.261875
0.3610755 0.4679715 3.324734
0.3579912 0.05316532 3.3401
0.3916908 0.0488356 3.229979
0.242891 1.38463 3.315558
0.0472668 0.7960864 3.131513
0.08874878 0.861055 3.150309
0.441447 0.75489 3.183367
0.4199129 0.818628 3.208724
37
0.2447595 0.8139308 3.299106
0.2439911 1.14288 3.312591
0.242271 1.463737 3.313278
0.2523187 1.59057 3.313544
0.05160335 1.348351 3.283195
-0.01868118 1.100575 3.271936
0.0184519 0.900327 3.178791
0.0445759 0.851826 3.151143
0.439949 1.336651 3.30712
0.4833353 1.078525 3.326611
0.4619225 0.885578 3.227245
0.4422783 0.8251169 3.19423
0.1555391 0.81823 3.256618
0.126375 0.4671248 3.305583
0.1162756 0.06501006 3.347545
0.07840794 0.0528575 3.221975
0.3279786 0.8141094 3.261875
0.3610755 0.4679715 3.324734
0.3579912 0.05316532 3.3401
0.3916908 0.0488356 3.229979
0.242891 1.38463 3.315558
0.0472668 0.7960864 3.131513
0.08874878 0.861055 3.150309
0.441447 0.75489 3.183367
0.4199129 0.818628 3.208724
38
0.2447595 0.8139308 3.299106
0.2439911 1.14288 3.312591
0.242271 1.463737 3.313278
0.2523187 1.59057 3.313544
0.05160335 1.348351 3.283195
-0.01868118 1.100575 3.271936
0.0184519 0.900327 3.178791
0.0445759 0.851826 3.151143
0.439949 1.336651 3.30712
0.4833353 1.078525 3.326611
0.4619225 0.885578 3.227245
0.4422783 0.8251169 3.19423
0.1555391 0.81823 3.256618
0.126375 0.4671248 3.305583
0.1162756 0.06501006 3.347545
0.07840794 0.0528575 3.221975
0.3279786 0.8141094 3.261875
0.3610755 0.4679715 3.324734
0.3579912 0.05316532 3.3401
0.3916908 0.0488356 3.229979
0.242891 1.38463 3.315558
0.0472668 0.7960864 3.131513
0.08874878 0.861055 3.150309
0.441447 0.75489 3.183367
0.4199129 0.818628 3.208724
39
0.2447707 0.8139222 3.299124
0.243991 1.142879 3.312606
0.242259 1.463744 3.313239
0.2522847 1.590559 3.313512
0.0515963 1.348363 3.28318
-0.02666075 1.118294 3.262201
0.04491898 0.9490168 3.128891
0.08949675 0.9068611 3.101483
0.4398853 1.33681 3.306933
0.4914995 1.100858 3.313706
0.4490377 0.9286538 3.180439
0.4102056 0.8700904 3.153876
0.155552 0.8182164 3.256637
0.1263403 0.467125 3.305621
0.1162086 0.06495885 3.347483
0.07843637 0.05284766 3.221992
0.3279913 0.814106 3.261885
0.361075 0.4679662 3.324769
0.3579119 0.05309911 3.33995
0.3916715 0.04881693 3.229959
0.2428851 1.384632 3.315542
0.0895661 0.8691414 3.062604
0.1040362 0.8750765 3.125869
0.4148263 0.8169273 3.104677
0.4201957 0.8202158 3.184896
40
0.2447847 0.8139225 3.299132
0.2439941 1.142881 3.312614
0.2422563 1.463758 3.313198
0.2522509 1.590554 3.313483
0.05159695 1.348401 3.283136
-0.03668616 1.14254 3.24834
0.08256578 1.01646 3.090561
0.1489877 0.9843823 3.06941
0.4398097 1.337191 3.306597
0.5018712 1.124551 3.299587
0.429124 0.9922106 3.126776
0.3658112 0.9560653 3.102369
0.1555669 0.8182113 3.256647
0.1263103 0.4671263 3.305652
0.1161729 0.06492853 3.347451
0.07844685 0.05284157 3.222
0.3280085 0.814115 3.261885
0.3610698 0.4679634 3.324796
0.3578657 0.05305322 3.339865
0.3916492 0.04879992 3.22994
0.2428852 1.384641 3.315523
0.1590311 0.9693886 3.0213
0.1395094 0.9296103 3.100439
0.372559 0.9332146 3.026685
0.3527184 0.928066 3.133924
41
0.2447847 0.8139225 3.299132
0.2439941 1.142881 3.312614
0.2422563 1.463758 3.313198
0.2522509 1.590554 3.313483
0.05159695 1.348401 3.283136
-0.03668616 1.14254 3.24834
0.08256578 1.01646 3.090561
0.1489877 0.9843823 3.06941
0.4398097 1.337191 3.306597
0.5018712 1.124551 3.299587
0.429124 0.9922106 3.126776
0.3658112 0.9560653 3.102369
0.1555669 0.8182113 3.256647
0.1263103 0.4671263 3.305652
0.1161729 0.06492853 3.347451
0.07844685 0.05284157 3.222
0.3280085 0.814115 3.261885
0.3610698 0.4679634 3.324796
0.3578657 0.05305322 3.339865
0.3916492 0.04879992 3.22994
0.2428852 1.384641 3.315523
0.1590311 0.9693886 3.0213
0.1395094 0.9296103 3.100439
0.372559 0.9332146 3.026685
0.3527184 0.928066 3.133924
42
0.244797 0.8139297 3.299141
0.2440007 1.142887 3.312621
0.2422676 1.463775 3.313162
0.2522209 1.590571 3.313484
0.05162781 1.34845 3.28303
-0.05748451 1.168029 3.227096
0.1178259 1.104916 3.068026
0.1868637 1.085556 3.062553
0.4395539 1.33803 3.305982
0.5171356 1.144881 3.272795
0.3868433 1.08156 3.082452
0.3117261 1.06269 3.077639
0.1555794 0.8182111 3.256658
0.1262831 0.4671276 3.30568
0.1161445 0.06489863 3.34743
0.07844903 0.05283001 3.222007
0.328024 0.814137 3.261886
0.3610542 0.4679636 3.324818
0.3578334 0.05302312 3.339806
0.391626 0.04879212 3.229934
0.2428942 1.384653 3.315506
0.2095813 1.107904 2.995902
0.1875835 1.027717 3.085566
0.3270016 1.081027 2.983623
0.2985852 1.023679 3.098536
43
0.244797 0.8139297 3.299141
0.2440007 1.142887 3.312621
0.2422676 1.463775 3.313162
0.2522209 1.590571 3.313484
0.05162781 1.34845 3.28303
-0.05748451 1.168029 3.227096
0.1178259 1.104916 3.068026
0.1868637 1.085556 3.062553
0.4395539 1.33803 3.305982
0.5171356 1.144881 3.272795
0.3868433 1.08156 3.082452
0.3117261 1.06269 3.077639
0.1555794 0.8182111 3.256658
0.1262831 0.4671276 3.30568
0.1161445 0.06489863 3.34743
0.07844903 0.05283001 3.222007
0.328024 0.814137 3.261886
0.3610542 0.4679636 3.324818
0.3578334 0.05302312 3.339806
0.391626 0.04879212 3.229934
0.2428942 1.384653 3.315506
0.2095813 1.107904 2.995902
0.1875835 1.027717 3.085566
0.3270016 1.081027 2.983623
0.2985852 1.023679 3.098536
44
0.244797 0.8139297 3.299141
0.2440007 1.142887 3.312621
0.2422676 1.463775 3.313162
0.2522209 1.590571 3.313484
0.05162781 1.34845 3.28303
-0.05748451 1.168029 3.227096
0.1178259 1.104916 3.068026
0.1868637 1.085556 3.062553
0.4395539 1.33803 3.305982
0.5171356 1.144881 3.272795
0.3868433 1.08156 3.082452
0.3117261 1.06269 3.077639
0.1555794 0.8182111 3.256658
0.1262831 0.4671276 3.30568
0.1161445 0.06489863 3.34743
0.07844903 0.05283001 3.222007
0.328024 0.814137 3.261886
0.3610542 0.4679636 3.324818
0.3578334 0.05302312 3.339806
0.391626 0.04879212 3.229934
0.2428942 1.384653 3.315506
0.2095813 1.107904 2.995902
0.1875835 1.027717 3.085566
0.3270016 1.081027 2.983623
0.2985852 1.023679 3.098536
45
0.2448109 0.8139375 3.29915
0.2440082 1.142892 3.312625
0.2422807 1.463793 3.313127
0.2521808 1.590605 3.313509
0.05200218 1.348581 3.28246
-0.06792933 1.181334 3.211717
0.1375128 1.191489 3.053589
0.1984157 1.188016 3.0629
0.4393213 1.338752 3.305451
0.5251533 1.158054 3.233816
0.3453159 1.173777 3.054016
0.290227 1.186253 3.033831
0.1555986 0.8182127 3.25667
0.126253 0.4671312 3.305707
0.1161206 0.06486835 3.347414
0.07844128 0.05281578 3.222011
0.3280373 0.8141561 3.261889
0.3610055 0.4679353 3.324846
0.3578404 0.0529694 3.339728
0.3915638 0.04877545 3.229958
0.2429044 1.384665 3.315488
0.2338469 1.240891 2.976393
0.2191952 1.159817 3.08733
0.2922886 1.21772 2.973827
0.2831455 1.161531 3.036188
46
0.2448237 0.8139315 3.29916
0.244014 1.142895 3.312631
0.2422904 1.463812 3.313102
0.252151 1.590679 3.313679
0.05339564 1.349252 3.280746
-0.07279745 1.200281 3.172438
0.1543691 1.247185 3.059561
0.1990286 1.271322 3.052629
0.4371843 1.340767 3.302614
0.5131192 1.172856 3.177235
0.2992052 1.236738 3.036232
0.2762496 1.28386 3.014
0.1556227 0.8181788 3.256703
0.1262227 0.4671319 3.305737
0.1160974 0.06483058 3.347393
0.0784182 0.05279185 3.221968
0.3280475 0.8141615 3.261889
0.360948 0.4678858 3.324877
0.3578766 0.05290055 3.339633
0.3915096 0.04875223 3.22997
0.2429122 1.384677 3.315476
0.2148215 1.290035 3.007444
0.1950266 1.260667 3.059551
0.2847347 1.274998 3.005237
0.2728587 1.276084 2.994061
47
0.2448237 0.8139315 3.29916
0.244014 1.142895 3.312631
0.2422904 1.463812 3.313102
0.252151 1.590679 3.313679
0.05339564 1.349252 3.280746
-0.07279745 1.200281 3.172438
0.1543691 1.247185 3.059561
0.1990286 1.271322 3.052629
0.4371843 1.340767 3.302614
0.5131192 1.172856 3.177235
0.2992052 1.236738 3.036232
0.2762496 1.28386 3.014
0.1556227 0.8181788 3.256703
0.1262227 0.4671319 3.305737
0.1160974 0.06483058 3.347393
0.0784182 0.05279185 3.221968
0.3280475 0.8141615 3.261889
0.360948 0.4678858 3.324877
0.3578766 0.05290055 3.339633
0.3915096 0.04875223 3.22997
0.2429122 1.384677 3.315476
0.2148215 1.290035 3.007444
0.1950266 1.260667 3.059551
0.2847347 1.274998 3.005237
0.2728587 1.276084 2.994061
48
0.2448307 0.8139047 3.299167
0.243987 1.142913 3.312625
0.2417402 1.464368 3.312858
0.252086 1.590858 3.314132
0.05655563 1.352368 3.277191
-0.07074153 1.209507 3.153884
0.1610256 1.281031 3.055972
0.1995308 1.315046 3.049528
0.4357654 1.342248 3.300706
0.5055004 1.180172 3.148834
0.2975322 1.293395 3.044476
0.2707427 1.335906 3.013454
0.1556334 0.8181235 3.256737
0.1261792 0.467133 3.305798
0.1160794 0.06478263 3.347367
0.0783869 0.05276807 3.22192
0.3280545 0.8141428 3.261878
0.3608862 0.4678281 3.324913
0.3579198 0.05283871 3.339565
0.3914619 0.04873007 3.229986
0.2425936 1.384978 3.315338
0.2221346 1.334275 3.020732
0.1633933 1.310838 3.043447
0.2678115 1.332539 3.021531
0.2954038 1.308856 3.020822
49
0.2448307 0.8139047 3.299167
0.243987 1.142913 3.312625
0.2417402 1.464368 3.312858
0.252086 1.590858 3.314132
0.05655563 1.352368 3.277191
-0.07074153 1.209507 3.153884
0.1610256 1.281031 3.055972
0.1995308 1.315046 3.049528
0.4357654 1.342248 3.300706
0.5055004 1.180172 3.148834
0.2975322 1.293395 3.044476
0.2707427 1.335906 3.013454
0.1556334 0.8181235 3.256737
0.1261792 0.467133 3.305798
0.1160794 0.06478263 3.347367
0.0783869 0.05276807 3.22192
0.3280545 0.8141428 3.261878
0.3608862 0.4678281 3.324913
0.3579198 0.05283871 3.339565
0.3914619 0.04873007 3.229986
0.2425936 1.384978 3.315338
0.2221346 1.334275 3.020732
0.1633933 1.310838 3.043447
0.2678115 1.332539 3.021531
0.2954038 1.308856 3.020822
50
0.2448307 0.8139047 3.299167
0.243987 1.142913 3.312625
0.2417402 1.464368 3.312858
0.252086 1.590858 3.314132
0.05655563 1.352368 3.277191
-0.07074153 1.209507 3.153884
0.1610256 1.281031 3.055972
0.1995308 1.315046 3.049528
0.4357654 1.342248 3.300706
0.5055004 1.180172 3.148834
0.2975322 1.293395 3.044476
0.2707427 1.335906 3.013454
0.1556334 0.8181235 3.256737
0.1261792 0.467133 3.305798
0.1160794 0.06478263 3.347367
0.0783869 0.05276807 3.22192
0.3280545 0.8141428 3.261878
0.3608862 0.4678281 3.324913
0.3579198 0.05283871 3.339565
0.3914619 0.04873007 3.229986
0.2425936 1.384978 3.315338
0.2221346 1.334275 3.020732
0.1633933 1.310838 3.043447
0.2678115 1.332539 3.021531
0.2954038 1.308856 3.020822
51
0.2447949 0.8137786 3.299152
0.2439502 1.142933 3.312617
0.2412236 1.464969 3.312689
0.2520186 1.591172 3.314805
0.05842399 1.354502 3.275252
-0.05637116 1.219656 3.125143
0.1714543 1.322677 3.052251
0.2038859 1.347179 3.047635
0.4343919 1.344216 3.298578
0.499289 1.193655 3.121843
0.2888574 1.318874 3.045858
0.2701948 1.365337 3.020461
0.1555693 0.8179584 3.256783
0.1261236 0.4671441 3.305882
0.1160698 0.06476879 3.347333
0.07839432 0.05279064 3.221921
0.3280345 0.8140088 3.261795
0.3608124 0.4677342 3.324966
0.357956 0.05277993 3.339513
0.3914139 0.04871065 3.230005
0.242268 1.385313 3.315229
0.238041 1.381734 3.021481
0.2065009 1.384867 3.009486
0.2702793 1.353772 3.041306
0.2840509 1.32953 3.032205
52
0.2447949 0.8137786 3.299152
0.2439502 1.142933 3.312617
0.2412236 1.464969 3.312689
0.2520186 1.591172 3.314805
0.05842399 1.354502 3.275252
-0.05637116 1.219656 3.125143
0.1714543 1.322677 3.052251
0.2038859 1.347179 3.047635
0.4343919 1.344216 3.298578
0.499289 1.193655 3.121843
0.2888574 1.318874 3.045858
0.2701948 1.365337 3.020461
0.1555693 0.8179584 3.256783
0.1261236 0.4671441 3.305882
0.1160698 0.06476879 3.347333
0.07839432 0.05279064 3.221921
0.3280345 0.8140088 3.261795
0.3608124 0.4677342 3.324966
0.357956 0.05277993 3.339513
0.3914139 0.04871065 3.230005
0.242268 1.385313 3.315229
0.238041 1.381734 3.021481
0.2065009 1.384867 3.009486
0.2702793 1.353772 3.041306
0.2840509 1.32953 3.032205
53
0.2447496 0.8136271 3.299127
0.2438823 1.142959 3.312621
0.2405214 1.46567 3.312776
0.2519787 1.591801 3.315887
0.05997121 1.356825 3.273439
-0.04024893 1.227647 3.102999
0.2023707 1.356656 3.055114
0.2263861 1.378814 3.048674
0.4330917 1.346843 3.296203
0.4931244 1.204851 3.10453
0.2873148 1.353672 3.046658
0.2709977 1.387825 3.027317
0.1554869 0.8177689 3.256828
0.1260538 0.467164 3.306004
0.1160723 0.06476944 3.347295
0.07842733 0.05284068 3.221946
0.3280129 0.8138427 3.261687
0.3607441 0.4677108 3.325001
0.3581154 0.05269722 3.339389
0.391374 0.04869484 3.23002
0.2417952 1.385731 3.315268
0.2946342 1.36771 3.04574
0.2285558 1.405001 3.012872
0.2606694 1.386306 3.041897
0.2858084 1.35843 3.034506
54
0.2447496 0.8136271 3.299127
0.2438823 1.142959 3.312621
0.2405214 1.46567 3.312776
0.2519787 1.591801 3.315887
0.05997121 1.356825 3.273439
-0.04024893 1.227647 3.102999
0.2023707 1.356656 3.055114
0.2263861 1.378814 3.048674
0.4330917 1.346843 3.296203
0.4931244 1.204851 3.10453
0.2873148 1.353672 3.046658
0.2709977 1.387825 3.027317
0.1554869 0.8177689 3.256828
0.1260538 0.467164 3.306004
0.1160723 0.06476944 3.347295
0.07842733 0.05284068 3.221946
0.3280129 0.8138427 3.261687
0.3607441 0.4677108 3.325001
0.3581154 0.05269722 3.339389
0.391374 0.04869484 3.23002
0.2417952 1.385731 3.315268
0.2946342 1.36771 3.04574
0.2285558 1.405001 3.012872
0.2606694 1.386306 3.041897
0.2858084 1.35843 3.034506
55
0.2446824 0.8134484 3.299086
0.2437379 1.143006 3.31264
0.239601 1.466489 3.313042
0.2519658 1.593232 3.317591
0.06131357 1.359477 3.271835
-0.03018942 1.233275 3.090755
0.2128944 1.373162 3.055959
0.2390011 1.39813 3.049616
0.4320403 1.349823 3.293654
0.4884727 1.213872 3.09332
0.2859486 1.366246 3.050061
0.2749276 1.399728 3.035912
0.1553565 0.817557 3.256857
0.1259771 0.4671842 3.306192
0.1160781 0.06481655 3.347237
0.07849757 0.05297184 3.222062
0.3279836 0.8136455 3.261556
0.3606212 0.4676732 3.325047
0.3582992 0.05259886 3.339249
0.3913292 0.04867776 3.230042
0.2411171 1.386264 3.315431
0.3073835 1.392564 3.052459
0.2327263 1.418338 3.014077
0.26718 1.394749 3.052765
0.2816914 1.382012 3.034368
56
0.2446824 0.8134484 3.299086
0.2437379 1.143006 3.31264
0.239601 1.466489 3.313042
0.2519658 1.593232 3.317591
0.06131357 1.359477 3.271835
-0.03018942 1.233275 3.090755
0.2128944 1.373162 3.055959
0.2390011 1.39813 3.049616
0.4320403 1.349823 3.293654
0.4884727 1.213872 3.09332
0.2859486 1.366246 3.050061
0.2749276 1.399728 3.035912
0.1553565 0.817557 3.256857
0.1259771 0.4671842 3.306192
0.1160781 0.06481655 3.347237
0.07849757 0.05297184 3.222062
0.3279836 0.8136455 3.261556
0.3606212 0.4676732 3.325047
0.3582992 0.05259886 3.339249
0.3913292 0.04867776 3.230042
0.2411171 1.386264 3.315431
0.3073835 1.392564 3.052459
0.2327263 1.418338 3.014077
0.26718 1.394749 3.052765
0.2816914 1.382012 3.034368
57
0.2446078 0.8132517 3.299024
0.2435396 1.14307 3.312659
0.2385851 1.467341 3.31335
0.2518824 1.59486 3.319454
0.06232634 1.362167 3.270556
-0.02417113 1.23703 3.083794
0.2193246 1.38519 3.056129
0.2476151 1.411288 3.050137
0.4309453 1.356935 3.288718
0.4854354 1.220057 3.08752
0.2907296 1.382463 3.053789
0.2822143 1.402604 3.045246
0.1552126 0.8173321 3.256876
0.1259022 0.4671831 3.306415
0.1160839 0.06485446 3.347174
0.07855612 0.05310895 3.222194
0.3279583 0.8134217 3.261367
0.3604918 0.4676495 3.325082
0.358491 0.05251336 3.339136
0.3912846 0.04866274 3.230066
0.2403288 1.386855 3.315626
0.3202129 1.39167 3.058805
0.2419673 1.441193 3.009504
0.2674216 1.41043 3.0591
0.2849791 1.389491 3.041704
58
0.2444999 0.8130051 3.298867
0.2433203 1.143071 3.312607
0.237979 1.467631 3.313392
0.2518315 1.59632 3.321056
0.06303867 1.3647 3.269585
-0.01987792 1.239941 3.079537
0.2228419 1.391926 3.056903
0.2530465 1.419399 3.050609
0.4301688 1.363254 3.284348
0.4832571 1.22682 3.083735
0.2879819 1.392262 3.055865
0.2736501 1.408079 3.049966
0.1550316 0.8170937 3.256849
0.1258315 0.4671798 3.306633
0.1160891 0.06481115 3.347119
0.07854514 0.05315274 3.222217
0.3279276 0.8130925 3.260945
0.3603292 0.4676125 3.32509
0.3587175 0.05239512 3.338898
0.3912646 0.04864978 3.230074
0.2397915 1.387075 3.315634
0.3233728 1.390317 3.060854
0.2427049 1.439837 3.012391
0.2208114 1.388102 3.053056
0.2241015 1.375404 3.035728
59
0.2444999 0.8130051 3.298867
0.2433203 1.143071 3.312607
0.237979 1.467631 3.313392
0.2518315 1.59632 3.321056
0.06303867 1.3647 3.269585
-0.01987792 1.239941 3.079537
0.2228419 1.391926 3.056903
0.2530465 1.419399 3.050609
0.4301688 1.363254 3.284348
0.4832571 1.22682 3.083735
0.2879819 1.392262 3.055865
0.2736501 1.408079 3.049966
0.1550316 0.8170937 3.256849
0.1258315 0.4671798 3.306633
0.1160891 0.06481115 3.347119
0.07854514 0.05315274 3.222217
0.3279276 0.8130925 3.260945
0.3603292 0.4676125 3.32509
0.3587175 0.05239512 3.338898
0.3912646 0.04864978 3.230074
0.2397915 1.387075 3.315634
0.3233728 1.390317 3.060854
0.2427049 1.439837 3.012391
0.2208114 1.388102 3.053056
0.2241015 1.375404 3.035728
60
0.2444999 0.8130051 3.298867
0.2433203 1.143071 3.312607
0.237979 1.467631 3.313392
0.2518315 1.59632 3.321056
0.06303867 1.3647 3.269585
-0.01987792 1.239941 3.079537
0.2228419 1.391926 3.056903
0.2530465 1.419399 3.050609
0.4301688 1.363254 3.284348
0.4832571 1.22682 3.083735
0.2879819 1.392262 3.055865
0.2736501 1.408079 3.049966
0.1550316 0.8170937 3.256849
0.1258315 0.4671798 3.306633
0.1160891 0.06481115 3.347119
0.07854514 0.05315274 3.222217
0.3279276 0.8130925 3.260945
0.3603292 0.4676125 3.32509
0.3587175 0.05239512 3.338898
0.3912646 0.04864978 3.230074
0.2397915 1.387075 3.315634
0.3233728 1.390317 3.060854
0.2427049 1.439837 3.012391
0.2208114 1.388102 3.053056
0.2241015 1.375404 3.035728
61
0.2443981 0.8127496 3.298648
0.2431196 1.143026 3.312499
0.2375651 1.467709 3.313329
0.2518036 1.597563 3.322346
0.06355599 1.366614 3.268859
-0.01663681 1.241908 3.077557
0.2223315 1.393082 3.058218
0.2566671 1.423464 3.051135
0.4298528 1.367995 3.281347
0.4809869 1.233968 3.081258
0.28601 1.398071 3.05725
0.2655602 1.410444 3.053081
0.1548562 0.8168665 3.256789
0.1257612 0.4671871 3.306826
0.1160812 0.06476773 3.347044
0.0785426 0.05319919 3.222253
0.327927 0.8127469 3.260406
0.3600976 0.4675221 3.325009
0.3589686 0.05226584 3.338648
0.3912143 0.04861342 3.230113
0.2394169 1.387139 3.315557
0.3201833 1.384578 3.058225
0.2437162 1.437171 3.014805
0.1941189 1.375468 3.046977
0.1900003 1.364852 3.02983
62
0.2442313 0.8124105 3.298195
0.2429263 1.143003 3.312377
0.2373028 1.467882 3.313347
0.2517705 1.598597 3.323366
0.06389985 1.368205 3.268324
-0.01439485 1.24297 3.077953
0.2188511 1.39016 3.059544
0.2583711 1.423659 3.051733
0.4296699 1.371423 3.279039
0.4797297 1.238433 3.080169
0.2847028 1.401804 3.058133
0.2588921 1.410278 3.05524
0.1546057 0.8165973 3.256611
0.1257054 0.4671854 3.306976
0.1160699 0.0647296 3.346976
0.07854209 0.05323264 3.222263
0.3279069 0.8122933 3.259456
0.3598305 0.4673521 3.32479
0.359249 0.05216989 3.338357
0.3911891 0.04858833 3.230124
0.2391554 1.387271 3.315533
0.3134676 1.381593 3.055092
0.2418936 1.429446 3.018286
0.1835409 1.370574 3.04541
0.1765996 1.360395 3.028336
63
0.2442313 0.8124105 3.298195
0.2429263 1.143003 3.312377
0.2373028 1.467882 3.313347
0.2517705 1.598597 3.323366
0.06389985 1.368205 3.268324
-0.01439485 1.24297 3.077953
0.2188511 1.39016 3.059544
0.2583711 1.423659 3.051733
0.4296699 1.371423 3.279039
0.4797297 1.238433 3.080169
0.2847028 1.401804 3.058133
0.2588921 1.410278 3.05524
0.1546057 0.8165973 3.256611
0.1257054 0.4671854 3.306976
0.1160699 0.0647296 3.346976
0.07854209 0.05323264 3.222263
0.3279069 0.8122933 3.259456
0.3598305 0.4673521 3.32479
0.359249 0.05216989 3.338357
0.3911891 0.04858833 3.230124
0.2391554 1.387271 3.315533
0.3134676 1.381593 3.055092
0.2418936 1.429446 3.018286
0.1835409 1.370574 3.04541
0.1765996 1.360395 3.028336
64
0.2442313 0.8124105 3.298195
0.2429263 1.143003 3.312377
0.2373028 1.467882 3.313347
0.2517705 1.598597 3.323366
0.06389985 1.368205 3.268324
-0.01439485 1.24297 3.077953
0.2188511 1.39016 3.059544
0.2583711 1.423659 3.051733
0.4296699 1.371423 3.279039
0.4797297 1.238433 3.080169
0.2847028 1.401804 3.058133
0.2588921 1.410278 3.05524
0.1546057 0.8165973 3.256611
0.1257054 0.4671854 3.306976
0.1160699 0.0647296 3.346976
0.07854209 0.05323264 3.222263
0.3279069 0.8122933 3.259456
0.3598305 0.4673521 3.32479
0.359249 0.05216989 3.338357
0.3911891 0.04858833 3.230124
0.2391554 1.387271 3.315533
0.3134676 1.381593 3.055092
0.2418936 1.429446 3.018286
0.1835409 1.370574 3.04541
0.1765996 1.360395 3.028336
65
0.2440529 0.8120277 3.297612
0.2427411 1.142926 3.312196
0.2371287 1.467959 3.31334
0.251737 1.599509 3.324255
0.06415147 1.369388 3.267932
-0.01319766 1.243414 3.079636
0.2156979 1.386984 3.059881
0.2588812 1.421192 3.052188
0.4296201 1.373849 3.27742
0.4788506 1.24171 3.079896
0.2835468 1.404187 3.058749
0.2533036 1.409301 3.056283
0.1543133 0.8162869 3.256313
0.1256635 0.4671727 3.307109
0.116058 0.0647282 3.346913
0.07855503 0.05329753 3.222293
0.327904 0.8118269 3.258433
0.3595359 0.4671417 3.324461
0.3595196 0.05212108 3.338113
0.3911688 0.04856784 3.230132
0.2389756 1.387319 3.315487
0.3095012 1.379057 3.052975
0.2409266 1.424433 3.020085
0.1773195 1.367173 3.04325
0.1687924 1.357638 3.026959
66
0.2440529 0.8120277 3.297612
0.2427411 1.142926 3.312196
0.2371287 1.467959 3.31334
0.251737 1.599509 3.324255
0.06415147 1.369388 3.267932
-0.01319766 1.243414 3.079636
0.2156979 1.386984 3.059881
0.2588812 1.421192 3.052188
0.4296201 1.373849 3.27742
0.4788506 1.24171 3.079896
0.2835468 1.404187 3.058749
0.2533036 1.409301 3.056283
0.1543133 0.8162869 3.256313
0.1256635 0.4671727 3.307109
0.116058 0.0647282 3.346913
0.07855503 0.05329753 3.222293
0.327904 0.8118269 3.258433
0.3595359 0.4671417 3.324461
0.3595196 0.05212108 3.338113
0.3911688 0.04856784 3.230132
0.2389756 1.387319 3.315487
0.3095012 1.379057 3.052975
0.2409266 1.424433 3.020085
0.1773195 1.367173 3.04325
0.1687924 1.357638 3.026959
67
0.2438993 0.8116951 3.296713
0.242095 1.143384 3.311729
0.233326 1.472802 3.313791
0.2517208 1.60026 3.324941
0.06556963 1.373819 3.264698
-0.01309277 1.242673 3.083629
0.2128033 1.383589 3.059833
0.2584169 1.417409 3.052573
0.4298897 1.378251 3.274323
0.4785017 1.243728 3.081085
0.2918471 1.383132 3.056137
0.2627203 1.398506 3.057825
0.1540228 0.8160297 3.25583
0.1256253 0.4671547 3.307223
0.1160602 0.06471713 3.346822
0.07857087 0.05335668 3.222312
0.3279776 0.8114381 3.256971
0.3592369 0.4668244 3.323872
0.3597707 0.05215789 3.337914
0.3911513 0.04854871 3.230136
0.2363932 1.390442 3.315426
0.3069995 1.376729 3.051252
0.240202 1.421474 3.020504
0.2339179 1.377211 3.041843
0.2439362 1.360263 3.032408
68
0.243736 0.8114705 3.295554
0.2410646 1.144152 3.311035
0.2298661 1.476594 3.314021
0.2517234 1.600888 3.325429
0.06671988 1.378023 3.26224
-0.01321423 1.242004 3.088015
0.2105221 1.380592 3.05969
0.2574945 1.412467 3.052853
0.4300838 1.381962 3.271643
0.4784318 1.244744 3.083007
0.2966996 1.372026 3.052765
0.270373 1.389118 3.057969
0.1537072 0.8158705 3.255141
0.1256002 0.4671347 3.307308
0.1160553 0.06470006 3.346726
0.07857355 0.05340438 3.222327
0.3280466 0.8111806 3.255265
0.3589636 0.4664888 3.323132
0.3600091 0.0522309 3.337734
0.3911552 0.04851463 3.230079
0.2336559 1.393317 3.315261
0.3047101 1.374159 3.049095
0.2390594 1.418345 3.021274
0.2646855 1.380007 3.03931
0.2724948 1.360317 3.03216
69
0.243736 0.8114705 3.295554
0.2410646 1.144152 3.311035
0.2298661 1.476594 3.314021
0.2517234 1.600888 3.325429
0.06671988 1.378023 3.26224
-0.01321423 1.242004 3.088015
0.2105221 1.380592 3.05969
0.2574945 1.412467 3.052853
0.4300838 1.381962 3.271643
0.4784318 1.244744 3.083007
0.2966996 1.372026 3.052765
0.270373 1.389118 3.057969
0.1537072 0.8158705 3.255141
0.1256002 0.4671347 3.307308
0.1160553 0.06470006 3.346726
0.07857355 0.05340438 3.222327
0.3280466 0.8111806 3.255265
0.3589636 0.4664888 3.323132
0.3600091 0.0522309 3.337734
0.3911552 0.04851463 3.230079
0.2336559 1.393317 3.315261
0.3047101 1.374159 3.049095
0.2390594 1.418345 3.021274
0.2646855 1.380007 3.03931
0.2724948 1.360317 3.03216
70
0.243736 0.8114705 3.295554
0.2410646 1.144152 3.311035
0.2298661 1.476594 3.314021
0.2517234 1.600888 3.325429
0.06671988 1.378023 3.26224
-0.01321423 1.242004 3.088015
0.2105221 1.380592 3.05969
0.2574945 1.412467 3.052853
0.4300838 1.381962 3.271643
0.4784318 1.244744 3.083007
0.2966996 1.372026 3.052765
0.270373 1.389118 3.057969
0.1537072 0.8158705 3.255141
0.1256002 0.4671347 3.307308
0.1160553 0.06470006 3.346726
0.07857355 0.05340438 3.222327
0.3280466 0.8111806 3.255265
0.3589636 0.4664888 3.323132
0.3600091 0.0522309 3.337734
0.3911552 0.04851463 3.230079
0.2336559 1.393317 3.315261
0.3047101 1.374159 3.049095
0.2390594 1.418345 3.021274
0.2646855 1.380007 3.03931
0.2724948 1.360317 3.03216
71
0.2435829 0.8113127 3.294167
0.2400381 1.144997 3.31012
0.2276674 1.479073 3.313695
0.2517347 1.60139 3.325776
0.06773935 1.381306 3.260031
-0.01303474 1.241412 3.090811
0.2085625 1.376995 3.059301
0.2561543 1.405749 3.052562
0.4301557 1.384703 3.269393
0.478737 1.244403 3.08575
0.2989843 1.362294 3.051301
0.2759205 1.380349 3.05769
0.1533818 0.8157725 3.254184
0.1255841 0.4671158 3.307373
0.1160517 0.06467909 3.346643
0.07857607 0.05343691 3.222339
0.3281151 0.8110058 3.253474
0.3587425 0.4660769 3.322173
0.3602159 0.0523821 3.337626
0.3911671 0.04847228 3.230007
0.231678 1.395464 3.314754
0.302887 1.368223 3.045472
0.2381957 1.41518 3.021506
0.2744689 1.380599 3.038505
0.2890162 1.358075 3.034621
72
0.2435829 0.8113127 3.294167
0.2400381 1.144997 3.31012
0.2276674 1.479073 3.313695
0.2517347 1.60139 3.325776
0.06773935 1.381306 3.260031
-0.01303474 1.241412 3.090811
0.2085625 1.376995 3.059301
0.2561543 1.405749 3.052562
0.4301557 1.384703 3.269393
0.478737 1.244403 3.08575
0.2989843 1.362294 3.051301
0.2759205 1.380349 3.05769
0.1533818 0.8157725 3.254184
0.1255841 0.4671158 3.307373
0.1160517 0.06467909 3.346643
0.07857607 0.05343691 3.222339
0.3281151 0.8110058 3.253474
0.3587425 0.4660769 3.322173
0.3602159 0.0523821 3.337626
0.3911671 0.04847228 3.230007
0.231678 1.395464 3.314754
0.302887 1.368223 3.045472
0.2381957 1.41518 3.021506
0.2744689 1.380599 3.038505
0.2890162 1.358075 3.034621
73
0.2433994 0.8112422 3.292687
0.2391499 1.145743 3.309284
0.2262721 1.480633 3.31344
0.2517829 1.60179 3.326009
0.06840081 1.383538 3.258441
-0.01300798 1.239846 3.094225
0.2038442 1.348668 3.059852
0.2534131 1.390485 3.051561
0.430221 1.38652 3.267645
0.4791931 1.242774 3.088827
0.3000623 1.354262 3.049917
0.2778294 1.371708 3.056216
0.1530251 0.8157673 3.253041
0.1255756 0.4670899 3.307416
0.1160656 0.06457818 3.346377
0.07857522 0.05345843 3.222348
0.3281273 0.8109147 3.251739
0.3586244 0.465833 3.320967
0.3603874 0.05262353 3.337588
0.3911844 0.04842458 3.229929
0.2302922 1.396963 3.31434
0.297679 1.359445 3.042763
0.2334389 1.393397 3.018032
0.2510525 1.366002 3.031436
0.2522445 1.349308 3.023186
74
0.2433994 0.8112422 3.292687
0.2391499 1.145743 3.309284
0.2262721 1.480633 3.31344
0.2517829 1.60179 3.326009
0.06840081 1.383538 3.258441
-0.01300798 1.239846 3.094225
0.2038442 1.348668 3.059852
0.2534131 1.390485 3.051561
0.430221 1.38652 3.267645
0.4791931 1.242774 3.088827
0.3000623 1.354262 3.049917
0.2778294 1.371708 3.056216
0.1530251 0.8157673 3.253041
0.1255756 0.4670899 3.307416
0.1160656 0.06457818 3.346377
0.07857522 0.05345843 3.222348
0.3281273 0.8109147 3.251739
0.3586244 0.465833 3.320967
0.3603874 0.05262353 3.337588
0.3911844 0.04842458 3.229929
0.2302922 1.396963 3.31434
0.297679 1.359445 3.042763
0.2334389 1.393397 3.018032
0.2510525 1.366002 3.031436
0.2522445 1.349308 3.023186
75
0.2431246 0.811218 3.291083
0.2384863 1.146452 3.308182
0.226171 1.481734 3.312211
0.2518444 1.602122 3.326129
0.06881936 1.38491 3.257357
-0.0190896 1.23046 3.11033
0.2027454 1.335237 3.059789
0.2520924 1.372785 3.048589
0.4302179 1.387415 3.265859
0.4807419 1.23681 3.093969
0.3007796 1.343734 3.049541
0.2747356 1.359094 3.051915
0.1526221 0.8158048 3.251816
0.1255884 0.4670467 3.30743
0.11606 0.06452452 3.346191
0.07857189 0.05348856 3.222373
0.3279939 0.8108715 3.24982
0.3585356 0.465674 3.319804
0.3605309 0.05286077 3.337546
0.3912028 0.04838044 3.229853
0.2298342 1.398064 3.313345
0.2975082 1.33886 3.038019
0.2349677 1.381406 3.01312
0.2292896 1.348548 3.022106
0.2262678 1.328304 3.016702
76
0.2431246 0.811218 3.291083
0.2384863 1.146452 3.308182
0.226171 1.481734 3.312211
0.2518444 1.602122 3.326129
0.06881936 1.38491 3.257357
-0.0190896 1.23046 3.11033
0.2027454 1.335237 3.059789
0.2520924 1.372785 3.048589
0.4302179 1.387415 3.265859
0.4807419 1.23681 3.093969
0.3007796 1.343734 3.049541
0.2747356 1.359094 3.051915
0.1526221 0.8158048 3.251816
0.1255884 0.4670467 3.30743
0.11606 0.06452452 3.346191
0.07857189 0.05348856 3.222373
0.3279939 0.8108715 3.24982
0.3585356 0.465674 3.319804
0.3605309 0.05286077 3.337546
0.3912028 0.04838044 3.229853
0.2298342 1.398064 3.313345
0.2975082 1.33886 3.038019
0.2349677 1.381406 3.01312
0.2292896 1.348548 3.022106
0.2262678 1.328304 3.016702
77
0.2428603 0.8111826 3.289498
0.2379992 1.147082 3.306802
0.2267946 1.482402 3.310202
0.2519555 1.602319 3.325949
0.06897441 1.385225 3.256869
-0.02419171 1.221865 3.12164
0.195548 1.318044 3.062622
0.2405376 1.336732 3.041985
0.4299978 1.386892 3.263491
0.4871771 1.222702 3.105125
0.2940784 1.291544 3.049364
0.2775966 1.326612 3.046236
0.1522335 0.815824 3.250488
0.1256296 0.4669874 3.307389
0.1160455 0.06447699 3.346005
0.07856657 0.05351143 3.222404
0.3278506 0.8108283 3.248075
0.3585308 0.4661554 3.31798
0.3606334 0.05344021 3.337982
0.3912165 0.04835284 3.229801
0.2298858 1.398895 3.311753
0.2881677 1.318767 3.027357
0.2245097 1.34971 3.001246
0.2496407 1.316993 3.015162
0.2482595 1.29569 3.021206
78
0.2428603 0.8111826 3.289498
0.2379992 1.147082 3.306802
0.2267946 1.482402 3.310202
0.2519555 1.602319 3.325949
0.06897441 1.385225 3.256869
-0.02419171 1.221865 3.12164
0.195548 1.318044 3.062622
0.2405376 1.336732 3.041985
0.4299978 1.386892 3.263491
0.4871771 1.222702 3.105125
0.2940784 1.291544 3.049364
0.2775966 1.326612 3.046236
0.1522335 0.815824 3.250488
0.1256296 0.4669874 3.307389
0.1160455 0.06447699 3.346005
0.07856657 0.05351143 3.222404
0.3278506 0.8108283 3.248075
0.3585308 0.4661554 3.31798
0.3606334 0.05344021 3.337982
0.3912165 0.04835284 3.229801
0.2298858 1.398895 3.311753
0.2881677 1.318767 3.027357
0.2245097 1.34971 3.001246
0.2496407 1.316993 3.015162
0.2482595 1.29569 3.021206
79
0.2426613 0.8111563 3.288171
0.2379894 1.147442 3.305332
0.230411 1.481251 3.306597
0.2522388 1.602324 3.325369
0.06909501 1.382837 3.256022
-0.03359628 1.208356 3.137269
0.192651 1.300152 3.067064
0.2347135 1.300642 3.033349
0.4294246 1.382329 3.260198
0.4962195 1.200235 3.121744
0.2946404 1.269087 3.05098
0.2757934 1.287452 3.038074
0.1519439 0.8158318 3.249296
0.1256916 0.4669181 3.307313
0.1160335 0.06447642 3.345839
0.07857067 0.05356635 3.222478
0.3277336 0.8108037 3.246684
0.3585409 0.4668122 3.316288
0.3606989 0.05401633 3.338457
0.3912208 0.04833944 3.22978
0.2318786 1.398639 3.309065
0.2773078 1.28914 3.012208
0.225648 1.322584 2.99241
0.2272348 1.271679 3.014561
0.2381753 1.249706 3.021948
80
0.2426613 0.8111563 3.288171
0.2379894 1.147442 3.305332
0.230411 1.481251 3.306597
0.2522388 1.602324 3.325369
0.06909501 1.382837 3.256022
-0.03359628 1.208356 3.137269
0.192651 1.300152 3.067064
0.2347135 1.300642 3.033349
0.4294246 1.382329 3.260198
0.4962195 1.200235 3.121744
0.2946404 1.269087 3.05098
0.2757934 1.287452 3.038074
0.1519439 0.8158318 3.249296
0.1256916 0.4669181 3.307313
0.1160335 0.06447642 3.345839
0.07857067 0.05356635 3.222478
0.3277336 0.8108037 3.246684
0.3585409 0.4668122 3.316288
0.3606989 0.05401633 3.338457
0.3912208 0.04833944 3.22978
0.2318786 1.398639 3.309065
0.2773078 1.28914 3.012208
0.225648 1.322584 2.99241
0.2272348 1.271679 3.014561
0.2381753 1.249706 3.021948
81
0.2425284 0.8112266 3.287002
0.2383201 1.147645 3.303733
0.2348382 1.478974 3.302703
0.2526551 1.602163 3.324299
0.06882447 1.378858 3.25525
-0.03839112 1.184525 3.166639
0.1943742 1.27178 3.072654
0.2361383 1.263956 3.023788
0.4288679 1.373029 3.256758
0.5076212 1.171863 3.148775
0.2957595 1.224633 3.058135
0.2643332 1.234703 3.017263
0.151788 0.8159441 3.248045
0.1257709 0.4668459 3.307186
0.1160217 0.06452674 3.345695
0.07858779 0.05365079 3.222591
0.3276325 0.8108803 3.245579
0.3585573 0.467396 3.314889
0.3607737 0.05449808 3.338836
0.3912068 0.0483368 3.229786
0.2347899 1.397516 3.305946
0.2671381 1.24255 2.990421
0.2154557 1.259681 2.982061
0.2089008 1.2324 2.996485
0.2569859 1.187454 3.012457
82
0.2425284 0.8112266 3.287002
0.2383201 1.147645 3.303733
0.2348382 1.478974 3.302703
0.2526551 1.602163 3.324299
0.06882447 1.378858 3.25525
-0.03839112 1.184525 3.166639
0.1943742 1.27178 3.072654
0.2361383 1.263956 3.023788
0.4288679 1.373029 3.256758
0.5076212 1.171863 3.148775
0.2957595 1.224633 3.058135
0.2643332 1.234703 3.017263
0.151788 0.8159441 3.248045
0.1257709 0.4668459 3.307186
0.1160217 0.06452674 3.345695
0.07858779 0.05365079 3.222591
0.3276325 0.8108803 3.245579
0.3585573 0.467396 3.314889
0.3607737 0.05449808 3.338836
0.3912068 0.0483368 3.229786
0.2347899 1.397516 3.305946
0.2671381 1.24255 2.990421
0.2154557 1.259681 2.982061
0.2089008 1.2324 2.996485
0.2569859 1.187454 3.012457
83
0.2424479 0.8114953 3.285887
0.2389391 1.147804 3.301892
0.238894 1.476587 3.298717
0.2531806 1.601932 3.322709
0.06822688 1.37464 3.254748
-0.03881449 1.167186 3.192277
0.1582102 1.154651 3.06644
0.204064 1.152917 3.026057
0.4288622 1.366104 3.254787
0.5144444 1.153966 3.172212
0.2831012 1.141738 3.041208
0.2442355 1.15231 3.012427
0.1517764 0.8162484 3.246775
0.125853 0.4668035 3.306965
0.1160065 0.06461217 3.345558
0.0786098 0.05373944 3.222708
0.3274986 0.8111778 3.24457
0.3585545 0.4681885 3.313468
0.3608775 0.05501456 3.339297
0.3911968 0.0483392 3.229787
0.2378392 1.396112 3.302537
0.2389472 1.158105 2.997993
0.1931748 1.155614 2.970145
0.1849009 1.145366 2.981311
0.2492395 1.12783 3.014966
84
0.2424384 0.8118444 3.284781
0.2397901 1.147852 3.29994
0.2420516 1.474596 3.295579
0.2537181 1.601676 3.320849
0.06745691 1.370688 3.254545
-0.03394457 1.151956 3.215573
0.1140204 1.033299 3.07904
0.1573009 1.035616 3.050012
0.429832 1.359646 3.253726
0.5212345 1.135137 3.213505
0.3378805 1.038615 3.062026
0.2785115 1.05363 3.042568
0.1518891 0.8166274 3.245442
0.125938 0.4667605 3.30671
0.1159687 0.06466909 3.345413
0.07860788 0.05379147 3.222781
0.3273913 0.8115439 3.243643
0.3585701 0.4689164 3.312304
0.360958 0.05543942 3.339672
0.3911886 0.04834122 3.229791
0.2405082 1.394751 3.299598
0.1943849 1.022051 2.999686
0.1352345 0.9944199 3.020664
0.2484893 1.020003 2.987484
0.2624927 1.07868 3.048001
85
0.2424384 0.8118444 3.284781
0.2397901 1.147852 3.29994
0.2420516 1.474596 3.295579
0.2537181 1.601676 3.320849
0.06745691 1.370688 3.254545
-0.03394457 1.151956 3.215573
0.1140204 1.033299 3.07904
0.1573009 1.035616 3.050012
0.429832 1.359646 3.253726
0.5212345 1.135137 3.213505
0.3378805 1.038615 3.062026
0.2785115 1.05363 3.042568
0.1518891 0.8166274 3.245442
0.125938 0.4667605 3.30671
0.1159687 0.06466909 3.345413
0.07860788 0.05379147 3.222781
0.3273913 0.8115439 3.243643
0.3585701 0.4689164 3.312304
0.360958 0.05543942 3.339672
0.3911886 0.04834122 3.229791
0.2405082 1.394751 3.299598
0.1943849 1.022051 2.999686
0.1352345 0.9944199 3.020664
0.2484893 1.020003 2.987484
0.2624927 1.07868 3.048001
86
0.2424384 0.8118444 3.284781
0.2397901 1.147852 3.29994
0.2420516 1.474596 3.295579
0.2537181 1.601676 3.320849
0.06745691 1.370688 3.254545
-0.03394457 1.151956 3.215573
0.1140204 1.033299 3.07904
0.1573009 1.035616 3.050012
0.429832 1.359646 3.253726
0.5212345 1.135137 3.213505
0.3378805 1.038615 3.062026
0.2785115 1.05363 3.042568
0.1518891 0.8166274 3.245442
0.125938 0.4667605 3.30671
0.1159687 0.06466909 3.345413
0.07860788 0.05379147 3.222781
0.3273913 0.8115439 3.243643
0.3585701 0.4689164 3.312304
0.360958 0.05543942 3.339672
0.3911886 0.04834122 3.229791
0.2405082 1.394751 3.299598
0.1943849 1.022051 2.999686
0.1352345 0.9944199 3.020664
0.2484893 1.020003 2.987484
0.2624927 1.07868 3.048001
87
0.2426389 0.8121939 3.283386
0.2408767 1.14772 3.297752
0.2443289 1.473056 3.29318
0.2542512 1.601302 3.31866
0.06665234 1.367203 3.25454
-0.02883045 1.14028 3.232632
0.07938121 0.9227424 3.084473
0.1233978 0.8938012 3.065477
0.4311859 1.354213 3.253509
0.5221053 1.126028 3.233425
0.4041854 0.9395431 3.101969
0.3341 0.922006 3.077333
0.1523114 0.8169512 3.243743
0.1260267 0.4667013 3.30642
0.1159289 0.06474382 3.345286
0.07860647 0.05384285 3.222849
0.327397 0.8119369 3.242538
0.3585787 0.4693901 3.311455
0.3610239 0.05575372 3.339957
0.3911883 0.04834066 3.229787
0.2426435 1.393551 3.297139
0.1442683 0.8554201 3.028963
0.09040022 0.8222625 3.071615
0.3001677 0.8598144 3.024074
0.3046183 0.9636031 3.055285
88
0.2426389 0.8121939 3.283386
0.2408767 1.14772 3.297752
0.2443289 1.473056 3.29318
0.2542512 1.601302 3.31866
0.06665234 1.367203 3.25454
-0.02883045 1.14028 3.232632
0.07938121 0.9227424 3.084473
0.1233978 0.8938012 3.065477
0.4311859 1.354213 3.253509
0.5221053 1.126028 3.233425
0.4041854 0.9395431 3.101969
0.3341 0.922006 3.077333
0.1523114 0.8169512 3.243743
0.1260267 0.4667013 3.30642
0.1159289 0.06474382 3.345286
0.07860647 0.05384285 3.222849
0.327397 0.8119369 3.242538
0.3585787 0.4693901 3.311455
0.3610239 0.05575372 3.339957
0.3911883 0.04834066 3.229787
0.2426435 1.393551 3.297139
0.1442683 0.8554201 3.028963
0.09040022 0.8222625 3.071615
0.3001677 0.8598144 3.024074
0.3046183 0.9636031 3.055285
89
0.2436879 0.8122252 3.280305
0.2430325 1.146904 3.294222
0.2466895 1.471325 3.290676
0.2547293 1.600738 3.315995
0.06561546 1.363402 3.254736
-0.01532417 1.122122 3.2444
0.04710613 0.8584995 3.118784
0.08332169 0.8061316 3.109599
0.4330027 1.349042 3.25339
0.515739 1.115167 3.249013
0.4408553 0.8619253 3.135144
0.375127 0.8484976 3.119319
0.153727 0.8168396 3.240174
0.1261373 0.4666145 3.306017
0.1158787 0.06491884 3.345195
0.07870626 0.05396145 3.223114
0.3280218 0.8121336 3.240076
0.3585981 0.4696823 3.310808
0.3610516 0.05594963 3.34004
0.3911921 0.0483384 3.229782
0.2451877 1.391919 3.294266
0.06668859 0.7351085 3.098871
0.04806902 0.7873099 3.083768
0.3185175 0.84772 3.079582
0.3304214 0.9321271 3.083737
90
0.2436879 0.8122252 3.280305
0.2430325 1.146904 3.294222
0.2466895 1.471325 3.290676
0.2547293 1.600738 3.315995
0.06561546 1.363402 3.254736
-0.01532417 1.122122 3.2444
0.04710613 0.8584995 3.118784
0.08332169 0.8061316 3.109599
0.4330027 1.349042 3.25339
0.515739 1.115167 3.249013
0.4408553 0.8619253 3.135144
0.375127 0.8484976 3.119319
0.153727 0.8168396 3.240174
0.1261373 0.4666145 3.306017
0.1158787 0.06491884 3.345195
0.07870626 0.05396145 3.223114
0.3280218 0.8121336 3.240076
0.3585981 0.4696823 3.310808
0.3610516 0.05594963 3.34004
0.3911921 0.0483384 3.229782
0.2451877 1.391919 3.294266
0.06668859 0.7351085 3.098871
0.04806902 0.7873099 3.083768
0.3185175 0.84772 3.079582
0.3304214 0.9321271 3.083737
91
0.2445714 0.8121195 3.277617
0.2447297 1.14608 3.291345
0.2483459 1.469949 3.288792
0.2549631 1.60009 3.312852
0.06452142 1.359587 3.254751
0.01088529 1.078915 3.24363
0.01777511 0.817185 3.164835
0.04094148 0.7832087 3.16494
0.4348353 1.34412 3.253067
0.4906915 1.079072 3.260323
0.4666914 0.825533 3.17382
0.4257814 0.7802701 3.165323
0.1548457 0.8166461 3.237247
0.1263188 0.4664999 3.305337
0.1158253 0.06514532 3.345171
0.078759 0.05401322 3.223244
0.3286019 0.8121446 3.237747
0.3586758 0.4698336 3.310254
0.3610833 0.05606504 3.339968
0.3912166 0.04832703 3.229777
0.2470249 1.390565 3.292061
0.03556818 0.7115094 3.168293
0.03764721 0.776678 3.119
0.4044281 0.6981165 3.141876
0.3805071 0.8125666 3.121539
92
0.2445714 0.8121195 3.277617
0.2447297 1.14608 3.291345
0.2483459 1.469949 3.288792
0.2549631 1.60009 3.312852
0.06452142 1.359587 3.254751
0.01088529 1.078915 3.24363
0.01777511 0.817185 3.164835
0.04094148 0.7832087 3.16494
0.4348353 1.34412 3.253067
0.4906915 1.079072 3.260323
0.4666914 0.825533 3.17382
0.4257814 0.7802701 3.165323
0.1548457 0.8166461 3.237247
0.1263188 0.4664999 3.305337
0.1158253 0.06514532 3.345171
0.078759 0.05401322 3.223244
0.3286019 0.8121446 3.237747
0.3586758 0.4698336 3.310254
0.3610833 0.05606504 3.339968
0.3912166 0.04832703 3.229777
0.2470249 1.390565 3.292061
0.03556818 0.7115094 3.168293
0.03764721 0.776678 3.119
0.4044281 0.6981165 3.141876
0.3805071 0.8125666 3.121539
93
0.2452752 0.8119802 3.275467
0.2461227 1.145255 3.288915
0.2497294 1.468572 3.286963
0.2551214 1.599368 3.309848
0.06353763 1.356214 3.254493
0.02308514 1.055838 3.244357
0.007313946 0.8068985 3.200823
0.02266423 0.7474262 3.207706
0.4361772 1.340527 3.252518
0.4788181 1.060991 3.264148
0.4847605 0.80824 3.206644
0.4594586 0.7569619 3.205661
0.1556907 0.8164569 3.235049
0.1265637 0.4664167 3.304342
0.1157555 0.06545969 3.345166
0.07878574 0.05405237 3.223341
0.3291217 0.812068 3.23562
0.3589907 0.4699055 3.30953
0.3610286 0.05632359 3.340045
0.3912122 0.04833847 3.229802
0.2485581 1.38922 3.290011
0.03159527 0.6684204 3.217205
0.05433369 0.7529076 3.164732
0.4593018 0.6736826 3.211974
0.4201558 0.7587148 3.162404
94
0.2452752 0.8119802 3.275467
0.2461227 1.145255 3.288915
0.2497294 1.468572 3.286963
0.2551214 1.599368 3.309848
0.06353763 1.356214 3.254493
0.02308514 1.055838 3.244357
0.007313946 0.8068985 3.200823
0.02266423 0.7474262 3.207706
0.4361772 1.340527 3.252518
0.4788181 1.060991 3.264148
0.4847605 0.80824 3.206644
0.4594586 0.7569619 3.205661
0.1556907 0.8164569 3.235049
0.1265637 0.4664167 3.304342
0.1157555 0.06545969 3.345166
0.07878574 0.05405237 3.223341
0.3291217 0.812068 3.23562
0.3589907 0.4699055 3.30953
0.3610286 0.05632359 3.340045
0.3912122 0.04833847 3.229802
0.2485581 1.38922 3.290011
0.03159527 0.6684204 3.217205
0.05433369 0.7529076 3.164732
0.4593018 0.6736826 3.211974
0.4201558 0.7587148 3.162404
95
0.2458158 0.8118458 3.273785
0.247136 1.144482 3.286795
0.2505647 1.467151 3.284829
0.2550803 1.598571 3.306146
0.06267618 1.353389 3.253949
0.02829415 1.045312 3.24697
-0.00019291 0.8055959 3.227373
0.01008852 0.7624459 3.236325
0.437108 1.338218 3.251933
0.4737231 1.050258 3.267352
0.4897823 0.8058235 3.220333
0.4703624 0.7620519 3.224988
0.1563057 0.8162878 3.233423
0.12724 0.4666019 3.302526
0.1155673 0.06602677 3.345266
0.07881802 0.05409894 3.223437
0.3295637 0.8119783 3.233771
0.359459 0.4699305 3.308585
0.3609259 0.05669214 3.340172
0.3911959 0.04836508 3.229827
0.2495662 1.387892 3.287855
0.01680708 0.6849865 3.249542
0.04471142 0.7644775 3.184961
0.4713608 0.6939998 3.233135
0.4322961 0.7405883 3.178969
96
0.2458158 0.8118458 3.273785
0.247136 1.144482 3.286795
0.2505647 1.467151 3.284829
0.2550803 1.598571 3.306146
0.06267618 1.353389 3.253949
0.02829415 1.045312 3.24697
-0.00019291 0.8055959 3.227373
0.01008852 0.7624459 3.236325
0.437108 1.338218 3.251933
0.4737231 1.050258 3.267352
0.4897823 0.8058235 3.220333
0.4703624 0.7620519 3.224988
0.1563057 0.8162878 3.233423
0.12724 0.4666019 3.302526
0.1155673 0.06602677 3.345266
0.07881802 0.05409894 3.223437
0.3295637 0.8119783 3.233771
0.359459 0.4699305 3.308585
0.3609259 0.05669214 3.340172
0.3911959 0.04836508 3.229827
0.2495662 1.387892 3.287855
0.01680708 0.6849865 3.249542
0.04471142 0.7644775 3.184961
0.4713608 0.6939998 3.233135
0.4322961 0.7405883 3.178969
97
0.2462376 0.8117494 3.272533
0.247912 1.14387 3.285072
0.2511219 1.465902 3.282437
0.2548042 1.597828 3.302018
0.06187368 1.351319 3.253513
0.02587724 1.044005 3.256688
-0.003187227 0.8197238 3.248978
0.008619295 0.7825317 3.248756
0.4379038 1.336646 3.251331
0.4737723 1.048071 3.272448
0.499762 0.8211192 3.246694
0.4784254 0.7776314 3.24361
0.1567682 0.8161623 3.232247
0.1278554 0.4668302 3.300636
0.1153788 0.06660925 3.345355
0.07884707 0.05413508 3.223521
0.3299278 0.8119273 3.232356
0.3599309 0.4699038 3.307571
0.3607908 0.05705323 3.340261
0.3911934 0.0483736 3.229844
0.2503011 1.386764 3.285678
0.01749389 0.7043869 3.259566
0.04426942 0.7672256 3.202118
0.4769537 0.6962736 3.256766
0.4468747 0.7752511 3.196802
98
0.2462376 0.8117494 3.272533
0.247912 1.14387 3.285072
0.2511219 1.465902 3.282437
0.2548042 1.597828 3.302018
0.06187368 1.351319 3.253513
0.02587724 1.044005 3.256688
-0.003187227 0.8197238 3.248978
0.008619295 0.7825317 3.248756
0.4379038 1.336646 3.251331
0.4737723 1.048071 3.272448
0.499762 0.8211192 3.246694
0.4784254 0.7776314 3.24361
0.1567682 0.8161623 3.232247
0.1278554 0.4668302 3.300636
0.1153788 0.06660925 3.345355
0.07884707 0.05413508 3.223521
0.3299278 0.8119273 3.232356
0.3599309 0.4699038 3.307571
0.3607908 0.05705323 3.340261
0.3911934 0.0483736 3.229844
0.2503011 1.386764 3.285678
0.01749389 0.7043869 3.259566
0.04426942 0.7672256 3.202118
0.4769537 0.6962736 3.256766
0.4468747 0.7752511 3.196802
99
0.2465687 0.8116947 3.271597
0.2485031 1.143425 3.283631
0.2514232 1.46499 3.279962
0.2545101 1.597344 3.298268
0.06121594 1.34988 3.253158
0.02008122 1.05008 3.268392
-0.004160957 0.8334604 3.262646
0.005275267 0.7991951 3.261394
0.4386299 1.335608 3.250637
0.4775594 1.052034 3.277765
0.5028431 0.8327251 3.260931
0.4736067 0.8043367 3.252702
0.1571149 0.8160859 3.231404
0.1284394 0.4670501 3.298841
0.1152017 0.06712784 3.345388
0.07886169 0.05415175 3.223565
0.3302301 0.811913 3.231259
0.3604948 0.47012 3.306145
0.3606318 0.05754816 3.340401
0.3911921 0.04837941 3.229855
0.2507893 1.385934 3.283544
0.01747832 0.7201978 3.267945
0.04279324 0.7973627 3.209604
0.4662894 0.7295767 3.248856
0.4321923 0.8072198 3.197884
100
0.2465687 0.8116947 3.271597
0.2485031 1.143425 3.283631
0.2514232 1.46499 3.279962
0.2545101 1.597344 3.298268
0.06121594 1.34988 3.253158
0.02008122 1.05008 3.268392
-0.004160957 0.8334604 3.262646
0.005275267 0.7991951 3.261394
0.4386299 1.335608 3.250637
0.4775594 1.052034 3.277765
0.5028431 0.8327251 3.260931
0.4736067 0.8043367 3.252702
0.1571149 0.8160859 3.231404
0.1284394 0.4670501 3.298841
0.1152017 0.06712784 3.345388
0.07886169 0.05415175 3.223565
0.3302301 0.811913 3.231259
0.3604948 0.47012 3.306145
0.3606318 0.05754816 3.340401
0.3911921 0.04837941 3.229855
0.2507893 1.385934 3.283544
0.01747832 0.7201978 3.267945
0.04279324 0.7973627 3.209604
0.4662894 0.7295767 3.248856
0.4321923 0.8072198 3.197884
101
0.246823 0.8116624 3.27091
0.2489478 1.14309 3.282449
0.2515486 1.464309 3.277501
0.2541999 1.596943 3.295068
0.06070056 1.348851 3.252882
0.01448929 1.057277 3.277064
-0.0005686674 0.8491071 3.262709
0.009600225 0.8197704 3.258775
0.4392848 1.335167 3.249596
0.482621 1.058785 3.282908
0.5011283 0.847472 3.267817
0.4774838 0.8143418 3.265892
0.1573712 0.8160354 3.230806
0.1289661 0.4672236 3.297346
0.1150139 0.06740975 3.345258
0.07867134 0.05404059 3.223113
0.3304713 0.8119185 3.23043
0.3611194 0.470346 3.304718
0.3604423 0.05796777 3.340313
0.3911929 0.04838345 3.229861
0.2510954 1.385307 3.281502
0.02423943 0.7393994 3.267794
0.04441888 0.809603 3.209514
0.4693417 0.7449043 3.262909
0.4334092 0.8274771 3.20921
102
0.246823 0.8116624 3.27091
0.2489478 1.14309 3.282449
0.2515486 1.464309 3.277501
0.2541999 1.596943 3.295068
0.06070056 1.348851 3.252882
0.01448929 1.057277 3.277064
-0.0005686674 0.8491071 3.262709
0.009600225 0.8197704 3.258775
0.4392848 1.335167 3.249596
0.482621 1.058785 3.282908
0.5011283 0.847472 3.267817
0.4774838 0.8143418 3.265892
0.1573712 0.8160354 3.230806
0.1289661 0.4672236 3.297346
0.1150139 0.06740975 3.345258
0.07867134 0.05404059 3.223113
0.3304713 0.8119185 3.23043
0.3611194 0.470346 3.304718
0.3604423 0.05796777 3.340313
0.3911929 0.04838345 3.229861
0.2510954 1.385307 3.281502
0.02423943 0.7393994 3.267794
0.04441888 0.809603 3.209514
0.4693417 0.7449043 3.262909
0.4334092 0.8274771 3.20921
103
0.2470192 0.8116459 3.270401
0.2492646 1.142852 3.28147
0.2514698 1.463875 3.275249
0.2538686 1.596633 3.292217
0.06030179 1.348116 3.252675
0.01036802 1.063631 3.28289
0.00230513 0.859328 3.26006
0.01294857 0.8318661 3.254149
0.4398402 1.335144 3.248393
0.4872586 1.065881 3.286595
0.4990745 0.8572624 3.271152
0.4725575 0.8291802 3.267207
0.1575611 0.816003 3.230379
0.1294641 0.467405 3.296007
0.1148613 0.06762141 3.345124
0.07855946 0.05392496 3.222851
0.3306658 0.8119392 3.229792
0.3617099 0.4705708 3.303416
0.3602568 0.05836782 3.340265
0.3911957 0.04838915 3.229863
0.2512028 1.384886 3.279649
0.03119403 0.7531691 3.259593
0.04720752 0.8293027 3.20627
0.4557307 0.7667522 3.2533
0.4221192 0.853752 3.203203
104
0.2470192 0.8116459 3.270401
0.2492646 1.142852 3.28147
0.2514698 1.463875 3.275249
0.2538686 1.596633 3.292217
0.06030179 1.348116 3.252675
0.01036802 1.063631 3.28289
0.00230513 0.859328 3.26006
0.01294857 0.8318661 3.254149
0.4398402 1.335144 3.248393
0.4872586 1.065881 3.286595
0.4990745 0.8572624 3.271152
0.4725575 0.8291802 3.267207
0.1575611 0.816003 3.230379
0.1294641 0.467405 3.296007
0.1148613 0.06762141 3.345124
0.07855946 0.05392496 3.222851
0.3306658 0.8119392 3.229792
0.3617099 0.4705708 3.303416
0.3602568 0.05836782 3.340265
0.3911957 0.04838915 3.229863
0.2512028 1.384886 3.279649
0.03119403 0.7531691 3.259593
0.04720752 0.8293027 3.20627
0.4557307 0.7667522 3.2533
0.4221192 0.853752 3.203203
105
0.2471718 0.8116351 3.270022
0.2494878 1.142673 3.280688
0.2512961 1.463589 3.27341
0.25355 1.596395 3.289854
0.05998636 1.347582 3.252517
0.00768004 1.06802 3.286222
0.004308069 0.865411 3.256576
0.01560936 0.8375657 3.248071
0.4402698 1.335366 3.247241
0.4898727 1.069665 3.289141
0.4970117 0.8626209 3.272699
0.4681408 0.8368033 3.266009
0.1577062 0.8159793 3.230073
0.1297894 0.4675651 3.294908
0.1147752 0.06773721 3.344971
0.07845679 0.05377873 3.222599
0.3308252 0.8119601 3.229297
0.3622443 0.4706375 3.302439
0.3600863 0.05865984 3.340168
0.3911968 0.04839523 3.229862
0.2511939 1.384595 3.27812
0.03389429 0.7595094 3.251198
0.04801308 0.8348619 3.202066
0.4516203 0.7737579 3.251692
0.4142089 0.863964 3.195569
106
0.2471718 0.8116351 3.270022
0.2494878 1.142673 3.280688
0.2512961 1.463589 3.27341
0.25355 1.596395 3.289854
0.05998636 1.347582 3.252517
0.00768004 1.06802 3.286222
0.004308069 0.865411 3.256576
0.01560936 0.8375657 3.248071
0.4402698 1.335366 3.247241
0.4898727 1.069665 3.289141
0.4970117 0.8626209 3.272699
0.4681408 0.8368033 3.266009
0.1577062 0.8159793 3.230073
0.1297894 0.4675651 3.294908
0.1147752 0.06773721 3.344971
0.07845679 0.05377873 3.222599
0.3308252 0.8119601 3.229297
0.3622443 0.4706375 3.302439
0.3600863 0.05865984 3.340168
0.3911968 0.04839523 3.229862
0.2511939 1.384595 3.27812
0.03389429 0.7595094 3.251198
0.04801308 0.8348619 3.202066
0.4516203 0.7737579 3.251692
0.4142089 0.863964 3.195569
