124
1
0.06233983 0.8215027 2.976521
0.06333826 1.101145 2.965362
0.06575326 1.373669 2.942588
0.07084929 1.508139 2.92844
-0.1020638 1.268708 2.974116
-0.1279475 0.9762942 2.983349
-0.1325298 0.7511179 2.948028
-0.1164205 0.7005256 2.921141
0.2281621 1.253254 2.936707
0.2655238 1.004526 2.97843
0.2779948 0.7786294 2.956687
0.2532673 0.7582455 2.944503
-0.007685963 0.8232377 2.946544
-0.0318954 0.5418581 2.902976
-0.01678753 0.04603369 3.034538
-0.01173656 0.02088391 2.939174
0.1311277 0.8236952 2.936389
0.1533897 0.5256227 2.882145
0.1619864 0.03907998 3.028021
0.1491848 0.01103801 2.935246
0.06494122 1.306518 2.950582
-0.1062028 0.6185806 2.917361
-0.1341559 0.7003271 2.908858
0.2460816 0.7100044 2.919666
0.2641113 0.7862121 2.944306
2
0.06233983 0.8215027 2.976521
0.06333826 1.101145 2.965362
0.06575326 1.373669 2.942588
0.07084929 1.508139 2.92844
-0.1020638 1.268708 2.974116
-0.1279475 0.9762942 2.983349
-0.1325298 0.7511179 2.948028
-0.1164205 0.7005256 2.921141
0.2281621 1.253254 2.936707
0.2655238 1.004526 2.97843
0.2779948 0.7786294 2.956687
0.2532673 0.7582455 2.944503
-0.007685963 0.8232377 2.946544
-0.0318954 0.5418581 2.902976
-0.01678753 0.04603369 3.034538
-0.01173656 0.02088391 2.939174
0.1311277 0.8236952 2.936389
0.1533897 0.5256227 2.882145
0.1619864 0.03907998 3.028021
0.1491848 0.01103801 2.935246
0.06494122 1.306518 2.950582
-0.1062028 0.6185806 2.917361
-0.1341559 0.7003271 2.908858
0.2460816 0.7100044 2.919666
0.2641113 0.7862121 2.944306
3
0.06374912 0.8211039 2.977526
0.06361602 1.101045 2.96547
0.06577113 1.373668 2.942575
0.07085167 1.508136 2.928431
-0.1019724 1.268665 2.974043
-0.127668 0.9771291 2.983739
-0.133249 0.7522825 2.948367
-0.1168559 0.7013497 2.921434
0.2281802 1.253252 2.936651
0.265522 1.004398 2.978428
0.2781579 0.7784916 2.956818
0.2532683 0.7581575 2.944511
-0.006547374 0.8228196 2.947531
-0.0322884 0.5440868 2.902704
-0.01684792 0.04671844 3.033799
-0.01163234 0.02208671 2.939733
0.1327175 0.8233775 2.937371
0.1531627 0.5252712 2.882335
0.1621444 0.04054401 3.028984
0.1493517 0.01187737 2.935014
0.06498752 1.306508 2.95057
-0.1078056 0.6199448 2.918582
-0.1291407 0.6683685 2.913906
0.2458197 0.7104376 2.920231
0.2472965 0.7808113 2.928225
4
0.06374912 0.8211039 2.977526
0.06361602 1.101045 2.96547
0.06577113 1.373668 2.942575
0.07085167 1.508136 2.928431
-0.1019724 1.268665 2.974043
-0.127668 0.9771291 2.983739
-0.133249 0.7522825 2.948367
-0.1168559 0.7013497 2.921434
0.2281802 1.253252 2.936651
0.265522 1.004398 2.978428
0.2781579 0.7784916 2.956818
0.2532683 0.7581575 2.944511
-0.006547374 0.8228196 2.947531
-0.0322884 0.5440868 2.902704
-0.01684792 0.04671844 3.033799
-0.01163234 0.02208671 2.939733
0.1327175 0.8233775 2.937371
0.1531627 0.5252712 2.882335
0.1621444 0.04054401 3.028984
0.1493517 0.01187737 2.935014
0.06498752 1.306508 2.95057
-0.1078056 0.6199448 2.918582
-0.1291407 0.6683685 2.913906
0.2458197 0.7104376 2.920231
0.2472965 0.7808113 2.928225
5
0.06491146 0.8207551 2.978308
0.06388898 1.100944 2.965575
0.06578718 1.373666 2.942561
0.07085289 1.508135 2.928424
-0.1018806 1.268626 2.973971
-0.1274459 0.9769304 2.983878
-0.1339301 0.7520884 2.948646
-0.1169509 0.7015455 2.921492
0.2281952 1.25325 2.936599
0.2655227 1.004262 2.978425
0.2782808 0.7783571 2.956931
0.2532845 0.7581247 2.944534
-0.005592485 0.8224683 2.948293
-0.03298184 0.54575 2.902541
-0.01693114 0.04717754 3.033192
-0.01111464 0.02301331 2.940265
0.1340011 0.8230843 2.938133
0.1529022 0.5253595 2.882082
0.1617362 0.04025687 3.028459
0.1429219 0.01198115 2.935887
0.06503168 1.306497 2.950557
-0.1092376 0.6214725 2.917845
-0.1291437 0.6673623 2.915147
0.2459103 0.7109742 2.920919
0.2339697 0.7640574 2.907812
6
0.06491146 0.8207551 2.978308
0.06388898 1.100944 2.965575
0.06578718 1.373666 2.942561
0.07085289 1.508135 2.928424
-0.1018806 1.268626 2.973971
-0.1274459 0.9769304 2.983878
-0.1339301 0.7520884 2.948646
-0.1169509 0.7015455 2.921492
0.2281952 1.25325 2.936599
0.2655227 1.004262 2.978425
0.2782808 0.7783571 2.956931
0.2532845 0.7581247 2.944534
-0.005592485 0.8224683 2.948293
-0.03298184 0.54575 2.902541
-0.01693114 0.04717754 3.033192
-0.01111464 0.02301331 2.940265
0.1340011 0.8230843 2.938133
0.1529022 0.5253595 2.882082
0.1617362 0.04025687 3.028459
0.1429219 0.01198115 2.935887
0.06503168 1.306497 2.950557
-0.1092376 0.6214725 2.917845
-0.1291437 0.6673623 2.915147
0.2459103 0.7109742 2.920919
0.2339697 0.7640574 2.907812
7
0.06588578 0.820466 2.978945
0.06415912 1.100842 2.965678
0.06580525 1.373662 2.942545
0.07085342 1.508133 2.928419
-0.1017911 1.268589 2.973903
-0.1273822 0.9763385 2.983935
-0.1343805 0.7515277 2.948919
-0.1169956 0.7016921 2.921519
0.2282075 1.253247 2.93655
0.2655216 1.004129 2.978424
0.278386 0.7782272 2.95705
0.2533133 0.7580452 2.944636
-0.004789765 0.8221827 2.948909
-0.05289665 0.5578607 2.901078
-0.02540069 0.04628213 3.025214
-0.0114819 0.02642096 2.940281
0.1350767 0.8228363 2.938759
0.1527512 0.5264103 2.881221
0.1614847 0.04140781 3.028031
0.1429072 0.01302007 2.935354
0.06508071 1.306482 2.950544
-0.109852 0.6219287 2.917598
-0.1284242 0.6717455 2.912074
0.2463397 0.7115738 2.921866
0.2340322 0.770106 2.91285
8
0.06588578 0.820466 2.978945
0.06415912 1.100842 2.965678
0.06580525 1.373662 2.942545
0.07085342 1.508133 2.928419
-0.1017911 1.268589 2.973903
-0.1273822 0.9763385 2.983935
-0.1343805 0.7515277 2.948919
-0.1169956 0.7016921 2.921519
0.2282075 1.253247 2.93655
0.2655216 1.004129 2.978424
0.278386 0.7782272 2.95705
0.2533133 0.7580452 2.944636
-0.004789765 0.8221827 2.948909
-0.05289665 0.5578607 2.901078
-0.02540069 0.04628213 3.025214
-0.0114819 0.02642096 2.940281
0.1350767 0.8228363 2.938759
0.1527512 0.5264103 2.881221
0.1614847 0.04140781 3.028031
0.1429072 0.01302007 2.935354
0.06508071 1.306482 2.950544
-0.109852 0.6219287 2.917598
-0.1284242 0.6717455 2.912074
0.2463397 0.7115738 2.921866
0.2340322 0.770106 2.91285
9
0.06647132 0.8202765 2.979286
0.06439936 1.100748 2.965763
0.06582301 1.373657 2.94253
0.0708515 1.508132 2.928415
-0.1017108 1.268551 2.973838
-0.1272993 0.9750843 2.983891
-0.1351815 0.7502686 2.949136
-0.1171133 0.7018586 2.92151
0.2282168 1.253245 2.936502
0.2655194 1.003997 2.978416
0.2785181 0.778107 2.957114
0.2533306 0.7578797 2.94467
-0.004297743 0.8220034 2.94926
-0.04968927 0.545954 2.901293
-0.02610785 0.04391692 3.026428
-0.009410831 0.02299402 2.93934
0.1357085 0.8226646 2.939072
0.1529267 0.527115 2.880203
0.1614085 0.04240869 3.027988
0.1431855 0.01378773 2.935162
0.065129 1.306466 2.950532
-0.1128526 0.626206 2.917616
-0.1368105 0.7026362 2.921812
0.2467274 0.7115836 2.922743
0.2407185 0.7755779 2.920959
10
0.06647132 0.8202765 2.979286
0.06439936 1.100748 2.965763
0.06582301 1.373657 2.94253
0.0708515 1.508132 2.928415
-0.1017108 1.268551 2.973838
-0.1272993 0.9750843 2.983891
-0.1351815 0.7502686 2.949136
-0.1171133 0.7018586 2.92151
0.2282168 1.253245 2.936502
0.2655194 1.003997 2.978416
0.2785181 0.778107 2.957114
0.2533306 0.7578797 2.94467
-0.004297743 0.8220034 2.94926
-0.04968927 0.545954 2.901293
-0.02610785 0.04391692 3.026428
-0.009410831 0.02299402 2.93934
0.1357085 0.8226646 2.939072
0.1529267 0.527115 2.880203
0.1614085 0.04240869 3.027988
0.1431855 0.01378773 2.935162
0.065129 1.306466 2.950532
-0.1128526 0.626206 2.917616
-0.1368105 0.7026362 2.921812
0.2467274 0.7115836 2.922743
0.2407185 0.7755779 2.920959
11
0.06696982 0.8201212 2.979552
0.06463073 1.100658 2.965845
0.06583929 1.373651 2.942516
0.07084355 1.508132 2.928417
-0.1016547 1.268517 2.973797
-0.1271882 0.9735931 2.983824
-0.1359774 0.7487986 2.949291
-0.1172027 0.7019079 2.921533
0.2282296 1.253246 2.936464
0.2655177 1.003872 2.978409
0.2786741 0.7779835 2.957206
0.2533295 0.7578279 2.944699
-0.003853591 0.8218608 2.949538
-0.04809656 0.543942 2.90162
-0.02659541 0.04333669 3.026522
-0.008403972 0.02241007 2.939518
0.1362266 0.8225207 2.939311
0.1530723 0.5276054 2.879312
0.1612883 0.04587577 3.026675
0.1350075 0.01761118 2.935744
0.06517613 1.306448 2.95052
-0.1141353 0.636926 2.915375
-0.1340201 0.6943784 2.919146
0.2472368 0.7114637 2.923634
0.2531689 0.7650705 2.922302
12
0.06696982 0.8201212 2.979552
0.06463073 1.100658 2.965845
0.06583929 1.373651 2.942516
0.07084355 1.508132 2.928417
-0.1016547 1.268517 2.973797
-0.1271882 0.9735931 2.983824
-0.1359774 0.7487986 2.949291
-0.1172027 0.7019079 2.921533
0.2282296 1.253246 2.936464
0.2655177 1.003872 2.978409
0.2786741 0.7779835 2.957206
0.2533295 0.7578279 2.944699
-0.003853591 0.8218608 2.949538
-0.04809656 0.543942 2.90162
-0.02659541 0.04333669 3.026522
-0.008403972 0.02241007 2.939518
0.1362266 0.8225207 2.939311
0.1530723 0.5276054 2.879312
0.1612883 0.04587577 3.026675
0.1350075 0.01761118 2.935744
0.06517613 1.306448 2.95052
-0.1141353 0.636926 2.915375
-0.1340201 0.6943784 2.919146
0.2472368 0.7114637 2.923634
0.2531689 0.7650705 2.922302
13
0.06737764 0.8199948 2.979757
0.06484623 1.100577 2.965927
0.06584846 1.373648 2.942511
0.07082751 1.508136 2.928434
-0.1016119 1.268462 2.973811
-0.1271163 0.9749846 2.984528
-0.134527 0.7506418 2.950139
-0.1172021 0.7020394 2.921806
0.2282386 1.253245 2.93644
0.2655183 1.003763 2.978417
0.2788614 0.7778561 2.957388
0.25335 0.7576829 2.944799
-0.003466423 0.821746 2.949759
-0.04537309 0.5409411 2.902106
-0.02594206 0.04338509 3.02895
-0.007456095 0.02151942 2.940348
0.1366384 0.8224028 2.939493
0.1529698 0.527889 2.879239
0.1613358 0.04325811 3.027402
0.1420782 0.01543144 2.93747
0.06521589 1.306435 2.950519
-0.1120609 0.6348861 2.916965
-0.1340384 0.6939006 2.919536
0.2473115 0.7112314 2.924842
0.2591524 0.7506261 2.918933
14
0.06737764 0.8199948 2.979757
0.06484623 1.100577 2.965927
0.06584846 1.373648 2.942511
0.07082751 1.508136 2.928434
-0.1016119 1.268462 2.973811
-0.1271163 0.9749846 2.984528
-0.134527 0.7506418 2.950139
-0.1172021 0.7020394 2.921806
0.2282386 1.253245 2.93644
0.2655183 1.003763 2.978417
0.2788614 0.7778561 2.957388
0.25335 0.7576829 2.944799
-0.003466423 0.821746 2.949759
-0.04537309 0.5409411 2.902106
-0.02594206 0.04338509 3.02895
-0.007456095 0.02151942 2.940348
0.1366384 0.8224028 2.939493
0.1529698 0.527889 2.879239
0.1613358 0.04325811 3.027402
0.1420782 0.01543144 2.93747
0.06521589 1.306435 2.950519
-0.1120609 0.6348861 2.916965
-0.1340384 0.6939006 2.919536
0.2473115 0.7112314 2.924842
0.2591524 0.7506261 2.918933
15
0.06770239 0.8198969 2.979914
0.06504523 1.100504 2.966007
0.06585761 1.373646 2.942508
0.07080853 1.508142 2.928462
-0.1015731 1.268407 2.973837
-0.1270617 0.9747623 2.984777
-0.1341107 0.750394 2.950478
-0.1171417 0.7016098 2.921859
0.2282474 1.253246 2.936422
0.2655239 1.003657 2.978432
0.2784688 0.7776657 2.956873
0.2531985 0.756973 2.944885
-0.003148435 0.8216591 2.949933
-0.04278366 0.5384966 2.902541
-0.02510521 0.04292845 3.029736
-0.007846846 0.02047178 2.939843
0.13696 0.8223101 2.939629
0.1530019 0.5274041 2.879588
0.1614733 0.03968856 3.028266
0.1480888 0.01189138 2.937845
0.06525698 1.306421 2.950523
-0.109811 0.6288086 2.919439
-0.1319607 0.6870263 2.917648
0.2472855 0.7109341 2.925045
0.2436944 0.7382315 2.903318
16
0.06770239 0.8198969 2.979914
0.06504523 1.100504 2.966007
0.06585761 1.373646 2.942508
0.07080853 1.508142 2.928462
-0.1015731 1.268407 2.973837
-0.1270617 0.9747623 2.984777
-0.1341107 0.750394 2.950478
-0.1171417 0.7016098 2.921859
0.2282474 1.253246 2.936422
0.2655239 1.003657 2.978432
0.2784688 0.7776657 2.956873
0.2531985 0.756973 2.944885
-0.003148435 0.8216591 2.949933
-0.04278366 0.5384966 2.902541
-0.02510521 0.04292845 3.029736
-0.007846846 0.02047178 2.939843
0.13696 0.8223101 2.939629
0.1530019 0.5274041 2.879588
0.1614733 0.03968856 3.028266
0.1480888 0.01189138 2.937845
0.06525698 1.306421 2.950523
-0.109811 0.6288086 2.919439
-0.1319607 0.6870263 2.917648
0.2472855 0.7109341 2.925045
0.2436944 0.7382315 2.903318
17
0.06793023 0.8198235 2.980021
0.06522115 1.100438 2.966079
0.06586625 1.373643 2.942507
0.07078668 1.508149 2.928494
-0.1015428 1.268353 2.973872
-0.1269312 0.9739438 2.985058
-0.1340292 0.7496322 2.950732
-0.1171279 0.7014944 2.921891
0.2282524 1.253246 2.936408
0.2655304 1.00355 2.978455
0.2781058 0.7774901 2.956465
0.2531276 0.7566223 2.944825
-0.002918459 0.8215939 2.950055
-0.04062503 0.5366869 2.902912
-0.02416522 0.04260907 3.030359
-0.007915595 0.01967599 2.939354
0.137181 0.8222409 2.93972
0.1528255 0.5269309 2.880059
0.161642 0.03739703 3.028504
0.1534171 0.009413135 2.936709
0.06529662 1.306408 2.950528
-0.1088776 0.6262857 2.922911
-0.1334915 0.6934152 2.914504
0.2474174 0.7107385 2.92507
0.2361065 0.7369126 2.895412
18
0.06793023 0.8198235 2.980021
0.06522115 1.100438 2.966079
0.06586625 1.373643 2.942507
0.07078668 1.508149 2.928494
-0.1015428 1.268353 2.973872
-0.1269312 0.9739438 2.985058
-0.1340292 0.7496322 2.950732
-0.1171279 0.7014944 2.921891
0.2282524 1.253246 2.936408
0.2655304 1.00355 2.978455
0.2781058 0.7774901 2.956465
0.2531276 0.7566223 2.944825
-0.002918459 0.8215939 2.950055
-0.04062503 0.5366869 2.902912
-0.02416522 0.04260907 3.030359
-0.007915595 0.01967599 2.939354
0.137181 0.8222409 2.93972
0.1528255 0.5269309 2.880059
0.161642 0.03739703 3.028504
0.1534171 0.009413135 2.936709
0.06529662 1.306408 2.950528
-0.1088776 0.6262857 2.922911
-0.1334915 0.6934152 2.914504
0.2474174 0.7107385 2.92507
0.2361065 0.7369126 2.895412
19
0.06739235 0.8198879 2.979538
0.06529659 1.100404 2.966106
0.06587212 1.373639 2.942507
0.07076137 1.508154 2.928535
-0.101517 1.268299 2.973915
-0.1268245 0.9737421 2.985204
-0.1340647 0.7494634 2.950836
-0.1172065 0.7014607 2.921546
0.2282552 1.253247 2.936398
0.2655388 1.003458 2.978474
0.2776574 0.7773305 2.955881
0.2531032 0.7560636 2.944608
-0.00349226 0.8217478 2.949516
-0.03710534 0.5425479 2.904014
-0.02268548 0.04355914 3.029872
-0.007758687 0.02123136 2.939639
0.136691 0.8222387 2.939286
0.1526071 0.5261279 2.880812
0.1617399 0.03628613 3.028767
0.156031 0.00815987 2.936
0.06532257 1.306394 2.950532
-0.1091566 0.6239641 2.919623
-0.1329188 0.695921 2.909899
0.2470252 0.7104479 2.92441
0.2305652 0.7333898 2.889198
20
0.06739235 0.8198879 2.979538
0.06529659 1.100404 2.966106
0.06587212 1.373639 2.942507
0.07076137 1.508154 2.928535
-0.101517 1.268299 2.973915
-0.1268245 0.9737421 2.985204
-0.1340647 0.7494634 2.950836
-0.1172065 0.7014607 2.921546
0.2282552 1.253247 2.936398
0.2655388 1.003458 2.978474
0.2776574 0.7773305 2.955881
0.2531032 0.7560636 2.944608
-0.00349226 0.8217478 2.949516
-0.03710534 0.5425479 2.904014
-0.02268548 0.04355914 3.029872
-0.007758687 0.02123136 2.939639
0.136691 0.8222387 2.939286
0.1526071 0.5261279 2.880812
0.1617399 0.03628613 3.028767
0.156031 0.00815987 2.936
0.06532257 1.306394 2.950532
-0.1091566 0.6239641 2.919623
-0.1329188 0.695921 2.909899
0.2470252 0.7104479 2.92441
0.2305652 0.7333898 2.889198
21
0.06692389 0.8199478 2.979106
0.06535266 1.100375 2.966127
0.06587577 1.373634 2.942513
0.07071796 1.508163 2.928609
-0.1014972 1.268236 2.973975
-0.1266524 0.9730021 2.985177
-0.1337107 0.7485175 2.949821
-0.1172567 0.701335 2.919946
0.2282567 1.253248 2.936389
0.265547 1.003417 2.978479
0.2773401 0.7773072 2.955441
0.2530886 0.7558264 2.944448
-0.003916583 0.8218732 2.949108
-0.03530658 0.5471086 2.903461
-0.02136776 0.04686936 3.03086
-0.008112337 0.02433065 2.94091
0.136209 0.8222414 2.938852
0.1523692 0.5252511 2.881782
0.1619361 0.03499069 3.02919
0.1542072 0.006872285 2.936173
0.06534404 1.306381 2.950541
-0.1081934 0.6224349 2.913818
-0.1291825 0.6947006 2.904524
0.2464536 0.7105492 2.923186
0.2232175 0.7501624 2.881136
22
0.06692389 0.8199478 2.979106
0.06535266 1.100375 2.966127
0.06587577 1.373634 2.942513
0.07071796 1.508163 2.928609
-0.1014972 1.268236 2.973975
-0.1266524 0.9730021 2.985177
-0.1337107 0.7485175 2.949821
-0.1172567 0.701335 2.919946
0.2282567 1.253248 2.936389
0.265547 1.003417 2.978479
0.2773401 0.7773072 2.955441
0.2530886 0.7558264 2.944448
-0.003916583 0.8218732 2.949108
-0.03530658 0.5471086 2.903461
-0.02136776 0.04686936 3.03086
-0.008112337 0.02433065 2.94091
0.136209 0.8222414 2.938852
0.1523692 0.5252511 2.881782
0.1619361 0.03499069 3.02919
0.1542072 0.006872285 2.936173
0.06534404 1.306381 2.950541
-0.1081934 0.6224349 2.913818
-0.1291825 0.6947006 2.904524
0.2464536 0.7105492 2.923186
0.2232175 0.7501624 2.881136
23
0.06672505 0.8200454 2.97876
0.06539738 1.100355 2.966143
0.06587665 1.373624 2.942539
0.07063843 1.508174 2.928742
-0.101522 1.268155 2.97409
-0.1266269 0.9719377 2.984689
-0.1339501 0.7468308 2.942047
-0.1177254 0.7013543 2.912135
0.2282584 1.25325 2.936383
0.2658581 1.003793 2.977925
0.2762642 0.7787221 2.950394
0.2532499 0.7556412 2.943049
-0.004060736 0.8220043 2.948816
-0.03378928 0.5501845 2.903192
-0.02049862 0.04885541 3.031265
-0.008253943 0.0262883 2.941657
0.1359636 0.8223057 2.938462
0.1523513 0.5247542 2.882459
0.1620763 0.03435019 3.029412
0.1512909 0.006284088 2.936464
0.06536578 1.306365 2.950563
-0.1072203 0.6216423 2.905525
-0.1119265 0.6523291 2.88974
0.2460618 0.7108213 2.919778
0.2195619 0.7564738 2.875308
24
0.06672505 0.8200454 2.97876
0.06539738 1.100355 2.966143
0.06587665 1.373624 2.942539
0.07063843 1.508174 2.928742
-0.101522 1.268155 2.97409
-0.1266269 0.9719377 2.984689
-0.1339501 0.7468308 2.942047
-0.1177254 0.7013543 2.912135
0.2282584 1.25325 2.936383
0.2658581 1.003793 2.977925
0.2762642 0.7787221 2.950394
0.2532499 0.7556412 2.943049
-0.004060736 0.8220043 2.948816
-0.03378928 0.5501845 2.903192
-0.02049862 0.04885541 3.031265
-0.008253943 0.0262883 2.941657
0.1359636 0.8223057 2.938462
0.1523513 0.5247542 2.882459
0.1620763 0.03435019 3.029412
0.1512909 0.006284088 2.936464
0.06536578 1.306365 2.950563
-0.1072203 0.6216423 2.905525
-0.1119265 0.6523291 2.88974
0.2460618 0.7108213 2.919778
0.2195619 0.7564738 2.875308
25
0.06594432 0.8204306 2.977577
0.06541596 1.10034 2.966144
0.06586463 1.373607 2.942598
0.07054185 1.508173 2.928904
-0.1016132 1.268044 2.974276
-0.1349517 1.00285 2.974083
-0.1305207 0.7833099 2.907589
-0.1142561 0.7235166 2.885563
0.2282614 1.253253 2.936381
0.2664307 1.004718 2.976065
0.2752022 0.7839068 2.927793
0.2545489 0.7563325 2.934322
-0.004780345 0.8225234 2.947603
-0.03294634 0.5513411 2.903078
-0.01883062 0.04967519 3.031627
-0.008156951 0.0270099 2.942003
0.135146 0.8225691 2.937311
0.1523124 0.5244212 2.883012
0.162255 0.03394604 3.029488
0.1505992 0.005896495 2.936355
0.06537818 1.306349 2.950593
-0.1086203 0.6549578 2.857056
-0.1194672 0.6574015 2.851788
0.2500547 0.7103472 2.907964
0.2169706 0.7681256 2.86425
26
0.06594432 0.8204306 2.977577
0.06541596 1.10034 2.966144
0.06586463 1.373607 2.942598
0.07054185 1.508173 2.928904
-0.1016132 1.268044 2.974276
-0.1349517 1.00285 2.974083
-0.1305207 0.7833099 2.907589
-0.1142561 0.7235166 2.885563
0.2282614 1.253253 2.936381
0.2664307 1.004718 2.976065
0.2752022 0.7839068 2.927793
0.2545489 0.7563325 2.934322
-0.004780345 0.8225234 2.947603
-0.03294634 0.5513411 2.903078
-0.01883062 0.04967519 3.031627
-0.008156951 0.0270099 2.942003
0.135146 0.8225691 2.937311
0.1523124 0.5244212 2.883012
0.162255 0.03394604 3.029488
0.1505992 0.005896495 2.936355
0.06537818 1.306349 2.950593
-0.1086203 0.6549578 2.857056
-0.1194672 0.6574015 2.851788
0.2500547 0.7103472 2.907964
0.2169706 0.7681256 2.86425
27
0.06543618 0.8209842 2.97625
0.06543031 1.100337 2.966142
0.06583277 1.373604 2.942834
0.0703672 1.508173 2.929197
-0.1019422 1.267733 2.974684
-0.139476 1.016873 2.96734
-0.1204083 0.8204212 2.8547
-0.1032812 0.7478054 2.819887
0.2282796 1.253263 2.936387
0.2684774 1.007086 2.96797
0.2713661 0.7928566 2.886885
0.2506847 0.74537 2.888358
-0.005292986 0.8231316 2.94626
-0.04540278 0.5229415 2.91853
-0.0137904 0.03631394 3.034476
-0.005021035 0.01356162 2.936593
0.1346697 0.8230867 2.936005
0.1523121 0.5241559 2.883462
0.1624196 0.03407955 3.029374
0.1511071 0.005863597 2.935388
0.06539097 1.306342 2.950693
-0.09977887 0.6817117 2.784234
-0.1225034 0.7127475 2.78589
0.2471972 0.6825168 2.866851
0.2119767 0.7649927 2.847868
28
0.06543618 0.8209842 2.97625
0.06543031 1.100337 2.966142
0.06583277 1.373604 2.942834
0.0703672 1.508173 2.929197
-0.1019422 1.267733 2.974684
-0.139476 1.016873 2.96734
-0.1204083 0.8204212 2.8547
-0.1032812 0.7478054 2.819887
0.2282796 1.253263 2.936387
0.2684774 1.007086 2.96797
0.2713661 0.7928566 2.886885
0.2506847 0.74537 2.888358
-0.005292986 0.8231316 2.94626
-0.04540278 0.5229415 2.91853
-0.0137904 0.03631394 3.034476
-0.005021035 0.01356162 2.936593
0.1346697 0.8230867 2.936005
0.1523121 0.5241559 2.883462
0.1624196 0.03407955 3.029374
0.1511071 0.005863597 2.935388
0.06539097 1.306342 2.950693
-0.09977887 0.6817117 2.784234
-0.1225034 0.7127475 2.78589
0.2471972 0.6825168 2.866851
0.2119767 0.7649927 2.847868
29
0.06544256 0.8219637 2.974674
0.06544527 1.100365 2.966136
0.0657219 1.373641 2.943375
0.07015989 1.508153 2.929582
-0.1022856 1.267486 2.975134
-0.1440401 1.036519 2.95117
-0.1091942 0.8632069 2.796035
-0.09087992 0.7908976 2.744282
0.2283344 1.253299 2.936426
0.2710186 1.013746 2.947021
0.2611933 0.7988524 2.839118
0.2370088 0.7284528 2.820606
-0.005390258 0.8240281 2.944713
-0.0429317 0.5300501 2.904665
-0.01314804 0.04101605 3.034774
-0.003769972 0.01551518 2.936778
0.1348034 0.8241708 2.934402
0.1523316 0.5240082 2.883723
0.1624055 0.03589906 3.028708
0.1336023 0.008622455 2.938879
0.06538517 1.306369 2.950932
-0.08105344 0.7319824 2.699485
-0.1010378 0.7850464 2.706072
0.2352097 0.6514971 2.799483
0.1975451 0.7541239 2.810586
30
0.06544256 0.8219637 2.974674
0.06544527 1.100365 2.966136
0.0657219 1.373641 2.943375
0.07015989 1.508153 2.929582
-0.1022856 1.267486 2.975134
-0.1440401 1.036519 2.95117
-0.1091942 0.8632069 2.796035
-0.09087992 0.7908976 2.744282
0.2283344 1.253299 2.936426
0.2710186 1.013746 2.947021
0.2611933 0.7988524 2.839118
0.2370088 0.7284528 2.820606
-0.005390258 0.8240281 2.944713
-0.0429317 0.5300501 2.904665
-0.01314804 0.04101605 3.034774
-0.003769972 0.01551518 2.936778
0.1348034 0.8241708 2.934402
0.1523316 0.5240082 2.883723
0.1624055 0.03589906 3.028708
0.1336023 0.008622455 2.938879
0.06538517 1.306369 2.950932
-0.08105344 0.7319824 2.699485
-0.1010378 0.7850464 2.706072
0.2352097 0.6514971 2.799483
0.1975451 0.7541239 2.810586
31
0.0669571 0.8236814 2.972005
0.06550083 1.10045 2.966139
0.06533184 1.37373 2.945363
0.06987964 1.508134 2.930268
-0.1023797 1.267401 2.975264
-0.1443079 1.049067 2.934015
-0.09362548 0.9112687 2.73337
-0.06674419 0.8580348 2.673619
0.2284513 1.253376 2.936531
0.2722034 1.023581 2.920761
0.238242 0.8053619 2.771415
0.2138106 0.7287719 2.735287
-0.003802561 0.8257095 2.941472
-0.04283945 0.5293242 2.903755
-0.01258998 0.04034023 3.034523
-0.002664594 0.01470439 2.936367
0.1362727 0.8259246 2.932166
0.1417522 0.5520365 2.865154
0.1582546 0.109226 2.999602
0.1369631 0.07643697 2.894223
0.06533423 1.306471 2.951837
-0.05951522 0.8211462 2.627143
-0.07024961 0.8812053 2.635151
0.2133442 0.6483012 2.706382
0.1742183 0.7445662 2.747152
32
0.0669571 0.8236814 2.972005
0.06550083 1.10045 2.966139
0.06533184 1.37373 2.945363
0.06987964 1.508134 2.930268
-0.1023797 1.267401 2.975264
-0.1443079 1.049067 2.934015
-0.09362548 0.9112687 2.73337
-0.06674419 0.8580348 2.673619
0.2284513 1.253376 2.936531
0.2722034 1.023581 2.920761
0.238242 0.8053619 2.771415
0.2138106 0.7287719 2.735287
-0.003802561 0.8257095 2.941472
-0.04283945 0.5293242 2.903755
-0.01258998 0.04034023 3.034523
-0.002664594 0.01470439 2.936367
0.1362727 0.8259246 2.932166
0.1417522 0.5520365 2.865154
0.1582546 0.109226 2.999602
0.1369631 0.07643697 2.894223
0.06533423 1.306471 2.951837
-0.05951522 0.8211462 2.627143
-0.07024961 0.8812053 2.635151
0.2133442 0.6483012 2.706382
0.1742183 0.7445662 2.747152
33
0.0667118 0.8253858 2.97045
0.06537326 1.100737 2.966302
0.06469628 1.373865 2.948006
0.06958473 1.508212 2.931256
-0.1023734 1.267337 2.975382
-0.1536276 1.066357 2.892056
-0.05586122 0.9604448 2.683501
-0.02519953 0.9517766 2.629112
0.2285889 1.253505 2.936698
0.2729422 1.034904 2.884287
0.21072 0.8396298 2.703455
0.1800273 0.7638908 2.649978
-0.00445676 0.8275442 2.939451
-0.0426419 0.5177498 2.903711
-0.01266308 0.0345239 3.034554
0.001170802 0.007957438 2.93327
0.1363243 0.8275251 2.93096
0.1428368 0.5342093 2.88167
0.1597825 0.05926026 3.014624
0.1496244 0.03026227 2.912329
0.06498574 1.30669 2.953493
-0.02497624 0.948005 2.590433
-0.03963995 0.9803855 2.588523
0.168211 0.6949862 2.609932
0.1343937 0.7603803 2.71621
34
0.0667118 0.8253858 2.97045
0.06537326 1.100737 2.966302
0.06469628 1.373865 2.948006
0.06958473 1.508212 2.931256
-0.1023734 1.267337 2.975382
-0.1536276 1.066357 2.892056
-0.05586122 0.9604448 2.683501
-0.02519953 0.9517766 2.629112
0.2285889 1.253505 2.936698
0.2729422 1.034904 2.884287
0.21072 0.8396298 2.703455
0.1800273 0.7638908 2.649978
-0.00445676 0.8275442 2.939451
-0.0426419 0.5177498 2.903711
-0.01266308 0.0345239 3.034554
0.001170802 0.007957438 2.93327
0.1363243 0.8275251 2.93096
0.1428368 0.5342093 2.88167
0.1597825 0.05926026 3.014624
0.1496244 0.03026227 2.912329
0.06498574 1.30669 2.953493
-0.02497624 0.948005 2.590433
-0.03963995 0.9803855 2.588523
0.168211 0.6949862 2.609932
0.1343937 0.7603803 2.71621
35
0.03914241 0.8409691 2.969498
0.06323685 1.102292 2.967481
0.0642779 1.37381 2.951228
0.06918132 1.508425 2.932865
-0.1015256 1.267758 2.975495
-0.1503097 1.07756 2.862928
-0.009440018 1.034379 2.645553
0.0212555 1.070946 2.600523
0.2286462 1.253984 2.937187
0.2731246 1.042357 2.863618
0.1925407 0.9070401 2.647356
0.1421355 0.8532135 2.594962
-0.03347185 0.8470885 2.937154
-0.0420191 0.5121307 2.904898
-0.01306738 0.03176456 3.035019
0.003120307 0.004819036 2.931943
0.1130157 0.8380231 2.931328
0.1513034 0.5498273 2.880921
0.1596245 0.06940755 3.012746
0.1531789 0.04324047 2.91779
0.06450447 1.306903 2.955778
0.02523411 1.086615 2.570356
0.002803607 1.078519 2.576901
0.1150898 0.8037734 2.562362
0.1038103 0.8528752 2.6184
36
0.03914241 0.8409691 2.969498
0.06323685 1.102292 2.967481
0.0642779 1.37381 2.951228
0.06918132 1.508425 2.932865
-0.1015256 1.267758 2.975495
-0.1503097 1.07756 2.862928
-0.009440018 1.034379 2.645553
0.0212555 1.070946 2.600523
0.2286462 1.253984 2.937187
0.2731246 1.042357 2.863618
0.1925407 0.9070401 2.647356
0.1421355 0.8532135 2.594962
-0.03347185 0.8470885 2.937154
-0.0420191 0.5121307 2.904898
-0.01306738 0.03176456 3.035019
0.003120307 0.004819036 2.931943
0.1130157 0.8380231 2.931328
0.1513034 0.5498273 2.880921
0.1596245 0.06940755 3.012746
0.1531789 0.04324047 2.91779
0.06450447 1.306903 2.955778
0.02523411 1.086615 2.570356
0.002803607 1.078519 2.576901
0.1150898 0.8037734 2.562362
0.1038103 0.8528752 2.6184
37
0.03533581 0.8436037 2.969751
0.06151701 1.103572 2.968734
0.06387513 1.373767 2.954077
0.06879131 1.5087 2.934896
-0.1004911 1.268293 2.975393
-0.1466388 1.08722 2.838347
0.03262912 1.131286 2.646201
0.06557231 1.189497 2.597486
0.2286455 1.254495 2.937678
0.2712245 1.058439 2.822526
0.1509208 0.9830321 2.60268
0.108037 0.9698231 2.581
-0.03714237 0.8500785 2.937515
-0.042528 0.5104527 2.904974
-0.01320982 0.03053622 3.035398
0.003415342 0.003444187 2.931972
0.1095337 0.8400319 2.931695
0.1548888 0.5594016 2.880508
0.1597794 0.06824152 3.013242
0.1567566 0.04442758 2.925235
0.06398348 1.307108 2.95812
0.08879573 1.22292 2.583793
0.06236322 1.201667 2.557274
0.06390515 0.9485268 2.539194
0.05964436 0.9621938 2.562084
38
0.03533581 0.8436037 2.969751
0.06151701 1.103572 2.968734
0.06387513 1.373767 2.954077
0.06879131 1.5087 2.934896
-0.1004911 1.268293 2.975393
-0.1466388 1.08722 2.838347
0.03262912 1.131286 2.646201
0.06557231 1.189497 2.597486
0.2286455 1.254495 2.937678
0.2712245 1.058439 2.822526
0.1509208 0.9830321 2.60268
0.108037 0.9698231 2.581
-0.03714237 0.8500785 2.937515
-0.042528 0.5104527 2.904974
-0.01320982 0.03053622 3.035398
0.003415342 0.003444187 2.931972
0.1095337 0.8400319 2.931695
0.1548888 0.5594016 2.880508
0.1597794 0.06824152 3.013242
0.1567566 0.04442758 2.925235
0.06398348 1.307108 2.95812
0.08879573 1.22292 2.583793
0.06236322 1.201667 2.557274
0.06390515 0.9485268 2.539194
0.05964436 0.9621938 2.562084
39
0.03389758 0.845263 2.970859
0.06009895 1.104694 2.969889
0.06347831 1.37371 2.956318
0.06816714 1.509134 2.937919
-0.09903982 1.269513 2.974569
-0.1325233 1.099761 2.810024
0.05746277 1.211823 2.650657
0.1027176 1.279913 2.624411
0.2280603 1.255186 2.937877
0.2617924 1.076885 2.783096
0.08960915 1.071502 2.59497
0.03576446 1.101896 2.566955
-0.03753033 0.851603 2.940038
-0.03931044 0.5162171 2.905797
-0.0128455 0.02972031 3.03452
0.002909465 0.003637617 2.932704
0.1076206 0.8415654 2.932143
0.1608398 0.5378479 2.885455
0.1618749 0.04679257 3.021607
0.1602654 0.02111526 2.92901
0.06346308 1.30728 2.960129
0.1399507 1.322999 2.619258
0.09930387 1.273833 2.589931
0.009408506 1.100659 2.536395
-0.009045663 1.122699 2.596022
40
0.03389758 0.845263 2.970859
0.06009895 1.104694 2.969889
0.06347831 1.37371 2.956318
0.06816714 1.509134 2.937919
-0.09903982 1.269513 2.974569
-0.1325233 1.099761 2.810024
0.05746277 1.211823 2.650657
0.1027176 1.279913 2.624411
0.2280603 1.255186 2.937877
0.2617924 1.076885 2.783096
0.08960915 1.071502 2.59497
0.03576446 1.101896 2.566955
-0.03753033 0.851603 2.940038
-0.03931044 0.5162171 2.905797
-0.0128455 0.02972031 3.03452
0.002909465 0.003637617 2.932704
0.1076206 0.8415654 2.932143
0.1608398 0.5378479 2.885455
0.1618749 0.04679257 3.021607
0.1602654 0.02111526 2.92901
0.06346308 1.30728 2.960129
0.1399507 1.322999 2.619258
0.09930387 1.273833 2.589931
0.009408506 1.100659 2.536395
-0.009045663 1.122699 2.596022
41
0.03426071 0.8459182 2.972363
0.05877937 1.105836 2.971036
0.06285549 1.373949 2.958298
0.06744915 1.509574 2.941391
-0.09714495 1.271494 2.972641
-0.1102927 1.118885 2.778951
0.03618016 1.257069 2.616819
0.03747134 1.245904 2.597229
0.2270391 1.256168 2.937916
0.2346611 1.096245 2.744555
0.03988292 1.161286 2.573591
0.01390028 1.214283 2.580921
-0.03609164 0.8518064 2.942909
-0.037095 0.5201922 2.906322
-0.01393904 0.03402496 3.037734
0.0005407881 0.007335986 2.936445
0.106986 0.8425693 2.932785
0.1633816 0.5240572 2.890805
0.1630804 0.04410898 3.023506
0.1613093 0.01841804 2.930583
0.06267982 1.307741 2.962108
0.02484205 1.251156 2.573782
0.005379678 1.259093 2.5683
-0.0333249 1.246879 2.549501
-0.01935772 1.237812 2.583762
42
0.03426071 0.8459182 2.972363
0.05877937 1.105836 2.971036
0.06285549 1.373949 2.958298
0.06744915 1.509574 2.941391
-0.09714495 1.271494 2.972641
-0.1102927 1.118885 2.778951
0.03618016 1.257069 2.616819
0.03747134 1.245904 2.597229
0.2270391 1.256168 2.937916
0.2346611 1.096245 2.744555
0.03988292 1.161286 2.573591
0.01390028 1.214283 2.580921
-0.03609164 0.8518064 2.942909
-0.037095 0.5201922 2.906322
-0.01393904 0.03402496 3.037734
0.0005407881 0.007335986 2.936445
0.106986 0.8425693 2.932785
0.1633816 0.5240572 2.890805
0.1630804 0.04410898 3.023506
0.1613093 0.01841804 2.930583
0.06267982 1.307741 2.962108
0.02484205 1.251156 2.573782
0.005379678 1.259093 2.5683
-0.0333249 1.246879 2.549501
-0.01935772 1.237812 2.583762
43
0.03592786 0.8466201 2.973723
0.05789051 1.107127 2.971699
0.06261163 1.374244 2.95912
0.06689516 1.510787 2.943918
-0.09482692 1.27404 2.969362
-0.08719788 1.135817 2.756793
0.05528779 1.302228 2.602756
0.06283121 1.338553 2.595833
0.2261719 1.257078 2.9379
0.2096366 1.115265 2.725085
0.01961449 1.238405 2.599814
-0.003918921 1.309596 2.604138
-0.03379578 0.8520333 2.945352
-0.03188397 0.5599715 2.901717
-0.01402953 0.1012622 3.007581
-0.01308886 0.07558685 2.896171
0.1076223 0.8437364 2.93327
0.1606817 0.5546435 2.885916
0.1635862 0.05330416 3.0225
0.1594339 0.03038103 2.938448
0.06230076 1.308256 2.962998
0.02992957 1.316797 2.597087
0.01744716 1.322477 2.581541
-0.03764575 1.339455 2.579575
0.003796957 1.312132 2.602861
44
0.03592786 0.8466201 2.973723
0.05789051 1.107127 2.971699
0.06261163 1.374244 2.95912
0.06689516 1.510787 2.943918
-0.09482692 1.27404 2.969362
-0.08719788 1.135817 2.756793
0.05528779 1.302228 2.602756
0.06283121 1.338553 2.595833
0.2261719 1.257078 2.9379
0.2096366 1.115265 2.725085
0.01961449 1.238405 2.599814
-0.003918921 1.309596 2.604138
-0.03379578 0.8520333 2.945352
-0.03188397 0.5599715 2.901717
-0.01402953 0.1012622 3.007581
-0.01308886 0.07558685 2.896171
0.1076223 0.8437364 2.93327
0.1606817 0.5546435 2.885916
0.1635862 0.05330416 3.0225
0.1594339 0.03038103 2.938448
0.06230076 1.308256 2.962998
0.02992957 1.316797 2.597087
0.01744716 1.322477 2.581541
-0.03764575 1.339455 2.579575
0.003796957 1.312132 2.602861
45
0.0440101 0.8413352 2.973961
0.05757704 1.107847 2.971877
0.06270944 1.375361 2.958747
0.06634093 1.512983 2.94591
-0.09283306 1.27645 2.965846
-0.07429107 1.146485 2.74461
0.05919496 1.321897 2.596315
0.0713921 1.325187 2.643231
0.225528 1.258021 2.937751
0.1761517 1.148492 2.707765
0.005857375 1.333973 2.639585
-0.0392905 1.425014 2.628105
-0.02834373 0.8471548 2.945312
-0.03081136 0.5664973 2.900865
-0.01344776 0.08450517 3.009497
-0.01204098 0.06216381 2.910145
0.1184607 0.838048 2.933766
0.1603339 0.5599136 2.88441
0.1639703 0.05377609 3.02217
0.1596121 0.03156287 2.940673
0.06221251 1.309061 2.963166
0.1068347 1.251866 2.670605
0.0334774 1.340297 2.624356
-0.06681263 1.433251 2.632946
-0.03108674 1.421547 2.632285
46
0.0440101 0.8413352 2.973961
0.05757704 1.107847 2.971877
0.06270944 1.375361 2.958747
0.06634093 1.512983 2.94591
-0.09283306 1.27645 2.965846
-0.07429107 1.146485 2.74461
0.05919496 1.321897 2.596315
0.0713921 1.325187 2.643231
0.225528 1.258021 2.937751
0.1761517 1.148492 2.707765
0.005857375 1.333973 2.639585
-0.0392905 1.425014 2.628105
-0.02834373 0.8471548 2.945312
-0.03081136 0.5664973 2.900865
-0.01344776 0.08450517 3.009497
-0.01204098 0.06216381 2.910145
0.1184607 0.838048 2.933766
0.1603339 0.5599136 2.88441
0.1639703 0.05377609 3.02217
0.1596121 0.03156287 2.940673
0.06221251 1.309061 2.963166
0.1068347 1.251866 2.670605
0.0334774 1.340297 2.624356
-0.06681263 1.433251 2.632946
-0.03108674 1.421547 2.632285
47
0.04961984 0.8375971 2.973781
0.05768954 1.108736 2.971593
0.06390812 1.378379 2.956568
0.06570838 1.516922 2.947312
-0.09071371 1.279981 2.958639
-0.06464175 1.153397 2.736088
0.06226363 1.334625 2.591967
0.08581211 1.34332 2.614063
0.2239148 1.263626 2.934376
0.1632622 1.161261 2.700302
-0.003732468 1.390391 2.671844
-0.0394472 1.456563 2.66327
-0.02447615 0.8434568 2.944773
-0.0494635 0.5789919 2.891173
-0.02300588 0.08691173 3.001156
-0.01461442 0.06740461 2.91186
0.1254842 0.8344273 2.933786
0.1597745 0.5638093 2.882032
0.1642712 0.05461106 3.021659
0.1596481 0.03275184 2.942091
0.06289695 1.311162 2.96208
0.1221602 1.29682 2.618999
0.04531993 1.389826 2.5744
-0.06286479 1.464127 2.668197
-0.02433503 1.42928 2.688213
48
0.04961984 0.8375971 2.973781
0.05768954 1.108736 2.971593
0.06390812 1.378379 2.956568
0.06570838 1.516922 2.947312
-0.09071371 1.279981 2.958639
-0.06464175 1.153397 2.736088
0.06226363 1.334625 2.591967
0.08581211 1.34332 2.614063
0.2239148 1.263626 2.934376
0.1632622 1.161261 2.700302
-0.003732468 1.390391 2.671844
-0.0394472 1.456563 2.66327
-0.02447615 0.8434568 2.944773
-0.0494635 0.5789919 2.891173
-0.02300588 0.08691173 3.001156
-0.01461442 0.06740461 2.91186
0.1254842 0.8344273 2.933786
0.1597745 0.5638093 2.882032
0.1642712 0.05461106 3.021659
0.1596481 0.03275184 2.942091
0.06289695 1.311162 2.96208
0.1221602 1.29682 2.618999
0.04531993 1.389826 2.5744
-0.06286479 1.464127 2.668197
-0.02433503 1.42928 2.688213
49
0.05366055 0.8348631 2.973018
0.05819494 1.109713 2.970793
0.06523071 1.381484 2.954112
0.06529251 1.520737 2.948202
-0.0884222 1.28436 2.952553
-0.05644517 1.159696 2.731012
0.06545583 1.340388 2.589246
0.09781694 1.353782 2.590204
0.2163411 1.283162 2.921318
0.1561719 1.169388 2.695367
0.0006369999 1.405941 2.693311
-0.03744807 1.474682 2.694765
-0.021581 0.8404655 2.943502
-0.05535681 0.5404957 2.895026
-0.02102152 0.05231074 3.016317
-0.007312814 0.0293189 2.919897
0.1302263 0.8320602 2.933318
0.1579846 0.5280275 2.882901
0.1638389 0.0453166 3.028309
0.1586195 0.0179841 2.937783
0.06383829 1.313534 2.960472
0.1449335 1.296502 2.596311
0.05709659 1.40616 2.547983
-0.06904826 1.491404 2.704108
-0.02578975 1.42924 2.72916
50
0.05366055 0.8348631 2.973018
0.05819494 1.109713 2.970793
0.06523071 1.381484 2.954112
0.06529251 1.520737 2.948202
-0.0884222 1.28436 2.952553
-0.05644517 1.159696 2.731012
0.06545583 1.340388 2.589246
0.09781694 1.353782 2.590204
0.2163411 1.283162 2.921318
0.1561719 1.169388 2.695367
0.0006369999 1.405941 2.693311
-0.03744807 1.474682 2.694765
-0.021581 0.8404655 2.943502
-0.05535681 0.5404957 2.895026
-0.02102152 0.05231074 3.016317
-0.007312814 0.0293189 2.919897
0.1302263 0.8320602 2.933318
0.1579846 0.5280275 2.882901
0.1638389 0.0453166 3.028309
0.1586195 0.0179841 2.937783
0.06383829 1.313534 2.960472
0.1449335 1.296502 2.596311
0.05709659 1.40616 2.547983
-0.06904826 1.491404 2.704108
-0.02578975 1.42924 2.72916
51
0.05628139 0.8332613 2.972233
0.05909275 1.112459 2.968701
0.06631771 1.394061 2.947852
0.06511413 1.534493 2.945523
-0.08698341 1.287371 2.948505
-0.05140032 1.163495 2.728374
0.06766731 1.338547 2.588956
0.1044098 1.358633 2.576343
0.2124815 1.293341 2.914415
0.1519169 1.175668 2.693065
0.002028004 1.420739 2.709972
-0.03585913 1.48751 2.719101
-0.01971053 0.838549 2.942401
-0.05942924 0.5477929 2.894947
-0.0222834 0.04926662 3.017622
-0.01176409 0.02809661 2.928406
0.1332704 0.830881 2.932598
0.158634 0.5124516 2.885384
0.1631166 0.03989108 3.032573
0.1585771 0.009639597 2.935587
0.06483348 1.323036 2.955669
0.1565252 1.296413 2.583786
0.06360907 1.41361 2.533425
-0.0604158 1.494636 2.732872
-0.02358013 1.432796 2.754847
52
0.05628139 0.8332613 2.972233
0.05909275 1.112459 2.968701
0.06631771 1.394061 2.947852
0.06511413 1.534493 2.945523
-0.08698341 1.287371 2.948505
-0.05140032 1.163495 2.728374
0.06766731 1.338547 2.588956
0.1044098 1.358633 2.576343
0.2124815 1.293341 2.914415
0.1519169 1.175668 2.693065
0.002028004 1.420739 2.709972
-0.03585913 1.48751 2.719101
-0.01971053 0.838549 2.942401
-0.05942924 0.5477929 2.894947
-0.0222834 0.04926662 3.017622
-0.01176409 0.02809661 2.928406
0.1332704 0.830881 2.932598
0.158634 0.5124516 2.885384
0.1631166 0.03989108 3.032573
0.1585771 0.009639597 2.935587
0.06483348 1.323036 2.955669
0.1565252 1.296413 2.583786
0.06360907 1.41361 2.533425
-0.0604158 1.494636 2.732872
-0.02358013 1.432796 2.754847
53
0.05804016 0.8324683 2.971123
0.06093787 1.115926 2.965542
0.07061888 1.402684 2.942237
0.06375999 1.543018 2.943981
-0.08570495 1.290248 2.945253
-0.04839793 1.165771 2.7283
0.06864829 1.332723 2.590392
0.1082604 1.361107 2.567687
0.210771 1.299028 2.911113
0.1510253 1.18049 2.694265
0.007380917 1.419422 2.721246
-0.02732283 1.477602 2.737402
-0.01853199 0.8374172 2.941112
-0.04816315 0.5544513 2.89039
-0.02005754 0.05278996 3.0214
-0.01121461 0.03049754 2.934141
0.1353854 0.8305966 2.931308
0.1501579 0.5270513 2.881576
0.1623554 0.044009 3.033052
0.1585872 0.01378207 2.936965
0.06822222 1.330625 2.950723
0.1631102 1.296538 2.576234
0.06758125 1.416715 2.524236
-0.06011606 1.49125 2.745256
-0.01979306 1.426043 2.776356
54
0.05804016 0.8324683 2.971123
0.06093787 1.115926 2.965542
0.07061888 1.402684 2.942237
0.06375999 1.543018 2.943981
-0.08570495 1.290248 2.945253
-0.04839793 1.165771 2.7283
0.06864829 1.332723 2.590392
0.1082604 1.361107 2.567687
0.210771 1.299028 2.911113
0.1510253 1.18049 2.694265
0.007380917 1.419422 2.721246
-0.02732283 1.477602 2.737402
-0.01853199 0.8374172 2.941112
-0.04816315 0.5544513 2.89039
-0.02005754 0.05278996 3.0214
-0.01121461 0.03049754 2.934141
0.1353854 0.8305966 2.931308
0.1501579 0.5270513 2.881576
0.1623554 0.044009 3.033052
0.1585872 0.01378207 2.936965
0.06822222 1.330625 2.950723
0.1631102 1.296538 2.576234
0.06758125 1.416715 2.524236
-0.06011606 1.49125 2.745256
-0.01979306 1.426043 2.776356
55
0.05917363 0.8320435 2.969598
0.06255568 1.117736 2.962881
0.07474852 1.403412 2.938885
0.06340493 1.545499 2.944
-0.08491972 1.29194 2.943281
-0.04707114 1.167516 2.729025
0.06907923 1.328261 2.59201
0.1107368 1.363246 2.562263
0.209708 1.302504 2.909076
0.1527462 1.183112 2.697223
0.01358199 1.410365 2.727104
-0.02021363 1.465731 2.747985
-0.01792712 0.8366296 2.939381
-0.04201243 0.5611978 2.889919
-0.01937608 0.05428571 3.022971
-0.01078194 0.03226845 2.937627
0.1367506 0.8307263 2.929585
0.1466154 0.5372484 2.877846
0.162109 0.05156548 3.031712
0.1518453 0.02172821 2.938563
0.07115564 1.332311 2.947694
0.1671657 1.297458 2.571084
0.07035024 1.418817 2.518371
-0.05901613 1.502157 2.7602
-0.01750289 1.420906 2.788624
56
0.05917363 0.8320435 2.969598
0.06255568 1.117736 2.962881
0.07474852 1.403412 2.938885
0.06340493 1.545499 2.944
-0.08491972 1.29194 2.943281
-0.04707114 1.167516 2.729025
0.06907923 1.328261 2.59201
0.1107368 1.363246 2.562263
0.209708 1.302504 2.909076
0.1527462 1.183112 2.697223
0.01358199 1.410365 2.727104
-0.02021363 1.465731 2.747985
-0.01792712 0.8366296 2.939381
-0.04201243 0.5611978 2.889919
-0.01937608 0.05428571 3.022971
-0.01078194 0.03226845 2.937627
0.1367506 0.8307263 2.929585
0.1466154 0.5372484 2.877846
0.162109 0.05156548 3.031712
0.1518453 0.02172821 2.938563
0.07115564 1.332311 2.947694
0.1671657 1.297458 2.571084
0.07035024 1.418817 2.518371
-0.05901613 1.502157 2.7602
-0.01750289 1.420906 2.788624
57
0.05986256 0.8317817 2.96802
0.06373009 1.118804 2.960902
0.07754251 1.403045 2.936824
0.06341653 1.546406 2.94419
-0.08441146 1.292991 2.942013
-0.04707848 1.168433 2.730784
0.06910765 1.323739 2.593668
0.1123098 1.36426 2.558336
0.2089832 1.304897 2.907658
0.1555086 1.184144 2.700474
0.01891982 1.399445 2.728999
-0.0138969 1.451868 2.752912
-0.01772733 0.8360177 2.937529
-0.03912096 0.5591089 2.889785
-0.01849239 0.05298743 3.024858
-0.009724256 0.03053326 2.939382
0.1376014 0.8309607 2.927926
0.1497034 0.528363 2.880772
0.1620286 0.04848956 3.033478
0.1477641 0.01764745 2.937709
0.07319225 1.332968 2.945672
0.169355 1.298394 2.567196
0.07228363 1.418587 2.514401
-0.051669 1.480913 2.753417
-0.008928567 1.397202 2.779095
58
0.05986256 0.8317817 2.96802
0.06373009 1.118804 2.960902
0.07754251 1.403045 2.936824
0.06341653 1.546406 2.94419
-0.08441146 1.292991 2.942013
-0.04707848 1.168433 2.730784
0.06910765 1.323739 2.593668
0.1123098 1.36426 2.558336
0.2089832 1.304897 2.907658
0.1555086 1.184144 2.700474
0.01891982 1.399445 2.728999
-0.0138969 1.451868 2.752912
-0.01772733 0.8360177 2.937529
-0.03912096 0.5591089 2.889785
-0.01849239 0.05298743 3.024858
-0.009724256 0.03053326 2.939382
0.1376014 0.8309607 2.927926
0.1497034 0.528363 2.880772
0.1620286 0.04848956 3.033478
0.1477641 0.01764745 2.937709
0.07319225 1.332968 2.945672
0.169355 1.298394 2.567196
0.07228363 1.418587 2.514401
-0.051669 1.480913 2.753417
-0.008928567 1.397202 2.779095
59
0.0602966 0.8316907 2.966533
0.06462413 1.119492 2.95941
0.07946409 1.402064 2.93557
0.0641349 1.54591 2.944224
-0.08404624 1.293741 2.941099
-0.04726826 1.169201 2.732342
0.06925802 1.320781 2.595078
0.113452 1.365138 2.555734
0.2086329 1.306532 2.906788
0.1584962 1.184144 2.703466
0.02297297 1.38957 2.72873
-0.009631725 1.440844 2.754407
-0.01768922 0.8356202 2.93592
-0.03750219 0.5580773 2.889642
-0.01691136 0.05487045 3.030515
-0.009621106 0.03004438 2.940769
0.138156 0.8313271 2.926312
0.1522953 0.5217094 2.883471
0.1620834 0.04814851 3.03405
0.1476274 0.01699042 2.936999
0.07470848 1.333009 2.944257
0.1702145 1.29994 2.564447
0.07373853 1.417997 2.512168
-0.0487134 1.471941 2.749015
-0.005543789 1.385679 2.771204
60
0.0602966 0.8316907 2.966533
0.06462413 1.119492 2.95941
0.07946409 1.402064 2.93557
0.0641349 1.54591 2.944224
-0.08404624 1.293741 2.941099
-0.04726826 1.169201 2.732342
0.06925802 1.320781 2.595078
0.113452 1.365138 2.555734
0.2086329 1.306532 2.906788
0.1584962 1.184144 2.703466
0.02297297 1.38957 2.72873
-0.009631725 1.440844 2.754407
-0.01768922 0.8356202 2.93592
-0.03750219 0.5580773 2.889642
-0.01691136 0.05487045 3.030515
-0.009621106 0.03004438 2.940769
0.138156 0.8313271 2.926312
0.1522953 0.5217094 2.883471
0.1620834 0.04814851 3.03405
0.1476274 0.01699042 2.936999
0.07470848 1.333009 2.944257
0.1702145 1.29994 2.564447
0.07373853 1.417997 2.512168
-0.0487134 1.471941 2.749015
-0.005543789 1.385679 2.771204
61
0.06064706 0.8316031 2.965066
0.06537245 1.119831 2.958236
0.08077769 1.400568 2.934954
0.06500284 1.544498 2.944313
-0.08379859 1.294291 2.940474
-0.04773385 1.169798 2.733797
0.06935008 1.318654 2.596258
0.1141674 1.36564 2.554001
0.2086461 1.307431 2.906436
0.1614568 1.183214 2.7062
0.02607902 1.380941 2.727524
-0.007397314 1.43198 2.7523
-0.0175916 0.8352363 2.934464
-0.02044265 0.5202447 2.902078
-0.01672229 0.03963314 3.034235
-0.0004140403 0.01244553 2.934904
0.1385309 0.8316616 2.924699
0.153943 0.5172369 2.884939
0.1620495 0.04622446 3.035141
0.1497242 0.01406369 2.934955
0.07587335 1.332488 2.943313
0.1699492 1.301863 2.562629
0.07473221 1.416912 2.511166
-0.04674231 1.467298 2.745832
-0.003808671 1.378775 2.765098
62
0.06064706 0.8316031 2.965066
0.06537245 1.119831 2.958236
0.08077769 1.400568 2.934954
0.06500284 1.544498 2.944313
-0.08379859 1.294291 2.940474
-0.04773385 1.169798 2.733797
0.06935008 1.318654 2.596258
0.1141674 1.36564 2.554001
0.2086461 1.307431 2.906436
0.1614568 1.183214 2.7062
0.02607902 1.380941 2.727524
-0.007397314 1.43198 2.7523
-0.0175916 0.8352363 2.934464
-0.02044265 0.5202447 2.902078
-0.01672229 0.03963314 3.034235
-0.0004140403 0.01244553 2.934904
0.1385309 0.8316616 2.924699
0.153943 0.5172369 2.884939
0.1620495 0.04622446 3.035141
0.1497242 0.01406369 2.934955
0.07587335 1.332488 2.943313
0.1699492 1.301863 2.562629
0.07473221 1.416912 2.511166
-0.04674231 1.467298 2.745832
-0.003808671 1.378775 2.765098
63
0.06082743 0.8315765 2.96386
0.06593415 1.119994 2.957359
0.08155957 1.398892 2.934804
0.06605548 1.542793 2.944578
-0.08366029 1.294633 2.940177
-0.04840669 1.170181 2.735181
0.06937449 1.317027 2.597326
0.1144932 1.365762 2.553055
0.209001 1.307663 2.906583
0.1642504 1.18154 2.708807
0.03958861 1.363574 2.741015
-0.006167285 1.42304 2.748521
-0.0175913 0.8349655 2.933342
-0.02155487 0.505918 2.908656
-0.01624724 0.03202747 3.035047
0.00388319 0.004809611 2.932151
0.1386929 0.8319842 2.923339
0.1576619 0.5484237 2.866663
0.1624297 0.0610121 3.026259
0.1547341 0.03125023 2.935595
0.07669256 1.331636 2.942761
0.1689243 1.303912 2.561682
0.07533987 1.415454 2.511194
-0.04766695 1.462923 2.741141
-0.004160791 1.37616 2.761905
64
0.06082743 0.8315765 2.96386
0.06593415 1.119994 2.957359
0.08155957 1.398892 2.934804
0.06605548 1.542793 2.944578
-0.08366029 1.294633 2.940177
-0.04840669 1.170181 2.735181
0.06937449 1.317027 2.597326
0.1144932 1.365762 2.553055
0.209001 1.307663 2.906583
0.1642504 1.18154 2.708807
0.03958861 1.363574 2.741015
-0.006167285 1.42304 2.748521
-0.0175913 0.8349655 2.933342
-0.02155487 0.505918 2.908656
-0.01624724 0.03202747 3.035047
0.00388319 0.004809611 2.932151
0.1386929 0.8319842 2.923339
0.1576619 0.5484237 2.866663
0.1624297 0.0610121 3.026259
0.1547341 0.03125023 2.935595
0.07669256 1.331636 2.942761
0.1689243 1.303912 2.561682
0.07533987 1.415454 2.511194
-0.04766695 1.462923 2.741141
-0.004160791 1.37616 2.761905
65
0.06089617 0.8315883 2.962873
0.06636169 1.120029 2.956689
0.0819237 1.397197 2.934956
0.06686909 1.54115 2.944999
-0.0836225 1.294746 2.940131
-0.04887807 1.170286 2.736366
0.0694516 1.315641 2.598257
0.1146045 1.365474 2.552705
0.2095266 1.307436 2.907037
0.1664484 1.179948 2.710804
0.04403439 1.35576 2.745809
-0.00695674 1.413481 2.741221
-0.01763302 0.8347783 2.932452
-0.02294692 0.5038589 2.910608
-0.01612502 0.0288274 3.035126
0.005434907 0.001986546 2.931548
0.1387054 0.8322775 2.922222
0.1580764 0.5503079 2.865024
0.1624449 0.06186878 3.026272
0.1547756 0.03209656 2.936296
0.07721733 1.330573 2.942502
0.1678092 1.305592 2.561237
0.07571832 1.413405 2.511906
-0.05302337 1.452102 2.727446
-0.007139311 1.372681 2.755065
66
0.06089617 0.8315883 2.962873
0.06636169 1.120029 2.956689
0.0819237 1.397197 2.934956
0.06686909 1.54115 2.944999
-0.0836225 1.294746 2.940131
-0.04887807 1.170286 2.736366
0.0694516 1.315641 2.598257
0.1146045 1.365474 2.552705
0.2095266 1.307436 2.907037
0.1664484 1.179948 2.710804
0.04403439 1.35576 2.745809
-0.00695674 1.413481 2.741221
-0.01763302 0.8347783 2.932452
-0.02294692 0.5038589 2.910608
-0.01612502 0.0288274 3.035126
0.005434907 0.001986546 2.931548
0.1387054 0.8322775 2.922222
0.1580764 0.5503079 2.865024
0.1624449 0.06186878 3.026272
0.1547756 0.03209656 2.936296
0.07721733 1.330573 2.942502
0.1678092 1.305592 2.561237
0.07571832 1.413405 2.511906
-0.05302337 1.452102 2.727446
-0.007139311 1.372681 2.755065
67
0.06085913 0.8316033 2.962074
0.06666455 1.119951 2.956191
0.08188043 1.395556 2.935399
0.06732809 1.539693 2.946274
-0.08379096 1.294377 2.940526
-0.05537701 1.163615 2.74238
0.06696399 1.310758 2.602139
0.1110944 1.360726 2.556697
0.211001 1.305492 2.908922
0.1687296 1.177713 2.713046
0.02981265 1.333395 2.734651
-0.009440944 1.39804 2.724017
-0.01773703 0.8346466 2.93175
-0.02470578 0.5056328 2.911452
-0.01662671 0.02720845 3.033734
0.006330064 0.001450375 2.93144
0.1386003 0.8324925 2.921323
0.1541958 0.5580367 2.861105
0.1622244 0.06590299 3.024857
0.1550536 0.03671607 2.937491
0.07742886 1.329376 2.942534
0.1628452 1.305151 2.56408
0.07278222 1.406522 2.517418
-0.05101711 1.425209 2.695851
-0.01490964 1.377695 2.713303
68
0.06085913 0.8316033 2.962074
0.06666455 1.119951 2.956191
0.08188043 1.395556 2.935399
0.06732809 1.539693 2.946274
-0.08379096 1.294377 2.940526
-0.05537701 1.163615 2.74238
0.06696399 1.310758 2.602139
0.1110944 1.360726 2.556697
0.211001 1.305492 2.908922
0.1687296 1.177713 2.713046
0.02981265 1.333395 2.734651
-0.009440944 1.39804 2.724017
-0.01773703 0.8346466 2.93175
-0.02470578 0.5056328 2.911452
-0.01662671 0.02720845 3.033734
0.006330064 0.001450375 2.93144
0.1386003 0.8324925 2.921323
0.1541958 0.5580367 2.861105
0.1622244 0.06590299 3.024857
0.1550536 0.03671607 2.937491
0.07742886 1.329376 2.942534
0.1628452 1.305151 2.56408
0.07278222 1.406522 2.517418
-0.05101711 1.425209 2.695851
-0.01490964 1.377695 2.713303
69
0.06078981 0.831627 2.961443
0.06688215 1.119762 2.955836
0.08138031 1.393845 2.936185
0.06778622 1.538239 2.947934
-0.08406861 1.293615 2.941257
-0.06679558 1.136584 2.76488
0.05925073 1.293647 2.618141
0.04916061 1.338974 2.632493
0.2121799 1.303466 2.910619
0.1848698 1.151164 2.730955
0.03168112 1.301228 2.716192
-0.01399592 1.370315 2.700532
-0.01784668 0.8345546 2.931201
-0.0305988 0.519348 2.907587
-0.017093 0.02904887 3.031923
0.005841568 0.004346176 2.932021
0.1384703 0.8326676 2.920628
0.1513744 0.5574347 2.863139
0.1618799 0.06758248 3.026941
0.1554025 0.03780856 2.938318
0.0773112 1.327987 2.942884
0.04708648 1.319365 2.637108
0.02183794 1.35008 2.628564
-0.06150918 1.388089 2.673915
-0.03103231 1.357323 2.671403
70
0.06078981 0.831627 2.961443
0.06688215 1.119762 2.955836
0.08138031 1.393845 2.936185
0.06778622 1.538239 2.947934
-0.08406861 1.293615 2.941257
-0.06679558 1.136584 2.76488
0.05925073 1.293647 2.618141
0.04916061 1.338974 2.632493
0.2121799 1.303466 2.910619
0.1848698 1.151164 2.730955
0.03168112 1.301228 2.716192
-0.01399592 1.370315 2.700532
-0.01784668 0.8345546 2.931201
-0.0305988 0.519348 2.907587
-0.017093 0.02904887 3.031923
0.005841568 0.004346176 2.932021
0.1384703 0.8326676 2.920628
0.1513744 0.5574347 2.863139
0.1618799 0.06758248 3.026941
0.1554025 0.03780856 2.938318
0.0773112 1.327987 2.942884
0.04708648 1.319365 2.637108
0.02183794 1.35008 2.628564
-0.06150918 1.388089 2.673915
-0.03103231 1.357323 2.671403
71
0.06066319 0.8315549 2.960992
0.0667422 1.119069 2.956082
0.07775839 1.391361 2.941482
0.06816491 1.536349 2.95033
-0.08450838 1.292032 2.942416
-0.08534774 1.107619 2.790032
0.0440428 1.266011 2.638498
0.04309115 1.265847 2.693348
0.2125918 1.298378 2.911149
0.2097128 1.108536 2.759611
0.03725975 1.240222 2.699894
-0.01066228 1.308003 2.670816
-0.01798229 0.834421 2.930772
-0.03477428 0.530715 2.903271
-0.01966984 0.04004984 3.034703
0.003022645 0.01432925 2.936074
0.1382468 0.8326676 2.920195
0.1488699 0.5524027 2.867744
0.1616385 0.06715742 3.029768
0.1558665 0.03678306 2.939254
0.07517276 1.325583 2.946342
0.08464895 1.291074 2.689503
0.003512353 1.297961 2.655076
-0.06197281 1.336155 2.650982
-0.02016483 1.299724 2.630404
72
0.06066319 0.8315549 2.960992
0.0667422 1.119069 2.956082
0.07775839 1.391361 2.941482
0.06816491 1.536349 2.95033
-0.08450838 1.292032 2.942416
-0.08534774 1.107619 2.790032
0.0440428 1.266011 2.638498
0.04309115 1.265847 2.693348
0.2125918 1.298378 2.911149
0.2097128 1.108536 2.759611
0.03725975 1.240222 2.699894
-0.01066228 1.308003 2.670816
-0.01798229 0.834421 2.930772
-0.03477428 0.530715 2.903271
-0.01966984 0.04004984 3.034703
0.003022645 0.01432925 2.936074
0.1382468 0.8326676 2.920195
0.1488699 0.5524027 2.867744
0.1616385 0.06715742 3.029768
0.1558665 0.03678306 2.939254
0.07517276 1.325583 2.946342
0.08464895 1.291074 2.689503
0.003512353 1.297961 2.655076
-0.06197281 1.336155 2.650982
-0.02016483 1.299724 2.630404
73
0.06051654 0.8314939 2.960658
0.06622789 1.117881 2.957124
0.073305 1.387882 2.948842
0.06843359 1.533155 2.95336
-0.08637711 1.289132 2.945214
-0.09666631 1.082203 2.8181
0.05807016 1.19892 2.675611
0.07219303 1.177916 2.733084
0.2128771 1.294324 2.911233
0.221325 1.087267 2.773897
0.0371735 1.191306 2.678821
-0.00365188 1.228411 2.648758
-0.01823004 0.8343618 2.930056
-0.03396725 0.5561613 2.903778
-0.02113348 0.05113079 3.031644
-0.0002935473 0.02828631 2.939323
0.1375963 0.8325451 2.920869
0.1525067 0.5252284 2.883089
0.1607445 0.05517044 3.034706
0.1564699 0.02362701 2.937144
0.0720527 1.3222 2.951932
0.1521799 1.147709 2.729661
0.07807562 1.225687 2.699751
-0.0527766 1.260363 2.637277
-0.001702332 1.223252 2.600695
74
0.06051654 0.8314939 2.960658
0.06622789 1.117881 2.957124
0.073305 1.387882 2.948842
0.06843359 1.533155 2.95336
-0.08637711 1.289132 2.945214
-0.09666631 1.082203 2.8181
0.05807016 1.19892 2.675611
0.07219303 1.177916 2.733084
0.2128771 1.294324 2.911233
0.221325 1.087267 2.773897
0.0371735 1.191306 2.678821
-0.00365188 1.228411 2.648758
-0.01823004 0.8343618 2.930056
-0.03396725 0.5561613 2.903778
-0.02113348 0.05113079 3.031644
-0.0002935473 0.02828631 2.939323
0.1375963 0.8325451 2.920869
0.1525067 0.5252284 2.883089
0.1607445 0.05517044 3.034706
0.1564699 0.02362701 2.937144
0.0720527 1.3222 2.951932
0.1521799 1.147709 2.729661
0.07807562 1.225687 2.699751
-0.0527766 1.260363 2.637277
-0.001702332 1.223252 2.600695
75
0.05779242 0.8352278 2.961305
0.06522107 1.117007 2.958809
0.07010402 1.385123 2.954369
0.06848577 1.530114 2.956146
-0.08880225 1.286384 2.949599
-0.1024479 1.067223 2.8412
0.06362794 1.129894 2.693427
0.0968482 1.126008 2.727876
0.2158335 1.284684 2.914335
0.2279552 1.067131 2.790891
0.0378882 1.11982 2.652618
0.01498679 1.129539 2.643645
-0.019451 0.8381064 2.93096
-0.03449305 0.5616416 2.903615
-0.02135752 0.05392078 3.031237
-0.001436032 0.03167547 2.940688
0.1315724 0.8377306 2.922037
0.1434173 0.548315 2.881652
0.1601418 0.05965073 3.031724
0.1578847 0.03112657 2.939096
0.06950795 1.319557 2.956557
0.1438068 1.18949 2.71246
0.09301349 1.169517 2.724267
-0.03266336 1.153531 2.627211
0.02093519 1.131842 2.581947
76
0.05779242 0.8352278 2.961305
0.06522107 1.117007 2.958809
0.07010402 1.385123 2.954369
0.06848577 1.530114 2.956146
-0.08880225 1.286384 2.949599
-0.1024479 1.067223 2.8412
0.06362794 1.129894 2.693427
0.0968482 1.126008 2.727876
0.2158335 1.284684 2.914335
0.2279552 1.067131 2.790891
0.0378882 1.11982 2.652618
0.01498679 1.129539 2.643645
-0.019451 0.8381064 2.93096
-0.03449305 0.5616416 2.903615
-0.02135752 0.05392078 3.031237
-0.001436032 0.03167547 2.940688
0.1315724 0.8377306 2.922037
0.1434173 0.548315 2.881652
0.1601418 0.05965073 3.031724
0.1578847 0.03112657 2.939096
0.06950795 1.319557 2.956557
0.1438068 1.18949 2.71246
0.09301349 1.169517 2.724267
-0.03266336 1.153531 2.627211
0.02093519 1.131842 2.581947
77
0.05564838 0.8382322 2.961876
0.06410559 1.116254 2.960617
0.06728402 1.38272 2.959045
0.06848519 1.527111 2.958606
-0.09139213 1.283763 2.955163
-0.1101674 1.056554 2.86517
0.0410266 1.044196 2.694204
0.05916898 1.032438 2.705919
0.2207777 1.273281 2.92702
0.2390344 1.048868 2.822131
0.05556362 1.033282 2.647353
0.04921196 1.029468 2.649764
-0.02029895 0.8411157 2.931613
-0.03533731 0.5718459 2.899311
-0.02043631 0.06119372 3.028667
-0.003538546 0.03989376 2.942635
0.1273998 0.8413779 2.922903
0.1425802 0.5476424 2.883251
0.1600346 0.05786684 3.032141
0.1590007 0.0296145 2.939326
0.06711452 1.317309 2.960685
0.06588235 1.050123 2.650138
0.06601214 1.068582 2.698389
0.0001447666 1.032125 2.618793
0.05395153 1.018681 2.586608
78
0.05564838 0.8382322 2.961876
0.06410559 1.116254 2.960617
0.06728402 1.38272 2.959045
0.06848519 1.527111 2.958606
-0.09139213 1.283763 2.955163
-0.1101674 1.056554 2.86517
0.0410266 1.044196 2.694204
0.05916898 1.032438 2.705919
0.2207777 1.273281 2.92702
0.2390344 1.048868 2.822131
0.05556362 1.033282 2.647353
0.04921196 1.029468 2.649764
-0.02029895 0.8411157 2.931613
-0.03533731 0.5718459 2.899311
-0.02043631 0.06119372 3.028667
-0.003538546 0.03989376 2.942635
0.1273998 0.8413779 2.922903
0.1425802 0.5476424 2.883251
0.1600346 0.05786684 3.032141
0.1590007 0.0296145 2.939326
0.06711452 1.317309 2.960685
0.06588235 1.050123 2.650138
0.06601214 1.068582 2.698389
0.0001447666 1.032125 2.618793
0.05395153 1.018681 2.586608
79
0.05454138 0.8397717 2.962079
0.06312533 1.115628 2.96217
0.06524848 1.381126 2.96222
0.06844924 1.524885 2.960324
-0.09311906 1.281986 2.958903
-0.1144558 1.050682 2.879914
0.0498356 0.9701561 2.711708
0.06107831 0.9720238 2.699527
0.2235945 1.266754 2.934475
0.2594189 1.033618 2.866328
0.08829106 0.9801282 2.680056
0.08182362 0.9357421 2.667822
-0.02054298 0.842833 2.931786
-0.03550101 0.5752381 2.898433
-0.01866586 0.06028423 3.022945
-0.004337263 0.04135223 2.942709
0.125331 0.8428151 2.92326
0.1427367 0.5456786 2.884586
0.1606825 0.05120704 3.029383
0.1273033 0.02440164 2.941981
0.06531051 1.315761 2.963618
0.07196172 0.9466818 2.647087
0.09076726 0.9872926 2.704652
0.04750155 0.8952425 2.621907
0.1202553 0.924673 2.648265
80
0.05454138 0.8397717 2.962079
0.06312533 1.115628 2.96217
0.06524848 1.381126 2.96222
0.06844924 1.524885 2.960324
-0.09311906 1.281986 2.958903
-0.1144558 1.050682 2.879914
0.0498356 0.9701561 2.711708
0.06107831 0.9720238 2.699527
0.2235945 1.266754 2.934475
0.2594189 1.033618 2.866328
0.08829106 0.9801282 2.680056
0.08182362 0.9357421 2.667822
-0.02054298 0.842833 2.931786
-0.03550101 0.5752381 2.898433
-0.01866586 0.06028423 3.022945
-0.004337263 0.04135223 2.942709
0.125331 0.8428151 2.92326
0.1427367 0.5456786 2.884586
0.1606825 0.05120704 3.029383
0.1273033 0.02440164 2.941981
0.06531051 1.315761 2.963618
0.07196172 0.9466818 2.647087
0.09076726 0.9872926 2.704652
0.04750155 0.8952425 2.621907
0.1202553 0.924673 2.648265
81
0.05762615 0.8397009 2.959465
0.06268398 1.115102 2.963094
0.06389381 1.380081 2.964317
0.06839217 1.523242 2.961399
-0.09480003 1.280571 2.962576
-0.1180784 1.046811 2.898742
0.07380124 0.8786306 2.730245
0.1006965 0.8542131 2.701653
0.2253593 1.262772 2.939214
0.2667408 1.023924 2.914094
0.162253 0.8712367 2.722637
0.1248138 0.8077389 2.700762
-0.01300362 0.8431498 2.927454
-0.03544323 0.5770783 2.897764
-0.0174562 0.05967531 3.019196
-0.004491777 0.04212745 2.942507
0.1263281 0.8421874 2.92131
0.1426431 0.5543639 2.878796
0.1606775 0.05867954 3.025314
0.132778 0.03282714 2.941287
0.06408291 1.314724 2.965602
0.08998656 0.8163143 2.644198
0.1419343 0.87532 2.720997
0.09325802 0.7546145 2.633384
0.1602512 0.7578804 2.713793
82
0.05762615 0.8397009 2.959465
0.06268398 1.115102 2.963094
0.06389381 1.380081 2.964317
0.06839217 1.523242 2.961399
-0.09480003 1.280571 2.962576
-0.1180784 1.046811 2.898742
0.07380124 0.8786306 2.730245
0.1006965 0.8542131 2.701653
0.2253593 1.262772 2.939214
0.2667408 1.023924 2.914094
0.162253 0.8712367 2.722637
0.1248138 0.8077389 2.700762
-0.01300362 0.8431498 2.927454
-0.03544323 0.5770783 2.897764
-0.0174562 0.05967531 3.019196
-0.004491777 0.04212745 2.942507
0.1263281 0.8421874 2.92131
0.1426431 0.5543639 2.878796
0.1606775 0.05867954 3.025314
0.132778 0.03282714 2.941287
0.06408291 1.314724 2.965602
0.08998656 0.8163143 2.644198
0.1419343 0.87532 2.720997
0.09325802 0.7546145 2.633384
0.1602512 0.7578804 2.713793
83
0.05794532 0.8400156 2.958591
0.06219561 1.114679 2.963869
0.06290795 1.379369 2.965769
0.06832889 1.522028 2.962109
-0.09634191 1.279394 2.965776
-0.1197091 1.044493 2.916287
0.03346499 0.8311192 2.76499
0.06073402 0.7871776 2.740025
0.2264781 1.260192 2.942267
0.2689245 1.020194 2.938017
0.2083859 0.7817071 2.765775
0.1654779 0.7292894 2.737733
-0.0119628 0.8434678 2.926458
-0.03685719 0.5681095 2.89739
-0.01589096 0.054415 3.017385
-0.003507088 0.03708347 2.941026
0.126115 0.8423187 2.920436
0.1427498 0.5618738 2.873623
0.1606766 0.06593437 3.022074
0.1393205 0.04076315 2.940563
0.06313802 1.314012 2.967011
0.05286735 0.7749709 2.709402
0.04991179 0.7973807 2.76584
0.141535 0.6672004 2.698412
0.1999161 0.7338959 2.740601
84
0.05794532 0.8400156 2.958591
0.06219561 1.114679 2.963869
0.06290795 1.379369 2.965769
0.06832889 1.522028 2.962109
-0.09634191 1.279394 2.965776
-0.1197091 1.044493 2.916287
0.03346499 0.8311192 2.76499
0.06073402 0.7871776 2.740025
0.2264781 1.260192 2.942267
0.2689245 1.020194 2.938017
0.2083859 0.7817071 2.765775
0.1654779 0.7292894 2.737733
-0.0119628 0.8434678 2.926458
-0.03685719 0.5681095 2.89739
-0.01589096 0.054415 3.017385
-0.003507088 0.03708347 2.941026
0.126115 0.8423187 2.920436
0.1427498 0.5618738 2.873623
0.1606766 0.06593437 3.022074
0.1393205 0.04076315 2.940563
0.06313802 1.314012 2.967011
0.05286735 0.7749709 2.709402
0.04991179 0.7973807 2.76584
0.141535 0.6672004 2.698412
0.1999161 0.7338959 2.740601
85
0.05827882 0.8401638 2.957917
0.06183152 1.114344 2.964449
0.06221544 1.378872 2.966747
0.06822386 1.521026 2.962428
-0.09728462 1.278589 2.967704
-0.1265238 1.044204 2.939884
-0.05509382 0.8109103 2.851062
-0.02206921 0.7280434 2.810593
0.2272247 1.258434 2.944294
0.2707051 1.017604 2.95164
0.2444894 0.7826515 2.833711
0.2045144 0.7081183 2.791458
-0.01119285 0.843554 2.925688
-0.03810183 0.5663124 2.897857
-0.01524322 0.05320349 3.016472
-0.003637403 0.03623063 2.940813
0.1262366 0.8423262 2.91975
0.1439461 0.555753 2.875279
0.1610384 0.06089351 3.022938
0.1469579 0.03498004 2.937723
0.06247882 1.313516 2.967957
-0.00382042 0.6676309 2.791027
-0.06515776 0.7729588 2.862104
0.1831959 0.6375639 2.752316
0.2372208 0.725867 2.773791
86
0.05827882 0.8401638 2.957917
0.06183152 1.114344 2.964449
0.06221544 1.378872 2.966747
0.06822386 1.521026 2.962428
-0.09728462 1.278589 2.967704
-0.1265238 1.044204 2.939884
-0.05509382 0.8109103 2.851062
-0.02206921 0.7280434 2.810593
0.2272247 1.258434 2.944294
0.2707051 1.017604 2.95164
0.2444894 0.7826515 2.833711
0.2045144 0.7081183 2.791458
-0.01119285 0.843554 2.925688
-0.03810183 0.5663124 2.897857
-0.01524322 0.05320349 3.016472
-0.003637403 0.03623063 2.940813
0.1262366 0.8423262 2.91975
0.1439461 0.555753 2.875279
0.1610384 0.06089351 3.022938
0.1469579 0.03498004 2.937723
0.06247882 1.313516 2.967957
-0.00382042 0.6676309 2.791027
-0.06515776 0.7729588 2.862104
0.1831959 0.6375639 2.752316
0.2372208 0.725867 2.773791
87
0.05889707 0.8401373 2.957512
0.06159353 1.114082 2.964882
0.06168661 1.37852 2.967398
0.06795644 1.520047 2.962176
-0.09798209 1.278036 2.969081
-0.1301441 1.041744 2.954154
-0.1038109 0.7886739 2.889906
-0.0801568 0.7626994 2.860871
0.227753 1.257174 2.94572
0.2721554 1.015546 2.961189
0.2810204 0.7702804 2.88674
0.2457525 0.7160044 2.859976
-0.01042384 0.8433855 2.925203
-0.03933951 0.5617348 2.899031
-0.01457955 0.04983991 3.016156
-0.003352222 0.03300171 2.940191
0.1270723 0.8422203 2.919414
0.1481847 0.5442168 2.877445
0.16152 0.05505559 3.025012
0.1526537 0.02779904 2.935462
0.06201537 1.31316 2.968612
-0.06308258 0.6969733 2.806126
-0.04967254 0.7583593 2.852959
0.2417733 0.6372746 2.832646
0.2705873 0.7307489 2.846093
88
0.05889707 0.8401373 2.957512
0.06159353 1.114082 2.964882
0.06168661 1.37852 2.967398
0.06795644 1.520047 2.962176
-0.09798209 1.278036 2.969081
-0.1301441 1.041744 2.954154
-0.1038109 0.7886739 2.889906
-0.0801568 0.7626994 2.860871
0.227753 1.257174 2.94572
0.2721554 1.015546 2.961189
0.2810204 0.7702804 2.88674
0.2457525 0.7160044 2.859976
-0.01042384 0.8433855 2.925203
-0.03933951 0.5617348 2.899031
-0.01457955 0.04983991 3.016156
-0.003352222 0.03300171 2.940191
0.1270723 0.8422203 2.919414
0.1481847 0.5442168 2.877445
0.16152 0.05505559 3.025012
0.1526537 0.02779904 2.935462
0.06201537 1.31316 2.968612
-0.06308258 0.6969733 2.806126
-0.04967254 0.7583593 2.852959
0.2417733 0.6372746 2.832646
0.2705873 0.7307489 2.846093
89
0.06123364 0.838681 2.9584
0.06148855 1.11374 2.965278
0.06122205 1.378264 2.96755
0.06750757 1.518972 2.961084
-0.09851628 1.27763 2.970056
-0.1331032 1.036704 2.965702
-0.1436772 0.7795485 2.926759
-0.1171974 0.7273328 2.901953
0.228145 1.256239 2.946743
0.2735077 1.013308 2.968258
0.2911749 0.762942 2.915689
0.2770404 0.6792317 2.912175
-0.007962635 0.8412032 2.9263
-0.03126974 0.5231268 2.920893
-0.01495846 0.02863048 3.023675
-0.0009690108 0.009863051 2.931163
0.1294978 0.840972 2.920256
0.1521284 0.5382737 2.877158
0.1617439 0.0523314 3.026098
0.1558466 0.02417092 2.934599
0.06165231 1.312882 2.969021
-0.09389786 0.6849176 2.857887
-0.07263857 0.7763315 2.881602
0.259511 0.6333752 2.883042
0.2971819 0.6960603 2.892524
90
0.06123364 0.838681 2.9584
0.06148855 1.11374 2.965278
0.06122205 1.378264 2.96755
0.06750757 1.518972 2.961084
-0.09851628 1.27763 2.970056
-0.1331032 1.036704 2.965702
-0.1436772 0.7795485 2.926759
-0.1171974 0.7273328 2.901953
0.228145 1.256239 2.946743
0.2735077 1.013308 2.968258
0.2911749 0.762942 2.915689
0.2770404 0.6792317 2.912175
-0.007962635 0.8412032 2.9263
-0.03126974 0.5231268 2.920893
-0.01495846 0.02863048 3.023675
-0.0009690108 0.009863051 2.931163
0.1294978 0.840972 2.920256
0.1521284 0.5382737 2.877158
0.1617439 0.0523314 3.026098
0.1558466 0.02417092 2.934599
0.06165231 1.312882 2.969021
-0.09389786 0.6849176 2.857887
-0.07263857 0.7763315 2.881602
0.259511 0.6333752 2.883042
0.2971819 0.6960603 2.892524
91
0.0625562 0.8370972 2.959728
0.06140672 1.113404 2.965601
0.06078529 1.378148 2.966906
0.06701457 1.518111 2.95943
-0.0989024 1.27734 2.970746
-0.136348 1.030003 2.975787
-0.1639212 0.7729301 2.961255
-0.146612 0.7420262 2.938226
0.2284008 1.255623 2.947436
0.2744996 1.0116 2.973475
0.3068167 0.7598245 2.950383
0.292096 0.6943741 2.954042
-0.006622251 0.8391677 2.927874
-0.02991192 0.5148807 2.925463
-0.0146211 0.02264839 3.025769
-0.0003771657 0.003387902 2.92908
0.130858 0.8394217 2.92149
0.1552191 0.5328868 2.878162
0.1619565 0.04924228 3.027797
0.1533132 0.0202557 2.934496
0.0613223 1.312674 2.969059
-0.1523967 0.6532594 2.911838
-0.1098638 0.7411376 2.900714
0.2841095 0.6299525 2.940854
0.3109397 0.6955351 2.937963
92
0.0625562 0.8370972 2.959728
0.06140672 1.113404 2.965601
0.06078529 1.378148 2.966906
0.06701457 1.518111 2.95943
-0.0989024 1.27734 2.970746
-0.136348 1.030003 2.975787
-0.1639212 0.7729301 2.961255
-0.146612 0.7420262 2.938226
0.2284008 1.255623 2.947436
0.2744996 1.0116 2.973475
0.3068167 0.7598245 2.950383
0.292096 0.6943741 2.954042
-0.006622251 0.8391677 2.927874
-0.02991192 0.5148807 2.925463
-0.0146211 0.02264839 3.025769
-0.0003771657 0.003387902 2.92908
0.130858 0.8394217 2.92149
0.1552191 0.5328868 2.878162
0.1619565 0.04924228 3.027797
0.1533132 0.0202557 2.934496
0.0613223 1.312674 2.969059
-0.1523967 0.6532594 2.911838
-0.1098638 0.7411376 2.900714
0.2841095 0.6299525 2.940854
0.3109397 0.6955351 2.937963
93
0.06312183 0.8356956 2.961135
0.06130538 1.113063 2.965845
0.06028955 1.378056 2.965181
0.06640022 1.517236 2.956793
-0.09919734 1.277123 2.971226
-0.1393483 1.023092 2.985188
-0.1676803 0.7732925 2.972389
-0.1657135 0.7321942 2.958734
0.2285032 1.255292 2.947764
0.2751724 1.010295 2.977394
0.308875 0.7633749 2.972268
0.2992518 0.7014195 2.97943
-0.006257036 0.8374874 2.929585
-0.02693468 0.520529 2.919459
-0.01452508 0.02334129 3.026465
-0.0004231016 0.00275152 2.929162
0.1315796 0.8380017 2.922742
0.1565373 0.530334 2.878463
0.1617969 0.0458325 3.028097
0.1520891 0.01680407 2.934447
0.06093207 1.312468 2.968464
-0.1755838 0.6429024 2.952093
-0.1243251 0.7239844 2.904198
0.2919366 0.6406981 2.976943
0.3106386 0.7199634 2.972164
94
0.06312183 0.8356956 2.961135
0.06130538 1.113063 2.965845
0.06028955 1.378056 2.965181
0.06640022 1.517236 2.956793
-0.09919734 1.277123 2.971226
-0.1393483 1.023092 2.985188
-0.1676803 0.7732925 2.972389
-0.1657135 0.7321942 2.958734
0.2285032 1.255292 2.947764
0.2751724 1.010295 2.977394
0.308875 0.7633749 2.972268
0.2992518 0.7014195 2.97943
-0.006257036 0.8374874 2.929585
-0.02693468 0.520529 2.919459
-0.01452508 0.02334129 3.026465
-0.0004231016 0.00275152 2.929162
0.1315796 0.8380017 2.922742
0.1565373 0.530334 2.878463
0.1617969 0.0458325 3.028097
0.1520891 0.01680407 2.934447
0.06093207 1.312468 2.968464
-0.1755838 0.6429024 2.952093
-0.1243251 0.7239844 2.904198
0.2919366 0.6406981 2.976943
0.3106386 0.7199634 2.972164
95
0.06274942 0.8341319 2.963242
0.06116544 1.11269 2.966046
0.05985807 1.377967 2.962736
0.06571781 1.516252 2.953094
-0.099366 1.276937 2.971342
-0.1417274 1.019001 2.992175
-0.173536 0.7741414 2.990482
-0.1739867 0.7303935 2.973739
0.2284656 1.255187 2.947796
0.2754822 1.008532 2.981141
0.3117442 0.7640163 2.989047
0.300511 0.7084002 2.996622
-0.007169265 0.8356274 2.932287
-0.026177 0.518715 2.919957
-0.01444204 0.02169015 3.027155
-0.0005124127 0.0007394496 2.928492
0.1315795 0.8365269 2.924412
0.1577381 0.5284824 2.878871
0.1619348 0.04391287 3.028772
0.1505083 0.01480338 2.934992
0.0605331 1.312254 2.967361
-0.1742296 0.6428683 2.966464
-0.1312658 0.7366223 2.912609
0.2955138 0.6446562 2.995402
0.3100297 0.7256568 2.990797
96
0.06274942 0.8341319 2.963242
0.06116544 1.11269 2.966046
0.05985807 1.377967 2.962736
0.06571781 1.516252 2.953094
-0.099366 1.276937 2.971342
-0.1417274 1.019001 2.992175
-0.173536 0.7741414 2.990482
-0.1739867 0.7303935 2.973739
0.2284656 1.255187 2.947796
0.2754822 1.008532 2.981141
0.3117442 0.7640163 2.989047
0.300511 0.7084002 2.996622
-0.007169265 0.8356274 2.932287
-0.026177 0.518715 2.919957
-0.01444204 0.02169015 3.027155
-0.0005124127 0.0007394496 2.928492
0.1315795 0.8365269 2.924412
0.1577381 0.5284824 2.878871
0.1619348 0.04391287 3.028772
0.1505083 0.01480338 2.934992
0.0605331 1.312254 2.967361
-0.1742296 0.6428683 2.966464
-0.1312658 0.7366223 2.912609
0.2955138 0.6446562 2.995402
0.3100297 0.7256568 2.990797
97
0.06216524 0.8327488 2.965292
0.06101038 1.112306 2.966202
0.05942358 1.377872 2.959888
0.06507045 1.515296 2.949013
-0.09946664 1.276797 2.971288
-0.1433606 1.01651 2.997405
-0.1722378 0.7778498 3.00143
-0.1761008 0.7311696 2.983971
0.2282615 1.255302 2.947525
0.2755454 1.007292 2.984014
0.3051937 0.7700891 2.992998
0.2965611 0.7171434 3.006732
-0.008240856 0.8340827 2.934905
-0.02790901 0.5247413 2.915717
-0.01643098 0.02812304 3.03016
-0.002150951 0.005496752 2.930543
0.131349 0.8351986 2.926007
0.1586138 0.5269956 2.879279
0.1619415 0.04195804 3.02921
0.1488042 0.01285581 2.935354
0.06010571 1.312026 2.965831
-0.1651475 0.6478754 2.981419
-0.1357265 0.7377759 2.917918
0.2884951 0.6522346 3.004911
0.2990892 0.738674 3.000589
98
0.06216524 0.8327488 2.965292
0.06101038 1.112306 2.966202
0.05942358 1.377872 2.959888
0.06507045 1.515296 2.949013
-0.09946664 1.276797 2.971288
-0.1433606 1.01651 2.997405
-0.1722378 0.7778498 3.00143
-0.1761008 0.7311696 2.983971
0.2282615 1.255302 2.947525
0.2755454 1.007292 2.984014
0.3051937 0.7700891 2.992998
0.2965611 0.7171434 3.006732
-0.008240856 0.8340827 2.934905
-0.02790901 0.5247413 2.915717
-0.01643098 0.02812304 3.03016
-0.002150951 0.005496752 2.930543
0.131349 0.8351986 2.926007
0.1586138 0.5269956 2.879279
0.1619415 0.04195804 3.02921
0.1488042 0.01285581 2.935354
0.06010571 1.312026 2.965831
-0.1651475 0.6478754 2.981419
-0.1357265 0.7377759 2.917918
0.2884951 0.6522346 3.004911
0.2990892 0.738674 3.000589
99
0.06139172 0.8314754 2.967325
0.06082334 1.111887 2.966322
0.05900709 1.377747 2.956917
0.06438567 1.514368 2.944855
-0.0995228 1.276697 2.971094
-0.1444538 1.014992 3.001419
-0.1618884 0.78473 3.002839
-0.1694123 0.7329578 2.988482
0.227909 1.255562 2.947026
0.2752801 1.006425 2.986445
0.2987604 0.7747337 2.997739
0.2865373 0.7252868 3.008902
-0.009321076 0.8328772 2.937229
-0.02916678 0.5277883 2.912831
-0.0171571 0.03365594 3.033344
-0.003165351 0.009492726 2.932874
0.1307887 0.8337572 2.927799
0.1592221 0.5254241 2.88003
0.1619323 0.04175548 3.030927
0.1484419 0.01189932 2.935472
0.05966347 1.311767 2.964016
-0.1465578 0.6534274 2.978003
-0.1335278 0.7391713 2.919773
0.2644962 0.6510732 3.004626
0.2812626 0.7503699 2.99496
100
0.06139172 0.8314754 2.967325
0.06082334 1.111887 2.966322
0.05900709 1.377747 2.956917
0.06438567 1.514368 2.944855
-0.0995228 1.276697 2.971094
-0.1444538 1.014992 3.001419
-0.1618884 0.78473 3.002839
-0.1694123 0.7329578 2.988482
0.227909 1.255562 2.947026
0.2752801 1.006425 2.986445
0.2987604 0.7747337 2.997739
0.2865373 0.7252868 3.008902
-0.009321076 0.8328772 2.937229
-0.02916678 0.5277883 2.912831
-0.0171571 0.03365594 3.033344
-0.003165351 0.009492726 2.932874
0.1307887 0.8337572 2.927799
0.1592221 0.5254241 2.88003
0.1619323 0.04175548 3.030927
0.1484419 0.01189932 2.935472
0.05966347 1.311767 2.964016
-0.1465578 0.6534274 2.978003
-0.1335278 0.7391713 2.919773
0.2644962 0.6510732 3.004626
0.2812626 0.7503699 2.99496
101
0.06059007 0.8304672 2.969166
0.06062676 1.111474 2.966412
0.05866543 1.377591 2.954228
0.06380147 1.513589 2.94134
-0.09955589 1.276628 2.9708
-0.1451177 1.014035 3.004367
-0.152571 0.7894791 3.002517
-0.1579877 0.7356232 2.988924
0.2274058 1.255913 2.946363
0.2746769 1.006032 2.988521
0.2930476 0.7788418 2.998449
0.2748582 0.7332494 3.00539
-0.0103936 0.8319674 2.939367
-0.02771779 0.5525549 2.895123
-0.01941919 0.05055103 3.030999
-0.006599488 0.02541548 2.937351
0.1301913 0.8326073 2.929366
0.1596698 0.5240049 2.880789
0.1619695 0.04212442 3.032392
0.1470945 0.01177403 2.936146
0.05926486 1.3115 2.9622
-0.1231991 0.6621047 2.966866
-0.1244252 0.7438396 2.921842
0.2548969 0.6527118 3.001476
0.2606612 0.7399135 2.982816
102
0.06059007 0.8304672 2.969166
0.06062676 1.111474 2.966412
0.05866543 1.377591 2.954228
0.06380147 1.513589 2.94134
-0.09955589 1.276628 2.9708
-0.1451177 1.014035 3.004367
-0.152571 0.7894791 3.002517
-0.1579877 0.7356232 2.988924
0.2274058 1.255913 2.946363
0.2746769 1.006032 2.988521
0.2930476 0.7788418 2.998449
0.2748582 0.7332494 3.00539
-0.0103936 0.8319674 2.939367
-0.02771779 0.5525549 2.895123
-0.01941919 0.05055103 3.030999
-0.006599488 0.02541548 2.937351
0.1301913 0.8326073 2.929366
0.1596698 0.5240049 2.880789
0.1619695 0.04212442 3.032392
0.1470945 0.01177403 2.936146
0.05926486 1.3115 2.9622
-0.1231991 0.6621047 2.966866
-0.1244252 0.7438396 2.921842
0.2548969 0.6527118 3.001476
0.2606612 0.7399135 2.982816
103
0.05971808 0.8296934 2.970881
0.06042065 1.111069 2.966476
0.05843956 1.377363 2.951765
0.06325254 1.512916 2.938409
-0.0994174 1.276518 2.970142
-0.1452258 1.013425 3.006797
-0.1452588 0.7920958 3.001501
-0.1465549 0.7387658 2.986516
0.2268908 1.256281 2.945671
0.2737855 1.00586 2.990127
0.2878979 0.7817297 2.99753
0.2653951 0.736535 3.000111
-0.01156306 0.8313467 2.94137
-0.02745328 0.5574158 2.891755
-0.01987702 0.05478302 3.030923
-0.007409521 0.02950273 2.93894
0.1295557 0.8316867 2.930791
0.1596247 0.5231678 2.881641
0.1621285 0.04014975 3.032108
0.1430269 0.01017922 2.936216
0.05894082 1.311199 2.960411
-0.115077 0.6644881 2.962312
-0.1193882 0.743732 2.922977
0.2424749 0.6552066 2.982821
0.2429397 0.7005563 2.967024
104
0.05971808 0.8296934 2.970881
0.06042065 1.111069 2.966476
0.05843956 1.377363 2.951765
0.06325254 1.512916 2.938409
-0.0994174 1.276518 2.970142
-0.1452258 1.013425 3.006797
-0.1452588 0.7920958 3.001501
-0.1465549 0.7387658 2.986516
0.2268908 1.256281 2.945671
0.2737855 1.00586 2.990127
0.2878979 0.7817297 2.99753
0.2653951 0.736535 3.000111
-0.01156306 0.8313467 2.94137
-0.02745328 0.5574158 2.891755
-0.01987702 0.05478302 3.030923
-0.007409521 0.02950273 2.93894
0.1295557 0.8316867 2.930791
0.1596247 0.5231678 2.881641
0.1621285 0.04014975 3.032108
0.1430269 0.01017922 2.936216
0.05894082 1.311199 2.960411
-0.115077 0.6644881 2.962312
-0.1193882 0.743732 2.922977
0.2424749 0.6552066 2.982821
0.2429397 0.7005563 2.967024
105
0.05861323 0.8290779 2.972651
0.06018139 1.110641 2.966526
0.05832237 1.377065 2.949618
0.0627792 1.512202 2.935756
-0.09927003 1.276431 2.969498
-0.1446747 1.013397 3.00894
-0.1402745 0.7939104 3.000187
-0.1391943 0.7401083 2.984561
0.22645 1.256624 2.945102
0.2725854 1.005927 2.991356
0.2819214 0.7838586 2.994215
0.2579908 0.7377552 2.993731
-0.01289264 0.8310148 2.943304
-0.0274141 0.560652 2.889615
-0.02012122 0.05779402 3.031067
-0.00794133 0.03241298 2.940211
0.1286252 0.8307966 2.932387
0.1593324 0.5225856 2.882569
0.1623005 0.03917126 3.032051
0.1427666 0.009316521 2.935891
0.05869403 1.310861 2.958761
-0.1098881 0.6661523 2.953312
-0.115371 0.7468479 2.925032
0.2357996 0.6561626 2.96946
0.2378774 0.6817589 2.957877
106
0.05861323 0.8290779 2.972651
0.06018139 1.110641 2.966526
0.05832237 1.377065 2.949618
0.0627792 1.512202 2.935756
-0.09927003 1.276431 2.969498
-0.1446747 1.013397 3.00894
-0.1402745 0.7939104 3.000187
-0.1391943 0.7401083 2.984561
0.22645 1.256624 2.945102
0.2725854 1.005927 2.991356
0.2819214 0.7838586 2.994215
0.2579908 0.7377552 2.993731
-0.01289264 0.8310148 2.943304
-0.0274141 0.560652 2.889615
-0.02012122 0.05779402 3.031067
-0.00794133 0.03241298 2.940211
0.1286252 0.8307966 2.932387
0.1593324 0.5225856 2.882569
0.1623005 0.03917126 3.032051
0.1427666 0.009316521 2.935891
0.05869403 1.310861 2.958761
-0.1098881 0.6661523 2.953312
-0.115371 0.7468479 2.925032
0.2357996 0.6561626 2.96946
0.2378774 0.6817589 2.957877
107
0.05798377 0.828568 2.974627
0.05999383 1.110225 2.966607
0.05826102 1.376816 2.947984
0.06240273 1.511644 2.933761
-0.09916712 1.276353 2.968953
-0.1364987 1.044069 3.02
-0.1342591 0.8128216 2.996548
-0.1311837 0.7527098 2.982621
0.2260411 1.256936 2.944566
0.2710013 1.005772 2.99236
0.2682813 0.7840339 2.990621
0.2525011 0.736978 2.988417
-0.01364422 0.8307558 2.945293
-0.02741081 0.5628904 2.888167
-0.02019317 0.05986091 3.031267
-0.009724758 0.03445914 2.941446
0.1281007 0.8300506 2.93428
0.1589091 0.5220302 2.883625
0.1623688 0.03848982 3.0321
0.1434749 0.008633192 2.935306
0.05852746 1.310574 2.957436
-0.1089365 0.6803873 2.948385
-0.1013161 0.7821752 2.925992
0.2326439 0.6550572 2.965048
0.2345456 0.6765757 2.955052
108
0.05798377 0.828568 2.974627
0.05999383 1.110225 2.966607
0.05826102 1.376816 2.947984
0.06240273 1.511644 2.933761
-0.09916712 1.276353 2.968953
-0.1364987 1.044069 3.02
-0.1342591 0.8128216 2.996548
-0.1311837 0.7527098 2.982621
0.2260411 1.256936 2.944566
0.2710013 1.005772 2.99236
0.2682813 0.7840339 2.990621
0.2525011 0.736978 2.988417
-0.01364422 0.8307558 2.945293
-0.02741081 0.5628904 2.888167
-0.02019317 0.05986091 3.031267
-0.009724758 0.03445914 2.941446
0.1281007 0.8300506 2.93428
0.1589091 0.5220302 2.883625
0.1623688 0.03848982 3.0321
0.1434749 0.008633192 2.935306
0.05852746 1.310574 2.957436
-0.1089365 0.6803873 2.948385
-0.1013161 0.7821752 2.925992
0.2326439 0.6550572 2.965048
0.2345456 0.6765757 2.955052
109
0.05742923 0.8282118 2.97632
0.05981716 1.109828 2.966688
0.05825397 1.376576 2.946686
0.06208832 1.511183 2.932235
-0.09907967 1.276293 2.968486
-0.1346871 1.04285 3.022353
-0.1315867 0.8124233 2.994379
-0.1266141 0.7537401 2.979843
0.2256735 1.257204 2.944076
0.2694564 1.005705 2.993
0.2636928 0.7839596 2.981308
0.2481757 0.7367789 2.982604
-0.01430322 0.8306248 2.947
-0.02708591 0.5651284 2.887634
-0.020154 0.0619631 3.031173
-0.01077578 0.03677913 2.942439
0.1276448 0.829494 2.93589
0.1618479 0.4903014 2.907247
0.1610601 0.03367261 3.032143
0.1448911 0.006817385 2.933856
0.05842182 1.310307 2.956342
-0.1075282 0.6813282 2.946191
-0.101281 0.7546344 2.913415
0.2309818 0.6542274 2.961074
0.233916 0.6614375 2.950785
110
0.05742923 0.8282118 2.97632
0.05981716 1.109828 2.966688
0.05825397 1.376576 2.946686
0.06208832 1.511183 2.932235
-0.09907967 1.276293 2.968486
-0.1346871 1.04285 3.022353
-0.1315867 0.8124233 2.994379
-0.1266141 0.7537401 2.979843
0.2256735 1.257204 2.944076
0.2694564 1.005705 2.993
0.2636928 0.7839596 2.981308
0.2481757 0.7367789 2.982604
-0.01430322 0.8306248 2.947
-0.02708591 0.5651284 2.887634
-0.020154 0.0619631 3.031173
-0.01077578 0.03677913 2.942439
0.1276448 0.829494 2.93589
0.1618479 0.4903014 2.907247
0.1610601 0.03367261 3.032143
0.1448911 0.006817385 2.933856
0.05842182 1.310307 2.956342
-0.1075282 0.6813282 2.946191
-0.101281 0.7546344 2.913415
0.2309818 0.6542274 2.961074
0.233916 0.6614375 2.950785
111
0.05700587 0.8279616 2.977634
0.05963494 1.109442 2.966761
0.05823098 1.376357 2.94566
0.06175329 1.510768 2.930981
-0.09905837 1.276232 2.968121
-0.1336387 1.038067 3.023043
-0.1301379 0.8094377 2.992346
-0.1236864 0.7540441 2.977272
0.2253201 1.257439 2.943619
0.2678238 1.005395 2.993257
0.2606547 0.7837903 2.979337
0.2454465 0.7347249 2.978279
-0.01481001 0.830537 2.948326
-0.02694482 0.5669049 2.887431
-0.02017766 0.06572468 3.030341
-0.004996605 0.04121575 2.94367
0.1272958 0.8290936 2.937143
0.1549299 0.5078855 2.901165
0.1616224 0.03528591 3.031091
0.1473528 0.008390197 2.933995
0.0583196 1.310063 2.95543
-0.1084535 0.6793559 2.942622
-0.1003731 0.7520258 2.911777
0.2318929 0.6517206 2.962605
0.2328898 0.651485 2.953228
112
0.05700587 0.8279616 2.977634
0.05963494 1.109442 2.966761
0.05823098 1.376357 2.94566
0.06175329 1.510768 2.930981
-0.09905837 1.276232 2.968121
-0.1336387 1.038067 3.023043
-0.1301379 0.8094377 2.992346
-0.1236864 0.7540441 2.977272
0.2253201 1.257439 2.943619
0.2678238 1.005395 2.993257
0.2606547 0.7837903 2.979337
0.2454465 0.7347249 2.978279
-0.01481001 0.830537 2.948326
-0.02694482 0.5669049 2.887431
-0.02017766 0.06572468 3.030341
-0.004996605 0.04121575 2.94367
0.1272958 0.8290936 2.937143
0.1549299 0.5078855 2.901165
0.1616224 0.03528591 3.031091
0.1473528 0.008390197 2.933995
0.0583196 1.310063 2.95543
-0.1084535 0.6793559 2.942622
-0.1003731 0.7520258 2.911777
0.2318929 0.6517206 2.962605
0.2328898 0.651485 2.953228
113
0.05669115 0.8277952 2.978642
0.05946957 1.109086 2.966824
0.05821833 1.37614 2.944839
0.06143619 1.510395 2.929991
-0.09906384 1.276175 2.967845
-0.1331874 1.032508 3.022768
-0.1297016 0.8055173 2.990634
-0.1218182 0.7535412 2.974339
0.2249714 1.257657 2.943189
0.2663513 1.005105 2.993202
0.2585113 0.7831204 2.976288
0.2438273 0.7332076 2.974835
-0.0151871 0.8304918 2.949338
-0.02894428 0.5684601 2.889181
-0.01988125 0.06672817 3.02978
-0.003530338 0.0429892 2.944012
0.1270476 0.8288317 2.93809
0.1508486 0.5183984 2.897176
0.161352 0.03414908 3.027056
0.1491485 0.008767136 2.933408
0.05824208 1.309826 2.954668
-0.1109972 0.6730559 2.937757
-0.1006991 0.7458733 2.909479
0.2322354 0.6502752 2.960547
0.243397 0.6725147 2.95318
114
0.05669115 0.8277952 2.978642
0.05946957 1.109086 2.966824
0.05821833 1.37614 2.944839
0.06143619 1.510395 2.929991
-0.09906384 1.276175 2.967845
-0.1331874 1.032508 3.022768
-0.1297016 0.8055173 2.990634
-0.1218182 0.7535412 2.974339
0.2249714 1.257657 2.943189
0.2663513 1.005105 2.993202
0.2585113 0.7831204 2.976288
0.2438273 0.7332076 2.974835
-0.0151871 0.8304918 2.949338
-0.02894428 0.5684601 2.889181
-0.01988125 0.06672817 3.02978
-0.003530338 0.0429892 2.944012
0.1270476 0.8288317 2.93809
0.1508486 0.5183984 2.897176
0.161352 0.03414908 3.027056
0.1491485 0.008767136 2.933408
0.05824208 1.309826 2.954668
-0.1109972 0.6730559 2.937757
-0.1006991 0.7458733 2.909479
0.2322354 0.6502752 2.960547
0.243397 0.6725147 2.95318
115
0.05646015 0.8276787 2.979383
0.05931348 1.108759 2.966871
0.05820124 1.375954 2.944195
0.0611666 1.510095 2.92923
-0.09911107 1.276106 2.967673
-0.1331498 1.026031 3.021761
-0.1300139 0.8003326 2.98927
-0.1205675 0.7516634 2.971052
0.2246282 1.257826 2.94279
0.2651175 1.004796 2.993015
0.2572195 0.7826326 2.973794
0.2429043 0.731642 2.971159
-0.01546348 0.830451 2.950085
-0.03021982 0.5693825 2.890022
-0.01970416 0.06731116 3.02909
-0.002941133 0.04411411 2.944075
0.1268701 0.8286619 2.938754
0.1493148 0.5222661 2.895914
0.1615436 0.03474815 3.026392
0.146271 0.009795216 2.93459
0.05817251 1.309619 2.954039
-0.1124164 0.6681747 2.934788
-0.1003916 0.7443755 2.908751
0.2333727 0.6488912 2.959671
0.2550871 0.7253625 2.952363
116
0.05646015 0.8276787 2.979383
0.05931348 1.108759 2.966871
0.05820124 1.375954 2.944195
0.0611666 1.510095 2.92923
-0.09911107 1.276106 2.967673
-0.1331498 1.026031 3.021761
-0.1300139 0.8003326 2.98927
-0.1205675 0.7516634 2.971052
0.2246282 1.257826 2.94279
0.2651175 1.004796 2.993015
0.2572195 0.7826326 2.973794
0.2429043 0.731642 2.971159
-0.01546348 0.830451 2.950085
-0.03021982 0.5693825 2.890022
-0.01970416 0.06731116 3.02909
-0.002941133 0.04411411 2.944075
0.1268701 0.8286619 2.938754
0.1493148 0.5222661 2.895914
0.1615436 0.03474815 3.026392
0.146271 0.009795216 2.93459
0.05817251 1.309619 2.954039
-0.1124164 0.6681747 2.934788
-0.1003916 0.7443755 2.908751
0.2333727 0.6488912 2.959671
0.2550871 0.7253625 2.952363
117
0.05658045 0.8274832 2.980209
0.05918456 1.108439 2.966932
0.05814866 1.375801 2.943696
0.06085384 1.509824 2.928594
-0.09927928 1.275979 2.967583
-0.1333458 1.021179 3.020724
-0.1310115 0.7960748 2.988159
-0.1198636 0.7499378 2.968189
0.2242997 1.257957 2.942425
0.2639606 1.004361 2.992649
0.2623191 0.7808824 2.969163
0.2427789 0.731479 2.96811
-0.0152386 0.8302457 2.95104
-0.03172299 0.563554 2.89482
-0.01891546 0.06267929 3.027729
-0.002016255 0.04051059 2.942556
0.1269208 0.8284875 2.939417
0.1451733 0.5533941 2.871596
0.1626117 0.04957823 3.01498
0.141681 0.0265267 2.936529
0.05810083 1.309444 2.953538
-0.1134965 0.6646236 2.932873
-0.1003037 0.7436082 2.90821
0.238365 0.6472142 2.959031
0.2610742 0.7162513 2.95028
118
0.05658045 0.8274832 2.980209
0.05918456 1.108439 2.966932
0.05814866 1.375801 2.943696
0.06085384 1.509824 2.928594
-0.09927928 1.275979 2.967583
-0.1333458 1.021179 3.020724
-0.1310115 0.7960748 2.988159
-0.1198636 0.7499378 2.968189
0.2242997 1.257957 2.942425
0.2639606 1.004361 2.992649
0.2623191 0.7808824 2.969163
0.2427789 0.731479 2.96811
-0.0152386 0.8302457 2.95104
-0.03172299 0.563554 2.89482
-0.01891546 0.06267929 3.027729
-0.002016255 0.04051059 2.942556
0.1269208 0.8284875 2.939417
0.1451733 0.5533941 2.871596
0.1626117 0.04957823 3.01498
0.141681 0.0265267 2.936529
0.05810083 1.309444 2.953538
-0.1134965 0.6646236 2.932873
-0.1003037 0.7436082 2.90821
0.238365 0.6472142 2.959031
0.2610742 0.7162513 2.95028
119
0.05679198 0.827309 2.980909
0.05908385 1.108125 2.966993
0.05809841 1.375657 2.943294
0.0605493 1.509577 2.928078
-0.09954569 1.275816 2.967578
-0.1339386 0.9880307 3.012941
-0.1351073 0.7632122 2.985178
-0.1193277 0.7353933 2.960672
0.2239862 1.258051 2.942077
0.2629657 1.004005 2.99219
0.2655483 0.779735 2.965927
0.2429964 0.7298318 2.964439
-0.01489377 0.830026 2.951867
-0.03265576 0.5597469 2.898436
-0.01842652 0.05884728 3.026608
-0.001426496 0.0374848 2.941236
0.1270414 0.828359 2.93997
0.1436869 0.556897 2.869
0.162725 0.0517012 3.015091
0.1390223 0.0284296 2.937705
0.05804285 1.30928 2.953123
-0.1130445 0.649456 2.931437
-0.1008041 0.7093817 2.907234
0.239897 0.6465183 2.956484
0.2587045 0.6885877 2.944939
120
0.05679198 0.827309 2.980909
0.05908385 1.108125 2.966993
0.05809841 1.375657 2.943294
0.0605493 1.509577 2.928078
-0.09954569 1.275816 2.967578
-0.1339386 0.9880307 3.012941
-0.1351073 0.7632122 2.985178
-0.1193277 0.7353933 2.960672
0.2239862 1.258051 2.942077
0.2629657 1.004005 2.99219
0.2655483 0.779735 2.965927
0.2429964 0.7298318 2.964439
-0.01489377 0.830026 2.951867
-0.03265576 0.5597469 2.898436
-0.01842652 0.05884728 3.026608
-0.001426496 0.0374848 2.941236
0.1270414 0.828359 2.93997
0.1436869 0.556897 2.869
0.162725 0.0517012 3.015091
0.1390223 0.0284296 2.937705
0.05804285 1.30928 2.953123
-0.1130445 0.649456 2.931437
-0.1008041 0.7093817 2.907234
0.239897 0.6465183 2.956484
0.2587045 0.6885877 2.944939
121
0.05742706 0.8269571 2.981807
0.05903563 1.107749 2.967099
0.05805069 1.375531 2.942981
0.06024463 1.509355 2.927663
-0.1000284 1.27552 2.967738
-0.1343575 0.9836833 3.011241
-0.1359681 0.7588636 2.984416
-0.1191649 0.7327642 2.95843
0.2236472 1.258113 2.941741
0.2620531 1.003846 2.991491
0.2679554 0.7791929 2.963774
0.2432336 0.7284567 2.961747
-0.01404753 0.8294969 2.952949
-0.03547221 0.5468098 2.903612
-0.01772294 0.04974183 3.027474
-0.001106424 0.02833868 2.9392
0.1275063 0.8281679 2.940666
0.1440381 0.5644414 2.863511
0.1627503 0.05813944 3.012947
0.1466056 0.03629964 2.940974
0.05799594 1.309132 2.952791
-0.1132271 0.6463444 2.930362
-0.1026309 0.7110351 2.907528
0.2414516 0.6460513 2.953186
0.2597477 0.6836711 2.942863
122
0.05742706 0.8269571 2.981807
0.05903563 1.107749 2.967099
0.05805069 1.375531 2.942981
0.06024463 1.509355 2.927663
-0.1000284 1.27552 2.967738
-0.1343575 0.9836833 3.011241
-0.1359681 0.7588636 2.984416
-0.1191649 0.7327642 2.95843
0.2236472 1.258113 2.941741
0.2620531 1.003846 2.991491
0.2679554 0.7791929 2.963774
0.2432336 0.7284567 2.961747
-0.01404753 0.8294969 2.952949
-0.03547221 0.5468098 2.903612
-0.01772294 0.04974183 3.027474
-0.001106424 0.02833868 2.9392
0.1275063 0.8281679 2.940666
0.1440381 0.5644414 2.863511
0.1627503 0.05813944 3.012947
0.1466056 0.03629964 2.940974
0.05799594 1.309132 2.952791
-0.1132271 0.6463444 2.930362
-0.1026309 0.7110351 2.907528
0.2414516 0.6460513 2.953186
0.2597477 0.6836711 2.942863
123
0.06220939 0.8255664 2.98612
0.05928783 1.107161 2.967528
0.05800636 1.375423 2.942736
0.05988199 1.509151 2.927322
-0.1006136 1.27519 2.968043
-0.140907 1.022702 3.015729
-0.1372034 0.7979278 2.9863
-0.120678 0.7496295 2.961117
0.2233149 1.258136 2.941432
0.2612899 1.003755 2.990715
0.2685992 0.7788385 2.962244
0.2435739 0.7274149 2.958281
-0.0084998 0.8273782 2.958101
-0.0371928 0.5400369 2.906491
-0.01762395 0.04728605 3.027159
-0.0005590616 0.02633082 2.938821
0.131469 0.8274832 2.944124
0.1517598 0.5359177 2.882228
0.162231 0.04419229 3.023873
0.1578279 0.01927016 2.937681
0.05796105 1.309006 2.952531
-0.1133127 0.6781081 2.931449
-0.09751396 0.7678068 2.917492
0.2423143 0.6459908 2.949463
0.2586379 0.679993 2.940381
124
0.06220939 0.8255664 2.98612
0.05928783 1.107161 2.967528
0.05800636 1.375423 2.942736
0.05988199 1.509151 2.927322
-0.1006136 1.27519 2.968043
-0.140907 1.022702 3.015729
-0.1372034 0.7979278 2.9863
-0.120678 0.7496295 2.961117
0.2233149 1.258136 2.941432
0.2612899 1.003755 2.990715
0.2685992 0.7788385 2.962244
0.2435739 0.7274149 2.958281
-0.0084998 0.8273782 2.958101
-0.0371928 0.5400369 2.906491
-0.01762395 0.04728605 3.027159
-0.0005590616 0.02633082 2.938821
0.131469 0.8274832 2.944124
0.1517598 0.5359177 2.882228
0.162231 0.04419229 3.023873
0.1578279 0.01927016 2.937681
0.05796105 1.309006 2.952531
-0.1133127 0.6781081 2.931449
-0.09751396 0.7678068 2.917492
0.2423143 0.6459908 2.949463
0.2586379 0.679993 2.940381
