134
1
0.1879531 0.5723081 3.136405
0.1823069 0.9065629 3.155978
0.17605 1.233996 3.161691
0.1719691 1.371201 3.153839
0.001704986 1.114354 3.171957
-0.03099031 0.8565666 3.157111
-0.02688426 0.6099018 3.066588
-0.006452964 0.5554714 3.04807
0.3507171 1.110935 3.136235
0.395077 0.8491024 3.139462
0.3984817 0.613031 3.075706
0.3794807 0.5433106 3.058927
0.1057101 0.5757339 3.106193
0.09485292 0.1756804 3.132118
0.0701801 -0.2406254 3.155813
0.02774092 -0.2436727 3.058084
0.2655247 0.579527 3.088695
0.30044 0.1837376 3.112597
0.3166975 -0.2306004 3.124351
0.3285827 -0.2325654 3.038639
0.1777086 1.153056 3.162715
-0.006682842 0.4755873 3.040689
-0.04823534 0.5356641 3.044921
0.373603 0.4519174 3.055126
0.3512133 0.5455061 3.029422
2
0.1879531 0.5723081 3.136405
0.1823069 0.9065629 3.155978
0.17605 1.233996 3.161691
0.1719691 1.371201 3.153839
0.001704986 1.114354 3.171957
-0.03099031 0.8565666 3.157111
-0.02688426 0.6099018 3.066588
-0.006452964 0.5554714 3.04807
0.3507171 1.110935 3.136235
0.395077 0.8491024 3.139462
0.3984817 0.613031 3.075706
0.3794807 0.5433106 3.058927
0.1057101 0.5757339 3.106193
0.09485292 0.1756804 3.132118
0.0701801 -0.2406254 3.155813
0.02774092 -0.2436727 3.058084
0.2655247 0.579527 3.088695
0.30044 0.1837376 3.112597
0.3166975 -0.2306004 3.124351
0.3285827 -0.2325654 3.038639
0.1777086 1.153056 3.162715
-0.006682842 0.4755873 3.040689
-0.04823534 0.5356641 3.044921
0.373603 0.4519174 3.055126
0.3512133 0.5455061 3.029422
3
0.1879778 0.5723165 3.136421
0.1823491 0.9065863 3.156085
0.1761019 1.234034 3.162034
0.171979 1.371231 3.154192
0.001739589 1.114289 3.172437
-0.03079589 0.8567508 3.157576
-0.02680659 0.6099489 3.066759
-0.006191695 0.5554033 3.048605
0.3507591 1.110942 3.136426
0.3951162 0.8492944 3.139736
0.3985018 0.6130336 3.0758
0.3794878 0.542883 3.058935
0.1057345 0.575738 3.10621
0.09488821 0.1756167 3.132181
0.07022282 -0.2406822 3.155762
0.02774558 -0.2436969 3.05811
0.265559 0.5795419 3.088725
0.3004897 0.1837281 3.1126
0.3166983 -0.2305933 3.124343
0.3285775 -0.232558 3.038633
0.1777648 1.153094 3.162992
-0.006227357 0.4759093 3.041541
-0.04798808 0.5323651 3.046447
0.3730873 0.4515043 3.054608
0.3506309 0.5464111 3.028931
4
0.1879778 0.5723165 3.136421
0.1823491 0.9065863 3.156085
0.1761019 1.234034 3.162034
0.171979 1.371231 3.154192
0.001739589 1.114289 3.172437
-0.03079589 0.8567508 3.157576
-0.02680659 0.6099489 3.066759
-0.006191695 0.5554033 3.048605
0.3507591 1.110942 3.136426
0.3951162 0.8492944 3.139736
0.3985018 0.6130336 3.0758
0.3794878 0.542883 3.058935
0.1057345 0.575738 3.10621
0.09488821 0.1756167 3.132181
0.07022282 -0.2406822 3.155762
0.02774558 -0.2436969 3.05811
0.265559 0.5795419 3.088725
0.3004897 0.1837281 3.1126
0.3166983 -0.2305933 3.124343
0.3285775 -0.232558 3.038633
0.1777648 1.153094 3.162992
-0.006227357 0.4759093 3.041541
-0.04798808 0.5323651 3.046447
0.3730873 0.4515043 3.054608
0.3506309 0.5464111 3.028931
5
0.1880072 0.5723303 3.136446
0.1823956 0.9066157 3.156208
0.1761548 1.234072 3.162374
0.1719768 1.371258 3.154573
0.001768262 1.114217 3.172964
-0.03058882 0.8569542 3.158066
-0.02671727 0.6099731 3.066971
-0.00598206 0.5552356 3.04902
0.3507926 1.110954 3.136613
0.3951584 0.8494782 3.139988
0.3985233 0.6130351 3.075896
0.3795148 0.5424809 3.05897
0.1057643 0.5757447 3.106237
0.09492838 0.1755064 3.132267
0.07024879 -0.2407076 3.155714
0.02782661 -0.2436869 3.058176
0.2655963 0.5795664 3.088766
0.3005441 0.1837236 3.112601
0.3166995 -0.2306093 3.124337
0.3285969 -0.2325752 3.038553
0.1778225 1.153134 3.163275
-0.006120225 0.4759435 3.041351
-0.04755199 0.5285215 3.04748
0.3725121 0.4509213 3.053854
0.3484576 0.5464392 3.026411
6
0.1880072 0.5723303 3.136446
0.1823956 0.9066157 3.156208
0.1761548 1.234072 3.162374
0.1719768 1.371258 3.154573
0.001768262 1.114217 3.172964
-0.03058882 0.8569542 3.158066
-0.02671727 0.6099731 3.066971
-0.00598206 0.5552356 3.04902
0.3507926 1.110954 3.136613
0.3951584 0.8494782 3.139988
0.3985233 0.6130351 3.075896
0.3795148 0.5424809 3.05897
0.1057643 0.5757447 3.106237
0.09492838 0.1755064 3.132267
0.07024879 -0.2407076 3.155714
0.02782661 -0.2436869 3.058176
0.2655963 0.5795664 3.088766
0.3005441 0.1837236 3.112601
0.3166995 -0.2306093 3.124337
0.3285969 -0.2325752 3.038553
0.1778225 1.153134 3.163275
-0.006120225 0.4759435 3.041351
-0.04755199 0.5285215 3.04748
0.3725121 0.4509213 3.053854
0.3484576 0.5464392 3.026411
7
0.1880377 0.5723443 3.136473
0.182444 0.906643 3.156347
0.1762082 1.2341 3.162734
0.1719481 1.371273 3.155025
0.001787089 1.114123 3.173521
-0.0303808 0.8572752 3.158656
-0.02660961 0.610004 3.067249
-0.005774493 0.5552022 3.049496
0.3508214 1.110969 3.136786
0.3952113 0.8495783 3.140203
0.3985456 0.6130361 3.075988
0.379545 0.5422599 3.058951
0.1057986 0.5757509 3.106273
0.09497373 0.1753654 3.132377
0.07026629 -0.2407787 3.155676
0.02784112 -0.2437174 3.058198
0.265633 0.5795913 3.088808
0.3005989 0.1837207 3.112602
0.3166994 -0.2306405 3.124331
0.3286256 -0.2326086 3.03843
0.1778807 1.153166 3.163579
-0.006004472 0.4761226 3.041525
-0.04724805 0.5258226 3.047891
0.3719287 0.4507644 3.053324
0.3469068 0.5463324 3.024646
8
0.1880377 0.5723443 3.136473
0.182444 0.906643 3.156347
0.1762082 1.2341 3.162734
0.1719481 1.371273 3.155025
0.001787089 1.114123 3.173521
-0.0303808 0.8572752 3.158656
-0.02660961 0.610004 3.067249
-0.005774493 0.5552022 3.049496
0.3508214 1.110969 3.136786
0.3952113 0.8495783 3.140203
0.3985456 0.6130361 3.075988
0.379545 0.5422599 3.058951
0.1057986 0.5757509 3.106273
0.09497373 0.1753654 3.132377
0.07026629 -0.2407787 3.155676
0.02784112 -0.2437174 3.058198
0.265633 0.5795913 3.088808
0.3005989 0.1837207 3.112602
0.3166994 -0.2306405 3.124331
0.3286256 -0.2326086 3.03843
0.1778807 1.153166 3.163579
-0.006004472 0.4761226 3.041525
-0.04724805 0.5258226 3.047891
0.3719287 0.4507644 3.053324
0.3469068 0.5463324 3.024646
9
0.1880689 0.5723594 3.136503
0.1824924 0.9066712 3.156494
0.1762579 1.234124 3.163103
0.1719201 1.371288 3.155473
0.001795297 1.114058 3.174135
-0.03015803 0.8576765 3.15934
-0.02649623 0.6100096 3.067532
-0.005541137 0.5551246 3.050053
0.3508449 1.110986 3.13695
0.395271 0.8496509 3.140411
0.39857 0.6130361 3.076079
0.3795688 0.5419937 3.058955
0.105834 0.575758 3.106314
0.09503201 0.175195 3.13251
0.07027496 -0.2408407 3.155622
0.0278567 -0.2437272 3.058223
0.2656693 0.5796171 3.088849
0.3006759 0.1837328 3.112593
0.3166973 -0.2306727 3.124329
0.3286604 -0.2326466 3.038298
0.1779358 1.153195 3.163893
-0.006024536 0.4766839 3.041666
-0.04695487 0.519652 3.050971
0.3715495 0.4505695 3.052748
0.3445429 0.5415977 3.022295
10
0.1880689 0.5723594 3.136503
0.1824924 0.9066712 3.156494
0.1762579 1.234124 3.163103
0.1719201 1.371288 3.155473
0.001795297 1.114058 3.174135
-0.03015803 0.8576765 3.15934
-0.02649623 0.6100096 3.067532
-0.005541137 0.5551246 3.050053
0.3508449 1.110986 3.13695
0.395271 0.8496509 3.140411
0.39857 0.6130361 3.076079
0.3795688 0.5419937 3.058955
0.105834 0.575758 3.106314
0.09503201 0.175195 3.13251
0.07027496 -0.2408407 3.155622
0.0278567 -0.2437272 3.058223
0.2656693 0.5796171 3.088849
0.3006759 0.1837328 3.112593
0.3166973 -0.2306727 3.124329
0.3286604 -0.2326466 3.038298
0.1779358 1.153195 3.163893
-0.006024536 0.4766839 3.041666
-0.04695487 0.519652 3.050971
0.3715495 0.4505695 3.052748
0.3445429 0.5415977 3.022295
11
0.1881008 0.5723752 3.136534
0.1825407 0.9067002 3.156647
0.1763046 1.234146 3.163471
0.1718875 1.371303 3.155941
0.00179878 1.114021 3.174773
-0.02995441 0.8580053 3.15998
-0.02636784 0.6100183 3.067854
-0.005332572 0.555078 3.050563
0.3508632 1.111004 3.137105
0.3953321 0.8497118 3.140607
0.3985967 0.6130387 3.076173
0.3795846 0.541792 3.058914
0.1058701 0.5757663 3.106359
0.09512269 0.1749988 3.13267
0.07027523 -0.240899 3.155596
0.02787068 -0.2437322 3.058245
0.2657054 0.579643 3.08889
0.300764 0.1837573 3.112581
0.3166879 -0.2306118 3.124326
0.3286507 -0.2325935 3.038201
0.1779881 1.153223 3.164208
-0.005919833 0.4767619 3.04176
-0.04681202 0.5247137 3.052449
0.3713548 0.4504332 3.052548
0.343363 0.5400782 3.020864
12
0.1881008 0.5723752 3.136534
0.1825407 0.9067002 3.156647
0.1763046 1.234146 3.163471
0.1718875 1.371303 3.155941
0.00179878 1.114021 3.174773
-0.02995441 0.8580053 3.15998
-0.02636784 0.6100183 3.067854
-0.005332572 0.555078 3.050563
0.3508632 1.111004 3.137105
0.3953321 0.8497118 3.140607
0.3985967 0.6130387 3.076173
0.3795846 0.541792 3.058914
0.1058701 0.5757663 3.106359
0.09512269 0.1749988 3.13267
0.07027523 -0.240899 3.155596
0.02787068 -0.2437322 3.058245
0.2657054 0.579643 3.08889
0.300764 0.1837573 3.112581
0.3166879 -0.2306118 3.124326
0.3286507 -0.2325935 3.038201
0.1779881 1.153223 3.164208
-0.005919833 0.4767619 3.04176
-0.04681202 0.5247137 3.052449
0.3713548 0.4504332 3.052548
0.343363 0.5400782 3.020864
13
0.1881324 0.5723899 3.136566
0.1825874 0.9067265 3.156805
0.1763472 1.234164 3.16383
0.1718403 1.371312 3.156402
0.001811728 1.113982 3.175347
-0.02977248 0.8581859 3.160493
-0.02623098 0.610018 3.06818
-0.005156789 0.5549195 3.050872
0.3508786 1.111017 3.137244
0.3954253 0.8498971 3.140803
0.3986242 0.6130388 3.076263
0.3796379 0.5428372 3.058614
0.1059069 0.5757723 3.106407
0.09520916 0.1748136 3.132819
0.07028313 -0.2409505 3.155576
0.02788968 -0.2437349 3.058274
0.26574 0.5796679 3.08893
0.3008637 0.1838711 3.112559
0.3166715 -0.2304901 3.124324
0.328561 -0.2324808 3.038239
0.1780365 1.153247 3.16452
-0.005512439 0.4766238 3.041748
-0.04642842 0.5218914 3.053184
0.378446 0.4553637 3.049695
0.3423299 0.5407312 3.019689
14
0.1881324 0.5723899 3.136566
0.1825874 0.9067265 3.156805
0.1763472 1.234164 3.16383
0.1718403 1.371312 3.156402
0.001811728 1.113982 3.175347
-0.02977248 0.8581859 3.160493
-0.02623098 0.610018 3.06818
-0.005156789 0.5549195 3.050872
0.3508786 1.111017 3.137244
0.3954253 0.8498971 3.140803
0.3986242 0.6130388 3.076263
0.3796379 0.5428372 3.058614
0.1059069 0.5757723 3.106407
0.09520916 0.1748136 3.132819
0.07028313 -0.2409505 3.155576
0.02788968 -0.2437349 3.058274
0.26574 0.5796679 3.08893
0.3008637 0.1838711 3.112559
0.3166715 -0.2304901 3.124324
0.328561 -0.2324808 3.038239
0.1780365 1.153247 3.16452
-0.005512439 0.4766238 3.041748
-0.04642842 0.5218914 3.053184
0.378446 0.4553637 3.049695
0.3423299 0.5407312 3.019689
15
0.1881642 0.5724047 3.136601
0.1826303 0.9067497 3.156966
0.1763773 1.234171 3.164181
0.1717813 1.371314 3.156883
0.001784257 1.11388 3.176008
-0.02962402 0.8584036 3.161077
-0.02608966 0.6100294 3.068541
-0.004985701 0.5548336 3.051204
0.3508881 1.111028 3.137376
0.3955197 0.8501379 3.140998
0.3986534 0.6130387 3.076349
0.3801043 0.5453039 3.05871
0.1059466 0.5757793 3.106466
0.09528551 0.1746749 3.132942
0.07029943 -0.2409865 3.155563
0.02792611 -0.2437309 3.05833
0.265773 0.5796918 3.088968
0.3009611 0.1839921 3.112538
0.3166574 -0.2304257 3.124322
0.3285185 -0.2324242 3.038245
0.1780742 1.153262 3.164828
-0.005449992 0.4768356 3.041849
-0.0467034 0.5278481 3.05336
0.3828064 0.4583158 3.049024
0.3418273 0.5404906 3.019129
16
0.1881642 0.5724047 3.136601
0.1826303 0.9067497 3.156966
0.1763773 1.234171 3.164181
0.1717813 1.371314 3.156883
0.001784257 1.11388 3.176008
-0.02962402 0.8584036 3.161077
-0.02608966 0.6100294 3.068541
-0.004985701 0.5548336 3.051204
0.3508881 1.111028 3.137376
0.3955197 0.8501379 3.140998
0.3986534 0.6130387 3.076349
0.3801043 0.5453039 3.05871
0.1059466 0.5757793 3.106466
0.09528551 0.1746749 3.132942
0.07029943 -0.2409865 3.155563
0.02792611 -0.2437309 3.05833
0.265773 0.5796918 3.088968
0.3009611 0.1839921 3.112538
0.3166574 -0.2304257 3.124322
0.3285185 -0.2324242 3.038245
0.1780742 1.153262 3.164828
-0.005449992 0.4768356 3.041849
-0.0467034 0.5278481 3.05336
0.3828064 0.4583158 3.049024
0.3418273 0.5404906 3.019129
17
0.1881944 0.572419 3.136642
0.1826669 0.906772 3.157147
0.1763941 1.234177 3.16455
0.1717161 1.371319 3.157347
0.001754804 1.113786 3.176598
-0.0295008 0.8585888 3.161594
-0.02594338 0.6100489 3.068944
-0.004831134 0.5547904 3.051598
0.350893 1.111036 3.1375
0.3955942 0.8503047 3.141159
0.3986875 0.6130412 3.076427
0.380561 0.5483247 3.058441
0.1059849 0.5757868 3.106534
0.09535839 0.1745476 3.133055
0.07031331 -0.2410177 3.155561
0.02797256 -0.2437283 3.058393
0.2658032 0.5797135 3.089008
0.3010405 0.18407 3.112519
0.3166456 -0.2303414 3.124322
0.3284633 -0.2323472 3.038276
0.1780998 1.153275 3.165155
-0.004763818 0.4764088 3.043208
-0.04671383 0.5288519 3.053626
0.3862007 0.4603166 3.049737
0.3413105 0.5411847 3.018673
18
0.1881944 0.572419 3.136642
0.1826669 0.906772 3.157147
0.1763941 1.234177 3.16455
0.1717161 1.371319 3.157347
0.001754804 1.113786 3.176598
-0.0295008 0.8585888 3.161594
-0.02594338 0.6100489 3.068944
-0.004831134 0.5547904 3.051598
0.350893 1.111036 3.1375
0.3955942 0.8503047 3.141159
0.3986875 0.6130412 3.076427
0.380561 0.5483247 3.058441
0.1059849 0.5757868 3.106534
0.09535839 0.1745476 3.133055
0.07031331 -0.2410177 3.155561
0.02797256 -0.2437283 3.058393
0.2658032 0.5797135 3.089008
0.3010405 0.18407 3.112519
0.3166456 -0.2303414 3.124322
0.3284633 -0.2323472 3.038276
0.1780998 1.153275 3.165155
-0.004763818 0.4764088 3.043208
-0.04671383 0.5288519 3.053626
0.3862007 0.4603166 3.049737
0.3413105 0.5411847 3.018673
19
0.1882264 0.5724351 3.136686
0.1827029 0.9067979 3.157337
0.1764057 1.23419 3.164927
0.1716475 1.371328 3.157805
0.001704761 1.11366 3.177168
-0.02941006 0.8587134 3.16205
-0.02580036 0.6100609 3.069323
-0.004740343 0.5547615 3.051798
0.3508886 1.111052 3.137623
0.3956573 0.8504134 3.141281
0.3988025 0.6129825 3.076445
0.3810101 0.5489824 3.058203
0.1060291 0.5757974 3.106614
0.0954305 0.1744292 3.133161
0.07034324 -0.2410253 3.155562
0.02808566 -0.2437063 3.058513
0.2658325 0.579736 3.089047
0.3011087 0.184131 3.112505
0.3166358 -0.2302814 3.124324
0.3284363 -0.232293 3.038289
0.178121 1.153294 3.16549
-0.004592446 0.4762934 3.043441
-0.04663436 0.5319316 3.052063
0.3879996 0.4615007 3.04972
0.3410157 0.5411959 3.018372
20
0.1882264 0.5724351 3.136686
0.1827029 0.9067979 3.157337
0.1764057 1.23419 3.164927
0.1716475 1.371328 3.157805
0.001704761 1.11366 3.177168
-0.02941006 0.8587134 3.16205
-0.02580036 0.6100609 3.069323
-0.004740343 0.5547615 3.051798
0.3508886 1.111052 3.137623
0.3956573 0.8504134 3.141281
0.3988025 0.6129825 3.076445
0.3810101 0.5489824 3.058203
0.1060291 0.5757974 3.106614
0.0954305 0.1744292 3.133161
0.07034324 -0.2410253 3.155562
0.02808566 -0.2437063 3.058513
0.2658325 0.579736 3.089047
0.3011087 0.184131 3.112505
0.3166358 -0.2302814 3.124324
0.3284363 -0.232293 3.038289
0.178121 1.153294 3.16549
-0.004592446 0.4762934 3.043441
-0.04663436 0.5319316 3.052063
0.3879996 0.4615007 3.04972
0.3410157 0.5411959 3.018372
21
0.1882645 0.5724565 3.136745
0.1827418 0.9068276 3.15755
0.1764181 1.234202 3.165303
0.1715359 1.371339 3.158378
0.001633871 1.113515 3.177738
-0.02929349 0.8584521 3.162465
-0.02566745 0.6100685 3.069675
-0.004659278 0.5547312 3.051973
0.3508738 1.111054 3.137757
0.3957979 0.8502101 3.14145
0.3997857 0.6119421 3.075547
0.3829383 0.5480461 3.056698
0.1060787 0.5758129 3.106703
0.09549624 0.174321 3.133258
0.07037435 -0.2410229 3.155558
0.02821265 -0.2436759 3.058645
0.2658671 0.5797639 3.08911
0.3011625 0.1841715 3.1125
0.316629 -0.2302214 3.124324
0.3284051 -0.232236 3.038315
0.1781429 1.153314 3.165832
-0.004571271 0.476425 3.043539
-0.04671117 0.5317924 3.051816
0.3902237 0.460608 3.048285
0.3408082 0.5412151 3.018177
22
0.1882645 0.5724565 3.136745
0.1827418 0.9068276 3.15755
0.1764181 1.234202 3.165303
0.1715359 1.371339 3.158378
0.001633871 1.113515 3.177738
-0.02929349 0.8584521 3.162465
-0.02566745 0.6100685 3.069675
-0.004659278 0.5547312 3.051973
0.3508738 1.111054 3.137757
0.3957979 0.8502101 3.14145
0.3997857 0.6119421 3.075547
0.3829383 0.5480461 3.056698
0.1060787 0.5758129 3.106703
0.09549624 0.174321 3.133258
0.07037435 -0.2410229 3.155558
0.02821265 -0.2436759 3.058645
0.2658671 0.5797639 3.08911
0.3011625 0.1841715 3.1125
0.316629 -0.2302214 3.124324
0.3284051 -0.232236 3.038315
0.1781429 1.153314 3.165832
-0.004571271 0.476425 3.043539
-0.04671117 0.5317924 3.051816
0.3902237 0.460608 3.048285
0.3408082 0.5412151 3.018177
23
0.1882902 0.5724792 3.136805
0.1827652 0.9068549 3.157752
0.1764177 1.234209 3.165639
0.1714166 1.371357 3.158954
0.001532937 1.113393 3.178298
-0.02923213 0.8582522 3.162888
-0.02554782 0.6100757 3.069989
-0.004590864 0.554671 3.052061
0.3508397 1.111041 3.137896
0.3960187 0.8497962 3.141553
0.4100774 0.6084545 3.063013
0.3992656 0.5445584 3.038109
0.106115 0.5758306 3.10679
0.09555568 0.1742245 3.133346
0.07039182 -0.2410334 3.155548
0.02833111 -0.2436588 3.058771
0.2658876 0.5797927 3.08917
0.3012055 0.1841794 3.112506
0.316627 -0.230191 3.124325
0.3283905 -0.232206 3.038323
0.1781506 1.153328 3.166142
-0.004490756 0.4764256 3.043652
-0.04678361 0.5305743 3.051679
0.4030053 0.4587546 3.033986
0.3487369 0.5430488 3.02472
24
0.1882902 0.5724792 3.136805
0.1827652 0.9068549 3.157752
0.1764177 1.234209 3.165639
0.1714166 1.371357 3.158954
0.001532937 1.113393 3.178298
-0.02923213 0.8582522 3.162888
-0.02554782 0.6100757 3.069989
-0.004590864 0.554671 3.052061
0.3508397 1.111041 3.137896
0.3960187 0.8497962 3.141553
0.4100774 0.6084545 3.063013
0.3992656 0.5445584 3.038109
0.106115 0.5758306 3.10679
0.09555568 0.1742245 3.133346
0.07039182 -0.2410334 3.155548
0.02833111 -0.2436588 3.058771
0.2658876 0.5797927 3.08917
0.3012055 0.1841794 3.112506
0.316627 -0.230191 3.124325
0.3283905 -0.232206 3.038323
0.1781506 1.153328 3.166142
-0.004490756 0.4764256 3.043652
-0.04678361 0.5305743 3.051679
0.4030053 0.4587546 3.033986
0.3487369 0.5430488 3.02472
25
0.1883064 0.5724963 3.136865
0.1827697 0.9068766 3.157951
0.1763918 1.234216 3.165956
0.1712876 1.371378 3.159518
0.001379518 1.11317 3.178861
-0.02917707 0.8579009 3.163319
-0.02543998 0.610088 3.070275
-0.004551469 0.5546481 3.05214
0.3507693 1.110983 3.13812
0.3964565 0.8492438 3.141469
0.440356 0.6202856 3.033564
0.4392224 0.5579318 3.001354
0.1061381 0.5758428 3.106875
0.09560865 0.1741435 3.133421
0.07041085 -0.2410386 3.155546
0.02844514 -0.2436416 3.058906
0.2658996 0.5798147 3.089231
0.3012773 0.1839935 3.112595
0.3166206 -0.2301864 3.124314
0.3283795 -0.2321836 3.038333
0.1781336 1.15334 3.166437
-0.004467562 0.4763077 3.043931
-0.04701431 0.5327324 3.051377
0.4397478 0.4820417 2.984148
0.4098355 0.5210437 3.006819
26
0.1883064 0.5724963 3.136865
0.1827697 0.9068766 3.157951
0.1763918 1.234216 3.165956
0.1712876 1.371378 3.159518
0.001379518 1.11317 3.178861
-0.02917707 0.8579009 3.163319
-0.02543998 0.610088 3.070275
-0.004551469 0.5546481 3.05214
0.3507693 1.110983 3.13812
0.3964565 0.8492438 3.141469
0.440356 0.6202856 3.033564
0.4392224 0.5579318 3.001354
0.1061381 0.5758428 3.106875
0.09560865 0.1741435 3.133421
0.07041085 -0.2410386 3.155546
0.02844514 -0.2436416 3.058906
0.2658996 0.5798147 3.089231
0.3012773 0.1839935 3.112595
0.3166206 -0.2301864 3.124314
0.3283795 -0.2321836 3.038333
0.1781336 1.15334 3.166437
-0.004467562 0.4763077 3.043931
-0.04701431 0.5327324 3.051377
0.4397478 0.4820417 2.984148
0.4098355 0.5210437 3.006819
27
0.1883119 0.5725131 3.136928
0.182744 0.9068986 3.158172
0.1763111 1.234223 3.166329
0.1711489 1.371397 3.160048
0.001232793 1.112957 3.179358
-0.02913527 0.8575765 3.163673
-0.02535128 0.6101115 3.070525
-0.004542863 0.554622 3.052197
0.3506159 1.110917 3.138446
0.3985288 0.8505172 3.140171
0.4808041 0.6624109 3.00737
0.4891376 0.5893679 2.960143
0.1061472 0.5758553 3.10695
0.0956555 0.1740653 3.133491
0.07042237 -0.2410398 3.155543
0.02855196 -0.2436225 3.059014
0.2658994 0.579836 3.089305
0.3013363 0.1838134 3.112691
0.3166136 -0.2301847 3.124302
0.3283723 -0.2321616 3.038349
0.1780682 1.153352 3.166777
-0.004455833 0.4762125 3.044123
-0.0473503 0.5386254 3.049783
0.4875649 0.5134304 2.942081
0.4759929 0.5308179 2.969434
28
0.1883119 0.5725131 3.136928
0.182744 0.9068986 3.158172
0.1763111 1.234223 3.166329
0.1711489 1.371397 3.160048
0.001232793 1.112957 3.179358
-0.02913527 0.8575765 3.163673
-0.02535128 0.6101115 3.070525
-0.004542863 0.554622 3.052197
0.3506159 1.110917 3.138446
0.3985288 0.8505172 3.140171
0.4808041 0.6624109 3.00737
0.4891376 0.5893679 2.960143
0.1061472 0.5758553 3.10695
0.0956555 0.1740653 3.133491
0.07042237 -0.2410398 3.155543
0.02855196 -0.2436225 3.059014
0.2658994 0.579836 3.089305
0.3013363 0.1838134 3.112691
0.3166136 -0.2301847 3.124302
0.3283723 -0.2321616 3.038349
0.1780682 1.153352 3.166777
-0.004455833 0.4762125 3.044123
-0.0473503 0.5386254 3.049783
0.4875649 0.5134304 2.942081
0.4759929 0.5308179 2.969434
29
0.1882957 0.572539 3.136999
0.1826804 0.9069303 3.158441
0.1761723 1.234232 3.166854
0.1709783 1.371429 3.16063
0.001096103 1.112766 3.17979
-0.02912951 0.8573552 3.163962
-0.02527959 0.6101456 3.070748
-0.004570599 0.5546831 3.052173
0.3504714 1.110882 3.138815
0.4040524 0.8576814 3.13583
0.527417 0.7011092 2.969559
0.5460957 0.626975 2.913923
0.1061291 0.5758803 3.107027
0.09569036 0.1740172 3.133543
0.07042845 -0.241024 3.15554
0.02865368 -0.2435916 3.059121
0.2658799 0.5798633 3.089391
0.3013444 0.1835707 3.112811
0.3166122 -0.2301846 3.124296
0.3283645 -0.2321358 3.038376
0.1779494 1.15337 3.167234
-0.004456392 0.4761846 3.044177
-0.04798574 0.5421448 3.050003
0.5508209 0.563126 2.881597
0.5439159 0.569416 2.932937
30
0.1882957 0.572539 3.136999
0.1826804 0.9069303 3.158441
0.1761723 1.234232 3.166854
0.1709783 1.371429 3.16063
0.001096103 1.112766 3.17979
-0.02912951 0.8573552 3.163962
-0.02527959 0.6101456 3.070748
-0.004570599 0.5546831 3.052173
0.3504714 1.110882 3.138815
0.4040524 0.8576814 3.13583
0.527417 0.7011092 2.969559
0.5460957 0.626975 2.913923
0.1061291 0.5758803 3.107027
0.09569036 0.1740172 3.133543
0.07042845 -0.241024 3.15554
0.02865368 -0.2435916 3.059121
0.2658799 0.5798633 3.089391
0.3013444 0.1835707 3.112811
0.3166122 -0.2301846 3.124296
0.3283645 -0.2321358 3.038376
0.1779494 1.15337 3.167234
-0.004456392 0.4761846 3.044177
-0.04798574 0.5421448 3.050003
0.5508209 0.563126 2.881597
0.5439159 0.569416 2.932937
31
0.1882379 0.5725822 3.137088
0.1825415 0.9069785 3.158778
0.1759183 1.234247 3.167543
0.1707656 1.371495 3.16126
0.0009529871 1.112596 3.180188
-0.0291359 0.8572008 3.164199
-0.02522453 0.6101547 3.070915
-0.004589116 0.5546982 3.052176
0.3501545 1.111142 3.139543
0.414988 0.8735621 3.124873
0.5690085 0.7543964 2.939331
0.6069376 0.6928909 2.872492
0.1060563 0.5759248 3.107121
0.09571879 0.1739673 3.133591
0.07043123 -0.2410059 3.15554
0.02874915 -0.2435602 3.059221
0.2658288 0.5799047 3.089489
0.3013355 0.1833267 3.112934
0.3166126 -0.2301726 3.12429
0.3283435 -0.2320969 3.038438
0.1777253 1.153397 3.167827
-0.00447366 0.4759054 3.045547
-0.04841594 0.5436816 3.049624
0.6262584 0.6470107 2.828643
0.6032516 0.652293 2.895077
32
0.1882379 0.5725822 3.137088
0.1825415 0.9069785 3.158778
0.1759183 1.234247 3.167543
0.1707656 1.371495 3.16126
0.0009529871 1.112596 3.180188
-0.0291359 0.8572008 3.164199
-0.02522453 0.6101547 3.070915
-0.004589116 0.5546982 3.052176
0.3501545 1.111142 3.139543
0.414988 0.8735621 3.124873
0.5690085 0.7543964 2.939331
0.6069376 0.6928909 2.872492
0.1060563 0.5759248 3.107121
0.09571879 0.1739673 3.133591
0.07043123 -0.2410059 3.15554
0.02874915 -0.2435602 3.059221
0.2658288 0.5799047 3.089489
0.3013355 0.1833267 3.112934
0.3166126 -0.2301726 3.12429
0.3283435 -0.2320969 3.038438
0.1777253 1.153397 3.167827
-0.00447366 0.4759054 3.045547
-0.04841594 0.5436816 3.049624
0.6262584 0.6470107 2.828643
0.6032516 0.652293 2.895077
33
0.1881251 0.5726406 3.137179
0.1823364 0.9070371 3.159161
0.1755636 1.234269 3.168406
0.1705197 1.371572 3.161904
0.0008033231 1.112433 3.180558
-0.02918705 0.8571629 3.164367
-0.02517959 0.6101621 3.071053
-0.004651723 0.5546334 3.052153
0.3497249 1.111542 3.140379
0.42495 0.89224 3.111451
0.5969569 0.8262481 2.919728
0.660754 0.785003 2.837067
0.1059249 0.5759869 3.107209
0.09574578 0.1739218 3.133636
0.07043081 -0.2409931 3.155542
0.0288226 -0.2435355 3.0593
0.2657254 0.579958 3.089593
0.3013136 0.1831348 3.113027
0.3166118 -0.2301606 3.124297
0.328327 -0.2320666 3.038488
0.1774094 1.153432 3.168548
-0.003553878 0.4757041 3.045781
-0.04967804 0.5406777 3.05056
0.6962745 0.7608153 2.748053
0.6688869 0.748028 2.834679
34
0.1881251 0.5726406 3.137179
0.1823364 0.9070371 3.159161
0.1755636 1.234269 3.168406
0.1705197 1.371572 3.161904
0.0008033231 1.112433 3.180558
-0.02918705 0.8571629 3.164367
-0.02517959 0.6101621 3.071053
-0.004651723 0.5546334 3.052153
0.3497249 1.111542 3.140379
0.42495 0.89224 3.111451
0.5969569 0.8262481 2.919728
0.660754 0.785003 2.837067
0.1059249 0.5759869 3.107209
0.09574578 0.1739218 3.133636
0.07043081 -0.2409931 3.155542
0.0288226 -0.2435355 3.0593
0.2657254 0.579958 3.089593
0.3013136 0.1831348 3.113027
0.3166118 -0.2301606 3.124297
0.328327 -0.2320666 3.038488
0.1774094 1.153432 3.168548
-0.003553878 0.4757041 3.045781
-0.04967804 0.5406777 3.05056
0.6962745 0.7608153 2.748053
0.6688869 0.748028 2.834679
35
0.187895 0.5727484 3.137307
0.1820331 0.9071187 3.159643
0.1751342 1.234282 3.169447
0.1702393 1.371653 3.162546
0.0006256603 1.112293 3.180974
-0.02923374 0.8571496 3.164502
-0.02514773 0.6101843 3.071168
-0.004705449 0.5546542 3.052139
0.3492824 1.111959 3.141193
0.4426613 0.9170955 3.086229
0.6214407 0.9013267 2.897149
0.7052236 0.8925127 2.807846
0.1056656 0.5761048 3.107323
0.09576935 0.1738819 3.133677
0.07041269 -0.2409786 3.155559
0.02888665 -0.2435138 3.059373
0.2655178 0.5800515 3.089741
0.3012595 0.1830342 3.113085
0.3166125 -0.2299562 3.124297
0.3282762 -0.2318451 3.038751
0.1770096 1.153468 3.169426
-0.003299189 0.4755806 3.045929
-0.04974623 0.5410777 3.049973
0.751671 0.8824458 2.73609
0.7203552 0.8681464 2.791547
36
0.187895 0.5727484 3.137307
0.1820331 0.9071187 3.159643
0.1751342 1.234282 3.169447
0.1702393 1.371653 3.162546
0.0006256603 1.112293 3.180974
-0.02923374 0.8571496 3.164502
-0.02514773 0.6101843 3.071168
-0.004705449 0.5546542 3.052139
0.3492824 1.111959 3.141193
0.4426613 0.9170955 3.086229
0.6214407 0.9013267 2.897149
0.7052236 0.8925127 2.807846
0.1056656 0.5761048 3.107323
0.09576935 0.1738819 3.133677
0.07041269 -0.2409786 3.155559
0.02888665 -0.2435138 3.059373
0.2655178 0.5800515 3.089741
0.3012595 0.1830342 3.113085
0.3166125 -0.2299562 3.124297
0.3282762 -0.2318451 3.038751
0.1770096 1.153468 3.169426
-0.003299189 0.4755806 3.045929
-0.04974623 0.5410777 3.049973
0.751671 0.8824458 2.73609
0.7203552 0.8681464 2.791547
37
0.1874947 0.5729299 3.137488
0.1815926 0.9072294 3.160257
0.1745965 1.234273 3.17071
0.1699034 1.371768 3.163261
0.0003587137 1.112219 3.181607
-0.02939083 0.8575586 3.164808
-0.02512368 0.6102045 3.071261
-0.004714218 0.5547465 3.052114
0.3487403 1.112488 3.142085
0.4546066 0.9326911 3.068683
0.6709262 0.9809707 2.857929
0.7289005 0.9966683 2.801817
0.1052272 0.5763032 3.107498
0.09578016 0.1738475 3.133721
0.07037377 -0.240956 3.155632
0.02893789 -0.2434996 3.059436
0.2651556 0.5802075 3.089925
0.3011654 0.1829528 3.113138
0.3166143 -0.2296277 3.124299
0.3280728 -0.2314931 3.039482
0.1764914 1.153497 3.170503
-0.003193738 0.4757805 3.045718
-0.04907155 0.5466175 3.048665
0.7856582 1.003945 2.72218
0.7299223 0.9645385 2.798617
38
0.1874947 0.5729299 3.137488
0.1815926 0.9072294 3.160257
0.1745965 1.234273 3.17071
0.1699034 1.371768 3.163261
0.0003587137 1.112219 3.181607
-0.02939083 0.8575586 3.164808
-0.02512368 0.6102045 3.071261
-0.004714218 0.5547465 3.052114
0.3487403 1.112488 3.142085
0.4546066 0.9326911 3.068683
0.6709262 0.9809707 2.857929
0.7289005 0.9966683 2.801817
0.1052272 0.5763032 3.107498
0.09578016 0.1738475 3.133721
0.07037377 -0.240956 3.155632
0.02893789 -0.2434996 3.059436
0.2651556 0.5802075 3.089925
0.3011654 0.1829528 3.113138
0.3166143 -0.2296277 3.124299
0.3280728 -0.2314931 3.039482
0.1764914 1.153497 3.170503
-0.003193738 0.4757805 3.045718
-0.04907155 0.5466175 3.048665
0.7856582 1.003945 2.72218
0.7299223 0.9645385 2.798617
39
0.1870443 0.5731217 3.137686
0.1811198 0.9073424 3.160894
0.1740822 1.234267 3.171909
0.1694137 1.37194 3.164245
8.523736E-05 1.11217 3.182274
-0.02965913 0.8582546 3.165266
-0.02510194 0.6102295 3.071339
-0.004726942 0.554904 3.052072
0.3481989 1.112949 3.14289
0.4597965 0.9407128 3.057667
0.6732448 1.049205 2.855887
0.7384627 1.091167 2.812214
0.1047308 0.5765106 3.107713
0.09576488 0.173887 3.133779
0.07033434 -0.2409519 3.155711
0.02895589 -0.2435041 3.059459
0.2647473 0.5803748 3.090111
0.3010499 0.1828835 3.113186
0.3166298 -0.2295357 3.124308
0.3280308 -0.2313865 3.039709
0.1759804 1.153527 3.17155
-0.003124141 0.476373 3.045137
-0.04890892 0.5474847 3.047983
0.7979561 1.112875 2.742147
0.7517846 1.065556 2.786669
40
0.1870443 0.5731217 3.137686
0.1811198 0.9073424 3.160894
0.1740822 1.234267 3.171909
0.1694137 1.37194 3.164245
8.523736E-05 1.11217 3.182274
-0.02965913 0.8582546 3.165266
-0.02510194 0.6102295 3.071339
-0.004726942 0.554904 3.052072
0.3481989 1.112949 3.14289
0.4597965 0.9407128 3.057667
0.6732448 1.049205 2.855887
0.7384627 1.091167 2.812214
0.1047308 0.5765106 3.107713
0.09576488 0.173887 3.133779
0.07033434 -0.2409519 3.155711
0.02895589 -0.2435041 3.059459
0.2647473 0.5803748 3.090111
0.3010499 0.1828835 3.113186
0.3166298 -0.2295357 3.124308
0.3280308 -0.2313865 3.039709
0.1759804 1.153527 3.17155
-0.003124141 0.476373 3.045137
-0.04890892 0.5474847 3.047983
0.7979561 1.112875 2.742147
0.7517846 1.065556 2.786669
41
0.186519 0.5733101 3.137901
0.1806291 0.9074507 3.161539
0.1736125 1.234273 3.173068
0.1689445 1.372103 3.165144
-0.00029523 1.112075 3.183293
-0.03007464 0.8593377 3.165965
-0.02508429 0.6102579 3.071407
-0.004734418 0.5549726 3.051998
0.3476907 1.113304 3.143509
0.4655266 0.949461 3.044237
0.6537151 1.109265 2.864354
0.7335171 1.181945 2.827873
0.1041743 0.576719 3.107958
0.09573978 0.1739347 3.133842
0.07029434 -0.2410243 3.155769
0.02889785 -0.2435769 3.059427
0.2642462 0.5805332 3.090296
0.3008796 0.1828242 3.113242
0.3166539 -0.2294638 3.124318
0.3280062 -0.2312976 3.039885
0.175497 1.153561 3.172573
-0.002372397 0.4765291 3.04407
-0.04894829 0.5469934 3.048244
0.7952012 1.215182 2.782825
0.7474753 1.154639 2.795436
42
0.186519 0.5733101 3.137901
0.1806291 0.9074507 3.161539
0.1736125 1.234273 3.173068
0.1689445 1.372103 3.165144
-0.00029523 1.112075 3.183293
-0.03007464 0.8593377 3.165965
-0.02508429 0.6102579 3.071407
-0.004734418 0.5549726 3.051998
0.3476907 1.113304 3.143509
0.4655266 0.949461 3.044237
0.6537151 1.109265 2.864354
0.7335171 1.181945 2.827873
0.1041743 0.576719 3.107958
0.09573978 0.1739347 3.133842
0.07029434 -0.2410243 3.155769
0.02889785 -0.2435769 3.059427
0.2642462 0.5805332 3.090296
0.3008796 0.1828242 3.113242
0.3166539 -0.2294638 3.124318
0.3280062 -0.2312976 3.039885
0.175497 1.153561 3.172573
-0.002372397 0.4765291 3.04407
-0.04894829 0.5469934 3.048244
0.7952012 1.215182 2.782825
0.7474753 1.154639 2.795436
43
0.1859397 0.5734935 3.138131
0.1800853 0.9075466 3.162254
0.1731138 1.234252 3.17439
0.1684839 1.372275 3.166126
-0.000638079 1.112056 3.184371
-0.03049681 0.8604965 3.166783
-0.02506758 0.6104077 3.071554
-0.004411066 0.5552592 3.052012
0.3472707 1.113577 3.143958
0.4906165 1.00096 3.004228
0.6675487 1.210314 2.854866
0.7088236 1.250928 2.848535
0.1035802 0.5769219 3.108223
0.09569582 0.173957 3.133948
0.0702683 -0.2411218 3.155797
0.02882642 -0.2436581 3.059384
0.2636816 0.5806856 3.090487
0.3006766 0.1827462 3.113306
0.316677 -0.2294181 3.124335
0.327982 -0.2312354 3.040016
0.1749756 1.153572 3.173732
-0.002194251 0.4765815 3.043947
-0.04788138 0.5509697 3.048652
0.7765267 1.284451 2.814627
0.7312272 1.230232 2.81012
44
0.1859397 0.5734935 3.138131
0.1800853 0.9075466 3.162254
0.1731138 1.234252 3.17439
0.1684839 1.372275 3.166126
-0.000638079 1.112056 3.184371
-0.03049681 0.8604965 3.166783
-0.02506758 0.6104077 3.071554
-0.004411066 0.5552592 3.052012
0.3472707 1.113577 3.143958
0.4906165 1.00096 3.004228
0.6675487 1.210314 2.854866
0.7088236 1.250928 2.848535
0.1035802 0.5769219 3.108223
0.09569582 0.173957 3.133948
0.0702683 -0.2411218 3.155797
0.02882642 -0.2436581 3.059384
0.2636816 0.5806856 3.090487
0.3006766 0.1827462 3.113306
0.316677 -0.2294181 3.124335
0.327982 -0.2312354 3.040016
0.1749756 1.153572 3.173732
-0.002194251 0.4765815 3.043947
-0.04788138 0.5509697 3.048652
0.7765267 1.284451 2.814627
0.7312272 1.230232 2.81012
45
0.1853151 0.5736701 3.138361
0.1795319 0.9076396 3.162955
0.1726465 1.234245 3.175627
0.1681003 1.372432 3.166976
-0.0009392489 1.11206 3.185409
-0.03089975 0.8616922 3.16773
-0.0250905 0.610653 3.07178
-0.004379366 0.5553514 3.052098
0.3468308 1.113924 3.144103
0.503172 1.036239 2.975837
0.6425055 1.266081 2.863703
0.6796515 1.316613 2.865252
0.1029519 0.5771091 3.108514
0.09564438 0.1739749 3.134059
0.07024653 -0.2412071 3.15583
0.02877374 -0.2437273 3.059386
0.2630386 0.5808446 3.09065
0.3004439 0.1826126 3.113369
0.3166979 -0.2294409 3.124341
0.3279857 -0.2312392 3.040093
0.1744762 1.153591 3.174831
-0.002088086 0.476997 3.043674
-0.04747888 0.5470585 3.050436
0.7420449 1.362638 2.8439
0.6999922 1.297532 2.824777
46
0.1853151 0.5736701 3.138361
0.1795319 0.9076396 3.162955
0.1726465 1.234245 3.175627
0.1681003 1.372432 3.166976
-0.0009392489 1.11206 3.185409
-0.03089975 0.8616922 3.16773
-0.0250905 0.610653 3.07178
-0.004379366 0.5553514 3.052098
0.3468308 1.113924 3.144103
0.503172 1.036239 2.975837
0.6425055 1.266081 2.863703
0.6796515 1.316613 2.865252
0.1029519 0.5771091 3.108514
0.09564438 0.1739749 3.134059
0.07024653 -0.2412071 3.15583
0.02877374 -0.2437273 3.059386
0.2630386 0.5808446 3.09065
0.3004439 0.1826126 3.113369
0.3166979 -0.2294409 3.124341
0.3279857 -0.2312392 3.040093
0.1744762 1.153591 3.174831
-0.002088086 0.476997 3.043674
-0.04747888 0.5470585 3.050436
0.7420449 1.362638 2.8439
0.6999922 1.297532 2.824777
47
0.1847488 0.5738325 3.138573
0.1790543 0.9077225 3.163595
0.1722961 1.234231 3.176733
0.1678102 1.372591 3.167761
-0.00117068 1.112088 3.186453
-0.03126908 0.8628254 3.168701
-0.02511385 0.610833 3.071991
-0.004436631 0.5552839 3.05231
0.3464033 1.114303 3.143957
0.5078402 1.05256 2.96266
0.5969517 1.29612 2.87206
0.6338376 1.36161 2.877035
0.1023705 0.577281 3.108823
0.09557815 0.173948 3.134225
0.07019445 -0.2412857 3.155896
0.02873317 -0.2437876 3.059391
0.2624542 0.5809991 3.090783
0.300189 0.1824823 3.113426
0.3167222 -0.2294602 3.124348
0.3279845 -0.2312402 3.040162
0.1740834 1.153602 3.17582
-0.002334325 0.477054 3.043135
-0.04792529 0.5452492 3.050803
0.6883632 1.418793 2.873805
0.6690849 1.363747 2.844513
48
0.1847488 0.5738325 3.138573
0.1790543 0.9077225 3.163595
0.1722961 1.234231 3.176733
0.1678102 1.372591 3.167761
-0.00117068 1.112088 3.186453
-0.03126908 0.8628254 3.168701
-0.02511385 0.610833 3.071991
-0.004436631 0.5552839 3.05231
0.3464033 1.114303 3.143957
0.5078402 1.05256 2.96266
0.5969517 1.29612 2.87206
0.6338376 1.36161 2.877035
0.1023705 0.577281 3.108823
0.09557815 0.173948 3.134225
0.07019445 -0.2412857 3.155896
0.02873317 -0.2437876 3.059391
0.2624542 0.5809991 3.090783
0.300189 0.1824823 3.113426
0.3167222 -0.2294602 3.124348
0.3279845 -0.2312402 3.040162
0.1740834 1.153602 3.17582
-0.002334325 0.477054 3.043135
-0.04792529 0.5452492 3.050803
0.6883632 1.418793 2.873805
0.6690849 1.363747 2.844513
49
0.1842261 0.5740122 3.138774
0.1785882 0.9078386 3.164247
0.1719259 1.234262 3.177906
0.1676196 1.372741 3.168428
-0.001321974 1.112218 3.187597
-0.03152436 0.8637842 3.169533
-0.02514311 0.6109989 3.072218
-0.004523006 0.5553216 3.052672
0.3459522 1.114764 3.143522
0.5080988 1.064818 2.952447
0.5489396 1.329742 2.87762
0.574643 1.403542 2.885537
0.1018146 0.5774723 3.109171
0.09548672 0.1739493 3.134398
0.07018032 -0.2413925 3.155909
0.02865912 -0.2438623 3.059376
0.2619147 0.5811949 3.090874
0.2999158 0.182351 3.113487
0.3167432 -0.2294892 3.12436
0.3279847 -0.2312513 3.040214
0.1736801 1.153656 3.176861
-0.002492702 0.4769396 3.043173
-0.04833871 0.5459808 3.052182
0.6175243 1.468119 2.882116
0.6164141 1.409678 2.864741
50
0.1842261 0.5740122 3.138774
0.1785882 0.9078386 3.164247
0.1719259 1.234262 3.177906
0.1676196 1.372741 3.168428
-0.001321974 1.112218 3.187597
-0.03152436 0.8637842 3.169533
-0.02514311 0.6109989 3.072218
-0.004523006 0.5553216 3.052672
0.3459522 1.114764 3.143522
0.5080988 1.064818 2.952447
0.5489396 1.329742 2.87762
0.574643 1.403542 2.885537
0.1018146 0.5774723 3.109171
0.09548672 0.1739493 3.134398
0.07018032 -0.2413925 3.155909
0.02865912 -0.2438623 3.059376
0.2619147 0.5811949 3.090874
0.2999158 0.182351 3.113487
0.3167432 -0.2294892 3.12436
0.3279847 -0.2312513 3.040214
0.1736801 1.153656 3.176861
-0.002492702 0.4769396 3.043173
-0.04833871 0.5459808 3.052182
0.6175243 1.468119 2.882116
0.6164141 1.409678 2.864741
51
0.1837548 0.5742105 3.13896
0.1781818 0.9079561 3.164836
0.1716188 1.234286 3.178943
0.1675368 1.372865 3.168979
-0.001408993 1.112354 3.188637
-0.03170872 0.8646429 3.170282
-0.02517708 0.6111531 3.072444
-0.004646785 0.5553742 3.052983
0.3454827 1.115276 3.142965
0.5015191 1.068825 2.945423
0.5010357 1.340278 2.87966
0.5059648 1.427632 2.885923
0.1013101 0.5776876 3.109521
0.09538732 0.1739696 3.134557
0.07017136 -0.2414751 3.155922
0.02860365 -0.2439182 3.05936
0.2614282 0.5814121 3.090934
0.2996495 0.1822265 3.113543
0.3167633 -0.2295027 3.124383
0.3279781 -0.2312516 3.040253
0.1733411 1.153705 3.177787
-0.003003943 0.4766362 3.043403
-0.04811558 0.5462334 3.051453
0.525931 1.500198 2.885978
0.5469402 1.446232 2.864105
52
0.1837548 0.5742105 3.13896
0.1781818 0.9079561 3.164836
0.1716188 1.234286 3.178943
0.1675368 1.372865 3.168979
-0.001408993 1.112354 3.188637
-0.03170872 0.8646429 3.170282
-0.02517708 0.6111531 3.072444
-0.004646785 0.5553742 3.052983
0.3454827 1.115276 3.142965
0.5015191 1.068825 2.945423
0.5010357 1.340278 2.87966
0.5059648 1.427632 2.885923
0.1013101 0.5776876 3.109521
0.09538732 0.1739696 3.134557
0.07017136 -0.2414751 3.155922
0.02860365 -0.2439182 3.05936
0.2614282 0.5814121 3.090934
0.2996495 0.1822265 3.113543
0.3167633 -0.2295027 3.124383
0.3279781 -0.2312516 3.040253
0.1733411 1.153705 3.177787
-0.003003943 0.4766362 3.043403
-0.04811558 0.5462334 3.051453
0.525931 1.500198 2.885978
0.5469402 1.446232 2.864105
53
0.1833535 0.5743875 3.13911
0.1778478 0.9080589 3.16533
0.171392 1.234309 3.179788
0.1675392 1.37297 3.169422
-0.001414847 1.112432 3.189459
-0.0317742 0.8652067 3.170802
-0.02521302 0.6112882 3.072658
-0.004705036 0.5554339 3.053242
0.3450558 1.115724 3.142303
0.4808972 1.100002 2.929563
0.4357763 1.351311 2.878639
0.4295382 1.429268 2.882102
0.1008816 0.5778796 3.109825
0.09529153 0.173981 3.134698
0.07016848 -0.2415321 3.155931
0.02857405 -0.2439521 3.059356
0.2610164 0.5816047 3.09096
0.2993782 0.1821202 3.113592
0.3167922 -0.229515 3.124397
0.3279757 -0.2312499 3.040278
0.1730817 1.153749 3.178546
-0.003141366 0.4764829 3.043419
-0.04764274 0.5422719 3.050245
0.4329572 1.505347 2.87563
0.4705054 1.444466 2.866398
54
0.1833535 0.5743875 3.13911
0.1778478 0.9080589 3.16533
0.171392 1.234309 3.179788
0.1675392 1.37297 3.169422
-0.001414847 1.112432 3.189459
-0.0317742 0.8652067 3.170802
-0.02521302 0.6112882 3.072658
-0.004705036 0.5554339 3.053242
0.3450558 1.115724 3.142303
0.4808972 1.100002 2.929563
0.4357763 1.351311 2.878639
0.4295382 1.429268 2.882102
0.1008816 0.5778796 3.109825
0.09529153 0.173981 3.134698
0.07016848 -0.2415321 3.155931
0.02857405 -0.2439521 3.059356
0.2610164 0.5816047 3.09096
0.2993782 0.1821202 3.113592
0.3167922 -0.229515 3.124397
0.3279757 -0.2312499 3.040278
0.1730817 1.153749 3.178546
-0.003141366 0.4764829 3.043419
-0.04764274 0.5422719 3.050245
0.4329572 1.505347 2.87563
0.4705054 1.444466 2.866398
55
0.1830516 0.5745669 3.139246
0.1775834 0.9081665 3.165777
0.1712169 1.234337 3.180516
0.1676468 1.373066 3.169806
-0.001389516 1.112485 3.190153
-0.03180913 0.8656636 3.171226
-0.0252372 0.6114044 3.072888
-0.00473911 0.5555171 3.053671
0.344644 1.116347 3.141725
0.4717248 1.088759 2.931341
0.3841497 1.336533 2.878796
0.3518626 1.4221 2.8813
0.1005578 0.5780655 3.110089
0.09519702 0.1740123 3.134824
0.07016828 -0.2415748 3.155936
0.0285532 -0.2439747 3.059356
0.2607134 0.581802 3.09099
0.2991584 0.1820395 3.113632
0.3168131 -0.2295496 3.124413
0.3279805 -0.2312742 3.040281
0.1728797 1.153798 3.179211
-0.003334728 0.4762041 3.043724
-0.04734781 0.544595 3.050407
0.335109 1.501603 2.877383
0.3899576 1.437778 2.86007
56
0.1830516 0.5745669 3.139246
0.1775834 0.9081665 3.165777
0.1712169 1.234337 3.180516
0.1676468 1.373066 3.169806
-0.001389516 1.112485 3.190153
-0.03180913 0.8656636 3.171226
-0.0252372 0.6114044 3.072888
-0.00473911 0.5555171 3.053671
0.344644 1.116347 3.141725
0.4717248 1.088759 2.931341
0.3841497 1.336533 2.878796
0.3518626 1.4221 2.8813
0.1005578 0.5780655 3.110089
0.09519702 0.1740123 3.134824
0.07016828 -0.2415748 3.155936
0.0285532 -0.2439747 3.059356
0.2607134 0.581802 3.09099
0.2991584 0.1820395 3.113632
0.3168131 -0.2295496 3.124413
0.3279805 -0.2312742 3.040281
0.1728797 1.153798 3.179211
-0.003334728 0.4762041 3.043724
-0.04734781 0.544595 3.050407
0.335109 1.501603 2.877383
0.3899576 1.437778 2.86007
57
0.1828185 0.5747821 3.139377
0.1773883 0.9082763 3.166179
0.17111 1.234348 3.181158
0.1678247 1.373059 3.170134
-0.001174598 1.112668 3.190895
-0.0317932 0.8661038 3.171586
-0.02529577 0.6116747 3.073325
-0.004722895 0.5555611 3.05413
0.3442651 1.11709 3.141268
0.4669229 1.085685 2.930639
0.3394862 1.317971 2.873525
0.2850733 1.393638 2.878914
0.100319 0.5782897 3.110327
0.09512123 0.1740349 3.134928
0.0701607 -0.2416771 3.155955
0.02847796 -0.2440617 3.059327
0.2604771 0.582025 3.091023
0.2990325 0.1820579 3.11366
0.3168156 -0.2295951 3.12443
0.3279993 -0.231314 3.040267
0.1727467 1.153836 3.179798
-0.004365961 0.4756711 3.044284
-0.04717778 0.5452595 3.051958
0.2400641 1.464866 2.867172
0.3084744 1.42964 2.860536
58
0.1828185 0.5747821 3.139377
0.1773883 0.9082763 3.166179
0.17111 1.234348 3.181158
0.1678247 1.373059 3.170134
-0.001174598 1.112668 3.190895
-0.0317932 0.8661038 3.171586
-0.02529577 0.6116747 3.073325
-0.004722895 0.5555611 3.05413
0.3442651 1.11709 3.141268
0.4669229 1.085685 2.930639
0.3394862 1.317971 2.873525
0.2850733 1.393638 2.878914
0.100319 0.5782897 3.110327
0.09512123 0.1740349 3.134928
0.0701607 -0.2416771 3.155955
0.02847796 -0.2440617 3.059327
0.2604771 0.582025 3.091023
0.2990325 0.1820579 3.11366
0.3168156 -0.2295951 3.12443
0.3279993 -0.231314 3.040267
0.1727467 1.153836 3.179798
-0.004365961 0.4756711 3.044284
-0.04717778 0.5452595 3.051958
0.2400641 1.464866 2.867172
0.3084744 1.42964 2.860536
59
0.182638 0.5749657 3.139485
0.1772567 0.9083683 3.166522
0.1711 1.234361 3.181713
0.1680167 1.372932 3.170357
0.000139679 1.113088 3.191557
-0.03175927 0.8664964 3.171904
-0.02537253 0.6119475 3.073836
-0.004678925 0.5556973 3.054527
0.3440298 1.117272 3.140986
0.4415348 1.114846 2.919269
0.2764213 1.322717 2.875707
0.2305685 1.365095 2.882917
0.1001346 0.5784853 3.110508
0.09487459 0.1763742 3.134639
0.07023629 -0.2416153 3.156056
0.0284448 -0.2441083 3.059327
0.2603161 0.582172 3.091061
0.2989297 0.1823715 3.113625
0.316812 -0.2296281 3.124461
0.3280187 -0.2313565 3.040254
0.1727006 1.153868 3.180305
-0.004586213 0.4755318 3.044366
-0.04678449 0.5440197 3.052273
0.1927222 1.432089 2.900692
0.2268474 1.419511 2.845746
60
0.182638 0.5749657 3.139485
0.1772567 0.9083683 3.166522
0.1711 1.234361 3.181713
0.1680167 1.372932 3.170357
0.000139679 1.113088 3.191557
-0.03175927 0.8664964 3.171904
-0.02537253 0.6119475 3.073836
-0.004678925 0.5556973 3.054527
0.3440298 1.117272 3.140986
0.4415348 1.114846 2.919269
0.2764213 1.322717 2.875707
0.2305685 1.365095 2.882917
0.1001346 0.5784853 3.110508
0.09487459 0.1763742 3.134639
0.07023629 -0.2416153 3.156056
0.0284448 -0.2441083 3.059327
0.2603161 0.582172 3.091061
0.2989297 0.1823715 3.113625
0.316812 -0.2296281 3.124461
0.3280187 -0.2313565 3.040254
0.1727006 1.153868 3.180305
-0.004586213 0.4755318 3.044366
-0.04678449 0.5440197 3.052273
0.1927222 1.432089 2.900692
0.2268474 1.419511 2.845746
61
0.1824875 0.5751019 3.139552
0.1771629 0.9084402 3.166792
0.1711368 1.234372 3.182152
0.1680664 1.372927 3.170475
0.001808098 1.11339 3.191817
-0.0316919 0.8668349 3.172152
-0.02540542 0.6121641 3.07425
-0.004524878 0.5555761 3.054568
0.3435265 1.116961 3.140501
0.4325082 1.124302 2.915103
0.2437819 1.310724 2.874781
0.1981342 1.334759 2.889847
0.09994551 0.578644 3.110584
0.09471559 0.178326 3.134315
0.0703034 -0.2415356 3.156146
0.0284263 -0.2441345 3.059332
0.2601961 0.5822724 3.091089
0.2988414 0.1833431 3.113324
0.3168035 -0.2296074 3.124527
0.3280635 -0.2314071 3.040138
0.1726968 1.153894 3.180706
-0.003988835 0.4754173 3.043544
-0.04502775 0.5405779 3.050465
0.1475718 1.393664 2.930234
0.2030441 1.385485 2.849454
62
0.1824875 0.5751019 3.139552
0.1771629 0.9084402 3.166792
0.1711368 1.234372 3.182152
0.1680664 1.372927 3.170475
0.001808098 1.11339 3.191817
-0.0316919 0.8668349 3.172152
-0.02540542 0.6121641 3.07425
-0.004524878 0.5555761 3.054568
0.3435265 1.116961 3.140501
0.4325082 1.124302 2.915103
0.2437819 1.310724 2.874781
0.1981342 1.334759 2.889847
0.09994551 0.578644 3.110584
0.09471559 0.178326 3.134315
0.0703034 -0.2415356 3.156146
0.0284263 -0.2441345 3.059332
0.2601961 0.5822724 3.091089
0.2988414 0.1833431 3.113324
0.3168035 -0.2296074 3.124527
0.3280635 -0.2314071 3.040138
0.1726968 1.153894 3.180706
-0.003988835 0.4754173 3.043544
-0.04502775 0.5405779 3.050465
0.1475718 1.393664 2.930234
0.2030441 1.385485 2.849454
63
0.1823682 0.5752152 3.139604
0.1771004 0.9084911 3.167027
0.171216 1.234345 3.182558
0.1681416 1.373775 3.170128
0.003299583 1.113641 3.191971
-0.03162616 0.8671396 3.172363
-0.02544212 0.6123392 3.074623
-0.004377495 0.5554845 3.054612
0.3430934 1.116665 3.140123
0.4279333 1.128784 2.912828
0.237079 1.283583 2.882433
0.2023088 1.306419 2.896313
0.09978631 0.5787831 3.110622
0.09494716 0.1843319 3.133135
0.07035417 -0.2412875 3.156358
0.02841428 -0.2441576 3.059342
0.2601095 0.5823458 3.091121
0.2987885 0.1843227 3.113014
0.3167934 -0.2295918 3.124594
0.3281089 -0.2314661 3.040009
0.1727317 1.153888 3.181073
-0.003736678 0.4752277 3.043541
-0.04468128 0.5403108 3.0502
0.1412514 1.365061 2.928416
0.2119548 1.348147 2.851395
64
0.1823682 0.5752152 3.139604
0.1771004 0.9084911 3.167027
0.171216 1.234345 3.182558
0.1681416 1.373775 3.170128
0.003299583 1.113641 3.191971
-0.03162616 0.8671396 3.172363
-0.02544212 0.6123392 3.074623
-0.004377495 0.5554845 3.054612
0.3430934 1.116665 3.140123
0.4279333 1.128784 2.912828
0.237079 1.283583 2.882433
0.2023088 1.306419 2.896313
0.09978631 0.5787831 3.110622
0.09494716 0.1843319 3.133135
0.07035417 -0.2412875 3.156358
0.02841428 -0.2441576 3.059342
0.2601095 0.5823458 3.091121
0.2987885 0.1843227 3.113014
0.3167934 -0.2295918 3.124594
0.3281089 -0.2314661 3.040009
0.1727317 1.153888 3.181073
-0.003736678 0.4752277 3.043541
-0.04468128 0.5403108 3.0502
0.1412514 1.365061 2.928416
0.2119548 1.348147 2.851395
65
0.1822751 0.5753064 3.139641
0.1770706 0.9085203 3.167225
0.1713868 1.234259 3.182944
0.1681493 1.374453 3.169811
0.004580858 1.11384 3.192043
-0.03156219 0.8674582 3.172569
-0.02542373 0.6124479 3.074858
-0.003969218 0.5556669 3.054527
0.3427222 1.116358 3.139787
0.4255375 1.130987 2.911804
0.2372938 1.270978 2.886517
0.2143096 1.294091 2.901395
0.09964867 0.5789058 3.110621
0.09517951 0.1880747 3.132444
0.07037714 -0.2411424 3.156554
0.02840517 -0.244177 3.059354
0.2600465 0.5824009 3.091149
0.2987658 0.1853859 3.112659
0.3167798 -0.2296066 3.124668
0.3281719 -0.2315669 3.039842
0.1728369 1.153837 3.181413
0.0004568524 0.4752075 3.043525
-0.04224003 0.5381474 3.046783
0.1651442 1.363857 2.933245
0.2278459 1.329173 2.852679
66
0.1822751 0.5753064 3.139641
0.1770706 0.9085203 3.167225
0.1713868 1.234259 3.182944
0.1681493 1.374453 3.169811
0.004580858 1.11384 3.192043
-0.03156219 0.8674582 3.172569
-0.02542373 0.6124479 3.074858
-0.003969218 0.5556669 3.054527
0.3427222 1.116358 3.139787
0.4255375 1.130987 2.911804
0.2372938 1.270978 2.886517
0.2143096 1.294091 2.901395
0.09964867 0.5789058 3.110621
0.09517951 0.1880747 3.132444
0.07037714 -0.2411424 3.156554
0.02840517 -0.244177 3.059354
0.2600465 0.5824009 3.091149
0.2987658 0.1853859 3.112659
0.3167798 -0.2296066 3.124668
0.3281719 -0.2315669 3.039842
0.1728369 1.153837 3.181413
0.0004568524 0.4752075 3.043525
-0.04224003 0.5381474 3.046783
0.1651442 1.363857 2.933245
0.2278459 1.329173 2.852679
67
0.1821995 0.5753784 3.139664
0.1770571 0.9085367 3.167387
0.1715764 1.234158 3.183273
0.1681103 1.374676 3.16947
0.00586267 1.113891 3.192003
-0.03150618 0.8677879 3.172772
-0.02540042 0.6125354 3.075045
-0.003704916 0.5556229 3.054295
0.3424645 1.115957 3.139387
0.4437285 1.112152 2.921769
0.2536149 1.270202 2.890873
0.2398395 1.301143 2.903969
0.09952208 0.5790171 3.110593
0.0953624 0.1907674 3.13194
0.07039721 -0.2409991 3.156723
0.02842422 -0.2441557 3.059451
0.2599999 0.5824389 3.091169
0.2987583 0.1863645 3.112316
0.31677 -0.2296344 3.124733
0.3282439 -0.2316768 3.03967
0.1729609 1.153772 3.181703
0.001354577 0.4751395 3.043215
-0.04240264 0.5333521 3.046098
0.1889315 1.369226 2.93509
0.2511422 1.335767 2.856592
68
0.1821995 0.5753784 3.139664
0.1770571 0.9085367 3.167387
0.1715764 1.234158 3.183273
0.1681103 1.374676 3.16947
0.00586267 1.113891 3.192003
-0.03150618 0.8677879 3.172772
-0.02540042 0.6125354 3.075045
-0.003704916 0.5556229 3.054295
0.3424645 1.115957 3.139387
0.4437285 1.112152 2.921769
0.2536149 1.270202 2.890873
0.2398395 1.301143 2.903969
0.09952208 0.5790171 3.110593
0.0953624 0.1907674 3.13194
0.07039721 -0.2409991 3.156723
0.02842422 -0.2441557 3.059451
0.2599999 0.5824389 3.091169
0.2987583 0.1863645 3.112316
0.31677 -0.2296344 3.124733
0.3282439 -0.2316768 3.03967
0.1729609 1.153772 3.181703
0.001354577 0.4751395 3.043215
-0.04240264 0.5333521 3.046098
0.1889315 1.369226 2.93509
0.2511422 1.335767 2.856592
69
0.1821343 0.575451 3.139678
0.1770582 0.9085529 3.16752
0.1717808 1.23407 3.183536
0.1680791 1.37479 3.169209
0.006887206 1.113942 3.191971
-0.03143153 0.868185 3.172994
-0.02535493 0.6126131 3.075187
-0.003528208 0.555561 3.054209
0.3422816 1.115609 3.139018
0.4644047 1.092783 2.934443
0.3048298 1.288754 2.893875
0.2753227 1.333451 2.909585
0.09940433 0.5791512 3.110527
0.09548186 0.1926049 3.131638
0.07043953 -0.2408842 3.156875
0.02844666 -0.2441248 3.059541
0.2599641 0.5824722 3.09119
0.2987619 0.1871775 3.112021
0.3167621 -0.2296874 3.124789
0.3283248 -0.231801 3.039474
0.1731005 1.153715 3.181939
0.002245294 0.4749886 3.043006
-0.04256644 0.5343184 3.047354
0.2281849 1.392084 2.929083
0.2905817 1.367147 2.865443
70
0.1821343 0.575451 3.139678
0.1770582 0.9085529 3.16752
0.1717808 1.23407 3.183536
0.1680791 1.37479 3.169209
0.006887206 1.113942 3.191971
-0.03143153 0.868185 3.172994
-0.02535493 0.6126131 3.075187
-0.003528208 0.555561 3.054209
0.3422816 1.115609 3.139018
0.4644047 1.092783 2.934443
0.3048298 1.288754 2.893875
0.2753227 1.333451 2.909585
0.09940433 0.5791512 3.110527
0.09548186 0.1926049 3.131638
0.07043953 -0.2408842 3.156875
0.02844666 -0.2441248 3.059541
0.2599641 0.5824722 3.09119
0.2987619 0.1871775 3.112021
0.3167621 -0.2296874 3.124789
0.3283248 -0.231801 3.039474
0.1731005 1.153715 3.181939
0.002245294 0.4749886 3.043006
-0.04256644 0.5343184 3.047354
0.2281849 1.392084 2.929083
0.2905817 1.367147 2.865443
71
0.1820804 0.5755387 3.139687
0.1770668 0.9085703 3.167636
0.1719558 1.233994 3.183754
0.1680663 1.374862 3.16904
0.00741001 1.11398 3.192054
-0.03137779 0.8685875 3.173254
-0.02530723 0.6126789 3.075303
-0.003345649 0.555394 3.054007
0.3421926 1.115558 3.138725
0.4802515 1.078779 2.94568
0.3568977 1.328194 2.900104
0.3393795 1.358736 2.907842
0.09931381 0.5792948 3.110468
0.09550617 0.1928369 3.131935
0.07046564 -0.2409371 3.156916
0.02845168 -0.2441176 3.059577
0.259939 0.5825183 3.091209
0.2987424 0.1876221 3.11186
0.3167638 -0.229781 3.124822
0.3284111 -0.2319348 3.039274
0.1732266 1.153666 3.182137
0.002705787 0.4749388 3.042856
-0.04215715 0.533526 3.046283
0.3006419 1.417595 2.919279
0.3559967 1.398618 2.865408
72
0.1820804 0.5755387 3.139687
0.1770668 0.9085703 3.167636
0.1719558 1.233994 3.183754
0.1680663 1.374862 3.16904
0.00741001 1.11398 3.192054
-0.03137779 0.8685875 3.173254
-0.02530723 0.6126789 3.075303
-0.003345649 0.555394 3.054007
0.3421926 1.115558 3.138725
0.4802515 1.078779 2.94568
0.3568977 1.328194 2.900104
0.3393795 1.358736 2.907842
0.09931381 0.5792948 3.110468
0.09550617 0.1928369 3.131935
0.07046564 -0.2409371 3.156916
0.02845168 -0.2441176 3.059577
0.259939 0.5825183 3.091209
0.2987424 0.1876221 3.11186
0.3167638 -0.229781 3.124822
0.3284111 -0.2319348 3.039274
0.1732266 1.153666 3.182137
0.002705787 0.4749388 3.042856
-0.04215715 0.533526 3.046283
0.3006419 1.417595 2.919279
0.3559967 1.398618 2.865408
73
0.1820132 0.5756256 3.139675
0.1770646 0.9085807 3.167709
0.1720761 1.233928 3.183888
0.1680358 1.374891 3.168888
0.007512527 1.113885 3.192401
-0.03133143 0.8689469 3.17349
-0.02526329 0.6127335 3.075392
-0.003230978 0.555127 3.053529
0.3420641 1.115457 3.138358
0.4890855 1.069407 2.949006
0.4212141 1.335577 2.903183
0.4040751 1.392179 2.907819
0.09922691 0.5794089 3.110423
0.09546372 0.1926771 3.132214
0.07042914 -0.2410015 3.156887
0.02845225 -0.2441133 3.059598
0.2598529 0.582611 3.091125
0.2987171 0.1879707 3.111722
0.3167641 -0.2298092 3.124848
0.3284596 -0.2319955 3.039184
0.17331 1.153622 3.182261
0.002717758 0.4748095 3.042032
-0.04242092 0.5314397 3.044089
0.3809345 1.459298 2.91022
0.4299518 1.4159 2.869611
74
0.1820132 0.5756256 3.139675
0.1770646 0.9085807 3.167709
0.1720761 1.233928 3.183888
0.1680358 1.374891 3.168888
0.007512527 1.113885 3.192401
-0.03133143 0.8689469 3.17349
-0.02526329 0.6127335 3.075392
-0.003230978 0.555127 3.053529
0.3420641 1.115457 3.138358
0.4890855 1.069407 2.949006
0.4212141 1.335577 2.903183
0.4040751 1.392179 2.907819
0.09922691 0.5794089 3.110423
0.09546372 0.1926771 3.132214
0.07042914 -0.2410015 3.156887
0.02845225 -0.2441133 3.059598
0.2598529 0.582611 3.091125
0.2987171 0.1879707 3.111722
0.3167641 -0.2298092 3.124848
0.3284596 -0.2319955 3.039184
0.17331 1.153622 3.182261
0.002717758 0.4748095 3.042032
-0.04242092 0.5314397 3.044089
0.3809345 1.459298 2.91022
0.4299518 1.4159 2.869611
75
0.1819423 0.5757138 3.139657
0.1770577 0.90859 3.167766
0.1721402 1.233884 3.183985
0.1679608 1.374882 3.168775
0.006997123 1.113597 3.193173
-0.03128811 0.8692886 3.173778
-0.02522076 0.6127747 3.075464
-0.003198201 0.5550132 3.053445
0.341933 1.115365 3.137956
0.4955158 1.074561 2.952889
0.4872403 1.334183 2.895221
0.4782066 1.399347 2.903479
0.0991474 0.5795074 3.110393
0.09540382 0.1922287 3.13253
0.07042455 -0.2410576 3.156888
0.028426 -0.2441062 3.059588
0.2597303 0.5827361 3.090985
0.2986698 0.1882368 3.111606
0.3167643 -0.2297663 3.124869
0.3284179 -0.2319782 3.039262
0.1733543 1.153593 3.182352
0.002766902 0.4747206 3.041906
-0.0427203 0.5318373 3.043223
0.4886615 1.469092 2.893385
0.5070281 1.4081 2.865403
76
0.1819423 0.5757138 3.139657
0.1770577 0.90859 3.167766
0.1721402 1.233884 3.183985
0.1679608 1.374882 3.168775
0.006997123 1.113597 3.193173
-0.03128811 0.8692886 3.173778
-0.02522076 0.6127747 3.075464
-0.003198201 0.5550132 3.053445
0.341933 1.115365 3.137956
0.4955158 1.074561 2.952889
0.4872403 1.334183 2.895221
0.4782066 1.399347 2.903479
0.0991474 0.5795074 3.110393
0.09540382 0.1922287 3.13253
0.07042455 -0.2410576 3.156888
0.028426 -0.2441062 3.059588
0.2597303 0.5827361 3.090985
0.2986698 0.1882368 3.111606
0.3167643 -0.2297663 3.124869
0.3284179 -0.2319782 3.039262
0.1733543 1.153593 3.182352
0.002766902 0.4747206 3.041906
-0.0427203 0.5318373 3.043223
0.4886615 1.469092 2.893385
0.5070281 1.4081 2.865403
77
0.1818169 0.5758424 3.139586
0.1770415 0.9085988 3.167808
0.1721781 1.233842 3.184055
0.1678205 1.37483 3.168647
0.005942413 1.113209 3.194162
-0.03126949 0.869621 3.174052
-0.02518918 0.6128111 3.075525
-0.003257851 0.5549109 3.053255
0.3417465 1.115394 3.137238
0.498711 1.067021 2.950217
0.5433614 1.330063 2.895796
0.5477223 1.413389 2.905461
0.09906349 0.5796046 3.110365
0.09525011 0.1912555 3.132868
0.07044773 -0.2408463 3.156855
0.02825907 -0.2438538 3.059055
0.2594257 0.5829958 3.090566
0.2985498 0.1883674 3.111445
0.3167741 -0.2297184 3.124882
0.3284141 -0.2319637 3.039231
0.173379 1.153567 3.182418
0.002828377 0.4746525 3.041815
-0.04311507 0.5330185 3.041146
0.5653704 1.491622 2.906967
0.5808774 1.414526 2.864835
78
0.1818169 0.5758424 3.139586
0.1770415 0.9085988 3.167808
0.1721781 1.233842 3.184055
0.1678205 1.37483 3.168647
0.005942413 1.113209 3.194162
-0.03126949 0.869621 3.174052
-0.02518918 0.6128111 3.075525
-0.003257851 0.5549109 3.053255
0.3417465 1.115394 3.137238
0.498711 1.067021 2.950217
0.5433614 1.330063 2.895796
0.5477223 1.413389 2.905461
0.09906349 0.5796046 3.110365
0.09525011 0.1912555 3.132868
0.07044773 -0.2408463 3.156855
0.02825907 -0.2438538 3.059055
0.2594257 0.5829958 3.090566
0.2985498 0.1883674 3.111445
0.3167741 -0.2297184 3.124882
0.3284141 -0.2319637 3.039231
0.173379 1.153567 3.182418
0.002828377 0.4746525 3.041815
-0.04311507 0.5330185 3.041146
0.5653704 1.491622 2.906967
0.5808774 1.414526 2.864835
79
0.1816533 0.5760006 3.139484
0.1769965 0.908615 3.167838
0.1721691 1.233799 3.184103
0.1675331 1.374717 3.168523
0.004095778 1.11277 3.19581
-0.03128436 0.8699539 3.174348
-0.02518819 0.6128746 3.075618
-0.003314375 0.5548377 3.053192
0.3414857 1.115644 3.136222
0.5015108 1.067581 2.952346
0.5714612 1.331997 2.897101
0.6087757 1.412635 2.914553
0.09897517 0.5796997 3.110347
0.09497681 0.1913737 3.132919
0.07050408 -0.2407008 3.156863
0.02818543 -0.2437428 3.058718
0.2589941 0.5833731 3.089952
0.2983774 0.1884269 3.11127
0.316789 -0.2296578 3.124893
0.3284028 -0.2319386 3.039201
0.1733681 1.15354 3.182466
0.001853827 0.4746424 3.041145
-0.04398616 0.5353757 3.040907
0.6366527 1.47919 2.921831
0.6539682 1.419567 2.894035
80
0.1816533 0.5760006 3.139484
0.1769965 0.908615 3.167838
0.1721691 1.233799 3.184103
0.1675331 1.374717 3.168523
0.004095778 1.11277 3.19581
-0.03128436 0.8699539 3.174348
-0.02518819 0.6128746 3.075618
-0.003314375 0.5548377 3.053192
0.3414857 1.115644 3.136222
0.5015108 1.067581 2.952346
0.5714612 1.331997 2.897101
0.6087757 1.412635 2.914553
0.09897517 0.5796997 3.110347
0.09497681 0.1913737 3.132919
0.07050408 -0.2407008 3.156863
0.02818543 -0.2437428 3.058718
0.2589941 0.5833731 3.089952
0.2983774 0.1884269 3.11127
0.316789 -0.2296578 3.124893
0.3284028 -0.2319386 3.039201
0.1733681 1.15354 3.182466
0.001853827 0.4746424 3.041145
-0.04398616 0.5353757 3.040907
0.6366527 1.47919 2.921831
0.6539682 1.419567 2.894035
81
0.181478 0.5761636 3.139371
0.1769136 0.9086397 3.16786
0.1720612 1.233751 3.184137
0.1669263 1.374513 3.168485
0.001910044 1.112128 3.197726
-0.03137475 0.8700888 3.17472
-0.02522464 0.6129004 3.075749
-0.003822208 0.5546143 3.053476
0.341105 1.116249 3.13492
0.5057884 1.113204 2.9553
0.6194038 1.339309 2.90239
0.6474078 1.391068 2.923254
0.09887967 0.5797875 3.110364
0.09470252 0.191453 3.132969
0.07055985 -0.2406189 3.156863
0.02812869 -0.2436891 3.058473
0.2584926 0.5838219 3.089164
0.2981811 0.1884455 3.111104
0.3168088 -0.2295934 3.124909
0.3283875 -0.2319081 3.039191
0.1732826 1.153512 3.182503
-0.0006193614 0.4746091 3.041464
-0.04624656 0.5372604 3.043091
0.6915165 1.450272 2.941376
0.6952823 1.39583 2.912959
82
0.181478 0.5761636 3.139371
0.1769136 0.9086397 3.16786
0.1720612 1.233751 3.184137
0.1669263 1.374513 3.168485
0.001910044 1.112128 3.197726
-0.03137475 0.8700888 3.17472
-0.02522464 0.6129004 3.075749
-0.003822208 0.5546143 3.053476
0.341105 1.116249 3.13492
0.5057884 1.113204 2.9553
0.6194038 1.339309 2.90239
0.6474078 1.391068 2.923254
0.09887967 0.5797875 3.110364
0.09470252 0.191453 3.132969
0.07055985 -0.2406189 3.156863
0.02812869 -0.2436891 3.058473
0.2584926 0.5838219 3.089164
0.2981811 0.1884455 3.111104
0.3168088 -0.2295934 3.124909
0.3283875 -0.2319081 3.039191
0.1732826 1.153512 3.182503
-0.0006193614 0.4746091 3.041464
-0.04624656 0.5372604 3.043091
0.6915165 1.450272 2.941376
0.6952823 1.39583 2.912959
83
0.1812848 0.5763348 3.13925
0.1767771 0.9086741 3.16788
0.1718227 1.233692 3.184181
0.1659563 1.374262 3.168557
-0.0001516169 1.111553 3.199512
-0.03157028 0.8697236 3.175351
-0.02532751 0.6128814 3.075966
-0.004840489 0.5545775 3.054128
0.3406852 1.116969 3.133602
0.5064374 1.115026 2.956935
0.6349074 1.335208 2.905288
0.6813349 1.373764 2.930335
0.09877074 0.5798782 3.110413
0.09442595 0.1915037 3.133018
0.07059587 -0.2405559 3.156871
0.0281011 -0.2436508 3.058355
0.2579581 0.5842858 3.088344
0.2979501 0.1884095 3.110898
0.3168266 -0.229401 3.124931
0.3282551 -0.2317584 3.03937
0.1730937 1.153479 3.182545
-0.001606058 0.4736761 3.041824
-0.04961142 0.543755 3.046799
0.7383596 1.424631 2.958768
0.7161219 1.358939 2.907147
84
0.1812848 0.5763348 3.13925
0.1767771 0.9086741 3.16788
0.1718227 1.233692 3.184181
0.1659563 1.374262 3.168557
-0.0001516169 1.111553 3.199512
-0.03157028 0.8697236 3.175351
-0.02532751 0.6128814 3.075966
-0.004840489 0.5545775 3.054128
0.3406852 1.116969 3.133602
0.5064374 1.115026 2.956935
0.6349074 1.335208 2.905288
0.6813349 1.373764 2.930335
0.09877074 0.5798782 3.110413
0.09442595 0.1915037 3.133018
0.07059587 -0.2405559 3.156871
0.0281011 -0.2436508 3.058355
0.2579581 0.5842858 3.088344
0.2979501 0.1884095 3.110898
0.3168266 -0.229401 3.124931
0.3282551 -0.2317584 3.03937
0.1730937 1.153479 3.182545
-0.001606058 0.4736761 3.041824
-0.04961142 0.543755 3.046799
0.7383596 1.424631 2.958768
0.7161219 1.358939 2.907147
85
0.1810506 0.5765217 3.139113
0.1765233 0.908738 3.167892
0.1713315 1.23366 3.184224
0.1644904 1.373985 3.168793
-0.002069803 1.111093 3.201188
-0.03180057 0.8689231 3.176141
-0.02549782 0.6127906 3.076273
-0.005604117 0.5541862 3.054522
0.3401642 1.117843 3.132338
0.505474 1.110878 2.958536
0.6417924 1.319788 2.909698
0.6980402 1.358275 2.93769
0.09862484 0.5799731 3.110516
0.09416425 0.191542 3.133064
0.07063387 -0.2405038 3.156877
0.02807947 -0.2436213 3.058266
0.2573317 0.5847991 3.087402
0.2976953 0.1883394 3.110692
0.3168399 -0.2290699 3.124953
0.3279447 -0.2314636 3.039981
0.1726959 1.153471 3.182587
-0.003323949 0.4728848 3.041456
-0.05147772 0.5399333 3.046765
0.7530206 1.396839 2.969203
0.7488567 1.34968 2.920147
86
0.1810506 0.5765217 3.139113
0.1765233 0.908738 3.167892
0.1713315 1.23366 3.184224
0.1644904 1.373985 3.168793
-0.002069803 1.111093 3.201188
-0.03180057 0.8689231 3.176141
-0.02549782 0.6127906 3.076273
-0.005604117 0.5541862 3.054522
0.3401642 1.117843 3.132338
0.505474 1.110878 2.958536
0.6417924 1.319788 2.909698
0.6980402 1.358275 2.93769
0.09862484 0.5799731 3.110516
0.09416425 0.191542 3.133064
0.07063387 -0.2405038 3.156877
0.02807947 -0.2436213 3.058266
0.2573317 0.5847991 3.087402
0.2976953 0.1883394 3.110692
0.3168399 -0.2290699 3.124953
0.3279447 -0.2314636 3.039981
0.1726959 1.153471 3.182587
-0.003323949 0.4728848 3.041456
-0.05147772 0.5399333 3.046765
0.7530206 1.396839 2.969203
0.7488567 1.34968 2.920147
87
0.1807885 0.5767009 3.138947
0.176208 0.9088092 3.167882
0.1707504 1.233644 3.184245
0.1626643 1.373675 3.168955
-0.003719735 1.110737 3.202589
-0.03216783 0.8680378 3.177037
-0.02573151 0.6126238 3.076627
-0.006606307 0.553783 3.055132
0.3395732 1.118834 3.130988
0.5036811 1.102024 2.959892
0.6426399 1.301848 2.912573
0.7054448 1.34302 2.941238
0.09847627 0.5800514 3.110626
0.09389182 0.1913532 3.133138
0.07068031 -0.2404711 3.156874
0.02806615 -0.2436042 3.058201
0.2566893 0.5852749 3.086427
0.2974193 0.1882184 3.110469
0.3168673 -0.2289338 3.124983
0.3278094 -0.2313745 3.040171
0.1722131 1.153476 3.182607
-0.005063495 0.4716414 3.042583
-0.0550257 0.5474301 3.051448
0.7605348 1.376559 2.971083
0.7441024 1.318269 2.913475
88
0.1807885 0.5767009 3.138947
0.176208 0.9088092 3.167882
0.1707504 1.233644 3.184245
0.1626643 1.373675 3.168955
-0.003719735 1.110737 3.202589
-0.03216783 0.8680378 3.177037
-0.02573151 0.6126238 3.076627
-0.006606307 0.553783 3.055132
0.3395732 1.118834 3.130988
0.5036811 1.102024 2.959892
0.6426399 1.301848 2.912573
0.7054448 1.34302 2.941238
0.09847627 0.5800514 3.110626
0.09389182 0.1913532 3.133138
0.07068031 -0.2404711 3.156874
0.02806615 -0.2436042 3.058201
0.2566893 0.5852749 3.086427
0.2974193 0.1882184 3.110469
0.3168673 -0.2289338 3.124983
0.3278094 -0.2313745 3.040171
0.1722131 1.153476 3.182607
-0.005063495 0.4716414 3.042583
-0.0550257 0.5474301 3.051448
0.7605348 1.376559 2.971083
0.7441024 1.318269 2.913475
89
0.1804743 0.5768834 3.138763
0.1757452 0.9088865 3.167847
0.1699018 1.233608 3.184231
0.1606183 1.373337 3.169141
-0.005194747 1.110377 3.203829
-0.03246612 0.8671303 3.177934
-0.02616542 0.6124707 3.07727
-0.007388665 0.5535691 3.055685
0.3390516 1.119679 3.129865
0.502345 1.089607 2.962449
0.6301155 1.269946 2.914163
0.7043061 1.329214 2.942014
0.09829382 0.5801193 3.110776
0.09363873 0.1911439 3.133205
0.07072232 -0.2404477 3.156868
0.0280567 -0.2435947 3.058154
0.2559822 0.5857387 3.085424
0.2971483 0.1880764 3.110257
0.3168959 -0.2288327 3.125012
0.3277326 -0.2313183 3.040278
0.1714937 1.153466 3.182597
-0.007742914 0.4705049 3.043376
-0.05594245 0.5457138 3.051851
0.7591009 1.363494 2.968359
0.7373531 1.298427 2.90765
90
0.1804743 0.5768834 3.138763
0.1757452 0.9088865 3.167847
0.1699018 1.233608 3.184231
0.1606183 1.373337 3.169141
-0.005194747 1.110377 3.203829
-0.03246612 0.8671303 3.177934
-0.02616542 0.6124707 3.07727
-0.007388665 0.5535691 3.055685
0.3390516 1.119679 3.129865
0.502345 1.089607 2.962449
0.6301155 1.269946 2.914163
0.7043061 1.329214 2.942014
0.09829382 0.5801193 3.110776
0.09363873 0.1911439 3.133205
0.07072232 -0.2404477 3.156868
0.0280567 -0.2435947 3.058154
0.2559822 0.5857387 3.085424
0.2971483 0.1880764 3.110257
0.3168959 -0.2288327 3.125012
0.3277326 -0.2313183 3.040278
0.1714937 1.153466 3.182597
-0.007742914 0.4705049 3.043376
-0.05594245 0.5457138 3.051851
0.7591009 1.363494 2.968359
0.7373531 1.298427 2.90765
91
0.1801175 0.5770648 3.13855
0.1751719 0.9089715 3.16778
0.1688902 1.233581 3.184186
0.1584522 1.373032 3.169336
-0.006551382 1.110049 3.204973
-0.03280242 0.8660924 3.17882
-0.02662225 0.6120121 3.077927
-0.008345251 0.552855 3.056356
0.3384956 1.120418 3.128937
0.5008669 1.072191 2.967262
0.6227607 1.253247 2.915234
0.6959676 1.317266 2.936937
0.09810153 0.5801753 3.110933
0.09337838 0.1908393 3.133267
0.0707685 -0.2404263 3.15686
0.02805208 -0.2435886 3.05812
0.2552774 0.5861633 3.084449
0.2968853 0.1879331 3.110038
0.3169184 -0.2286287 3.125041
0.3275208 -0.2311596 3.040612
0.1706193 1.153463 3.182556
-0.009368475 0.4695447 3.044114
-0.05652139 0.5419994 3.052056
0.7416169 1.352572 2.949055
0.7273669 1.289262 2.897292
92
0.1801175 0.5770648 3.13855
0.1751719 0.9089715 3.16778
0.1688902 1.233581 3.184186
0.1584522 1.373032 3.169336
-0.006551382 1.110049 3.204973
-0.03280242 0.8660924 3.17882
-0.02662225 0.6120121 3.077927
-0.008345251 0.552855 3.056356
0.3384956 1.120418 3.128937
0.5008669 1.072191 2.967262
0.6227607 1.253247 2.915234
0.6959676 1.317266 2.936937
0.09810153 0.5801753 3.110933
0.09337838 0.1908393 3.133267
0.0707685 -0.2404263 3.15686
0.02805208 -0.2435886 3.05812
0.2552774 0.5861633 3.084449
0.2968853 0.1879331 3.110038
0.3169184 -0.2286287 3.125041
0.3275208 -0.2311596 3.040612
0.1706193 1.153463 3.182556
-0.009368475 0.4695447 3.044114
-0.05652139 0.5419994 3.052056
0.7416169 1.352572 2.949055
0.7273669 1.289262 2.897292
93
0.1797119 0.5772318 3.138299
0.1745281 0.9090431 3.167672
0.1678531 1.233542 3.184098
0.1561578 1.372723 3.169385
-0.007612955 1.109796 3.205858
-0.03316772 0.864629 3.179694
-0.02719494 0.6114978 3.078656
-0.00923424 0.5519305 3.057008
0.3380211 1.120986 3.128212
0.5000597 1.057505 2.972283
0.6203224 1.24428 2.914999
0.6798937 1.303076 2.924971
0.09788898 0.5802119 3.111096
0.09312931 0.1908886 3.133158
0.07081624 -0.2403596 3.156881
0.02805376 -0.2435809 3.058097
0.2545751 0.5865301 3.083472
0.2966241 0.1877787 3.10982
0.3169442 -0.2285074 3.125069
0.3274299 -0.2310857 3.040709
0.1696977 1.153447 3.182471
-0.01021256 0.4689355 3.044687
-0.05699385 0.5426421 3.053878
0.7156304 1.344318 2.922979
0.713098 1.28154 2.8868
94
0.1797119 0.5772318 3.138299
0.1745281 0.9090431 3.167672
0.1678531 1.233542 3.184098
0.1561578 1.372723 3.169385
-0.007612955 1.109796 3.205858
-0.03316772 0.864629 3.179694
-0.02719494 0.6114978 3.078656
-0.00923424 0.5519305 3.057008
0.3380211 1.120986 3.128212
0.5000597 1.057505 2.972283
0.6203224 1.24428 2.914999
0.6798937 1.303076 2.924971
0.09788898 0.5802119 3.111096
0.09312931 0.1908886 3.133158
0.07081624 -0.2403596 3.156881
0.02805376 -0.2435809 3.058097
0.2545751 0.5865301 3.083472
0.2966241 0.1877787 3.10982
0.3169442 -0.2285074 3.125069
0.3274299 -0.2310857 3.040709
0.1696977 1.153447 3.182471
-0.01021256 0.4689355 3.044687
-0.05699385 0.5426421 3.053878
0.7156304 1.344318 2.922979
0.713098 1.28154 2.8868
95
0.1792457 0.5773652 3.138007
0.1738198 0.909094 3.167511
0.16682 1.233503 3.183947
0.154009 1.372423 3.1694
-0.00847783 1.10955 3.206559
-0.03347803 0.8634253 3.180405
-0.02771808 0.6111075 3.079364
-0.009719536 0.5516401 3.05746
0.3376159 1.121382 3.127695
0.4952596 1.024304 2.985934
0.6176091 1.233041 2.910691
0.6579499 1.27426 2.90299
0.09764042 0.580221 3.111259
0.09293643 0.1908666 3.133064
0.07085318 -0.2403026 3.156902
0.02806276 -0.2435742 3.058087
0.2539005 0.5868026 3.082557
0.2963657 0.1876031 3.109604
0.3169706 -0.2283975 3.125098
0.3273624 -0.2310251 3.040732
0.1687545 1.153424 3.182327
-0.01056935 0.4679235 3.046258
-0.05649264 0.5499724 3.054636
0.6939081 1.325395 2.886066
0.6876517 1.256361 2.86643
96
0.1792457 0.5773652 3.138007
0.1738198 0.909094 3.167511
0.16682 1.233503 3.183947
0.154009 1.372423 3.1694
-0.00847783 1.10955 3.206559
-0.03347803 0.8634253 3.180405
-0.02771808 0.6111075 3.079364
-0.009719536 0.5516401 3.05746
0.3376159 1.121382 3.127695
0.4952596 1.024304 2.985934
0.6176091 1.233041 2.910691
0.6579499 1.27426 2.90299
0.09764042 0.580221 3.111259
0.09293643 0.1908666 3.133064
0.07085318 -0.2403026 3.156902
0.02806276 -0.2435742 3.058087
0.2539005 0.5868026 3.082557
0.2963657 0.1876031 3.109604
0.3169706 -0.2283975 3.125098
0.3273624 -0.2310251 3.040732
0.1687545 1.153424 3.182327
-0.01056935 0.4679235 3.046258
-0.05649264 0.5499724 3.054636
0.6939081 1.325395 2.886066
0.6876517 1.256361 2.86643
97
0.1787729 0.5774626 3.137706
0.1730936 0.9091254 3.167317
0.1657961 1.233468 3.183743
0.1519974 1.372153 3.169325
-0.009160977 1.109346 3.207102
-0.03372592 0.8625208 3.181031
-0.02834193 0.6109756 3.080447
-0.01020721 0.5513511 3.058186
0.3372947 1.121675 3.12736
0.4936335 1.011244 2.992141
0.6172732 1.215007 2.897299
0.6426327 1.238813 2.875986
0.09738047 0.5802062 3.111412
0.09275714 0.1902622 3.132939
0.07088269 -0.2402412 3.156934
0.0280833 -0.243575 3.058105
0.2533086 0.5869946 3.081766
0.2961273 0.187399 3.109389
0.3169927 -0.2282993 3.125127
0.327296 -0.2309774 3.040728
0.167809 1.153398 3.182134
-0.0110719 0.4673063 3.047437
-0.05613735 0.5531929 3.056097
0.6779868 1.296924 2.838315
0.671096 1.22385 2.841898
98
0.1787729 0.5774626 3.137706
0.1730936 0.9091254 3.167317
0.1657961 1.233468 3.183743
0.1519974 1.372153 3.169325
-0.009160977 1.109346 3.207102
-0.03372592 0.8625208 3.181031
-0.02834193 0.6109756 3.080447
-0.01020721 0.5513511 3.058186
0.3372947 1.121675 3.12736
0.4936335 1.011244 2.992141
0.6172732 1.215007 2.897299
0.6426327 1.238813 2.875986
0.09738047 0.5802062 3.111412
0.09275714 0.1902622 3.132939
0.07088269 -0.2402412 3.156934
0.0280833 -0.243575 3.058105
0.2533086 0.5869946 3.081766
0.2961273 0.187399 3.109389
0.3169927 -0.2282993 3.125127
0.327296 -0.2309774 3.040728
0.167809 1.153398 3.182134
-0.0110719 0.4673063 3.047437
-0.05613735 0.5531929 3.056097
0.6779868 1.296924 2.838315
0.671096 1.22385 2.841898
99
0.1783419 0.5775336 3.137429
0.1724221 0.9091421 3.167122
0.1648565 1.233437 3.183518
0.1499577 1.371934 3.169214
-0.009807402 1.109101 3.207612
-0.03395446 0.8616974 3.181543
-0.02898081 0.6109822 3.081672
-0.01055109 0.5508842 3.05873
0.336956 1.121908 3.127219
0.4844419 0.9796279 3.014701
0.6043254 1.14604 2.883044
0.6264459 1.183985 2.850996
0.09712665 0.5801677 3.111556
0.09261172 0.1896253 3.132825
0.07090142 -0.2401785 3.15697
0.0281344 -0.2435686 3.058165
0.2528236 0.5871351 3.08112
0.295914 0.1871443 3.109188
0.3170135 -0.2282121 3.125155
0.3272378 -0.230939 3.04071
0.1669381 1.153371 3.181926
-0.01136789 0.4668873 3.047091
-0.04765652 0.5246503 3.047527
0.6686381 1.243974 2.784346
0.6462091 1.162555 2.82145
100
0.1783419 0.5775336 3.137429
0.1724221 0.9091421 3.167122
0.1648565 1.233437 3.183518
0.1499577 1.371934 3.169214
-0.009807402 1.109101 3.207612
-0.03395446 0.8616974 3.181543
-0.02898081 0.6109822 3.081672
-0.01055109 0.5508842 3.05873
0.336956 1.121908 3.127219
0.4844419 0.9796279 3.014701
0.6043254 1.14604 2.883044
0.6264459 1.183985 2.850996
0.09712665 0.5801677 3.111556
0.09261172 0.1896253 3.132825
0.07090142 -0.2401785 3.15697
0.0281344 -0.2435686 3.058165
0.2528236 0.5871351 3.08112
0.295914 0.1871443 3.109188
0.3170135 -0.2282121 3.125155
0.3272378 -0.230939 3.04071
0.1669381 1.153371 3.181926
-0.01136789 0.4668873 3.047091
-0.04765652 0.5246503 3.047527
0.6686381 1.243974 2.784346
0.6462091 1.162555 2.82145
101
0.1779581 0.5775782 3.137177
0.1718031 0.9091401 3.166921
0.1639646 1.233398 3.183244
0.1480182 1.371718 3.168969
-0.01039059 1.10888 3.20803
-0.03416225 0.8610469 3.18197
-0.02950035 0.6110256 3.082762
-0.01085277 0.5504095 3.059149
0.3365642 1.12209 3.127269
0.4590981 0.9215859 3.053392
0.582289 1.060621 2.879557
0.6105109 1.111971 2.826826
0.09688781 0.5801057 3.11169
0.09265336 0.1882586 3.132797
0.07086509 -0.2401558 3.157007
0.02818326 -0.2435667 3.058241
0.2524304 0.5872332 3.080596
0.2957269 0.18686 3.109003
0.3170314 -0.2281215 3.12518
0.3271669 -0.2308948 3.040692
0.1661171 1.153333 3.181679
-0.01142472 0.4666044 3.047247
-0.04697567 0.518141 3.04829
0.652685 1.167062 2.745883
0.6348751 1.100426 2.794712
102
0.1779581 0.5775782 3.137177
0.1718031 0.9091401 3.166921
0.1639646 1.233398 3.183244
0.1480182 1.371718 3.168969
-0.01039059 1.10888 3.20803
-0.03416225 0.8610469 3.18197
-0.02950035 0.6110256 3.082762
-0.01085277 0.5504095 3.059149
0.3365642 1.12209 3.127269
0.4590981 0.9215859 3.053392
0.582289 1.060621 2.879557
0.6105109 1.111971 2.826826
0.09688781 0.5801057 3.11169
0.09265336 0.1882586 3.132797
0.07086509 -0.2401558 3.157007
0.02818326 -0.2435667 3.058241
0.2524304 0.5872332 3.080596
0.2957269 0.18686 3.109003
0.3170314 -0.2281215 3.12518
0.3271669 -0.2308948 3.040692
0.1661171 1.153333 3.181679
-0.01142472 0.4666044 3.047247
-0.04697567 0.518141 3.04829
0.652685 1.167062 2.745883
0.6348751 1.100426 2.794712
103
0.1776108 0.5775915 3.136932
0.1712119 0.9091101 3.166673
0.163078 1.23334 3.182831
0.1460039 1.371529 3.168486
-0.01096021 1.108598 3.208385
-0.03433251 0.8605273 3.182306
-0.02993974 0.6111216 3.083747
-0.01102226 0.5501314 3.059454
0.3360409 1.122199 3.127548
0.4353622 0.8883704 3.091358
0.5622765 0.9759832 2.876982
0.5945131 1.027561 2.805885
0.09666122 0.5800087 3.111802
0.09270604 0.1870769 3.132769
0.07083619 -0.2401369 3.157039
0.02823444 -0.2435641 3.058322
0.2521076 0.5872961 3.080153
0.295562 0.1865592 3.108824
0.3170445 -0.2280461 3.125195
0.327114 -0.2308624 3.040653
0.1653082 1.153273 3.181323
-0.01111022 0.4662768 3.047777
-0.04630765 0.5158861 3.048869
0.642656 1.062175 2.730035
0.6217002 1.019387 2.772645
104
0.1776108 0.5775915 3.136932
0.1712119 0.9091101 3.166673
0.163078 1.23334 3.182831
0.1460039 1.371529 3.168486
-0.01096021 1.108598 3.208385
-0.03433251 0.8605273 3.182306
-0.02993974 0.6111216 3.083747
-0.01102226 0.5501314 3.059454
0.3360409 1.122199 3.127548
0.4353622 0.8883704 3.091358
0.5622765 0.9759832 2.876982
0.5945131 1.027561 2.805885
0.09666122 0.5800087 3.111802
0.09270604 0.1870769 3.132769
0.07083619 -0.2401369 3.157039
0.02823444 -0.2435641 3.058322
0.2521076 0.5872961 3.080153
0.295562 0.1865592 3.108824
0.3170445 -0.2280461 3.125195
0.327114 -0.2308624 3.040653
0.1653082 1.153273 3.181323
-0.01111022 0.4662768 3.047777
-0.04630765 0.5158861 3.048869
0.642656 1.062175 2.730035
0.6217002 1.019387 2.772645
105
0.177286 0.5775833 3.136697
0.1706114 0.9090499 3.166374
0.1621387 1.233242 3.182277
0.1442126 1.37138 3.167828
-0.01148494 1.1083 3.208641
-0.0344693 0.860116 3.182569
-0.03029371 0.611227 3.084565
-0.01113464 0.5499516 3.059614
0.3354942 1.122233 3.127929
0.4272858 0.8745679 3.104894
0.5499529 0.9035219 2.872059
0.5841358 0.9352857 2.7854
0.0964333 0.5798909 3.111908
0.0927428 0.1862003 3.132684
0.07079924 -0.2400959 3.15704
0.02830263 -0.2435419 3.05844
0.2518273 0.587328 3.079755
0.2954104 0.1862547 3.108656
0.317056 -0.2279805 3.125208
0.3270664 -0.2308368 3.040631
0.1644573 1.153176 3.180852
-0.01109513 0.4659985 3.047801
-0.04578691 0.5163195 3.047697
0.6300213 0.9432979 2.717077
0.6007215 0.9211572 2.761608
106
0.177286 0.5775833 3.136697
0.1706114 0.9090499 3.166374
0.1621387 1.233242 3.182277
0.1442126 1.37138 3.167828
-0.01148494 1.1083 3.208641
-0.0344693 0.860116 3.182569
-0.03029371 0.611227 3.084565
-0.01113464 0.5499516 3.059614
0.3354942 1.122233 3.127929
0.4272858 0.8745679 3.104894
0.5499529 0.9035219 2.872059
0.5841358 0.9352857 2.7854
0.0964333 0.5798909 3.111908
0.0927428 0.1862003 3.132684
0.07079924 -0.2400959 3.15704
0.02830263 -0.2435419 3.05844
0.2518273 0.587328 3.079755
0.2954104 0.1862547 3.108656
0.317056 -0.2279805 3.125208
0.3270664 -0.2308368 3.040631
0.1644573 1.153176 3.180852
-0.01109513 0.4659985 3.047801
-0.04578691 0.5163195 3.047697
0.6300213 0.9432979 2.717077
0.6007215 0.9211572 2.761608
107
0.1770031 0.5775583 3.136487
0.1700625 0.9089624 3.16606
0.1612455 1.233088 3.181604
0.1426345 1.371193 3.167098
-0.01198792 1.107971 3.208813
-0.03458034 0.8597936 3.182773
-0.03060143 0.6113595 3.085328
-0.01123232 0.5497963 3.059928
0.3349923 1.122185 3.128335
0.4231526 0.8709651 3.111009
0.5460073 0.8232256 2.887496
0.565105 0.8430458 2.78558
0.09621713 0.5797517 3.112011
0.09278239 0.1854737 3.132608
0.07073778 -0.2401009 3.156995
0.02835225 -0.2435468 3.058549
0.2516015 0.5873384 3.079424
0.2952828 0.1859792 3.108505
0.3170646 -0.2279273 3.125218
0.3270338 -0.2308216 3.040544
0.1636549 1.153033 3.180295
-0.01068994 0.4658657 3.04868
-0.04691294 0.5177248 3.050745
0.5995623 0.8359692 2.729796
0.581271 0.8282281 2.763527
108
0.1770031 0.5775583 3.136487
0.1700625 0.9089624 3.16606
0.1612455 1.233088 3.181604
0.1426345 1.371193 3.167098
-0.01198792 1.107971 3.208813
-0.03458034 0.8597936 3.182773
-0.03060143 0.6113595 3.085328
-0.01123232 0.5497963 3.059928
0.3349923 1.122185 3.128335
0.4231526 0.8709651 3.111009
0.5460073 0.8232256 2.887496
0.565105 0.8430458 2.78558
0.09621713 0.5797517 3.112011
0.09278239 0.1854737 3.132608
0.07073778 -0.2401009 3.156995
0.02835225 -0.2435468 3.058549
0.2516015 0.5873384 3.079424
0.2952828 0.1859792 3.108505
0.3170646 -0.2279273 3.125218
0.3270338 -0.2308216 3.040544
0.1636549 1.153033 3.180295
-0.01068994 0.4658657 3.04868
-0.04691294 0.5177248 3.050745
0.5995623 0.8359692 2.729796
0.581271 0.8282281 2.763527
109
0.1767565 0.5775168 3.136298
0.1695722 0.9088604 3.165751
0.1604591 1.232927 3.180944
0.1412876 1.370962 3.166306
-0.01244923 1.10763 3.208869
-0.03466835 0.8595338 3.182926
-0.03080456 0.6114585 3.085905
-0.01130062 0.5497514 3.060066
0.3345303 1.122078 3.128766
0.4177569 0.8661474 3.118189
0.5302074 0.7712814 2.906171
0.5383604 0.7534169 2.790982
0.09601676 0.5795962 3.112105
0.09283289 0.1847814 3.132565
0.07070102 -0.2401099 3.156949
0.02839635 -0.243546 3.058676
0.2514192 0.58733 3.079149
0.2951745 0.1857225 3.108369
0.3170691 -0.2278698 3.125226
0.3269936 -0.2307985 3.040482
0.1629438 1.15288 3.179745
-0.01054925 0.4664735 3.048485
-0.04628719 0.5231967 3.049458
0.5650125 0.7291594 2.740957
0.5465529 0.7390124 2.794259
110
0.1767565 0.5775168 3.136298
0.1695722 0.9088604 3.165751
0.1604591 1.232927 3.180944
0.1412876 1.370962 3.166306
-0.01244923 1.10763 3.208869
-0.03466835 0.8595338 3.182926
-0.03080456 0.6114585 3.085905
-0.01130062 0.5497514 3.060066
0.3345303 1.122078 3.128766
0.4177569 0.8661474 3.118189
0.5302074 0.7712814 2.906171
0.5383604 0.7534169 2.790982
0.09601676 0.5795962 3.112105
0.09283289 0.1847814 3.132565
0.07070102 -0.2401099 3.156949
0.02839635 -0.243546 3.058676
0.2514192 0.58733 3.079149
0.2951745 0.1857225 3.108369
0.3170691 -0.2278698 3.125226
0.3269936 -0.2307985 3.040482
0.1629438 1.15288 3.179745
-0.01054925 0.4664735 3.048485
-0.04628719 0.5231967 3.049458
0.5650125 0.7291594 2.740957
0.5465529 0.7390124 2.794259
111
0.1765431 0.5774587 3.136134
0.1691408 0.908748 3.165444
0.1597653 1.232765 3.180215
0.1401152 1.370753 3.165471
-0.01284305 1.107287 3.208752
-0.03473693 0.8593468 3.183026
-0.03096244 0.6115491 3.08637
-0.01134898 0.5495282 3.060201
0.3341527 1.121915 3.129128
0.4151541 0.8625338 3.123238
0.5026419 0.7196905 2.916259
0.5088751 0.6735663 2.809719
0.09582821 0.5794234 3.112197
0.09287938 0.1842108 3.13253
0.07067365 -0.2401006 3.156952
0.02844531 -0.2435395 3.058808
0.2512756 0.5873012 3.078925
0.2950737 0.1853822 3.108237
0.317054 -0.2278605 3.125222
0.3269896 -0.230819 3.040382
0.162316 1.152723 3.179151
-0.01023145 0.4664712 3.048845
-0.04709271 0.5246443 3.050378
0.5213675 0.6320419 2.765398
0.5284737 0.6330102 2.794235
112
0.1765431 0.5774587 3.136134
0.1691408 0.908748 3.165444
0.1597653 1.232765 3.180215
0.1401152 1.370753 3.165471
-0.01284305 1.107287 3.208752
-0.03473693 0.8593468 3.183026
-0.03096244 0.6115491 3.08637
-0.01134898 0.5495282 3.060201
0.3341527 1.121915 3.129128
0.4151541 0.8625338 3.123238
0.5026419 0.7196905 2.916259
0.5088751 0.6735663 2.809719
0.09582821 0.5794234 3.112197
0.09287938 0.1842108 3.13253
0.07067365 -0.2401006 3.156952
0.02844531 -0.2435395 3.058808
0.2512756 0.5873012 3.078925
0.2950737 0.1853822 3.108237
0.317054 -0.2278605 3.125222
0.3269896 -0.230819 3.040382
0.162316 1.152723 3.179151
-0.01023145 0.4664712 3.048845
-0.04709271 0.5246443 3.050378
0.5213675 0.6320419 2.765398
0.5284737 0.6330102 2.794235
113
0.1763566 0.5773287 3.135964
0.168773 0.9085816 3.165072
0.1592113 1.232573 3.179245
0.1391793 1.370501 3.164488
-0.01317383 1.10676 3.208097
-0.03481203 0.859122 3.183038
-0.03106282 0.6115896 3.086676
-0.01142088 0.5493918 3.060303
0.3337838 1.121642 3.129415
0.4134611 0.8611978 3.127327
0.4744798 0.6866982 2.946906
0.478422 0.6238885 2.859013
0.09564226 0.5791364 3.112276
0.09292392 0.1836599 3.132493
0.07065165 -0.2400694 3.156955
0.02845427 -0.2435175 3.058806
0.251172 0.587216 3.078721
0.2949856 0.1850608 3.108122
0.3170361 -0.2278774 3.125214
0.326996 -0.230862 3.040259
0.1618032 1.152526 3.178376
-0.00956878 0.4664885 3.049028
-0.04871178 0.5208499 3.05587
0.4823576 0.5613687 2.809981
0.5039243 0.5769709 2.829788
114
0.1763566 0.5773287 3.135964
0.168773 0.9085816 3.165072
0.1592113 1.232573 3.179245
0.1391793 1.370501 3.164488
-0.01317383 1.10676 3.208097
-0.03481203 0.859122 3.183038
-0.03106282 0.6115896 3.086676
-0.01142088 0.5493918 3.060303
0.3337838 1.121642 3.129415
0.4134611 0.8611978 3.127327
0.4744798 0.6866982 2.946906
0.478422 0.6238885 2.859013
0.09564226 0.5791364 3.112276
0.09292392 0.1836599 3.132493
0.07065165 -0.2400694 3.156955
0.02845427 -0.2435175 3.058806
0.251172 0.587216 3.078721
0.2949856 0.1850608 3.108122
0.3170361 -0.2278774 3.125214
0.326996 -0.230862 3.040259
0.1618032 1.152526 3.178376
-0.00956878 0.4664885 3.049028
-0.04871178 0.5208499 3.05587
0.4823576 0.5613687 2.809981
0.5039243 0.5769709 2.829788
115
0.1761963 0.5771918 3.135811
0.1684699 0.9084137 3.164714
0.1588037 1.232388 3.178328
0.1384819 1.370266 3.16334
-0.01345602 1.106237 3.207232
-0.03486514 0.8589116 3.183012
-0.03113685 0.6116192 3.08691
-0.01146496 0.5492957 3.060372
0.3334706 1.121313 3.129635
0.4110875 0.8601369 3.129968
0.4465227 0.6385292 2.969669
0.449924 0.5650045 2.903821
0.09547587 0.5788534 3.112346
0.09296501 0.1832528 3.13245
0.07063399 -0.2400383 3.156961
0.02846089 -0.2434972 3.058809
0.2510936 0.587117 3.078546
0.2949016 0.1845825 3.108034
0.3170171 -0.2279094 3.125187
0.3270005 -0.2309103 3.04015
0.1614116 1.152334 3.177635
-0.009318627 0.4665606 3.049174
-0.05003544 0.5304472 3.056372
0.4455657 0.4982043 2.856765
0.4843083 0.521795 2.889724
116
0.1761963 0.5771918 3.135811
0.1684699 0.9084137 3.164714
0.1588037 1.232388 3.178328
0.1384819 1.370266 3.16334
-0.01345602 1.106237 3.207232
-0.03486514 0.8589116 3.183012
-0.03113685 0.6116192 3.08691
-0.01146496 0.5492957 3.060372
0.3334706 1.121313 3.129635
0.4110875 0.8601369 3.129968
0.4465227 0.6385292 2.969669
0.449924 0.5650045 2.903821
0.09547587 0.5788534 3.112346
0.09296501 0.1832528 3.13245
0.07063399 -0.2400383 3.156961
0.02846089 -0.2434972 3.058809
0.2510936 0.587117 3.078546
0.2949016 0.1845825 3.108034
0.3170171 -0.2279094 3.125187
0.3270005 -0.2309103 3.04015
0.1614116 1.152334 3.177635
-0.009318627 0.4665606 3.049174
-0.05003544 0.5304472 3.056372
0.4455657 0.4982043 2.856765
0.4843083 0.521795 2.889724
117
0.1760737 0.5770454 3.135678
0.1682328 0.9082441 3.164366
0.1585165 1.232211 3.177428
0.1380278 1.370036 3.162331
-0.01365232 1.10573 3.206253
-0.03489463 0.8586407 3.182797
-0.03118705 0.6115932 3.087073
-0.01161526 0.5491255 3.060521
0.333287 1.120866 3.129811
0.4083963 0.8598264 3.131859
0.4240133 0.6133305 3.007018
0.4234235 0.531888 2.957208
0.0953443 0.5785569 3.112422
0.09300029 0.1829049 3.132414
0.07062116 -0.2399935 3.156968
0.02847372 -0.243462 3.058815
0.2510501 0.5870016 3.078392
0.2948435 0.1841799 3.107965
0.3169917 -0.2279124 3.125154
0.3269041 -0.2309183 3.040316
0.1611249 1.152148 3.176904
-0.00868115 0.4664629 3.049486
-0.05152547 0.5345653 3.058894
0.4221399 0.4550021 2.929955
0.4476269 0.4811709 2.933724
118
0.1760737 0.5770454 3.135678
0.1682328 0.9082441 3.164366
0.1585165 1.232211 3.177428
0.1380278 1.370036 3.162331
-0.01365232 1.10573 3.206253
-0.03489463 0.8586407 3.182797
-0.03118705 0.6115932 3.087073
-0.01161526 0.5491255 3.060521
0.333287 1.120866 3.129811
0.4083963 0.8598264 3.131859
0.4240133 0.6133305 3.007018
0.4234235 0.531888 2.957208
0.0953443 0.5785569 3.112422
0.09300029 0.1829049 3.132414
0.07062116 -0.2399935 3.156968
0.02847372 -0.243462 3.058815
0.2510501 0.5870016 3.078392
0.2948435 0.1841799 3.107965
0.3169917 -0.2279124 3.125154
0.3269041 -0.2309183 3.040316
0.1611249 1.152148 3.176904
-0.00868115 0.4664629 3.049486
-0.05152547 0.5345653 3.058894
0.4221399 0.4550021 2.929955
0.4476269 0.4811709 2.933724
119
0.1759751 0.5768588 3.135543
0.1680925 0.9080175 3.163913
0.1586036 1.231969 3.176053
0.1378221 1.369815 3.161188
-0.01364337 1.105257 3.204783
-0.02928584 0.839973 3.176595
-0.0312181 0.6115445 3.08719
-0.01168376 0.549032 3.06055
0.3332083 1.120209 3.129919
0.4055392 0.8584018 3.13263
0.4058837 0.5926477 3.033804
0.3939211 0.5068184 3.011112
0.09523423 0.5782384 3.112471
0.09303001 0.1826226 3.132383
0.07061151 -0.239942 3.156974
0.02844195 -0.2434204 3.058759
0.2510434 0.5868216 3.078254
0.2947952 0.1838129 3.10791
0.3169654 -0.2279144 3.125117
0.326882 -0.2309241 3.040321
0.1611133 1.151893 3.175822
-0.008558091 0.4664516 3.049626
-0.0528326 0.5342057 3.060406
0.392316 0.4199964 2.995784
0.421344 0.5383867 2.969524
120
0.1759751 0.5768588 3.135543
0.1680925 0.9080175 3.163913
0.1586036 1.231969 3.176053
0.1378221 1.369815 3.161188
-0.01364337 1.105257 3.204783
-0.02928584 0.839973 3.176595
-0.0312181 0.6115445 3.08719
-0.01168376 0.549032 3.06055
0.3332083 1.120209 3.129919
0.4055392 0.8584018 3.13263
0.4058837 0.5926477 3.033804
0.3939211 0.5068184 3.011112
0.09523423 0.5782384 3.112471
0.09303001 0.1826226 3.132383
0.07061151 -0.239942 3.156974
0.02844195 -0.2434204 3.058759
0.2510434 0.5868216 3.078254
0.2947952 0.1838129 3.10791
0.3169654 -0.2279144 3.125117
0.326882 -0.2309241 3.040321
0.1611133 1.151893 3.175822
-0.008558091 0.4664516 3.049626
-0.0528326 0.5342057 3.060406
0.392316 0.4199964 2.995784
0.421344 0.5383867 2.969524
121
0.175933 0.5766255 3.135406
0.1681081 0.9077459 3.163324
0.1591197 1.231762 3.174236
0.1378475 1.369587 3.160017
-0.01351283 1.104925 3.203127
-0.02854443 0.8372184 3.175042
-0.03123391 0.611491 3.087272
-0.01171454 0.5489752 3.06061
0.3332618 1.119437 3.12999
0.4027507 0.856566 3.132899
0.3957255 0.5800816 3.052526
0.3727779 0.4996088 3.057265
0.09517816 0.5779017 3.112498
0.09305482 0.1823934 3.132357
0.07060336 -0.2399281 3.156978
0.02843108 -0.2434122 3.058758
0.2511178 0.5865545 3.07813
0.2947587 0.1833733 3.1079
0.3169404 -0.2279456 3.125076
0.3268765 -0.2309499 3.040298
0.1614516 1.15164 3.174376
-0.007752152 0.4661996 3.050432
-0.05298062 0.536727 3.060784
0.3734853 0.4077118 3.057466
0.400074 0.5041879 3.022637
122
0.175933 0.5766255 3.135406
0.1681081 0.9077459 3.163324
0.1591197 1.231762 3.174236
0.1378475 1.369587 3.160017
-0.01351283 1.104925 3.203127
-0.02854443 0.8372184 3.175042
-0.03123391 0.611491 3.087272
-0.01171454 0.5489752 3.06061
0.3332618 1.119437 3.12999
0.4027507 0.856566 3.132899
0.3957255 0.5800816 3.052526
0.3727779 0.4996088 3.057265
0.09517816 0.5779017 3.112498
0.09305482 0.1823934 3.132357
0.07060336 -0.2399281 3.156978
0.02843108 -0.2434122 3.058758
0.2511178 0.5865545 3.07813
0.2947587 0.1833733 3.1079
0.3169404 -0.2279456 3.125076
0.3268765 -0.2309499 3.040298
0.1614516 1.15164 3.174376
-0.007752152 0.4661996 3.050432
-0.05298062 0.536727 3.060784
0.3734853 0.4077118 3.057466
0.400074 0.5041879 3.022637
123
0.175927 0.5763887 3.135287
0.1681935 0.9074717 3.162734
0.1596951 1.231551 3.17255
0.1380067 1.369393 3.158941
-0.01333889 1.104703 3.201503
-0.02814076 0.8355637 3.173718
-0.03123298 0.6114148 3.08731
-0.01178338 0.5489572 3.060616
0.3334694 1.11862 3.130029
0.4005339 0.8551025 3.132936
0.3895175 0.5839057 3.073976
0.3701484 0.5333605 3.084906
0.09515992 0.5775782 3.112511
0.09307597 0.1822061 3.132337
0.07058437 -0.2399219 3.15697
0.02842251 -0.2434065 3.058758
0.2512405 0.5862648 3.078057
0.2947459 0.1827504 3.107927
0.3169186 -0.2280554 3.125032
0.3269371 -0.2310473 3.04019
0.1618685 1.15139 3.172997
-0.007387582 0.4661379 3.050824
-0.05356449 0.532818 3.059466
0.3764345 0.4398705 3.088615
0.3987698 0.5627509 3.055901
124
0.175927 0.5763887 3.135287
0.1681935 0.9074717 3.162734
0.1596951 1.231551 3.17255
0.1380067 1.369393 3.158941
-0.01333889 1.104703 3.201503
-0.02814076 0.8355637 3.173718
-0.03123298 0.6114148 3.08731
-0.01178338 0.5489572 3.060616
0.3334694 1.11862 3.130029
0.4005339 0.8551025 3.132936
0.3895175 0.5839057 3.073976
0.3701484 0.5333605 3.084906
0.09515992 0.5775782 3.112511
0.09307597 0.1822061 3.132337
0.07058437 -0.2399219 3.15697
0.02842251 -0.2434065 3.058758
0.2512405 0.5862648 3.078057
0.2947459 0.1827504 3.107927
0.3169186 -0.2280554 3.125032
0.3269371 -0.2310473 3.04019
0.1618685 1.15139 3.172997
-0.007387582 0.4661379 3.050824
-0.05356449 0.532818 3.059466
0.3764345 0.4398705 3.088615
0.3987698 0.5627509 3.055901
125
0.1759653 0.5761297 3.135178
0.1683676 0.907191 3.162115
0.1603581 1.231372 3.170934
0.1385912 1.369179 3.157465
-0.01292156 1.10452 3.199411
-0.02734778 0.8329327 3.172062
-0.03121645 0.6112903 3.087279
-0.01184307 0.5489603 3.060592
0.3337818 1.117772 3.130042
0.3987797 0.8540604 3.132982
0.3870329 0.5892246 3.086468
0.3619514 0.5357454 3.10083
0.09517781 0.5772614 3.112494
0.0930937 0.181919 3.132344
0.07055305 -0.2399999 3.156944
0.02831342 -0.24347 3.058724
0.251473 0.5858786 3.078063
0.2947533 0.1821787 3.107958
0.3168953 -0.2281891 3.124989
0.3270208 -0.2311677 3.040053
0.1623886 1.151163 3.17164
-0.00774552 0.4668511 3.050733
-0.05394354 0.5298756 3.059245
0.3676115 0.4480999 3.094008
0.3848447 0.5923474 3.089461
126
0.1759653 0.5761297 3.135178
0.1683676 0.907191 3.162115
0.1603581 1.231372 3.170934
0.1385912 1.369179 3.157465
-0.01292156 1.10452 3.199411
-0.02734778 0.8329327 3.172062
-0.03121645 0.6112903 3.087279
-0.01184307 0.5489603 3.060592
0.3337818 1.117772 3.130042
0.3987797 0.8540604 3.132982
0.3870329 0.5892246 3.086468
0.3619514 0.5357454 3.10083
0.09517781 0.5772614 3.112494
0.0930937 0.181919 3.132344
0.07055305 -0.2399999 3.156944
0.02831342 -0.24347 3.058724
0.251473 0.5858786 3.078063
0.2947533 0.1821787 3.107958
0.3168953 -0.2281891 3.124989
0.3270208 -0.2311677 3.040053
0.1623886 1.151163 3.17164
-0.00774552 0.4668511 3.050733
-0.05394354 0.5298756 3.059245
0.3676115 0.4480999 3.094008
0.3848447 0.5923474 3.089461
127
0.176022 0.575882 3.135082
0.1685673 0.9069386 3.16155
0.1609534 1.23123 3.169615
0.1393873 1.368985 3.156101
-0.01240604 1.104529 3.197242
-0.02722899 0.8340288 3.170618
-0.0311887 0.6111534 3.087211
-0.01187361 0.5489324 3.060605
0.334106 1.116997 3.130051
0.3973398 0.8533157 3.133138
0.3867765 0.5948884 3.093185
0.3614052 0.5439566 3.106098
0.09521305 0.5769745 3.112458
0.0931036 0.1816687 3.132356
0.07052562 -0.2400904 3.156919
0.02821332 -0.2435451 3.058708
0.251744 0.5854843 3.078124
0.2947549 0.1817189 3.107995
0.3168764 -0.2283694 3.124948
0.3271259 -0.2313338 3.039864
0.1628783 1.15098 3.170499
-0.007296318 0.4669049 3.051218
-0.05456365 0.5295179 3.060061
0.3652905 0.4552718 3.103844
0.382076 0.6075879 3.099294
128
0.176022 0.575882 3.135082
0.1685673 0.9069386 3.16155
0.1609534 1.23123 3.169615
0.1393873 1.368985 3.156101
-0.01240604 1.104529 3.197242
-0.02722899 0.8340288 3.170618
-0.0311887 0.6111534 3.087211
-0.01187361 0.5489324 3.060605
0.334106 1.116997 3.130051
0.3973398 0.8533157 3.133138
0.3867765 0.5948884 3.093185
0.3614052 0.5439566 3.106098
0.09521305 0.5769745 3.112458
0.0931036 0.1816687 3.132356
0.07052562 -0.2400904 3.156919
0.02821332 -0.2435451 3.058708
0.251744 0.5854843 3.078124
0.2947549 0.1817189 3.107995
0.3168764 -0.2283694 3.124948
0.3271259 -0.2313338 3.039864
0.1628783 1.15098 3.170499
-0.007296318 0.4669049 3.051218
-0.05456365 0.5295179 3.060061
0.3652905 0.4552718 3.103844
0.382076 0.6075879 3.099294
129
0.1761093 0.5756314 3.135005
0.1687958 0.9067029 3.161029
0.161501 1.231107 3.168511
0.1402822 1.368826 3.154942
-0.01180953 1.104678 3.195055
-0.02779318 0.8386409 3.168932
-0.03112375 0.6109773 3.087072
-0.01185227 0.5489672 3.060524
0.3344434 1.11632 3.130104
0.3962129 0.8528759 3.133439
0.3879995 0.600457 3.09633
0.3647845 0.5530326 3.103122
0.09526958 0.5767049 3.112419
0.09310631 0.1814552 3.132366
0.07050558 -0.240158 3.156901
0.02814699 -0.2436025 3.058689
0.2520572 0.585078 3.078233
0.2947582 0.1813219 3.108042
0.316863 -0.2285606 3.124908
0.32724 -0.2315087 3.039663
0.1633481 1.150819 3.16952
-0.007206534 0.4675222 3.051513
-0.05406418 0.5353056 3.059581
0.3656831 0.4645508 3.100929
0.3803697 0.5008166 3.075419
130
0.1761093 0.5756314 3.135005
0.1687958 0.9067029 3.161029
0.161501 1.231107 3.168511
0.1402822 1.368826 3.154942
-0.01180953 1.104678 3.195055
-0.02779318 0.8386409 3.168932
-0.03112375 0.6109773 3.087072
-0.01185227 0.5489672 3.060524
0.3344434 1.11632 3.130104
0.3962129 0.8528759 3.133439
0.3879995 0.600457 3.09633
0.3647845 0.5530326 3.103122
0.09526958 0.5767049 3.112419
0.09310631 0.1814552 3.132366
0.07050558 -0.240158 3.156901
0.02814699 -0.2436025 3.058689
0.2520572 0.585078 3.078233
0.2947582 0.1813219 3.108042
0.316863 -0.2285606 3.124908
0.32724 -0.2315087 3.039663
0.1633481 1.150819 3.16952
-0.007206534 0.4675222 3.051513
-0.05406418 0.5353056 3.059581
0.3656831 0.4645508 3.100929
0.3803697 0.5008166 3.075419
131
0.176276 0.575334 3.134969
0.1690564 0.9064776 3.160568
0.16198 1.231004 3.167627
0.141128 1.368688 3.153971
-0.01120211 1.104749 3.192916
-0.02840514 0.8423652 3.167794
-0.03104371 0.6107683 3.086894
-0.01182465 0.5489669 3.060456
0.3348151 1.115683 3.130203
0.3953088 0.852604 3.133854
0.3898486 0.605193 3.097608
0.3697688 0.5555487 3.094691
0.09536607 0.576428 3.112371
0.09310546 0.1812672 3.132378
0.07048886 -0.2402218 3.156887
0.02808986 -0.2436571 3.058681
0.2525742 0.5845446 3.07855
0.2947779 0.1810164 3.10808
0.3168488 -0.2287409 3.124867
0.3273499 -0.2316737 3.039477
0.1637788 1.150681 3.168717
-0.006746146 0.4680039 3.051722
-0.05375681 0.5342272 3.058564
0.3691569 0.4698246 3.085819
0.3838784 0.5276835 3.078839
132
0.176276 0.575334 3.134969
0.1690564 0.9064776 3.160568
0.16198 1.231004 3.167627
0.141128 1.368688 3.153971
-0.01120211 1.104749 3.192916
-0.02840514 0.8423652 3.167794
-0.03104371 0.6107683 3.086894
-0.01182465 0.5489669 3.060456
0.3348151 1.115683 3.130203
0.3953088 0.852604 3.133854
0.3898486 0.605193 3.097608
0.3697688 0.5555487 3.094691
0.09536607 0.576428 3.112371
0.09310546 0.1812672 3.132378
0.07048886 -0.2402218 3.156887
0.02808986 -0.2436571 3.058681
0.2525742 0.5845446 3.07855
0.2947779 0.1810164 3.10808
0.3168488 -0.2287409 3.124867
0.3273499 -0.2316737 3.039477
0.1637788 1.150681 3.168717
-0.006746146 0.4680039 3.051722
-0.05375681 0.5342272 3.058564
0.3691569 0.4698246 3.085819
0.3838784 0.5276835 3.078839
133
0.1764574 0.5750469 3.134961
0.1693156 0.9062794 3.160172
0.1624103 1.230922 3.166915
0.1420744 1.368559 3.153102
-0.01061425 1.104885 3.190979
-0.02898735 0.8455752 3.166986
-0.03095519 0.6105784 3.086695
-0.01173813 0.5490179 3.060323
0.3352201 1.115098 3.130369
0.3945833 0.8523761 3.134375
0.3919419 0.6089417 3.097313
0.3745441 0.5553726 3.085985
0.09546649 0.5761777 3.112323
0.09309839 0.1811004 3.132396
0.07047316 -0.2402987 3.156864
0.02800199 -0.2437238 3.058603
0.2531103 0.5840148 3.078969
0.2947963 0.18076 3.108117
0.3168384 -0.2288462 3.124807
0.3273993 -0.2317582 3.039394
0.164174 1.150568 3.16806
-0.006408901 0.4684914 3.051764
-0.05324926 0.5388139 3.058521
0.3714797 0.4721539 3.075167
0.3918543 0.4951414 3.06164
134
0.1764574 0.5750469 3.134961
0.1693156 0.9062794 3.160172
0.1624103 1.230922 3.166915
0.1420744 1.368559 3.153102
-0.01061425 1.104885 3.190979
-0.02898735 0.8455752 3.166986
-0.03095519 0.6105784 3.086695
-0.01173813 0.5490179 3.060323
0.3352201 1.115098 3.130369
0.3945833 0.8523761 3.134375
0.3919419 0.6089417 3.097313
0.3745441 0.5553726 3.085985
0.09546649 0.5761777 3.112323
0.09309839 0.1811004 3.132396
0.07047316 -0.2402987 3.156864
0.02800199 -0.2437238 3.058603
0.2531103 0.5840148 3.078969
0.2947963 0.18076 3.108117
0.3168384 -0.2288462 3.124807
0.3273993 -0.2317582 3.039394
0.164174 1.150568 3.16806
-0.006408901 0.4684914 3.051764
-0.05324926 0.5388139 3.058521
0.3714797 0.4721539 3.075167
0.3918543 0.4951414 3.06164
